顧客ID,店舗ID,購買金額変化率,target_flg,顧客クラスタ,性別,年齢,入会後年数,配信回数,利用率,失効ポイント合計,失効ポイント回数,店舗従業員数,店舗従業員_中央値給与,店舗従業員_中央値勤続期間_年,店舗従業員_中央値満足度
C-000087750,S-0121,-98.84246637586332,1,1,女性,56,12,12,0.5833333333333334,0,0,14,4716268.25678644,9.856164383561644,7.0
C-000779590,S-0096,-54.89889452239364,1,1,男性,52,9,12,0.4166666666666667,1930,1,16,4644856.458098179,8.302739726027397,5.0
C-000914606,S-0074,-52.88117033857475,1,1,男性,52,8,12,0.25,0,0,14,4614054.39694187,8.308219178082192,6.0
C-001299578,S-0089,-21.65791416718806,0,1,女性,37,7,12,0.3333333333333333,0,0,19,4721110.949352573,10.142465753424657,7.0
C-001326083,S-0048,-100.0,1,1,男性,67,7,12,0.75,0,0,15,4502249.082895545,3.671232876712329,1.0
C-001428124,S-0036,-51.14019018556941,1,1,女性,42,6,12,0.4166666666666667,0,0,19,4397834.424680548,11.123287671232877,9.0
C-000136412,S-0079,-65.04827970395523,1,1,女性,52,12,12,0.1666666666666666,10282,2,13,4256656.371085242,8.479452054794521,6.0
C-001412911,S-0099,-82.46012069046171,1,1,女性,68,6,12,0.0833333333333333,35892,1,13,4464126.154078853,8.147945205479452,5.0
C-000338313,S-0030,-26.93605648963225,0,1,女性,42,11,12,0.25,33447,1,22,4426478.045479023,9.236986301369862,5.5
C-000110419,S-0014,-65.50855633016361,1,1,女性,83,12,12,0.1666666666666666,34779,1,21,4730192.353344672,7.336986301369863,4.0
C-000027675,S-0096,-28.758151727288684,0,1,女性,46,12,12,0.25,16834,2,16,4644856.458098179,8.302739726027397,5.0
C-002664098,S-0099,-36.45357253904199,0,1,男性,47,1,12,0.0,6943,1,13,4464126.154078853,8.147945205479452,5.0
C-001953009,S-0017,-39.73130067940227,0,1,男性,41,4,12,0.25,31918,1,20,4640207.03550726,5.608219178082192,2.5
C-002043396,S-0014,-100.0,1,1,女性,66,3,12,0.0833333333333333,0,0,21,4730192.353344672,7.336986301369863,4.0
C-000288011,S-0036,-46.362240900727805,0,1,男性,41,11,12,0.0833333333333333,1810,1,19,4397834.424680548,11.123287671232877,9.0
C-002562248,S-0062,-100.0,1,1,男性,51,1,12,0.25,1804,1,15,4713869.782113416,4.575342465753424,1.0
C-001265916,S-0063,-22.998895372083407,0,1,男性,52,7,12,0.3333333333333333,13367,1,18,4564012.176421695,5.749315068493151,3.0
C-000724932,S-0014,-100.0,1,1,男性,40,9,12,0.1666666666666666,0,0,21,4730192.353344672,7.336986301369863,4.0
C-002485816,S-0121,-30.68984247691472,0,1,女性,50,1,12,0.5,6673,1,14,4716268.25678644,9.856164383561644,7.0
C-000295110,S-0097,-36.46986746405567,0,1,女性,45,11,12,0.3333333333333333,10036,1,21,4592508.716501317,10.09041095890411,7.0
C-001644196,S-0106,-100.0,1,1,女性,50,5,12,0.1666666666666666,3166,1,20,4462729.145118021,6.171232876712329,3.5
C-001856773,S-0017,-100.0,1,1,女性,58,4,12,0.4166666666666667,7580,2,20,4640207.03550726,5.608219178082192,2.5
C-000830780,S-0036,-20.923438286449304,0,1,男性,54,9,12,0.4166666666666667,3762,2,19,4397834.424680548,11.123287671232877,9.0
C-001166925,S-0004,-100.0,1,1,男性,56,7,12,0.3333333333333333,2303,2,22,4423576.351309,11.806849315068494,9.0
C-002587198,S-0036,-48.813496691647714,0,1,女性,42,1,12,0.1666666666666666,32331,2,19,4397834.424680548,11.123287671232877,9.0
C-002265335,S-0115,-49.913552620799976,1,1,男性,50,2,12,0.6666666666666666,0,0,14,4553643.099564746,10.51095890410959,7.0
C-001520809,S-0080,-35.00963994064623,0,1,男性,50,6,12,0.3333333333333333,10645,1,17,4457429.264950683,11.673972602739726,9.0
C-000260119,S-0017,-35.335419535921616,0,1,女性,55,11,12,0.25,0,0,20,4640207.03550726,5.608219178082192,2.5
C-000098116,S-0004,-47.81438529113809,0,1,男性,35,12,12,0.3333333333333333,3145,1,22,4423576.351309,11.806849315068494,9.0
C-002230079,S-0020,-66.50162121418872,1,1,男性,33,3,12,0.1666666666666666,19416,2,16,4280702.057267675,6.986301369863014,3.5
C-001145581,S-0096,-100.0,1,1,男性,41,7,12,0.1666666666666666,0,0,16,4644856.458098179,8.302739726027397,5.0
C-002071316,S-0012,-47.41805756767834,0,1,女性,80,3,12,0.25,1871,2,16,4444678.825084195,7.994520547945205,5.0
C-002025457,S-0096,-37.35994144518152,0,1,女性,34,3,12,0.25,12911,2,16,4644856.458098179,8.302739726027397,5.0
C-002632035,S-0115,-100.0,1,1,女性,67,1,12,0.0,34642,1,14,4553643.099564746,10.51095890410959,7.0
C-002249774,S-0113,-58.44079755174799,1,1,女性,20,2,12,0.5,0,0,16,4336633.961311346,5.77945205479452,2.5
C-001876824,S-0074,-83.22185676548715,1,1,女性,43,4,12,0.4166666666666667,7441,1,14,4614054.39694187,8.308219178082192,6.0
C-001248185,S-0050,-36.68124137726904,0,1,女性,48,7,12,0.3333333333333333,12709,1,20,4615411.181286601,9.2013698630137,6.0
C-002007370,S-0012,-50.037718577034894,1,1,男性,65,4,12,0.0833333333333333,0,0,16,4444678.825084195,7.994520547945205,5.0
C-002022883,S-0036,-100.0,1,1,女性,48,4,12,0.3333333333333333,1970,1,19,4397834.424680548,11.123287671232877,9.0
C-000726721,S-0072,-47.65470431490948,0,1,男性,20,9,12,0.0833333333333333,3554,1,12,4406797.312641796,9.01917808219178,6.0
C-001404774,S-0018,-18.97286318159848,0,1,女性,58,6,12,0.1666666666666666,5615,1,16,4493108.581950108,7.550684931506849,5.0
C-002169845,S-0056,-100.0,1,1,男性,31,3,12,0.4166666666666667,0,0,15,4406070.585753419,7.528767123287671,4.0
C-001765547,S-0121,-54.82473370522937,1,1,女性,43,5,12,0.0833333333333333,0,0,14,4716268.25678644,9.856164383561644,7.0
C-000394395,S-0002,-42.94370692446459,0,1,女性,35,11,12,0.0833333333333333,0,0,15,4455566.655169959,5.663013698630137,2.0
C-000061627,S-0036,-26.75270873167623,0,1,女性,43,12,12,0.1666666666666666,0,0,19,4397834.424680548,11.123287671232877,9.0
C-001880146,S-0102,-65.16812116374149,1,1,女性,43,4,12,0.0833333333333333,34031,1,16,4383474.364435211,10.484931506849314,7.5
C-001592269,S-0099,-100.0,1,1,女性,58,5,12,0.5,0,0,13,4464126.154078853,8.147945205479452,5.0
C-000408571,S-0041,-100.0,1,1,男性,51,11,12,0.25,7397,1,17,4828489.286769263,10.389041095890411,7.0
C-000936780,S-0020,-100.0,1,1,女性,35,8,12,0.0833333333333333,21925,2,16,4280702.057267675,6.986301369863014,3.5
C-002453162,S-0059,-79.936733346988,1,1,男性,42,2,12,0.0833333333333333,1652,1,14,4713188.969095345,6.8123287671232875,3.0
C-000895565,S-0115,-59.81311923043201,1,1,男性,44,9,12,0.5,0,0,14,4553643.099564746,10.51095890410959,7.0
C-002564466,S-0121,-37.688721015403786,0,1,男性,61,1,12,0.4166666666666667,21274,1,14,4716268.25678644,9.856164383561644,7.0
C-000061182,S-0063,-100.0,1,1,女性,60,12,12,0.6666666666666666,0,0,18,4564012.176421695,5.749315068493151,3.0
C-002276148,S-0079,-25.968743590079296,0,1,男性,47,2,12,0.4166666666666667,13570,1,13,4256656.371085242,8.479452054794521,6.0
C-000047764,S-0039,-29.80807480832003,0,1,男性,32,12,12,0.3333333333333333,0,0,16,4591288.568998441,8.193150684931506,5.0
C-002014040,S-0113,-100.0,1,1,男性,43,4,12,0.1666666666666666,27905,2,16,4336633.961311346,5.77945205479452,2.5
C-002054949,S-0036,-46.5862527173762,0,1,男性,48,3,12,0.4166666666666667,30317,1,19,4397834.424680548,11.123287671232877,9.0
C-001061198,S-0050,-43.81387318648882,0,1,女性,52,8,12,0.0833333333333333,0,0,20,4615411.181286601,9.2013698630137,6.0
C-000586499,S-0113,-55.155240434569706,1,1,女性,49,10,12,0.1666666666666666,0,0,16,4336633.961311346,5.77945205479452,2.5
C-001072220,S-0089,-83.5473380863833,1,1,男性,51,8,12,0.4166666666666667,0,0,19,4721110.949352573,10.142465753424657,7.0
C-001024300,S-0080,-24.324277014478092,0,1,女性,45,8,12,0.1666666666666666,15837,2,17,4457429.264950683,11.673972602739726,9.0
C-001394763,S-0131,-100.0,1,1,男性,49,6,12,0.5833333333333334,2875,1,17,4569023.5643747775,5.13972602739726,2.0
C-001345619,S-0036,-75.73306491234378,1,1,女性,39,7,12,0.4166666666666667,7218,2,19,4397834.424680548,11.123287671232877,9.0
C-002312004,S-0072,-36.814708706147954,0,1,男性,50,2,12,0.5,0,0,12,4406797.312641796,9.01917808219178,6.0
C-000022637,S-0096,-23.747906463473587,0,1,男性,34,12,12,0.3333333333333333,1936,2,16,4644856.458098179,8.302739726027397,5.0
C-000565634,S-0079,-100.0,1,1,女性,45,10,12,0.1666666666666666,515,1,13,4256656.371085242,8.479452054794521,6.0
C-001836327,S-0039,-100.0,1,1,女性,69,4,12,0.0,0,0,16,4591288.568998441,8.193150684931506,5.0
C-002101874,S-0036,-22.024367983354715,0,1,女性,49,3,12,0.4166666666666667,0,0,19,4397834.424680548,11.123287671232877,9.0
C-000651339,S-0072,-46.437539157928484,0,1,男性,65,10,12,0.4166666666666667,5554,1,12,4406797.312641796,9.01917808219178,6.0
C-001827430,S-0036,-38.946722123192714,0,1,女性,49,4,12,0.4166666666666667,0,0,19,4397834.424680548,11.123287671232877,9.0
C-002376965,S-0008,-100.0,1,1,女性,22,2,12,0.4166666666666667,0,0,22,4498453.308937302,10.772602739726027,7.0
C-002631151,S-0048,-100.0,1,1,男性,42,1,12,0.5,0,0,15,4502249.082895545,3.671232876712329,1.0
C-000943667,S-0014,-95.54739252724282,1,1,女性,48,8,12,0.0833333333333333,0,0,21,4730192.353344672,7.336986301369863,4.0
C-001551123,S-0072,-17.791438305436234,0,1,男性,34,6,12,0.1666666666666666,19101,1,12,4406797.312641796,9.01917808219178,6.0
C-001235949,S-0117,-70.50725846821292,1,1,女性,21,7,12,0.1666666666666666,4384,2,20,4500859.737076383,9.593150684931507,7.0
C-002547081,S-0075,-55.37369996962377,1,1,女性,80,1,12,0.5833333333333334,37559,1,19,4506647.2743158825,4.526027397260274,1.0
C-001466765,S-0075,-36.8035931670058,0,1,男性,60,6,12,0.5,8725,1,19,4506647.2743158825,4.526027397260274,1.0
C-001988365,S-0074,-14.49928130434604,0,1,男性,58,4,12,0.25,0,0,14,4614054.39694187,8.308219178082192,6.0
C-000330212,S-0036,-89.2591150270165,1,1,女性,70,11,12,0.4166666666666667,4139,2,19,4397834.424680548,11.123287671232877,9.0
C-000333401,S-0099,-52.5946710363869,1,1,女性,48,11,12,0.4166666666666667,10414,1,13,4464126.154078853,8.147945205479452,5.0
C-001076395,S-0036,-100.0,1,1,男性,48,8,12,0.3333333333333333,1610,2,19,4397834.424680548,11.123287671232877,9.0
C-001116599,S-0131,-42.50462035036573,0,1,女性,32,8,12,1.0,0,0,17,4569023.5643747775,5.13972602739726,2.0
C-001252824,S-0072,-51.43188227285987,1,1,女性,56,7,12,0.1666666666666666,706,2,12,4406797.312641796,9.01917808219178,6.0
C-000053544,S-0097,-100.0,1,1,男性,44,12,12,0.3333333333333333,26128,1,21,4592508.716501317,10.09041095890411,7.0
C-001573742,S-0096,-41.08794427155396,0,1,女性,31,6,12,0.3333333333333333,19835,1,16,4644856.458098179,8.302739726027397,5.0
C-000895989,S-0115,-55.04326328800989,1,1,女性,33,9,12,0.1666666666666666,0,0,14,4553643.099564746,10.51095890410959,7.0
C-002094619,S-0079,-100.0,1,1,女性,52,3,12,0.5833333333333334,1605,1,13,4256656.371085242,8.479452054794521,6.0
C-000305283,S-0056,-100.0,1,1,男性,65,11,12,0.1666666666666666,0,0,15,4406070.585753419,7.528767123287671,4.0
C-000319469,S-0100,-28.346531273059682,0,1,男性,48,11,12,0.25,0,0,17,4535925.154217558,4.720547945205479,2.0
C-000247916,S-0056,-46.69393343755404,0,1,男性,34,11,12,0.4166666666666667,9944,2,15,4406070.585753419,7.528767123287671,4.0
C-001125346,S-0115,-100.0,1,1,女性,43,7,12,0.0,11719,1,14,4553643.099564746,10.51095890410959,7.0
C-001034305,S-0113,-57.103180817450735,1,1,男性,39,8,12,0.0833333333333333,13641,1,16,4336633.961311346,5.77945205479452,2.5
C-000982987,S-0012,-100.0,1,1,女性,68,8,12,0.0833333333333333,0,0,16,4444678.825084195,7.994520547945205,5.0
C-000905550,S-0056,-100.0,1,1,女性,55,8,12,0.0833333333333333,4151,1,15,4406070.585753419,7.528767123287671,4.0
C-000625780,S-0097,-77.95876077514804,1,1,男性,41,10,12,0.25,18625,1,21,4592508.716501317,10.09041095890411,7.0
C-001441353,S-0056,-100.0,1,1,男性,40,6,12,0.0833333333333333,0,0,15,4406070.585753419,7.528767123287671,4.0
C-001467625,S-0121,-31.748480724401386,0,1,女性,79,6,12,0.25,3026,1,14,4716268.25678644,9.856164383561644,7.0
C-001304764,S-0050,-26.326538646446835,0,1,女性,50,7,12,0.25,2096,2,20,4615411.181286601,9.2013698630137,6.0
C-001457143,S-0056,-55.16059204237037,1,1,女性,53,6,12,0.3333333333333333,0,0,15,4406070.585753419,7.528767123287671,4.0
C-002579003,S-0080,-100.0,1,1,男性,34,1,12,0.0,25351,1,17,4457429.264950683,11.673972602739726,9.0
C-002587426,S-0080,-100.0,1,1,女性,60,1,12,0.1666666666666666,0,0,17,4457429.264950683,11.673972602739726,9.0
C-000503334,S-0008,-20.402127657054468,0,1,女性,44,10,12,0.25,0,0,22,4498453.308937302,10.772602739726027,7.0
C-001638454,S-0019,-5.945534538930806,0,1,男性,41,5,12,0.5,0,0,19,4327199.920883598,4.090410958904109,1.0
C-001167407,S-0002,-46.112779243916705,0,1,女性,40,7,12,0.25,0,0,15,4455566.655169959,5.663013698630137,2.0
C-000735759,S-0111,-100.0,1,1,女性,42,9,12,0.0833333333333333,0,0,19,4489501.980758176,6.397260273972603,4.0
C-001379127,S-0004,-100.0,1,1,女性,42,6,12,0.1666666666666666,1813,1,22,4423576.351309,11.806849315068494,9.0
C-000118584,S-0054,-26.801382611007714,0,1,女性,57,12,12,0.0833333333333333,3057,1,23,4489160.181517739,6.358904109589041,4.0
C-001099524,S-0131,-12.190518375671902,0,1,女性,48,8,12,0.0833333333333333,8622,1,17,4569023.5643747775,5.13972602739726,2.0
C-000252611,S-0039,-77.16571996285178,1,1,女性,58,11,12,0.5,0,0,16,4591288.568998441,8.193150684931506,5.0
C-002260515,S-0012,-16.341237403405422,0,1,女性,45,2,12,0.5,0,0,16,4444678.825084195,7.994520547945205,5.0
C-000416951,S-0099,-23.281131706088274,0,1,男性,23,11,12,0.0833333333333333,13628,2,13,4464126.154078853,8.147945205479452,5.0
C-000104865,S-0121,-39.882136525191655,0,1,男性,46,12,12,0.4166666666666667,5084,2,14,4716268.25678644,9.856164383561644,7.0
C-002140907,S-0050,-28.80401147946333,0,1,男性,33,3,12,0.75,12476,1,20,4615411.181286601,9.2013698630137,6.0
C-000947926,S-0018,-41.424005303829766,0,1,女性,28,8,12,0.4166666666666667,26399,2,16,4493108.581950108,7.550684931506849,5.0
C-001404234,S-0131,-25.181059089166276,0,1,男性,45,6,12,0.4166666666666667,0,0,17,4569023.5643747775,5.13972602739726,2.0
C-001028508,S-0019,-17.798630762209037,0,1,女性,41,8,12,0.5833333333333334,0,0,19,4327199.920883598,4.090410958904109,1.0
C-000764087,S-0106,-88.56619087394573,1,1,女性,42,9,12,0.25,30912,1,20,4462729.145118021,6.171232876712329,3.5
C-000445589,S-0099,-25.522355038749602,0,1,女性,41,11,12,0.5,7823,1,13,4464126.154078853,8.147945205479452,5.0
C-000036955,S-0096,-17.144237632460328,0,1,女性,40,12,12,0.3333333333333333,0,0,16,4644856.458098179,8.302739726027397,5.0
C-001927460,S-0097,-100.0,1,1,男性,48,4,12,0.3333333333333333,48450,1,21,4592508.716501317,10.09041095890411,7.0
C-001069663,S-0012,-100.0,1,1,女性,40,8,12,0.0833333333333333,11277,1,16,4444678.825084195,7.994520547945205,5.0
C-002016460,S-0099,-27.12364792997794,0,1,男性,40,4,12,0.5833333333333334,0,0,13,4464126.154078853,8.147945205479452,5.0
C-001769653,S-0040,-23.430145654573398,0,1,男性,59,5,12,0.5833333333333334,1773,1,20,4550116.0180538,8.163013698630138,4.0
C-002275364,S-0131,-38.32906809812122,0,1,男性,24,2,12,0.0833333333333333,11292,1,17,4569023.5643747775,5.13972602739726,2.0
C-002387250,S-0113,-48.42707760927028,0,1,男性,23,2,12,0.0833333333333333,2387,1,16,4336633.961311346,5.77945205479452,2.5
C-000496726,S-0040,-32.5202054289992,0,1,女性,50,10,12,0.0833333333333333,0,0,20,4550116.0180538,8.163013698630138,4.0
C-001875530,S-0039,-100.0,1,1,女性,49,4,12,0.4166666666666667,0,0,16,4591288.568998441,8.193150684931506,5.0
C-002606916,S-0121,-29.339902929014595,0,1,男性,44,1,12,0.0,14397,1,14,4716268.25678644,9.856164383561644,7.0
C-000803478,S-0007,-16.90786061981911,0,1,男性,60,9,12,0.25,7413,1,21,4487075.727367008,3.7260273972602738,1.0
C-001326772,S-0048,-56.016583155066336,1,1,女性,55,7,12,0.1666666666666666,0,0,15,4502249.082895545,3.671232876712329,1.0
C-000990199,S-0059,-100.0,1,1,女性,48,8,12,0.3333333333333333,5589,1,14,4713188.969095345,6.8123287671232875,3.0
C-000134730,S-0012,-100.0,1,1,女性,53,12,12,0.5833333333333334,0,0,16,4444678.825084195,7.994520547945205,5.0
C-000518021,S-0036,-15.101091298840494,0,1,男性,39,10,12,0.0833333333333333,0,0,19,4397834.424680548,11.123287671232877,9.0
C-000357746,S-0012,-75.32866982221611,1,1,女性,34,11,12,0.4166666666666667,45578,1,16,4444678.825084195,7.994520547945205,5.0
C-000643434,S-0063,-53.326836928555906,1,1,男性,65,10,12,0.3333333333333333,0,0,18,4564012.176421695,5.749315068493151,3.0
C-001331888,S-0059,-41.2403667807414,0,1,男性,56,7,12,0.3333333333333333,0,0,14,4713188.969095345,6.8123287671232875,3.0
C-000534105,S-0096,-71.85745891899344,1,1,女性,46,10,12,0.1666666666666666,25772,1,16,4644856.458098179,8.302739726027397,5.0
C-002030978,S-0036,-100.0,1,1,女性,43,3,12,0.0833333333333333,5343,1,19,4397834.424680548,11.123287671232877,9.0
C-000465286,S-0036,-100.0,1,1,男性,52,10,12,0.1666666666666666,0,0,19,4397834.424680548,11.123287671232877,9.0
C-001229983,S-0099,-21.102319511592242,0,1,女性,48,7,12,0.75,17717,1,13,4464126.154078853,8.147945205479452,5.0
C-000181836,S-0079,-40.664381816037825,0,1,女性,38,12,12,0.1666666666666666,0,0,13,4256656.371085242,8.479452054794521,6.0
C-001560469,S-0075,-8.182422480084089,0,1,女性,47,6,12,0.25,7906,1,19,4506647.2743158825,4.526027397260274,1.0
C-000770899,S-0115,-100.0,1,1,女性,51,9,12,0.3333333333333333,0,0,14,4553643.099564746,10.51095890410959,7.0
C-002427029,S-0121,-42.407368523064996,0,1,女性,27,2,12,0.1666666666666666,0,0,14,4716268.25678644,9.856164383561644,7.0
C-000854014,S-0041,-79.18196681765794,1,1,女性,46,9,12,0.25,1403,1,17,4828489.286769263,10.389041095890411,7.0
C-002429486,S-0115,-38.39590880579629,0,1,男性,54,2,12,0.6666666666666666,103243,2,14,4553643.099564746,10.51095890410959,7.0
C-000711406,S-0012,-91.18009196827178,1,1,女性,57,9,12,0.0,2400,1,16,4444678.825084195,7.994520547945205,5.0
C-000059220,S-0050,-86.74327300584123,1,1,女性,57,12,12,0.4166666666666667,995,1,20,4615411.181286601,9.2013698630137,6.0
C-001099753,S-0008,-100.0,1,1,男性,54,8,12,0.4166666666666667,0,0,22,4498453.308937302,10.772602739726027,7.0
C-000099184,S-0074,-40.232904075821324,0,1,女性,32,12,12,0.4166666666666667,0,0,14,4614054.39694187,8.308219178082192,6.0
C-001738910,S-0121,-100.0,1,1,男性,52,5,12,0.0833333333333333,768,1,14,4716268.25678644,9.856164383561644,7.0
C-001856474,S-0018,-100.0,1,1,女性,77,4,12,0.0,0,0,16,4493108.581950108,7.550684931506849,5.0
C-001832815,S-0113,-87.74489565400285,1,1,男性,29,4,12,0.3333333333333333,0,0,16,4336633.961311346,5.77945205479452,2.5
C-000453086,S-0005,-17.53865067038401,0,1,女性,58,10,12,0.6666666666666666,0,0,21,4733942.970761149,4.69041095890411,2.0
C-000776936,S-0082,-25.213859846193724,0,1,男性,48,9,12,0.4166666666666667,5289,1,17,4607261.71451126,4.758904109589041,2.0
C-002621270,S-0019,-28.674297081856515,0,1,女性,33,1,12,1.0,0,0,19,4327199.920883598,4.090410958904109,1.0
C-000802314,S-0014,-100.0,1,1,男性,42,9,12,0.3333333333333333,0,0,21,4730192.353344672,7.336986301369863,4.0
C-000774841,S-0063,-69.52467743190229,1,1,男性,34,9,12,0.6666666666666666,7092,1,18,4564012.176421695,5.749315068493151,3.0
C-000085322,S-0036,-50.38541573888894,1,1,男性,56,12,12,0.25,13484,1,19,4397834.424680548,11.123287671232877,9.0
C-002261461,S-0050,-98.45982187331886,1,1,女性,81,2,12,0.25,15696,1,20,4615411.181286601,9.2013698630137,6.0
C-000460569,S-0080,-69.04812457600347,1,1,男性,46,10,12,0.0833333333333333,5050,2,17,4457429.264950683,11.673972602739726,9.0
C-002516415,S-0079,-100.0,1,1,女性,53,1,12,0.1666666666666666,32718,1,13,4256656.371085242,8.479452054794521,6.0
C-001777066,S-0111,-26.069473783463593,0,1,男性,47,5,12,0.4166666666666667,66972,2,19,4489501.980758176,6.397260273972603,4.0
C-000074271,S-0080,-34.61173512683437,0,1,男性,42,12,12,0.1666666666666666,0,0,17,4457429.264950683,11.673972602739726,9.0
C-001840489,S-0018,-58.99524846565036,1,1,女性,49,4,12,0.0833333333333333,4402,2,16,4493108.581950108,7.550684931506849,5.0
C-001688302,S-0102,-44.26116922775046,0,1,女性,47,5,12,0.1666666666666666,2473,1,16,4383474.364435211,10.484931506849314,7.5
C-001459224,S-0008,-100.0,1,1,女性,49,6,12,0.4166666666666667,0,0,22,4498453.308937302,10.772602739726027,7.0
C-001747418,S-0054,-48.40519674080406,0,1,女性,43,5,12,0.5833333333333334,0,0,23,4489160.181517739,6.358904109589041,4.0
C-000400659,S-0113,-10.254188567674113,0,1,女性,18,11,12,0.5833333333333334,18262,1,16,4336633.961311346,5.77945205479452,2.5
C-000023400,S-0111,-58.760616546083675,1,1,女性,50,12,12,0.1666666666666666,46097,2,19,4489501.980758176,6.397260273972603,4.0
C-001430509,S-0082,-100.0,1,1,女性,59,6,12,0.1666666666666666,0,0,17,4607261.71451126,4.758904109589041,2.0
C-000043808,S-0079,-100.0,1,1,女性,51,12,12,0.4166666666666667,3731,1,13,4256656.371085242,8.479452054794521,6.0
C-000917377,S-0072,-89.62014912229202,1,1,女性,56,8,12,0.0833333333333333,4041,1,12,4406797.312641796,9.01917808219178,6.0
C-000575988,S-0056,-64.00252438773812,1,1,女性,52,10,12,0.1666666666666666,53543,1,15,4406070.585753419,7.528767123287671,4.0
C-000125503,S-0020,-31.846316137313963,0,1,男性,54,12,12,0.3333333333333333,1975,1,16,4280702.057267675,6.986301369863014,3.5
C-002214895,S-0017,-100.0,1,1,男性,51,3,12,0.25,20951,1,20,4640207.03550726,5.608219178082192,2.5
C-002320278,S-0039,-57.089235550774006,1,1,男性,50,2,12,0.5833333333333334,0,0,16,4591288.568998441,8.193150684931506,5.0
C-000350031,S-0089,-6.257725897006222,0,1,男性,46,11,12,0.4166666666666667,14072,2,19,4721110.949352573,10.142465753424657,7.0
C-001318097,S-0085,-10.933793567810417,0,1,女性,37,7,12,0.5833333333333334,0,0,15,4606655.398026554,4.928767123287671,2.0
C-002104414,S-0080,-65.34094627314965,1,1,女性,43,3,12,0.25,0,0,17,4457429.264950683,11.673972602739726,9.0
C-001362461,S-0079,-13.331395904845644,0,1,女性,54,6,12,0.0,65108,1,13,4256656.371085242,8.479452054794521,6.0
C-002656866,S-0018,-100.0,1,1,男性,44,1,12,0.0833333333333333,40410,1,16,4493108.581950108,7.550684931506849,5.0
C-002363108,S-0075,-92.74026477593752,1,1,女性,50,2,12,0.1666666666666666,7547,1,19,4506647.2743158825,4.526027397260274,1.0
C-001922168,S-0097,-81.66017591920956,1,1,女性,43,4,12,0.0833333333333333,22781,1,21,4592508.716501317,10.09041095890411,7.0
C-002499598,S-0012,-33.93746487902155,0,1,女性,47,1,12,0.5833333333333334,0,0,16,4444678.825084195,7.994520547945205,5.0
C-002344241,S-0079,-77.66842883665313,1,1,女性,56,2,12,0.1666666666666666,8213,1,13,4256656.371085242,8.479452054794521,6.0
C-001290021,S-0074,-100.0,1,1,女性,41,7,12,0.0,0,0,14,4614054.39694187,8.308219178082192,6.0
C-002635741,S-0050,-43.19118252987227,0,1,女性,47,1,12,0.0,10470,1,20,4615411.181286601,9.2013698630137,6.0
C-001185085,S-0012,-78.20750880997561,1,1,男性,37,7,12,0.25,20206,2,16,4444678.825084195,7.994520547945205,5.0
C-001974595,S-0097,-53.16252455989742,1,1,男性,56,4,12,0.0833333333333333,75533,1,21,4592508.716501317,10.09041095890411,7.0
C-001854218,S-0005,-14.232978420464097,0,1,男性,50,4,12,0.0833333333333333,24943,1,21,4733942.970761149,4.69041095890411,2.0
C-000417268,S-0005,-9.614273907336282,0,1,女性,32,11,12,0.9166666666666666,0,0,21,4733942.970761149,4.69041095890411,2.0
C-001664617,S-0096,-100.0,1,1,女性,75,5,12,0.0833333333333333,12798,2,16,4644856.458098179,8.302739726027397,5.0
C-002674878,S-0063,-41.24960383936252,0,1,女性,19,1,12,0.3333333333333333,16843,1,18,4564012.176421695,5.749315068493151,3.0
C-001924268,S-0079,-40.43414179589321,0,1,女性,47,4,12,0.1666666666666666,0,0,13,4256656.371085242,8.479452054794521,6.0
C-000712895,S-0072,-86.75865470735602,1,1,女性,43,9,12,0.3333333333333333,11443,1,12,4406797.312641796,9.01917808219178,6.0
C-000768949,S-0074,-100.0,1,1,女性,60,9,12,0.6666666666666666,0,0,14,4614054.39694187,8.308219178082192,6.0
C-002491960,S-0007,-27.335670315364947,0,1,女性,40,1,12,0.1666666666666666,19902,2,21,4487075.727367008,3.7260273972602738,1.0
C-000884485,S-0040,-20.262702095357323,0,1,男性,45,9,12,0.4166666666666667,0,0,20,4550116.0180538,8.163013698630138,4.0
C-001219315,S-0004,-19.516682257561584,0,1,女性,76,7,12,0.5833333333333334,0,0,22,4423576.351309,11.806849315068494,9.0
C-002621926,S-0041,-13.652876915598537,0,1,男性,53,1,12,0.0833333333333333,0,0,17,4828489.286769263,10.389041095890411,7.0
C-002043594,S-0126,-27.19291328459145,0,1,男性,43,3,12,0.1666666666666666,0,0,17,4493168.352495564,5.53972602739726,3.0
C-002578007,S-0017,-33.92554180405431,0,1,女性,45,1,12,0.5,8766,2,20,4640207.03550726,5.608219178082192,2.5
C-001222382,S-0111,-32.63644321397309,0,1,女性,37,7,12,0.5833333333333334,16100,1,19,4489501.980758176,6.397260273972603,4.0
C-001768866,S-0056,-46.25635145020661,0,1,男性,20,5,12,0.0833333333333333,22490,1,15,4406070.585753419,7.528767123287671,4.0
C-000313292,S-0040,-36.14966425538109,0,1,男性,21,11,12,0.0833333333333333,1984,1,20,4550116.0180538,8.163013698630138,4.0
C-001300483,S-0102,-95.51074771541678,1,1,男性,58,7,12,0.1666666666666666,135800,1,16,4383474.364435211,10.484931506849314,7.5
C-001778328,S-0012,-59.097219979981276,1,1,女性,75,5,12,0.25,14941,1,16,4444678.825084195,7.994520547945205,5.0
C-001324586,S-0074,-38.53390136310361,0,1,男性,36,7,12,0.25,1889,2,14,4614054.39694187,8.308219178082192,6.0
C-000687321,S-0079,-39.37762335647735,0,1,男性,53,9,12,0.1666666666666666,11662,1,13,4256656.371085242,8.479452054794521,6.0
C-002491445,S-0039,-43.08563548401682,0,1,男性,42,1,12,0.0833333333333333,54496,1,16,4591288.568998441,8.193150684931506,5.0
C-000837755,S-0072,-98.20821007559807,1,1,男性,70,9,12,0.0833333333333333,0,0,12,4406797.312641796,9.01917808219178,6.0
C-001012551,S-0097,-49.73702969852434,1,1,女性,58,8,12,0.3333333333333333,0,0,21,4592508.716501317,10.09041095890411,7.0
C-001957654,S-0018,-100.0,1,1,女性,79,4,12,0.0833333333333333,0,0,16,4493108.581950108,7.550684931506849,5.0
C-001992848,S-0040,-37.122148288973385,0,1,男性,20,4,12,0.5833333333333334,0,0,20,4550116.0180538,8.163013698630138,4.0
C-002166805,S-0117,-43.60467288767202,0,1,女性,65,3,12,0.1666666666666666,45600,1,20,4500859.737076383,9.593150684931507,7.0
C-001272370,S-0040,-30.665224709111854,0,1,女性,56,7,12,0.1666666666666666,16646,2,20,4550116.0180538,8.163013698630138,4.0
C-001282585,S-0041,-91.35886876226633,1,1,女性,49,7,12,0.25,12203,2,17,4828489.286769263,10.389041095890411,7.0
C-001184941,S-0014,-33.715271623413486,0,1,女性,33,7,12,0.4166666666666667,2707,2,21,4730192.353344672,7.336986301369863,4.0
C-001998008,S-0089,-45.62068140272622,0,1,女性,62,4,12,0.4166666666666667,0,0,19,4721110.949352573,10.142465753424657,7.0
C-002129576,S-0080,-100.0,1,1,女性,17,3,12,0.25,14796,1,17,4457429.264950683,11.673972602739726,9.0
C-000504508,S-0040,-42.38416712348357,0,1,男性,51,10,12,0.3333333333333333,24076,1,20,4550116.0180538,8.163013698630138,4.0
C-000491690,S-0113,-67.98710835509138,1,1,男性,32,10,12,0.25,13523,1,16,4336633.961311346,5.77945205479452,2.5
C-002441738,S-0113,-100.0,1,1,男性,48,2,12,0.3333333333333333,0,0,16,4336633.961311346,5.77945205479452,2.5
C-002554967,S-0079,-84.55143318029532,1,1,男性,15,1,12,0.0833333333333333,734,1,13,4256656.371085242,8.479452054794521,6.0
C-001023591,S-0100,-100.0,1,1,女性,49,8,12,0.6666666666666666,58231,2,17,4535925.154217558,4.720547945205479,2.0
C-001175746,S-0040,-40.55165189204147,0,1,男性,32,7,12,0.4166666666666667,19589,1,20,4550116.0180538,8.163013698630138,4.0
C-000825703,S-0100,-27.669205936954157,0,1,男性,56,9,12,0.1666666666666666,15851,2,17,4535925.154217558,4.720547945205479,2.0
C-000389286,S-0002,-74.13814759300972,1,1,男性,57,11,12,0.25,7202,1,15,4455566.655169959,5.663013698630137,2.0
C-000123970,S-0039,-46.93233882304953,0,1,女性,64,12,12,0.25,0,0,16,4591288.568998441,8.193150684931506,5.0
C-001664564,S-0097,-64.03955132504322,1,1,男性,49,5,12,0.0833333333333333,4664,1,21,4592508.716501317,10.09041095890411,7.0
C-001235241,S-0080,-100.0,1,1,女性,47,7,12,0.25,0,0,17,4457429.264950683,11.673972602739726,9.0
C-000923912,S-0012,-16.63269615481751,0,1,女性,57,8,12,0.1666666666666666,7495,2,16,4444678.825084195,7.994520547945205,5.0
C-000759203,S-0036,-100.0,1,1,男性,60,9,12,0.1666666666666666,0,0,19,4397834.424680548,11.123287671232877,9.0
C-000446886,S-0131,-27.21391124058965,0,1,女性,33,11,12,0.1666666666666666,0,0,17,4569023.5643747775,5.13972602739726,2.0
C-002657168,S-0059,-30.809592432472378,0,1,女性,68,1,12,0.1666666666666666,0,0,14,4713188.969095345,6.8123287671232875,3.0
C-000283664,S-0115,-100.0,1,1,男性,55,11,12,0.1666666666666666,31352,1,14,4553643.099564746,10.51095890410959,7.0
C-000754998,S-0004,-100.0,1,1,男性,45,9,12,0.25,0,0,22,4423576.351309,11.806849315068494,9.0
C-002593615,S-0063,-49.949174963447746,1,1,男性,79,1,12,0.4166666666666667,28767,2,18,4564012.176421695,5.749315068493151,3.0
C-000065720,S-0048,-60.21114657500613,1,1,男性,50,12,12,0.25,0,0,15,4502249.082895545,3.671232876712329,1.0
C-001159424,S-0072,-68.8424040983463,1,1,男性,24,7,12,0.1666666666666666,0,0,12,4406797.312641796,9.01917808219178,6.0
C-001653284,S-0008,-41.07071183287568,0,1,男性,55,5,12,0.0833333333333333,5167,2,22,4498453.308937302,10.772602739726027,7.0
C-000274256,S-0099,-29.215048852350378,0,1,男性,50,11,12,0.3333333333333333,45664,2,13,4464126.154078853,8.147945205479452,5.0
C-002394429,S-0004,-77.88511166061951,1,1,女性,56,2,12,0.25,0,0,22,4423576.351309,11.806849315068494,9.0
C-002255077,S-0079,-32.00959280790528,0,1,女性,38,2,12,0.1666666666666666,31941,1,13,4256656.371085242,8.479452054794521,6.0
C-002545374,S-0048,-50.30999741668819,1,1,男性,53,1,12,0.3333333333333333,64252,2,15,4502249.082895545,3.671232876712329,1.0
C-001441590,S-0113,-47.31633343795971,0,1,男性,48,6,12,0.3333333333333333,12809,1,16,4336633.961311346,5.77945205479452,2.5
C-001852384,S-0117,-100.0,1,1,男性,47,4,12,0.25,0,0,20,4500859.737076383,9.593150684931507,7.0
C-001292831,S-0117,-57.12882655617818,1,1,男性,53,7,12,0.5,19659,2,20,4500859.737076383,9.593150684931507,7.0
C-000529529,S-0054,-49.52696197867763,1,1,男性,55,10,12,0.9166666666666666,0,0,23,4489160.181517739,6.358904109589041,4.0
C-000902570,S-0039,-52.46518267042166,1,1,女性,54,8,12,0.4166666666666667,0,0,16,4591288.568998441,8.193150684931506,5.0
C-002288126,S-0096,-100.0,1,1,女性,55,2,12,0.3333333333333333,1582,2,16,4644856.458098179,8.302739726027397,5.0
C-001602634,S-0111,-34.88352612103377,0,1,男性,21,5,12,0.25,0,0,19,4489501.980758176,6.397260273972603,4.0
C-001052507,S-0050,-21.658177071068863,0,1,男性,41,8,12,0.0833333333333333,5889,1,20,4615411.181286601,9.2013698630137,6.0
C-001633677,S-0117,-20.01628836854044,0,1,男性,45,5,12,0.3333333333333333,522,1,20,4500859.737076383,9.593150684931507,7.0
C-001394375,S-0102,-100.0,1,1,女性,58,6,12,0.3333333333333333,0,0,16,4383474.364435211,10.484931506849314,7.5
C-000336267,S-0036,-100.0,1,1,女性,44,11,12,0.1666666666666666,0,0,19,4397834.424680548,11.123287671232877,9.0
C-002143382,S-0102,-50.59610131192878,1,1,女性,62,3,12,0.25,0,0,16,4383474.364435211,10.484931506849314,7.5
C-000824653,S-0008,-17.161992015008625,0,1,男性,40,9,12,0.3333333333333333,5560,2,22,4498453.308937302,10.772602739726027,7.0
C-000522317,S-0097,-32.41712910116296,0,1,女性,59,10,12,0.4166666666666667,61765,1,21,4592508.716501317,10.09041095890411,7.0
C-001627603,S-0096,-100.0,1,1,女性,66,5,12,0.1666666666666666,0,0,16,4644856.458098179,8.302739726027397,5.0
C-001883797,S-0115,-100.0,1,1,女性,39,4,12,0.1666666666666666,0,0,14,4553643.099564746,10.51095890410959,7.0
C-001537086,S-0018,-100.0,1,1,女性,57,6,12,0.25,0,0,16,4493108.581950108,7.550684931506849,5.0
C-000855326,S-0085,-100.0,1,1,女性,59,9,12,0.3333333333333333,15634,2,15,4606655.398026554,4.928767123287671,2.0
C-000677907,S-0020,-33.52691998863274,0,1,女性,32,9,12,0.3333333333333333,34604,1,16,4280702.057267675,6.986301369863014,3.5
C-002056858,S-0072,-23.97287669132108,0,1,女性,35,3,12,0.3333333333333333,3761,1,12,4406797.312641796,9.01917808219178,6.0
C-000593261,S-0113,-100.0,1,1,女性,55,10,12,0.75,0,0,16,4336633.961311346,5.77945205479452,2.5
C-001770437,S-0018,-63.04889478135644,1,1,女性,67,5,12,0.0833333333333333,24961,1,16,4493108.581950108,7.550684931506849,5.0
C-002177076,S-0117,-17.590903089740248,0,1,男性,57,3,12,0.1666666666666666,126217,1,20,4500859.737076383,9.593150684931507,7.0
C-001954014,S-0072,-36.96717598121989,0,1,男性,42,4,12,0.75,0,0,12,4406797.312641796,9.01917808219178,6.0
C-002462817,S-0131,-16.200509709145443,0,1,男性,38,2,12,0.25,2595,1,17,4569023.5643747775,5.13972602739726,2.0
C-000170749,S-0007,-75.83925270020434,1,1,男性,41,12,12,0.1666666666666666,4086,1,21,4487075.727367008,3.7260273972602738,1.0
C-001402852,S-0004,-13.611704948162224,0,1,男性,77,6,12,0.0,5956,2,22,4423576.351309,11.806849315068494,9.0
C-002631680,S-0099,-88.40125391849529,1,1,女性,34,1,12,0.4166666666666667,18553,2,13,4464126.154078853,8.147945205479452,5.0
C-000826010,S-0089,-30.428847392144238,0,1,女性,56,9,12,0.6666666666666666,0,0,19,4721110.949352573,10.142465753424657,7.0
C-001209887,S-0041,-82.70296358860601,1,1,女性,46,7,12,0.5,141245,1,17,4828489.286769263,10.389041095890411,7.0
C-002359490,S-0039,-49.39265705089999,1,1,女性,58,2,12,0.0833333333333333,0,0,16,4591288.568998441,8.193150684931506,5.0
C-001529931,S-0079,-75.40189062166203,1,1,女性,67,6,12,0.1666666666666666,3979,1,13,4256656.371085242,8.479452054794521,6.0
C-000255484,S-0039,-89.72799017489595,1,1,女性,63,11,12,0.6666666666666666,0,0,16,4591288.568998441,8.193150684931506,5.0
C-000016667,S-0017,-27.524367512572084,0,1,男性,67,12,12,0.25,0,0,20,4640207.03550726,5.608219178082192,2.5
C-001654046,S-0063,-100.0,1,1,女性,57,5,12,0.4166666666666667,36087,2,18,4564012.176421695,5.749315068493151,3.0
C-000653336,S-0113,-16.256389611157076,0,1,女性,59,10,12,0.25,0,0,16,4336633.961311346,5.77945205479452,2.5
C-000829318,S-0106,-64.95926087177777,1,1,女性,52,9,12,0.25,5155,2,20,4462729.145118021,6.171232876712329,3.5
C-001463097,S-0036,-27.79023284144363,0,1,女性,64,6,12,0.25,4381,1,19,4397834.424680548,11.123287671232877,9.0
C-002236312,S-0039,-12.11127682782175,0,1,女性,22,3,12,0.4166666666666667,0,0,16,4591288.568998441,8.193150684931506,5.0
C-000180109,S-0097,-39.66240451309196,0,1,女性,54,12,12,0.3333333333333333,5431,1,21,4592508.716501317,10.09041095890411,7.0
C-002677162,S-0089,-28.883643291132216,0,1,男性,37,1,12,0.25,0,0,19,4721110.949352573,10.142465753424657,7.0
C-000706115,S-0102,-100.0,1,1,男性,49,9,12,0.0833333333333333,747,1,16,4383474.364435211,10.484931506849314,7.5
C-001171341,S-0018,-47.374885109832995,0,1,男性,68,7,12,0.0833333333333333,16855,1,16,4493108.581950108,7.550684931506849,5.0
C-002631518,S-0040,-26.533985792501475,0,1,女性,40,1,12,0.1666666666666666,0,0,20,4550116.0180538,8.163013698630138,4.0
C-002031082,S-0079,-41.574343808851225,0,1,女性,67,3,12,0.0,1091,1,13,4256656.371085242,8.479452054794521,6.0
C-001442841,S-0121,-100.0,1,1,男性,40,6,12,0.0,4029,1,14,4716268.25678644,9.856164383561644,7.0
C-002340413,S-0113,-100.0,1,1,女性,41,2,12,0.25,-5026,1,16,4336633.961311346,5.77945205479452,2.5
C-002471864,S-0089,-40.9953570536176,0,1,女性,50,1,12,0.1666666666666666,2761,2,19,4721110.949352573,10.142465753424657,7.0
C-000342475,S-0079,-30.198707783001687,0,1,男性,62,11,12,0.0833333333333333,0,0,13,4256656.371085242,8.479452054794521,6.0
C-002029137,S-0099,-32.393162123539824,0,1,男性,33,3,12,0.5,0,0,13,4464126.154078853,8.147945205479452,5.0
C-000523891,S-0097,-24.386959980561134,0,1,男性,40,10,12,0.5,0,0,21,4592508.716501317,10.09041095890411,7.0
C-001899550,S-0097,-59.175126213304196,1,1,女性,52,4,12,0.1666666666666666,4210,1,21,4592508.716501317,10.09041095890411,7.0
C-000808156,S-0072,-73.82539702657829,1,1,男性,60,9,12,0.0833333333333333,8245,2,12,4406797.312641796,9.01917808219178,6.0
C-001612592,S-0097,-81.27429819871553,1,1,男性,37,5,12,0.1666666666666666,8242,1,21,4592508.716501317,10.09041095890411,7.0
C-001907074,S-0075,-44.26299870566223,0,1,女性,55,4,12,0.1666666666666666,4986,1,19,4506647.2743158825,4.526027397260274,1.0
C-001537399,S-0018,-86.70537833853564,1,1,男性,58,6,12,0.5833333333333334,0,0,16,4493108.581950108,7.550684931506849,5.0
C-002329071,S-0014,-18.11751933167429,0,1,女性,55,2,12,0.3333333333333333,71853,1,21,4730192.353344672,7.336986301369863,4.0
C-000442639,S-0018,-100.0,1,1,女性,48,11,12,0.1666666666666666,3261,2,16,4493108.581950108,7.550684931506849,5.0
C-000371491,S-0131,-16.33446035102099,0,1,男性,59,11,12,0.25,0,0,17,4569023.5643747775,5.13972602739726,2.0
C-000932372,S-0054,-92.5363708658839,1,1,女性,59,8,12,0.1666666666666666,41737,2,23,4489160.181517739,6.358904109589041,4.0
C-000402967,S-0096,-100.0,1,1,女性,37,11,12,0.5,4657,2,16,4644856.458098179,8.302739726027397,5.0
C-000337912,S-0002,-88.69188701121475,1,1,女性,42,11,12,0.0833333333333333,0,0,15,4455566.655169959,5.663013698630137,2.0
C-001807247,S-0056,-38.3700745492432,0,1,女性,42,4,12,0.6666666666666666,46439,1,15,4406070.585753419,7.528767123287671,4.0
C-001363436,S-0099,-99.22159975454824,1,1,女性,74,6,12,0.0,4748,2,13,4464126.154078853,8.147945205479452,5.0
C-001673782,S-0121,-27.75732714416797,0,1,女性,62,5,12,0.1666666666666666,1787,1,14,4716268.25678644,9.856164383561644,7.0
C-001833638,S-0121,-34.79571096280515,0,1,男性,45,4,12,0.25,119411,1,14,4716268.25678644,9.856164383561644,7.0
C-002180997,S-0096,-50.5943419716907,1,1,男性,51,3,12,0.1666666666666666,3871,2,16,4644856.458098179,8.302739726027397,5.0
C-000292997,S-0020,-25.713140335416156,0,1,女性,41,11,12,0.25,0,0,16,4280702.057267675,6.986301369863014,3.5
C-001188283,S-0004,-45.250991215657706,0,1,女性,45,7,12,0.1666666666666666,0,0,22,4423576.351309,11.806849315068494,9.0
C-001917702,S-0117,-24.612819187759385,0,1,女性,62,4,12,0.5,46082,2,20,4500859.737076383,9.593150684931507,7.0
C-001356839,S-0050,-42.574821237907265,0,1,女性,57,6,12,0.25,5039,1,20,4615411.181286601,9.2013698630137,6.0
C-001996431,S-0099,-31.7029551502354,0,1,男性,53,4,12,0.4166666666666667,0,0,13,4464126.154078853,8.147945205479452,5.0
C-000303710,S-0113,-100.0,1,1,女性,53,11,12,0.5833333333333334,6685,1,16,4336633.961311346,5.77945205479452,2.5
C-000047231,S-0048,-33.32995345913225,0,1,男性,45,12,12,0.25,22224,2,15,4502249.082895545,3.671232876712329,1.0
C-001554837,S-0115,-34.81046166878441,0,1,女性,51,6,12,0.0833333333333333,11299,1,14,4553643.099564746,10.51095890410959,7.0
C-001834447,S-0008,-50.151461635951875,1,1,女性,46,4,12,0.0,2966,1,22,4498453.308937302,10.772602739726027,7.0
C-001366185,S-0074,-100.0,1,1,男性,38,6,12,0.25,0,0,14,4614054.39694187,8.308219178082192,6.0
C-001739005,S-0096,-10.375504525521189,0,1,女性,42,5,12,0.8333333333333334,110861,1,16,4644856.458098179,8.302739726027397,5.0
C-001598750,S-0080,-100.0,1,1,女性,44,5,12,0.1666666666666666,29064,1,17,4457429.264950683,11.673972602739726,9.0
C-000587104,S-0097,-14.71811181082636,0,1,男性,49,10,12,0.0833333333333333,25695,1,21,4592508.716501317,10.09041095890411,7.0
C-001491140,S-0082,-17.792142970186138,0,1,女性,50,6,12,0.4166666666666667,2503,1,17,4607261.71451126,4.758904109589041,2.0
C-000670790,S-0111,-56.09424765122889,1,1,女性,57,10,12,0.0833333333333333,12597,1,19,4489501.980758176,6.397260273972603,4.0
C-000066877,S-0018,-36.44220164080559,0,1,男性,20,12,12,0.5,0,0,16,4493108.581950108,7.550684931506849,5.0
C-002282261,S-0004,-29.832528799538583,0,1,女性,35,2,12,0.4166666666666667,5204,1,22,4423576.351309,11.806849315068494,9.0
C-002647179,S-0036,-41.62718467045694,0,1,女性,44,1,12,0.0,62948,1,19,4397834.424680548,11.123287671232877,9.0
C-001773467,S-0089,-87.05914740459028,1,1,男性,78,5,12,0.25,142551,1,19,4721110.949352573,10.142465753424657,7.0
C-002686379,S-0074,-15.976949018542081,0,1,女性,42,1,12,0.0,923,1,14,4614054.39694187,8.308219178082192,6.0
C-001843022,S-0089,-97.17851613173202,1,1,男性,38,4,12,0.8333333333333334,0,0,19,4721110.949352573,10.142465753424657,7.0
C-002561437,S-0054,-22.92978977679259,0,1,男性,60,1,12,0.0833333333333333,19460,2,23,4489160.181517739,6.358904109589041,4.0
C-001644369,S-0056,-49.30222036611679,1,1,女性,44,5,12,0.1666666666666666,0,0,15,4406070.585753419,7.528767123287671,4.0
C-001291413,S-0004,-56.415334818767825,1,1,女性,60,7,12,0.25,2601,2,22,4423576.351309,11.806849315068494,9.0
C-001299763,S-0097,-62.69638523438498,1,1,男性,39,7,12,0.25,52812,1,21,4592508.716501317,10.09041095890411,7.0
C-001282263,S-0097,-100.0,1,1,女性,47,7,12,0.3333333333333333,7670,1,21,4592508.716501317,10.09041095890411,7.0
C-000722423,S-0117,-96.85079887822575,1,1,女性,58,9,12,0.1666666666666666,26729,1,20,4500859.737076383,9.593150684931507,7.0
C-001404505,S-0079,-41.70967847091678,0,1,女性,43,6,12,0.1666666666666666,0,0,13,4256656.371085242,8.479452054794521,6.0
C-000321848,S-0014,-13.639683419298917,0,1,男性,43,11,12,0.3333333333333333,18999,1,21,4730192.353344672,7.336986301369863,4.0
C-001803298,S-0100,-63.12144465513154,1,1,女性,37,4,12,0.3333333333333333,0,0,17,4535925.154217558,4.720547945205479,2.0
C-002095081,S-0115,-100.0,1,1,男性,55,3,12,0.25,8306,2,14,4553643.099564746,10.51095890410959,7.0
C-001566296,S-0075,-32.65304382303662,0,1,男性,32,6,12,0.6666666666666666,0,0,19,4506647.2743158825,4.526027397260274,1.0
C-001882274,S-0054,-14.600769242973078,0,1,男性,60,4,12,0.5,0,0,23,4489160.181517739,6.358904109589041,4.0
C-002098694,S-0096,-89.44011210497102,1,1,女性,73,3,12,0.25,0,0,16,4644856.458098179,8.302739726027397,5.0
C-000895014,S-0054,-100.0,1,1,男性,48,9,12,0.25,1861,2,23,4489160.181517739,6.358904109589041,4.0
C-000831347,S-0085,-53.72380269344171,1,1,女性,39,9,12,0.75,0,0,15,4606655.398026554,4.928767123287671,2.0
C-000201293,S-0004,-16.580874254621463,0,1,男性,59,12,12,0.25,57813,2,22,4423576.351309,11.806849315068494,9.0
C-001805629,S-0050,-28.534138675025716,0,1,女性,51,4,12,0.3333333333333333,30179,1,20,4615411.181286601,9.2013698630137,6.0
C-002495288,S-0007,-100.0,1,1,男性,51,1,12,0.3333333333333333,0,0,21,4487075.727367008,3.7260273972602738,1.0
C-001257291,S-0102,-36.79083141681583,0,1,女性,44,7,12,0.5833333333333334,14288,2,16,4383474.364435211,10.484931506849314,7.5
C-001794904,S-0036,-63.755242652642096,1,1,女性,47,5,12,0.25,34119,1,19,4397834.424680548,11.123287671232877,9.0
C-001549242,S-0113,-100.0,1,1,女性,60,6,12,0.4166666666666667,5045,2,16,4336633.961311346,5.77945205479452,2.5
C-000841233,S-0074,-51.28189636074356,1,1,男性,31,9,12,0.25,2728,2,14,4614054.39694187,8.308219178082192,6.0
C-000066676,S-0014,-29.296166354669012,0,1,男性,49,12,12,0.25,0,0,21,4730192.353344672,7.336986301369863,4.0
C-002104392,S-0072,-100.0,1,1,男性,51,3,12,0.1666666666666666,0,0,12,4406797.312641796,9.01917808219178,6.0
C-001924417,S-0030,-60.56805174387334,1,1,女性,22,4,12,0.6666666666666666,0,0,22,4426478.045479023,9.236986301369862,5.5
C-001361207,S-0036,-6.693814451826318,0,1,女性,44,6,12,0.25,0,0,19,4397834.424680548,11.123287671232877,9.0
C-002587559,S-0117,-17.96710099352115,0,1,女性,51,1,12,0.0,1143,1,20,4500859.737076383,9.593150684931507,7.0
C-001718384,S-0008,-69.69240315574861,1,1,女性,62,5,12,0.1666666666666666,0,0,22,4498453.308937302,10.772602739726027,7.0
C-001593319,S-0115,-61.19651695782671,1,1,男性,51,5,12,0.25,2513,1,14,4553643.099564746,10.51095890410959,7.0
C-000052731,S-0041,-51.980673650758455,1,1,男性,66,12,12,0.1666666666666666,12478,1,17,4828489.286769263,10.389041095890411,7.0
C-000867275,S-0014,-70.70633921074727,1,1,女性,57,9,12,0.0833333333333333,23708,1,21,4730192.353344672,7.336986301369863,4.0
C-002416463,S-0097,-100.0,1,1,女性,48,2,12,0.4166666666666667,135905,1,21,4592508.716501317,10.09041095890411,7.0
C-000259408,S-0097,-33.93989439650159,0,1,女性,38,11,12,0.5833333333333334,18027,1,21,4592508.716501317,10.09041095890411,7.0
C-001415605,S-0096,-100.0,1,1,女性,57,6,12,0.0833333333333333,0,0,16,4644856.458098179,8.302739726027397,5.0
C-001081415,S-0012,-65.7804776224157,1,1,女性,52,8,12,0.1666666666666666,13854,1,16,4444678.825084195,7.994520547945205,5.0
C-000567143,S-0111,-27.40390249027206,0,1,女性,59,10,12,0.25,1145,2,19,4489501.980758176,6.397260273972603,4.0
C-001325687,S-0048,-52.39644899619535,1,1,女性,47,7,12,0.0833333333333333,10959,1,15,4502249.082895545,3.671232876712329,1.0
C-002282158,S-0039,-35.04553245398316,0,1,男性,54,2,12,0.25,17070,1,16,4591288.568998441,8.193150684931506,5.0
C-001246403,S-0014,-100.0,1,1,男性,58,7,12,0.0833333333333333,0,0,21,4730192.353344672,7.336986301369863,4.0
C-001444736,S-0079,-51.43391100792818,1,1,男性,47,6,12,0.25,40327,1,13,4256656.371085242,8.479452054794521,6.0
C-000874286,S-0097,-100.0,1,1,女性,50,9,12,0.0833333333333333,13410,1,21,4592508.716501317,10.09041095890411,7.0
C-002458450,S-0056,-55.15480191669031,1,1,男性,50,2,12,0.25,16690,1,15,4406070.585753419,7.528767123287671,4.0
C-000261911,S-0056,-100.0,1,1,男性,41,11,12,0.5,31774,1,15,4406070.585753419,7.528767123287671,4.0
C-001201254,S-0126,-31.078911375844914,0,1,女性,63,7,12,0.5833333333333334,0,0,17,4493168.352495564,5.53972602739726,3.0
C-001493560,S-0008,-100.0,1,1,女性,39,6,12,0.3333333333333333,0,0,22,4498453.308937302,10.772602739726027,7.0
C-000141096,S-0005,-15.636451651376362,0,1,男性,43,12,12,0.0,4411,1,21,4733942.970761149,4.69041095890411,2.0
C-001285446,S-0018,-59.11933088104612,1,1,女性,40,7,12,0.0833333333333333,0,0,16,4493108.581950108,7.550684931506849,5.0
C-000119829,S-0075,-28.20857082867011,0,1,女性,61,12,12,0.1666666666666666,3485,1,19,4506647.2743158825,4.526027397260274,1.0
C-000168126,S-0018,-67.10338404222291,1,1,女性,68,12,12,0.25,0,0,16,4493108.581950108,7.550684931506849,5.0
C-002634007,S-0100,-36.86796646656283,0,1,男性,41,1,12,0.3333333333333333,0,0,17,4535925.154217558,4.720547945205479,2.0
C-001126374,S-0121,-100.0,1,1,女性,48,7,12,0.4166666666666667,49622,1,14,4716268.25678644,9.856164383561644,7.0
C-000525393,S-0100,-29.035624843634306,0,1,女性,52,10,12,0.1666666666666666,0,0,17,4535925.154217558,4.720547945205479,2.0
C-000607512,S-0002,-61.90822329012371,1,1,女性,48,10,12,0.3333333333333333,49346,1,15,4455566.655169959,5.663013698630137,2.0
C-002252578,S-0115,-96.73192946946402,1,1,男性,52,2,12,0.3333333333333333,57122,1,14,4553643.099564746,10.51095890410959,7.0
C-002276032,S-0075,-33.69380282026864,0,1,女性,79,2,12,0.4166666666666667,45342,2,19,4506647.2743158825,4.526027397260274,1.0
C-001658711,S-0115,-39.8217903627839,0,1,男性,56,5,12,0.4166666666666667,24281,1,14,4553643.099564746,10.51095890410959,7.0
C-000844588,S-0074,-92.93564653893837,1,1,女性,55,9,12,0.25,21326,2,14,4614054.39694187,8.308219178082192,6.0
C-000830053,S-0002,-69.56157360239261,1,1,男性,68,9,12,0.25,0,0,15,4455566.655169959,5.663013698630137,2.0
C-000615664,S-0102,-42.67497943878333,0,1,女性,50,10,12,0.4166666666666667,3485,1,16,4383474.364435211,10.484931506849314,7.5
C-001005855,S-0102,-100.0,1,1,女性,57,8,12,0.8333333333333334,0,0,16,4383474.364435211,10.484931506849314,7.5
C-001766418,S-0008,-43.246215793005746,0,1,男性,58,5,12,0.25,18876,1,22,4498453.308937302,10.772602739726027,7.0
C-001266508,S-0062,-65.79944146631142,1,1,女性,65,7,12,0.1666666666666666,1009,1,15,4713869.782113416,4.575342465753424,1.0
C-001617841,S-0085,-19.556533005360848,0,1,男性,67,5,12,0.25,0,0,15,4606655.398026554,4.928767123287671,2.0
C-001865979,S-0075,-17.318026675039437,0,1,女性,59,4,12,0.1666666666666666,26180,1,19,4506647.2743158825,4.526027397260274,1.0
C-001068145,S-0079,-46.59173366094072,0,1,女性,67,8,12,0.0,10691,1,13,4256656.371085242,8.479452054794521,6.0
C-002148160,S-0002,-19.972626388498487,0,1,男性,44,3,12,0.1666666666666666,17591,1,15,4455566.655169959,5.663013698630137,2.0
C-001875459,S-0131,-41.515978383753485,0,1,男性,31,4,12,0.25,14211,2,17,4569023.5643747775,5.13972602739726,2.0
C-001419341,S-0102,-41.10264439043261,0,1,女性,41,6,12,0.3333333333333333,4794,2,16,4383474.364435211,10.484931506849314,7.5
C-001257868,S-0019,-1.5278241053921187,0,1,女性,46,7,12,0.5,0,0,19,4327199.920883598,4.090410958904109,1.0
C-001941317,S-0080,-100.0,1,1,女性,48,4,12,0.25,129,1,17,4457429.264950683,11.673972602739726,9.0
C-001717845,S-0050,-28.193887655139925,0,1,男性,51,5,12,0.5833333333333334,6338,2,20,4615411.181286601,9.2013698630137,6.0
C-001017806,S-0080,-93.26193596704738,1,1,女性,59,8,12,0.4166666666666667,2219,1,17,4457429.264950683,11.673972602739726,9.0
C-001243130,S-0099,-66.5639951539046,1,1,女性,48,7,12,0.5,2746,1,13,4464126.154078853,8.147945205479452,5.0
C-001897673,S-0115,-57.80692782657164,1,1,男性,39,4,12,0.3333333333333333,0,0,14,4553643.099564746,10.51095890410959,7.0
C-000433509,S-0017,-80.45186983633474,1,1,女性,75,11,12,0.4166666666666667,104685,1,20,4640207.03550726,5.608219178082192,2.5
C-001103007,S-0050,-71.02967625899281,1,1,女性,31,8,12,0.1666666666666666,20131,1,20,4615411.181286601,9.2013698630137,6.0
C-000997990,S-0039,-95.59958932238193,1,1,男性,68,8,12,0.75,0,0,16,4591288.568998441,8.193150684931506,5.0
C-001551544,S-0017,-36.63361934824167,0,1,女性,45,6,12,0.25,0,0,20,4640207.03550726,5.608219178082192,2.5
C-001340519,S-0036,-37.703695332805964,0,1,女性,86,7,12,0.4166666666666667,1344,1,19,4397834.424680548,11.123287671232877,9.0
C-002193721,S-0041,-100.0,1,1,女性,55,3,12,0.5833333333333334,2775,1,17,4828489.286769263,10.389041095890411,7.0
C-000972723,S-0039,-23.325834435524797,0,1,女性,78,8,12,0.4166666666666667,0,0,16,4591288.568998441,8.193150684931506,5.0
C-000510607,S-0050,-84.92151150150019,1,1,女性,49,10,12,0.5,0,0,20,4615411.181286601,9.2013698630137,6.0
C-001377322,S-0097,-33.32412929208576,0,1,女性,61,6,12,0.0833333333333333,4589,2,21,4592508.716501317,10.09041095890411,7.0
C-001426564,S-0039,-19.74342378121583,0,1,女性,20,6,12,0.1666666666666666,73643,1,16,4591288.568998441,8.193150684931506,5.0
C-000501181,S-0117,-100.0,1,1,女性,58,10,12,0.1666666666666666,13749,1,20,4500859.737076383,9.593150684931507,7.0
C-000024801,S-0099,-100.0,1,1,女性,54,12,12,0.25,0,0,13,4464126.154078853,8.147945205479452,5.0
C-002583276,S-0089,-43.11976292273249,0,1,女性,41,1,12,0.0833333333333333,45758,2,19,4721110.949352573,10.142465753424657,7.0
C-001398511,S-0048,-100.0,1,1,女性,48,6,12,0.3333333333333333,0,0,15,4502249.082895545,3.671232876712329,1.0
C-001050967,S-0030,-55.47800963081861,1,1,女性,34,8,12,0.6666666666666666,0,0,22,4426478.045479023,9.236986301369862,5.5
C-000772969,S-0106,-65.17596671090679,1,1,男性,34,9,12,0.25,15114,1,20,4462729.145118021,6.171232876712329,3.5
C-002672626,S-0072,-32.97112944162436,0,1,男性,47,1,12,0.1666666666666666,16060,2,12,4406797.312641796,9.01917808219178,6.0
C-001489041,S-0115,-66.29132499940921,1,1,女性,86,6,12,0.25,83694,2,14,4553643.099564746,10.51095890410959,7.0
C-000423048,S-0131,-13.891595428501393,0,1,男性,37,11,12,0.3333333333333333,7373,2,17,4569023.5643747775,5.13972602739726,2.0
C-000485337,S-0074,-44.17205295942036,0,1,女性,32,10,12,0.0,0,0,14,4614054.39694187,8.308219178082192,6.0
C-001438438,S-0020,-93.81881959795344,1,1,男性,41,6,12,0.4166666666666667,0,0,16,4280702.057267675,6.986301369863014,3.5
C-002546536,S-0004,-27.177606683255327,0,1,男性,48,1,12,0.5,0,0,22,4423576.351309,11.806849315068494,9.0
C-001434393,S-0096,-15.283296355792325,0,1,女性,52,6,12,0.0,0,0,16,4644856.458098179,8.302739726027397,5.0
C-001899000,S-0030,-98.05418128220656,1,1,男性,58,4,12,0.25,25278,2,22,4426478.045479023,9.236986301369862,5.5
C-000610724,S-0096,-54.68849015951187,1,1,女性,43,10,12,0.3333333333333333,24867,2,16,4644856.458098179,8.302739726027397,5.0
C-001578823,S-0096,-100.0,1,1,女性,39,5,12,0.25,0,0,16,4644856.458098179,8.302739726027397,5.0
C-001412890,S-0030,-10.887546404204551,0,1,女性,57,6,12,0.5833333333333334,0,0,22,4426478.045479023,9.236986301369862,5.5
C-001611524,S-0039,-100.0,1,1,男性,44,5,12,0.25,0,0,16,4591288.568998441,8.193150684931506,5.0
C-001098330,S-0072,-55.24263976963384,1,1,男性,40,8,12,0.1666666666666666,0,0,12,4406797.312641796,9.01917808219178,6.0
C-000958307,S-0097,-30.280557147264954,0,1,女性,57,8,12,0.0,0,0,21,4592508.716501317,10.09041095890411,7.0
C-001664993,S-0074,-61.954118229644195,1,1,男性,55,5,12,0.1666666666666666,0,0,14,4614054.39694187,8.308219178082192,6.0
C-000023033,S-0099,-43.02862047691854,0,1,男性,32,12,12,0.3333333333333333,23002,1,13,4464126.154078853,8.147945205479452,5.0
C-000706652,S-0079,-48.510007599118246,0,1,女性,27,9,12,0.0833333333333333,5097,2,13,4256656.371085242,8.479452054794521,6.0
C-000312702,S-0074,-49.20001949191086,1,1,女性,60,11,12,0.3333333333333333,8132,1,14,4614054.39694187,8.308219178082192,6.0
C-002535581,S-0018,-60.282178188548485,1,1,女性,45,1,12,0.5,6164,1,16,4493108.581950108,7.550684931506849,5.0
C-000622580,S-0018,-41.372232810438355,0,1,女性,61,10,12,0.1666666666666666,6452,1,16,4493108.581950108,7.550684931506849,5.0
C-001569721,S-0089,-43.79515504095315,0,1,男性,57,6,12,0.25,0,0,19,4721110.949352573,10.142465753424657,7.0
C-001062777,S-0007,-31.75306267750131,0,1,女性,46,8,12,0.3333333333333333,18048,2,21,4487075.727367008,3.7260273972602738,1.0
C-002041862,S-0106,-100.0,1,1,女性,44,3,12,0.8333333333333334,42349,2,20,4462729.145118021,6.171232876712329,3.5
C-000725371,S-0117,-96.21750544243821,1,1,女性,70,9,12,0.0,15447,2,20,4500859.737076383,9.593150684931507,7.0
C-002500142,S-0131,-16.6858433198722,0,1,男性,32,1,12,0.0833333333333333,38590,2,17,4569023.5643747775,5.13972602739726,2.0
C-001650371,S-0121,-29.889120398156127,0,1,男性,44,5,12,0.1666666666666666,0,0,14,4716268.25678644,9.856164383561644,7.0
C-000007876,S-0072,-19.400890846275328,0,1,男性,38,12,12,0.3333333333333333,7236,2,12,4406797.312641796,9.01917808219178,6.0
C-002051899,S-0017,-14.721938583205981,0,1,女性,76,3,12,0.25,3737,1,20,4640207.03550726,5.608219178082192,2.5
C-001792791,S-0097,-84.97220667785861,1,1,女性,51,5,12,0.25,1918,1,21,4592508.716501317,10.09041095890411,7.0
C-000379561,S-0018,-100.0,1,1,女性,56,11,12,0.1666666666666666,9606,1,16,4493108.581950108,7.550684931506849,5.0
C-000624173,S-0048,-10.09398858276615,0,1,男性,49,10,12,0.0833333333333333,14064,1,15,4502249.082895545,3.671232876712329,1.0
C-000854821,S-0020,-29.82720985740223,0,1,女性,35,9,12,0.25,872,1,16,4280702.057267675,6.986301369863014,3.5
C-002539752,S-0014,-27.25879105070928,0,1,女性,41,1,12,0.0,8546,2,21,4730192.353344672,7.336986301369863,4.0
C-002469226,S-0106,-59.4021876294649,1,1,男性,39,2,12,0.4166666666666667,12832,2,20,4462729.145118021,6.171232876712329,3.5
C-001086843,S-0096,-43.99221312952882,0,1,女性,41,8,12,0.25,12737,1,16,4644856.458098179,8.302739726027397,5.0
C-001649569,S-0096,-81.99998325112426,1,1,女性,35,5,12,0.25,64625,2,16,4644856.458098179,8.302739726027397,5.0
C-000789579,S-0102,-55.31226150561239,1,1,男性,54,9,12,0.4166666666666667,9107,2,16,4383474.364435211,10.484931506849314,7.5
C-000498032,S-0079,-29.432360634713838,0,1,男性,49,10,12,0.0833333333333333,0,0,13,4256656.371085242,8.479452054794521,6.0
C-002156784,S-0115,-100.0,1,1,男性,37,3,12,0.0,21069,1,14,4553643.099564746,10.51095890410959,7.0
C-000003932,S-0099,-50.28032986761134,1,1,男性,39,12,12,0.5,4518,1,13,4464126.154078853,8.147945205479452,5.0
C-000079932,S-0072,-100.0,1,1,女性,28,12,12,0.25,14221,1,12,4406797.312641796,9.01917808219178,6.0
C-000343261,S-0100,-37.260078094923834,0,1,女性,51,11,12,0.25,12301,2,17,4535925.154217558,4.720547945205479,2.0
C-002549245,S-0020,-39.66452187285015,0,1,女性,49,1,12,0.1666666666666666,0,0,16,4280702.057267675,6.986301369863014,3.5
C-001492610,S-0115,-45.89103498542274,0,1,女性,51,6,12,0.3333333333333333,0,0,14,4553643.099564746,10.51095890410959,7.0
C-002230894,S-0050,-51.679261375497276,1,1,女性,35,3,12,0.6666666666666666,0,0,20,4615411.181286601,9.2013698630137,6.0
C-000733082,S-0018,-27.935447314193397,0,1,女性,40,9,12,0.4166666666666667,5213,2,16,4493108.581950108,7.550684931506849,5.0
C-000729841,S-0036,-100.0,1,1,男性,49,9,12,0.25,0,0,19,4397834.424680548,11.123287671232877,9.0
C-000367705,S-0039,-67.72152933291923,1,1,女性,58,11,12,0.5,8160,1,16,4591288.568998441,8.193150684931506,5.0
C-000885145,S-0096,-52.41304966847008,1,1,女性,64,9,12,0.0833333333333333,1881,2,16,4644856.458098179,8.302739726027397,5.0
C-001053561,S-0012,-63.036394453582844,1,1,男性,45,8,12,0.0833333333333333,7578,1,16,4444678.825084195,7.994520547945205,5.0
C-001634238,S-0080,-100.0,1,1,男性,59,5,12,0.0,27686,2,17,4457429.264950683,11.673972602739726,9.0
C-001221205,S-0020,-100.0,1,1,男性,35,7,12,0.0,0,0,16,4280702.057267675,6.986301369863014,3.5
C-001242346,S-0017,-19.596948890677588,0,1,女性,52,7,12,0.6666666666666666,0,0,20,4640207.03550726,5.608219178082192,2.5
C-000873490,S-0072,-87.12395410518296,1,1,男性,41,9,12,0.3333333333333333,0,0,12,4406797.312641796,9.01917808219178,6.0
C-001365442,S-0017,-45.800630327243766,0,1,女性,60,6,12,0.1666666666666666,13267,1,20,4640207.03550726,5.608219178082192,2.5
C-001846458,S-0096,-100.0,1,1,女性,55,4,12,0.5,6861,2,16,4644856.458098179,8.302739726027397,5.0
C-002091038,S-0036,-39.72623204015199,0,1,男性,21,3,12,0.25,16537,2,19,4397834.424680548,11.123287671232877,9.0
C-001848025,S-0097,-77.21629026552918,1,1,女性,47,4,12,0.3333333333333333,13855,1,21,4592508.716501317,10.09041095890411,7.0
C-002089577,S-0040,-11.365037377803336,0,1,女性,59,3,12,0.1666666666666666,7697,1,20,4550116.0180538,8.163013698630138,4.0
C-001576142,S-0131,-40.78320666949429,0,1,男性,36,6,12,0.4166666666666667,89286,1,17,4569023.5643747775,5.13972602739726,2.0
C-001364322,S-0004,-44.790458685319045,0,1,男性,51,6,12,0.3333333333333333,0,0,22,4423576.351309,11.806849315068494,9.0
C-001948107,S-0117,-80.88757000379303,1,1,男性,52,4,12,0.0833333333333333,0,0,20,4500859.737076383,9.593150684931507,7.0
C-001884428,S-0018,-42.41353045719977,0,1,女性,49,4,12,0.5833333333333334,0,0,16,4493108.581950108,7.550684931506849,5.0
C-001270873,S-0115,-29.03182395505008,0,1,男性,52,7,12,0.3333333333333333,11847,2,14,4553643.099564746,10.51095890410959,7.0
C-002247581,S-0100,-59.51278634285321,1,1,女性,74,3,12,0.6666666666666666,0,0,17,4535925.154217558,4.720547945205479,2.0
C-002504272,S-0099,-49.62850240943317,1,1,男性,45,1,12,0.1666666666666666,0,0,13,4464126.154078853,8.147945205479452,5.0
C-002637103,S-0089,-100.0,1,1,男性,21,1,12,0.0833333333333333,0,0,19,4721110.949352573,10.142465753424657,7.0
C-001982403,S-0030,-7.404719442562769,0,1,男性,53,4,12,0.4166666666666667,7094,1,22,4426478.045479023,9.236986301369862,5.5
C-002181275,S-0113,-41.638004680013374,0,1,男性,44,3,12,0.1666666666666666,52551,1,16,4336633.961311346,5.77945205479452,2.5
C-002595377,S-0048,-21.752697640295885,0,1,女性,54,1,12,0.0833333333333333,21700,1,15,4502249.082895545,3.671232876712329,1.0
C-002599582,S-0097,-17.756516808100013,0,1,男性,76,1,12,0.6666666666666666,0,0,21,4592508.716501317,10.09041095890411,7.0
C-001459783,S-0072,-88.93843013693201,1,1,女性,32,6,12,0.3333333333333333,3019,2,12,4406797.312641796,9.01917808219178,6.0
C-002147930,S-0059,-100.0,1,1,男性,75,3,12,0.8333333333333334,0,0,14,4713188.969095345,6.8123287671232875,3.0
C-002622921,S-0113,-52.20489549809702,1,1,男性,50,1,12,0.5833333333333334,67260,1,16,4336633.961311346,5.77945205479452,2.5
C-001449197,S-0096,-36.92234771199156,0,1,男性,61,6,12,0.1666666666666666,33128,1,16,4644856.458098179,8.302739726027397,5.0
C-002318546,S-0039,-60.324188067369,1,1,女性,48,2,12,0.3333333333333333,0,0,16,4591288.568998441,8.193150684931506,5.0
C-002272749,S-0079,-100.0,1,1,女性,48,2,12,0.0,12708,1,13,4256656.371085242,8.479452054794521,6.0
C-000438965,S-0131,-13.964025208421434,0,1,男性,57,11,12,0.0,64813,1,17,4569023.5643747775,5.13972602739726,2.0
C-002354314,S-0063,-64.66217765981848,1,1,男性,33,2,12,0.5833333333333334,0,0,18,4564012.176421695,5.749315068493151,3.0
C-001782593,S-0089,-100.0,1,1,男性,63,5,12,0.25,17342,1,19,4721110.949352573,10.142465753424657,7.0
C-000774087,S-0113,-68.0289335793855,1,1,女性,48,9,12,0.0833333333333333,0,0,16,4336633.961311346,5.77945205479452,2.5
C-001805401,S-0100,-67.44707582983207,1,1,男性,55,4,12,0.25,0,0,17,4535925.154217558,4.720547945205479,2.0
C-001401217,S-0012,-36.99708474259678,0,1,男性,68,6,12,0.3333333333333333,6812,2,16,4444678.825084195,7.994520547945205,5.0
C-002513951,S-0080,-53.415971666857075,1,1,女性,47,1,12,0.1666666666666666,15970,1,17,4457429.264950683,11.673972602739726,9.0
C-001023709,S-0059,-45.75105692989456,0,1,女性,49,8,12,0.4166666666666667,8300,1,14,4713188.969095345,6.8123287671232875,3.0
C-000168055,S-0079,-100.0,1,1,女性,57,12,12,0.25,17315,1,13,4256656.371085242,8.479452054794521,6.0
C-000786357,S-0115,-15.096231454200652,0,1,男性,95,9,12,0.1666666666666666,15937,2,14,4553643.099564746,10.51095890410959,7.0
C-000007616,S-0117,-100.0,1,1,男性,24,12,12,0.0833333333333333,0,0,20,4500859.737076383,9.593150684931507,7.0
C-000067440,S-0074,-100.0,1,1,男性,65,12,12,0.3333333333333333,6547,1,14,4614054.39694187,8.308219178082192,6.0
C-002657222,S-0115,-100.0,1,1,女性,68,1,12,0.1666666666666666,0,0,14,4553643.099564746,10.51095890410959,7.0
C-000529541,S-0115,-24.56254289117408,0,1,女性,57,10,12,0.0833333333333333,0,0,14,4553643.099564746,10.51095890410959,7.0
C-001428306,S-0059,-24.13345827579404,0,1,女性,69,6,12,0.5833333333333334,0,0,14,4713188.969095345,6.8123287671232875,3.0
C-001499857,S-0012,-40.00764666180297,0,1,女性,42,6,12,0.3333333333333333,1201,1,16,4444678.825084195,7.994520547945205,5.0
C-001924561,S-0002,-58.62439478503722,1,1,男性,32,4,12,0.0,4357,1,15,4455566.655169959,5.663013698630137,2.0
C-000637166,S-0096,-100.0,1,1,女性,47,10,12,0.25,1937,2,16,4644856.458098179,8.302739726027397,5.0
C-002032108,S-0079,-41.6033450340698,0,1,女性,53,3,12,0.0833333333333333,0,0,13,4256656.371085242,8.479452054794521,6.0
C-000079890,S-0008,-100.0,1,1,男性,29,12,12,0.75,29285,1,22,4498453.308937302,10.772602739726027,7.0
C-001642977,S-0014,-74.4341945535236,1,1,女性,68,5,12,0.0833333333333333,84587,1,21,4730192.353344672,7.336986301369863,4.0
C-000774691,S-0117,-23.94232140429074,0,1,男性,52,9,12,0.25,72321,1,20,4500859.737076383,9.593150684931507,7.0
C-001688823,S-0113,-42.75006633059167,0,1,女性,48,5,12,0.6666666666666666,0,0,16,4336633.961311346,5.77945205479452,2.5
C-000979206,S-0036,-12.510024716871465,0,1,女性,65,8,12,0.1666666666666666,0,0,19,4397834.424680548,11.123287671232877,9.0
C-002215222,S-0048,-55.2231572187589,1,1,女性,47,3,12,0.3333333333333333,0,0,15,4502249.082895545,3.671232876712329,1.0
C-001475238,S-0018,-79.84669755963438,1,1,女性,42,6,12,0.6666666666666666,117743,1,16,4493108.581950108,7.550684931506849,5.0
C-002477329,S-0080,-88.64992641861436,1,1,女性,54,1,12,0.1666666666666666,86222,1,17,4457429.264950683,11.673972602739726,9.0
C-001691025,S-0115,-46.62585523946705,0,1,女性,44,5,12,0.5,34915,1,14,4553643.099564746,10.51095890410959,7.0
C-002677066,S-0007,-74.30304571293657,1,1,女性,45,1,12,0.0,0,0,21,4487075.727367008,3.7260273972602738,1.0
C-000514935,S-0014,-38.87769467894134,0,1,女性,54,10,12,0.0833333333333333,48360,2,21,4730192.353344672,7.336986301369863,4.0
C-001987161,S-0050,-38.86205198826946,0,1,女性,77,4,12,0.25,0,0,20,4615411.181286601,9.2013698630137,6.0
C-000889972,S-0100,-100.0,1,1,男性,48,9,12,0.3333333333333333,25957,1,17,4535925.154217558,4.720547945205479,2.0
C-000303353,S-0056,-16.908149745080728,0,1,女性,50,11,12,0.0833333333333333,0,0,15,4406070.585753419,7.528767123287671,4.0
C-002141180,S-0126,-40.28044825108276,0,1,女性,44,3,12,0.25,11134,2,17,4493168.352495564,5.53972602739726,3.0
C-000259465,S-0018,-31.967799314176737,0,1,女性,50,11,12,0.5,30315,1,16,4493108.581950108,7.550684931506849,5.0
C-002376866,S-0102,-100.0,1,1,男性,56,2,12,0.25,0,0,16,4383474.364435211,10.484931506849314,7.5
C-002535535,S-0074,-33.121058793903316,0,1,女性,60,1,12,0.3333333333333333,20225,1,14,4614054.39694187,8.308219178082192,6.0
C-001633251,S-0102,-81.29637877282538,1,1,女性,56,5,12,0.0,1114,1,16,4383474.364435211,10.484931506849314,7.5
C-000986713,S-0004,-71.39911753446921,1,1,女性,55,8,12,0.3333333333333333,16877,2,22,4423576.351309,11.806849315068494,9.0
C-000347837,S-0131,-60.18405889884764,1,1,女性,32,11,12,0.1666666666666666,0,0,17,4569023.5643747775,5.13972602739726,2.0
C-001304151,S-0012,-81.32618131771181,1,1,女性,58,7,12,0.3333333333333333,27719,1,16,4444678.825084195,7.994520547945205,5.0
C-000512068,S-0040,-58.371411593549574,1,1,女性,35,10,12,0.5,22410,2,20,4550116.0180538,8.163013698630138,4.0
C-001664673,S-0072,-100.0,1,1,女性,21,5,12,0.3333333333333333,498,2,12,4406797.312641796,9.01917808219178,6.0
C-000068374,S-0004,-40.328165102955666,0,1,男性,45,12,12,0.25,3758,1,22,4423576.351309,11.806849315068494,9.0
C-002179554,S-0121,-53.512005579356384,1,1,女性,48,3,12,0.6666666666666666,1999,1,14,4716268.25678644,9.856164383561644,7.0
C-001045760,S-0111,-21.239964173612734,0,1,女性,20,8,12,0.5,27455,2,19,4489501.980758176,6.397260273972603,4.0
C-002522067,S-0018,-100.0,1,1,女性,32,1,12,0.5,0,0,16,4493108.581950108,7.550684931506849,5.0
C-002065582,S-0072,-20.262955248485017,0,1,男性,39,3,12,0.0,2012,1,12,4406797.312641796,9.01917808219178,6.0
C-001918468,S-0008,-44.248753470130836,0,1,男性,46,4,12,0.25,22042,1,22,4498453.308937302,10.772602739726027,7.0
C-002049684,S-0111,-10.350648380628444,0,1,男性,49,3,12,0.4166666666666667,16221,1,19,4489501.980758176,6.397260273972603,4.0
C-001797645,S-0117,-62.02470125510434,1,1,男性,39,5,12,0.3333333333333333,0,0,20,4500859.737076383,9.593150684931507,7.0
C-001730559,S-0111,-23.473395255446267,0,1,女性,30,5,12,0.4166666666666667,38845,2,19,4489501.980758176,6.397260273972603,4.0
C-001927379,S-0018,-12.467222021006881,0,1,男性,63,4,12,0.3333333333333333,0,0,16,4493108.581950108,7.550684931506849,5.0
C-000370749,S-0062,-26.593892048249668,0,1,女性,57,11,12,0.25,11242,2,15,4713869.782113416,4.575342465753424,1.0
C-000268217,S-0072,-29.884833050367853,0,1,女性,54,11,12,0.1666666666666666,0,0,12,4406797.312641796,9.01917808219178,6.0
C-000311736,S-0017,-100.0,1,1,女性,57,11,12,0.1666666666666666,2342,1,20,4640207.03550726,5.608219178082192,2.5
C-002070965,S-0056,-52.15008642081721,1,1,男性,42,3,12,0.3333333333333333,2057,1,15,4406070.585753419,7.528767123287671,4.0
C-001895029,S-0097,-100.0,1,1,女性,64,4,12,0.5,12912,1,21,4592508.716501317,10.09041095890411,7.0
C-000100317,S-0100,-49.07412136006619,1,1,女性,64,12,12,0.0,17947,1,17,4535925.154217558,4.720547945205479,2.0
C-000352013,S-0040,-6.822741532838748,0,1,女性,31,11,12,0.1666666666666666,58236,1,20,4550116.0180538,8.163013698630138,4.0
C-000729604,S-0002,2.4360763677887665,0,1,女性,42,9,12,0.1666666666666666,12936,1,15,4455566.655169959,5.663013698630137,2.0
C-001968326,S-0056,-83.98700526791457,1,1,男性,36,4,12,0.25,5315,2,15,4406070.585753419,7.528767123287671,4.0
C-000541237,S-0007,-18.032197359298454,0,1,女性,25,10,12,0.3333333333333333,0,0,21,4487075.727367008,3.7260273972602738,1.0
C-000999019,S-0072,-88.79459038664082,1,1,女性,57,8,12,0.0833333333333333,256435,2,12,4406797.312641796,9.01917808219178,6.0
C-002156461,S-0111,-22.398291342965706,0,1,女性,50,3,12,0.5833333333333334,3079,1,19,4489501.980758176,6.397260273972603,4.0
C-000933686,S-0018,-55.5697634387449,1,1,女性,39,8,12,0.6666666666666666,0,0,16,4493108.581950108,7.550684931506849,5.0
C-002088354,S-0115,-61.365718537762426,1,1,男性,37,3,12,0.0833333333333333,0,0,14,4553643.099564746,10.51095890410959,7.0
C-000813949,S-0097,-63.43368726166371,1,1,男性,36,9,12,0.1666666666666666,0,0,21,4592508.716501317,10.09041095890411,7.0
C-000050682,S-0072,-100.0,1,1,男性,41,12,12,0.1666666666666666,7062,1,12,4406797.312641796,9.01917808219178,6.0
C-001060050,S-0056,-14.926549440822509,0,1,男性,57,8,12,0.4166666666666667,15303,1,15,4406070.585753419,7.528767123287671,4.0
C-000960177,S-0117,-17.612913287585776,0,1,男性,55,8,12,0.0833333333333333,411467,1,20,4500859.737076383,9.593150684931507,7.0
C-000746320,S-0074,-100.0,1,1,男性,38,9,12,0.0,0,0,14,4614054.39694187,8.308219178082192,6.0
C-002295626,S-0019,-100.0,1,1,女性,42,2,12,0.25,3667,2,19,4327199.920883598,4.090410958904109,1.0
C-000152876,S-0050,-12.183046159868365,0,1,女性,45,12,12,0.1666666666666666,30288,1,20,4615411.181286601,9.2013698630137,6.0
C-000126472,S-0039,-34.56240945171098,0,1,男性,16,12,12,0.0833333333333333,1595,1,16,4591288.568998441,8.193150684931506,5.0
C-002608861,S-0115,-88.52236480070125,1,1,女性,35,1,12,0.0,27095,1,14,4553643.099564746,10.51095890410959,7.0
C-001654764,S-0039,-58.06778856773539,1,1,女性,43,5,12,0.25,36712,1,16,4591288.568998441,8.193150684931506,5.0
C-000863997,S-0100,-100.0,1,1,女性,51,9,12,0.0833333333333333,6049,1,17,4535925.154217558,4.720547945205479,2.0
C-001703601,S-0039,-29.09760990400414,0,1,女性,64,5,12,0.0833333333333333,14240,2,16,4591288.568998441,8.193150684931506,5.0
C-001078761,S-0099,-49.15549236388596,1,1,女性,61,8,12,0.3333333333333333,1156,2,13,4464126.154078853,8.147945205479452,5.0
C-001007709,S-0030,-39.87801656540392,0,1,男性,42,8,12,0.3333333333333333,0,0,22,4426478.045479023,9.236986301369862,5.5
C-001456381,S-0059,-59.094106583536345,1,1,女性,81,6,12,0.1666666666666666,8172,1,14,4713188.969095345,6.8123287671232875,3.0
C-000084821,S-0121,-18.728451444836796,0,1,女性,41,12,12,0.1666666666666666,0,0,14,4716268.25678644,9.856164383561644,7.0
C-001550388,S-0012,-34.04785766567198,0,1,女性,59,6,12,0.25,26014,2,16,4444678.825084195,7.994520547945205,5.0
C-002036306,S-0039,-41.59983104094617,0,1,男性,59,3,12,0.5,0,0,16,4591288.568998441,8.193150684931506,5.0
C-001847778,S-0020,-66.84453779272772,1,1,女性,47,4,12,0.0833333333333333,1640,2,16,4280702.057267675,6.986301369863014,3.5
C-001299911,S-0131,-100.0,1,1,男性,71,7,12,0.3333333333333333,5780,1,17,4569023.5643747775,5.13972602739726,2.0
C-000402098,S-0005,-21.45130704157159,0,1,男性,59,11,12,0.75,2612,1,21,4733942.970761149,4.69041095890411,2.0
C-000162941,S-0097,-75.82964757585148,1,1,女性,43,12,12,0.3333333333333333,4308,2,21,4592508.716501317,10.09041095890411,7.0
C-001484078,S-0020,-100.0,1,1,女性,36,6,12,0.25,7550,1,16,4280702.057267675,6.986301369863014,3.5
C-001233058,S-0115,-29.4015487544386,0,1,女性,56,7,12,0.1666666666666666,5759,1,14,4553643.099564746,10.51095890410959,7.0
C-002381029,S-0018,-62.878324298857926,1,1,男性,57,2,12,0.25,0,0,16,4493108.581950108,7.550684931506849,5.0
C-000594294,S-0113,-25.795059469350413,0,1,男性,60,10,12,0.3333333333333333,0,0,16,4336633.961311346,5.77945205479452,2.5
C-001488460,S-0121,-27.57067807148485,0,1,女性,49,6,12,0.5,4248,1,14,4716268.25678644,9.856164383561644,7.0
C-002592337,S-0048,-13.447210844154602,0,1,男性,53,1,12,0.75,6885,1,15,4502249.082895545,3.671232876712329,1.0
C-000818329,S-0050,-41.54330204778157,0,1,男性,40,9,12,0.4166666666666667,19992,1,20,4615411.181286601,9.2013698630137,6.0
C-000671511,S-0082,-17.045223758528515,0,1,男性,41,10,12,0.25,18616,2,17,4607261.71451126,4.758904109589041,2.0
C-000016379,S-0014,-41.30844002157616,0,1,女性,41,12,12,0.1666666666666666,4722,1,21,4730192.353344672,7.336986301369863,4.0
C-001658175,S-0113,-19.627454078042195,0,1,女性,41,5,12,0.6666666666666666,30802,1,16,4336633.961311346,5.77945205479452,2.5
C-000415446,S-0102,-49.81539771804361,1,1,男性,45,11,12,0.25,0,0,16,4383474.364435211,10.484931506849314,7.5
C-000543362,S-0080,-9.709836274832547,0,1,男性,49,10,12,0.1666666666666666,30283,1,17,4457429.264950683,11.673972602739726,9.0
C-001783918,S-0063,-32.07783271834378,0,1,女性,49,5,12,0.25,6934,1,18,4564012.176421695,5.749315068493151,3.0
C-001693061,S-0050,-100.0,1,1,男性,50,5,12,0.5,0,0,20,4615411.181286601,9.2013698630137,6.0
C-000594186,S-0056,-82.36048971664412,1,1,女性,58,10,12,0.1666666666666666,18100,1,15,4406070.585753419,7.528767123287671,4.0
C-000998517,S-0036,-29.3828335443522,0,1,男性,41,8,12,0.3333333333333333,0,0,19,4397834.424680548,11.123287671232877,9.0
C-001814188,S-0017,-17.511613382703597,0,1,女性,55,4,12,0.4166666666666667,0,0,20,4640207.03550726,5.608219178082192,2.5
C-001338505,S-0121,-50.664138364837626,1,1,女性,44,7,12,0.0,11404,2,14,4716268.25678644,9.856164383561644,7.0
C-000166177,S-0085,-19.985629181933536,0,1,女性,70,12,12,0.1666666666666666,66442,1,15,4606655.398026554,4.928767123287671,2.0
C-000820550,S-0036,-39.62335658158062,0,1,男性,53,9,12,0.4166666666666667,0,0,19,4397834.424680548,11.123287671232877,9.0
C-000507678,S-0054,-17.664769003026933,0,1,男性,55,10,12,0.4166666666666667,8983,2,23,4489160.181517739,6.358904109589041,4.0
C-001668575,S-0039,-29.788931909420608,0,1,女性,57,5,12,0.1666666666666666,0,0,16,4591288.568998441,8.193150684931506,5.0
C-000348694,S-0039,-17.908222342747436,0,1,女性,55,11,12,0.6666666666666666,71690,2,16,4591288.568998441,8.193150684931506,5.0
C-000616798,S-0056,-75.78952666146607,1,1,女性,67,10,12,0.5,181246,2,15,4406070.585753419,7.528767123287671,4.0
C-001504391,S-0018,-100.0,1,1,女性,45,6,12,0.3333333333333333,25911,1,16,4493108.581950108,7.550684931506849,5.0
C-000351224,S-0072,-36.14104412719728,0,1,女性,37,11,12,0.1666666666666666,11411,1,12,4406797.312641796,9.01917808219178,6.0
C-001716692,S-0054,-44.82161917391726,0,1,男性,69,5,12,0.1666666666666666,0,0,23,4489160.181517739,6.358904109589041,4.0
C-002266622,S-0004,-100.0,1,1,女性,46,2,12,0.0833333333333333,14522,2,22,4423576.351309,11.806849315068494,9.0
C-002152473,S-0131,-69.62080501085448,1,1,男性,48,3,12,0.8333333333333334,0,0,17,4569023.5643747775,5.13972602739726,2.0
C-000456022,S-0102,-30.98036490139247,0,1,女性,46,10,12,0.3333333333333333,362,2,16,4383474.364435211,10.484931506849314,7.5
C-001444238,S-0096,-100.0,1,1,男性,53,6,12,0.5,0,0,16,4644856.458098179,8.302739726027397,5.0
C-000519135,S-0004,-60.24441876289328,1,1,女性,47,10,12,0.1666666666666666,215976,2,22,4423576.351309,11.806849315068494,9.0
C-002361545,S-0102,-12.22598804758588,0,1,女性,54,2,12,0.0833333333333333,22601,2,16,4383474.364435211,10.484931506849314,7.5
C-001343033,S-0007,-24.121861977843277,0,1,男性,50,7,12,0.25,0,0,21,4487075.727367008,3.7260273972602738,1.0
C-000112713,S-0056,-35.572444151790066,0,1,女性,37,12,12,0.25,0,0,15,4406070.585753419,7.528767123287671,4.0
C-002604378,S-0072,-47.05498156939744,0,1,女性,47,1,12,0.5,49490,1,12,4406797.312641796,9.01917808219178,6.0
C-002238697,S-0117,-65.65664056320203,1,1,女性,50,3,12,0.0833333333333333,24291,1,20,4500859.737076383,9.593150684931507,7.0
C-000455135,S-0014,-82.65755021996077,1,1,女性,58,10,12,0.0833333333333333,0,0,21,4730192.353344672,7.336986301369863,4.0
C-002484704,S-0082,-28.258510486641857,0,1,女性,32,1,12,0.1666666666666666,5913,2,17,4607261.71451126,4.758904109589041,2.0
C-000935604,S-0113,-100.0,1,1,女性,49,8,12,0.25,23411,1,16,4336633.961311346,5.77945205479452,2.5
C-001238166,S-0008,-29.56348736410791,0,1,男性,38,7,12,0.25,0,0,22,4498453.308937302,10.772602739726027,7.0
C-002005503,S-0072,-22.46387686821898,0,1,女性,49,4,12,0.0833333333333333,0,0,12,4406797.312641796,9.01917808219178,6.0
C-001786024,S-0050,-16.954384640125294,0,1,女性,62,5,12,0.3333333333333333,28696,1,20,4615411.181286601,9.2013698630137,6.0
C-001760095,S-0072,-23.349469356452342,0,1,男性,23,5,12,0.0833333333333333,9689,2,12,4406797.312641796,9.01917808219178,6.0
C-002055423,S-0054,-32.31289076985714,0,1,女性,33,3,12,0.25,129608,1,23,4489160.181517739,6.358904109589041,4.0
C-001456412,S-0121,-41.49504799634314,0,1,男性,45,6,12,0.3333333333333333,0,0,14,4716268.25678644,9.856164383561644,7.0
C-001677312,S-0079,-50.18977450323733,1,1,女性,49,5,12,0.1666666666666666,0,0,13,4256656.371085242,8.479452054794521,6.0
C-000248683,S-0080,-100.0,1,1,女性,49,11,12,0.25,340,1,17,4457429.264950683,11.673972602739726,9.0
C-001112674,S-0048,-39.70523281493363,0,1,女性,76,8,12,0.0833333333333333,0,0,15,4502249.082895545,3.671232876712329,1.0
C-001587371,S-0121,-100.0,1,1,女性,57,5,12,0.3333333333333333,0,0,14,4716268.25678644,9.856164383561644,7.0
C-001668046,S-0017,-18.012054195996516,0,1,女性,59,5,12,0.25,0,0,20,4640207.03550726,5.608219178082192,2.5
C-000548735,S-0004,-100.0,1,1,男性,52,10,12,0.0833333333333333,0,0,22,4423576.351309,11.806849315068494,9.0
C-001638487,S-0014,-100.0,1,1,男性,53,5,12,0.4166666666666667,10435,1,21,4730192.353344672,7.336986301369863,4.0
C-002017669,S-0074,-96.56662435444888,1,1,女性,52,4,12,0.6666666666666666,0,0,14,4614054.39694187,8.308219178082192,6.0
C-000768113,S-0005,-9.77119691540925,0,1,女性,45,9,12,0.1666666666666666,0,0,21,4733942.970761149,4.69041095890411,2.0
C-001637372,S-0096,-53.39775048723789,1,1,女性,41,5,12,0.25,0,0,16,4644856.458098179,8.302739726027397,5.0
C-001474793,S-0072,-24.180251047620256,0,1,男性,68,6,12,0.8333333333333334,7344,1,12,4406797.312641796,9.01917808219178,6.0
C-000990479,S-0115,-100.0,1,1,男性,36,8,12,0.25,0,0,14,4553643.099564746,10.51095890410959,7.0
C-000523127,S-0018,-100.0,1,1,男性,67,10,12,0.1666666666666666,5161,1,16,4493108.581950108,7.550684931506849,5.0
C-000943450,S-0048,-100.0,1,1,男性,51,8,12,0.0833333333333333,20994,1,15,4502249.082895545,3.671232876712329,1.0
C-002673732,S-0079,-5.678216035179102,0,1,女性,58,1,12,0.4166666666666667,4634,2,13,4256656.371085242,8.479452054794521,6.0
C-000290953,S-0018,-100.0,1,1,女性,56,11,12,0.4166666666666667,12836,2,16,4493108.581950108,7.550684931506849,5.0
C-002491263,S-0072,-68.42320354183221,1,1,女性,44,1,12,0.0833333333333333,16005,1,12,4406797.312641796,9.01917808219178,6.0
C-002187575,S-0072,-36.71091646988906,0,1,男性,48,3,12,0.25,1616,1,12,4406797.312641796,9.01917808219178,6.0
C-000329538,S-0113,-63.818586356231876,1,1,女性,57,11,12,0.1666666666666666,0,0,16,4336633.961311346,5.77945205479452,2.5
C-000951511,S-0074,-55.021642790889416,1,1,女性,43,8,12,0.25,31247,2,14,4614054.39694187,8.308219178082192,6.0
C-000576656,S-0106,-68.05675732229405,1,1,女性,52,10,12,0.1666666666666666,5796,1,20,4462729.145118021,6.171232876712329,3.5
C-001978478,S-0089,-99.021316387903,1,1,女性,35,4,12,0.25,0,0,19,4721110.949352573,10.142465753424657,7.0
C-000257493,S-0059,-28.16521904146742,0,1,女性,70,11,12,0.0833333333333333,0,0,14,4713188.969095345,6.8123287671232875,3.0
C-002281390,S-0079,-35.511649681224526,0,1,男性,67,2,12,0.25,26093,2,13,4256656.371085242,8.479452054794521,6.0
C-001206129,S-0106,-34.301960004514406,0,1,女性,34,7,12,0.1666666666666666,19654,2,20,4462729.145118021,6.171232876712329,3.5
C-001949806,S-0005,-100.0,1,1,女性,67,4,12,0.25,0,0,21,4733942.970761149,4.69041095890411,2.0
C-001356504,S-0036,-46.42770235214714,0,1,女性,52,6,12,0.0833333333333333,3647,1,19,4397834.424680548,11.123287671232877,9.0
C-002287097,S-0100,-74.88166458483991,1,1,女性,24,2,12,0.25,17093,2,17,4535925.154217558,4.720547945205479,2.0
C-000762872,S-0106,-100.0,1,1,女性,31,9,12,0.0833333333333333,0,0,20,4462729.145118021,6.171232876712329,3.5
C-000961676,S-0115,-100.0,1,1,女性,66,8,12,0.0,0,0,14,4553643.099564746,10.51095890410959,7.0
C-002331671,S-0096,-43.877052410350714,0,1,女性,45,2,12,0.0833333333333333,5528,1,16,4644856.458098179,8.302739726027397,5.0
C-001714353,S-0004,-51.714487730349525,1,1,男性,47,5,12,0.1666666666666666,0,0,22,4423576.351309,11.806849315068494,9.0
C-000517645,S-0036,-90.16862758789233,1,1,男性,19,10,12,0.0,44471,2,19,4397834.424680548,11.123287671232877,9.0
C-002682677,S-0102,-100.0,1,1,男性,43,1,12,0.25,7439,2,16,4383474.364435211,10.484931506849314,7.5
C-001436066,S-0036,-52.03658254376444,1,1,男性,53,6,12,0.3333333333333333,10412,1,19,4397834.424680548,11.123287671232877,9.0
C-001132449,S-0012,-87.20108210193196,1,1,女性,40,7,12,0.1666666666666666,0,0,16,4444678.825084195,7.994520547945205,5.0
C-002206057,S-0054,-22.259456000706063,0,1,男性,54,3,12,0.0833333333333333,0,0,23,4489160.181517739,6.358904109589041,4.0
C-000596279,S-0056,-30.219749214692808,0,1,女性,52,10,12,0.1666666666666666,0,0,15,4406070.585753419,7.528767123287671,4.0
C-000658811,S-0012,-53.39850718858222,1,1,女性,37,10,12,0.1666666666666666,1284,2,16,4444678.825084195,7.994520547945205,5.0
C-000335968,S-0048,-61.07795331902997,1,1,男性,43,11,12,0.1666666666666666,7171,1,15,4502249.082895545,3.671232876712329,1.0
C-001639601,S-0017,-100.0,1,1,女性,36,5,12,0.4166666666666667,22646,1,20,4640207.03550726,5.608219178082192,2.5
C-002655548,S-0111,-25.05789155692913,0,1,女性,35,1,12,0.0833333333333333,25557,2,19,4489501.980758176,6.397260273972603,4.0
C-001860087,S-0054,-90.35625695814372,1,1,女性,44,4,12,0.0,0,0,23,4489160.181517739,6.358904109589041,4.0
C-001283861,S-0121,-29.80161547134254,0,1,女性,49,7,12,0.3333333333333333,6729,1,14,4716268.25678644,9.856164383561644,7.0
C-000037461,S-0079,-88.06087420142364,1,1,女性,45,12,12,0.5,18368,1,13,4256656.371085242,8.479452054794521,6.0
C-000023959,S-0082,-13.317075250479643,0,1,男性,69,12,12,0.25,14521,2,17,4607261.71451126,4.758904109589041,2.0
C-001203610,S-0113,-100.0,1,1,女性,62,7,12,0.0833333333333333,20563,2,16,4336633.961311346,5.77945205479452,2.5
C-000467121,S-0117,-24.43357393702134,0,1,女性,37,10,12,0.25,8029,1,20,4500859.737076383,9.593150684931507,7.0
C-001164320,S-0056,-24.05625012664384,0,1,女性,90,7,12,0.3333333333333333,11340,2,15,4406070.585753419,7.528767123287671,4.0
C-002030984,S-0072,-63.830988807885824,1,1,女性,48,3,12,0.0,9533,1,12,4406797.312641796,9.01917808219178,6.0
C-000635569,S-0074,-22.0426120795919,0,1,女性,65,10,12,0.25,2341,1,14,4614054.39694187,8.308219178082192,6.0
C-000423940,S-0079,-19.226968829802253,0,1,女性,45,11,12,0.4166666666666667,0,0,13,4256656.371085242,8.479452054794521,6.0
C-002163969,S-0102,-53.88115767565647,1,1,男性,66,3,12,0.0833333333333333,27415,2,16,4383474.364435211,10.484931506849314,7.5
C-000337248,S-0085,-12.389347246544265,0,1,女性,34,11,12,0.1666666666666666,836,1,15,4606655.398026554,4.928767123287671,2.0
C-002370397,S-0059,-66.03461043769731,1,1,男性,62,2,12,0.1666666666666666,0,0,14,4713188.969095345,6.8123287671232875,3.0
C-001486639,S-0018,-100.0,1,1,女性,20,6,12,0.25,0,0,16,4493108.581950108,7.550684931506849,5.0
C-000055512,S-0099,-18.923926833089883,0,1,女性,57,12,12,0.25,67970,1,13,4464126.154078853,8.147945205479452,5.0
C-002566622,S-0080,-100.0,1,1,女性,25,1,12,0.0,0,0,17,4457429.264950683,11.673972602739726,9.0
C-000495046,S-0121,-100.0,1,1,女性,26,10,12,0.8333333333333334,11636,1,14,4716268.25678644,9.856164383561644,7.0
C-000030162,S-0080,-100.0,1,1,女性,59,12,12,0.0833333333333333,0,0,17,4457429.264950683,11.673972602739726,9.0
C-000471496,S-0020,-100.0,1,1,女性,47,10,12,0.0833333333333333,21828,1,16,4280702.057267675,6.986301369863014,3.5
C-001416224,S-0017,-26.794319686549834,0,1,女性,63,6,12,0.0833333333333333,45770,1,20,4640207.03550726,5.608219178082192,2.5
C-002134829,S-0014,-63.631612853815554,1,1,女性,42,3,12,0.1666666666666666,1748,1,21,4730192.353344672,7.336986301369863,4.0
C-001253605,S-0102,-78.90155702239207,1,1,男性,45,7,12,0.1666666666666666,128620,2,16,4383474.364435211,10.484931506849314,7.5
C-000026464,S-0074,-56.292110987320285,1,1,女性,43,12,12,0.0833333333333333,13916,1,14,4614054.39694187,8.308219178082192,6.0
C-001916831,S-0131,-29.23398850998522,0,1,男性,21,4,12,0.5,28694,1,17,4569023.5643747775,5.13972602739726,2.0
C-001633017,S-0056,-76.4217602512308,1,1,女性,44,5,12,0.3333333333333333,0,0,15,4406070.585753419,7.528767123287671,4.0
C-000016352,S-0036,-100.0,1,1,女性,43,12,12,0.3333333333333333,0,0,19,4397834.424680548,11.123287671232877,9.0
C-000358898,S-0096,-61.49694097549179,1,1,男性,65,11,12,0.3333333333333333,53307,1,16,4644856.458098179,8.302739726027397,5.0
C-001016662,S-0079,-26.371482491088276,0,1,男性,67,8,12,0.1666666666666666,0,0,13,4256656.371085242,8.479452054794521,6.0
C-001417774,S-0014,-64.8120929676764,1,1,女性,48,6,12,0.1666666666666666,31082,2,21,4730192.353344672,7.336986301369863,4.0
C-002529468,S-0111,-100.0,1,1,女性,51,1,12,0.25,9930,1,19,4489501.980758176,6.397260273972603,4.0
C-000576228,S-0048,-44.16754376246399,0,1,女性,46,10,12,0.1666666666666666,19368,1,15,4502249.082895545,3.671232876712329,1.0
C-001799970,S-0036,-100.0,1,1,男性,57,4,12,0.0833333333333333,102140,1,19,4397834.424680548,11.123287671232877,9.0
C-001273853,S-0039,-35.607362450706745,0,1,女性,65,7,12,0.25,0,0,16,4591288.568998441,8.193150684931506,5.0
C-002260359,S-0097,-16.22220233773877,0,1,女性,42,2,12,0.3333333333333333,0,0,21,4592508.716501317,10.09041095890411,7.0
C-000715434,S-0115,-100.0,1,1,女性,20,9,12,0.1666666666666666,0,0,14,4553643.099564746,10.51095890410959,7.0
C-002503840,S-0079,-61.236105495844114,1,1,女性,50,1,12,0.25,0,0,13,4256656.371085242,8.479452054794521,6.0
C-001403052,S-0018,-100.0,1,1,女性,51,6,12,0.25,39908,1,16,4493108.581950108,7.550684931506849,5.0
C-001695726,S-0004,-55.53854896066282,1,1,男性,47,5,12,0.25,0,0,22,4423576.351309,11.806849315068494,9.0
C-002002301,S-0036,-55.41549971152486,1,1,女性,42,4,12,0.25,91598,1,19,4397834.424680548,11.123287671232877,9.0
C-000037444,S-0056,-99.24900303697738,1,1,男性,53,12,12,0.25,11822,1,15,4406070.585753419,7.528767123287671,4.0
C-001119265,S-0012,-66.48276122979142,1,1,女性,59,8,12,0.1666666666666666,0,0,16,4444678.825084195,7.994520547945205,5.0
C-001640286,S-0059,-44.16604527128648,0,1,女性,67,5,12,0.8333333333333334,0,0,14,4713188.969095345,6.8123287671232875,3.0
C-000485573,S-0117,-43.73480213570557,0,1,女性,54,10,12,0.0,11069,1,20,4500859.737076383,9.593150684931507,7.0
C-001991684,S-0040,-51.56879622135722,1,1,男性,56,4,12,0.25,9124,1,20,4550116.0180538,8.163013698630138,4.0
C-002311707,S-0004,-62.697529045819245,1,1,女性,29,2,12,0.25,11951,1,22,4423576.351309,11.806849315068494,9.0
C-001146124,S-0020,-30.685301973172013,0,1,女性,42,7,12,0.0833333333333333,16093,1,16,4280702.057267675,6.986301369863014,3.5
C-002020782,S-0050,-100.0,1,1,男性,46,4,12,0.3333333333333333,19015,2,20,4615411.181286601,9.2013698630137,6.0
C-000582356,S-0074,-100.0,1,1,男性,31,10,12,0.25,1479,1,14,4614054.39694187,8.308219178082192,6.0
C-000508779,S-0019,-6.551844398334396,0,1,女性,53,10,12,0.3333333333333333,10146,1,19,4327199.920883598,4.090410958904109,1.0
C-000753541,S-0008,-100.0,1,1,女性,70,9,12,0.3333333333333333,0,0,22,4498453.308937302,10.772602739726027,7.0
C-002414610,S-0121,-66.62083085981511,1,1,女性,27,2,12,0.3333333333333333,0,0,14,4716268.25678644,9.856164383561644,7.0
C-001378070,S-0014,-71.11840106919385,1,1,女性,24,6,12,0.25,0,0,21,4730192.353344672,7.336986301369863,4.0
C-002326166,S-0121,-100.0,1,1,女性,40,2,12,0.1666666666666666,82389,2,14,4716268.25678644,9.856164383561644,7.0
C-001125182,S-0036,-38.725940119118604,0,1,男性,45,8,12,0.3333333333333333,113711,1,19,4397834.424680548,11.123287671232877,9.0
C-002117037,S-0002,-55.06942663136854,1,1,女性,32,3,12,0.4166666666666667,28664,1,15,4455566.655169959,5.663013698630137,2.0
C-001893036,S-0089,-20.802004483490872,0,1,男性,27,4,12,0.0833333333333333,4083,2,19,4721110.949352573,10.142465753424657,7.0
C-000907747,S-0099,-23.57012903463734,0,1,男性,43,8,12,0.0833333333333333,26607,1,13,4464126.154078853,8.147945205479452,5.0
C-000780897,S-0079,-100.0,1,1,女性,47,9,12,0.5,1049,1,13,4256656.371085242,8.479452054794521,6.0
C-001511211,S-0075,-17.557338948757636,0,1,女性,80,6,12,0.25,0,0,19,4506647.2743158825,4.526027397260274,1.0
C-002264425,S-0040,-39.79513162242538,0,1,女性,52,2,12,0.0833333333333333,0,0,20,4550116.0180538,8.163013698630138,4.0
C-001430790,S-0111,-31.71895261548711,0,1,女性,66,6,12,0.25,71145,1,19,4489501.980758176,6.397260273972603,4.0
C-000644284,S-0117,-58.084991026024525,1,1,女性,47,10,12,0.25,3058,2,20,4500859.737076383,9.593150684931507,7.0
C-001814098,S-0012,-36.24227619729626,0,1,男性,52,4,12,0.25,51543,1,16,4444678.825084195,7.994520547945205,5.0
C-001020045,S-0131,-45.893571208858816,0,1,男性,14,8,12,0.4166666666666667,0,0,17,4569023.5643747775,5.13972602739726,2.0
C-000946166,S-0099,-60.87122556771119,1,1,女性,42,8,12,0.25,3190,2,13,4464126.154078853,8.147945205479452,5.0
C-000708823,S-0113,-95.06289699838088,1,1,女性,63,9,12,0.3333333333333333,14725,1,16,4336633.961311346,5.77945205479452,2.5
C-000849228,S-0131,-29.500858655304484,0,1,男性,47,9,12,0.3333333333333333,0,0,17,4569023.5643747775,5.13972602739726,2.0
C-002272790,S-0111,-37.233205425191414,0,1,女性,60,2,12,0.5,0,0,19,4489501.980758176,6.397260273972603,4.0
C-001257447,S-0030,-23.466138413647393,0,1,男性,39,7,12,0.3333333333333333,2737,2,22,4426478.045479023,9.236986301369862,5.5
C-000018382,S-0072,-31.283949576683902,0,1,女性,51,12,12,0.3333333333333333,5575,2,12,4406797.312641796,9.01917808219178,6.0
C-000425502,S-0121,-25.050580133206658,0,1,女性,45,11,12,0.1666666666666666,17800,2,14,4716268.25678644,9.856164383561644,7.0
C-001847924,S-0050,-6.575030860124062,0,1,女性,33,4,12,0.25,0,0,20,4615411.181286601,9.2013698630137,6.0
C-001392805,S-0117,-100.0,1,1,女性,21,6,12,0.1666666666666666,12711,2,20,4500859.737076383,9.593150684931507,7.0
C-002352201,S-0002,-100.0,1,1,女性,24,2,12,0.0833333333333333,0,0,15,4455566.655169959,5.663013698630137,2.0
C-002421993,S-0020,-100.0,1,1,男性,56,2,12,0.1666666666666666,0,0,16,4280702.057267675,6.986301369863014,3.5
C-000688779,S-0085,-16.401399931297824,0,1,女性,53,9,12,0.6666666666666666,19301,1,15,4606655.398026554,4.928767123287671,2.0
C-001463192,S-0040,-62.334676522212064,1,1,女性,49,6,12,0.25,17725,1,20,4550116.0180538,8.163013698630138,4.0
C-001774270,S-0097,-16.66708832274533,0,1,男性,55,5,12,0.4166666666666667,41089,2,21,4592508.716501317,10.09041095890411,7.0
C-001089336,S-0040,-33.880307282224486,0,1,男性,46,8,12,0.3333333333333333,0,0,20,4550116.0180538,8.163013698630138,4.0
C-000069663,S-0082,-18.827655933341518,0,1,男性,42,12,12,0.1666666666666666,17233,2,17,4607261.71451126,4.758904109589041,2.0
C-001752036,S-0126,-100.0,1,1,女性,50,5,12,0.1666666666666666,0,0,17,4493168.352495564,5.53972602739726,3.0
C-001900638,S-0075,-100.0,1,1,男性,41,4,12,0.3333333333333333,18181,2,19,4506647.2743158825,4.526027397260274,1.0
C-002078248,S-0002,-22.699626645967165,0,1,女性,43,3,12,0.1666666666666666,29768,1,15,4455566.655169959,5.663013698630137,2.0
C-001415843,S-0117,-51.17260973726414,1,1,男性,50,6,12,0.6666666666666666,17835,1,20,4500859.737076383,9.593150684931507,7.0
C-001609234,S-0036,-31.431652148629162,0,1,女性,51,5,12,0.4166666666666667,11637,1,19,4397834.424680548,11.123287671232877,9.0
C-002013639,S-0030,-42.42087419546279,0,1,女性,33,4,12,0.1666666666666666,0,0,22,4426478.045479023,9.236986301369862,5.5
C-000405750,S-0054,-92.56949512373117,1,1,男性,44,11,12,0.9166666666666666,0,0,23,4489160.181517739,6.358904109589041,4.0
C-001677816,S-0085,-17.958905709608004,0,1,男性,69,5,12,0.0833333333333333,0,0,15,4606655.398026554,4.928767123287671,2.0
C-002051704,S-0041,-11.238595075475956,0,1,女性,66,3,12,0.1666666666666666,5622,1,17,4828489.286769263,10.389041095890411,7.0
C-001874972,S-0099,-43.78947268974053,0,1,男性,52,4,12,0.4166666666666667,1689,1,13,4464126.154078853,8.147945205479452,5.0
C-001138239,S-0117,-16.709264076363453,0,1,女性,64,7,12,0.1666666666666666,0,0,20,4500859.737076383,9.593150684931507,7.0
C-001745073,S-0036,-100.0,1,1,女性,20,5,12,0.25,0,0,19,4397834.424680548,11.123287671232877,9.0
C-001635573,S-0056,-31.06665046643176,0,1,男性,29,5,12,0.25,9560,2,15,4406070.585753419,7.528767123287671,4.0
C-002261692,S-0096,-73.00710510354389,1,1,女性,27,2,12,0.3333333333333333,54044,1,16,4644856.458098179,8.302739726027397,5.0
C-002378389,S-0097,-58.53160588232613,1,1,女性,35,2,12,0.0833333333333333,0,0,21,4592508.716501317,10.09041095890411,7.0
C-002583052,S-0089,-28.97985511190983,0,1,女性,43,1,12,0.1666666666666666,0,0,19,4721110.949352573,10.142465753424657,7.0
C-002021711,S-0117,-16.68450678922706,0,1,男性,66,4,12,0.0833333333333333,35849,1,20,4500859.737076383,9.593150684931507,7.0
C-001279053,S-0036,-62.58336106007783,1,1,女性,41,7,12,0.25,0,0,19,4397834.424680548,11.123287671232877,9.0
C-001097274,S-0117,-100.0,1,1,男性,52,8,12,0.4166666666666667,0,0,20,4500859.737076383,9.593150684931507,7.0
C-000827120,S-0004,-100.0,1,1,女性,55,9,12,0.0833333333333333,0,0,22,4423576.351309,11.806849315068494,9.0
C-001620496,S-0039,-37.33805001235212,0,1,女性,43,5,12,0.5,19594,1,16,4591288.568998441,8.193150684931506,5.0
C-001889319,S-0099,-34.03218434470846,0,1,女性,44,4,12,0.4166666666666667,0,0,13,4464126.154078853,8.147945205479452,5.0
C-002479889,S-0074,-35.94376770155516,0,1,女性,40,1,12,0.25,0,0,14,4614054.39694187,8.308219178082192,6.0
C-000903590,S-0040,-42.384287024624285,0,1,男性,52,8,12,0.1666666666666666,17502,1,20,4550116.0180538,8.163013698630138,4.0
C-000223339,S-0063,-16.131062615921167,0,1,男性,47,12,12,0.1666666666666666,0,0,18,4564012.176421695,5.749315068493151,3.0
C-001867794,S-0106,-33.10019321746803,0,1,女性,79,4,12,0.0833333333333333,50483,1,20,4462729.145118021,6.171232876712329,3.5
C-001656839,S-0080,-96.27444653329218,1,1,女性,44,5,12,0.1666666666666666,8510,2,17,4457429.264950683,11.673972602739726,9.0
C-000979120,S-0004,-100.0,1,1,女性,52,8,12,0.0833333333333333,8831,1,22,4423576.351309,11.806849315068494,9.0
C-002534399,S-0072,-47.79275986483829,0,1,女性,58,1,12,0.0833333333333333,31031,1,12,4406797.312641796,9.01917808219178,6.0
C-001113955,S-0115,-46.76721822818653,0,1,男性,59,8,12,0.1666666666666666,6036,1,14,4553643.099564746,10.51095890410959,7.0
C-001019387,S-0100,-29.355740558412723,0,1,男性,34,8,12,0.1666666666666666,0,0,17,4535925.154217558,4.720547945205479,2.0
C-001098114,S-0080,-66.83691835744507,1,1,男性,41,8,12,0.1666666666666666,114501,1,17,4457429.264950683,11.673972602739726,9.0
C-001726134,S-0111,-60.79168791432943,1,1,女性,41,5,12,0.5,0,0,19,4489501.980758176,6.397260273972603,4.0
C-000773228,S-0020,-25.29491106429625,0,1,男性,32,9,12,0.1666666666666666,2907,1,16,4280702.057267675,6.986301369863014,3.5
C-002593123,S-0014,-40.07736065051397,0,1,女性,54,1,12,0.0833333333333333,0,0,21,4730192.353344672,7.336986301369863,4.0
C-002185088,S-0113,-100.0,1,1,男性,41,3,12,0.6666666666666666,0,0,16,4336633.961311346,5.77945205479452,2.5
C-001757788,S-0102,-73.43493074099896,1,1,女性,31,5,12,0.25,44339,1,16,4383474.364435211,10.484931506849314,7.5
C-002569622,S-0072,-100.0,1,1,男性,42,1,12,0.0,0,0,12,4406797.312641796,9.01917808219178,6.0
C-002638594,S-0020,-44.71547838557672,0,1,男性,42,1,12,0.25,2683,1,16,4280702.057267675,6.986301369863014,3.5
C-000701608,S-0099,-31.753364420498198,0,1,女性,31,9,12,0.25,19092,1,13,4464126.154078853,8.147945205479452,5.0
C-000627169,S-0097,-100.0,1,1,女性,49,10,12,0.5833333333333334,40935,1,21,4592508.716501317,10.09041095890411,7.0
C-002116612,S-0036,-24.490838561725855,0,1,男性,34,3,12,0.1666666666666666,0,0,19,4397834.424680548,11.123287671232877,9.0
C-002097967,S-0004,-14.770178839538554,0,1,女性,58,3,12,0.1666666666666666,5004,2,22,4423576.351309,11.806849315068494,9.0
C-000284459,S-0059,-22.153239025972255,0,1,女性,65,11,12,0.3333333333333333,49745,2,14,4713188.969095345,6.8123287671232875,3.0
C-000459246,S-0085,-55.13728704408407,1,1,女性,58,10,12,0.1666666666666666,0,0,15,4606655.398026554,4.928767123287671,2.0
C-000057205,S-0096,-50.02484702764295,1,1,女性,52,12,12,0.1666666666666666,40717,1,16,4644856.458098179,8.302739726027397,5.0
C-002669292,S-0115,-81.43603480691479,1,1,女性,44,1,12,0.5,3451,1,14,4553643.099564746,10.51095890410959,7.0
C-002513663,S-0121,-70.94003254612726,1,1,男性,31,1,12,0.25,11733,1,14,4716268.25678644,9.856164383561644,7.0
C-001083943,S-0004,-38.77025763653768,0,1,女性,60,8,12,0.4166666666666667,0,0,22,4423576.351309,11.806849315068494,9.0
C-000063783,S-0036,-100.0,1,1,女性,34,12,12,0.5,28594,1,19,4397834.424680548,11.123287671232877,9.0
C-000395910,S-0018,-37.573080934171855,0,1,女性,51,11,12,0.0,0,0,16,4493108.581950108,7.550684931506849,5.0
C-001327891,S-0041,-24.577773575539823,0,1,女性,37,7,12,0.4166666666666667,0,0,17,4828489.286769263,10.389041095890411,7.0
C-001370054,S-0096,-67.10822583699839,1,1,男性,47,6,12,0.25,725,1,16,4644856.458098179,8.302739726027397,5.0
C-000471004,S-0117,-58.49229088395634,1,1,男性,16,10,12,0.0833333333333333,6869,1,20,4500859.737076383,9.593150684931507,7.0
C-001069226,S-0018,-65.58835246371038,1,1,男性,32,8,12,0.1666666666666666,12729,2,16,4493108.581950108,7.550684931506849,5.0
C-002435004,S-0039,-37.562120230444606,0,1,男性,28,2,12,0.25,15398,1,16,4591288.568998441,8.193150684931506,5.0
C-000255108,S-0041,-46.369701604830034,0,1,男性,44,11,12,0.3333333333333333,10012,1,17,4828489.286769263,10.389041095890411,7.0
C-001356187,S-0002,-27.67191440884677,0,1,女性,63,6,12,0.1666666666666666,0,0,15,4455566.655169959,5.663013698630137,2.0
C-001512599,S-0030,-69.87490737915704,1,1,男性,58,6,12,0.3333333333333333,0,0,22,4426478.045479023,9.236986301369862,5.5
C-002579769,S-0059,-51.48125693966662,1,1,女性,49,1,12,0.25,17383,1,14,4713188.969095345,6.8123287671232875,3.0
C-001689126,S-0020,-25.426907018026352,0,1,女性,68,5,12,0.0833333333333333,0,0,16,4280702.057267675,6.986301369863014,3.5
C-002199160,S-0097,-100.0,1,1,男性,45,3,12,0.4166666666666667,7263,2,21,4592508.716501317,10.09041095890411,7.0
C-002110573,S-0080,-48.532284269519344,0,1,男性,55,3,12,0.25,6867,1,17,4457429.264950683,11.673972602739726,9.0
C-001552902,S-0002,-70.17516253261005,1,1,男性,52,6,12,0.3333333333333333,21049,1,15,4455566.655169959,5.663013698630137,2.0
C-001840088,S-0082,-36.27726625951661,0,1,男性,54,4,12,0.5833333333333334,0,0,17,4607261.71451126,4.758904109589041,2.0
C-001165826,S-0099,-20.04491089211723,0,1,女性,32,7,12,0.0833333333333333,4988,1,13,4464126.154078853,8.147945205479452,5.0
C-002671066,S-0131,-37.36357929302685,0,1,女性,60,1,12,0.6666666666666666,0,0,17,4569023.5643747775,5.13972602739726,2.0
C-002171670,S-0056,-40.843423125410126,0,1,女性,38,3,12,0.25,9663,1,15,4406070.585753419,7.528767123287671,4.0
C-000382993,S-0099,-42.14977855243067,0,1,女性,59,11,12,0.0833333333333333,13337,1,13,4464126.154078853,8.147945205479452,5.0
C-001500545,S-0126,-28.94336428474618,0,1,男性,70,6,12,0.1666666666666666,7443,1,17,4493168.352495564,5.53972602739726,3.0
C-000059088,S-0111,-42.670842824601365,0,1,女性,60,12,12,0.1666666666666666,16998,2,19,4489501.980758176,6.397260273972603,4.0
C-002646247,S-0072,-48.211388233719745,0,1,女性,58,1,12,0.5833333333333334,0,0,12,4406797.312641796,9.01917808219178,6.0
C-000574148,S-0115,-100.0,1,1,男性,48,10,12,0.3333333333333333,2098,2,14,4553643.099564746,10.51095890410959,7.0
C-001959898,S-0072,-67.89684433528501,1,1,男性,36,4,12,0.1666666666666666,0,0,12,4406797.312641796,9.01917808219178,6.0
C-000533251,S-0039,-49.680626757069625,1,1,女性,26,10,12,0.75,0,0,16,4591288.568998441,8.193150684931506,5.0
C-001837875,S-0014,-100.0,1,1,女性,34,4,12,0.0833333333333333,0,0,21,4730192.353344672,7.336986301369863,4.0
C-001943660,S-0004,-31.509290202489282,0,1,女性,72,4,12,0.1666666666666666,112602,1,22,4423576.351309,11.806849315068494,9.0
C-000934769,S-0102,-38.388299928311625,0,1,男性,75,8,12,0.6666666666666666,21141,1,16,4383474.364435211,10.484931506849314,7.5
C-001456675,S-0117,-100.0,1,1,女性,45,6,12,0.4166666666666667,0,0,20,4500859.737076383,9.593150684931507,7.0
C-002260096,S-0012,-28.467689359128435,0,1,女性,20,2,12,0.1666666666666666,0,0,16,4444678.825084195,7.994520547945205,5.0
C-000380501,S-0097,-28.79186028370313,0,1,男性,48,11,12,0.5,0,0,21,4592508.716501317,10.09041095890411,7.0
C-001884965,S-0089,-100.0,1,1,女性,47,4,12,0.0,0,0,19,4721110.949352573,10.142465753424657,7.0
C-000412417,S-0062,-18.252911813643927,0,1,女性,48,11,12,0.4166666666666667,0,0,15,4713869.782113416,4.575342465753424,1.0
C-002302044,S-0012,-86.15407108973943,1,1,女性,67,2,12,0.0,8863,1,16,4444678.825084195,7.994520547945205,5.0
C-002409585,S-0080,-92.94439845581353,1,1,女性,65,2,12,0.3333333333333333,0,0,17,4457429.264950683,11.673972602739726,9.0
C-002637741,S-0008,-28.492451465593298,0,1,男性,41,1,12,0.0,11405,1,22,4498453.308937302,10.772602739726027,7.0
C-000628421,S-0002,-22.23895295630214,0,1,女性,34,10,12,0.0,17094,2,15,4455566.655169959,5.663013698630137,2.0
C-000325273,S-0089,-9.460525614371768,0,1,男性,34,11,12,1.0,0,0,19,4721110.949352573,10.142465753424657,7.0
C-001722129,S-0005,-18.796359741616165,0,1,男性,47,5,12,0.4166666666666667,0,0,21,4733942.970761149,4.69041095890411,2.0
C-001091094,S-0100,-9.461373371912172,0,1,女性,39,8,12,0.3333333333333333,0,0,17,4535925.154217558,4.720547945205479,2.0
C-000950458,S-0018,-100.0,1,1,男性,46,8,12,0.25,10804,1,16,4493108.581950108,7.550684931506849,5.0
C-001665900,S-0080,-62.62342754646596,1,1,男性,31,5,12,0.3333333333333333,0,0,17,4457429.264950683,11.673972602739726,9.0
C-001293716,S-0072,-100.0,1,1,女性,51,7,12,0.0,0,0,12,4406797.312641796,9.01917808219178,6.0
C-001088034,S-0099,-100.0,1,1,男性,25,8,12,0.25,3894,1,13,4464126.154078853,8.147945205479452,5.0
C-001200017,S-0121,-55.42375167174277,1,1,男性,74,7,12,0.1666666666666666,69635,2,14,4716268.25678644,9.856164383561644,7.0
C-001589177,S-0099,-79.67658410278958,1,1,男性,66,5,12,0.25,14332,1,13,4464126.154078853,8.147945205479452,5.0
C-002076439,S-0080,-100.0,1,1,女性,34,3,12,0.1666666666666666,19565,2,17,4457429.264950683,11.673972602739726,9.0
C-000339198,S-0041,-88.19360496811966,1,1,女性,42,11,12,0.25,35207,1,17,4828489.286769263,10.389041095890411,7.0
C-000368956,S-0012,-38.32599953761081,0,1,女性,47,11,12,0.0833333333333333,13982,1,16,4444678.825084195,7.994520547945205,5.0
C-002049921,S-0012,-100.0,1,1,女性,43,3,12,0.1666666666666666,0,0,16,4444678.825084195,7.994520547945205,5.0
C-000173406,S-0036,-83.48632505501415,1,1,男性,43,12,12,0.25,0,0,19,4397834.424680548,11.123287671232877,9.0
C-002679697,S-0048,-18.733739714424008,0,1,男性,58,1,12,0.25,0,0,15,4502249.082895545,3.671232876712329,1.0
C-001783602,S-0062,-57.841185792138525,1,1,女性,32,5,12,0.75,0,0,15,4713869.782113416,4.575342465753424,1.0
C-000105339,S-0097,-100.0,1,1,女性,69,12,12,0.1666666666666666,56362,2,21,4592508.716501317,10.09041095890411,7.0
C-002673790,S-0012,-31.428494600302407,0,1,男性,58,1,12,0.1666666666666666,47235,2,16,4444678.825084195,7.994520547945205,5.0
C-001962804,S-0121,-27.306580070162134,0,1,男性,32,4,12,0.4166666666666667,70498,1,14,4716268.25678644,9.856164383561644,7.0
C-000981020,S-0041,-53.38965617197946,1,1,女性,67,8,12,0.25,15798,1,17,4828489.286769263,10.389041095890411,7.0
C-001342511,S-0041,-24.537703622145056,0,1,女性,52,7,12,0.0,0,0,17,4828489.286769263,10.389041095890411,7.0
C-001228580,S-0054,-100.0,1,1,女性,42,7,12,0.0833333333333333,0,0,23,4489160.181517739,6.358904109589041,4.0
C-001745721,S-0082,-33.124313354770656,0,1,男性,51,5,12,0.25,0,0,17,4607261.71451126,4.758904109589041,2.0
C-002118084,S-0018,-33.38901511515035,0,1,男性,56,3,12,0.4166666666666667,11585,1,16,4493108.581950108,7.550684931506849,5.0
C-001654262,S-0106,-79.87582441475611,1,1,女性,50,5,12,0.1666666666666666,0,0,20,4462729.145118021,6.171232876712329,3.5
C-000804143,S-0014,-9.574923631676796,0,1,男性,53,9,12,0.1666666666666666,9380,1,21,4730192.353344672,7.336986301369863,4.0
C-002691082,S-0036,-20.504117196476447,0,1,女性,47,1,12,0.0,24876,1,19,4397834.424680548,11.123287671232877,9.0
C-001116135,S-0100,-100.0,1,1,女性,51,8,12,0.1666666666666666,24866,2,17,4535925.154217558,4.720547945205479,2.0
C-000317331,S-0018,-83.94077209308844,1,1,女性,57,11,12,0.0833333333333333,56497,2,16,4493108.581950108,7.550684931506849,5.0
C-001771299,S-0072,-51.808935590688186,1,1,男性,68,5,12,0.0833333333333333,0,0,12,4406797.312641796,9.01917808219178,6.0
C-001009356,S-0012,-100.0,1,1,女性,77,8,12,0.1666666666666666,86550,2,16,4444678.825084195,7.994520547945205,5.0
C-002502685,S-0097,-55.9024057900895,1,1,男性,49,1,12,0.5833333333333334,2223,2,21,4592508.716501317,10.09041095890411,7.0
C-000296320,S-0117,-27.81070032849894,0,1,女性,37,11,12,0.25,0,0,20,4500859.737076383,9.593150684931507,7.0
C-001813530,S-0004,-34.4687886021046,0,1,女性,21,4,12,0.25,69134,1,22,4423576.351309,11.806849315068494,9.0
C-001402603,S-0126,-15.898441415255087,0,1,男性,34,6,12,0.5,0,0,17,4493168.352495564,5.53972602739726,3.0
C-000616141,S-0017,-36.271449178633716,0,1,女性,23,10,12,0.4166666666666667,0,0,20,4640207.03550726,5.608219178082192,2.5
C-001975444,S-0121,-100.0,1,1,男性,56,4,12,0.25,14108,1,14,4716268.25678644,9.856164383561644,7.0
C-000825565,S-0018,-42.35455870659952,0,1,女性,52,9,12,0.0833333333333333,15979,1,16,4493108.581950108,7.550684931506849,5.0
C-001796153,S-0131,-24.219001536239617,0,1,女性,58,5,12,0.25,0,0,17,4569023.5643747775,5.13972602739726,2.0
C-002333821,S-0097,-100.0,1,1,女性,49,2,12,0.1666666666666666,173338,1,21,4592508.716501317,10.09041095890411,7.0
C-000001172,S-0048,-17.969989226236063,0,1,女性,56,13,12,0.0833333333333333,0,0,15,4502249.082895545,3.671232876712329,1.0
C-000932997,S-0014,-73.55008318757731,1,1,女性,27,8,12,0.1666666666666666,11001,2,21,4730192.353344672,7.336986301369863,4.0
C-002371920,S-0054,-31.915549604023724,0,1,男性,37,2,12,0.3333333333333333,9277,2,23,4489160.181517739,6.358904109589041,4.0
C-001172396,S-0017,-63.570695185222206,1,1,男性,54,7,12,0.6666666666666666,0,0,20,4640207.03550726,5.608219178082192,2.5
C-002369733,S-0097,-38.10077583224892,0,1,男性,41,2,12,0.1666666666666666,11021,2,21,4592508.716501317,10.09041095890411,7.0
C-002345080,S-0089,-53.16508266811223,1,1,女性,36,2,12,0.1666666666666666,5326,1,19,4721110.949352573,10.142465753424657,7.0
C-002303309,S-0117,-100.0,1,1,女性,56,2,12,0.5833333333333334,0,0,20,4500859.737076383,9.593150684931507,7.0
C-000016547,S-0018,-23.535430855177328,0,1,男性,79,12,12,0.25,6592,2,16,4493108.581950108,7.550684931506849,5.0
C-001558706,S-0099,-78.98064123587419,1,1,女性,21,6,12,0.0833333333333333,0,0,13,4464126.154078853,8.147945205479452,5.0
C-001061946,S-0008,-70.8503903337001,1,1,女性,59,8,12,0.1666666666666666,87803,1,22,4498453.308937302,10.772602739726027,7.0
C-000046981,S-0036,-71.08144046339642,1,1,女性,36,12,12,0.3333333333333333,9704,1,19,4397834.424680548,11.123287671232877,9.0
C-002643097,S-0050,-34.88512363293449,0,1,男性,40,1,12,0.0,26291,1,20,4615411.181286601,9.2013698630137,6.0
C-000536623,S-0040,-13.013576126535034,0,1,女性,80,10,12,0.0,0,0,20,4550116.0180538,8.163013698630138,4.0
C-001935609,S-0030,-100.0,1,1,女性,57,4,12,0.25,9633,1,22,4426478.045479023,9.236986301369862,5.5
C-002383904,S-0040,-17.378600415718104,0,1,男性,44,2,12,0.8333333333333334,28825,2,20,4550116.0180538,8.163013698630138,4.0
C-000522330,S-0036,-85.03491159203807,1,1,男性,45,10,12,0.1666666666666666,5297,2,19,4397834.424680548,11.123287671232877,9.0
C-002107432,S-0121,-100.0,1,1,女性,48,3,12,0.0833333333333333,5321,2,14,4716268.25678644,9.856164383561644,7.0
C-000147135,S-0048,-100.0,1,1,女性,54,12,12,0.25,0,0,15,4502249.082895545,3.671232876712329,1.0
C-001751010,S-0074,-62.72011121408711,1,1,男性,42,5,12,0.4166666666666667,5744,1,14,4614054.39694187,8.308219178082192,6.0
C-000263981,S-0131,-100.0,1,1,女性,49,11,12,0.0,0,0,17,4569023.5643747775,5.13972602739726,2.0
C-000712471,S-0036,-63.03514205650082,1,1,男性,36,9,12,0.4166666666666667,14960,2,19,4397834.424680548,11.123287671232877,9.0
C-001575533,S-0089,-100.0,1,1,女性,66,6,12,0.25,3568,1,19,4721110.949352573,10.142465753424657,7.0
C-000221023,S-0020,-79.18127388853267,1,1,女性,37,12,12,0.1666666666666666,0,0,16,4280702.057267675,6.986301369863014,3.5
C-001720789,S-0012,-56.733143831722565,1,1,男性,54,5,12,0.1666666666666666,32993,2,16,4444678.825084195,7.994520547945205,5.0
C-001483839,S-0079,-100.0,1,1,女性,50,6,12,0.4166666666666667,0,0,13,4256656.371085242,8.479452054794521,6.0
C-001142544,S-0018,-43.317478167619456,0,1,男性,60,7,12,0.25,0,0,16,4493108.581950108,7.550684931506849,5.0
C-000029926,S-0012,-44.42272574321437,0,1,男性,31,12,12,0.0833333333333333,17491,1,16,4444678.825084195,7.994520547945205,5.0
C-002344077,S-0004,-27.05366970749976,0,1,女性,65,2,12,0.0833333333333333,10066,1,22,4423576.351309,11.806849315068494,9.0
C-001379652,S-0050,-81.73419123712556,1,1,女性,41,6,12,0.25,2414,1,20,4615411.181286601,9.2013698630137,6.0
C-000683625,S-0063,-17.59697501222072,0,1,女性,39,9,12,0.3333333333333333,0,0,18,4564012.176421695,5.749315068493151,3.0
C-002481786,S-0039,-20.013183043180955,0,1,女性,59,1,12,0.0,0,0,16,4591288.568998441,8.193150684931506,5.0
C-000814927,S-0072,-18.234047045905655,0,1,女性,46,9,12,0.1666666666666666,13401,1,12,4406797.312641796,9.01917808219178,6.0
C-001048580,S-0014,-100.0,1,1,女性,42,8,12,0.0833333333333333,3125,1,21,4730192.353344672,7.336986301369863,4.0
C-000873831,S-0102,-87.50157261277381,1,1,女性,42,9,12,0.1666666666666666,24856,2,16,4383474.364435211,10.484931506849314,7.5
C-001841367,S-0097,-100.0,1,1,男性,49,4,12,0.3333333333333333,43394,1,21,4592508.716501317,10.09041095890411,7.0
C-000024171,S-0085,-100.0,1,1,男性,45,12,12,0.25,21814,1,15,4606655.398026554,4.928767123287671,2.0
C-002490482,S-0113,-100.0,1,1,男性,44,1,12,0.25,0,0,16,4336633.961311346,5.77945205479452,2.5
C-002586474,S-0002,-57.16700355475012,1,1,女性,64,1,12,0.3333333333333333,10410,1,15,4455566.655169959,5.663013698630137,2.0
C-000568415,S-0018,-78.90095677606149,1,1,男性,47,10,12,0.25,0,0,16,4493108.581950108,7.550684931506849,5.0
C-000568106,S-0004,-34.39816286386858,0,1,男性,57,10,12,0.4166666666666667,2048,2,22,4423576.351309,11.806849315068494,9.0
C-000358858,S-0089,-100.0,1,1,女性,59,11,12,0.0833333333333333,1782,1,19,4721110.949352573,10.142465753424657,7.0
C-001569827,S-0080,-38.66748180913679,0,1,男性,55,6,12,0.3333333333333333,1614,1,17,4457429.264950683,11.673972602739726,9.0
C-001309984,S-0082,-34.102788165629086,0,1,男性,47,7,12,0.5833333333333334,3065,1,17,4607261.71451126,4.758904109589041,2.0
C-002423504,S-0039,-100.0,1,1,男性,26,2,12,0.5,11287,2,16,4591288.568998441,8.193150684931506,5.0
C-001393268,S-0072,-100.0,1,1,女性,56,6,12,0.0,89325,2,12,4406797.312641796,9.01917808219178,6.0
C-001217367,S-0012,-78.7857357432534,1,1,女性,54,7,12,0.0833333333333333,0,0,16,4444678.825084195,7.994520547945205,5.0
C-002274047,S-0102,-78.47467741211044,1,1,女性,31,2,12,0.4166666666666667,0,0,16,4383474.364435211,10.484931506849314,7.5
C-002388550,S-0117,-84.876290895744,1,1,男性,57,2,12,0.5,0,0,20,4500859.737076383,9.593150684931507,7.0
C-002443111,S-0102,-100.0,1,1,男性,54,2,12,0.1666666666666666,0,0,16,4383474.364435211,10.484931506849314,7.5
C-001727307,S-0050,-24.468626248508446,0,1,男性,43,5,12,0.3333333333333333,0,0,20,4615411.181286601,9.2013698630137,6.0
C-001357025,S-0079,-15.304173179000461,0,1,男性,49,6,12,0.3333333333333333,4194,1,13,4256656.371085242,8.479452054794521,6.0
C-001130960,S-0054,-40.554410540178225,0,1,男性,52,7,12,0.5,0,0,23,4489160.181517739,6.358904109589041,4.0
C-000582116,S-0002,-84.57451273356052,1,1,男性,56,10,12,0.3333333333333333,248,1,15,4455566.655169959,5.663013698630137,2.0
C-001466473,S-0097,-74.06321252274314,1,1,女性,63,6,12,0.1666666666666666,4038,1,21,4592508.716501317,10.09041095890411,7.0
C-001267371,S-0005,-100.0,1,1,女性,34,7,12,0.0833333333333333,2002,2,21,4733942.970761149,4.69041095890411,2.0
C-000178339,S-0074,-85.92394248965458,1,1,女性,43,12,12,0.3333333333333333,26871,1,14,4614054.39694187,8.308219178082192,6.0
C-000846566,S-0040,-100.0,1,1,女性,47,9,12,0.3333333333333333,0,0,20,4550116.0180538,8.163013698630138,4.0
C-002222762,S-0102,-20.054883020220878,0,1,女性,31,3,12,0.3333333333333333,14310,2,16,4383474.364435211,10.484931506849314,7.5
C-002655738,S-0059,-31.64379480168954,0,1,女性,40,1,12,0.0833333333333333,13374,1,14,4713188.969095345,6.8123287671232875,3.0
C-000788861,S-0030,-8.647175627061472,0,1,女性,34,9,12,0.5,0,0,22,4426478.045479023,9.236986301369862,5.5
C-001560662,S-0117,-29.34730064967145,0,1,男性,35,6,12,0.3333333333333333,266244,1,20,4500859.737076383,9.593150684931507,7.0
C-000588201,S-0012,-100.0,1,1,女性,45,10,12,0.25,64220,1,16,4444678.825084195,7.994520547945205,5.0
C-000292481,S-0131,-23.152617285850933,0,1,女性,49,11,12,0.5,6812,1,17,4569023.5643747775,5.13972602739726,2.0
C-001196384,S-0050,-18.914656189153543,0,1,男性,59,7,12,0.1666666666666666,0,0,20,4615411.181286601,9.2013698630137,6.0
C-000693737,S-0007,-62.78582380127732,1,1,女性,42,9,12,0.25,0,0,21,4487075.727367008,3.7260273972602738,1.0
C-000006235,S-0050,-55.14185445340757,1,1,女性,50,12,12,0.0833333333333333,21767,1,20,4615411.181286601,9.2013698630137,6.0
C-002586166,S-0019,-21.57196221945516,0,1,女性,57,1,12,0.1666666666666666,0,0,19,4327199.920883598,4.090410958904109,1.0
C-001144153,S-0113,-48.41757180311065,0,1,男性,54,7,12,0.25,10066,2,16,4336633.961311346,5.77945205479452,2.5
C-000286362,S-0096,-100.0,1,1,女性,66,11,12,0.0833333333333333,0,0,16,4644856.458098179,8.302739726027397,5.0
C-001230016,S-0097,-100.0,1,1,女性,47,7,12,0.0833333333333333,22353,2,21,4592508.716501317,10.09041095890411,7.0
C-000248967,S-0002,-100.0,1,1,女性,58,11,12,0.1666666666666666,0,0,15,4455566.655169959,5.663013698630137,2.0
C-000938098,S-0080,-81.92737914978424,1,1,男性,48,8,12,0.4166666666666667,1572,1,17,4457429.264950683,11.673972602739726,9.0
C-000322001,S-0039,-27.264429015539527,0,1,女性,70,11,12,0.1666666666666666,4213,1,16,4591288.568998441,8.193150684931506,5.0
C-000907557,S-0113,-100.0,1,1,男性,67,8,12,0.3333333333333333,25764,1,16,4336633.961311346,5.77945205479452,2.5
C-002675392,S-0072,-98.44545374758646,1,1,男性,42,1,12,0.3333333333333333,0,0,12,4406797.312641796,9.01917808219178,6.0
C-000777512,S-0036,-100.0,1,1,女性,27,9,12,0.25,0,0,19,4397834.424680548,11.123287671232877,9.0
C-001430479,S-0102,-100.0,1,1,男性,78,6,12,0.3333333333333333,0,0,16,4383474.364435211,10.484931506849314,7.5
C-001388804,S-0036,-100.0,1,1,男性,44,6,12,0.1666666666666666,0,0,19,4397834.424680548,11.123287671232877,9.0
C-002150074,S-0080,-29.020641697949202,0,1,男性,49,3,12,0.1666666666666666,0,0,17,4457429.264950683,11.673972602739726,9.0
C-000621183,S-0004,-62.79933276101538,1,1,女性,23,10,12,0.5833333333333334,3269,1,22,4423576.351309,11.806849315068494,9.0
C-000644105,S-0089,-48.64915350885817,0,1,女性,34,10,12,0.25,890,1,19,4721110.949352573,10.142465753424657,7.0
C-002596079,S-0050,-27.234421261711866,0,1,男性,32,1,12,0.25,0,0,20,4615411.181286601,9.2013698630137,6.0
C-000622277,S-0036,-100.0,1,1,女性,62,10,12,0.1666666666666666,10255,1,19,4397834.424680548,11.123287671232877,9.0
C-001132730,S-0072,-23.9214407953712,0,1,女性,41,7,12,0.25,50527,1,12,4406797.312641796,9.01917808219178,6.0
C-002619485,S-0007,-49.06414007709814,1,1,女性,27,1,12,0.0,0,0,21,4487075.727367008,3.7260273972602738,1.0
C-000210346,S-0075,-52.53562989218727,1,1,女性,43,12,12,0.1666666666666666,1547,1,19,4506647.2743158825,4.526027397260274,1.0
C-001352042,S-0018,-100.0,1,1,男性,56,6,12,0.25,28006,1,16,4493108.581950108,7.550684931506849,5.0
C-002585522,S-0079,-98.96552785788323,1,1,女性,46,1,12,0.5833333333333334,0,0,13,4256656.371085242,8.479452054794521,6.0
C-000312110,S-0004,-58.47075525506147,1,1,男性,57,11,12,0.0,0,0,22,4423576.351309,11.806849315068494,9.0
C-002426485,S-0041,-100.0,1,1,女性,55,2,12,0.4166666666666667,0,0,17,4828489.286769263,10.389041095890411,7.0
C-002666320,S-0018,-100.0,1,1,女性,39,1,12,0.1666666666666666,0,0,16,4493108.581950108,7.550684931506849,5.0
C-000753461,S-0036,-12.711687874234908,0,1,男性,41,9,12,0.3333333333333333,0,0,19,4397834.424680548,11.123287671232877,9.0
C-000002623,S-0007,-42.675244341917555,0,1,男性,52,12,12,0.25,0,0,21,4487075.727367008,3.7260273972602738,1.0
C-001253292,S-0115,-10.85224478190034,0,1,女性,23,7,12,0.0833333333333333,3309,1,14,4553643.099564746,10.51095890410959,7.0
C-002156456,S-0099,-100.0,1,1,男性,50,3,12,0.1666666666666666,1169,1,13,4464126.154078853,8.147945205479452,5.0
C-000887986,S-0113,-32.500891434702815,0,1,男性,44,9,12,0.6666666666666666,5958,2,16,4336633.961311346,5.77945205479452,2.5
C-000253750,S-0018,-44.465111285147664,0,1,男性,50,11,12,0.1666666666666666,62874,1,16,4493108.581950108,7.550684931506849,5.0
C-000342310,S-0004,-100.0,1,1,女性,51,11,12,0.0833333333333333,0,0,22,4423576.351309,11.806849315068494,9.0
C-001229723,S-0002,-80.22344125083288,1,1,男性,43,7,12,0.1666666666666666,12275,2,15,4455566.655169959,5.663013698630137,2.0
C-000843402,S-0089,-100.0,1,1,男性,46,9,12,0.0833333333333333,44497,1,19,4721110.949352573,10.142465753424657,7.0
C-001693392,S-0115,-37.10298583573717,0,1,女性,22,5,12,0.4166666666666667,61708,1,14,4553643.099564746,10.51095890410959,7.0
C-002683009,S-0041,-62.67087093364923,1,1,男性,56,1,12,0.3333333333333333,0,0,17,4828489.286769263,10.389041095890411,7.0
C-000113674,S-0096,-16.2380534830388,0,1,女性,59,12,12,0.0833333333333333,130143,1,16,4644856.458098179,8.302739726027397,5.0
C-001740869,S-0007,-32.258187462752765,0,1,女性,42,5,12,0.5833333333333334,4882,1,21,4487075.727367008,3.7260273972602738,1.0
C-000854651,S-0117,-22.301978430112136,0,1,男性,31,9,12,0.25,11859,1,20,4500859.737076383,9.593150684931507,7.0
C-001836909,S-0097,-100.0,1,1,男性,33,4,12,0.4166666666666667,0,0,21,4592508.716501317,10.09041095890411,7.0
C-002446412,S-0018,-39.594969160722165,0,1,女性,40,2,12,0.25,16546,1,16,4493108.581950108,7.550684931506849,5.0
C-000618646,S-0041,-77.9972811153212,1,1,女性,55,10,12,0.3333333333333333,7376,1,17,4828489.286769263,10.389041095890411,7.0
C-001658949,S-0106,-78.7945266602216,1,1,女性,45,5,12,0.5,0,0,20,4462729.145118021,6.171232876712329,3.5
C-000088817,S-0041,-100.0,1,1,男性,47,12,12,0.3333333333333333,0,0,17,4828489.286769263,10.389041095890411,7.0
C-000019313,S-0089,-29.472489206263308,0,1,女性,54,12,12,0.25,4501,2,19,4721110.949352573,10.142465753424657,7.0
C-000043683,S-0072,-75.66872050661385,1,1,女性,58,12,12,0.0833333333333333,16694,2,12,4406797.312641796,9.01917808219178,6.0
C-000073063,S-0004,-99.10367969061025,1,1,女性,36,12,12,0.1666666666666666,0,0,22,4423576.351309,11.806849315068494,9.0
C-000253926,S-0014,-54.89149346075178,1,1,女性,47,11,12,0.25,12136,2,21,4730192.353344672,7.336986301369863,4.0
C-001902142,S-0036,-35.31199069744453,0,1,男性,49,4,12,0.25,22126,2,19,4397834.424680548,11.123287671232877,9.0
C-001128163,S-0080,-100.0,1,1,女性,31,7,12,0.75,0,0,17,4457429.264950683,11.673972602739726,9.0
C-000823472,S-0036,-16.288944584800376,0,1,女性,47,9,12,0.0833333333333333,0,0,19,4397834.424680548,11.123287671232877,9.0
C-000671152,S-0012,-100.0,1,1,女性,51,10,12,0.0833333333333333,0,0,16,4444678.825084195,7.994520547945205,5.0
C-002456958,S-0115,-59.477459266528975,1,1,女性,62,2,12,0.1666666666666666,0,0,14,4553643.099564746,10.51095890410959,7.0
C-001397250,S-0115,-100.0,1,1,女性,28,6,12,0.0,0,0,14,4553643.099564746,10.51095890410959,7.0
C-001342059,S-0075,-56.717190793561834,1,1,男性,44,7,12,0.0833333333333333,23375,2,19,4506647.2743158825,4.526027397260274,1.0
C-001318324,S-0131,-23.56381462000012,0,1,男性,45,7,12,0.3333333333333333,13236,2,17,4569023.5643747775,5.13972602739726,2.0
C-000537943,S-0056,-63.345485572448034,1,1,女性,32,10,12,0.25,22383,1,15,4406070.585753419,7.528767123287671,4.0
C-001452736,S-0117,-22.266449550690552,0,1,男性,73,6,12,0.0833333333333333,0,0,20,4500859.737076383,9.593150684931507,7.0
C-002572658,S-0089,-40.49342617181813,0,1,女性,51,1,12,0.0,49961,1,19,4721110.949352573,10.142465753424657,7.0
C-001109836,S-0096,-69.46542041793478,1,1,女性,41,8,12,0.25,0,0,16,4644856.458098179,8.302739726027397,5.0
C-001881347,S-0063,-58.796183268229164,1,1,男性,24,4,12,0.25,0,0,18,4564012.176421695,5.749315068493151,3.0
C-001256663,S-0121,-58.64579371275666,1,1,男性,59,7,12,0.5833333333333334,0,0,14,4716268.25678644,9.856164383561644,7.0
C-000808081,S-0018,-85.9047453365069,1,1,女性,35,9,12,0.1666666666666666,47696,1,16,4493108.581950108,7.550684931506849,5.0
C-000888826,S-0096,-18.74556669588027,0,1,男性,64,9,12,0.0833333333333333,2624,1,16,4644856.458098179,8.302739726027397,5.0
C-001261515,S-0019,-8.39964962633021,0,1,女性,22,7,12,0.25,0,0,19,4327199.920883598,4.090410958904109,1.0
C-001546731,S-0074,-100.0,1,1,女性,64,6,12,0.25,0,0,14,4614054.39694187,8.308219178082192,6.0
C-000950023,S-0097,-56.05896796451928,1,1,男性,58,8,12,0.25,15369,2,21,4592508.716501317,10.09041095890411,7.0
C-002462744,S-0099,-34.010660426417054,0,1,女性,25,2,12,0.5833333333333334,0,0,13,4464126.154078853,8.147945205479452,5.0
C-001018696,S-0062,-31.062655151843003,0,1,女性,49,8,12,0.1666666666666666,0,0,15,4713869.782113416,4.575342465753424,1.0
C-000051171,S-0117,-55.55757650239646,1,1,女性,36,12,12,0.3333333333333333,0,0,20,4500859.737076383,9.593150684931507,7.0
C-002517785,S-0102,-100.0,1,1,女性,32,1,12,0.1666666666666666,0,0,16,4383474.364435211,10.484931506849314,7.5
C-001593727,S-0115,-100.0,1,1,男性,41,5,12,0.1666666666666666,2856,2,14,4553643.099564746,10.51095890410959,7.0
C-002181771,S-0113,-22.844210111994435,0,1,男性,52,3,12,0.3333333333333333,17477,1,16,4336633.961311346,5.77945205479452,2.5
C-002632868,S-0040,-48.299843873557855,0,1,男性,49,1,12,0.0,0,0,20,4550116.0180538,8.163013698630138,4.0
C-001748761,S-0014,-100.0,1,1,女性,46,5,12,0.1666666666666666,13393,1,21,4730192.353344672,7.336986301369863,4.0
C-000980026,S-0072,-70.14009190920486,1,1,男性,32,8,12,0.4166666666666667,0,0,12,4406797.312641796,9.01917808219178,6.0
C-001074724,S-0048,-100.0,1,1,女性,42,8,12,0.25,12824,1,15,4502249.082895545,3.671232876712329,1.0
C-000410852,S-0080,-100.0,1,1,女性,50,11,12,0.1666666666666666,16552,2,17,4457429.264950683,11.673972602739726,9.0
C-001274169,S-0075,-20.80917977526517,0,1,男性,33,7,12,0.1666666666666666,2742,2,19,4506647.2743158825,4.526027397260274,1.0
C-002632845,S-0036,-6.5778362648972255,0,1,女性,53,1,12,0.0,15864,1,19,4397834.424680548,11.123287671232877,9.0
C-001986449,S-0121,-78.74629812438302,1,1,女性,39,4,12,0.5,0,0,14,4716268.25678644,9.856164383561644,7.0
C-002561737,S-0030,-19.757913657362224,0,1,女性,48,1,12,0.1666666666666666,0,0,22,4426478.045479023,9.236986301369862,5.5
C-002016446,S-0117,-60.36852584324841,1,1,女性,43,4,12,0.1666666666666666,5204,1,20,4500859.737076383,9.593150684931507,7.0
C-000403930,S-0115,-100.0,1,1,女性,59,11,12,0.4166666666666667,6381,1,14,4553643.099564746,10.51095890410959,7.0
C-001921347,S-0080,-17.079509712229104,0,1,女性,57,4,12,0.25,35031,2,17,4457429.264950683,11.673972602739726,9.0
C-000232077,S-0126,-35.3379279935145,0,1,女性,59,11,12,0.3333333333333333,29604,1,17,4493168.352495564,5.53972602739726,3.0
C-001316426,S-0089,-35.381704174191846,0,1,女性,60,7,12,0.1666666666666666,6714,1,19,4721110.949352573,10.142465753424657,7.0
C-001901421,S-0007,-90.7374317033779,1,1,男性,43,4,12,0.1666666666666666,0,0,21,4487075.727367008,3.7260273972602738,1.0
C-000427795,S-0115,-19.929473377945882,0,1,男性,48,11,12,0.3333333333333333,533,1,14,4553643.099564746,10.51095890410959,7.0
C-001229572,S-0039,-31.61839927474154,0,1,男性,51,7,12,0.3333333333333333,49729,1,16,4591288.568998441,8.193150684931506,5.0
C-000453888,S-0111,-34.085979916054264,0,1,男性,57,10,12,0.4166666666666667,0,0,19,4489501.980758176,6.397260273972603,4.0
C-000003680,S-0036,-32.84067051876744,0,1,女性,50,12,12,0.4166666666666667,0,0,19,4397834.424680548,11.123287671232877,9.0
C-001441959,S-0020,-46.32827999604153,0,1,男性,35,6,12,0.0833333333333333,27475,1,16,4280702.057267675,6.986301369863014,3.5
C-000913980,S-0014,-100.0,1,1,女性,77,8,12,0.3333333333333333,15644,1,21,4730192.353344672,7.336986301369863,4.0
C-001882579,S-0019,-22.941467129117964,0,1,男性,45,4,12,0.1666666666666666,6529,1,19,4327199.920883598,4.090410958904109,1.0
C-000260200,S-0020,-51.175257945551735,1,1,男性,56,11,12,0.4166666666666667,9478,1,16,4280702.057267675,6.986301369863014,3.5
C-002601958,S-0089,-42.866045482417555,0,1,女性,35,1,12,0.0,10377,1,19,4721110.949352573,10.142465753424657,7.0
C-000791662,S-0056,-20.319634703196346,0,1,女性,67,9,12,0.1666666666666666,12205,2,15,4406070.585753419,7.528767123287671,4.0
C-001029261,S-0097,-81.07749067783791,1,1,女性,48,8,12,0.25,97,1,21,4592508.716501317,10.09041095890411,7.0
C-000553297,S-0072,-100.0,1,1,男性,41,10,12,0.1666666666666666,3928,1,12,4406797.312641796,9.01917808219178,6.0
C-001127015,S-0017,-100.0,1,1,男性,71,7,12,1.0,0,0,20,4640207.03550726,5.608219178082192,2.5
C-001596596,S-0074,-100.0,1,1,女性,35,5,12,0.0,0,0,14,4614054.39694187,8.308219178082192,6.0
C-001659873,S-0012,-77.30518626942452,1,1,女性,39,5,12,0.1666666666666666,0,0,16,4444678.825084195,7.994520547945205,5.0
C-002139826,S-0012,-25.94958813760267,0,1,男性,37,3,12,0.3333333333333333,0,0,16,4444678.825084195,7.994520547945205,5.0
C-001224631,S-0074,-13.617482987123397,0,1,女性,34,7,12,0.6666666666666666,19143,1,14,4614054.39694187,8.308219178082192,6.0
C-002058439,S-0085,-100.0,1,1,女性,75,3,12,0.5833333333333334,0,0,15,4606655.398026554,4.928767123287671,2.0
C-001040341,S-0014,-100.0,1,1,男性,44,8,12,0.3333333333333333,0,0,21,4730192.353344672,7.336986301369863,4.0
C-001382283,S-0062,-64.67928074314074,1,1,女性,54,6,12,0.5,0,0,15,4713869.782113416,4.575342465753424,1.0
C-000545612,S-0096,-50.28930599852184,1,1,女性,46,10,12,0.3333333333333333,0,0,16,4644856.458098179,8.302739726027397,5.0
C-001748790,S-0074,-100.0,1,1,男性,60,5,12,0.25,0,0,14,4614054.39694187,8.308219178082192,6.0
C-002100715,S-0106,-80.27731186402774,1,1,女性,41,3,12,0.0833333333333333,0,0,20,4462729.145118021,6.171232876712329,3.5
C-001632373,S-0041,-100.0,1,1,女性,20,5,12,0.5833333333333334,65507,1,17,4828489.286769263,10.389041095890411,7.0
C-001584624,S-0096,-32.419486174653564,0,1,男性,46,5,12,0.3333333333333333,10309,2,16,4644856.458098179,8.302739726027397,5.0
C-001506729,S-0018,-85.85502218211015,1,1,男性,52,6,12,0.25,64133,2,16,4493108.581950108,7.550684931506849,5.0
C-001912647,S-0089,-24.079111072976104,0,1,女性,47,4,12,0.3333333333333333,0,0,19,4721110.949352573,10.142465753424657,7.0
C-001130145,S-0039,-100.0,1,1,女性,28,7,12,0.5,0,0,16,4591288.568998441,8.193150684931506,5.0
C-000267503,S-0075,-11.464081003964347,0,1,女性,79,11,12,0.25,0,0,19,4506647.2743158825,4.526027397260274,1.0
C-000313511,S-0121,-45.18502712918369,0,1,女性,34,11,12,0.25,42455,1,14,4716268.25678644,9.856164383561644,7.0
C-000881167,S-0111,-27.173177708349122,0,1,女性,37,9,12,0.3333333333333333,0,0,19,4489501.980758176,6.397260273972603,4.0
C-000958125,S-0039,-35.129167816618676,0,1,男性,54,8,12,0.4166666666666667,0,0,16,4591288.568998441,8.193150684931506,5.0
C-001777561,S-0036,-59.74665087031805,1,1,男性,23,5,12,0.25,9905,1,19,4397834.424680548,11.123287671232877,9.0
C-000439041,S-0115,-99.74357729890636,1,1,女性,65,11,12,0.5,1544,1,14,4553643.099564746,10.51095890410959,7.0
C-001552549,S-0012,-69.22982877219172,1,1,女性,38,6,12,0.0833333333333333,0,0,16,4444678.825084195,7.994520547945205,5.0
C-001298296,S-0117,-25.581622751362243,0,1,女性,31,7,12,0.0833333333333333,1550,2,20,4500859.737076383,9.593150684931507,7.0
C-001308586,S-0080,-72.79019730324885,1,1,男性,54,7,12,0.0833333333333333,0,0,17,4457429.264950683,11.673972602739726,9.0
C-001877165,S-0072,-33.21333705066498,0,1,女性,46,4,12,0.25,5862,1,12,4406797.312641796,9.01917808219178,6.0
C-000841909,S-0113,-62.93327073185046,1,1,女性,48,9,12,0.4166666666666667,0,0,16,4336633.961311346,5.77945205479452,2.5
C-000656808,S-0126,-24.916499665998664,0,1,男性,42,10,12,0.3333333333333333,38527,1,17,4493168.352495564,5.53972602739726,3.0
C-001522321,S-0017,-44.82672264239433,0,1,男性,89,6,12,0.1666666666666666,7457,1,20,4640207.03550726,5.608219178082192,2.5
C-002042619,S-0017,-81.35927805978568,1,1,女性,63,3,12,0.6666666666666666,4567,2,20,4640207.03550726,5.608219178082192,2.5
C-000251412,S-0002,-51.80734856007945,1,1,女性,66,11,12,0.6666666666666666,27576,1,15,4455566.655169959,5.663013698630137,2.0
C-001452759,S-0040,-23.773819129787103,0,1,女性,36,6,12,0.5833333333333334,1467,1,20,4550116.0180538,8.163013698630138,4.0
C-000170371,S-0050,-27.607475698967832,0,1,男性,43,12,12,0.0833333333333333,0,0,20,4615411.181286601,9.2013698630137,6.0
C-002426162,S-0048,-76.50900248943438,1,1,女性,43,2,12,0.1666666666666666,10158,2,15,4502249.082895545,3.671232876712329,1.0
C-001265821,S-0072,-100.0,1,1,男性,50,7,12,0.25,0,0,12,4406797.312641796,9.01917808219178,6.0
C-001912321,S-0075,-19.909679292591683,0,1,男性,40,4,12,0.0,0,0,19,4506647.2743158825,4.526027397260274,1.0
C-001867429,S-0074,-77.37732034552472,1,1,女性,47,4,12,0.1666666666666666,0,0,14,4614054.39694187,8.308219178082192,6.0
C-002479064,S-0050,-17.450195997576117,0,1,男性,46,1,12,0.1666666666666666,55507,1,20,4615411.181286601,9.2013698630137,6.0
C-000554198,S-0056,-64.660620896851,1,1,女性,69,10,12,0.3333333333333333,54403,1,15,4406070.585753419,7.528767123287671,4.0
C-000088911,S-0018,-86.03138914605651,1,1,男性,16,12,12,0.25,24100,2,16,4493108.581950108,7.550684931506849,5.0
C-002319082,S-0007,-42.8266228430567,0,1,男性,39,2,12,0.25,3774,2,21,4487075.727367008,3.7260273972602738,1.0
C-001187980,S-0014,-74.91708837235898,1,1,女性,60,7,12,0.25,27210,1,21,4730192.353344672,7.336986301369863,4.0
C-001354131,S-0096,-100.0,1,1,女性,53,6,12,0.1666666666666666,9720,1,16,4644856.458098179,8.302739726027397,5.0
C-001913189,S-0115,-49.15285604319267,1,1,女性,47,4,12,0.25,0,0,14,4553643.099564746,10.51095890410959,7.0
C-000300543,S-0048,-100.0,1,1,男性,68,11,12,0.0,0,0,15,4502249.082895545,3.671232876712329,1.0
C-001727559,S-0005,-21.398289598713543,0,1,女性,57,5,12,0.5833333333333334,12867,1,21,4733942.970761149,4.69041095890411,2.0
C-001516814,S-0018,-68.81517278496625,1,1,男性,34,6,12,0.3333333333333333,5742,1,16,4493108.581950108,7.550684931506849,5.0
C-000297127,S-0074,-100.0,1,1,女性,67,11,12,0.0833333333333333,0,0,14,4614054.39694187,8.308219178082192,6.0
C-001697307,S-0012,-44.42621392448382,0,1,女性,52,5,12,0.1666666666666666,0,0,16,4444678.825084195,7.994520547945205,5.0
C-001029915,S-0012,-54.08648484686276,1,1,女性,58,8,12,0.1666666666666666,25832,1,16,4444678.825084195,7.994520547945205,5.0
C-000894256,S-0008,-55.12024508231268,1,1,女性,48,9,12,0.5,0,0,22,4498453.308937302,10.772602739726027,7.0
C-002556802,S-0048,-48.84181784332788,1,1,女性,47,1,12,0.3333333333333333,32642,1,15,4502249.082895545,3.671232876712329,1.0
C-000977571,S-0012,-100.0,1,1,女性,46,8,12,0.0,0,0,16,4444678.825084195,7.994520547945205,5.0
C-001115914,S-0085,-100.0,1,1,女性,51,8,12,0.1666666666666666,0,0,15,4606655.398026554,4.928767123287671,2.0
C-001219660,S-0014,-30.455379449790005,0,1,女性,43,7,12,0.25,24188,2,21,4730192.353344672,7.336986301369863,4.0
C-001943573,S-0018,-27.626860171433883,0,1,女性,27,4,12,0.1666666666666666,82248,2,16,4493108.581950108,7.550684931506849,5.0
C-002269749,S-0121,-100.0,1,1,女性,19,2,12,0.1666666666666666,0,0,14,4716268.25678644,9.856164383561644,7.0
C-002191516,S-0075,-46.869725520334256,0,1,男性,62,3,12,0.5,4372,1,19,4506647.2743158825,4.526027397260274,1.0
C-000411286,S-0048,-54.258530887257415,1,1,女性,49,11,12,0.5833333333333334,49537,1,15,4502249.082895545,3.671232876712329,1.0
C-002285522,S-0030,-67.06707466133913,1,1,女性,79,2,12,0.3333333333333333,0,0,22,4426478.045479023,9.236986301369862,5.5
C-001000262,S-0036,-29.579584976267746,0,1,男性,46,8,12,0.25,1216,2,19,4397834.424680548,11.123287671232877,9.0
C-001703769,S-0041,-100.0,1,1,女性,44,5,12,0.5,8927,1,17,4828489.286769263,10.389041095890411,7.0
C-000057892,S-0017,-12.334915810797504,0,1,女性,66,12,12,0.1666666666666666,1624,2,20,4640207.03550726,5.608219178082192,2.5
C-000608792,S-0117,-100.0,1,1,男性,52,10,12,0.3333333333333333,27282,1,20,4500859.737076383,9.593150684931507,7.0
C-002464028,S-0036,-87.97245544262779,1,1,女性,72,2,12,0.25,0,0,19,4397834.424680548,11.123287671232877,9.0
C-000441284,S-0097,-18.8181282238292,0,1,女性,58,11,12,0.3333333333333333,2604,2,21,4592508.716501317,10.09041095890411,7.0
C-001775059,S-0056,-83.43396931121417,1,1,男性,31,5,12,0.1666666666666666,0,0,15,4406070.585753419,7.528767123287671,4.0
C-002106368,S-0085,-100.0,1,1,男性,42,3,12,0.1666666666666666,0,0,15,4606655.398026554,4.928767123287671,2.0
C-000564659,S-0096,-100.0,1,1,男性,62,10,12,0.4166666666666667,0,0,16,4644856.458098179,8.302739726027397,5.0
C-000837819,S-0054,-38.41448151884524,0,1,男性,78,9,12,0.3333333333333333,4033,1,23,4489160.181517739,6.358904109589041,4.0
C-000184429,S-0089,-61.445677600189605,1,1,男性,41,12,12,0.25,0,0,19,4721110.949352573,10.142465753424657,7.0
C-001407478,S-0117,-100.0,1,1,女性,21,6,12,0.1666666666666666,14251,1,20,4500859.737076383,9.593150684931507,7.0
C-001326283,S-0012,-31.778041736714872,0,1,男性,52,7,12,0.4166666666666667,1886,1,16,4444678.825084195,7.994520547945205,5.0
C-001944733,S-0059,-19.744064621744638,0,1,女性,54,4,12,0.3333333333333333,2187,1,14,4713188.969095345,6.8123287671232875,3.0
C-002373080,S-0004,-63.061347061347064,1,1,男性,58,2,12,0.0833333333333333,59567,2,22,4423576.351309,11.806849315068494,9.0
C-002145442,S-0020,-100.0,1,1,女性,70,3,12,0.0833333333333333,11866,1,16,4280702.057267675,6.986301369863014,3.5
C-002024237,S-0096,-16.101336515789658,0,1,女性,57,3,12,0.4166666666666667,160367,2,16,4644856.458098179,8.302739726027397,5.0
C-002176640,S-0054,-18.351510497599115,0,1,男性,39,3,12,0.1666666666666666,84864,2,23,4489160.181517739,6.358904109589041,4.0
C-002014845,S-0056,-66.53932272334981,1,1,男性,51,4,12,0.1666666666666666,55941,1,15,4406070.585753419,7.528767123287671,4.0
C-000065555,S-0014,-65.39869594742942,1,1,男性,52,12,12,0.25,0,0,21,4730192.353344672,7.336986301369863,4.0
C-001748215,S-0014,-51.90344739038326,1,1,男性,76,5,12,0.25,1644,1,21,4730192.353344672,7.336986301369863,4.0
C-001988116,S-0089,-37.81869735194102,0,1,男性,36,4,12,0.25,1231,1,19,4721110.949352573,10.142465753424657,7.0
C-000534448,S-0089,-29.59063871788878,0,1,女性,52,10,12,0.0,0,0,19,4721110.949352573,10.142465753424657,7.0
C-001504335,S-0018,-39.7021138292686,0,1,女性,40,6,12,0.25,0,0,16,4493108.581950108,7.550684931506849,5.0
C-001996241,S-0004,-35.386469957200205,0,1,女性,18,4,12,0.0833333333333333,0,0,22,4423576.351309,11.806849315068494,9.0
C-000448486,S-0080,-100.0,1,1,男性,21,11,12,0.25,0,0,17,4457429.264950683,11.673972602739726,9.0
C-002165549,S-0113,-100.0,1,1,女性,85,3,12,0.5833333333333334,0,0,16,4336633.961311346,5.77945205479452,2.5
C-000944717,S-0014,-100.0,1,1,女性,45,8,12,0.25,8485,1,21,4730192.353344672,7.336986301369863,4.0
C-001158546,S-0080,-61.5134939045928,1,1,女性,78,7,12,0.5833333333333334,19263,2,17,4457429.264950683,11.673972602739726,9.0
C-000867943,S-0097,-22.4878869694143,0,1,女性,43,9,12,0.3333333333333333,34846,1,21,4592508.716501317,10.09041095890411,7.0
C-002389338,S-0036,-63.35878737189439,1,1,男性,50,2,12,0.1666666666666666,0,0,19,4397834.424680548,11.123287671232877,9.0
C-000137888,S-0074,-100.0,1,1,男性,52,12,12,0.25,0,0,14,4614054.39694187,8.308219178082192,6.0
C-000917210,S-0113,-68.94780295385743,1,1,女性,57,8,12,0.3333333333333333,10397,1,16,4336633.961311346,5.77945205479452,2.5
C-001496663,S-0079,-27.70202665468058,0,1,男性,42,6,12,0.25,1891,2,13,4256656.371085242,8.479452054794521,6.0
C-002276736,S-0074,-64.82703591269603,1,1,男性,47,2,12,0.25,26776,1,14,4614054.39694187,8.308219178082192,6.0
C-000845175,S-0041,-48.64670722406485,0,1,女性,70,9,12,0.4166666666666667,8568,1,17,4828489.286769263,10.389041095890411,7.0
C-001172343,S-0048,-92.59415698697642,1,1,男性,32,7,12,0.0833333333333333,0,0,15,4502249.082895545,3.671232876712329,1.0
C-002012584,S-0012,-22.077519311643293,0,1,女性,50,4,12,0.3333333333333333,10944,1,16,4444678.825084195,7.994520547945205,5.0
C-000958235,S-0079,-65.73943732780985,1,1,男性,46,8,12,0.0833333333333333,25813,2,13,4256656.371085242,8.479452054794521,6.0
C-001316163,S-0115,-61.99023873835304,1,1,女性,20,7,12,0.3333333333333333,0,0,14,4553643.099564746,10.51095890410959,7.0
C-001715996,S-0012,-30.3397225354184,0,1,女性,58,5,12,0.4166666666666667,0,0,16,4444678.825084195,7.994520547945205,5.0
C-001034255,S-0113,-100.0,1,1,男性,74,8,12,0.4166666666666667,0,0,16,4336633.961311346,5.77945205479452,2.5
C-001002218,S-0106,-100.0,1,1,男性,56,8,12,0.3333333333333333,5227,1,20,4462729.145118021,6.171232876712329,3.5
C-001953103,S-0020,-47.82900163074385,0,1,女性,41,4,12,0.1666666666666666,0,0,16,4280702.057267675,6.986301369863014,3.5
C-001148380,S-0115,-26.319011279127807,0,1,女性,59,7,12,0.25,-9635,1,14,4553643.099564746,10.51095890410959,7.0
C-000400452,S-0079,-16.10553011497549,0,1,男性,45,11,12,0.3333333333333333,5148,1,13,4256656.371085242,8.479452054794521,6.0
C-000394523,S-0102,-73.7223825263802,1,1,男性,32,11,12,0.1666666666666666,16236,1,16,4383474.364435211,10.484931506849314,7.5
C-000067887,S-0079,-15.249729947454183,0,1,女性,31,12,12,0.5,0,0,13,4256656.371085242,8.479452054794521,6.0
C-001016878,S-0007,-100.0,1,1,男性,42,8,12,0.1666666666666666,0,0,21,4487075.727367008,3.7260273972602738,1.0
C-001138631,S-0036,-22.55658536374296,0,1,女性,49,7,12,0.0833333333333333,0,0,19,4397834.424680548,11.123287671232877,9.0
C-001977654,S-0117,-99.66393738005246,1,1,男性,31,4,12,0.1666666666666666,13376,1,20,4500859.737076383,9.593150684931507,7.0
C-001047803,S-0004,-28.797648285640808,0,1,女性,66,8,12,0.25,40670,1,22,4423576.351309,11.806849315068494,9.0
C-000862988,S-0020,-57.45122238175959,1,1,男性,59,9,12,0.3333333333333333,856,1,16,4280702.057267675,6.986301369863014,3.5
C-002420096,S-0036,-97.83863384829277,1,1,女性,54,2,12,0.25,6685,1,19,4397834.424680548,11.123287671232877,9.0
C-000530523,S-0096,-36.58285746487339,0,1,男性,56,10,12,0.3333333333333333,0,0,16,4644856.458098179,8.302739726027397,5.0
C-001302343,S-0048,-25.122622392115325,0,1,女性,60,7,12,0.1666666666666666,15978,2,15,4502249.082895545,3.671232876712329,1.0
C-000626628,S-0063,-20.45427731474074,0,1,男性,38,10,12,0.3333333333333333,0,0,18,4564012.176421695,5.749315068493151,3.0
C-002567698,S-0019,-22.158865267763478,0,1,女性,49,1,12,0.4166666666666667,18740,2,19,4327199.920883598,4.090410958904109,1.0
C-001102131,S-0014,-46.07445321839274,0,1,男性,60,8,12,0.0833333333333333,0,0,21,4730192.353344672,7.336986301369863,4.0
C-000407951,S-0007,-100.0,1,1,男性,51,11,12,0.0833333333333333,8785,1,21,4487075.727367008,3.7260273972602738,1.0
C-001149984,S-0100,-100.0,1,1,女性,44,7,12,0.25,3444,1,17,4535925.154217558,4.720547945205479,2.0
C-000988839,S-0115,-100.0,1,1,男性,38,8,12,0.1666666666666666,0,0,14,4553643.099564746,10.51095890410959,7.0
C-000829359,S-0115,-100.0,1,1,女性,43,9,12,0.8333333333333334,0,0,14,4553643.099564746,10.51095890410959,7.0
C-000063457,S-0074,-54.691937910535394,1,1,男性,44,12,12,0.0833333333333333,135779,2,14,4614054.39694187,8.308219178082192,6.0
C-000634880,S-0063,-22.13094433558264,0,1,女性,48,10,12,0.25,0,0,18,4564012.176421695,5.749315068493151,3.0
C-001626077,S-0079,-100.0,1,1,男性,41,5,12,0.4166666666666667,0,0,13,4256656.371085242,8.479452054794521,6.0
C-000037139,S-0096,-35.98671055881289,0,1,女性,34,12,12,0.1666666666666666,6952,1,16,4644856.458098179,8.302739726027397,5.0
C-001285190,S-0039,-18.389946916106865,0,1,男性,46,7,12,0.4166666666666667,2402,1,16,4591288.568998441,8.193150684931506,5.0
C-000412376,S-0050,-60.41536032394781,1,1,女性,47,11,12,0.75,12962,1,20,4615411.181286601,9.2013698630137,6.0
C-001778987,S-0117,-34.60142825924497,0,1,男性,46,5,12,0.1666666666666666,30982,2,20,4500859.737076383,9.593150684931507,7.0
C-000039966,S-0072,-100.0,1,1,女性,53,12,12,0.3333333333333333,0,0,12,4406797.312641796,9.01917808219178,6.0
C-001418237,S-0018,-83.66913515126699,1,1,女性,59,6,12,0.25,0,0,16,4493108.581950108,7.550684931506849,5.0
C-002426435,S-0072,-90.50481657591959,1,1,男性,23,2,12,0.1666666666666666,24089,1,12,4406797.312641796,9.01917808219178,6.0
C-002363493,S-0099,-100.0,1,1,女性,67,2,12,0.1666666666666666,0,0,13,4464126.154078853,8.147945205479452,5.0
C-001882320,S-0018,-71.76202435472638,1,1,女性,60,4,12,0.4166666666666667,12182,1,16,4493108.581950108,7.550684931506849,5.0
C-000639175,S-0117,-51.952959321380376,1,1,女性,50,10,12,0.4166666666666667,1512,1,20,4500859.737076383,9.593150684931507,7.0
C-002179543,S-0121,-32.14014476144848,0,1,男性,51,3,12,0.3333333333333333,45275,1,14,4716268.25678644,9.856164383561644,7.0
C-002124950,S-0113,-60.48115120704504,1,1,男性,40,3,12,0.0833333333333333,0,0,16,4336633.961311346,5.77945205479452,2.5
C-002182183,S-0113,-38.19688276882183,0,1,女性,60,3,12,0.1666666666666666,0,0,16,4336633.961311346,5.77945205479452,2.5
C-001839592,S-0097,-18.74500161324605,0,1,女性,67,4,12,0.0833333333333333,0,0,21,4592508.716501317,10.09041095890411,7.0
C-000300043,S-0097,-73.81651087221037,1,1,女性,29,11,12,0.9166666666666666,27259,1,21,4592508.716501317,10.09041095890411,7.0
C-002067742,S-0020,-18.1278957020081,0,1,男性,20,3,12,0.3333333333333333,0,0,16,4280702.057267675,6.986301369863014,3.5
C-002416331,S-0007,-32.56473262278465,0,1,女性,43,2,12,0.4166666666666667,1934,2,21,4487075.727367008,3.7260273972602738,1.0
C-000737922,S-0072,-29.922577408338608,0,1,男性,71,9,12,0.25,3394,2,12,4406797.312641796,9.01917808219178,6.0
C-002610666,S-0080,-19.096091205211728,0,1,男性,56,1,12,0.4166666666666667,5088,1,17,4457429.264950683,11.673972602739726,9.0
C-001356859,S-0050,-64.20427056500647,1,1,女性,52,6,12,0.25,0,0,20,4615411.181286601,9.2013698630137,6.0
C-000084504,S-0080,-83.79397068289349,1,1,女性,57,12,12,0.1666666666666666,12898,2,17,4457429.264950683,11.673972602739726,9.0
C-001710470,S-0117,-49.386500713638945,1,1,女性,67,5,12,0.25,0,0,20,4500859.737076383,9.593150684931507,7.0
C-001626234,S-0039,-40.68484204004052,0,1,男性,74,5,12,0.1666666666666666,2107,1,16,4591288.568998441,8.193150684931506,5.0
C-002588090,S-0102,-46.05590934416341,0,1,男性,50,1,12,0.5833333333333334,0,0,16,4383474.364435211,10.484931506849314,7.5
C-001977415,S-0072,-11.613139732918322,0,1,女性,69,4,12,0.0833333333333333,105919,2,12,4406797.312641796,9.01917808219178,6.0
C-002670357,S-0020,-34.84326588544822,0,1,男性,32,1,12,0.1666666666666666,72388,1,16,4280702.057267675,6.986301369863014,3.5
C-000754000,S-0115,-100.0,1,1,女性,51,9,12,0.25,33754,2,14,4553643.099564746,10.51095890410959,7.0
C-000565798,S-0054,-83.38938332621096,1,1,男性,47,10,12,0.5,44837,1,23,4489160.181517739,6.358904109589041,4.0
C-002047349,S-0096,-39.95656195332084,0,1,女性,55,3,12,0.1666666666666666,0,0,16,4644856.458098179,8.302739726027397,5.0
C-001218071,S-0036,-61.114981786788036,1,1,女性,36,7,12,0.0833333333333333,0,0,19,4397834.424680548,11.123287671232877,9.0
C-001644081,S-0030,-38.71948535490285,0,1,女性,33,5,12,0.3333333333333333,12808,2,22,4426478.045479023,9.236986301369862,5.5
C-000392417,S-0036,-55.228003885467814,1,1,女性,55,11,12,0.3333333333333333,11676,2,19,4397834.424680548,11.123287671232877,9.0
C-002286267,S-0041,-26.45623764078755,0,1,女性,49,2,12,0.75,54737,1,17,4828489.286769263,10.389041095890411,7.0
C-001550408,S-0117,-37.06384150656613,0,1,女性,58,6,12,0.5,0,0,20,4500859.737076383,9.593150684931507,7.0
C-000048308,S-0036,-27.167436448894687,0,1,男性,59,12,12,0.4166666666666667,42376,1,19,4397834.424680548,11.123287671232877,9.0
C-000783035,S-0072,-100.0,1,1,男性,23,9,12,0.1666666666666666,57363,1,12,4406797.312641796,9.01917808219178,6.0
C-000018470,S-0040,-94.06166162756037,1,1,女性,46,12,12,0.6666666666666666,25522,2,20,4550116.0180538,8.163013698630138,4.0
C-000495083,S-0017,-19.59689136319402,0,1,女性,29,10,12,0.1666666666666666,0,0,20,4640207.03550726,5.608219178082192,2.5
C-001748917,S-0012,-19.47586364485018,0,1,女性,50,5,12,0.1666666666666666,5674,1,16,4444678.825084195,7.994520547945205,5.0
C-001227598,S-0096,-64.73370183385548,1,1,女性,27,7,12,0.0833333333333333,11691,2,16,4644856.458098179,8.302739726027397,5.0
C-000640837,S-0102,-67.57362856416971,1,1,女性,25,10,12,0.25,10494,2,16,4383474.364435211,10.484931506849314,7.5
C-000375012,S-0007,-33.0429181168118,0,1,男性,44,11,12,0.4166666666666667,2878,1,21,4487075.727367008,3.7260273972602738,1.0
C-000093972,S-0018,-100.0,1,1,女性,65,12,12,0.1666666666666666,0,0,16,4493108.581950108,7.550684931506849,5.0
C-002545583,S-0018,-49.19907597860827,1,1,女性,46,1,12,0.0833333333333333,0,0,16,4493108.581950108,7.550684931506849,5.0
C-000884037,S-0036,-79.44229680323801,1,1,女性,43,9,12,0.4166666666666667,0,0,19,4397834.424680548,11.123287671232877,9.0
C-000521480,S-0004,-26.322942715557584,0,1,男性,42,10,12,0.25,1028,2,22,4423576.351309,11.806849315068494,9.0
C-000146279,S-0072,-100.0,1,1,女性,28,12,12,0.0833333333333333,0,0,12,4406797.312641796,9.01917808219178,6.0
C-002382272,S-0008,-62.41997758126791,1,1,男性,37,2,12,0.0833333333333333,96162,1,22,4498453.308937302,10.772602739726027,7.0
C-000826433,S-0050,-46.70452972992486,0,1,女性,52,9,12,0.1666666666666666,5855,1,20,4615411.181286601,9.2013698630137,6.0
C-001180507,S-0020,-35.17755214726084,0,1,女性,46,7,12,0.1666666666666666,22475,1,16,4280702.057267675,6.986301369863014,3.5
C-001427572,S-0063,-19.727545384442653,0,1,男性,22,6,12,0.0833333333333333,8762,2,18,4564012.176421695,5.749315068493151,3.0
C-000267856,S-0074,-89.14359118792633,1,1,男性,49,11,12,0.25,11242,2,14,4614054.39694187,8.308219178082192,6.0
C-002306879,S-0102,-42.86102431734818,0,1,女性,58,2,12,0.1666666666666666,18961,1,16,4383474.364435211,10.484931506849314,7.5
C-000482449,S-0089,-18.036336737793224,0,1,男性,60,10,12,0.0833333333333333,19057,1,19,4721110.949352573,10.142465753424657,7.0
C-001638074,S-0082,-55.637816205014225,1,1,女性,28,5,12,0.25,2073,2,17,4607261.71451126,4.758904109589041,2.0
C-000750705,S-0050,-75.89668529524823,1,1,女性,48,9,12,0.25,22369,1,20,4615411.181286601,9.2013698630137,6.0
C-000354604,S-0121,-99.23106573498454,1,1,女性,38,11,12,0.0833333333333333,0,0,14,4716268.25678644,9.856164383561644,7.0
C-001892420,S-0014,-100.0,1,1,女性,40,4,12,0.1666666666666666,0,0,21,4730192.353344672,7.336986301369863,4.0
C-000141372,S-0099,-100.0,1,1,女性,53,12,12,0.5833333333333334,0,0,13,4464126.154078853,8.147945205479452,5.0
C-002004092,S-0079,-47.398409235647215,0,1,女性,50,4,12,0.3333333333333333,55662,2,13,4256656.371085242,8.479452054794521,6.0
C-002367847,S-0072,-38.714847060636416,0,1,女性,58,2,12,0.3333333333333333,7986,2,12,4406797.312641796,9.01917808219178,6.0
C-001274754,S-0030,-83.10537490222372,1,1,女性,34,7,12,0.5,0,0,22,4426478.045479023,9.236986301369862,5.5
C-001235396,S-0080,-100.0,1,1,女性,60,7,12,0.25,0,0,17,4457429.264950683,11.673972602739726,9.0
C-002367353,S-0100,-100.0,1,1,男性,43,2,12,0.3333333333333333,31638,2,17,4535925.154217558,4.720547945205479,2.0
C-000882411,S-0036,-100.0,1,1,女性,69,9,12,0.0833333333333333,8772,1,19,4397834.424680548,11.123287671232877,9.0
C-002368581,S-0131,-39.46051692789247,0,1,女性,35,2,12,0.6666666666666666,13338,1,17,4569023.5643747775,5.13972602739726,2.0
C-001468031,S-0131,-76.92032704083398,1,1,男性,36,6,12,0.3333333333333333,0,0,17,4569023.5643747775,5.13972602739726,2.0
C-000549357,S-0012,-48.16980030955825,0,1,女性,49,10,12,0.25,20812,2,16,4444678.825084195,7.994520547945205,5.0
C-002315394,S-0050,-100.0,1,1,女性,59,2,12,0.5833333333333334,16152,1,20,4615411.181286601,9.2013698630137,6.0
C-002019971,S-0097,-68.29820779304353,1,1,女性,28,4,12,0.25,0,0,21,4592508.716501317,10.09041095890411,7.0
C-002201071,S-0080,-30.1693254699466,0,1,男性,50,3,12,0.1666666666666666,0,0,17,4457429.264950683,11.673972602739726,9.0
C-001182472,S-0099,-46.35697315092318,0,1,男性,57,7,12,0.0833333333333333,3234,1,13,4464126.154078853,8.147945205479452,5.0
C-000391188,S-0005,-11.324685080318964,0,1,女性,43,11,12,0.75,0,0,21,4733942.970761149,4.69041095890411,2.0
C-001891577,S-0036,-100.0,1,1,女性,45,4,12,0.0833333333333333,6140,1,19,4397834.424680548,11.123287671232877,9.0
C-001706547,S-0018,-24.903025976307237,0,1,女性,51,5,12,0.1666666666666666,-3796,2,16,4493108.581950108,7.550684931506849,5.0
C-000625975,S-0106,-100.0,1,1,男性,37,10,12,0.25,13162,1,20,4462729.145118021,6.171232876712329,3.5
C-002325208,S-0012,-20.02517137306174,0,1,男性,79,2,12,0.5833333333333334,474,2,16,4444678.825084195,7.994520547945205,5.0
C-002094977,S-0097,-78.99352683232408,1,1,女性,57,3,12,0.0833333333333333,38061,2,21,4592508.716501317,10.09041095890411,7.0
C-000854245,S-0018,-27.99277572013768,0,1,男性,41,9,12,0.4166666666666667,10732,1,16,4493108.581950108,7.550684931506849,5.0
C-000539246,S-0036,-28.851164651315088,0,1,男性,40,10,12,0.1666666666666666,9004,1,19,4397834.424680548,11.123287671232877,9.0
C-001841693,S-0008,-18.220349461169057,0,1,男性,31,4,12,0.25,13430,1,22,4498453.308937302,10.772602739726027,7.0
C-000434150,S-0080,-41.41000205654283,0,1,女性,37,11,12,0.3333333333333333,64774,1,17,4457429.264950683,11.673972602739726,9.0
C-000694150,S-0012,-30.916767310452347,0,1,男性,75,9,12,0.4166666666666667,0,0,16,4444678.825084195,7.994520547945205,5.0
C-000600412,S-0113,-18.338635269811828,0,1,女性,79,10,12,0.0833333333333333,1241,2,16,4336633.961311346,5.77945205479452,2.5
C-000848023,S-0099,-100.0,1,1,男性,45,9,12,0.4166666666666667,12944,1,13,4464126.154078853,8.147945205479452,5.0
C-001660087,S-0099,-22.869680956958483,0,1,女性,54,5,12,0.3333333333333333,3569,1,13,4464126.154078853,8.147945205479452,5.0
C-002418264,S-0080,-26.169117853828634,0,1,男性,57,2,12,0.4166666666666667,0,0,17,4457429.264950683,11.673972602739726,9.0
C-000817182,S-0002,-34.516955615067964,0,1,女性,40,9,12,0.25,18237,1,15,4455566.655169959,5.663013698630137,2.0
C-000729037,S-0099,-82.20703568613304,1,1,女性,32,9,12,0.1666666666666666,11210,1,13,4464126.154078853,8.147945205479452,5.0
C-000504408,S-0048,-38.855172264683304,0,1,男性,46,10,12,0.1666666666666666,0,0,15,4502249.082895545,3.671232876712329,1.0
C-002014409,S-0111,-45.99378992826296,0,1,男性,67,4,12,0.3333333333333333,0,0,19,4489501.980758176,6.397260273972603,4.0
C-002565687,S-0117,-40.38170387987835,0,1,女性,45,1,12,0.3333333333333333,14253,2,20,4500859.737076383,9.593150684931507,7.0
C-000445499,S-0072,-24.35446706416134,0,1,女性,58,11,12,0.3333333333333333,3690,2,12,4406797.312641796,9.01917808219178,6.0
C-001535658,S-0115,-100.0,1,1,女性,45,6,12,0.4166666666666667,15633,2,14,4553643.099564746,10.51095890410959,7.0
C-000891226,S-0080,-100.0,1,1,女性,58,9,12,0.0833333333333333,0,0,17,4457429.264950683,11.673972602739726,9.0
C-000043013,S-0074,-24.526779797746983,0,1,男性,44,12,12,0.1666666666666666,0,0,14,4614054.39694187,8.308219178082192,6.0
C-000177523,S-0007,-100.0,1,1,男性,70,12,12,0.3333333333333333,0,0,21,4487075.727367008,3.7260273972602738,1.0
C-001183276,S-0056,-36.376340345729794,0,1,女性,60,7,12,0.25,0,0,15,4406070.585753419,7.528767123287671,4.0
C-001522494,S-0072,-39.52282936943163,0,1,男性,33,6,12,0.25,0,0,12,4406797.312641796,9.01917808219178,6.0
C-000435822,S-0041,-100.0,1,1,女性,46,11,12,0.25,5982,1,17,4828489.286769263,10.389041095890411,7.0
C-001796501,S-0096,-100.0,1,1,女性,49,5,12,0.4166666666666667,2669,1,16,4644856.458098179,8.302739726027397,5.0
C-001363790,S-0050,-39.78367911750468,0,1,男性,39,6,12,1.0,20167,1,20,4615411.181286601,9.2013698630137,6.0
C-000910041,S-0004,-100.0,1,1,女性,55,8,12,0.3333333333333333,410510,1,22,4423576.351309,11.806849315068494,9.0
C-000034584,S-0074,-100.0,1,1,女性,65,12,12,0.1666666666666666,0,0,14,4614054.39694187,8.308219178082192,6.0
C-002177177,S-0019,-100.0,1,1,女性,33,3,12,0.25,0,0,19,4327199.920883598,4.090410958904109,1.0
C-002342401,S-0048,-100.0,1,1,男性,40,2,12,0.3333333333333333,0,0,15,4502249.082895545,3.671232876712329,1.0
C-000058930,S-0121,-65.35195885005636,1,1,男性,42,12,12,0.1666666666666666,1430,1,14,4716268.25678644,9.856164383561644,7.0
C-000060021,S-0115,-100.0,1,1,女性,63,12,12,0.3333333333333333,0,0,14,4553643.099564746,10.51095890410959,7.0
C-000664388,S-0008,-81.41650059784776,1,1,女性,48,10,12,0.4166666666666667,4714,1,22,4498453.308937302,10.772602739726027,7.0
C-001649824,S-0131,-100.0,1,1,女性,23,5,12,0.3333333333333333,0,0,17,4569023.5643747775,5.13972602739726,2.0
C-001371373,S-0018,-34.82076705164524,0,1,女性,40,6,12,0.25,66584,1,16,4493108.581950108,7.550684931506849,5.0
C-000189827,S-0096,-63.22893599072024,1,1,男性,53,12,12,0.1666666666666666,12528,1,16,4644856.458098179,8.302739726027397,5.0
C-000379381,S-0004,-64.31245208136022,1,1,女性,42,11,12,0.1666666666666666,290643,2,22,4423576.351309,11.806849315068494,9.0
C-001746301,S-0008,-100.0,1,1,男性,57,5,12,0.1666666666666666,22610,1,22,4498453.308937302,10.772602739726027,7.0
C-000109901,S-0007,-96.51187814029211,1,1,男性,46,12,12,0.5,0,0,21,4487075.727367008,3.7260273972602738,1.0
C-001016248,S-0041,-100.0,1,1,女性,54,8,12,0.1666666666666666,0,0,17,4828489.286769263,10.389041095890411,7.0
C-000174573,S-0096,-18.66801840442954,0,1,女性,42,12,12,0.0833333333333333,20177,2,16,4644856.458098179,8.302739726027397,5.0
C-000071160,S-0041,-40.58393640518286,0,1,男性,51,12,12,0.5833333333333334,0,0,17,4828489.286769263,10.389041095890411,7.0
C-000745640,S-0113,-90.74397452538591,1,1,女性,58,9,12,0.5833333333333334,19888,1,16,4336633.961311346,5.77945205479452,2.5
C-002527942,S-0102,-27.979457129877293,0,1,男性,46,1,12,0.25,20771,1,16,4383474.364435211,10.484931506849314,7.5
C-001434429,S-0121,-84.13746312234615,1,1,女性,25,6,12,0.1666666666666666,0,0,14,4716268.25678644,9.856164383561644,7.0
C-000868787,S-0039,-15.331751657392218,0,1,女性,73,9,12,0.0,22081,1,16,4591288.568998441,8.193150684931506,5.0
C-001478015,S-0054,-56.42208149779736,1,1,女性,48,6,12,0.6666666666666666,0,0,23,4489160.181517739,6.358904109589041,4.0
C-000485323,S-0059,-100.0,1,1,女性,80,10,12,0.25,0,0,14,4713188.969095345,6.8123287671232875,3.0
C-000714245,S-0089,-35.1479213479113,0,1,女性,54,9,12,0.25,2439,2,19,4721110.949352573,10.142465753424657,7.0
C-000539620,S-0082,-43.844722615953316,0,1,女性,58,10,12,0.3333333333333333,15000,1,17,4607261.71451126,4.758904109589041,2.0
C-001361467,S-0072,-100.0,1,1,女性,40,6,12,0.1666666666666666,1844,1,12,4406797.312641796,9.01917808219178,6.0
C-000884051,S-0100,-42.25254008241712,0,1,男性,56,9,12,0.3333333333333333,14098,2,17,4535925.154217558,4.720547945205479,2.0
C-001443836,S-0012,-99.07961343764381,1,1,女性,51,6,12,0.0833333333333333,8049,2,16,4444678.825084195,7.994520547945205,5.0
C-001500938,S-0099,-42.068129773461386,0,1,男性,60,6,12,0.1666666666666666,41602,2,13,4464126.154078853,8.147945205479452,5.0
C-002667335,S-0041,-100.0,1,1,女性,41,1,12,0.3333333333333333,0,0,17,4828489.286769263,10.389041095890411,7.0
C-002331469,S-0014,-62.12743570546934,1,1,女性,71,2,12,0.1666666666666666,0,0,21,4730192.353344672,7.336986301369863,4.0
C-001373227,S-0054,-65.85526792835907,1,1,女性,43,6,12,0.3333333333333333,2705,2,23,4489160.181517739,6.358904109589041,4.0
C-000377496,S-0002,-47.59241282608361,0,1,女性,55,11,12,0.4166666666666667,0,0,15,4455566.655169959,5.663013698630137,2.0
C-000258027,S-0106,-37.24698045642146,0,1,男性,38,11,12,0.3333333333333333,1796,2,20,4462729.145118021,6.171232876712329,3.5
C-002676709,S-0007,-100.0,1,1,女性,47,1,12,0.6666666666666666,0,0,21,4487075.727367008,3.7260273972602738,1.0
C-000577082,S-0106,-49.61348091965315,1,1,男性,69,10,12,0.0,6639,2,20,4462729.145118021,6.171232876712329,3.5
C-002286097,S-0014,-48.50407407407407,0,1,男性,66,2,12,0.3333333333333333,64976,2,21,4730192.353344672,7.336986301369863,4.0
C-001654275,S-0075,-53.78617328675551,1,1,女性,72,5,12,0.8333333333333334,0,0,19,4506647.2743158825,4.526027397260274,1.0
C-002065423,S-0106,-28.575950317561897,0,1,女性,36,3,12,0.3333333333333333,5977,1,20,4462729.145118021,6.171232876712329,3.5
C-000513865,S-0100,-22.66445952886631,0,1,女性,41,10,12,0.25,1375,2,17,4535925.154217558,4.720547945205479,2.0
C-000198176,S-0008,-16.507615637484815,0,1,女性,48,12,12,0.1666666666666666,5044,1,22,4498453.308937302,10.772602739726027,7.0
C-001625830,S-0072,-84.27713541706208,1,1,男性,61,5,12,0.5,49487,2,12,4406797.312641796,9.01917808219178,6.0
C-002489477,S-0054,-100.0,1,1,男性,65,1,12,0.6666666666666666,80094,1,23,4489160.181517739,6.358904109589041,4.0
C-002491864,S-0014,-62.97757475083057,1,1,女性,42,1,12,0.0833333333333333,9019,2,21,4730192.353344672,7.336986301369863,4.0
C-000611820,S-0059,-22.25975571740301,0,1,女性,44,10,12,0.0833333333333333,1077,2,14,4713188.969095345,6.8123287671232875,3.0
C-002444255,S-0096,-28.831798782349054,0,1,女性,33,2,12,0.25,0,0,16,4644856.458098179,8.302739726027397,5.0
C-000547055,S-0097,-51.130850563674734,1,1,女性,79,10,12,0.25,25279,2,21,4592508.716501317,10.09041095890411,7.0
C-000531195,S-0080,-100.0,1,1,女性,56,10,12,0.1666666666666666,9503,1,17,4457429.264950683,11.673972602739726,9.0
C-001742901,S-0020,-38.80512032489092,0,1,男性,42,5,12,0.25,0,0,16,4280702.057267675,6.986301369863014,3.5
C-001522375,S-0062,-12.918466860578631,0,1,女性,47,6,12,0.0833333333333333,15632,1,15,4713869.782113416,4.575342465753424,1.0
C-001421270,S-0014,-20.878267631473566,0,1,女性,59,6,12,0.1666666666666666,1672,2,21,4730192.353344672,7.336986301369863,4.0
C-000767243,S-0002,-62.78281999291945,1,1,女性,56,9,12,0.3333333333333333,0,0,15,4455566.655169959,5.663013698630137,2.0
C-000131376,S-0072,-89.12331700150816,1,1,男性,54,12,12,0.3333333333333333,0,0,12,4406797.312641796,9.01917808219178,6.0
C-001960046,S-0080,-37.382843635763955,0,1,男性,67,4,12,0.5,20390,1,17,4457429.264950683,11.673972602739726,9.0
C-001481953,S-0074,-100.0,1,1,男性,51,6,12,0.0,19964,1,14,4614054.39694187,8.308219178082192,6.0
C-002692175,S-0063,-5.233410090014654,0,1,女性,45,1,12,0.4166666666666667,0,0,18,4564012.176421695,5.749315068493151,3.0
C-002172503,S-0036,-8.769749890579593,0,1,男性,39,3,12,0.0833333333333333,70086,1,19,4397834.424680548,11.123287671232877,9.0
C-001224079,S-0111,-100.0,1,1,男性,57,7,12,0.8333333333333334,7388,1,19,4489501.980758176,6.397260273972603,4.0
C-001764656,S-0020,-82.2899940843404,1,1,男性,67,5,12,0.5,7200,1,16,4280702.057267675,6.986301369863014,3.5
C-000038571,S-0005,-31.916133597901954,0,1,女性,54,12,12,0.9166666666666666,17395,1,21,4733942.970761149,4.69041095890411,2.0
C-001615600,S-0117,-94.50949338932683,1,1,男性,41,5,12,0.5833333333333334,14442,2,20,4500859.737076383,9.593150684931507,7.0
C-000133372,S-0004,-84.17570205517009,1,1,女性,40,12,12,0.0833333333333333,2796,1,22,4423576.351309,11.806849315068494,9.0
C-001765841,S-0080,-15.604662823413879,0,1,女性,42,5,12,0.0833333333333333,1414,1,17,4457429.264950683,11.673972602739726,9.0
C-002237089,S-0063,-27.629155051270764,0,1,男性,59,3,12,0.3333333333333333,1286,2,18,4564012.176421695,5.749315068493151,3.0
C-001431990,S-0079,-100.0,1,1,女性,50,6,12,0.3333333333333333,3320,2,13,4256656.371085242,8.479452054794521,6.0
C-002582205,S-0004,-61.35875418425265,1,1,女性,33,1,12,0.75,0,0,22,4423576.351309,11.806849315068494,9.0
C-000398888,S-0056,-88.28368103471603,1,1,女性,48,11,12,0.3333333333333333,15002,2,15,4406070.585753419,7.528767123287671,4.0
C-001516769,S-0017,-40.6521011801462,0,1,男性,56,6,12,0.4166666666666667,0,0,20,4640207.03550726,5.608219178082192,2.5
C-001340457,S-0079,-40.70903419421036,0,1,女性,48,7,12,0.3333333333333333,0,0,13,4256656.371085242,8.479452054794521,6.0
C-002304167,S-0008,-29.556784751704335,0,1,男性,42,2,12,0.25,0,0,22,4498453.308937302,10.772602739726027,7.0
C-002284461,S-0121,-100.0,1,1,女性,55,2,12,0.5833333333333334,0,0,14,4716268.25678644,9.856164383561644,7.0
C-002446130,S-0039,-15.351530688178409,0,1,男性,33,2,12,0.5833333333333334,13785,1,16,4591288.568998441,8.193150684931506,5.0
C-000812822,S-0030,-47.13976909629377,0,1,女性,55,9,12,0.0,0,0,22,4426478.045479023,9.236986301369862,5.5
C-001636079,S-0074,-100.0,1,1,女性,43,5,12,0.0833333333333333,0,0,14,4614054.39694187,8.308219178082192,6.0
C-001479939,S-0036,-67.78238732792758,1,1,男性,47,6,12,0.1666666666666666,0,0,19,4397834.424680548,11.123287671232877,9.0
C-000315321,S-0113,-68.95292134764067,1,1,男性,48,11,12,0.4166666666666667,4503,1,16,4336633.961311346,5.77945205479452,2.5
C-000177402,S-0030,-30.99113597891981,0,1,女性,26,12,12,0.3333333333333333,69903,1,22,4426478.045479023,9.236986301369862,5.5
C-000698891,S-0080,-100.0,1,1,男性,47,9,12,0.3333333333333333,8202,1,17,4457429.264950683,11.673972602739726,9.0
C-001005602,S-0097,-100.0,1,1,男性,42,8,12,0.25,6076,1,21,4592508.716501317,10.09041095890411,7.0
C-000972185,S-0074,-100.0,1,1,女性,22,8,12,0.0,28852,1,14,4614054.39694187,8.308219178082192,6.0
C-000436814,S-0041,-17.75505678240417,0,1,女性,58,11,12,0.0833333333333333,0,0,17,4828489.286769263,10.389041095890411,7.0
C-001568514,S-0079,-98.58940585952797,1,1,男性,55,6,12,0.3333333333333333,4073,1,13,4256656.371085242,8.479452054794521,6.0
C-000512255,S-0072,-100.0,1,1,男性,60,10,12,0.1666666666666666,0,0,12,4406797.312641796,9.01917808219178,6.0
C-001667181,S-0113,-25.01018322185719,0,1,男性,69,5,12,0.0833333333333333,29367,2,16,4336633.961311346,5.77945205479452,2.5
C-000293257,S-0100,-34.80908919600223,0,1,男性,57,11,12,0.1666666666666666,0,0,17,4535925.154217558,4.720547945205479,2.0
C-002114715,S-0100,-28.864055056444215,0,1,女性,45,3,12,0.3333333333333333,21894,1,17,4535925.154217558,4.720547945205479,2.0
C-001408240,S-0075,-27.149012443555893,0,1,女性,50,6,12,0.75,0,0,19,4506647.2743158825,4.526027397260274,1.0
C-002586318,S-0072,-35.36604956736575,0,1,男性,57,1,12,0.0833333333333333,25278,2,12,4406797.312641796,9.01917808219178,6.0
C-000535773,S-0096,-44.18750781337387,0,1,男性,55,10,12,0.3333333333333333,19239,1,16,4644856.458098179,8.302739726027397,5.0
C-000658671,S-0099,-59.137990142356955,1,1,女性,50,10,12,0.25,13633,2,13,4464126.154078853,8.147945205479452,5.0
C-002583798,S-0014,-71.97310156138403,1,1,女性,43,1,12,0.3333333333333333,4628,1,21,4730192.353344672,7.336986301369863,4.0
C-001033719,S-0072,-40.206269067739406,0,1,男性,37,8,12,0.25,33199,1,12,4406797.312641796,9.01917808219178,6.0
C-001182493,S-0072,-83.6051320114516,1,1,女性,49,7,12,0.3333333333333333,0,0,12,4406797.312641796,9.01917808219178,6.0
C-000935974,S-0054,-33.59600184083257,0,1,女性,57,8,12,0.25,16500,2,23,4489160.181517739,6.358904109589041,4.0
C-001582837,S-0089,-39.974562588914445,0,1,女性,60,5,12,0.25,7241,2,19,4721110.949352573,10.142465753424657,7.0
C-000367106,S-0054,-17.636221246553585,0,1,女性,41,11,12,0.0833333333333333,42630,2,23,4489160.181517739,6.358904109589041,4.0
C-001762997,S-0056,-100.0,1,1,女性,37,5,12,0.3333333333333333,35628,1,15,4406070.585753419,7.528767123287671,4.0
C-000598313,S-0041,-69.13438743619497,1,1,女性,59,10,12,0.25,9505,2,17,4828489.286769263,10.389041095890411,7.0
C-001668230,S-0040,-15.03153893217965,0,1,男性,44,5,12,0.25,23632,1,20,4550116.0180538,8.163013698630138,4.0
C-001496747,S-0056,-100.0,1,1,女性,78,6,12,0.1666666666666666,0,0,15,4406070.585753419,7.528767123287671,4.0
C-000551119,S-0097,-100.0,1,1,女性,73,10,12,0.1666666666666666,0,0,21,4592508.716501317,10.09041095890411,7.0
C-001741146,S-0080,-44.405167320547804,0,1,男性,67,5,12,0.25,54442,1,17,4457429.264950683,11.673972602739726,9.0
C-000425720,S-0111,-69.69751075004835,1,1,男性,48,11,12,0.4166666666666667,0,0,19,4489501.980758176,6.397260273972603,4.0
C-000551036,S-0041,-100.0,1,1,女性,53,10,12,0.1666666666666666,35360,1,17,4828489.286769263,10.389041095890411,7.0
C-002638875,S-0039,-100.0,1,1,男性,41,1,12,0.25,0,0,16,4591288.568998441,8.193150684931506,5.0
C-000714709,S-0106,-50.37731750007174,1,1,男性,57,9,12,0.1666666666666666,71594,1,20,4462729.145118021,6.171232876712329,3.5
C-002455553,S-0074,-44.816066372808685,0,1,男性,58,2,12,0.25,49646,1,14,4614054.39694187,8.308219178082192,6.0
C-000562968,S-0040,-100.0,1,1,男性,62,10,12,0.0833333333333333,0,0,20,4550116.0180538,8.163013698630138,4.0
C-001687110,S-0002,-40.067823328500396,0,1,女性,45,5,12,0.6666666666666666,0,0,15,4455566.655169959,5.663013698630137,2.0
C-000130605,S-0079,-49.81791958002804,1,1,男性,51,12,12,0.1666666666666666,2173,1,13,4256656.371085242,8.479452054794521,6.0
C-000771409,S-0117,-100.0,1,1,女性,80,9,12,0.25,7951,2,20,4500859.737076383,9.593150684931507,7.0
C-001137580,S-0085,-16.71163909116992,0,1,女性,57,7,12,0.25,0,0,15,4606655.398026554,4.928767123287671,2.0
C-000003126,S-0075,-40.41285002705072,0,1,女性,52,12,12,0.25,1414,1,19,4506647.2743158825,4.526027397260274,1.0
C-002345400,S-0126,-21.631369284504036,0,1,男性,26,2,12,0.3333333333333333,17396,2,17,4493168.352495564,5.53972602739726,3.0
C-000216380,S-0036,-38.741538301008234,0,1,男性,66,12,12,0.25,1762,1,19,4397834.424680548,11.123287671232877,9.0
C-001037768,S-0019,-100.0,1,1,男性,31,8,12,0.25,0,0,19,4327199.920883598,4.090410958904109,1.0
C-001140120,S-0072,-26.929957923495905,0,1,女性,52,7,12,0.1666666666666666,1540,2,12,4406797.312641796,9.01917808219178,6.0
C-002652671,S-0074,-54.136258891153425,1,1,男性,27,1,12,0.25,2810,1,14,4614054.39694187,8.308219178082192,6.0
C-001963709,S-0121,-100.0,1,1,男性,51,4,12,0.0833333333333333,0,0,14,4716268.25678644,9.856164383561644,7.0
C-000533083,S-0002,-48.824844955065,0,1,女性,39,10,12,0.6666666666666666,3647,1,15,4455566.655169959,5.663013698630137,2.0
C-000297787,S-0080,-40.052068647392325,0,1,女性,62,11,12,0.25,22482,1,17,4457429.264950683,11.673972602739726,9.0
C-001971637,S-0106,-28.041201138325846,0,1,女性,62,4,12,0.75,0,0,20,4462729.145118021,6.171232876712329,3.5
C-001466840,S-0020,-100.0,1,1,男性,32,6,12,0.25,25331,1,16,4280702.057267675,6.986301369863014,3.5
C-001460582,S-0020,-55.16419804877,1,1,女性,59,6,12,0.25,23183,1,16,4280702.057267675,6.986301369863014,3.5
C-000901018,S-0004,-26.197633787102824,0,1,男性,89,8,12,0.1666666666666666,0,0,22,4423576.351309,11.806849315068494,9.0
C-000613380,S-0115,-55.80380319674353,1,1,女性,38,10,12,0.1666666666666666,0,0,14,4553643.099564746,10.51095890410959,7.0
C-002011134,S-0096,-39.67615563240282,0,1,女性,62,4,12,0.0833333333333333,13381,1,16,4644856.458098179,8.302739726027397,5.0
C-000364151,S-0085,-40.97827137686218,0,1,男性,63,11,12,0.75,0,0,15,4606655.398026554,4.928767123287671,2.0
C-001038752,S-0074,-25.043466809010834,0,1,女性,41,8,12,0.25,0,0,14,4614054.39694187,8.308219178082192,6.0
C-001083626,S-0012,-38.1665949574047,0,1,女性,28,8,12,0.4166666666666667,13388,1,16,4444678.825084195,7.994520547945205,5.0
C-001288400,S-0062,-43.18785898973584,0,1,女性,53,7,12,0.0,10642,1,15,4713869.782113416,4.575342465753424,1.0
C-000185972,S-0080,-38.76261595577599,0,1,女性,16,12,12,0.0833333333333333,10505,2,17,4457429.264950683,11.673972602739726,9.0
C-000400359,S-0054,-52.128855107203954,1,1,男性,39,11,12,0.1666666666666666,28243,2,23,4489160.181517739,6.358904109589041,4.0
C-002021903,S-0048,-27.70758714789887,0,1,女性,57,4,12,0.0833333333333333,0,0,15,4502249.082895545,3.671232876712329,1.0
C-001780180,S-0039,-64.40187239049767,1,1,女性,41,5,12,0.3333333333333333,15314,1,16,4591288.568998441,8.193150684931506,5.0
C-000115229,S-0079,-52.3570722571919,1,1,男性,25,12,12,0.75,3934,2,13,4256656.371085242,8.479452054794521,6.0
C-002548734,S-0079,-16.99569897385948,0,1,男性,46,1,12,0.25,18229,1,13,4256656.371085242,8.479452054794521,6.0
C-001097766,S-0072,-100.0,1,1,女性,38,8,12,0.25,6398,1,12,4406797.312641796,9.01917808219178,6.0
C-002181738,S-0036,-30.620861879179195,0,1,男性,58,3,12,0.3333333333333333,8283,1,19,4397834.424680548,11.123287671232877,9.0
C-001577638,S-0115,-100.0,1,1,女性,50,5,12,0.3333333333333333,25286,2,14,4553643.099564746,10.51095890410959,7.0
C-001466453,S-0080,-8.80108202318301,0,1,男性,50,6,12,0.0833333333333333,52264,1,17,4457429.264950683,11.673972602739726,9.0
C-000660513,S-0008,-28.681390156650238,0,1,女性,57,10,12,0.25,0,0,22,4498453.308937302,10.772602739726027,7.0
C-000976032,S-0096,-37.610336830101645,0,1,女性,42,8,12,0.9166666666666666,26027,1,16,4644856.458098179,8.302739726027397,5.0
C-000932543,S-0072,-78.7402486503698,1,1,女性,68,8,12,0.6666666666666666,0,0,12,4406797.312641796,9.01917808219178,6.0
C-000337649,S-0089,-100.0,1,1,女性,67,11,12,0.1666666666666666,0,0,19,4721110.949352573,10.142465753424657,7.0
C-001244198,S-0040,-100.0,1,1,男性,58,7,12,0.25,0,0,20,4550116.0180538,8.163013698630138,4.0
C-001342974,S-0079,-27.806470617114243,0,1,女性,66,7,12,0.5,45044,2,13,4256656.371085242,8.479452054794521,6.0
C-001789437,S-0079,-22.663353323098907,0,1,女性,38,5,12,0.4166666666666667,26616,1,13,4256656.371085242,8.479452054794521,6.0
C-000897748,S-0030,-29.118359489725005,0,1,女性,39,9,12,0.25,4183,1,22,4426478.045479023,9.236986301369862,5.5
C-001089629,S-0041,-100.0,1,1,男性,63,8,12,0.0833333333333333,0,0,17,4828489.286769263,10.389041095890411,7.0
C-000695890,S-0113,-47.18483216918898,0,1,男性,70,9,12,0.0833333333333333,1691,2,16,4336633.961311346,5.77945205479452,2.5
C-001172501,S-0074,-100.0,1,1,男性,42,7,12,0.25,0,0,14,4614054.39694187,8.308219178082192,6.0
C-001850933,S-0099,-100.0,1,1,男性,32,4,12,0.0833333333333333,0,0,13,4464126.154078853,8.147945205479452,5.0
C-001884217,S-0089,-42.25277466018207,0,1,男性,53,4,12,0.5,14710,1,19,4721110.949352573,10.142465753424657,7.0
C-002300825,S-0102,-94.24702790232153,1,1,女性,60,2,12,0.25,0,0,16,4383474.364435211,10.484931506849314,7.5
C-001159377,S-0007,-20.53525269160375,0,1,男性,50,7,12,0.4166666666666667,25776,2,21,4487075.727367008,3.7260273972602738,1.0
C-002238454,S-0041,-30.599085180224062,0,1,男性,44,3,12,0.4166666666666667,0,0,17,4828489.286769263,10.389041095890411,7.0
C-001033608,S-0017,-33.93587364814349,0,1,女性,56,8,12,0.1666666666666666,3633,2,20,4640207.03550726,5.608219178082192,2.5
C-000979810,S-0002,-100.0,1,1,女性,56,8,12,0.5833333333333334,0,0,15,4455566.655169959,5.663013698630137,2.0
C-001845747,S-0012,-96.57723202241813,1,1,男性,43,4,12,0.0833333333333333,22947,1,16,4444678.825084195,7.994520547945205,5.0
C-000470908,S-0036,-100.0,1,1,女性,36,10,12,0.25,0,0,19,4397834.424680548,11.123287671232877,9.0
C-000522591,S-0099,-24.746063667745478,0,1,女性,58,10,12,0.0833333333333333,41421,1,13,4464126.154078853,8.147945205479452,5.0
C-001140828,S-0115,-16.820172004612278,0,1,女性,59,7,12,0.0,23656,2,14,4553643.099564746,10.51095890410959,7.0
C-000119967,S-0099,-21.378249235654533,0,1,男性,43,12,12,0.0833333333333333,46731,1,13,4464126.154078853,8.147945205479452,5.0
C-001761872,S-0072,-57.55342960448186,1,1,女性,19,5,12,0.5,19223,1,12,4406797.312641796,9.01917808219178,6.0
C-002615476,S-0075,-100.0,1,1,女性,44,1,12,0.0,0,0,19,4506647.2743158825,4.526027397260274,1.0
C-000871829,S-0036,-11.222122222112333,0,1,男性,50,9,12,0.1666666666666666,0,0,19,4397834.424680548,11.123287671232877,9.0
C-001005976,S-0099,-41.98428927047348,0,1,女性,32,8,12,0.3333333333333333,33267,2,13,4464126.154078853,8.147945205479452,5.0
C-000388173,S-0106,-72.2634444020665,1,1,男性,60,11,12,0.3333333333333333,0,0,20,4462729.145118021,6.171232876712329,3.5
C-000155343,S-0096,-43.46435798556756,0,1,女性,45,12,12,0.1666666666666666,22016,2,16,4644856.458098179,8.302739726027397,5.0
C-001774890,S-0036,-67.29970922747455,1,1,男性,51,5,12,0.3333333333333333,0,0,19,4397834.424680548,11.123287671232877,9.0
C-001651466,S-0039,-30.954467206302073,0,1,男性,54,5,12,0.25,1711,2,16,4591288.568998441,8.193150684931506,5.0
C-001077536,S-0102,-17.496933860605402,0,1,男性,44,8,12,0.25,28183,1,16,4383474.364435211,10.484931506849314,7.5
C-000659582,S-0089,-44.72389864160884,0,1,女性,64,10,12,0.25,16882,2,19,4721110.949352573,10.142465753424657,7.0
C-000160124,S-0004,-51.94797937463487,1,1,女性,40,12,12,0.1666666666666666,0,0,22,4423576.351309,11.806849315068494,9.0
C-001819430,S-0106,-100.0,1,1,女性,54,4,12,0.25,0,0,20,4462729.145118021,6.171232876712329,3.5
C-001533203,S-0097,-47.95957697323611,0,1,男性,77,6,12,0.6666666666666666,37552,2,21,4592508.716501317,10.09041095890411,7.0
C-001345509,S-0102,-100.0,1,1,男性,49,7,12,0.1666666666666666,7569,1,16,4383474.364435211,10.484931506849314,7.5
C-000542069,S-0121,-100.0,1,1,男性,70,10,12,0.0833333333333333,72813,2,14,4716268.25678644,9.856164383561644,7.0
C-000198612,S-0097,-18.703932167871,0,1,女性,75,12,12,0.1666666666666666,0,0,21,4592508.716501317,10.09041095890411,7.0
C-001886289,S-0036,-51.124896079810696,1,1,女性,33,4,12,0.1666666666666666,20298,1,19,4397834.424680548,11.123287671232877,9.0
C-001715497,S-0018,-22.474574676463295,0,1,男性,56,5,12,0.25,0,0,16,4493108.581950108,7.550684931506849,5.0
C-001553022,S-0115,-82.76901641163488,1,1,男性,57,6,12,0.3333333333333333,6412,2,14,4553643.099564746,10.51095890410959,7.0
C-001884795,S-0113,-64.96204055442935,1,1,女性,56,4,12,0.25,7434,1,16,4336633.961311346,5.77945205479452,2.5
C-001180498,S-0019,-19.445290406787034,0,1,女性,34,7,12,0.5,0,0,19,4327199.920883598,4.090410958904109,1.0
C-000189545,S-0019,-100.0,1,1,女性,27,12,12,0.0,34693,1,19,4327199.920883598,4.090410958904109,1.0
C-000181524,S-0099,-74.2101943695889,1,1,女性,31,12,12,0.4166666666666667,0,0,13,4464126.154078853,8.147945205479452,5.0
C-001055599,S-0096,-17.641540633017826,0,1,男性,26,8,12,0.0,0,0,16,4644856.458098179,8.302739726027397,5.0
C-002410501,S-0089,-10.674326049410528,0,1,男性,40,2,12,0.3333333333333333,5870,1,19,4721110.949352573,10.142465753424657,7.0
C-001283712,S-0004,-27.863832378454177,0,1,女性,60,7,12,0.25,10189,2,22,4423576.351309,11.806849315068494,9.0
C-001282944,S-0113,-14.428213616380292,0,1,男性,41,7,12,0.0833333333333333,7656,1,16,4336633.961311346,5.77945205479452,2.5
C-001312543,S-0106,-83.33910149260325,1,1,女性,56,7,12,0.3333333333333333,21164,1,20,4462729.145118021,6.171232876712329,3.5
C-001971936,S-0040,-100.0,1,1,男性,35,4,12,0.0,60203,2,20,4550116.0180538,8.163013698630138,4.0
C-002623062,S-0096,-31.903866132261903,0,1,女性,57,1,12,0.6666666666666666,3412,2,16,4644856.458098179,8.302739726027397,5.0
C-002376262,S-0007,-34.57802095348924,0,1,男性,83,2,12,0.75,42706,1,21,4487075.727367008,3.7260273972602738,1.0
C-001185900,S-0100,-29.573209709784827,0,1,女性,39,7,12,0.1666666666666666,2568,2,17,4535925.154217558,4.720547945205479,2.0
C-000709487,S-0080,-54.79146243650298,1,1,女性,49,9,12,0.1666666666666666,335,1,17,4457429.264950683,11.673972602739726,9.0
C-001151178,S-0074,-49.2485630830114,1,1,女性,56,7,12,0.4166666666666667,71296,1,14,4614054.39694187,8.308219178082192,6.0
C-001009853,S-0018,-44.86901482740432,0,1,女性,36,8,12,0.0,0,0,16,4493108.581950108,7.550684931506849,5.0
C-000577855,S-0039,-27.17261483363178,0,1,女性,31,10,12,0.3333333333333333,0,0,16,4591288.568998441,8.193150684931506,5.0
C-000577031,S-0017,-28.968129852647174,0,1,女性,37,10,12,0.4166666666666667,16783,2,20,4640207.03550726,5.608219178082192,2.5
C-000266912,S-0018,-100.0,1,1,女性,53,11,12,0.25,0,0,16,4493108.581950108,7.550684931506849,5.0
C-000357987,S-0072,-75.44718442062609,1,1,男性,21,11,12,0.1666666666666666,3430,1,12,4406797.312641796,9.01917808219178,6.0
C-001140115,S-0002,-17.71514209679269,0,1,男性,41,7,12,0.0833333333333333,13705,2,15,4455566.655169959,5.663013698630137,2.0
C-002363994,S-0054,-23.61408420797934,0,1,女性,51,2,12,0.3333333333333333,0,0,23,4489160.181517739,6.358904109589041,4.0
C-002425727,S-0039,-100.0,1,1,男性,41,2,12,0.25,0,0,16,4591288.568998441,8.193150684931506,5.0
C-000355908,S-0050,-46.664202290933595,0,1,女性,34,11,12,0.25,26117,1,20,4615411.181286601,9.2013698630137,6.0
C-001249367,S-0072,-31.593351768965416,0,1,男性,58,7,12,0.25,85364,1,12,4406797.312641796,9.01917808219178,6.0
C-002045416,S-0012,-100.0,1,1,男性,68,3,12,0.3333333333333333,0,0,16,4444678.825084195,7.994520547945205,5.0
C-001389748,S-0121,-100.0,1,1,女性,42,6,12,0.1666666666666666,0,0,14,4716268.25678644,9.856164383561644,7.0
C-001786232,S-0008,-19.356162216671173,0,1,女性,41,5,12,0.0833333333333333,0,0,22,4498453.308937302,10.772602739726027,7.0
C-002342858,S-0117,-100.0,1,1,女性,46,2,12,0.0,6894,1,20,4500859.737076383,9.593150684931507,7.0
C-000173755,S-0115,-100.0,1,1,男性,74,12,12,0.0,0,0,14,4553643.099564746,10.51095890410959,7.0
C-000775881,S-0050,-45.61115298187362,0,1,男性,67,9,12,0.25,4215,2,20,4615411.181286601,9.2013698630137,6.0
C-000930800,S-0019,-17.39471279644474,0,1,女性,42,8,12,0.9166666666666666,7946,1,19,4327199.920883598,4.090410958904109,1.0
C-000245866,S-0017,-15.87313336170685,0,1,男性,53,11,12,0.1666666666666666,0,0,20,4640207.03550726,5.608219178082192,2.5
C-000439795,S-0012,-98.65175839943689,1,1,女性,58,11,12,0.3333333333333333,0,0,16,4444678.825084195,7.994520547945205,5.0
C-002148976,S-0072,-100.0,1,1,男性,63,3,12,0.0833333333333333,0,0,12,4406797.312641796,9.01917808219178,6.0
C-000928680,S-0100,-38.33205416274523,0,1,女性,39,8,12,0.3333333333333333,0,0,17,4535925.154217558,4.720547945205479,2.0
C-001904743,S-0080,-91.14100730360758,1,1,男性,87,4,12,0.0833333333333333,35753,1,17,4457429.264950683,11.673972602739726,9.0
C-001941364,S-0014,-92.43442344007526,1,1,女性,43,4,12,0.0833333333333333,25420,1,21,4730192.353344672,7.336986301369863,4.0
C-002475826,S-0002,-46.688494296601526,0,1,女性,46,1,12,0.25,4521,1,15,4455566.655169959,5.663013698630137,2.0
C-002692830,S-0099,-100.0,1,1,男性,47,1,12,0.1666666666666666,0,0,13,4464126.154078853,8.147945205479452,5.0
C-001003578,S-0018,-48.48102436093006,0,1,男性,74,8,12,0.25,0,0,16,4493108.581950108,7.550684931506849,5.0
C-000672189,S-0018,-38.994637175709975,0,1,男性,32,10,12,0.3333333333333333,0,0,16,4493108.581950108,7.550684931506849,5.0
C-001001433,S-0072,-37.69498268163562,0,1,女性,57,8,12,0.3333333333333333,0,0,12,4406797.312641796,9.01917808219178,6.0
C-002476512,S-0080,-100.0,1,1,男性,33,1,12,0.25,0,0,17,4457429.264950683,11.673972602739726,9.0
C-001989045,S-0097,-28.964984465530268,0,1,男性,56,4,12,0.0833333333333333,40656,2,21,4592508.716501317,10.09041095890411,7.0
C-000039399,S-0056,-30.70823144581715,0,1,女性,40,12,12,0.1666666666666666,1116,1,15,4406070.585753419,7.528767123287671,4.0
C-000034324,S-0099,-51.547260885377064,1,1,男性,60,12,12,0.4166666666666667,8590,2,13,4464126.154078853,8.147945205479452,5.0
C-002581914,S-0036,-100.0,1,1,女性,41,1,12,0.0833333333333333,2266,2,19,4397834.424680548,11.123287671232877,9.0
C-001171093,S-0115,-67.58452973603713,1,1,女性,51,7,12,0.0833333333333333,3864,1,14,4553643.099564746,10.51095890410959,7.0
C-001139134,S-0074,-76.4636935716968,1,1,女性,59,7,12,0.1666666666666666,2153,2,14,4614054.39694187,8.308219178082192,6.0
C-001372503,S-0102,-87.14420197952487,1,1,女性,47,6,12,0.25,11663,1,16,4383474.364435211,10.484931506849314,7.5
C-001239378,S-0113,-90.95414708287558,1,1,女性,54,7,12,0.4166666666666667,0,0,16,4336633.961311346,5.77945205479452,2.5
C-002544625,S-0020,-91.94089714149149,1,1,男性,56,1,12,0.25,0,0,16,4280702.057267675,6.986301369863014,3.5
C-000716445,S-0074,-35.68229429112962,0,1,男性,58,9,12,0.1666666666666666,0,0,14,4614054.39694187,8.308219178082192,6.0
C-002458479,S-0018,-100.0,1,1,男性,42,2,12,0.4166666666666667,0,0,16,4493108.581950108,7.550684931506849,5.0
C-000236875,S-0097,-87.54765337177639,1,1,女性,62,11,12,0.3333333333333333,4954,1,21,4592508.716501317,10.09041095890411,7.0
C-000518019,S-0106,-76.1711237453499,1,1,女性,40,10,12,0.25,0,0,20,4462729.145118021,6.171232876712329,3.5
C-001107095,S-0080,-67.53771257668042,1,1,女性,20,8,12,0.1666666666666666,11179,1,17,4457429.264950683,11.673972602739726,9.0
C-000136919,S-0004,-23.328608665747446,0,1,女性,65,12,12,0.0833333333333333,0,0,22,4423576.351309,11.806849315068494,9.0
C-000812853,S-0018,-29.176777242773,0,1,男性,54,9,12,0.4166666666666667,0,0,16,4493108.581950108,7.550684931506849,5.0
C-002351995,S-0039,-35.73730891522784,0,1,女性,45,2,12,0.3333333333333333,15272,1,16,4591288.568998441,8.193150684931506,5.0
C-000043784,S-0008,-54.94460463279614,1,1,男性,51,12,12,0.0833333333333333,0,0,22,4498453.308937302,10.772602739726027,7.0
C-002077558,S-0074,-33.7736585490703,0,1,女性,47,3,12,0.25,0,0,14,4614054.39694187,8.308219178082192,6.0
C-002301646,S-0017,-27.945147506087526,0,1,男性,44,2,12,0.0833333333333333,3794,1,20,4640207.03550726,5.608219178082192,2.5
C-000541309,S-0048,-64.40980822305569,1,1,男性,45,10,12,0.4166666666666667,0,0,15,4502249.082895545,3.671232876712329,1.0
C-001695531,S-0089,-100.0,1,1,女性,46,5,12,0.1666666666666666,0,0,19,4721110.949352573,10.142465753424657,7.0
C-001340937,S-0002,-26.408301778714705,0,1,女性,38,7,12,0.5,21698,1,15,4455566.655169959,5.663013698630137,2.0
C-001580933,S-0018,-84.80683456630419,1,1,男性,66,5,12,0.3333333333333333,21004,1,16,4493108.581950108,7.550684931506849,5.0
C-002342168,S-0036,-58.908216415576575,1,1,男性,36,2,12,0.0833333333333333,0,0,19,4397834.424680548,11.123287671232877,9.0
C-001168331,S-0039,-47.31835337581381,0,1,女性,53,7,12,0.3333333333333333,0,0,16,4591288.568998441,8.193150684931506,5.0
C-002048664,S-0097,-100.0,1,1,女性,40,3,12,0.1666666666666666,0,0,21,4592508.716501317,10.09041095890411,7.0
C-001860354,S-0115,-30.618861512319455,0,1,男性,27,4,12,0.1666666666666666,9082,2,14,4553643.099564746,10.51095890410959,7.0
C-001236375,S-0018,-86.26480814310213,1,1,男性,44,7,12,0.1666666666666666,0,0,16,4493108.581950108,7.550684931506849,5.0
C-000168234,S-0039,-20.298017371441293,0,1,女性,44,12,12,0.25,30809,1,16,4591288.568998441,8.193150684931506,5.0
C-002020292,S-0041,-73.64517559881021,1,1,女性,51,4,12,0.1666666666666666,34486,1,17,4828489.286769263,10.389041095890411,7.0
C-001579881,S-0005,-52.96915086665415,1,1,女性,57,5,12,0.5833333333333334,0,0,21,4733942.970761149,4.69041095890411,2.0
C-000694783,S-0072,-33.59167162692387,0,1,女性,60,9,12,0.1666666666666666,0,0,12,4406797.312641796,9.01917808219178,6.0
C-002432531,S-0079,-45.88712745719721,0,1,男性,71,2,12,0.1666666666666666,42234,2,13,4256656.371085242,8.479452054794521,6.0
C-002465646,S-0050,-65.46349341784496,1,1,女性,39,2,12,0.0833333333333333,0,0,20,4615411.181286601,9.2013698630137,6.0
C-002587650,S-0074,-100.0,1,1,女性,48,1,12,0.0,0,0,14,4614054.39694187,8.308219178082192,6.0
C-000299568,S-0106,-39.43242744903653,0,1,男性,61,11,12,0.25,5394,1,20,4462729.145118021,6.171232876712329,3.5
C-000166291,S-0121,-100.0,1,1,女性,41,12,12,0.0,0,0,14,4716268.25678644,9.856164383561644,7.0
C-001881618,S-0072,-15.57921993712964,0,1,女性,20,4,12,0.0833333333333333,35207,1,12,4406797.312641796,9.01917808219178,6.0
C-001903893,S-0050,-100.0,1,1,女性,25,4,12,0.3333333333333333,0,0,20,4615411.181286601,9.2013698630137,6.0
C-000550116,S-0012,-41.95735531648231,0,1,女性,38,10,12,0.4166666666666667,6284,1,16,4444678.825084195,7.994520547945205,5.0
C-000465781,S-0089,-97.33346749849065,1,1,女性,39,10,12,0.25,0,0,19,4721110.949352573,10.142465753424657,7.0
C-001303270,S-0004,-32.81590631679379,0,1,女性,52,7,12,0.0833333333333333,45970,2,22,4423576.351309,11.806849315068494,9.0
C-000995486,S-0080,-38.190008121436406,0,1,男性,44,8,12,0.4166666666666667,26463,2,17,4457429.264950683,11.673972602739726,9.0
C-000559229,S-0097,-100.0,1,1,男性,47,10,12,0.25,0,0,21,4592508.716501317,10.09041095890411,7.0
C-000275029,S-0117,-31.512579353352965,0,1,女性,37,11,12,0.3333333333333333,11042,1,20,4500859.737076383,9.593150684931507,7.0
C-000566039,S-0056,-100.0,1,1,女性,45,10,12,0.0833333333333333,0,0,15,4406070.585753419,7.528767123287671,4.0
C-002297231,S-0117,-69.14674947664012,1,1,女性,36,2,12,0.25,73619,1,20,4500859.737076383,9.593150684931507,7.0
C-000074601,S-0048,-24.00494500131939,0,1,女性,60,12,12,0.0833333333333333,4468,1,15,4502249.082895545,3.671232876712329,1.0
C-002646112,S-0113,-100.0,1,1,男性,34,1,12,0.0,76105,1,16,4336633.961311346,5.77945205479452,2.5
C-001937985,S-0089,-100.0,1,1,女性,55,4,12,0.1666666666666666,0,0,19,4721110.949352573,10.142465753424657,7.0
C-001959286,S-0117,-55.137521911486346,1,1,女性,52,4,12,0.0833333333333333,0,0,20,4500859.737076383,9.593150684931507,7.0
C-001387314,S-0041,-42.67520847721439,0,1,男性,44,6,12,0.4166666666666667,6913,2,17,4828489.286769263,10.389041095890411,7.0
C-000826621,S-0030,-95.09416575476588,1,1,男性,40,9,12,0.3333333333333333,29703,2,22,4426478.045479023,9.236986301369862,5.5
C-000118536,S-0007,-50.10471235605801,1,1,男性,51,12,12,0.1666666666666666,6707,2,21,4487075.727367008,3.7260273972602738,1.0
C-001704356,S-0072,-30.3143274654882,0,1,女性,51,5,12,0.4166666666666667,26608,1,12,4406797.312641796,9.01917808219178,6.0
C-000439116,S-0040,-28.00225676563968,0,1,男性,36,11,12,0.25,0,0,20,4550116.0180538,8.163013698630138,4.0
C-000927019,S-0089,-100.0,1,1,女性,40,8,12,0.0833333333333333,2679,2,19,4721110.949352573,10.142465753424657,7.0
C-000854418,S-0121,-50.89551765675522,1,1,女性,43,9,12,0.1666666666666666,66153,1,14,4716268.25678644,9.856164383561644,7.0
C-002251257,S-0102,-100.0,1,1,男性,48,2,12,0.0833333333333333,0,0,16,4383474.364435211,10.484931506849314,7.5
C-000786602,S-0117,-76.07333860806558,1,1,女性,49,9,12,0.1666666666666666,43737,1,20,4500859.737076383,9.593150684931507,7.0
C-000482276,S-0017,-21.07755099166103,0,1,男性,45,10,12,0.3333333333333333,41745,1,20,4640207.03550726,5.608219178082192,2.5
C-000435274,S-0014,-100.0,1,1,女性,29,11,12,0.1666666666666666,3153,2,21,4730192.353344672,7.336986301369863,4.0
C-000267984,S-0113,-62.624274331915295,1,1,男性,43,11,12,0.25,3463,1,16,4336633.961311346,5.77945205479452,2.5
C-002410193,S-0089,-23.847047344701018,0,1,女性,55,2,12,0.3333333333333333,2863,1,19,4721110.949352573,10.142465753424657,7.0
C-000168213,S-0056,-28.804889938875768,0,1,男性,55,12,12,0.0833333333333333,43336,1,15,4406070.585753419,7.528767123287671,4.0
C-000330485,S-0012,-22.14734663025788,0,1,女性,45,11,12,0.1666666666666666,0,0,16,4444678.825084195,7.994520547945205,5.0
C-000142461,S-0074,-100.0,1,1,女性,54,12,12,0.0833333333333333,0,0,14,4614054.39694187,8.308219178082192,6.0
C-001710010,S-0008,-28.02091715163571,0,1,女性,48,5,12,0.1666666666666666,2674,2,22,4498453.308937302,10.772602739726027,7.0
C-002552545,S-0008,-49.14781809462916,1,1,女性,53,1,12,0.75,16515,1,22,4498453.308937302,10.772602739726027,7.0
C-000719624,S-0117,-100.0,1,1,女性,70,9,12,0.6666666666666666,0,0,20,4500859.737076383,9.593150684931507,7.0
C-000120514,S-0018,-74.25780061024045,1,1,女性,46,12,12,0.3333333333333333,33630,1,16,4493108.581950108,7.550684931506849,5.0
C-002166304,S-0054,-33.60808196425572,0,1,女性,59,3,12,0.0833333333333333,0,0,23,4489160.181517739,6.358904109589041,4.0
C-002054264,S-0102,-100.0,1,1,女性,42,3,12,0.25,1532,1,16,4383474.364435211,10.484931506849314,7.5
C-000731951,S-0056,-100.0,1,1,女性,43,9,12,0.25,2732,1,15,4406070.585753419,7.528767123287671,4.0
C-001287271,S-0008,-19.041208668392255,0,1,男性,58,7,12,0.25,154199,1,22,4498453.308937302,10.772602739726027,7.0
C-001626324,S-0102,-100.0,1,1,男性,50,5,12,0.4166666666666667,0,0,16,4383474.364435211,10.484931506849314,7.5
C-001421026,S-0089,-100.0,1,1,女性,48,6,12,0.3333333333333333,0,0,19,4721110.949352573,10.142465753424657,7.0
C-002362892,S-0063,-100.0,1,1,男性,49,2,12,0.3333333333333333,0,0,18,4564012.176421695,5.749315068493151,3.0
C-000742484,S-0097,-46.87490876026577,0,1,男性,70,9,12,0.25,0,0,21,4592508.716501317,10.09041095890411,7.0
C-001099883,S-0036,-41.36605060006865,0,1,女性,69,8,12,0.4166666666666667,102914,2,19,4397834.424680548,11.123287671232877,9.0
C-000750326,S-0041,-15.477433669205997,0,1,女性,55,9,12,0.0,13305,1,17,4828489.286769263,10.389041095890411,7.0
C-001131144,S-0096,-98.87091260198282,1,1,女性,58,7,12,0.25,85304,1,16,4644856.458098179,8.302739726027397,5.0
C-000380796,S-0048,-28.105811279924257,0,1,女性,65,11,12,0.3333333333333333,0,0,15,4502249.082895545,3.671232876712329,1.0
C-002459208,S-0117,-86.3041591848307,1,1,男性,32,2,12,0.0833333333333333,4482,1,20,4500859.737076383,9.593150684931507,7.0
C-000667519,S-0113,-27.208106150962685,0,1,男性,46,10,12,0.1666666666666666,17669,1,16,4336633.961311346,5.77945205479452,2.5
C-002642489,S-0040,-100.0,1,1,女性,36,1,12,0.1666666666666666,4999,1,20,4550116.0180538,8.163013698630138,4.0
C-001835732,S-0075,-8.174708667297494,0,1,男性,35,4,12,0.3333333333333333,27743,2,19,4506647.2743158825,4.526027397260274,1.0
C-000459221,S-0050,-62.70859328013213,1,1,女性,58,10,12,0.75,9401,1,20,4615411.181286601,9.2013698630137,6.0
C-001625058,S-0075,-32.63635198981315,0,1,女性,23,5,12,0.0833333333333333,24583,2,19,4506647.2743158825,4.526027397260274,1.0
C-002530755,S-0072,-28.80950659024752,0,1,男性,51,1,12,0.3333333333333333,0,0,12,4406797.312641796,9.01917808219178,6.0
C-001359399,S-0115,-100.0,1,1,男性,61,6,12,0.1666666666666666,0,0,14,4553643.099564746,10.51095890410959,7.0
C-000067809,S-0017,-67.76386712854494,1,1,男性,53,12,12,0.1666666666666666,3176,2,20,4640207.03550726,5.608219178082192,2.5
C-001106918,S-0039,-41.64809142062612,0,1,男性,42,8,12,0.3333333333333333,14340,1,16,4591288.568998441,8.193150684931506,5.0
C-000712185,S-0048,-91.86040922273318,1,1,女性,44,9,12,0.3333333333333333,5101,1,15,4502249.082895545,3.671232876712329,1.0
C-002041147,S-0019,-100.0,1,1,女性,57,3,12,0.1666666666666666,15755,2,19,4327199.920883598,4.090410958904109,1.0
C-000861742,S-0106,-100.0,1,1,女性,33,9,12,0.0833333333333333,0,0,20,4462729.145118021,6.171232876712329,3.5
C-001057539,S-0036,-100.0,1,1,女性,62,8,12,0.1666666666666666,0,0,19,4397834.424680548,11.123287671232877,9.0
C-001861557,S-0056,-41.736629884501546,0,1,女性,30,4,12,0.3333333333333333,2032,1,15,4406070.585753419,7.528767123287671,4.0
C-001836778,S-0072,-75.72947516628635,1,1,男性,53,4,12,0.4166666666666667,2610,2,12,4406797.312641796,9.01917808219178,6.0
C-001440824,S-0014,-28.053323920575018,0,1,女性,57,6,12,0.3333333333333333,16343,1,21,4730192.353344672,7.336986301369863,4.0
C-000348918,S-0050,-27.415369450861142,0,1,女性,41,11,12,0.25,11996,1,20,4615411.181286601,9.2013698630137,6.0
C-002048251,S-0007,-76.64666116752473,1,1,男性,57,3,12,0.4166666666666667,11858,1,21,4487075.727367008,3.7260273972602738,1.0
C-001094070,S-0019,-5.199975331607024,0,1,女性,57,8,12,0.4166666666666667,18508,1,19,4327199.920883598,4.090410958904109,1.0
C-000012168,S-0097,-52.36411196296583,1,1,女性,38,12,12,0.1666666666666666,36914,2,21,4592508.716501317,10.09041095890411,7.0
C-002615860,S-0004,-16.03661601308937,0,1,男性,49,1,12,0.0833333333333333,5531,1,22,4423576.351309,11.806849315068494,9.0
C-002109295,S-0050,-100.0,1,1,男性,73,3,12,0.5,1735,1,20,4615411.181286601,9.2013698630137,6.0
C-001792490,S-0117,-73.26909894127503,1,1,女性,34,5,12,0.1666666666666666,0,0,20,4500859.737076383,9.593150684931507,7.0
C-001559790,S-0096,-54.46155873552348,1,1,男性,53,6,12,0.25,0,0,16,4644856.458098179,8.302739726027397,5.0
C-002173632,S-0089,-40.30442900114096,0,1,男性,71,3,12,0.0,14129,2,19,4721110.949352573,10.142465753424657,7.0
C-002461470,S-0014,-63.166767359825386,1,1,女性,50,2,12,0.1666666666666666,4406,2,21,4730192.353344672,7.336986301369863,4.0
C-001410705,S-0020,-55.046078303464476,1,1,男性,57,6,12,0.0833333333333333,0,0,16,4280702.057267675,6.986301369863014,3.5
C-001378188,S-0097,-27.001068943666027,0,1,男性,65,6,12,0.3333333333333333,7492,1,21,4592508.716501317,10.09041095890411,7.0
C-000022186,S-0018,-65.17034343944077,1,1,女性,59,12,12,0.3333333333333333,29121,2,16,4493108.581950108,7.550684931506849,5.0
C-001336554,S-0056,-46.34823490647491,0,1,女性,45,7,12,0.4166666666666667,4393,1,15,4406070.585753419,7.528767123287671,4.0
C-001712681,S-0012,-62.733714896939006,1,1,女性,41,5,12,0.0,59182,1,16,4444678.825084195,7.994520547945205,5.0
C-001444304,S-0018,-72.10290246410051,1,1,男性,55,6,12,0.25,5343,2,16,4493108.581950108,7.550684931506849,5.0
C-002252198,S-0111,-37.96948525339383,0,1,男性,41,2,12,0.25,14112,1,19,4489501.980758176,6.397260273972603,4.0
C-001434101,S-0097,-32.266374516179226,0,1,女性,47,6,12,0.4166666666666667,0,0,21,4592508.716501317,10.09041095890411,7.0
C-001931223,S-0048,-100.0,1,1,女性,40,4,12,0.25,34863,1,15,4502249.082895545,3.671232876712329,1.0
C-001875918,S-0074,-7.350748195189805,0,1,女性,56,4,12,0.1666666666666666,0,0,14,4614054.39694187,8.308219178082192,6.0
C-002525050,S-0041,-14.992866981503344,0,1,女性,46,1,12,0.25,0,0,17,4828489.286769263,10.389041095890411,7.0
C-001485134,S-0017,-100.0,1,1,女性,49,6,12,0.0,0,0,20,4640207.03550726,5.608219178082192,2.5
C-001841102,S-0072,-47.03133768737139,0,1,男性,56,4,12,0.25,27276,2,12,4406797.312641796,9.01917808219178,6.0
C-000229159,S-0048,-75.10731677163677,1,1,男性,60,11,12,0.25,1595,1,15,4502249.082895545,3.671232876712329,1.0
C-001044839,S-0096,-100.0,1,1,男性,37,8,12,0.4166666666666667,37517,1,16,4644856.458098179,8.302739726027397,5.0
C-001022681,S-0056,-100.0,1,1,男性,39,8,12,0.0833333333333333,28574,1,15,4406070.585753419,7.528767123287671,4.0
C-000272078,S-0004,-67.23563851514439,1,1,男性,52,11,12,0.25,0,0,22,4423576.351309,11.806849315068494,9.0
C-001736675,S-0102,-41.79736736564684,0,1,女性,90,5,12,0.3333333333333333,55403,1,16,4383474.364435211,10.484931506849314,7.5
C-002104961,S-0007,-33.602838978688354,0,1,女性,51,3,12,0.0833333333333333,0,0,21,4487075.727367008,3.7260273972602738,1.0
C-000453543,S-0048,-100.0,1,1,女性,43,10,12,0.75,68243,1,15,4502249.082895545,3.671232876712329,1.0
C-002118073,S-0102,-89.83246809185917,1,1,女性,23,3,12,0.4166666666666667,24807,1,16,4383474.364435211,10.484931506849314,7.5
C-001876507,S-0115,-50.10530248367354,1,1,男性,46,4,12,0.4166666666666667,11678,2,14,4553643.099564746,10.51095890410959,7.0
C-000237393,S-0111,-58.72188172933577,1,1,女性,59,11,12,0.3333333333333333,115717,1,19,4489501.980758176,6.397260273972603,4.0
C-002433409,S-0099,-64.31489837010038,1,1,女性,23,2,12,0.25,0,0,13,4464126.154078853,8.147945205479452,5.0
C-001923718,S-0050,-68.50029032957654,1,1,女性,43,4,12,0.1666666666666666,21371,1,20,4615411.181286601,9.2013698630137,6.0
C-002373600,S-0131,-26.82650795974817,0,1,男性,55,2,12,0.1666666666666666,0,0,17,4569023.5643747775,5.13972602739726,2.0
C-001150561,S-0014,-16.367302343011872,0,1,女性,40,7,12,0.0833333333333333,20765,1,21,4730192.353344672,7.336986301369863,4.0
C-000555378,S-0074,-45.50565824724256,0,1,男性,48,10,12,0.4166666666666667,0,0,14,4614054.39694187,8.308219178082192,6.0
C-001220186,S-0056,-71.47484197391121,1,1,男性,76,7,12,0.0833333333333333,3937,1,15,4406070.585753419,7.528767123287671,4.0
C-001817301,S-0020,-34.668619632343415,0,1,女性,40,4,12,0.1666666666666666,58472,2,16,4280702.057267675,6.986301369863014,3.5
C-001863031,S-0017,-35.79047489639242,0,1,女性,26,4,12,0.0833333333333333,7386,1,20,4640207.03550726,5.608219178082192,2.5
C-001817749,S-0008,-56.13974319241123,1,1,女性,46,4,12,0.8333333333333334,2224,2,22,4498453.308937302,10.772602739726027,7.0
C-001366354,S-0102,-100.0,1,1,男性,59,6,12,0.3333333333333333,0,0,16,4383474.364435211,10.484931506849314,7.5
C-002032361,S-0020,-18.67485824530033,0,1,男性,43,3,12,0.5,84177,1,16,4280702.057267675,6.986301369863014,3.5
C-000610136,S-0012,-32.37878702881788,0,1,女性,42,10,12,0.6666666666666666,0,0,16,4444678.825084195,7.994520547945205,5.0
C-000977785,S-0074,-12.215234424270701,0,1,女性,54,8,12,0.25,0,0,14,4614054.39694187,8.308219178082192,6.0
C-001656297,S-0115,-48.175168745138386,0,1,女性,39,5,12,0.25,2035,1,14,4553643.099564746,10.51095890410959,7.0
C-001886163,S-0039,-32.5505547234595,0,1,女性,60,4,12,0.25,941,1,16,4591288.568998441,8.193150684931506,5.0
C-001038321,S-0030,-13.568855111910713,0,1,女性,71,8,12,0.0,0,0,22,4426478.045479023,9.236986301369862,5.5
C-001001586,S-0007,-48.35608683900514,0,1,女性,49,8,12,0.25,34896,2,21,4487075.727367008,3.7260273972602738,1.0
C-000346668,S-0121,-100.0,1,1,男性,38,11,12,0.25,0,0,14,4716268.25678644,9.856164383561644,7.0
C-002654065,S-0007,-100.0,1,1,女性,67,1,12,0.3333333333333333,25579,2,21,4487075.727367008,3.7260273972602738,1.0
C-001163838,S-0096,-19.89847684474532,0,1,女性,31,7,12,0.0833333333333333,8637,1,16,4644856.458098179,8.302739726027397,5.0
C-002619438,S-0113,-95.96861563462775,1,1,男性,58,1,12,0.25,3747,1,16,4336633.961311346,5.77945205479452,2.5
C-002437673,S-0097,-66.38169669490514,1,1,女性,59,2,12,0.25,0,0,21,4592508.716501317,10.09041095890411,7.0
C-001363150,S-0063,-41.47326922982627,0,1,男性,64,6,12,0.25,13812,2,18,4564012.176421695,5.749315068493151,3.0
C-001385325,S-0117,-100.0,1,1,女性,35,6,12,0.25,0,0,20,4500859.737076383,9.593150684931507,7.0
C-000076638,S-0007,-64.18983427618736,1,1,女性,53,12,12,0.25,0,0,21,4487075.727367008,3.7260273972602738,1.0
C-000236354,S-0111,-18.673977905406826,0,1,男性,57,11,12,0.5,5625,2,19,4489501.980758176,6.397260273972603,4.0
C-001023276,S-0059,-32.48312945181181,0,1,女性,49,8,12,0.0833333333333333,0,0,14,4713188.969095345,6.8123287671232875,3.0
C-001043829,S-0097,-57.13315103891114,1,1,女性,73,8,12,0.0833333333333333,23912,1,21,4592508.716501317,10.09041095890411,7.0
C-000401932,S-0030,-21.73425330172706,0,1,男性,53,11,12,0.3333333333333333,42946,2,22,4426478.045479023,9.236986301369862,5.5
C-000881817,S-0080,-79.74421654772387,1,1,女性,38,9,12,0.1666666666666666,0,0,17,4457429.264950683,11.673972602739726,9.0
C-001060273,S-0018,-100.0,1,1,男性,51,8,12,0.1666666666666666,0,0,16,4493108.581950108,7.550684931506849,5.0
C-002038333,S-0004,-100.0,1,1,男性,31,3,12,0.1666666666666666,0,0,22,4423576.351309,11.806849315068494,9.0
C-001151052,S-0012,-100.0,1,1,女性,30,7,12,0.1666666666666666,9983,1,16,4444678.825084195,7.994520547945205,5.0
C-001008481,S-0020,-61.26733325103897,1,1,女性,53,8,12,0.5833333333333334,3604,1,16,4280702.057267675,6.986301369863014,3.5
C-000768363,S-0097,-83.78775216926093,1,1,男性,78,9,12,0.0833333333333333,12270,2,21,4592508.716501317,10.09041095890411,7.0
C-000831731,S-0074,-46.79665387760236,0,1,女性,43,9,12,0.0833333333333333,2242,2,14,4614054.39694187,8.308219178082192,6.0
C-000728757,S-0002,-53.9364831904247,1,1,女性,69,9,12,0.0833333333333333,0,0,15,4455566.655169959,5.663013698630137,2.0
C-000056742,S-0113,-75.7484859054444,1,1,女性,43,12,12,0.1666666666666666,1887,2,16,4336633.961311346,5.77945205479452,2.5
C-001990625,S-0004,-43.94000257085931,0,1,女性,24,4,12,0.3333333333333333,0,0,22,4423576.351309,11.806849315068494,9.0
C-000777950,S-0113,-100.0,1,1,男性,44,9,12,0.3333333333333333,16371,1,16,4336633.961311346,5.77945205479452,2.5
C-001443434,S-0106,-67.67456114882458,1,1,女性,60,6,12,0.1666666666666666,7927,1,20,4462729.145118021,6.171232876712329,3.5
C-001499425,S-0075,-30.02123311455066,0,1,女性,60,6,12,0.1666666666666666,31370,1,19,4506647.2743158825,4.526027397260274,1.0
C-001266994,S-0018,-48.12146861683077,0,1,男性,46,7,12,0.25,4737,1,16,4493108.581950108,7.550684931506849,5.0
C-002364914,S-0111,-40.30624437050789,0,1,男性,58,2,12,0.4166666666666667,0,0,19,4489501.980758176,6.397260273972603,4.0
C-000367808,S-0085,-72.42073661858387,1,1,女性,24,11,12,0.5833333333333334,8242,1,15,4606655.398026554,4.928767123287671,2.0
C-000272637,S-0115,-45.30646385209713,0,1,女性,53,11,12,0.0,0,0,14,4553643.099564746,10.51095890410959,7.0
C-000144860,S-0080,-100.0,1,1,男性,44,12,12,0.5833333333333334,0,0,17,4457429.264950683,11.673972602739726,9.0
C-001192192,S-0040,-55.44057184154111,1,1,女性,44,7,12,0.1666666666666666,0,0,20,4550116.0180538,8.163013698630138,4.0
C-000362871,S-0117,-61.36329810983777,1,1,女性,37,11,12,0.5,91830,1,20,4500859.737076383,9.593150684931507,7.0
C-001084476,S-0102,-29.173330348004097,0,1,男性,45,8,12,0.3333333333333333,18263,2,16,4383474.364435211,10.484931506849314,7.5
C-001593367,S-0072,-100.0,1,1,男性,35,5,12,0.0833333333333333,0,0,12,4406797.312641796,9.01917808219178,6.0
C-000855950,S-0115,-100.0,1,1,女性,54,9,12,0.25,0,0,14,4553643.099564746,10.51095890410959,7.0
C-001471022,S-0041,-28.07849240638155,0,1,女性,32,6,12,0.3333333333333333,7280,2,17,4828489.286769263,10.389041095890411,7.0
C-000936987,S-0115,-88.68704712623014,1,1,女性,59,8,12,0.0833333333333333,0,0,14,4553643.099564746,10.51095890410959,7.0
C-000708483,S-0062,-53.92797324171015,1,1,女性,32,9,12,0.1666666666666666,0,0,15,4713869.782113416,4.575342465753424,1.0
C-001908982,S-0056,-100.0,1,1,男性,33,4,12,0.0833333333333333,54988,1,15,4406070.585753419,7.528767123287671,4.0
C-002397867,S-0018,-100.0,1,1,女性,39,2,12,0.1666666666666666,0,0,16,4493108.581950108,7.550684931506849,5.0
C-000573551,S-0004,-59.762359927599604,1,1,男性,41,10,12,0.3333333333333333,0,0,22,4423576.351309,11.806849315068494,9.0
C-001076924,S-0121,-28.543124575052246,0,1,女性,27,8,12,0.1666666666666666,10644,1,14,4716268.25678644,9.856164383561644,7.0
C-002345516,S-0096,-100.0,1,1,男性,46,2,12,0.0833333333333333,3127,1,16,4644856.458098179,8.302739726027397,5.0
C-000674468,S-0020,-100.0,1,1,男性,36,10,12,0.25,0,0,16,4280702.057267675,6.986301369863014,3.5
C-001612687,S-0097,-58.682432832112816,1,1,女性,53,5,12,0.1666666666666666,4621,1,21,4592508.716501317,10.09041095890411,7.0
C-001565234,S-0056,-76.23946923291676,1,1,男性,44,6,12,0.25,1678,2,15,4406070.585753419,7.528767123287671,4.0
C-001578063,S-0005,-38.742956770737116,0,1,女性,49,5,12,0.75,3157,1,21,4733942.970761149,4.69041095890411,2.0
C-000861257,S-0113,-55.8128554340755,1,1,女性,38,9,12,0.4166666666666667,0,0,16,4336633.961311346,5.77945205479452,2.5
C-001687596,S-0036,-47.12309141467982,0,1,男性,24,5,12,0.1666666666666666,0,0,19,4397834.424680548,11.123287671232877,9.0
C-002307088,S-0017,-54.0928321412266,1,1,男性,55,2,12,0.1666666666666666,5700,2,20,4640207.03550726,5.608219178082192,2.5
C-001463511,S-0056,-55.58234952247947,1,1,女性,36,6,12,0.1666666666666666,0,0,15,4406070.585753419,7.528767123287671,4.0
C-000804548,S-0102,-46.722305530289994,0,1,女性,39,9,12,0.25,33405,1,16,4383474.364435211,10.484931506849314,7.5
C-001729106,S-0007,-26.538986758701277,0,1,男性,54,5,12,0.3333333333333333,0,0,21,4487075.727367008,3.7260273972602738,1.0
C-001798277,S-0004,-31.859356581251358,0,1,女性,36,5,12,0.25,16806,1,22,4423576.351309,11.806849315068494,9.0
C-000586252,S-0079,-14.115543068574144,0,1,女性,49,10,12,0.25,81957,2,13,4256656.371085242,8.479452054794521,6.0
C-000039408,S-0014,-10.416162328282578,0,1,女性,32,12,12,0.3333333333333333,47318,1,21,4730192.353344672,7.336986301369863,4.0
C-000611364,S-0048,-100.0,1,1,女性,56,10,12,0.0,0,0,15,4502249.082895545,3.671232876712329,1.0
C-000976437,S-0036,-100.0,1,1,男性,43,8,12,0.6666666666666666,16913,2,19,4397834.424680548,11.123287671232877,9.0
C-001342311,S-0018,-49.18822932521563,1,1,男性,58,7,12,0.3333333333333333,14260,2,16,4493108.581950108,7.550684931506849,5.0
C-000981901,S-0097,-98.65087866593323,1,1,男性,55,8,12,0.1666666666666666,13917,1,21,4592508.716501317,10.09041095890411,7.0
C-000814032,S-0111,-31.55142950636885,0,1,女性,46,9,12,0.25,720,2,19,4489501.980758176,6.397260273972603,4.0
C-001270028,S-0012,-51.68398041428585,1,1,女性,80,7,12,0.3333333333333333,119835,1,16,4444678.825084195,7.994520547945205,5.0
C-001570653,S-0096,-25.7158191768791,0,1,男性,37,6,12,0.3333333333333333,0,0,16,4644856.458098179,8.302739726027397,5.0
C-001542421,S-0099,-46.327245421715915,0,1,男性,60,6,12,0.4166666666666667,0,0,13,4464126.154078853,8.147945205479452,5.0
C-001717507,S-0056,-100.0,1,1,男性,46,5,12,0.4166666666666667,0,0,15,4406070.585753419,7.528767123287671,4.0
C-001646602,S-0048,-19.181301135400304,0,1,女性,50,5,12,0.25,2604,2,15,4502249.082895545,3.671232876712329,1.0
C-001068395,S-0100,-79.98229101761059,1,1,女性,50,8,12,0.0833333333333333,0,0,17,4535925.154217558,4.720547945205479,2.0
C-001119682,S-0063,-100.0,1,1,男性,47,8,12,0.3333333333333333,24661,1,18,4564012.176421695,5.749315068493151,3.0
C-000014359,S-0017,-100.0,1,1,女性,54,12,12,0.6666666666666666,0,0,20,4640207.03550726,5.608219178082192,2.5
C-001320948,S-0117,-100.0,1,1,男性,54,7,12,0.3333333333333333,4631,1,20,4500859.737076383,9.593150684931507,7.0
C-001123850,S-0075,-100.0,1,1,男性,58,8,12,0.3333333333333333,0,0,19,4506647.2743158825,4.526027397260274,1.0
C-000424319,S-0111,-54.940972183070805,1,1,女性,54,11,12,0.25,24683,1,19,4489501.980758176,6.397260273972603,4.0
C-000819617,S-0079,-42.52249178707873,0,1,男性,39,9,12,0.3333333333333333,4192,2,13,4256656.371085242,8.479452054794521,6.0
C-002525542,S-0121,-100.0,1,1,女性,40,1,12,0.1666666666666666,13640,1,14,4716268.25678644,9.856164383561644,7.0
C-002407682,S-0126,-34.17449284853175,0,1,女性,58,2,12,0.25,67097,2,17,4493168.352495564,5.53972602739726,3.0
C-002235705,S-0082,-100.0,1,1,男性,36,3,12,0.4166666666666667,49987,1,17,4607261.71451126,4.758904109589041,2.0
C-000136676,S-0004,-45.92856128294791,0,1,女性,65,12,12,0.0833333333333333,24884,1,22,4423576.351309,11.806849315068494,9.0
C-001960381,S-0020,-13.81421077306761,0,1,男性,61,4,12,0.0,61034,2,16,4280702.057267675,6.986301369863014,3.5
C-001868128,S-0002,-100.0,1,1,男性,38,4,12,0.0,17321,1,15,4455566.655169959,5.663013698630137,2.0
C-001191901,S-0072,-67.84780120974334,1,1,男性,44,7,12,0.3333333333333333,11775,1,12,4406797.312641796,9.01917808219178,6.0
C-000318061,S-0040,-40.302344789723804,0,1,女性,58,11,12,0.1666666666666666,3211,1,20,4550116.0180538,8.163013698630138,4.0
C-001090258,S-0072,-100.0,1,1,男性,52,8,12,0.1666666666666666,0,0,12,4406797.312641796,9.01917808219178,6.0
C-000393870,S-0048,-74.27091510264279,1,1,男性,42,11,12,0.5833333333333334,0,0,15,4502249.082895545,3.671232876712329,1.0
C-001331724,S-0062,-100.0,1,1,女性,25,7,12,0.25,45682,1,15,4713869.782113416,4.575342465753424,1.0
C-000936384,S-0080,-87.39500683000551,1,1,男性,40,8,12,0.1666666666666666,41015,2,17,4457429.264950683,11.673972602739726,9.0
C-000228221,S-0074,-45.25709284516082,0,1,女性,20,11,12,0.0833333333333333,19807,2,14,4614054.39694187,8.308219178082192,6.0
C-000489278,S-0102,-39.04796528595395,0,1,女性,78,10,12,0.4166666666666667,7949,1,16,4383474.364435211,10.484931506849314,7.5
C-000091429,S-0012,-26.38748641419553,0,1,男性,36,12,12,0.1666666666666666,0,0,16,4444678.825084195,7.994520547945205,5.0
C-002356021,S-0080,-19.967970269987397,0,1,男性,41,2,12,0.1666666666666666,57191,2,17,4457429.264950683,11.673972602739726,9.0
C-002168042,S-0002,-24.578753835276764,0,1,女性,47,3,12,0.1666666666666666,16580,1,15,4455566.655169959,5.663013698630137,2.0
C-000282809,S-0131,-100.0,1,1,男性,40,11,12,0.25,66355,1,17,4569023.5643747775,5.13972602739726,2.0
C-000111482,S-0004,-47.8646438200449,0,1,男性,47,12,12,0.3333333333333333,46122,1,22,4423576.351309,11.806849315068494,9.0
C-002236461,S-0097,-97.50335814489006,1,1,男性,38,3,12,0.1666666666666666,11879,2,21,4592508.716501317,10.09041095890411,7.0
C-000343174,S-0121,-85.62184148896831,1,1,女性,36,11,12,0.4166666666666667,0,0,14,4716268.25678644,9.856164383561644,7.0
C-001638682,S-0050,-100.0,1,1,男性,69,5,12,0.4166666666666667,0,0,20,4615411.181286601,9.2013698630137,6.0
C-000785997,S-0041,-100.0,1,1,男性,48,9,12,0.25,0,0,17,4828489.286769263,10.389041095890411,7.0
C-001393259,S-0002,-23.04298571129575,0,1,男性,39,6,12,0.25,35665,1,15,4455566.655169959,5.663013698630137,2.0
C-000754193,S-0079,-94.77206472601293,1,1,女性,20,9,12,0.1666666666666666,5013,2,13,4256656.371085242,8.479452054794521,6.0
C-002655469,S-0030,-18.722987278867524,0,1,女性,43,1,12,0.4166666666666667,22215,1,22,4426478.045479023,9.236986301369862,5.5
C-000481951,S-0096,-100.0,1,1,女性,47,10,12,0.0833333333333333,24958,2,16,4644856.458098179,8.302739726027397,5.0
C-002542726,S-0007,-27.009097358102263,0,1,男性,29,1,12,0.5833333333333334,0,0,21,4487075.727367008,3.7260273972602738,1.0
C-002056328,S-0050,-26.583610916821904,0,1,女性,54,3,12,0.3333333333333333,13163,2,20,4615411.181286601,9.2013698630137,6.0
C-001212464,S-0007,-100.0,1,1,男性,55,7,12,0.25,0,0,21,4487075.727367008,3.7260273972602738,1.0
C-000695270,S-0007,-18.66233473041549,0,1,男性,50,9,12,0.5833333333333334,0,0,21,4487075.727367008,3.7260273972602738,1.0
C-000181801,S-0080,-100.0,1,1,女性,42,12,12,0.4166666666666667,10298,1,17,4457429.264950683,11.673972602739726,9.0
C-001555194,S-0050,-43.971467037031125,0,1,女性,54,6,12,0.25,67467,1,20,4615411.181286601,9.2013698630137,6.0
C-001622505,S-0117,-100.0,1,1,女性,49,5,12,0.6666666666666666,0,0,20,4500859.737076383,9.593150684931507,7.0
C-001227304,S-0121,-48.6645329784834,0,1,女性,49,7,12,0.3333333333333333,1459,1,14,4716268.25678644,9.856164383561644,7.0
C-000216195,S-0121,-61.709661376119016,1,1,女性,73,12,12,0.5,0,0,14,4716268.25678644,9.856164383561644,7.0
C-001048389,S-0102,-65.70631874101129,1,1,男性,80,8,12,0.1666666666666666,133867,2,16,4383474.364435211,10.484931506849314,7.5
C-002249118,S-0054,-100.0,1,1,女性,42,2,12,0.0833333333333333,29782,1,23,4489160.181517739,6.358904109589041,4.0
C-001078876,S-0007,-100.0,1,1,女性,53,8,12,0.25,0,0,21,4487075.727367008,3.7260273972602738,1.0
C-002612331,S-0020,-20.79752559213345,0,1,男性,47,1,12,0.0833333333333333,22385,2,16,4280702.057267675,6.986301369863014,3.5
C-000179766,S-0050,-100.0,1,1,女性,60,12,12,0.3333333333333333,10633,1,20,4615411.181286601,9.2013698630137,6.0
C-001699584,S-0040,-33.76752576311621,0,1,女性,49,5,12,0.25,19265,1,20,4550116.0180538,8.163013698630138,4.0
C-002559166,S-0131,-47.75065308719554,0,1,女性,44,1,12,0.3333333333333333,15969,1,17,4569023.5643747775,5.13972602739726,2.0
C-002666613,S-0072,-100.0,1,1,男性,46,1,12,0.0833333333333333,0,0,12,4406797.312641796,9.01917808219178,6.0
C-000354437,S-0040,-37.39834700688793,0,1,女性,57,11,12,0.8333333333333334,14544,2,20,4550116.0180538,8.163013698630138,4.0
C-001565994,S-0080,-100.0,1,1,女性,41,6,12,0.0,0,0,17,4457429.264950683,11.673972602739726,9.0
C-000238670,S-0072,-86.2548815634646,1,1,女性,37,11,12,0.1666666666666666,0,0,12,4406797.312641796,9.01917808219178,6.0
C-000751775,S-0008,-53.4670585214141,1,1,女性,33,9,12,0.25,0,0,22,4498453.308937302,10.772602739726027,7.0
C-000478330,S-0096,-29.61819241658802,0,1,女性,66,10,12,0.1666666666666666,0,0,16,4644856.458098179,8.302739726027397,5.0
C-002151031,S-0054,-66.14069245746211,1,1,女性,43,3,12,0.5833333333333334,5764,1,23,4489160.181517739,6.358904109589041,4.0
C-001557008,S-0115,-100.0,1,1,女性,55,6,12,0.3333333333333333,2285,1,14,4553643.099564746,10.51095890410959,7.0
C-000447473,S-0018,-53.650043240126834,1,1,女性,61,11,12,0.4166666666666667,0,0,16,4493108.581950108,7.550684931506849,5.0
C-002423507,S-0054,-45.71565700078287,0,1,女性,46,2,12,0.25,0,0,23,4489160.181517739,6.358904109589041,4.0
C-002331218,S-0050,-100.0,1,1,女性,66,2,12,0.25,4965,1,20,4615411.181286601,9.2013698630137,6.0
C-000013915,S-0072,-63.51434421024289,1,1,女性,42,12,12,0.0833333333333333,2123,2,12,4406797.312641796,9.01917808219178,6.0
C-001452570,S-0007,-63.309376724404785,1,1,男性,43,6,12,0.25,2142,1,21,4487075.727367008,3.7260273972602738,1.0
C-001406989,S-0040,-49.85398393045174,1,1,女性,58,6,12,0.5,119351,1,20,4550116.0180538,8.163013698630138,4.0
C-000295484,S-0074,-45.190653713600106,0,1,女性,58,11,12,0.3333333333333333,0,0,14,4614054.39694187,8.308219178082192,6.0
C-001485515,S-0017,-25.823394106680226,0,1,男性,50,6,12,0.25,1718,2,20,4640207.03550726,5.608219178082192,2.5
C-002199268,S-0102,-58.33284699058589,1,1,男性,55,3,12,0.25,560,2,16,4383474.364435211,10.484931506849314,7.5
C-002429904,S-0014,-78.03794177039083,1,1,女性,59,2,12,0.1666666666666666,48939,2,21,4730192.353344672,7.336986301369863,4.0
C-000387676,S-0117,-48.07850528088168,0,1,女性,56,11,12,0.25,0,0,20,4500859.737076383,9.593150684931507,7.0
C-000486008,S-0020,-30.001795087649796,0,1,男性,42,10,12,0.3333333333333333,0,0,16,4280702.057267675,6.986301369863014,3.5
C-000561881,S-0014,-100.0,1,1,女性,59,10,12,0.25,1722,1,21,4730192.353344672,7.336986301369863,4.0
C-001730886,S-0018,-100.0,1,1,女性,67,5,12,0.0,34512,2,16,4493108.581950108,7.550684931506849,5.0
C-000434158,S-0097,-100.0,1,1,女性,25,11,12,0.25,12973,1,21,4592508.716501317,10.09041095890411,7.0
C-001868102,S-0072,-74.52296194075875,1,1,女性,57,4,12,0.1666666666666666,15501,2,12,4406797.312641796,9.01917808219178,6.0
C-000373593,S-0007,-67.90657887915393,1,1,男性,56,11,12,0.4166666666666667,0,0,21,4487075.727367008,3.7260273972602738,1.0
C-002574861,S-0131,-30.077354528296873,0,1,男性,55,1,12,0.1666666666666666,0,0,17,4569023.5643747775,5.13972602739726,2.0
C-001563344,S-0080,-57.79057976221844,1,1,女性,64,6,12,0.0,3728,1,17,4457429.264950683,11.673972602739726,9.0
C-001107342,S-0097,-70.26005672512284,1,1,女性,76,8,12,0.5833333333333334,12812,1,21,4592508.716501317,10.09041095890411,7.0
C-001028486,S-0014,-100.0,1,1,男性,61,8,12,0.1666666666666666,0,0,21,4730192.353344672,7.336986301369863,4.0
C-000756037,S-0126,-23.71918301241677,0,1,女性,44,9,12,0.3333333333333333,11645,1,17,4493168.352495564,5.53972602739726,3.0
C-000604297,S-0004,-76.80816256242467,1,1,女性,53,10,12,0.5833333333333334,29031,1,22,4423576.351309,11.806849315068494,9.0
C-001485291,S-0115,-22.29569222587741,0,1,男性,58,6,12,0.0833333333333333,142092,2,14,4553643.099564746,10.51095890410959,7.0
C-002297973,S-0079,-24.966794203358244,0,1,女性,42,2,12,0.3333333333333333,17925,1,13,4256656.371085242,8.479452054794521,6.0
C-002380836,S-0102,-98.86651752423565,1,1,女性,48,2,12,0.1666666666666666,37595,1,16,4383474.364435211,10.484931506849314,7.5
C-001487144,S-0085,-14.251213145209077,0,1,女性,57,6,12,0.0833333333333333,13599,2,15,4606655.398026554,4.928767123287671,2.0
C-000053054,S-0017,-16.72117539636424,0,1,女性,45,12,12,0.3333333333333333,66165,1,20,4640207.03550726,5.608219178082192,2.5
C-001266651,S-0117,-31.377614450012008,0,1,女性,45,7,12,0.3333333333333333,63858,2,20,4500859.737076383,9.593150684931507,7.0
C-002371090,S-0117,-54.35273162389427,1,1,男性,60,2,12,0.4166666666666667,32317,2,20,4500859.737076383,9.593150684931507,7.0
C-002185689,S-0004,-36.80773127581638,0,1,女性,56,3,12,0.25,3037,1,22,4423576.351309,11.806849315068494,9.0
C-001719553,S-0056,-21.396089220026184,0,1,女性,43,5,12,0.0833333333333333,0,0,15,4406070.585753419,7.528767123287671,4.0
C-001399280,S-0002,-100.0,1,1,男性,35,6,12,0.3333333333333333,0,0,15,4455566.655169959,5.663013698630137,2.0
C-000384576,S-0079,-21.6199664600406,0,1,男性,84,11,12,0.0833333333333333,0,0,13,4256656.371085242,8.479452054794521,6.0
C-002488802,S-0117,-16.502032819854886,0,1,女性,53,1,12,0.25,71385,2,20,4500859.737076383,9.593150684931507,7.0
C-000599962,S-0056,-81.83206377954154,1,1,女性,34,10,12,0.1666666666666666,12393,1,15,4406070.585753419,7.528767123287671,4.0
C-000927289,S-0113,-60.4139151840353,1,1,男性,55,8,12,0.5,6617,2,16,4336633.961311346,5.77945205479452,2.5
C-000873467,S-0059,-52.37068806697175,1,1,女性,32,9,12,0.4166666666666667,37179,2,14,4713188.969095345,6.8123287671232875,3.0
C-001522549,S-0014,-54.35481783150286,1,1,女性,54,6,12,0.3333333333333333,3263,1,21,4730192.353344672,7.336986301369863,4.0
C-001581386,S-0012,-99.64901939770657,1,1,女性,47,5,12,0.1666666666666666,0,0,16,4444678.825084195,7.994520547945205,5.0
C-000495365,S-0089,-53.68814676530918,1,1,女性,27,10,12,0.25,17854,2,19,4721110.949352573,10.142465753424657,7.0
C-001057082,S-0117,-57.11771820597215,1,1,女性,31,8,12,0.25,1169,1,20,4500859.737076383,9.593150684931507,7.0
C-002655547,S-0004,-80.18579810440801,1,1,男性,56,1,12,0.0,0,0,22,4423576.351309,11.806849315068494,9.0
C-000918612,S-0048,-34.84588453353471,0,1,女性,58,8,12,0.3333333333333333,2602,1,15,4502249.082895545,3.671232876712329,1.0
C-001712545,S-0075,-32.64495727809072,0,1,女性,79,5,12,0.9166666666666666,0,0,19,4506647.2743158825,4.526027397260274,1.0
C-001060876,S-0096,-100.0,1,1,男性,54,8,12,0.25,0,0,16,4644856.458098179,8.302739726027397,5.0
C-001227761,S-0018,-27.569714465470717,0,1,女性,35,7,12,0.25,3062,2,16,4493108.581950108,7.550684931506849,5.0
C-001780805,S-0097,-30.278660931363383,0,1,女性,47,5,12,0.1666666666666666,0,0,21,4592508.716501317,10.09041095890411,7.0
C-000145933,S-0097,-33.88109865636538,0,1,男性,19,12,12,0.1666666666666666,0,0,21,4592508.716501317,10.09041095890411,7.0
C-001146099,S-0117,-24.773888574727668,0,1,女性,35,7,12,0.25,12890,1,20,4500859.737076383,9.593150684931507,7.0
C-000341878,S-0111,-43.153666720720494,0,1,男性,41,11,12,0.5,0,0,19,4489501.980758176,6.397260273972603,4.0
C-000704458,S-0041,-63.069545891627875,1,1,男性,58,9,12,0.25,3683,1,17,4828489.286769263,10.389041095890411,7.0
C-000036831,S-0075,-100.0,1,1,男性,44,12,12,0.1666666666666666,24718,2,19,4506647.2743158825,4.526027397260274,1.0
C-001741632,S-0113,-65.03651139692792,1,1,男性,63,5,12,0.25,0,0,16,4336633.961311346,5.77945205479452,2.5
C-000539479,S-0106,-56.88671045439475,1,1,女性,36,10,12,0.1666666666666666,29126,2,20,4462729.145118021,6.171232876712329,3.5
C-000759711,S-0097,-100.0,1,1,男性,61,9,12,0.1666666666666666,5860,2,21,4592508.716501317,10.09041095890411,7.0
C-001006697,S-0030,-24.531306853090122,0,1,女性,17,8,12,0.25,90006,1,22,4426478.045479023,9.236986301369862,5.5
C-002376181,S-0074,-49.42252603179896,1,1,男性,60,2,12,0.3333333333333333,22719,2,14,4614054.39694187,8.308219178082192,6.0
C-001561343,S-0111,-18.162993170401307,0,1,女性,43,6,12,0.5,0,0,19,4489501.980758176,6.397260273972603,4.0
C-000165746,S-0117,-100.0,1,1,女性,69,12,12,0.0833333333333333,21371,1,20,4500859.737076383,9.593150684931507,7.0
C-001447352,S-0089,-25.434166769306565,0,1,女性,45,6,12,0.1666666666666666,0,0,19,4721110.949352573,10.142465753424657,7.0
C-000182369,S-0018,-76.88192855885976,1,1,女性,60,12,12,0.0,5536,1,16,4493108.581950108,7.550684931506849,5.0
C-001421412,S-0080,-39.24387432516371,0,1,女性,49,6,12,0.25,52227,1,17,4457429.264950683,11.673972602739726,9.0
C-000270802,S-0117,-36.49238837764405,0,1,女性,49,11,12,0.3333333333333333,7044,1,20,4500859.737076383,9.593150684931507,7.0
C-002482620,S-0019,-55.38336914028106,1,1,男性,66,1,12,0.9166666666666666,0,0,19,4327199.920883598,4.090410958904109,1.0
C-001902965,S-0056,-17.046563586355973,0,1,男性,33,4,12,0.4166666666666667,0,0,15,4406070.585753419,7.528767123287671,4.0
C-002430754,S-0054,-100.0,1,1,女性,34,2,12,0.25,2505,1,23,4489160.181517739,6.358904109589041,4.0
C-000517223,S-0017,-58.783868061811376,1,1,女性,35,10,12,0.4166666666666667,0,0,20,4640207.03550726,5.608219178082192,2.5
C-000013207,S-0113,-31.786422825480276,0,1,女性,46,12,12,0.1666666666666666,26280,2,16,4336633.961311346,5.77945205479452,2.5
C-002063546,S-0050,-22.49298751502675,0,1,男性,50,3,12,0.4166666666666667,5990,2,20,4615411.181286601,9.2013698630137,6.0
C-001236192,S-0040,-45.04891649608245,0,1,女性,49,7,12,0.3333333333333333,6131,1,20,4550116.0180538,8.163013698630138,4.0
C-002054095,S-0004,-15.026473486018316,0,1,男性,52,3,12,0.25,5053,2,22,4423576.351309,11.806849315068494,9.0
C-000285530,S-0072,-84.60430936785009,1,1,男性,38,11,12,0.25,13752,1,12,4406797.312641796,9.01917808219178,6.0
C-000807458,S-0063,-97.02679657249892,1,1,女性,41,9,12,0.6666666666666666,-745,2,18,4564012.176421695,5.749315068493151,3.0
C-000354353,S-0039,-45.434761033842314,0,1,女性,37,11,12,0.3333333333333333,0,0,16,4591288.568998441,8.193150684931506,5.0
C-000957427,S-0075,-100.0,1,1,男性,37,8,12,0.0833333333333333,0,0,19,4506647.2743158825,4.526027397260274,1.0
C-000375779,S-0082,-28.476248601363036,0,1,男性,69,11,12,0.8333333333333334,0,0,17,4607261.71451126,4.758904109589041,2.0
C-001412680,S-0089,-55.53623971150006,1,1,女性,56,6,12,0.0833333333333333,6589,2,19,4721110.949352573,10.142465753424657,7.0
C-002573466,S-0096,-63.35228008390087,1,1,男性,53,1,12,0.0833333333333333,18577,1,16,4644856.458098179,8.302739726027397,5.0
C-000811473,S-0106,-9.001782359829031,0,1,女性,39,9,12,0.9166666666666666,0,0,20,4462729.145118021,6.171232876712329,3.5
C-001629990,S-0113,-100.0,1,1,女性,55,5,12,0.6666666666666666,24062,1,16,4336633.961311346,5.77945205479452,2.5
C-002066210,S-0074,-31.43818154463183,0,1,男性,60,3,12,0.3333333333333333,43210,1,14,4614054.39694187,8.308219178082192,6.0
C-000916725,S-0056,-23.407692069993285,0,1,女性,47,8,12,0.1666666666666666,0,0,15,4406070.585753419,7.528767123287671,4.0
C-000109235,S-0041,-100.0,1,1,女性,76,12,12,0.0833333333333333,11218,1,17,4828489.286769263,10.389041095890411,7.0
C-001148685,S-0002,-70.180303940929,1,1,女性,46,7,12,0.25,0,0,15,4455566.655169959,5.663013698630137,2.0
C-000930306,S-0106,-100.0,1,1,女性,33,8,12,0.1666666666666666,18347,2,20,4462729.145118021,6.171232876712329,3.5
C-000460515,S-0106,-46.29928022073798,0,1,女性,32,10,12,0.1666666666666666,99131,1,20,4462729.145118021,6.171232876712329,3.5
C-000490067,S-0126,-67.3540302672534,1,1,男性,41,10,12,1.0,0,0,17,4493168.352495564,5.53972602739726,3.0
C-002093182,S-0089,-36.54016979049021,0,1,女性,53,3,12,0.5833333333333334,0,0,19,4721110.949352573,10.142465753424657,7.0
C-001329845,S-0113,-44.37676819358334,0,1,男性,39,7,12,0.1666666666666666,1847,2,16,4336633.961311346,5.77945205479452,2.5
C-001097222,S-0100,-84.7480782170748,1,1,女性,51,8,12,0.5,2819,1,17,4535925.154217558,4.720547945205479,2.0
C-001500673,S-0080,-57.36983433460768,1,1,男性,44,6,12,0.1666666666666666,9964,1,17,4457429.264950683,11.673972602739726,9.0
C-000469487,S-0007,-22.968093539679995,0,1,女性,29,10,12,0.0833333333333333,14620,1,21,4487075.727367008,3.7260273972602738,1.0
C-001649982,S-0074,-100.0,1,1,男性,42,5,12,0.25,11627,2,14,4614054.39694187,8.308219178082192,6.0
C-002215070,S-0050,-47.238232116581365,0,1,男性,57,3,12,0.0833333333333333,2815,2,20,4615411.181286601,9.2013698630137,6.0
C-001250829,S-0048,-100.0,1,1,女性,34,7,12,0.25,1326,1,15,4502249.082895545,3.671232876712329,1.0
C-002458604,S-0007,-22.01389623586203,0,1,女性,46,2,12,0.0833333333333333,0,0,21,4487075.727367008,3.7260273972602738,1.0
C-000743960,S-0099,-58.81586628900084,1,1,女性,57,9,12,0.0,1313,1,13,4464126.154078853,8.147945205479452,5.0
C-002589892,S-0018,-100.0,1,1,女性,54,1,12,0.25,4663,1,16,4493108.581950108,7.550684931506849,5.0
C-002082763,S-0041,-77.00771178801882,1,1,女性,58,3,12,0.0,16829,1,17,4828489.286769263,10.389041095890411,7.0
C-001016224,S-0072,-34.720110360955196,0,1,女性,55,8,12,0.0833333333333333,0,0,12,4406797.312641796,9.01917808219178,6.0
C-001389229,S-0012,-39.87069626358904,0,1,女性,32,6,12,0.1666666666666666,18433,1,16,4444678.825084195,7.994520547945205,5.0
C-000665999,S-0008,-100.0,1,1,女性,45,10,12,0.0833333333333333,8092,1,22,4498453.308937302,10.772602739726027,7.0
C-000660798,S-0012,-100.0,1,1,女性,32,10,12,0.0833333333333333,0,0,16,4444678.825084195,7.994520547945205,5.0
C-001309027,S-0008,-81.26556632874563,1,1,男性,59,7,12,0.0833333333333333,70903,1,22,4498453.308937302,10.772602739726027,7.0
C-001895878,S-0002,-36.35701226782544,0,1,女性,60,4,12,0.1666666666666666,23279,1,15,4455566.655169959,5.663013698630137,2.0
C-002677415,S-0115,-53.93647871116225,1,1,男性,62,1,12,0.3333333333333333,10978,2,14,4553643.099564746,10.51095890410959,7.0
C-001580276,S-0014,-53.8860718204193,1,1,男性,45,5,12,0.25,0,0,21,4730192.353344672,7.336986301369863,4.0
C-000449321,S-0054,-57.57900958068931,1,1,男性,35,11,12,0.5,18924,1,23,4489160.181517739,6.358904109589041,4.0
C-002401714,S-0113,-44.04546182569617,0,1,女性,46,2,12,0.5,702,1,16,4336633.961311346,5.77945205479452,2.5
C-001252939,S-0117,-38.14874596473802,0,1,男性,38,7,12,0.1666666666666666,27081,1,20,4500859.737076383,9.593150684931507,7.0
C-000503293,S-0085,-39.45853669212755,0,1,女性,34,10,12,0.6666666666666666,0,0,15,4606655.398026554,4.928767123287671,2.0
C-001229714,S-0007,-100.0,1,1,男性,50,7,12,0.75,0,0,21,4487075.727367008,3.7260273972602738,1.0
C-001118520,S-0041,-9.997022841040483,0,1,男性,36,8,12,0.0,6459,2,17,4828489.286769263,10.389041095890411,7.0
C-001565348,S-0007,-100.0,1,1,男性,61,6,12,0.0,0,0,21,4487075.727367008,3.7260273972602738,1.0
C-001932470,S-0099,-84.81853253946025,1,1,女性,19,4,12,0.0833333333333333,6023,2,13,4464126.154078853,8.147945205479452,5.0
C-000943106,S-0020,-22.245801850024556,0,1,男性,40,8,12,0.25,28398,1,16,4280702.057267675,6.986301369863014,3.5
C-000872160,S-0048,-100.0,1,1,女性,21,9,12,0.6666666666666666,12746,1,15,4502249.082895545,3.671232876712329,1.0
C-001221002,S-0019,-100.0,1,1,女性,59,7,12,0.0,2849,1,19,4327199.920883598,4.090410958904109,1.0
C-000295507,S-0113,-100.0,1,1,男性,33,11,12,0.25,0,0,16,4336633.961311346,5.77945205479452,2.5
C-000914973,S-0099,-44.4862691144278,0,1,女性,37,8,12,0.25,15349,2,13,4464126.154078853,8.147945205479452,5.0
C-002155056,S-0017,-53.369993271044535,1,1,男性,42,3,12,0.4166666666666667,28298,1,20,4640207.03550726,5.608219178082192,2.5
C-000317142,S-0074,-46.92947886476053,0,1,男性,47,11,12,0.0833333333333333,0,0,14,4614054.39694187,8.308219178082192,6.0
C-000944528,S-0030,-52.425750399250006,1,1,女性,69,8,12,0.25,7084,1,22,4426478.045479023,9.236986301369862,5.5
C-000471994,S-0131,-65.76518893428461,1,1,女性,34,10,12,0.9166666666666666,0,0,17,4569023.5643747775,5.13972602739726,2.0
C-000767867,S-0080,-96.86043600119541,1,1,女性,46,9,12,0.0833333333333333,0,0,17,4457429.264950683,11.673972602739726,9.0
C-001399239,S-0002,-40.30096182416894,0,1,女性,65,6,12,0.1666666666666666,5075,1,15,4455566.655169959,5.663013698630137,2.0
C-000980973,S-0126,-46.247812471216726,0,1,女性,50,8,12,0.0833333333333333,0,0,17,4493168.352495564,5.53972602739726,3.0
C-001380542,S-0030,-36.27005191379972,0,1,女性,54,6,12,0.1666666666666666,20407,2,22,4426478.045479023,9.236986301369862,5.5
C-001104431,S-0019,-7.517702177245419,0,1,男性,35,8,12,0.5,19796,1,19,4327199.920883598,4.090410958904109,1.0
C-001537644,S-0075,-18.931947458496236,0,1,男性,36,6,12,0.25,0,0,19,4506647.2743158825,4.526027397260274,1.0
C-001040031,S-0115,-100.0,1,1,男性,46,8,12,0.1666666666666666,0,0,14,4553643.099564746,10.51095890410959,7.0
C-001147933,S-0074,-33.52165406496501,0,1,男性,34,7,12,0.1666666666666666,46402,1,14,4614054.39694187,8.308219178082192,6.0
C-000265608,S-0062,-100.0,1,1,女性,53,11,12,0.1666666666666666,33953,1,15,4713869.782113416,4.575342465753424,1.0
C-001158789,S-0002,-33.11997952802102,0,1,男性,79,7,12,0.0833333333333333,0,0,15,4455566.655169959,5.663013698630137,2.0
C-001576765,S-0004,-60.13356824478978,1,1,男性,51,5,12,0.9166666666666666,10113,2,22,4423576.351309,11.806849315068494,9.0
C-000792098,S-0100,-25.29084757700386,0,1,女性,46,9,12,0.3333333333333333,8807,2,17,4535925.154217558,4.720547945205479,2.0
C-001019082,S-0074,-27.97174189489853,0,1,女性,53,8,12,0.0833333333333333,28560,2,14,4614054.39694187,8.308219178082192,6.0
C-002284154,S-0002,-56.851877799054485,1,1,女性,51,2,12,0.0833333333333333,0,0,15,4455566.655169959,5.663013698630137,2.0
C-001296860,S-0020,-100.0,1,1,男性,52,7,12,0.0,4420,2,16,4280702.057267675,6.986301369863014,3.5
C-001563924,S-0054,-26.3412496475536,0,1,女性,31,6,12,0.3333333333333333,0,0,23,4489160.181517739,6.358904109589041,4.0
C-001687772,S-0080,-60.95438417574947,1,1,男性,42,5,12,0.0833333333333333,6135,1,17,4457429.264950683,11.673972602739726,9.0
C-002053367,S-0002,-23.429034046521004,0,1,男性,49,3,12,0.4166666666666667,58037,1,15,4455566.655169959,5.663013698630137,2.0
C-000068331,S-0054,-41.539836812507694,0,1,女性,54,12,12,0.3333333333333333,66711,1,23,4489160.181517739,6.358904109589041,4.0
C-002667068,S-0041,-64.27551803140446,1,1,女性,47,1,12,0.0,5438,2,17,4828489.286769263,10.389041095890411,7.0
C-000738151,S-0039,-100.0,1,1,男性,44,9,12,0.5,33925,1,16,4591288.568998441,8.193150684931506,5.0
C-002112509,S-0115,-21.80237437411008,0,1,男性,55,3,12,0.1666666666666666,1865,2,14,4553643.099564746,10.51095890410959,7.0
C-000637715,S-0008,-100.0,1,1,女性,43,10,12,0.0833333333333333,41367,2,22,4498453.308937302,10.772602739726027,7.0
C-001617166,S-0040,-100.0,1,1,男性,84,5,12,0.4166666666666667,76897,1,20,4550116.0180538,8.163013698630138,4.0
C-000230585,S-0018,-59.250277016997345,1,1,女性,53,11,12,0.5833333333333334,0,0,16,4493108.581950108,7.550684931506849,5.0
C-000043000,S-0019,-4.263047315204059,0,1,女性,47,12,12,0.0,36425,2,19,4327199.920883598,4.090410958904109,1.0
C-000039208,S-0036,-83.66603234281223,1,1,女性,35,12,12,0.3333333333333333,0,0,19,4397834.424680548,11.123287671232877,9.0
C-002035330,S-0036,-44.457916962829785,0,1,男性,67,3,12,0.3333333333333333,0,0,19,4397834.424680548,11.123287671232877,9.0
C-000978623,S-0004,-88.15996220718269,1,1,男性,37,8,12,0.25,7677,1,22,4423576.351309,11.806849315068494,9.0
C-001162747,S-0089,-21.639603979237933,0,1,女性,41,7,12,0.3333333333333333,0,0,19,4721110.949352573,10.142465753424657,7.0
C-000973536,S-0018,-100.0,1,1,女性,29,8,12,0.0833333333333333,0,0,16,4493108.581950108,7.550684931506849,5.0
C-002228526,S-0050,-90.86240031809848,1,1,男性,50,3,12,0.1666666666666666,9014,1,20,4615411.181286601,9.2013698630137,6.0
C-001336255,S-0012,-17.07312408793485,0,1,女性,40,7,12,0.25,2808,2,16,4444678.825084195,7.994520547945205,5.0
C-000549592,S-0020,-100.0,1,1,女性,64,10,12,0.4166666666666667,0,0,16,4280702.057267675,6.986301369863014,3.5
C-000374960,S-0008,-78.89379057089701,1,1,男性,65,11,12,0.25,3860,2,22,4498453.308937302,10.772602739726027,7.0
C-000263314,S-0096,-22.649971435607817,0,1,女性,44,11,12,0.0,0,0,16,4644856.458098179,8.302739726027397,5.0
C-002289138,S-0072,-68.4380441800857,1,1,男性,65,2,12,0.3333333333333333,8270,1,12,4406797.312641796,9.01917808219178,6.0
C-000203395,S-0075,-38.68757568915618,0,1,女性,51,12,12,0.4166666666666667,30611,1,19,4506647.2743158825,4.526027397260274,1.0
C-002362908,S-0039,-42.69995982525797,0,1,男性,55,2,12,0.0833333333333333,0,0,16,4591288.568998441,8.193150684931506,5.0
C-002676146,S-0002,-32.8341592913764,0,1,女性,76,1,12,0.3333333333333333,4767,1,15,4455566.655169959,5.663013698630137,2.0
C-001275079,S-0074,-70.18860603709071,1,1,女性,66,7,12,0.1666666666666666,0,0,14,4614054.39694187,8.308219178082192,6.0
C-000568756,S-0040,-50.719188084112155,1,1,男性,60,10,12,0.3333333333333333,0,0,20,4550116.0180538,8.163013698630138,4.0
C-002547914,S-0008,-32.27683843548238,0,1,女性,50,1,12,0.1666666666666666,2336,1,22,4498453.308937302,10.772602739726027,7.0
C-001342690,S-0062,-50.70894207042419,1,1,男性,41,7,12,0.3333333333333333,0,0,15,4713869.782113416,4.575342465753424,1.0
C-001749664,S-0040,-32.985532233273425,0,1,女性,47,5,12,0.0,52804,1,20,4550116.0180538,8.163013698630138,4.0
C-001591972,S-0102,-79.9333293999646,1,1,女性,36,5,12,0.1666666666666666,8963,2,16,4383474.364435211,10.484931506849314,7.5
C-000996090,S-0111,-51.38435148727145,1,1,女性,44,8,12,0.5833333333333334,0,0,19,4489501.980758176,6.397260273972603,4.0
C-001826499,S-0014,-100.0,1,1,男性,30,4,12,0.0,40210,1,21,4730192.353344672,7.336986301369863,4.0
C-001193587,S-0014,-46.03571507601071,0,1,女性,57,7,12,0.3333333333333333,21977,1,21,4730192.353344672,7.336986301369863,4.0
C-000235448,S-0079,-50.4141239106959,1,1,女性,67,11,12,0.3333333333333333,13876,1,13,4256656.371085242,8.479452054794521,6.0
C-000539724,S-0036,-86.44147979941337,1,1,男性,59,10,12,0.0833333333333333,0,0,19,4397834.424680548,11.123287671232877,9.0
C-000346478,S-0113,-100.0,1,1,男性,52,11,12,0.25,9892,1,16,4336633.961311346,5.77945205479452,2.5
C-002347843,S-0085,-37.62345800138666,0,1,女性,58,2,12,0.0833333333333333,0,0,15,4606655.398026554,4.928767123287671,2.0
C-001452306,S-0072,-100.0,1,1,女性,55,6,12,0.25,13684,1,12,4406797.312641796,9.01917808219178,6.0
C-001974549,S-0121,-28.305680811092497,0,1,男性,75,4,12,0.0,56604,2,14,4716268.25678644,9.856164383561644,7.0
C-002081809,S-0007,-100.0,1,1,女性,40,3,12,0.4166666666666667,0,0,21,4487075.727367008,3.7260273972602738,1.0
C-001689482,S-0017,-27.312717574686985,0,1,女性,56,5,12,0.1666666666666666,0,0,20,4640207.03550726,5.608219178082192,2.5
C-002627258,S-0012,-50.61611724705932,1,1,男性,40,1,12,0.4166666666666667,3050,1,16,4444678.825084195,7.994520547945205,5.0
C-001660118,S-0113,-75.13722691843232,1,1,男性,52,5,12,0.3333333333333333,49490,1,16,4336633.961311346,5.77945205479452,2.5
C-000447881,S-0100,-11.004313090143826,0,1,男性,50,11,12,0.5833333333333334,6576,2,17,4535925.154217558,4.720547945205479,2.0
C-000656831,S-0054,-100.0,1,1,女性,36,10,12,0.3333333333333333,0,0,23,4489160.181517739,6.358904109589041,4.0
C-002172382,S-0102,-100.0,1,1,男性,42,3,12,0.4166666666666667,38898,1,16,4383474.364435211,10.484931506849314,7.5
C-002326014,S-0080,-69.61682722312507,1,1,女性,63,2,12,0.0,40338,2,17,4457429.264950683,11.673972602739726,9.0
C-000563356,S-0041,-48.313005883292185,0,1,女性,59,10,12,0.1666666666666666,30284,1,17,4828489.286769263,10.389041095890411,7.0
C-002690909,S-0072,-41.263408334246115,0,1,男性,46,1,12,0.5,7994,2,12,4406797.312641796,9.01917808219178,6.0
C-002050671,S-0113,-38.96422475533712,0,1,男性,80,3,12,0.3333333333333333,0,0,16,4336633.961311346,5.77945205479452,2.5
C-000597771,S-0080,-28.673480733187205,0,1,男性,67,10,12,0.25,2852,1,17,4457429.264950683,11.673972602739726,9.0
C-000473528,S-0072,-52.786143083124294,1,1,女性,47,10,12,0.3333333333333333,9855,1,12,4406797.312641796,9.01917808219178,6.0
C-001918942,S-0007,-42.208408484903266,0,1,男性,47,4,12,0.3333333333333333,43813,1,21,4487075.727367008,3.7260273972602738,1.0
C-002640428,S-0036,-68.73199509653692,1,1,女性,34,1,12,0.1666666666666666,0,0,19,4397834.424680548,11.123287671232877,9.0
C-002672134,S-0131,-23.643918926643014,0,1,女性,45,1,12,0.0,0,0,17,4569023.5643747775,5.13972602739726,2.0
C-000926018,S-0079,-11.56405958490647,0,1,女性,46,8,12,0.25,0,0,13,4256656.371085242,8.479452054794521,6.0
C-000095020,S-0002,-100.0,1,1,女性,57,12,12,0.0833333333333333,2684,1,15,4455566.655169959,5.663013698630137,2.0
C-001634819,S-0089,-23.36190781651424,0,1,男性,58,5,12,0.3333333333333333,4982,1,19,4721110.949352573,10.142465753424657,7.0
C-000207869,S-0020,-39.054854104996075,0,1,男性,22,12,12,0.5833333333333334,5983,1,16,4280702.057267675,6.986301369863014,3.5
C-000307416,S-0089,-100.0,1,1,女性,43,11,12,0.5833333333333334,0,0,19,4721110.949352573,10.142465753424657,7.0
C-001471262,S-0117,-87.38676832620283,1,1,女性,72,6,12,0.0833333333333333,0,0,20,4500859.737076383,9.593150684931507,7.0
C-000467545,S-0012,-18.91159812853977,0,1,男性,47,10,12,0.25,0,0,16,4444678.825084195,7.994520547945205,5.0
C-000471125,S-0074,-22.53936261499471,0,1,男性,56,10,12,0.1666666666666666,12524,1,14,4614054.39694187,8.308219178082192,6.0
C-001362698,S-0036,-35.2239115943631,0,1,男性,48,6,12,0.3333333333333333,0,0,19,4397834.424680548,11.123287671232877,9.0
C-000164219,S-0074,-100.0,1,1,女性,68,12,12,0.25,35112,2,14,4614054.39694187,8.308219178082192,6.0
C-002430009,S-0040,-71.56611587891209,1,1,男性,69,2,12,0.3333333333333333,0,0,20,4550116.0180538,8.163013698630138,4.0
C-000425028,S-0106,-98.78745656889892,1,1,男性,72,11,12,0.25,0,0,20,4462729.145118021,6.171232876712329,3.5
C-001270870,S-0004,-28.87606403190553,0,1,女性,53,7,12,0.0833333333333333,0,0,22,4423576.351309,11.806849315068494,9.0
C-000611796,S-0117,-33.6341477096909,0,1,男性,48,10,12,0.3333333333333333,0,0,20,4500859.737076383,9.593150684931507,7.0
C-001472119,S-0048,-77.88790031213901,1,1,男性,41,6,12,0.4166666666666667,19607,1,15,4502249.082895545,3.671232876712329,1.0
C-000154211,S-0048,-100.0,1,1,女性,62,12,12,0.1666666666666666,0,0,15,4502249.082895545,3.671232876712329,1.0
C-000261154,S-0040,-100.0,1,1,男性,48,11,12,0.25,62072,2,20,4550116.0180538,8.163013698630138,4.0
C-002216322,S-0097,-34.40040316396065,0,1,男性,69,3,12,0.1666666666666666,24447,2,21,4592508.716501317,10.09041095890411,7.0
C-002417248,S-0079,-100.0,1,1,女性,48,2,12,0.0833333333333333,4992,2,13,4256656.371085242,8.479452054794521,6.0
C-001241319,S-0050,-48.171831154098754,0,1,女性,54,7,12,0.1666666666666666,0,0,20,4615411.181286601,9.2013698630137,6.0
C-001620942,S-0121,-32.08436893221718,0,1,女性,48,5,12,0.1666666666666666,8515,1,14,4716268.25678644,9.856164383561644,7.0
C-000162079,S-0089,-62.84154280514268,1,1,男性,49,12,12,0.25,867,1,19,4721110.949352573,10.142465753424657,7.0
C-002007432,S-0111,-15.07534186917516,0,1,男性,45,4,12,0.25,6699,2,19,4489501.980758176,6.397260273972603,4.0
C-002531341,S-0099,-19.74685113504479,0,1,男性,59,1,12,0.25,34537,1,13,4464126.154078853,8.147945205479452,5.0
C-001229623,S-0007,-100.0,1,1,男性,56,7,12,0.4166666666666667,0,0,21,4487075.727367008,3.7260273972602738,1.0
C-001635256,S-0121,-38.60627242131736,0,1,女性,44,5,12,0.0,5620,1,14,4716268.25678644,9.856164383561644,7.0
C-000685223,S-0018,-38.8458525142669,0,1,男性,56,9,12,0.6666666666666666,0,0,16,4493108.581950108,7.550684931506849,5.0
C-002414669,S-0074,-81.7844371626307,1,1,女性,42,2,12,0.1666666666666666,88545,1,14,4614054.39694187,8.308219178082192,6.0
C-002304948,S-0036,-18.437844338427634,0,1,男性,65,2,12,0.1666666666666666,0,0,19,4397834.424680548,11.123287671232877,9.0
C-001789799,S-0117,-100.0,1,1,女性,52,5,12,0.1666666666666666,0,0,20,4500859.737076383,9.593150684931507,7.0
C-001686516,S-0008,-44.58438856729378,0,1,女性,41,5,12,0.5,0,0,22,4498453.308937302,10.772602739726027,7.0
C-002374850,S-0030,-63.62084863799156,1,1,女性,50,2,12,0.0833333333333333,6575,1,22,4426478.045479023,9.236986301369862,5.5
C-001421643,S-0096,-42.312491833268,0,1,女性,35,6,12,0.4166666666666667,5572,2,16,4644856.458098179,8.302739726027397,5.0
C-000404890,S-0054,-15.598536593552284,0,1,男性,59,11,12,0.1666666666666666,59531,2,23,4489160.181517739,6.358904109589041,4.0
C-001592868,S-0004,-100.0,1,1,男性,59,5,12,0.25,10260,1,22,4423576.351309,11.806849315068494,9.0
C-001876149,S-0097,-10.933749639680007,0,1,女性,52,4,12,0.6666666666666666,0,0,21,4592508.716501317,10.09041095890411,7.0
C-001357978,S-0014,-36.71383194836043,0,1,男性,43,6,12,0.5,121172,1,21,4730192.353344672,7.336986301369863,4.0
C-000968693,S-0126,-16.210761652766955,0,1,女性,32,8,12,0.5,0,0,17,4493168.352495564,5.53972602739726,3.0
C-002420458,S-0004,-12.85983385069896,0,1,男性,50,2,12,0.1666666666666666,32702,2,22,4423576.351309,11.806849315068494,9.0
C-001361419,S-0113,-67.12293805438797,1,1,女性,49,6,12,0.1666666666666666,0,0,16,4336633.961311346,5.77945205479452,2.5
C-000386771,S-0102,-100.0,1,1,男性,57,11,12,0.1666666666666666,4622,1,16,4383474.364435211,10.484931506849314,7.5
C-001393172,S-0089,-29.317754382304447,0,1,女性,31,6,12,0.3333333333333333,17206,1,19,4721110.949352573,10.142465753424657,7.0
C-001604209,S-0115,-80.4179539894564,1,1,男性,55,5,12,0.25,15551,1,14,4553643.099564746,10.51095890410959,7.0
C-002432996,S-0074,-27.24824435808277,0,1,男性,42,2,12,0.1666666666666666,0,0,14,4614054.39694187,8.308219178082192,6.0
C-001212675,S-0072,-100.0,1,1,女性,40,7,12,0.6666666666666666,0,0,12,4406797.312641796,9.01917808219178,6.0
C-000367031,S-0040,-48.32285001626722,0,1,女性,68,11,12,0.6666666666666666,0,0,20,4550116.0180538,8.163013698630138,4.0
C-001633916,S-0099,-74.61610407278293,1,1,男性,39,5,12,0.6666666666666666,0,0,13,4464126.154078853,8.147945205479452,5.0
C-001105545,S-0075,-47.198083655795095,0,1,男性,20,8,12,0.6666666666666666,0,0,19,4506647.2743158825,4.526027397260274,1.0
C-001759870,S-0099,-45.07845934379458,0,1,男性,37,5,12,0.25,0,0,13,4464126.154078853,8.147945205479452,5.0
C-001925724,S-0115,-99.13898775678989,1,1,女性,29,4,12,0.0833333333333333,59769,2,14,4553643.099564746,10.51095890410959,7.0
C-001028409,S-0014,-100.0,1,1,女性,42,8,12,0.25,22752,1,21,4730192.353344672,7.336986301369863,4.0
C-002330981,S-0099,-34.48168685295586,0,1,女性,61,2,12,0.3333333333333333,0,0,13,4464126.154078853,8.147945205479452,5.0
C-000032752,S-0012,-100.0,1,1,男性,59,12,12,0.5833333333333334,0,0,16,4444678.825084195,7.994520547945205,5.0
C-000312934,S-0100,-20.3136176863135,0,1,男性,43,11,12,0.0,0,0,17,4535925.154217558,4.720547945205479,2.0
C-000752202,S-0017,-100.0,1,1,女性,67,9,12,0.0833333333333333,8881,1,20,4640207.03550726,5.608219178082192,2.5
C-002190773,S-0050,-98.06966912230071,1,1,女性,51,3,12,0.3333333333333333,31224,2,20,4615411.181286601,9.2013698630137,6.0
C-001926969,S-0039,-33.25897021638079,0,1,女性,43,4,12,0.0833333333333333,0,0,16,4591288.568998441,8.193150684931506,5.0
C-000246382,S-0018,-100.0,1,1,男性,59,11,12,0.0,0,0,16,4493108.581950108,7.550684931506849,5.0
C-000220325,S-0115,-66.8924942885269,1,1,女性,29,12,12,0.25,0,0,14,4553643.099564746,10.51095890410959,7.0
C-000965130,S-0117,-100.0,1,1,女性,52,8,12,0.4166666666666667,5312,2,20,4500859.737076383,9.593150684931507,7.0
C-001275006,S-0018,-74.93397070700456,1,1,男性,45,7,12,0.0833333333333333,0,0,16,4493108.581950108,7.550684931506849,5.0
C-001305397,S-0063,-43.994830515447944,0,1,女性,57,7,12,0.1666666666666666,0,0,18,4564012.176421695,5.749315068493151,3.0
C-001939429,S-0036,-100.0,1,1,女性,47,4,12,0.3333333333333333,23975,1,19,4397834.424680548,11.123287671232877,9.0
C-002650880,S-0115,-43.50698069540985,0,1,女性,20,1,12,0.25,414,2,14,4553643.099564746,10.51095890410959,7.0
C-001377380,S-0121,-95.83490115488146,1,1,男性,44,6,12,0.25,3462,1,14,4716268.25678644,9.856164383561644,7.0
C-001427741,S-0074,-82.26414848922362,1,1,男性,55,6,12,0.5833333333333334,19351,1,14,4614054.39694187,8.308219178082192,6.0
C-002021030,S-0040,-80.36850274647944,1,1,女性,50,4,12,0.1666666666666666,7404,1,20,4550116.0180538,8.163013698630138,4.0
C-001586365,S-0113,-86.90519889492089,1,1,男性,48,5,12,0.1666666666666666,9493,2,16,4336633.961311346,5.77945205479452,2.5
C-000651119,S-0018,-100.0,1,1,女性,50,10,12,0.0833333333333333,60972,1,16,4493108.581950108,7.550684931506849,5.0
C-001089613,S-0004,-27.42089114015267,0,1,女性,39,8,12,0.25,19240,1,22,4423576.351309,11.806849315068494,9.0
C-000924327,S-0102,-100.0,1,1,女性,42,8,12,0.4166666666666667,0,0,16,4383474.364435211,10.484931506849314,7.5
C-000862703,S-0100,-100.0,1,1,女性,35,9,12,0.1666666666666666,7977,2,17,4535925.154217558,4.720547945205479,2.0
C-000636183,S-0039,-100.0,1,1,女性,44,10,12,0.25,2183,1,16,4591288.568998441,8.193150684931506,5.0
C-000221769,S-0082,-100.0,1,1,男性,41,12,12,0.4166666666666667,9276,1,17,4607261.71451126,4.758904109589041,2.0
C-002151242,S-0040,-64.29189716241494,1,1,男性,36,3,12,0.5,31023,1,20,4550116.0180538,8.163013698630138,4.0
C-000291147,S-0056,-79.37052527114199,1,1,女性,34,11,12,0.4166666666666667,7790,2,15,4406070.585753419,7.528767123287671,4.0
C-001343250,S-0099,-70.61900740596812,1,1,女性,52,7,12,0.4166666666666667,3839,2,13,4464126.154078853,8.147945205479452,5.0
C-002149659,S-0089,-50.29577984325262,1,1,女性,60,3,12,0.5833333333333334,0,0,19,4721110.949352573,10.142465753424657,7.0
C-001038500,S-0106,-35.17671384035225,0,1,女性,60,8,12,0.1666666666666666,16002,2,20,4462729.145118021,6.171232876712329,3.5
C-001384610,S-0097,-42.38264784121138,0,1,女性,45,6,12,0.25,36272,2,21,4592508.716501317,10.09041095890411,7.0
C-000598920,S-0074,-19.640928266578157,0,1,女性,45,10,12,0.5,22025,1,14,4614054.39694187,8.308219178082192,6.0
C-000843248,S-0097,-92.38108245210131,1,1,女性,66,9,12,0.4166666666666667,12786,2,21,4592508.716501317,10.09041095890411,7.0
C-000368085,S-0097,-100.0,1,1,女性,44,11,12,0.1666666666666666,0,0,21,4592508.716501317,10.09041095890411,7.0
C-001561663,S-0100,-87.95584119415363,1,1,男性,54,6,12,0.5833333333333334,0,0,17,4535925.154217558,4.720547945205479,2.0
C-001873053,S-0020,-26.673424564960296,0,1,女性,33,4,12,0.25,6905,1,16,4280702.057267675,6.986301369863014,3.5
C-001589645,S-0017,-20.32949318537233,0,1,男性,48,5,12,0.1666666666666666,3731,2,20,4640207.03550726,5.608219178082192,2.5
C-000609376,S-0117,-24.587094555021523,0,1,女性,42,10,12,0.25,0,0,20,4500859.737076383,9.593150684931507,7.0
C-000074348,S-0054,-36.47120959462587,0,1,男性,72,12,12,0.3333333333333333,0,0,23,4489160.181517739,6.358904109589041,4.0
C-001841809,S-0096,-100.0,1,1,女性,45,4,12,0.25,0,0,16,4644856.458098179,8.302739726027397,5.0
C-001448002,S-0074,-37.067122634508934,0,1,女性,68,6,12,0.25,0,0,14,4614054.39694187,8.308219178082192,6.0
C-002006014,S-0048,-32.78053375493472,0,1,男性,48,4,12,0.4166666666666667,17882,1,15,4502249.082895545,3.671232876712329,1.0
C-000416245,S-0004,-100.0,1,1,女性,55,11,12,0.0833333333333333,1358,1,22,4423576.351309,11.806849315068494,9.0
C-000348461,S-0097,-45.21047570022227,0,1,女性,24,11,12,0.4166666666666667,7077,1,21,4592508.716501317,10.09041095890411,7.0
C-000497860,S-0039,-55.54629822490684,1,1,女性,60,10,12,0.1666666666666666,23885,1,16,4591288.568998441,8.193150684931506,5.0
C-002495199,S-0048,-33.688358099543365,0,1,男性,38,1,12,0.1666666666666666,4205,2,15,4502249.082895545,3.671232876712329,1.0
C-002100702,S-0004,-56.34873696872494,1,1,女性,40,3,12,0.75,0,0,22,4423576.351309,11.806849315068494,9.0
C-001286646,S-0040,-100.0,1,1,男性,61,7,12,0.0833333333333333,0,0,20,4550116.0180538,8.163013698630138,4.0
C-000388262,S-0097,-100.0,1,1,女性,60,11,12,0.0833333333333333,0,0,21,4592508.716501317,10.09041095890411,7.0
C-002472572,S-0040,-47.45500263466854,0,1,女性,33,1,12,0.0833333333333333,0,0,20,4550116.0180538,8.163013698630138,4.0
C-001910883,S-0018,-100.0,1,1,女性,60,4,12,0.75,0,0,16,4493108.581950108,7.550684931506849,5.0
C-002031478,S-0020,-45.24091110168191,0,1,女性,52,3,12,0.0,1607,2,16,4280702.057267675,6.986301369863014,3.5
C-002038610,S-0100,-25.827457439360934,0,1,男性,62,3,12,0.1666666666666666,0,0,17,4535925.154217558,4.720547945205479,2.0
C-001335647,S-0054,-27.5279145958234,0,1,男性,52,7,12,0.25,3147,1,23,4489160.181517739,6.358904109589041,4.0
C-001905086,S-0056,-17.14732227312732,0,1,男性,39,4,12,0.0833333333333333,0,0,15,4406070.585753419,7.528767123287671,4.0
C-000902934,S-0115,-63.035471805989,1,1,女性,39,8,12,0.3333333333333333,0,0,14,4553643.099564746,10.51095890410959,7.0
C-001840956,S-0080,-62.958334853515275,1,1,男性,48,4,12,0.1666666666666666,0,0,17,4457429.264950683,11.673972602739726,9.0
C-001317654,S-0117,-100.0,1,1,女性,40,7,12,0.5833333333333334,6086,1,20,4500859.737076383,9.593150684931507,7.0
C-001431370,S-0080,-83.35700952134965,1,1,女性,43,6,12,0.0,13797,1,17,4457429.264950683,11.673972602739726,9.0
C-000763284,S-0040,-19.323678623969233,0,1,女性,56,9,12,0.25,5687,1,20,4550116.0180538,8.163013698630138,4.0
C-000747654,S-0014,-100.0,1,1,男性,66,9,12,0.0833333333333333,11215,2,21,4730192.353344672,7.336986301369863,4.0
C-001327773,S-0089,-30.49888948058864,0,1,女性,55,7,12,0.1666666666666666,70538,2,19,4721110.949352573,10.142465753424657,7.0
C-000653258,S-0075,-100.0,1,1,女性,41,10,12,0.25,57843,2,19,4506647.2743158825,4.526027397260274,1.0
C-002469251,S-0036,-68.1458196633757,1,1,女性,66,2,12,0.8333333333333334,0,0,19,4397834.424680548,11.123287671232877,9.0
C-001029077,S-0074,-24.207130988194663,0,1,女性,77,8,12,0.0833333333333333,39502,2,14,4614054.39694187,8.308219178082192,6.0
C-001703762,S-0117,-87.60417758674913,1,1,男性,52,5,12,0.25,2232,1,20,4500859.737076383,9.593150684931507,7.0
C-001562818,S-0007,-14.148876253293649,0,1,女性,44,6,12,0.4166666666666667,1031,2,21,4487075.727367008,3.7260273972602738,1.0
C-002201033,S-0072,-23.1514085862404,0,1,男性,43,3,12,0.25,17463,1,12,4406797.312641796,9.01917808219178,6.0
C-000014381,S-0004,-76.96056820964976,1,1,女性,48,12,12,0.3333333333333333,84682,1,22,4423576.351309,11.806849315068494,9.0
C-000301422,S-0041,-36.82105661806476,0,1,女性,43,11,12,0.1666666666666666,0,0,17,4828489.286769263,10.389041095890411,7.0
C-002529965,S-0036,-10.143085691752294,0,1,女性,57,1,12,0.0833333333333333,442,1,19,4397834.424680548,11.123287671232877,9.0
C-000175662,S-0080,-62.09665421002424,1,1,男性,55,12,12,0.4166666666666667,0,0,17,4457429.264950683,11.673972602739726,9.0
C-000003527,S-0085,-61.98583279932108,1,1,男性,47,12,12,0.8333333333333334,26587,1,15,4606655.398026554,4.928767123287671,2.0
C-001523787,S-0039,-83.8581173260573,1,1,女性,45,6,12,0.1666666666666666,6286,2,16,4591288.568998441,8.193150684931506,5.0
C-000125395,S-0056,-98.65803844958488,1,1,女性,20,12,12,0.1666666666666666,0,0,15,4406070.585753419,7.528767123287671,4.0
C-002552384,S-0063,-24.051174063597795,0,1,女性,34,1,12,0.5,193305,1,18,4564012.176421695,5.749315068493151,3.0
C-000163464,S-0089,-97.19044276507105,1,1,女性,49,12,12,0.0833333333333333,0,0,19,4721110.949352573,10.142465753424657,7.0
C-000262821,S-0048,-73.40072348625715,1,1,男性,47,11,12,0.1666666666666666,71132,2,15,4502249.082895545,3.671232876712329,1.0
C-000875498,S-0117,-63.56522481641416,1,1,女性,55,9,12,0.3333333333333333,7947,1,20,4500859.737076383,9.593150684931507,7.0
C-001424212,S-0106,-83.83877724117636,1,1,男性,55,6,12,0.25,21409,1,20,4462729.145118021,6.171232876712329,3.5
C-001180204,S-0096,-67.42774414319558,1,1,女性,46,7,12,0.25,3496,1,16,4644856.458098179,8.302739726027397,5.0
C-002268587,S-0012,-65.70983489442769,1,1,男性,39,2,12,0.25,6666,2,16,4444678.825084195,7.994520547945205,5.0
C-000914423,S-0012,-35.872203682205104,0,1,女性,63,8,12,0.0833333333333333,32721,1,16,4444678.825084195,7.994520547945205,5.0
C-001956225,S-0008,-90.2949132999246,1,1,女性,32,4,12,0.0833333333333333,0,0,22,4498453.308937302,10.772602739726027,7.0
C-001101781,S-0102,-45.708588368274015,0,1,男性,48,8,12,0.25,53892,2,16,4383474.364435211,10.484931506849314,7.5
C-000621351,S-0126,-100.0,1,1,男性,56,10,12,0.4166666666666667,0,0,17,4493168.352495564,5.53972602739726,3.0
C-001436049,S-0054,-100.0,1,1,女性,57,6,12,0.1666666666666666,27679,2,23,4489160.181517739,6.358904109589041,4.0
C-002160105,S-0036,-52.69712764115515,1,1,男性,50,3,12,0.3333333333333333,29070,1,19,4397834.424680548,11.123287671232877,9.0
C-000196572,S-0004,-19.678498662193647,0,1,女性,54,12,12,0.25,0,0,22,4423576.351309,11.806849315068494,9.0
C-002194730,S-0089,-17.457498159007894,0,1,男性,56,3,12,0.1666666666666666,14283,2,19,4721110.949352573,10.142465753424657,7.0
C-001586248,S-0099,-100.0,1,1,男性,32,5,12,0.5,73322,1,13,4464126.154078853,8.147945205479452,5.0
C-002272152,S-0074,-26.756768114845723,0,1,女性,36,2,12,0.5,20662,1,14,4614054.39694187,8.308219178082192,6.0
C-002511279,S-0036,-36.31546573288252,0,1,女性,59,1,12,0.0833333333333333,4543,1,19,4397834.424680548,11.123287671232877,9.0
C-001928726,S-0131,-47.56848062869826,0,1,女性,21,4,12,0.5,14697,1,17,4569023.5643747775,5.13972602739726,2.0
C-002421056,S-0080,-20.201924066261963,0,1,女性,45,2,12,0.4166666666666667,14329,1,17,4457429.264950683,11.673972602739726,9.0
C-000578300,S-0096,-30.013657909536434,0,1,女性,77,10,12,0.0,0,0,16,4644856.458098179,8.302739726027397,5.0
C-002458530,S-0040,-100.0,1,1,男性,69,2,12,0.1666666666666666,3992,2,20,4550116.0180538,8.163013698630138,4.0
C-000824729,S-0113,-100.0,1,1,女性,33,9,12,0.25,110297,1,16,4336633.961311346,5.77945205479452,2.5
C-002590337,S-0072,-31.487336380124418,0,1,女性,50,1,12,0.0,9325,1,12,4406797.312641796,9.01917808219178,6.0
C-001745779,S-0008,-100.0,1,1,女性,48,5,12,0.25,1757,2,22,4498453.308937302,10.772602739726027,7.0
C-002178544,S-0040,-100.0,1,1,男性,19,3,12,0.4166666666666667,111627,2,20,4550116.0180538,8.163013698630138,4.0
C-001266623,S-0018,-22.13874896116793,0,1,女性,60,7,12,0.1666666666666666,2536,2,16,4493108.581950108,7.550684931506849,5.0
C-000906722,S-0106,-24.237439318870823,0,1,女性,51,8,12,0.5,0,0,20,4462729.145118021,6.171232876712329,3.5
C-002549061,S-0080,-99.06938930835561,1,1,男性,46,1,12,0.4166666666666667,7225,1,17,4457429.264950683,11.673972602739726,9.0
C-001642214,S-0089,-21.180183181442725,0,1,女性,38,5,12,0.1666666666666666,10049,2,19,4721110.949352573,10.142465753424657,7.0
C-001278839,S-0089,-16.273472888769167,0,1,男性,41,7,12,0.1666666666666666,5085,2,19,4721110.949352573,10.142465753424657,7.0
C-000791909,S-0059,-29.927853220484522,0,1,女性,48,9,12,0.25,0,0,14,4713188.969095345,6.8123287671232875,3.0
C-001376174,S-0097,-23.50483499310709,0,1,女性,32,6,12,0.3333333333333333,12760,1,21,4592508.716501317,10.09041095890411,7.0
C-002456598,S-0080,-74.59151440074326,1,1,女性,64,2,12,0.0833333333333333,0,0,17,4457429.264950683,11.673972602739726,9.0
C-002350114,S-0072,-46.07906497616614,0,1,男性,59,2,12,0.25,11994,1,12,4406797.312641796,9.01917808219178,6.0
C-000154786,S-0117,-32.89440915356851,0,1,男性,58,12,12,0.1666666666666666,27138,1,20,4500859.737076383,9.593150684931507,7.0
C-002445399,S-0056,-100.0,1,1,男性,41,2,12,0.0,0,0,15,4406070.585753419,7.528767123287671,4.0
C-000506864,S-0056,-100.0,1,1,女性,36,10,12,0.1666666666666666,0,0,15,4406070.585753419,7.528767123287671,4.0
C-002449337,S-0117,-90.17926670992861,1,1,男性,58,2,12,0.4166666666666667,0,0,20,4500859.737076383,9.593150684931507,7.0
C-002377461,S-0100,-100.0,1,1,女性,46,2,12,0.0833333333333333,60406,2,17,4535925.154217558,4.720547945205479,2.0
C-000148367,S-0080,-100.0,1,1,男性,79,12,12,0.25,32448,1,17,4457429.264950683,11.673972602739726,9.0
C-001896864,S-0056,-17.325793125377277,0,1,女性,47,4,12,0.25,1812,1,15,4406070.585753419,7.528767123287671,4.0
C-001086060,S-0018,-52.91767580427374,1,1,女性,58,8,12,0.0833333333333333,28976,1,16,4493108.581950108,7.550684931506849,5.0
C-002220565,S-0063,-69.26701943806012,1,1,女性,59,3,12,0.0,1882,1,18,4564012.176421695,5.749315068493151,3.0
C-000124540,S-0099,-73.28671848848886,1,1,男性,92,12,12,0.0833333333333333,0,0,13,4464126.154078853,8.147945205479452,5.0
C-002060400,S-0017,-20.55438896425275,0,1,男性,36,3,12,0.5,0,0,20,4640207.03550726,5.608219178082192,2.5
C-002153906,S-0113,-100.0,1,1,女性,59,3,12,0.0833333333333333,22814,1,16,4336633.961311346,5.77945205479452,2.5
C-000463108,S-0072,-49.6399679971553,1,1,男性,64,10,12,0.1666666666666666,1039,1,12,4406797.312641796,9.01917808219178,6.0
C-002424518,S-0014,-24.405203495704555,0,1,女性,52,2,12,0.25,0,0,21,4730192.353344672,7.336986301369863,4.0
C-001921547,S-0113,-44.96046185262061,0,1,女性,56,4,12,0.3333333333333333,23465,2,16,4336633.961311346,5.77945205479452,2.5
C-000253302,S-0012,-100.0,1,1,女性,43,11,12,0.0833333333333333,2648,1,16,4444678.825084195,7.994520547945205,5.0
C-000240642,S-0111,-33.52308734214742,0,1,女性,50,11,12,0.4166666666666667,0,0,19,4489501.980758176,6.397260273972603,4.0
C-000350345,S-0020,-38.127841633025305,0,1,男性,86,11,12,0.4166666666666667,37247,2,16,4280702.057267675,6.986301369863014,3.5
C-002374479,S-0002,-42.02795654099685,0,1,女性,57,2,12,0.5,41615,1,15,4455566.655169959,5.663013698630137,2.0
C-001955507,S-0096,-29.868463583410843,0,1,男性,58,4,12,0.3333333333333333,0,0,16,4644856.458098179,8.302739726027397,5.0
C-000030114,S-0089,-100.0,1,1,女性,23,12,12,0.5,261884,1,19,4721110.949352573,10.142465753424657,7.0
C-002193234,S-0074,-61.923393544846384,1,1,男性,42,3,12,0.1666666666666666,60871,2,14,4614054.39694187,8.308219178082192,6.0
C-000339699,S-0012,-16.20347047706684,0,1,女性,38,11,12,0.3333333333333333,15733,1,16,4444678.825084195,7.994520547945205,5.0
C-000787890,S-0102,-23.605902642703388,0,1,女性,24,9,12,0.0833333333333333,28617,1,16,4383474.364435211,10.484931506849314,7.5
C-000635748,S-0050,-35.01594014937102,0,1,男性,52,10,12,0.3333333333333333,0,0,20,4615411.181286601,9.2013698630137,6.0
C-001321932,S-0113,-93.17454421886977,1,1,女性,47,7,12,0.1666666666666666,8113,2,16,4336633.961311346,5.77945205479452,2.5
C-001968665,S-0056,-58.72250087483961,1,1,女性,44,4,12,0.1666666666666666,14034,2,15,4406070.585753419,7.528767123287671,4.0
C-001006341,S-0050,-69.50163467501741,1,1,女性,20,8,12,0.1666666666666666,0,0,20,4615411.181286601,9.2013698630137,6.0
C-002338699,S-0113,-100.0,1,1,女性,54,2,12,0.25,0,0,16,4336633.961311346,5.77945205479452,2.5
C-000888880,S-0004,-29.271048745715827,0,1,女性,20,9,12,0.3333333333333333,31250,2,22,4423576.351309,11.806849315068494,9.0
C-001425424,S-0097,-14.527142369409354,0,1,女性,77,6,12,0.1666666666666666,0,0,21,4592508.716501317,10.09041095890411,7.0
C-002420969,S-0097,-60.623353118096404,1,1,男性,19,2,12,0.0,15603,1,21,4592508.716501317,10.09041095890411,7.0
C-002657774,S-0096,-36.722394695919206,0,1,男性,35,1,12,0.4166666666666667,19761,1,16,4644856.458098179,8.302739726027397,5.0
C-001500820,S-0007,-13.293269138598513,0,1,女性,38,6,12,0.4166666666666667,19067,1,21,4487075.727367008,3.7260273972602738,1.0
C-001879296,S-0102,-75.28878797231162,1,1,男性,35,4,12,0.0833333333333333,0,0,16,4383474.364435211,10.484931506849314,7.5
C-001120329,S-0039,-51.85441877012785,1,1,女性,68,8,12,0.0833333333333333,12067,1,16,4591288.568998441,8.193150684931506,5.0
C-002582324,S-0014,-78.04481775543361,1,1,男性,58,1,12,0.25,5012,1,21,4730192.353344672,7.336986301369863,4.0
C-000786339,S-0097,-27.30824346434593,0,1,女性,41,9,12,0.4166666666666667,0,0,21,4592508.716501317,10.09041095890411,7.0
C-001029201,S-0100,-24.280251651520974,0,1,女性,54,8,12,0.3333333333333333,29169,1,17,4535925.154217558,4.720547945205479,2.0
C-000862765,S-0099,-65.06672554891597,1,1,女性,60,9,12,0.4166666666666667,44481,1,13,4464126.154078853,8.147945205479452,5.0
C-002077684,S-0041,-100.0,1,1,女性,43,3,12,0.1666666666666666,0,0,17,4828489.286769263,10.389041095890411,7.0
C-002078885,S-0072,-100.0,1,1,男性,52,3,12,0.25,4039,1,12,4406797.312641796,9.01917808219178,6.0
C-001265864,S-0096,-50.024089369829014,1,1,女性,33,7,12,0.25,18062,2,16,4644856.458098179,8.302739726027397,5.0
C-001144130,S-0012,-63.02641484102668,1,1,女性,43,7,12,0.1666666666666666,13795,1,16,4444678.825084195,7.994520547945205,5.0
C-000786649,S-0113,-25.63570615608477,0,1,男性,49,9,12,0.0833333333333333,18084,1,16,4336633.961311346,5.77945205479452,2.5
C-001001254,S-0018,-100.0,1,1,女性,80,8,12,0.25,0,0,16,4493108.581950108,7.550684931506849,5.0
C-000961754,S-0056,-100.0,1,1,女性,48,8,12,0.5833333333333334,0,0,15,4406070.585753419,7.528767123287671,4.0
C-002196915,S-0115,-71.05476403570306,1,1,女性,61,3,12,0.0833333333333333,366625,2,14,4553643.099564746,10.51095890410959,7.0
C-000545005,S-0012,-83.34875965322574,1,1,女性,38,10,12,0.3333333333333333,0,0,16,4444678.825084195,7.994520547945205,5.0
C-001940858,S-0002,-52.83450551700783,1,1,女性,33,4,12,0.1666666666666666,0,0,15,4455566.655169959,5.663013698630137,2.0
C-001939818,S-0012,-32.26223637087146,0,1,男性,54,4,12,0.5,0,0,16,4444678.825084195,7.994520547945205,5.0
C-001134827,S-0106,-100.0,1,1,男性,63,7,12,0.1666666666666666,0,0,20,4462729.145118021,6.171232876712329,3.5
C-000869120,S-0115,-40.70923495522934,0,1,女性,49,9,12,0.1666666666666666,285,2,14,4553643.099564746,10.51095890410959,7.0
C-001664014,S-0005,-23.99819451378393,0,1,女性,63,5,12,0.0,23241,1,21,4733942.970761149,4.69041095890411,2.0
C-000778299,S-0056,-24.95459184199404,0,1,女性,54,9,12,0.0,5588,2,15,4406070.585753419,7.528767123287671,4.0
C-001904913,S-0056,-60.89172123753851,1,1,男性,64,4,12,0.25,5941,1,15,4406070.585753419,7.528767123287671,4.0
C-001649225,S-0099,-8.501548372396508,0,1,男性,50,5,12,0.1666666666666666,13967,1,13,4464126.154078853,8.147945205479452,5.0
C-000730802,S-0072,-30.374678512976384,0,1,女性,23,9,12,0.4166666666666667,7961,1,12,4406797.312641796,9.01917808219178,6.0
C-000138222,S-0089,-28.625904801485962,0,1,女性,48,12,12,0.0833333333333333,0,0,19,4721110.949352573,10.142465753424657,7.0
C-002152241,S-0056,-81.35540210207492,1,1,女性,38,3,12,0.3333333333333333,0,0,15,4406070.585753419,7.528767123287671,4.0
C-001775212,S-0072,-25.165015257313208,0,1,女性,59,5,12,0.0833333333333333,12885,1,12,4406797.312641796,9.01917808219178,6.0
C-002221240,S-0030,-99.65381768490576,1,1,女性,58,3,12,0.0,7672,2,22,4426478.045479023,9.236986301369862,5.5
C-000345153,S-0113,-36.379608059286305,0,1,男性,50,11,12,0.25,0,0,16,4336633.961311346,5.77945205479452,2.5
C-001051897,S-0014,-100.0,1,1,男性,68,8,12,0.4166666666666667,0,0,21,4730192.353344672,7.336986301369863,4.0
C-002321522,S-0041,-74.150503135482,1,1,男性,56,2,12,0.3333333333333333,0,0,17,4828489.286769263,10.389041095890411,7.0
C-001607903,S-0012,-39.79538790434691,0,1,男性,44,5,12,0.1666666666666666,6905,1,16,4444678.825084195,7.994520547945205,5.0
C-000078334,S-0106,-100.0,1,1,女性,53,12,12,0.4166666666666667,0,0,20,4462729.145118021,6.171232876712329,3.5
C-000027790,S-0079,-14.835311200573479,0,1,女性,64,12,12,0.25,7141,2,13,4256656.371085242,8.479452054794521,6.0
C-002392145,S-0002,-20.500319976416897,0,1,男性,38,2,12,0.1666666666666666,40100,1,15,4455566.655169959,5.663013698630137,2.0
C-001473346,S-0080,-41.8241727733008,0,1,女性,42,6,12,0.3333333333333333,0,0,17,4457429.264950683,11.673972602739726,9.0
C-000289835,S-0113,-24.015479238397926,0,1,女性,71,11,12,0.0833333333333333,0,0,16,4336633.961311346,5.77945205479452,2.5
C-001061562,S-0082,-38.35469482242674,0,1,男性,55,8,12,0.25,1530,1,17,4607261.71451126,4.758904109589041,2.0
C-001365099,S-0014,-100.0,1,1,女性,40,6,12,0.6666666666666666,0,0,21,4730192.353344672,7.336986301369863,4.0
C-001056978,S-0075,-52.108497939462836,1,1,女性,30,8,12,0.25,0,0,19,4506647.2743158825,4.526027397260274,1.0
C-001919085,S-0072,-100.0,1,1,女性,42,4,12,0.0833333333333333,0,0,12,4406797.312641796,9.01917808219178,6.0
C-000170206,S-0014,-100.0,1,1,女性,31,12,12,0.25,2490,1,21,4730192.353344672,7.336986301369863,4.0
C-001444317,S-0131,-26.581750916336482,0,1,女性,57,6,12,0.3333333333333333,18545,1,17,4569023.5643747775,5.13972602739726,2.0
C-000438960,S-0080,-100.0,1,1,男性,49,11,12,0.1666666666666666,22484,1,17,4457429.264950683,11.673972602739726,9.0
C-002195800,S-0012,-28.752778279303453,0,1,男性,44,3,12,0.4166666666666667,33772,2,16,4444678.825084195,7.994520547945205,5.0
C-001154344,S-0008,-100.0,1,1,男性,22,7,12,0.1666666666666666,5367,1,22,4498453.308937302,10.772602739726027,7.0
C-001667165,S-0099,-34.16637052212025,0,1,男性,37,5,12,0.3333333333333333,4040,1,13,4464126.154078853,8.147945205479452,5.0
C-000059323,S-0019,-24.500807319698602,0,1,女性,48,12,12,0.1666666666666666,10379,1,19,4327199.920883598,4.090410958904109,1.0
C-001381482,S-0117,-100.0,1,1,男性,78,6,12,0.3333333333333333,8497,2,20,4500859.737076383,9.593150684931507,7.0
C-001861146,S-0097,-26.103019767437168,0,1,女性,59,4,12,0.1666666666666666,0,0,21,4592508.716501317,10.09041095890411,7.0
C-001946798,S-0099,-45.16573234802815,0,1,女性,40,4,12,0.25,1206,1,13,4464126.154078853,8.147945205479452,5.0
C-001078452,S-0113,-43.456623196598144,0,1,男性,62,8,12,0.25,23278,1,16,4336633.961311346,5.77945205479452,2.5
C-002322180,S-0096,-45.56441854837208,0,1,女性,34,2,12,0.1666666666666666,0,0,16,4644856.458098179,8.302739726027397,5.0
C-000967443,S-0106,-38.577448601711154,0,1,女性,39,8,12,0.25,57861,2,20,4462729.145118021,6.171232876712329,3.5
C-000356476,S-0072,-28.61033793599929,0,1,女性,94,11,12,0.0833333333333333,11229,1,12,4406797.312641796,9.01917808219178,6.0
C-002571825,S-0036,-22.039610865845066,0,1,女性,42,1,12,0.0833333333333333,8928,2,19,4397834.424680548,11.123287671232877,9.0
C-002330880,S-0062,-100.0,1,1,女性,38,2,12,0.3333333333333333,29486,1,15,4713869.782113416,4.575342465753424,1.0
C-000922877,S-0040,-20.463345052770126,0,1,男性,74,8,12,0.25,19544,2,20,4550116.0180538,8.163013698630138,4.0
C-001970496,S-0111,-41.25954292425793,0,1,男性,18,4,12,0.0833333333333333,-472,2,19,4489501.980758176,6.397260273972603,4.0
C-001288241,S-0008,-100.0,1,1,女性,43,7,12,0.0833333333333333,0,0,22,4498453.308937302,10.772602739726027,7.0
C-000790853,S-0100,-26.979366359587083,0,1,女性,39,9,12,0.8333333333333334,0,0,17,4535925.154217558,4.720547945205479,2.0
C-000009848,S-0121,-100.0,1,1,男性,74,12,12,0.1666666666666666,0,0,14,4716268.25678644,9.856164383561644,7.0
C-001831350,S-0113,-30.861798041335962,0,1,男性,60,4,12,0.1666666666666666,5308,1,16,4336633.961311346,5.77945205479452,2.5
C-000090771,S-0089,-43.27260749217683,0,1,女性,34,12,12,0.4166666666666667,9904,1,19,4721110.949352573,10.142465753424657,7.0
C-002695098,S-0131,-34.20479933602591,0,1,女性,59,1,12,0.75,11136,2,17,4569023.5643747775,5.13972602739726,2.0
C-001127642,S-0036,-73.43275484481379,1,1,女性,41,7,12,0.4166666666666667,5767,2,19,4397834.424680548,11.123287671232877,9.0
C-002354952,S-0113,-58.22296137081378,1,1,男性,49,2,12,1.0,0,0,16,4336633.961311346,5.77945205479452,2.5
C-002043646,S-0008,-18.49655295100718,0,1,女性,34,3,12,0.0833333333333333,8807,2,22,4498453.308937302,10.772602739726027,7.0
C-001955764,S-0097,-100.0,1,1,女性,60,4,12,0.0833333333333333,0,0,21,4592508.716501317,10.09041095890411,7.0
C-002272096,S-0096,-100.0,1,1,男性,52,2,12,0.1666666666666666,6450,1,16,4644856.458098179,8.302739726027397,5.0
C-002019223,S-0039,-50.51355508712532,1,1,男性,47,4,12,0.25,17995,2,16,4591288.568998441,8.193150684931506,5.0
C-001253197,S-0102,-41.47264016138522,0,1,女性,48,7,12,0.3333333333333333,0,0,16,4383474.364435211,10.484931506849314,7.5
C-000881861,S-0097,-50.16018508494421,1,1,男性,27,9,12,0.0833333333333333,5517,1,21,4592508.716501317,10.09041095890411,7.0
C-001988153,S-0036,-51.69608887927883,1,1,女性,66,4,12,0.25,11509,1,19,4397834.424680548,11.123287671232877,9.0
C-002343205,S-0111,-75.84797579970393,1,1,女性,58,2,12,0.8333333333333334,27296,1,19,4489501.980758176,6.397260273972603,4.0
C-000167872,S-0039,-7.358199612195978,0,1,女性,60,12,12,0.4166666666666667,0,0,16,4591288.568998441,8.193150684931506,5.0
C-002015751,S-0014,-68.50336576199425,1,1,女性,50,4,12,0.3333333333333333,15648,1,21,4730192.353344672,7.336986301369863,4.0
C-002269315,S-0097,-48.95921178975494,1,1,男性,37,2,12,0.1666666666666666,9451,1,21,4592508.716501317,10.09041095890411,7.0
C-001695513,S-0079,-30.09873601043529,0,1,男性,20,5,12,0.3333333333333333,76988,2,13,4256656.371085242,8.479452054794521,6.0
C-002268591,S-0036,-11.246155844564155,0,1,女性,34,2,12,0.0,6440,1,19,4397834.424680548,11.123287671232877,9.0
C-000018922,S-0019,-17.513034477744082,0,1,男性,56,12,12,0.75,43608,2,19,4327199.920883598,4.090410958904109,1.0
C-002514126,S-0002,-30.120538690399073,0,1,男性,35,1,12,0.25,63662,1,15,4455566.655169959,5.663013698630137,2.0
C-001337629,S-0012,-100.0,1,1,男性,21,7,12,0.1666666666666666,1214,1,16,4444678.825084195,7.994520547945205,5.0
C-001775333,S-0117,-70.53228349954468,1,1,女性,28,5,12,0.1666666666666666,24056,1,20,4500859.737076383,9.593150684931507,7.0
C-002292984,S-0036,-70.50368320682048,1,1,男性,41,2,12,0.1666666666666666,2263,1,19,4397834.424680548,11.123287671232877,9.0
C-001164305,S-0079,-39.461694335015665,0,1,女性,61,7,12,0.0833333333333333,35409,1,13,4256656.371085242,8.479452054794521,6.0
C-001079523,S-0072,-15.991616000251204,0,1,女性,52,8,12,0.0,7532,1,12,4406797.312641796,9.01917808219178,6.0
C-001857488,S-0102,-35.156321933966005,0,1,男性,49,4,12,0.1666666666666666,22855,2,16,4383474.364435211,10.484931506849314,7.5
C-001011415,S-0007,-100.0,1,1,女性,60,8,12,0.1666666666666666,17560,1,21,4487075.727367008,3.7260273972602738,1.0
C-000530087,S-0041,-96.53906526912756,1,1,女性,60,10,12,0.5833333333333334,0,0,17,4828489.286769263,10.389041095890411,7.0
C-002285410,S-0079,-100.0,1,1,女性,46,2,12,0.25,0,0,13,4256656.371085242,8.479452054794521,6.0
C-001474563,S-0099,-28.357790421495693,0,1,男性,43,6,12,0.25,0,0,13,4464126.154078853,8.147945205479452,5.0
C-001504077,S-0072,-50.744664443116314,1,1,女性,57,6,12,0.25,0,0,12,4406797.312641796,9.01917808219178,6.0
C-000788778,S-0117,-99.19149275131433,1,1,女性,37,9,12,0.0833333333333333,22196,1,20,4500859.737076383,9.593150684931507,7.0
C-000369205,S-0085,-22.231481061171024,0,1,男性,52,11,12,0.3333333333333333,10022,2,15,4606655.398026554,4.928767123287671,2.0
C-002347638,S-0121,-97.37715379706445,1,1,女性,49,2,12,0.5,19029,1,14,4716268.25678644,9.856164383561644,7.0
C-002513164,S-0040,-44.51150740315008,0,1,男性,68,1,12,0.0833333333333333,0,0,20,4550116.0180538,8.163013698630138,4.0
C-001068326,S-0008,-15.13943585310409,0,1,女性,60,8,12,0.0833333333333333,11020,1,22,4498453.308937302,10.772602739726027,7.0
C-001390544,S-0074,-100.0,1,1,女性,49,6,12,0.3333333333333333,2599,1,14,4614054.39694187,8.308219178082192,6.0
C-000906754,S-0020,-47.70239616901002,0,1,男性,22,8,12,0.0833333333333333,0,0,16,4280702.057267675,6.986301369863014,3.5
C-000722619,S-0117,-28.609874175730443,0,1,男性,54,9,12,0.0833333333333333,7491,1,20,4500859.737076383,9.593150684931507,7.0
C-000707087,S-0072,-61.38206446216322,1,1,女性,46,9,12,0.0833333333333333,0,0,12,4406797.312641796,9.01917808219178,6.0
C-000652119,S-0056,-44.52518293008599,0,1,女性,49,10,12,0.1666666666666666,11001,1,15,4406070.585753419,7.528767123287671,4.0
C-002539879,S-0100,-27.37528009321502,0,1,女性,54,1,12,0.4166666666666667,0,0,17,4535925.154217558,4.720547945205479,2.0
C-001823432,S-0036,-38.28064851050236,0,1,男性,82,4,12,0.0833333333333333,0,0,19,4397834.424680548,11.123287671232877,9.0
C-000421053,S-0041,-58.19863250140808,1,1,男性,54,11,12,0.5833333333333334,0,0,17,4828489.286769263,10.389041095890411,7.0
C-002473595,S-0075,-100.0,1,1,女性,46,1,12,0.4166666666666667,6283,1,19,4506647.2743158825,4.526027397260274,1.0
C-000033558,S-0117,-30.06173036650409,0,1,女性,33,12,12,0.3333333333333333,4217,1,20,4500859.737076383,9.593150684931507,7.0
C-000298668,S-0018,-19.09594606980588,0,1,女性,46,11,12,0.1666666666666666,124747,2,16,4493108.581950108,7.550684931506849,5.0
C-000039611,S-0005,-22.955098652141917,0,1,女性,45,12,12,0.25,15032,2,21,4733942.970761149,4.69041095890411,2.0
C-002441127,S-0121,-40.72200053935214,0,1,男性,43,2,12,0.5833333333333334,12802,2,14,4716268.25678644,9.856164383561644,7.0
C-000906681,S-0020,-100.0,1,1,女性,45,8,12,0.25,23267,1,16,4280702.057267675,6.986301369863014,3.5
C-000816177,S-0117,-26.17355857232637,0,1,女性,20,9,12,0.3333333333333333,12807,1,20,4500859.737076383,9.593150684931507,7.0
C-001847720,S-0072,-16.087902010873126,0,1,女性,37,4,12,0.5833333333333334,0,0,12,4406797.312641796,9.01917808219178,6.0
C-002625016,S-0050,-23.939489552657413,0,1,女性,44,1,12,0.5,0,0,20,4615411.181286601,9.2013698630137,6.0
C-001435465,S-0005,-100.0,1,1,男性,48,6,12,0.0833333333333333,8237,2,21,4733942.970761149,4.69041095890411,2.0
C-002610545,S-0018,-100.0,1,1,女性,51,1,12,0.0833333333333333,41226,1,16,4493108.581950108,7.550684931506849,5.0
C-001335278,S-0115,-21.533865397755083,0,1,女性,32,7,12,0.1666666666666666,1604,2,14,4553643.099564746,10.51095890410959,7.0
C-002567274,S-0097,-46.4515980685215,0,1,女性,44,1,12,0.0833333333333333,11342,1,21,4592508.716501317,10.09041095890411,7.0
C-001002371,S-0036,-25.869764999343577,0,1,男性,71,8,12,0.25,0,0,19,4397834.424680548,11.123287671232877,9.0
C-002009249,S-0036,-42.28540275488692,0,1,女性,49,4,12,0.5,7391,2,19,4397834.424680548,11.123287671232877,9.0
C-001460429,S-0012,-100.0,1,1,女性,46,6,12,0.4166666666666667,0,0,16,4444678.825084195,7.994520547945205,5.0
C-001541157,S-0002,-10.468507007656347,0,1,女性,54,6,12,0.0833333333333333,7024,1,15,4455566.655169959,5.663013698630137,2.0
C-001370174,S-0097,-100.0,1,1,女性,71,6,12,0.3333333333333333,0,0,21,4592508.716501317,10.09041095890411,7.0
C-001157845,S-0039,-15.13578223997652,0,1,女性,53,7,12,0.0833333333333333,2147,2,16,4591288.568998441,8.193150684931506,5.0
C-001771606,S-0075,-100.0,1,1,女性,39,5,12,0.1666666666666666,99004,1,19,4506647.2743158825,4.526027397260274,1.0
C-002066628,S-0072,-100.0,1,1,男性,49,3,12,0.4166666666666667,23659,1,12,4406797.312641796,9.01917808219178,6.0
C-000837678,S-0113,-65.66973067706284,1,1,女性,47,9,12,0.1666666666666666,9175,1,16,4336633.961311346,5.77945205479452,2.5
C-000043840,S-0039,-28.72887627598608,0,1,女性,50,12,12,0.3333333333333333,5090,2,16,4591288.568998441,8.193150684931506,5.0
C-002679644,S-0014,-30.924466653853543,0,1,女性,41,1,12,0.1666666666666666,114226,2,21,4730192.353344672,7.336986301369863,4.0
C-002462281,S-0072,-35.80344062617723,0,1,女性,51,2,12,0.6666666666666666,0,0,12,4406797.312641796,9.01917808219178,6.0
C-000724787,S-0097,-6.392242705788067,0,1,女性,41,9,12,0.6666666666666666,0,0,21,4592508.716501317,10.09041095890411,7.0
C-001209348,S-0097,-100.0,1,1,女性,65,7,12,0.25,18604,1,21,4592508.716501317,10.09041095890411,7.0
C-002581218,S-0050,-56.64863677548667,1,1,女性,58,1,12,0.0,31985,1,20,4615411.181286601,9.2013698630137,6.0
C-000828883,S-0115,-100.0,1,1,男性,53,9,12,0.3333333333333333,0,0,14,4553643.099564746,10.51095890410959,7.0
C-001481138,S-0106,-100.0,1,1,男性,57,6,12,0.25,0,0,20,4462729.145118021,6.171232876712329,3.5
C-001881900,S-0018,-23.796822246049963,0,1,女性,47,4,12,0.25,5140,1,16,4493108.581950108,7.550684931506849,5.0
C-001767478,S-0012,-98.80597957015264,1,1,女性,49,5,12,0.1666666666666666,0,0,16,4444678.825084195,7.994520547945205,5.0
C-000731943,S-0002,-32.44768897754764,0,1,女性,38,9,12,0.6666666666666666,10965,1,15,4455566.655169959,5.663013698630137,2.0
C-000231172,S-0113,-100.0,1,1,女性,53,11,12,0.0833333333333333,0,0,16,4336633.961311346,5.77945205479452,2.5
C-002291601,S-0100,-100.0,1,1,女性,32,2,12,0.4166666666666667,9734,2,17,4535925.154217558,4.720547945205479,2.0
C-001842631,S-0099,-18.985760729857105,0,1,男性,38,4,12,0.1666666666666666,3411,2,13,4464126.154078853,8.147945205479452,5.0
C-001784298,S-0002,-41.96803623804307,0,1,男性,36,5,12,0.1666666666666666,7951,2,15,4455566.655169959,5.663013698630137,2.0
C-001183412,S-0080,-54.86949386481243,1,1,女性,55,7,12,0.75,8109,1,17,4457429.264950683,11.673972602739726,9.0
C-000454373,S-0074,-60.59595295429111,1,1,女性,56,10,12,0.5,46780,2,14,4614054.39694187,8.308219178082192,6.0
C-000742109,S-0111,-17.65835340217968,0,1,女性,20,9,12,0.3333333333333333,26715,1,19,4489501.980758176,6.397260273972603,4.0
C-002096887,S-0017,-12.344346702352864,0,1,女性,42,3,12,0.0833333333333333,1481,2,20,4640207.03550726,5.608219178082192,2.5
C-000031141,S-0059,-36.30547979171833,0,1,女性,41,12,12,0.1666666666666666,0,0,14,4713188.969095345,6.8123287671232875,3.0
C-000993436,S-0017,-32.47543890760773,0,1,男性,55,8,12,0.3333333333333333,7346,1,20,4640207.03550726,5.608219178082192,2.5
C-000210125,S-0048,-36.3175935967251,0,1,女性,44,12,12,0.25,2439,1,15,4502249.082895545,3.671232876712329,1.0
C-001252272,S-0036,-100.0,1,1,男性,28,7,12,0.5,52481,1,19,4397834.424680548,11.123287671232877,9.0
C-001013423,S-0079,-62.36373546511628,1,1,男性,41,8,12,0.0833333333333333,828,1,13,4256656.371085242,8.479452054794521,6.0
C-001584298,S-0018,-100.0,1,1,男性,59,5,12,0.4166666666666667,23873,1,16,4493108.581950108,7.550684931506849,5.0
C-002388407,S-0059,-14.663586848378973,0,1,女性,38,2,12,0.4166666666666667,14056,1,14,4713188.969095345,6.8123287671232875,3.0
C-001234930,S-0089,-77.45765424775678,1,1,男性,62,7,12,0.9166666666666666,4850,1,19,4721110.949352573,10.142465753424657,7.0
C-001031520,S-0121,-72.12504539402009,1,1,女性,61,8,12,0.3333333333333333,11607,1,14,4716268.25678644,9.856164383561644,7.0
C-000636763,S-0036,-75.29696602859953,1,1,男性,59,10,12,0.25,48890,1,19,4397834.424680548,11.123287671232877,9.0
C-000421019,S-0018,-100.0,1,1,女性,35,11,12,0.4166666666666667,10112,2,16,4493108.581950108,7.550684931506849,5.0
C-000742283,S-0100,-100.0,1,1,男性,48,9,12,0.4166666666666667,0,0,17,4535925.154217558,4.720547945205479,2.0
C-001015328,S-0074,-100.0,1,1,女性,42,8,12,0.1666666666666666,9648,1,14,4614054.39694187,8.308219178082192,6.0
C-001827912,S-0115,-54.64970819399243,1,1,女性,57,4,12,0.1666666666666666,42591,1,14,4553643.099564746,10.51095890410959,7.0
C-000308708,S-0074,-66.53112338858195,1,1,男性,54,11,12,0.1666666666666666,3367,1,14,4614054.39694187,8.308219178082192,6.0
C-000895725,S-0017,-16.738729737644483,0,1,女性,65,9,12,0.0,0,0,20,4640207.03550726,5.608219178082192,2.5
C-002603555,S-0097,-52.46528509162791,1,1,男性,52,1,12,0.75,0,0,21,4592508.716501317,10.09041095890411,7.0
C-000063268,S-0100,-25.846743727583004,0,1,女性,23,12,12,0.25,30241,1,17,4535925.154217558,4.720547945205479,2.0
C-001776573,S-0036,-100.0,1,1,男性,68,5,12,0.25,28555,1,19,4397834.424680548,11.123287671232877,9.0
C-001517406,S-0080,-100.0,1,1,男性,56,6,12,0.25,13361,1,17,4457429.264950683,11.673972602739726,9.0
C-000423502,S-0056,-26.23091869610831,0,1,女性,38,11,12,0.3333333333333333,0,0,15,4406070.585753419,7.528767123287671,4.0
C-000216379,S-0106,-71.3186629712492,1,1,女性,51,12,12,0.1666666666666666,7523,2,20,4462729.145118021,6.171232876712329,3.5
C-001192925,S-0054,-9.878645390199308,0,1,女性,46,7,12,0.25,0,0,23,4489160.181517739,6.358904109589041,4.0
C-002606514,S-0115,-100.0,1,1,男性,78,1,12,0.0833333333333333,5832,1,14,4553643.099564746,10.51095890410959,7.0
C-002167886,S-0072,-22.41825854693121,0,1,女性,51,3,12,0.1666666666666666,0,0,12,4406797.312641796,9.01917808219178,6.0
C-001517891,S-0097,-18.162047689338852,0,1,女性,63,6,12,0.1666666666666666,10165,1,21,4592508.716501317,10.09041095890411,7.0
C-000986508,S-0097,-99.62088132249745,1,1,男性,49,8,12,0.6666666666666666,2875,2,21,4592508.716501317,10.09041095890411,7.0
C-002323378,S-0100,-100.0,1,1,男性,43,2,12,0.1666666666666666,2438,2,17,4535925.154217558,4.720547945205479,2.0
C-001502494,S-0115,-100.0,1,1,女性,45,6,12,0.0833333333333333,0,0,14,4553643.099564746,10.51095890410959,7.0
C-000189179,S-0079,-100.0,1,1,女性,48,12,12,0.25,11104,2,13,4256656.371085242,8.479452054794521,6.0
C-001354823,S-0080,-44.756528460221936,0,1,女性,48,6,12,0.25,9191,2,17,4457429.264950683,11.673972602739726,9.0
C-002327611,S-0014,-84.51902120949023,1,1,女性,34,2,12,0.25,7462,2,21,4730192.353344672,7.336986301369863,4.0
C-002463806,S-0007,-100.0,1,1,男性,35,2,12,0.1666666666666666,0,0,21,4487075.727367008,3.7260273972602738,1.0
C-000484355,S-0019,-13.146861556458092,0,1,男性,53,10,12,0.4166666666666667,6363,1,19,4327199.920883598,4.090410958904109,1.0
C-001751671,S-0131,-48.041507175682845,0,1,男性,61,5,12,0.4166666666666667,0,0,17,4569023.5643747775,5.13972602739726,2.0
C-001064447,S-0018,-100.0,1,1,女性,42,8,12,0.4166666666666667,0,0,16,4493108.581950108,7.550684931506849,5.0
C-000666147,S-0048,-100.0,1,1,男性,52,10,12,0.1666666666666666,0,0,15,4502249.082895545,3.671232876712329,1.0
C-000535589,S-0040,-30.31214496259182,0,1,男性,36,10,12,0.25,6386,1,20,4550116.0180538,8.163013698630138,4.0
C-001099708,S-0004,-100.0,1,1,男性,78,8,12,0.0,4969,1,22,4423576.351309,11.806849315068494,9.0
C-000792460,S-0054,-26.446082690032352,0,1,男性,56,9,12,0.6666666666666666,28809,1,23,4489160.181517739,6.358904109589041,4.0
C-001349747,S-0036,-51.59673618682517,1,1,男性,70,7,12,0.25,0,0,19,4397834.424680548,11.123287671232877,9.0
C-002493454,S-0002,-25.370674208853888,0,1,女性,67,1,12,0.1666666666666666,24522,1,15,4455566.655169959,5.663013698630137,2.0
C-001426661,S-0080,-100.0,1,1,女性,35,6,12,0.3333333333333333,0,0,17,4457429.264950683,11.673972602739726,9.0
C-000733320,S-0018,-24.509731565586588,0,1,男性,66,9,12,0.3333333333333333,0,0,16,4493108.581950108,7.550684931506849,5.0
C-000693023,S-0100,-99.62891151658341,1,1,男性,46,9,12,0.25,6879,1,17,4535925.154217558,4.720547945205479,2.0
C-000385488,S-0096,-19.00432098765432,0,1,女性,58,11,12,0.25,73581,1,16,4644856.458098179,8.302739726027397,5.0
C-001540634,S-0056,-39.05568137391298,0,1,女性,57,6,12,0.0833333333333333,24125,2,15,4406070.585753419,7.528767123287671,4.0
C-001516227,S-0121,-94.67082189505768,1,1,男性,44,6,12,0.25,7717,1,14,4716268.25678644,9.856164383561644,7.0
C-000396540,S-0019,-15.890296410351246,0,1,男性,65,11,12,0.25,0,0,19,4327199.920883598,4.090410958904109,1.0
C-002035516,S-0075,-100.0,1,1,女性,54,3,12,0.1666666666666666,5438,1,19,4506647.2743158825,4.526027397260274,1.0
C-001922047,S-0080,-100.0,1,1,男性,58,4,12,0.0,0,0,17,4457429.264950683,11.673972602739726,9.0
C-000271051,S-0030,-54.89303595812471,1,1,女性,51,11,12,0.1666666666666666,0,0,22,4426478.045479023,9.236986301369862,5.5
C-000086931,S-0004,-11.696264082843912,0,1,女性,54,12,12,0.1666666666666666,41251,1,22,4423576.351309,11.806849315068494,9.0
C-000539646,S-0080,-38.529479238357425,0,1,女性,41,10,12,0.0833333333333333,0,0,17,4457429.264950683,11.673972602739726,9.0
C-001054409,S-0085,-25.491426238064204,0,1,男性,52,8,12,0.25,51223,2,15,4606655.398026554,4.928767123287671,2.0
C-001391028,S-0020,-29.3571075010226,0,1,男性,52,6,12,0.25,21247,2,16,4280702.057267675,6.986301369863014,3.5
C-000775931,S-0111,-100.0,1,1,女性,32,9,12,0.1666666666666666,5781,2,19,4489501.980758176,6.397260273972603,4.0
C-001152583,S-0080,-100.0,1,1,男性,46,7,12,0.0833333333333333,0,0,17,4457429.264950683,11.673972602739726,9.0
C-002556485,S-0050,-19.20130152178327,0,1,女性,47,1,12,0.0833333333333333,9617,2,20,4615411.181286601,9.2013698630137,6.0
C-000763186,S-0074,-100.0,1,1,女性,38,9,12,0.0833333333333333,11968,1,14,4614054.39694187,8.308219178082192,6.0
C-001840745,S-0131,-100.0,1,1,女性,52,4,12,0.25,0,0,17,4569023.5643747775,5.13972602739726,2.0
C-001324836,S-0080,-100.0,1,1,女性,74,7,12,0.0833333333333333,5887,1,17,4457429.264950683,11.673972602739726,9.0
C-000141833,S-0079,-71.78457512556604,1,1,女性,46,12,12,0.1666666666666666,85355,1,13,4256656.371085242,8.479452054794521,6.0
C-000931540,S-0097,-76.38048862631734,1,1,女性,23,8,12,0.0,5464,1,21,4592508.716501317,10.09041095890411,7.0
C-000935808,S-0040,-26.87409180271818,0,1,男性,59,8,12,0.25,4875,2,20,4550116.0180538,8.163013698630138,4.0
C-000578812,S-0048,-39.54899013372302,0,1,女性,60,10,12,0.1666666666666666,8496,1,15,4502249.082895545,3.671232876712329,1.0
C-001817340,S-0080,-100.0,1,1,女性,56,4,12,0.0,22744,2,17,4457429.264950683,11.673972602739726,9.0
C-002236620,S-0040,-100.0,1,1,女性,70,3,12,0.4166666666666667,6343,1,20,4550116.0180538,8.163013698630138,4.0
C-001224056,S-0096,-34.30461698583736,0,1,女性,53,7,12,0.25,88659,2,16,4644856.458098179,8.302739726027397,5.0
C-002620216,S-0074,-41.67750194229863,0,1,女性,48,1,12,0.25,0,0,14,4614054.39694187,8.308219178082192,6.0
C-002420658,S-0111,-78.64507767009073,1,1,女性,52,2,12,0.5,0,0,19,4489501.980758176,6.397260273972603,4.0
C-000300472,S-0056,-7.546147923234495,0,1,男性,58,11,12,0.1666666666666666,58681,1,15,4406070.585753419,7.528767123287671,4.0
C-000167112,S-0039,-51.221436943680445,1,1,女性,56,12,12,0.1666666666666666,0,0,16,4591288.568998441,8.193150684931506,5.0
C-001968983,S-0072,-40.17489214889421,0,1,女性,53,4,12,0.25,6108,1,12,4406797.312641796,9.01917808219178,6.0
C-002327135,S-0089,-58.44829449267011,1,1,女性,21,2,12,0.5,0,0,19,4721110.949352573,10.142465753424657,7.0
C-001109160,S-0036,-34.734975468234026,0,1,男性,61,8,12,0.25,35384,1,19,4397834.424680548,11.123287671232877,9.0
C-002551198,S-0085,-100.0,1,1,男性,68,1,12,0.0,66090,1,15,4606655.398026554,4.928767123287671,2.0
C-002373096,S-0040,-100.0,1,1,女性,34,2,12,0.3333333333333333,0,0,20,4550116.0180538,8.163013698630138,4.0
C-001312184,S-0096,-100.0,1,1,女性,60,7,12,0.1666666666666666,19366,1,16,4644856.458098179,8.302739726027397,5.0
C-000636241,S-0115,-86.06408141670038,1,1,女性,43,10,12,0.0,0,0,14,4553643.099564746,10.51095890410959,7.0
C-001207291,S-0082,-100.0,1,1,女性,40,7,12,0.3333333333333333,2156,2,17,4607261.71451126,4.758904109589041,2.0
C-002296770,S-0012,-82.41929667122358,1,1,女性,37,2,12,0.5,0,0,16,4444678.825084195,7.994520547945205,5.0
C-000260264,S-0080,-100.0,1,1,女性,44,11,12,0.1666666666666666,0,0,17,4457429.264950683,11.673972602739726,9.0
C-001671500,S-0085,-100.0,1,1,女性,42,5,12,0.4166666666666667,0,0,15,4606655.398026554,4.928767123287671,2.0
C-002031516,S-0039,-100.0,1,1,女性,48,3,12,0.5833333333333334,28398,1,16,4591288.568998441,8.193150684931506,5.0
C-001943647,S-0082,-14.728671591122334,0,1,男性,50,4,12,0.3333333333333333,10951,2,17,4607261.71451126,4.758904109589041,2.0
C-001781505,S-0131,-75.51135273425008,1,1,女性,54,5,12,0.25,73963,1,17,4569023.5643747775,5.13972602739726,2.0
C-000144695,S-0002,-100.0,1,1,女性,58,12,12,0.1666666666666666,11171,1,15,4455566.655169959,5.663013698630137,2.0
C-002328677,S-0074,-71.22525407113287,1,1,女性,44,2,12,0.0833333333333333,43996,1,14,4614054.39694187,8.308219178082192,6.0
C-001960318,S-0113,-31.83966849132859,0,1,男性,45,4,12,0.5833333333333334,44514,1,16,4336633.961311346,5.77945205479452,2.5
C-001530257,S-0079,-48.54502191847183,0,1,男性,72,6,12,0.0833333333333333,9486,1,13,4256656.371085242,8.479452054794521,6.0
C-001547329,S-0002,-37.76572745467756,0,1,男性,47,6,12,0.3333333333333333,36933,1,15,4455566.655169959,5.663013698630137,2.0
C-001807687,S-0041,-24.05920779798887,0,1,女性,45,4,12,0.25,13102,2,17,4828489.286769263,10.389041095890411,7.0
C-000795635,S-0020,-100.0,1,1,女性,34,9,12,0.1666666666666666,1902,1,16,4280702.057267675,6.986301369863014,3.5
C-001175403,S-0017,-29.626634874167806,0,1,男性,72,7,12,0.1666666666666666,4984,1,20,4640207.03550726,5.608219178082192,2.5
C-000982366,S-0018,-24.34069282915604,0,1,女性,41,8,12,0.0833333333333333,18695,1,16,4493108.581950108,7.550684931506849,5.0
C-000982271,S-0018,-100.0,1,1,男性,52,8,12,0.1666666666666666,0,0,16,4493108.581950108,7.550684931506849,5.0
C-001135915,S-0050,-32.804263813092746,0,1,男性,34,7,12,0.25,0,0,20,4615411.181286601,9.2013698630137,6.0
C-001795837,S-0106,-64.96472980568238,1,1,女性,45,5,12,0.3333333333333333,25982,1,20,4462729.145118021,6.171232876712329,3.5
C-000984950,S-0054,-73.30543180773917,1,1,男性,43,8,12,0.25,6384,1,23,4489160.181517739,6.358904109589041,4.0
C-000410544,S-0004,-48.509000339635456,0,1,男性,30,11,12,0.0,4500,1,22,4423576.351309,11.806849315068494,9.0
C-002608138,S-0012,-30.827551726263447,0,1,女性,60,1,12,0.4166666666666667,11495,1,16,4444678.825084195,7.994520547945205,5.0
C-000460096,S-0002,-29.24109818966551,0,1,女性,41,10,12,0.9166666666666666,14156,1,15,4455566.655169959,5.663013698630137,2.0
C-001789765,S-0111,-27.962319571691268,0,1,女性,65,5,12,0.0833333333333333,46214,1,19,4489501.980758176,6.397260273972603,4.0
C-002213882,S-0017,-56.732500161885646,1,1,女性,58,3,12,0.0833333333333333,249252,2,20,4640207.03550726,5.608219178082192,2.5
C-001885418,S-0012,-42.51781798715938,0,1,女性,38,4,12,0.0833333333333333,4248,1,16,4444678.825084195,7.994520547945205,5.0
C-002065350,S-0017,-100.0,1,1,男性,37,3,12,0.5833333333333334,1544,1,20,4640207.03550726,5.608219178082192,2.5
C-000593378,S-0102,-34.404283171505796,0,1,男性,54,10,12,0.25,91719,2,16,4383474.364435211,10.484931506849314,7.5
C-000701385,S-0063,-24.41943312942646,0,1,男性,58,9,12,0.3333333333333333,0,0,18,4564012.176421695,5.749315068493151,3.0
C-001403886,S-0126,-29.104187881873727,0,1,男性,54,6,12,0.25,0,0,17,4493168.352495564,5.53972602739726,3.0
C-002538551,S-0036,-24.163606691146473,0,1,女性,46,1,12,0.25,13422,2,19,4397834.424680548,11.123287671232877,9.0
C-000390517,S-0121,-100.0,1,1,女性,60,11,12,0.1666666666666666,19377,1,14,4716268.25678644,9.856164383561644,7.0
C-002471265,S-0096,-45.58363102780207,0,1,男性,70,1,12,0.5833333333333334,3670,2,16,4644856.458098179,8.302739726027397,5.0
C-000572661,S-0002,-36.763328586698044,0,1,女性,50,10,12,0.3333333333333333,0,0,15,4455566.655169959,5.663013698630137,2.0
C-002561601,S-0002,-74.52903343520504,1,1,女性,44,1,12,0.1666666666666666,0,0,15,4455566.655169959,5.663013698630137,2.0
C-000224338,S-0030,-16.301491275983963,0,1,男性,38,12,12,0.8333333333333334,0,0,22,4426478.045479023,9.236986301369862,5.5
C-001425943,S-0036,-97.90813513939203,1,1,女性,32,6,12,0.4166666666666667,0,0,19,4397834.424680548,11.123287671232877,9.0
C-000588152,S-0131,-7.249150931820003,0,1,男性,48,10,12,0.25,19963,2,17,4569023.5643747775,5.13972602739726,2.0
C-001858325,S-0041,-17.40413380725516,0,1,男性,55,4,12,0.0833333333333333,0,0,17,4828489.286769263,10.389041095890411,7.0
C-000858687,S-0063,-99.72241308231415,1,1,女性,57,9,12,0.0,0,0,18,4564012.176421695,5.749315068493151,3.0
C-002493362,S-0115,-100.0,1,1,男性,26,1,12,0.25,13229,1,14,4553643.099564746,10.51095890410959,7.0
C-002260664,S-0012,-16.17110745505774,0,1,男性,60,2,12,0.4166666666666667,73931,1,16,4444678.825084195,7.994520547945205,5.0
C-000346508,S-0012,-100.0,1,1,男性,41,11,12,0.0833333333333333,0,0,16,4444678.825084195,7.994520547945205,5.0
C-000256058,S-0008,-45.15327409608172,0,1,男性,66,11,12,0.4166666666666667,5059,1,22,4498453.308937302,10.772602739726027,7.0
C-001487918,S-0115,-65.48339835130889,1,1,男性,47,6,12,0.1666666666666666,9704,1,14,4553643.099564746,10.51095890410959,7.0
C-000818014,S-0012,-25.50665361683787,0,1,女性,80,9,12,0.0833333333333333,44245,2,16,4444678.825084195,7.994520547945205,5.0
C-000323092,S-0074,-49.80407822507888,1,1,男性,42,11,12,0.1666666666666666,4711,1,14,4614054.39694187,8.308219178082192,6.0
C-002142943,S-0004,-20.87342458327687,0,1,女性,60,3,12,0.0833333333333333,308351,2,22,4423576.351309,11.806849315068494,9.0
C-001846513,S-0111,-14.168806694926115,0,1,女性,71,4,12,0.5833333333333334,0,0,19,4489501.980758176,6.397260273972603,4.0
C-000017515,S-0002,-39.59773105521414,0,1,女性,35,12,12,0.4166666666666667,0,0,15,4455566.655169959,5.663013698630137,2.0
C-000086118,S-0014,-51.12473929197917,1,1,女性,58,12,12,0.0833333333333333,0,0,21,4730192.353344672,7.336986301369863,4.0
C-000913287,S-0007,-46.314665996986434,0,1,男性,43,8,12,0.3333333333333333,18024,1,21,4487075.727367008,3.7260273972602738,1.0
C-001122686,S-0111,-29.480451945350538,0,1,男性,84,8,12,0.3333333333333333,15929,2,19,4489501.980758176,6.397260273972603,4.0
C-001625519,S-0012,-47.17257776897167,0,1,女性,43,5,12,0.25,19408,1,16,4444678.825084195,7.994520547945205,5.0
C-002566518,S-0036,-63.179583820541055,1,1,女性,68,1,12,0.25,33722,1,19,4397834.424680548,11.123287671232877,9.0
C-000693169,S-0018,-100.0,1,1,男性,32,9,12,0.25,0,0,16,4493108.581950108,7.550684931506849,5.0
C-000559063,S-0097,-34.431428375411635,0,1,女性,62,10,12,0.25,5245,2,21,4592508.716501317,10.09041095890411,7.0
C-002241328,S-0072,-100.0,1,1,男性,41,3,12,0.25,18343,1,12,4406797.312641796,9.01917808219178,6.0
C-001237646,S-0004,-94.30153626295106,1,1,男性,69,7,12,0.0833333333333333,0,0,22,4423576.351309,11.806849315068494,9.0
C-001075121,S-0097,-87.2781937581368,1,1,女性,43,8,12,0.1666666666666666,18405,2,21,4592508.716501317,10.09041095890411,7.0
C-001058821,S-0126,-15.616162823117058,0,1,男性,47,8,12,0.5,2131,2,17,4493168.352495564,5.53972602739726,3.0
C-001314080,S-0097,-16.387060594033656,0,1,男性,39,7,12,0.0833333333333333,7271,1,21,4592508.716501317,10.09041095890411,7.0
C-002078424,S-0115,-80.53837540987978,1,1,女性,33,3,12,0.4166666666666667,13643,2,14,4553643.099564746,10.51095890410959,7.0
C-002115196,S-0115,-30.327267117421442,0,1,女性,20,3,12,0.4166666666666667,0,0,14,4553643.099564746,10.51095890410959,7.0
C-000621598,S-0020,-46.17414020536784,0,1,女性,42,10,12,0.3333333333333333,3450,2,16,4280702.057267675,6.986301369863014,3.5
C-001185259,S-0106,-35.71401391193169,0,1,男性,52,7,12,0.25,2247,1,20,4462729.145118021,6.171232876712329,3.5
C-001445535,S-0113,-23.436947849977553,0,1,男性,65,6,12,0.1666666666666666,5977,1,16,4336633.961311346,5.77945205479452,2.5
C-000609059,S-0106,-45.34108285303699,0,1,男性,38,10,12,0.1666666666666666,0,0,20,4462729.145118021,6.171232876712329,3.5
C-000101930,S-0063,-39.875320634119674,0,1,男性,42,12,12,0.4166666666666667,9954,1,18,4564012.176421695,5.749315068493151,3.0
C-000079880,S-0074,-54.352557127312295,1,1,女性,42,12,12,0.1666666666666666,3030,1,14,4614054.39694187,8.308219178082192,6.0
C-001067503,S-0012,-10.322332632002611,0,1,女性,31,8,12,0.25,0,0,16,4444678.825084195,7.994520547945205,5.0
C-002072399,S-0113,-69.71373525739745,1,1,女性,49,3,12,0.25,7883,1,16,4336633.961311346,5.77945205479452,2.5
C-002538266,S-0115,-20.16921508333103,0,1,男性,35,1,12,0.0833333333333333,34606,1,14,4553643.099564746,10.51095890410959,7.0
C-000547800,S-0102,-21.39754870877236,0,1,男性,33,10,12,0.1666666666666666,0,0,16,4383474.364435211,10.484931506849314,7.5
C-001368275,S-0096,-100.0,1,1,女性,57,6,12,0.5,9237,2,16,4644856.458098179,8.302739726027397,5.0
C-000005529,S-0018,-100.0,1,1,男性,55,12,12,0.0833333333333333,18966,1,16,4493108.581950108,7.550684931506849,5.0
C-000629763,S-0115,-60.87153801853371,1,1,女性,88,10,12,0.1666666666666666,4044,1,14,4553643.099564746,10.51095890410959,7.0
C-000161781,S-0063,-30.809629102174917,0,1,男性,52,12,12,0.25,0,0,18,4564012.176421695,5.749315068493151,3.0
C-000509799,S-0012,-14.312494614167177,0,1,女性,50,10,12,0.25,0,0,16,4444678.825084195,7.994520547945205,5.0
C-002680026,S-0121,-100.0,1,1,男性,42,1,12,0.1666666666666666,10637,1,14,4716268.25678644,9.856164383561644,7.0
C-001838798,S-0056,-93.41812114733298,1,1,男性,59,4,12,0.0833333333333333,56440,1,15,4406070.585753419,7.528767123287671,4.0
C-000493724,S-0041,-100.0,1,1,男性,33,10,12,0.3333333333333333,11024,1,17,4828489.286769263,10.389041095890411,7.0
C-001530174,S-0096,-44.98143236074271,0,1,女性,53,6,12,0.4166666666666667,0,0,16,4644856.458098179,8.302739726027397,5.0
C-000598491,S-0115,-56.105959812761085,1,1,男性,43,10,12,0.25,26901,1,14,4553643.099564746,10.51095890410959,7.0
C-000489521,S-0007,-39.57673311741986,0,1,男性,56,10,12,0.3333333333333333,17235,1,21,4487075.727367008,3.7260273972602738,1.0
C-001019873,S-0113,-11.112187016447796,0,1,男性,51,8,12,0.5,0,0,16,4336633.961311346,5.77945205479452,2.5
C-002642420,S-0036,-100.0,1,1,女性,55,1,12,0.3333333333333333,0,0,19,4397834.424680548,11.123287671232877,9.0
C-002336097,S-0089,-22.35107680398443,0,1,男性,43,2,12,0.25,1319,1,19,4721110.949352573,10.142465753424657,7.0
C-002558297,S-0036,-68.783389535104,1,1,男性,50,1,12,0.3333333333333333,0,0,19,4397834.424680548,11.123287671232877,9.0
C-000091995,S-0100,-51.475852540350445,1,1,男性,52,12,12,0.3333333333333333,7278,1,17,4535925.154217558,4.720547945205479,2.0
C-002154660,S-0002,-27.07260233574506,0,1,男性,32,3,12,0.3333333333333333,3076,1,15,4455566.655169959,5.663013698630137,2.0
C-001279058,S-0048,-93.18296921115594,1,1,女性,38,7,12,0.3333333333333333,5661,1,15,4502249.082895545,3.671232876712329,1.0
C-000025179,S-0126,-28.598566192956596,0,1,女性,47,12,12,0.25,0,0,17,4493168.352495564,5.53972602739726,3.0
C-002655997,S-0131,-17.291349677904993,0,1,男性,39,1,12,0.0,0,0,17,4569023.5643747775,5.13972602739726,2.0
C-000834122,S-0075,-67.40025444393399,1,1,男性,43,9,12,0.5,0,0,19,4506647.2743158825,4.526027397260274,1.0
C-000536707,S-0040,-98.00791699983218,1,1,男性,33,10,12,0.0833333333333333,1258,1,20,4550116.0180538,8.163013698630138,4.0
C-001266503,S-0115,-68.6159749766212,1,1,男性,53,7,12,0.3333333333333333,41383,1,14,4553643.099564746,10.51095890410959,7.0
C-000508631,S-0002,-49.24374300807175,1,1,女性,48,10,12,0.0833333333333333,8050,1,15,4455566.655169959,5.663013698630137,2.0
C-000280114,S-0111,-40.74550441641455,0,1,女性,43,11,12,0.5,0,0,19,4489501.980758176,6.397260273972603,4.0
C-000895524,S-0036,-100.0,1,1,男性,52,9,12,0.5,0,0,19,4397834.424680548,11.123287671232877,9.0
C-002178858,S-0117,-52.07978821033377,1,1,女性,77,3,12,0.3333333333333333,0,0,20,4500859.737076383,9.593150684931507,7.0
C-001218815,S-0097,-41.912084971432314,0,1,男性,42,7,12,0.25,11559,1,21,4592508.716501317,10.09041095890411,7.0
C-002326225,S-0121,-99.472710453284,1,1,女性,46,2,12,0.0833333333333333,0,0,14,4716268.25678644,9.856164383561644,7.0
C-002664882,S-0020,-63.15588605368143,1,1,女性,48,1,12,0.0833333333333333,18987,1,16,4280702.057267675,6.986301369863014,3.5
C-002284578,S-0080,-56.256218905472636,1,1,男性,70,2,12,0.0833333333333333,38215,1,17,4457429.264950683,11.673972602739726,9.0
C-000730737,S-0072,-100.0,1,1,女性,33,9,12,0.0,0,0,12,4406797.312641796,9.01917808219178,6.0
C-000935126,S-0100,-25.40982766221384,0,1,男性,52,8,12,0.5,20098,1,17,4535925.154217558,4.720547945205479,2.0
C-000788830,S-0074,-100.0,1,1,女性,30,9,12,0.25,0,0,14,4614054.39694187,8.308219178082192,6.0
C-001709722,S-0096,-40.6651161176103,0,1,男性,40,5,12,0.1666666666666666,0,0,16,4644856.458098179,8.302739726027397,5.0
C-000869308,S-0089,-91.75513913867455,1,1,男性,79,9,12,0.1666666666666666,0,0,19,4721110.949352573,10.142465753424657,7.0
C-000283688,S-0012,-26.42535804054739,0,1,男性,30,11,12,0.3333333333333333,9578,1,16,4444678.825084195,7.994520547945205,5.0
C-001574082,S-0036,-62.82195841314078,1,1,女性,42,6,12,0.1666666666666666,12006,1,19,4397834.424680548,11.123287671232877,9.0
C-002268231,S-0121,-89.04786531057863,1,1,女性,50,2,12,0.6666666666666666,49729,1,14,4716268.25678644,9.856164383561644,7.0
C-000211027,S-0113,-55.19120203235727,1,1,女性,50,12,12,0.25,0,0,16,4336633.961311346,5.77945205479452,2.5
C-002555373,S-0020,-37.19806763285024,0,1,男性,41,1,12,0.4166666666666667,2087,2,16,4280702.057267675,6.986301369863014,3.5
C-002672029,S-0080,-100.0,1,1,女性,34,1,12,0.0,7044,2,17,4457429.264950683,11.673972602739726,9.0
C-002182214,S-0100,-40.797892715776726,0,1,男性,22,3,12,0.5,11767,1,17,4535925.154217558,4.720547945205479,2.0
C-002021433,S-0102,-100.0,1,1,女性,36,4,12,0.4166666666666667,3151,1,16,4383474.364435211,10.484931506849314,7.5
C-002035021,S-0131,-100.0,1,1,女性,34,3,12,0.1666666666666666,2394,2,17,4569023.5643747775,5.13972602739726,2.0
C-002291508,S-0082,-52.01319502493703,1,1,男性,38,2,12,0.25,20382,2,17,4607261.71451126,4.758904109589041,2.0
C-002003165,S-0004,-36.47893094848641,0,1,女性,65,4,12,0.4166666666666667,4737,1,22,4423576.351309,11.806849315068494,9.0
C-001578263,S-0080,-33.975081493589805,0,1,女性,23,5,12,0.1666666666666666,44023,2,17,4457429.264950683,11.673972602739726,9.0
C-002558817,S-0089,-94.9128878750934,1,1,男性,61,1,12,0.5833333333333334,14282,2,19,4721110.949352573,10.142465753424657,7.0
C-001870752,S-0079,-21.024382502635486,0,1,女性,71,4,12,0.0833333333333333,6374,1,13,4256656.371085242,8.479452054794521,6.0
C-000913633,S-0117,-51.70451798004545,1,1,男性,55,8,12,0.6666666666666666,0,0,20,4500859.737076383,9.593150684931507,7.0
C-001594488,S-0018,-100.0,1,1,女性,65,5,12,0.0833333333333333,856,2,16,4493108.581950108,7.550684931506849,5.0
C-002065127,S-0072,-79.7168146797624,1,1,男性,45,3,12,0.1666666666666666,6934,2,12,4406797.312641796,9.01917808219178,6.0
C-002478590,S-0004,-81.28849459671916,1,1,女性,58,1,12,0.5,16228,2,22,4423576.351309,11.806849315068494,9.0
C-001390943,S-0117,-41.63698760861815,0,1,男性,38,6,12,0.1666666666666666,2679,2,20,4500859.737076383,9.593150684931507,7.0
C-001996926,S-0096,-100.0,1,1,女性,60,4,12,0.4166666666666667,0,0,16,4644856.458098179,8.302739726027397,5.0
C-001991768,S-0121,-100.0,1,1,女性,38,4,12,0.1666666666666666,2323,1,14,4716268.25678644,9.856164383561644,7.0
C-000728696,S-0115,-42.97784631357162,0,1,女性,51,9,12,0.0833333333333333,4971,1,14,4553643.099564746,10.51095890410959,7.0
C-000229405,S-0082,-19.388508497283834,0,1,男性,55,11,12,0.3333333333333333,1322,2,17,4607261.71451126,4.758904109589041,2.0
C-001505712,S-0097,-58.17323462919456,1,1,女性,41,6,12,0.0,4874,2,21,4592508.716501317,10.09041095890411,7.0
C-000971233,S-0126,-100.0,1,1,女性,56,8,12,0.25,0,0,17,4493168.352495564,5.53972602739726,3.0
C-000494264,S-0004,-100.0,1,1,女性,64,10,12,0.0,19265,2,22,4423576.351309,11.806849315068494,9.0
C-002211585,S-0063,-100.0,1,1,女性,48,3,12,0.3333333333333333,10871,1,18,4564012.176421695,5.749315068493151,3.0
C-001979576,S-0002,-35.76969419659879,0,1,男性,39,4,12,0.25,13720,2,15,4455566.655169959,5.663013698630137,2.0
C-002389995,S-0048,-32.67597298166613,0,1,女性,42,2,12,0.0833333333333333,30935,2,15,4502249.082895545,3.671232876712329,1.0
C-000817345,S-0115,-71.94277084150727,1,1,女性,20,9,12,0.0833333333333333,0,0,14,4553643.099564746,10.51095890410959,7.0
C-001220247,S-0072,-100.0,1,1,男性,53,7,12,0.1666666666666666,42217,1,12,4406797.312641796,9.01917808219178,6.0
C-001286697,S-0036,-35.813198614411945,0,1,女性,27,7,12,0.0,13712,1,19,4397834.424680548,11.123287671232877,9.0
C-001362199,S-0097,-81.22981563003155,1,1,女性,47,6,12,0.25,0,0,21,4592508.716501317,10.09041095890411,7.0
C-000402553,S-0100,-32.96357675541305,0,1,女性,57,11,12,0.5833333333333334,15615,2,17,4535925.154217558,4.720547945205479,2.0
C-002030607,S-0007,-46.1767540082831,0,1,男性,33,3,12,0.1666666666666666,0,0,21,4487075.727367008,3.7260273972602738,1.0
C-002225074,S-0056,-94.26885686737609,1,1,男性,49,3,12,0.25,16497,1,15,4406070.585753419,7.528767123287671,4.0
C-001642258,S-0096,-100.0,1,1,男性,49,5,12,0.3333333333333333,0,0,16,4644856.458098179,8.302739726027397,5.0
C-001356519,S-0080,-20.0889944153078,0,1,男性,44,6,12,0.4166666666666667,85087,2,17,4457429.264950683,11.673972602739726,9.0
C-001349087,S-0050,-25.14794740864854,0,1,女性,51,7,12,0.25,6797,1,20,4615411.181286601,9.2013698630137,6.0
C-001498700,S-0036,-10.157160479770601,0,1,女性,50,6,12,0.0833333333333333,5015,1,19,4397834.424680548,11.123287671232877,9.0
C-001328367,S-0036,-100.0,1,1,女性,53,7,12,0.3333333333333333,3322,1,19,4397834.424680548,11.123287671232877,9.0
C-001381964,S-0075,-21.494539837174916,0,1,女性,53,6,12,0.1666666666666666,0,0,19,4506647.2743158825,4.526027397260274,1.0
C-001331303,S-0036,-30.5027310443633,0,1,男性,59,7,12,0.3333333333333333,18440,1,19,4397834.424680548,11.123287671232877,9.0
C-002005394,S-0059,-35.596595673318795,0,1,女性,22,4,12,0.6666666666666666,0,0,14,4713188.969095345,6.8123287671232875,3.0
C-001416201,S-0012,-100.0,1,1,女性,27,6,12,0.1666666666666666,0,0,16,4444678.825084195,7.994520547945205,5.0
C-000538992,S-0004,-100.0,1,1,男性,53,10,12,0.3333333333333333,23181,2,22,4423576.351309,11.806849315068494,9.0
C-002496432,S-0111,-100.0,1,1,女性,45,1,12,0.5,4040,2,19,4489501.980758176,6.397260273972603,4.0
C-002037585,S-0040,-14.90178248229855,0,1,男性,53,3,12,0.3333333333333333,760,1,20,4550116.0180538,8.163013698630138,4.0
C-000245702,S-0074,-100.0,1,1,女性,57,11,12,0.25,0,0,14,4614054.39694187,8.308219178082192,6.0
C-000825051,S-0082,-52.86160249739854,1,1,女性,50,9,12,0.3333333333333333,0,0,17,4607261.71451126,4.758904109589041,2.0
C-001902861,S-0082,-4.516670817939032,0,1,女性,44,4,12,0.5,33524,1,17,4607261.71451126,4.758904109589041,2.0
C-001366919,S-0072,-100.0,1,1,女性,48,6,12,0.1666666666666666,0,0,12,4406797.312641796,9.01917808219178,6.0
C-000239323,S-0072,-40.68838599176415,0,1,男性,59,11,12,0.25,4129,2,12,4406797.312641796,9.01917808219178,6.0
C-002430921,S-0056,-86.52356524274445,1,1,女性,48,2,12,0.0833333333333333,0,0,15,4406070.585753419,7.528767123287671,4.0
C-000643639,S-0050,-59.950955239197626,1,1,女性,49,10,12,0.1666666666666666,780,1,20,4615411.181286601,9.2013698630137,6.0
C-001330731,S-0099,-40.448042334247056,0,1,男性,48,7,12,0.4166666666666667,0,0,13,4464126.154078853,8.147945205479452,5.0
C-001714675,S-0002,-40.832327891490586,0,1,男性,53,5,12,0.1666666666666666,0,0,15,4455566.655169959,5.663013698630137,2.0
C-000063800,S-0063,-33.95149327820409,0,1,男性,52,12,12,0.25,0,0,18,4564012.176421695,5.749315068493151,3.0
C-002652950,S-0048,-31.7086922030825,0,1,女性,80,1,12,0.4166666666666667,17481,1,15,4502249.082895545,3.671232876712329,1.0
C-001227368,S-0002,-16.627863669538755,0,1,女性,45,7,12,0.0833333333333333,946,2,15,4455566.655169959,5.663013698630137,2.0
C-000123537,S-0012,-55.22926351610104,1,1,女性,37,12,12,0.1666666666666666,13596,1,16,4444678.825084195,7.994520547945205,5.0
C-000512452,S-0111,-28.28609415928292,0,1,女性,32,10,12,0.0,8552,2,19,4489501.980758176,6.397260273972603,4.0
C-000402858,S-0079,-48.45799328790046,0,1,女性,58,11,12,0.3333333333333333,1074,1,13,4256656.371085242,8.479452054794521,6.0
C-000642374,S-0102,-7.435122695055488,0,1,男性,50,10,12,0.3333333333333333,0,0,16,4383474.364435211,10.484931506849314,7.5
C-002498730,S-0014,-22.600879741455895,0,1,男性,27,1,12,0.25,0,0,21,4730192.353344672,7.336986301369863,4.0
C-000007731,S-0102,-92.26695561931506,1,1,男性,67,12,12,0.1666666666666666,45978,2,16,4383474.364435211,10.484931506849314,7.5
C-000238567,S-0059,-71.14757960032979,1,1,男性,60,11,12,0.0833333333333333,0,0,14,4713188.969095345,6.8123287671232875,3.0
C-001830073,S-0041,-100.0,1,1,男性,59,4,12,0.0833333333333333,0,0,17,4828489.286769263,10.389041095890411,7.0
C-001389064,S-0111,-17.491859633995528,0,1,女性,31,6,12,0.3333333333333333,0,0,19,4489501.980758176,6.397260273972603,4.0
C-000005075,S-0099,-100.0,1,1,男性,80,12,12,0.25,8435,1,13,4464126.154078853,8.147945205479452,5.0
C-000719267,S-0048,-23.188303719696705,0,1,男性,45,9,12,0.1666666666666666,0,0,15,4502249.082895545,3.671232876712329,1.0
C-001418804,S-0050,-90.88907527783603,1,1,女性,39,6,12,0.4166666666666667,33522,2,20,4615411.181286601,9.2013698630137,6.0
C-001085400,S-0115,-100.0,1,1,男性,37,8,12,0.1666666666666666,11582,2,14,4553643.099564746,10.51095890410959,7.0
C-000252421,S-0018,-100.0,1,1,女性,58,11,12,0.75,0,0,16,4493108.581950108,7.550684931506849,5.0
C-001928044,S-0117,-60.13776109282749,1,1,女性,61,4,12,0.0,8867,1,20,4500859.737076383,9.593150684931507,7.0
C-002269129,S-0097,-92.56926456346987,1,1,女性,43,2,12,0.1666666666666666,2191,1,21,4592508.716501317,10.09041095890411,7.0
C-001745899,S-0036,-100.0,1,1,男性,38,5,12,0.0833333333333333,15223,1,19,4397834.424680548,11.123287671232877,9.0
C-000040987,S-0082,-27.980536918401533,0,1,男性,41,12,12,0.1666666666666666,3719,2,17,4607261.71451126,4.758904109589041,2.0
C-002160310,S-0007,-13.275985993039008,0,1,男性,39,3,12,0.5833333333333334,12518,1,21,4487075.727367008,3.7260273972602738,1.0
C-001527179,S-0117,-56.883068960786446,1,1,男性,41,6,12,0.1666666666666666,0,0,20,4500859.737076383,9.593150684931507,7.0
C-002517923,S-0030,-52.811582167565284,1,1,男性,42,1,12,0.25,0,0,22,4426478.045479023,9.236986301369862,5.5
C-000766570,S-0054,-28.67480201917288,0,1,男性,55,9,12,0.75,0,0,23,4489160.181517739,6.358904109589041,4.0
C-002381708,S-0113,-21.522237431457196,0,1,男性,20,2,12,0.0833333333333333,9114,1,16,4336633.961311346,5.77945205479452,2.5
C-000717084,S-0030,-12.90347776661058,0,1,男性,68,9,12,0.1666666666666666,5089,2,22,4426478.045479023,9.236986301369862,5.5
C-002407894,S-0115,-41.90541186578074,0,1,女性,34,2,12,0.4166666666666667,32274,2,14,4553643.099564746,10.51095890410959,7.0
C-002304769,S-0080,-100.0,1,1,女性,38,2,12,0.1666666666666666,9616,1,17,4457429.264950683,11.673972602739726,9.0
C-000304451,S-0004,-64.68787912209109,1,1,女性,23,11,12,0.0,57344,1,22,4423576.351309,11.806849315068494,9.0
C-001509965,S-0018,-77.04870268129963,1,1,女性,53,6,12,0.0833333333333333,0,0,16,4493108.581950108,7.550684931506849,5.0
C-001594175,S-0113,-29.54651823621837,0,1,男性,42,5,12,0.3333333333333333,22414,1,16,4336633.961311346,5.77945205479452,2.5
C-001558541,S-0036,-44.04141279948692,0,1,女性,67,6,12,0.4166666666666667,0,0,19,4397834.424680548,11.123287671232877,9.0
C-000016286,S-0041,-100.0,1,1,女性,31,12,12,0.5833333333333334,0,0,17,4828489.286769263,10.389041095890411,7.0
C-002560422,S-0014,-39.71852407369118,0,1,女性,65,1,12,0.25,0,0,21,4730192.353344672,7.336986301369863,4.0
C-000730902,S-0080,-46.68576656052988,0,1,女性,59,9,12,0.1666666666666666,5336,1,17,4457429.264950683,11.673972602739726,9.0
C-000951866,S-0018,-31.156501622939942,0,1,女性,29,8,12,0.1666666666666666,29408,1,16,4493108.581950108,7.550684931506849,5.0
C-002182618,S-0121,-29.717919146017646,0,1,女性,36,3,12,0.25,0,0,14,4716268.25678644,9.856164383561644,7.0
C-000747119,S-0074,-68.23348654314397,1,1,男性,40,9,12,0.0833333333333333,23721,2,14,4614054.39694187,8.308219178082192,6.0
C-001054383,S-0096,-100.0,1,1,男性,51,8,12,0.1666666666666666,18000,2,16,4644856.458098179,8.302739726027397,5.0
C-001673578,S-0113,-100.0,1,1,女性,61,5,12,0.1666666666666666,8159,1,16,4336633.961311346,5.77945205479452,2.5
C-001808702,S-0102,-25.14504713399014,0,1,女性,49,4,12,0.5,0,0,16,4383474.364435211,10.484931506849314,7.5
C-001759122,S-0050,-100.0,1,1,女性,38,5,12,0.4166666666666667,11181,2,20,4615411.181286601,9.2013698630137,6.0
C-001227487,S-0018,-55.27252886106484,1,1,女性,47,7,12,0.3333333333333333,61145,1,16,4493108.581950108,7.550684931506849,5.0
C-002261178,S-0056,-25.22962931644981,0,1,女性,60,2,12,0.0833333333333333,8217,2,15,4406070.585753419,7.528767123287671,4.0
C-000253817,S-0131,-46.422757480385336,0,1,女性,53,11,12,0.8333333333333334,0,0,17,4569023.5643747775,5.13972602739726,2.0
C-000116883,S-0012,-74.75457536779703,1,1,女性,58,12,12,0.0833333333333333,14842,1,16,4444678.825084195,7.994520547945205,5.0
C-000986347,S-0072,-52.033402313730136,1,1,女性,33,8,12,0.4166666666666667,0,0,12,4406797.312641796,9.01917808219178,6.0
C-000387124,S-0041,-100.0,1,1,女性,31,11,12,0.3333333333333333,33759,1,17,4828489.286769263,10.389041095890411,7.0
C-000112888,S-0074,-30.753456338246576,0,1,女性,72,12,12,0.1666666666666666,1258,1,14,4614054.39694187,8.308219178082192,6.0
C-002488277,S-0115,-100.0,1,1,女性,46,1,12,0.0833333333333333,0,0,14,4553643.099564746,10.51095890410959,7.0
C-001763718,S-0131,-100.0,1,1,女性,21,5,12,0.3333333333333333,0,0,17,4569023.5643747775,5.13972602739726,2.0
C-001169087,S-0007,-18.77730445336697,0,1,男性,49,7,12,0.4166666666666667,6538,1,21,4487075.727367008,3.7260273972602738,1.0
C-001632666,S-0121,-100.0,1,1,女性,46,5,12,0.5,0,0,14,4716268.25678644,9.856164383561644,7.0
C-001297926,S-0018,-40.78359310910582,0,1,女性,37,7,12,0.1666666666666666,0,0,16,4493108.581950108,7.550684931506849,5.0
C-001464084,S-0096,-100.0,1,1,女性,52,6,12,0.3333333333333333,33718,2,16,4644856.458098179,8.302739726027397,5.0
C-001258172,S-0099,-27.737523554799097,0,1,女性,41,7,12,0.5,6906,2,13,4464126.154078853,8.147945205479452,5.0
C-000865272,S-0012,-44.72597657117125,0,1,男性,53,9,12,0.1666666666666666,80609,2,16,4444678.825084195,7.994520547945205,5.0
C-000615170,S-0059,-35.93677243914099,0,1,女性,30,10,12,0.75,0,0,14,4713188.969095345,6.8123287671232875,3.0
C-000914159,S-0030,-66.3740171047273,1,1,女性,44,8,12,0.75,7498,1,22,4426478.045479023,9.236986301369862,5.5
C-000626834,S-0113,-53.39027161097306,1,1,男性,53,10,12,0.25,12511,1,16,4336633.961311346,5.77945205479452,2.5
C-000878550,S-0059,-26.245811514527333,0,1,女性,45,9,12,0.3333333333333333,5006,2,14,4713188.969095345,6.8123287671232875,3.0
C-001322152,S-0074,-100.0,1,1,男性,77,7,12,0.0833333333333333,13843,2,14,4614054.39694187,8.308219178082192,6.0
C-000114065,S-0097,-100.0,1,1,男性,56,12,12,0.5833333333333334,0,0,21,4592508.716501317,10.09041095890411,7.0
C-000699593,S-0106,-100.0,1,1,男性,46,9,12,0.0833333333333333,0,0,20,4462729.145118021,6.171232876712329,3.5
C-001874980,S-0113,-100.0,1,1,女性,65,4,12,0.1666666666666666,0,0,16,4336633.961311346,5.77945205479452,2.5
C-000221313,S-0115,-35.49714279124212,0,1,男性,56,12,12,0.3333333333333333,5063,2,14,4553643.099564746,10.51095890410959,7.0
C-002181776,S-0007,-100.0,1,1,女性,65,3,12,0.3333333333333333,0,0,21,4487075.727367008,3.7260273972602738,1.0
C-001748918,S-0106,-79.73262184682113,1,1,女性,50,5,12,0.1666666666666666,8437,1,20,4462729.145118021,6.171232876712329,3.5
C-000377396,S-0041,-97.41593847650768,1,1,男性,49,11,12,0.1666666666666666,49781,2,17,4828489.286769263,10.389041095890411,7.0
C-000570519,S-0014,-73.39144634704509,1,1,女性,42,10,12,0.0833333333333333,14865,1,21,4730192.353344672,7.336986301369863,4.0
C-000729797,S-0036,-56.90048872923582,1,1,女性,53,9,12,0.25,3485,1,19,4397834.424680548,11.123287671232877,9.0
C-001827935,S-0099,-44.90364428218444,0,1,女性,42,4,12,0.1666666666666666,2362,1,13,4464126.154078853,8.147945205479452,5.0
C-002380936,S-0075,-39.37740956443278,0,1,男性,48,2,12,0.25,1761,1,19,4506647.2743158825,4.526027397260274,1.0
C-001190150,S-0050,-2.5369200133522103,0,1,男性,26,7,12,0.75,0,0,20,4615411.181286601,9.2013698630137,6.0
C-001259451,S-0117,-34.244026434593934,0,1,男性,57,7,12,0.4166666666666667,2670,2,20,4500859.737076383,9.593150684931507,7.0
C-002102842,S-0115,-58.56704828711976,1,1,女性,59,3,12,0.0833333333333333,5938,1,14,4553643.099564746,10.51095890410959,7.0
C-001038939,S-0007,-21.0584441012509,0,1,女性,37,8,12,0.4166666666666667,2245,1,21,4487075.727367008,3.7260273972602738,1.0
C-000870156,S-0002,-100.0,1,1,男性,40,9,12,0.1666666666666666,12334,1,15,4455566.655169959,5.663013698630137,2.0
C-000600892,S-0007,-21.556372650736076,0,1,男性,34,10,12,0.5,0,0,21,4487075.727367008,3.7260273972602738,1.0
C-002416244,S-0050,-100.0,1,1,女性,59,2,12,0.25,9616,1,20,4615411.181286601,9.2013698630137,6.0
C-001286066,S-0074,-35.400565913744316,0,1,女性,54,7,12,0.25,0,0,14,4614054.39694187,8.308219178082192,6.0
C-002338351,S-0007,-100.0,1,1,男性,41,2,12,0.3333333333333333,2073,1,21,4487075.727367008,3.7260273972602738,1.0
C-000838124,S-0036,-29.23351529845751,0,1,女性,53,9,12,0.4166666666666667,0,0,19,4397834.424680548,11.123287671232877,9.0
C-001540128,S-0020,-48.79382438082985,0,1,男性,38,6,12,0.5,0,0,16,4280702.057267675,6.986301369863014,3.5
C-000914186,S-0018,-58.23763604353394,1,1,女性,44,8,12,0.1666666666666666,4517,1,16,4493108.581950108,7.550684931506849,5.0
C-001910190,S-0008,-39.067052327110176,0,1,女性,63,4,12,0.25,17899,1,22,4498453.308937302,10.772602739726027,7.0
C-000174236,S-0020,-25.28367103914246,0,1,女性,41,12,12,0.1666666666666666,0,0,16,4280702.057267675,6.986301369863014,3.5
C-002512578,S-0039,-22.347472507734377,0,1,女性,50,1,12,0.4166666666666667,41106,2,16,4591288.568998441,8.193150684931506,5.0
C-002569290,S-0096,-15.358325225899923,0,1,男性,49,1,12,0.3333333333333333,5492,2,16,4644856.458098179,8.302739726027397,5.0
C-001306033,S-0040,-100.0,1,1,女性,64,7,12,0.5833333333333334,0,0,20,4550116.0180538,8.163013698630138,4.0
C-000101894,S-0115,-98.29181321225215,1,1,男性,63,12,12,0.0833333333333333,0,0,14,4553643.099564746,10.51095890410959,7.0
C-001923789,S-0096,-29.090555382313475,0,1,男性,52,4,12,0.5833333333333334,0,0,16,4644856.458098179,8.302739726027397,5.0
C-001317854,S-0040,-76.32745773989458,1,1,女性,32,7,12,0.3333333333333333,9364,1,20,4550116.0180538,8.163013698630138,4.0
C-001060696,S-0121,-88.05780654869199,1,1,男性,43,8,12,0.25,12020,1,14,4716268.25678644,9.856164383561644,7.0
C-002596297,S-0074,-100.0,1,1,女性,46,1,12,0.4166666666666667,16561,2,14,4614054.39694187,8.308219178082192,6.0
C-002404654,S-0097,-41.05702236890355,0,1,男性,49,2,12,0.4166666666666667,10951,1,21,4592508.716501317,10.09041095890411,7.0
C-000542943,S-0036,-13.127026194360617,0,1,女性,39,10,12,0.3333333333333333,24367,1,19,4397834.424680548,11.123287671232877,9.0
C-000783728,S-0059,-53.8386270093966,1,1,男性,48,9,12,0.75,0,0,14,4713188.969095345,6.8123287671232875,3.0
C-002010211,S-0063,-17.17614015597773,0,1,女性,51,4,12,0.5,0,0,18,4564012.176421695,5.749315068493151,3.0
C-001227297,S-0074,-100.0,1,1,男性,48,7,12,0.25,0,0,14,4614054.39694187,8.308219178082192,6.0
C-000017634,S-0115,-35.10434385234456,0,1,女性,56,12,12,0.0833333333333333,99053,1,14,4553643.099564746,10.51095890410959,7.0
C-000765928,S-0050,-100.0,1,1,女性,57,9,12,0.1666666666666666,0,0,20,4615411.181286601,9.2013698630137,6.0
C-002119839,S-0113,-76.42222884592724,1,1,女性,54,3,12,0.1666666666666666,0,0,16,4336633.961311346,5.77945205479452,2.5
C-001218244,S-0121,-29.036827601632194,0,1,女性,41,7,12,0.25,6836,1,14,4716268.25678644,9.856164383561644,7.0
C-002517337,S-0113,-54.57390455266691,1,1,女性,58,1,12,0.25,4539,1,16,4336633.961311346,5.77945205479452,2.5
C-001081688,S-0036,-62.62969869601152,1,1,女性,50,8,12,0.25,0,0,19,4397834.424680548,11.123287671232877,9.0
C-000891303,S-0121,-26.3258629331189,0,1,女性,43,9,12,0.4166666666666667,0,0,14,4716268.25678644,9.856164383561644,7.0
C-000032134,S-0121,-20.219892534045496,0,1,男性,41,12,12,0.5833333333333334,1152,1,14,4716268.25678644,9.856164383561644,7.0
C-000265637,S-0115,-46.27448530100909,0,1,女性,58,11,12,0.3333333333333333,0,0,14,4553643.099564746,10.51095890410959,7.0
C-002238559,S-0018,-100.0,1,1,女性,30,3,12,0.0833333333333333,982,1,16,4493108.581950108,7.550684931506849,5.0
C-002265975,S-0117,-100.0,1,1,女性,53,2,12,0.25,4662,1,20,4500859.737076383,9.593150684931507,7.0
C-001715429,S-0085,-32.74004097783756,0,1,女性,54,5,12,0.25,10477,1,15,4606655.398026554,4.928767123287671,2.0
C-001588735,S-0079,-100.0,1,1,女性,59,5,12,0.0833333333333333,48281,1,13,4256656.371085242,8.479452054794521,6.0
C-000239224,S-0002,-43.35644136337377,0,1,女性,57,11,12,1.0,0,0,15,4455566.655169959,5.663013698630137,2.0
C-000030229,S-0117,-100.0,1,1,女性,45,12,12,0.25,0,0,20,4500859.737076383,9.593150684931507,7.0
C-002546229,S-0113,-100.0,1,1,男性,41,1,12,0.4166666666666667,28801,1,16,4336633.961311346,5.77945205479452,2.5
C-002673930,S-0056,-100.0,1,1,男性,16,1,12,0.0,0,0,15,4406070.585753419,7.528767123287671,4.0
C-000158258,S-0017,-41.265556067689474,0,1,女性,47,12,12,0.25,7177,2,20,4640207.03550726,5.608219178082192,2.5
C-001138432,S-0097,-65.25833171586396,1,1,男性,51,7,12,0.3333333333333333,0,0,21,4592508.716501317,10.09041095890411,7.0
C-001400840,S-0097,-85.54273119889044,1,1,男性,45,6,12,0.5,3014,2,21,4592508.716501317,10.09041095890411,7.0
C-001932241,S-0089,-35.25736221244642,0,1,男性,35,4,12,0.0833333333333333,2470,2,19,4721110.949352573,10.142465753424657,7.0
C-001033235,S-0019,-18.37449122999142,0,1,男性,45,8,12,0.8333333333333334,0,0,19,4327199.920883598,4.090410958904109,1.0
C-002544665,S-0099,-87.07273780030565,1,1,男性,41,1,12,0.1666666666666666,0,0,13,4464126.154078853,8.147945205479452,5.0
C-002466345,S-0059,-43.78334084039268,0,1,女性,45,2,12,0.6666666666666666,18401,1,14,4713188.969095345,6.8123287671232875,3.0
C-001883946,S-0075,-100.0,1,1,男性,37,4,12,0.4166666666666667,0,0,19,4506647.2743158825,4.526027397260274,1.0
C-002560562,S-0007,-21.365257468227668,0,1,男性,44,1,12,0.5833333333333334,33683,1,21,4487075.727367008,3.7260273972602738,1.0
C-001930539,S-0036,-82.19287156097867,1,1,男性,46,4,12,0.0833333333333333,45126,2,19,4397834.424680548,11.123287671232877,9.0
C-002683732,S-0121,-90.09275540297897,1,1,女性,32,1,12,0.75,0,0,14,4716268.25678644,9.856164383561644,7.0
C-002613634,S-0097,-47.84669320412221,0,1,男性,29,1,12,0.0833333333333333,11185,1,21,4592508.716501317,10.09041095890411,7.0
C-000190519,S-0117,-99.57691205108688,1,1,女性,35,12,12,0.0833333333333333,3809,1,20,4500859.737076383,9.593150684931507,7.0
C-001727045,S-0074,-46.36562043110676,0,1,女性,32,5,12,0.6666666666666666,27537,1,14,4614054.39694187,8.308219178082192,6.0
C-001771761,S-0072,-100.0,1,1,女性,46,5,12,0.4166666666666667,0,0,12,4406797.312641796,9.01917808219178,6.0
C-001898979,S-0048,-18.332426787797758,0,1,女性,51,4,12,0.3333333333333333,0,0,15,4502249.082895545,3.671232876712329,1.0
C-000311249,S-0089,-49.78499838344649,1,1,女性,58,11,12,0.0833333333333333,0,0,19,4721110.949352573,10.142465753424657,7.0
C-002022975,S-0002,-100.0,1,1,女性,33,4,12,0.25,4379,1,15,4455566.655169959,5.663013698630137,2.0
C-001967360,S-0096,-100.0,1,1,男性,57,4,12,0.5833333333333334,0,0,16,4644856.458098179,8.302739726027397,5.0
C-001949858,S-0097,-34.11355921530914,0,1,女性,50,4,12,0.3333333333333333,24141,1,21,4592508.716501317,10.09041095890411,7.0
C-001383150,S-0097,-41.86093268487481,0,1,男性,25,6,12,0.5,10089,1,21,4592508.716501317,10.09041095890411,7.0
C-000686885,S-0115,-100.0,1,1,女性,43,9,12,0.25,0,0,14,4553643.099564746,10.51095890410959,7.0
C-000437551,S-0036,-66.29062876786126,1,1,男性,41,11,12,0.3333333333333333,23434,1,19,4397834.424680548,11.123287671232877,9.0
C-002525820,S-0062,-45.91091041959796,0,1,女性,50,1,12,0.1666666666666666,21005,1,15,4713869.782113416,4.575342465753424,1.0
C-001369393,S-0036,-71.94565096335896,1,1,女性,81,6,12,0.1666666666666666,42065,1,19,4397834.424680548,11.123287671232877,9.0
C-002579155,S-0054,-100.0,1,1,女性,35,1,12,0.4166666666666667,5494,1,23,4489160.181517739,6.358904109589041,4.0
C-000958227,S-0050,-33.32877853780346,0,1,男性,58,8,12,0.1666666666666666,5257,2,20,4615411.181286601,9.2013698630137,6.0
C-002529695,S-0102,-37.88560877953655,0,1,女性,56,1,12,0.3333333333333333,4229,1,16,4383474.364435211,10.484931506849314,7.5
C-000197498,S-0100,-30.22575589300728,0,1,女性,65,12,12,0.0833333333333333,0,0,17,4535925.154217558,4.720547945205479,2.0
C-002249367,S-0056,-55.72710400231207,1,1,男性,44,2,12,0.25,2339,1,15,4406070.585753419,7.528767123287671,4.0
C-001315424,S-0030,-20.718817147546677,0,1,男性,56,7,12,0.25,8587,2,22,4426478.045479023,9.236986301369862,5.5
C-001185657,S-0048,-43.18368230626069,0,1,女性,63,7,12,0.1666666666666666,14893,1,15,4502249.082895545,3.671232876712329,1.0
C-001781055,S-0113,-100.0,1,1,男性,52,5,12,0.25,8777,1,16,4336633.961311346,5.77945205479452,2.5
C-001207573,S-0102,-27.532459394123443,0,1,女性,56,7,12,0.1666666666666666,0,0,16,4383474.364435211,10.484931506849314,7.5
C-001312905,S-0017,-38.51353582948928,0,1,女性,56,7,12,0.5,0,0,20,4640207.03550726,5.608219178082192,2.5
C-001041560,S-0080,-100.0,1,1,女性,45,8,12,0.1666666666666666,24924,2,17,4457429.264950683,11.673972602739726,9.0
C-000306432,S-0115,-97.90223613227361,1,1,女性,48,11,12,0.1666666666666666,603,1,14,4553643.099564746,10.51095890410959,7.0
C-000873334,S-0012,-100.0,1,1,男性,38,9,12,0.0,0,0,16,4444678.825084195,7.994520547945205,5.0
C-001173427,S-0113,-55.127298741741356,1,1,女性,54,7,12,0.0833333333333333,3795,2,16,4336633.961311346,5.77945205479452,2.5
C-001216666,S-0121,-61.19631029875778,1,1,男性,46,7,12,0.5,0,0,14,4716268.25678644,9.856164383561644,7.0
C-001599299,S-0018,-53.90587481991356,1,1,女性,39,5,12,0.3333333333333333,0,0,16,4493108.581950108,7.550684931506849,5.0
C-001994194,S-0099,-43.41684957082489,0,1,男性,71,4,12,0.4166666666666667,5501,1,13,4464126.154078853,8.147945205479452,5.0
C-002609580,S-0036,-61.726079497456396,1,1,女性,88,1,12,0.1666666666666666,0,0,19,4397834.424680548,11.123287671232877,9.0
C-000653236,S-0131,-92.2025572491512,1,1,女性,46,10,12,0.5833333333333334,88900,1,17,4569023.5643747775,5.13972602739726,2.0
C-001824607,S-0008,-40.23702389251537,0,1,女性,42,4,12,0.25,10409,2,22,4498453.308937302,10.772602739726027,7.0
C-000522146,S-0012,-26.493778121484812,0,1,女性,33,10,12,0.3333333333333333,44002,1,16,4444678.825084195,7.994520547945205,5.0
C-001455073,S-0036,-14.778299122761663,0,1,女性,55,6,12,0.0,21103,2,19,4397834.424680548,11.123287671232877,9.0
C-002682102,S-0040,-100.0,1,1,女性,27,1,12,0.25,55611,1,20,4550116.0180538,8.163013698630138,4.0
C-000693809,S-0096,-38.99353760556515,0,1,女性,35,9,12,0.4166666666666667,2680,1,16,4644856.458098179,8.302739726027397,5.0
C-001027681,S-0018,-100.0,1,1,女性,84,8,12,0.1666666666666666,418,2,16,4493108.581950108,7.550684931506849,5.0
C-000707801,S-0002,-86.99243485570187,1,1,女性,55,9,12,0.6666666666666666,0,0,15,4455566.655169959,5.663013698630137,2.0
C-001963244,S-0002,-100.0,1,1,女性,47,4,12,0.1666666666666666,0,0,15,4455566.655169959,5.663013698630137,2.0
C-001408514,S-0017,-79.31517231216185,1,1,女性,48,6,12,0.0,0,0,20,4640207.03550726,5.608219178082192,2.5
C-001147816,S-0097,-100.0,1,1,女性,56,7,12,0.5,2250,2,21,4592508.716501317,10.09041095890411,7.0
C-002680913,S-0063,-27.84781560618339,0,1,男性,51,1,12,0.0,0,0,18,4564012.176421695,5.749315068493151,3.0
C-001864316,S-0048,-36.04934298739608,0,1,女性,40,4,12,0.3333333333333333,12742,2,15,4502249.082895545,3.671232876712329,1.0
C-000812174,S-0048,-46.311585336728356,0,1,女性,59,9,12,0.0833333333333333,1806,1,15,4502249.082895545,3.671232876712329,1.0
C-002075957,S-0106,-100.0,1,1,男性,29,3,12,0.25,0,0,20,4462729.145118021,6.171232876712329,3.5
C-002507917,S-0121,-100.0,1,1,女性,35,1,12,0.3333333333333333,0,0,14,4716268.25678644,9.856164383561644,7.0
C-000856256,S-0036,-42.44860747953479,0,1,男性,55,9,12,0.3333333333333333,2759,1,19,4397834.424680548,11.123287671232877,9.0
C-001044288,S-0012,-19.580370311223003,0,1,男性,56,8,12,0.5833333333333334,182985,2,16,4444678.825084195,7.994520547945205,5.0
C-002581594,S-0050,-27.621624394122023,0,1,男性,50,1,12,0.5833333333333334,0,0,20,4615411.181286601,9.2013698630137,6.0
C-001953042,S-0017,-86.89269160734978,1,1,女性,52,4,12,0.25,0,0,20,4640207.03550726,5.608219178082192,2.5
C-000221940,S-0036,-20.301668051995524,0,1,男性,54,12,12,0.1666666666666666,16828,1,19,4397834.424680548,11.123287671232877,9.0
C-002674415,S-0036,-22.77009372677805,0,1,男性,52,1,12,0.0,5518,2,19,4397834.424680548,11.123287671232877,9.0
C-001353116,S-0063,-15.424863328450812,0,1,女性,34,6,12,0.3333333333333333,128309,1,18,4564012.176421695,5.749315068493151,3.0
C-002239576,S-0131,-39.49559283266307,0,1,女性,58,3,12,0.0833333333333333,7603,1,17,4569023.5643747775,5.13972602739726,2.0
C-001221180,S-0106,-79.31077343774277,1,1,女性,53,7,12,0.0833333333333333,16634,1,20,4462729.145118021,6.171232876712329,3.5
C-001938034,S-0063,-28.658394651424434,0,1,男性,51,4,12,0.5,15607,2,18,4564012.176421695,5.749315068493151,3.0
C-002355828,S-0014,-100.0,1,1,女性,47,2,12,0.0833333333333333,8291,1,21,4730192.353344672,7.336986301369863,4.0
C-000052004,S-0113,-28.554552217389727,0,1,女性,58,12,12,0.25,0,0,16,4336633.961311346,5.77945205479452,2.5
C-002493400,S-0062,-24.247420003894334,0,1,男性,45,1,12,0.0833333333333333,10822,2,15,4713869.782113416,4.575342465753424,1.0
C-002400052,S-0102,-27.378641425464167,0,1,女性,32,2,12,0.75,5733,2,16,4383474.364435211,10.484931506849314,7.5
C-000288703,S-0008,-28.228348995936702,0,1,男性,53,11,12,0.25,0,0,22,4498453.308937302,10.772602739726027,7.0
C-000562360,S-0018,-85.54877994018698,1,1,女性,61,10,12,0.1666666666666666,5324,1,16,4493108.581950108,7.550684931506849,5.0
C-002079325,S-0079,-97.79220779220779,1,1,女性,51,3,12,0.4166666666666667,1488,1,13,4256656.371085242,8.479452054794521,6.0
C-000569090,S-0017,-23.90449107877829,0,1,女性,47,10,12,0.3333333333333333,0,0,20,4640207.03550726,5.608219178082192,2.5
C-001059166,S-0121,-29.034193441451873,0,1,男性,79,8,12,0.25,19911,1,14,4716268.25678644,9.856164383561644,7.0
C-001909729,S-0036,-38.17730555787947,0,1,男性,39,4,12,0.1666666666666666,2376,1,19,4397834.424680548,11.123287671232877,9.0
C-001975139,S-0012,-91.5754981237778,1,1,女性,65,4,12,0.25,1372,2,16,4444678.825084195,7.994520547945205,5.0
C-002113704,S-0113,-69.92743439711782,1,1,女性,49,3,12,0.25,846,1,16,4336633.961311346,5.77945205479452,2.5
C-000024622,S-0008,-75.7005277762664,1,1,男性,47,12,12,0.0833333333333333,0,0,22,4498453.308937302,10.772602739726027,7.0
C-001252394,S-0048,-32.55270661795861,0,1,女性,58,7,12,0.4166666666666667,36355,1,15,4502249.082895545,3.671232876712329,1.0
C-001181609,S-0063,-13.076550362354705,0,1,女性,31,7,12,0.6666666666666666,0,0,18,4564012.176421695,5.749315068493151,3.0
C-000422631,S-0007,-100.0,1,1,男性,68,11,12,0.5,45522,2,21,4487075.727367008,3.7260273972602738,1.0
C-001851399,S-0012,-32.097292621354285,0,1,女性,49,4,12,0.5,598,1,16,4444678.825084195,7.994520547945205,5.0
C-000113228,S-0048,-19.782244423090667,0,1,女性,47,12,12,0.25,37496,1,15,4502249.082895545,3.671232876712329,1.0
C-002613352,S-0113,-58.13330207844976,1,1,女性,48,1,12,0.25,4079,2,16,4336633.961311346,5.77945205479452,2.5
C-001077550,S-0121,-79.26193749893908,1,1,男性,29,8,12,0.1666666666666666,35406,2,14,4716268.25678644,9.856164383561644,7.0
C-000850967,S-0072,-33.00264942144423,0,1,女性,47,9,12,0.6666666666666666,6599,2,12,4406797.312641796,9.01917808219178,6.0
C-000013420,S-0063,-55.86248613771549,1,1,男性,56,12,12,0.1666666666666666,21321,2,18,4564012.176421695,5.749315068493151,3.0
C-001595964,S-0099,-54.13104129013067,1,1,男性,58,5,12,0.4166666666666667,5573,1,13,4464126.154078853,8.147945205479452,5.0
C-002253833,S-0030,-30.69691680548528,0,1,男性,61,2,12,0.1666666666666666,4068,1,22,4426478.045479023,9.236986301369862,5.5
C-001937347,S-0017,-42.46740943015265,0,1,女性,20,4,12,0.1666666666666666,85553,1,20,4640207.03550726,5.608219178082192,2.5
C-000978303,S-0056,-62.3234204633447,1,1,女性,60,8,12,0.0833333333333333,19808,1,15,4406070.585753419,7.528767123287671,4.0
C-002601363,S-0018,-35.12655600334673,0,1,男性,55,1,12,0.0,0,0,16,4493108.581950108,7.550684931506849,5.0
C-001200202,S-0074,-70.83738621193928,1,1,男性,45,7,12,0.0833333333333333,5994,1,14,4614054.39694187,8.308219178082192,6.0
C-000421014,S-0106,-37.6187551546844,0,1,女性,40,11,12,0.6666666666666666,0,0,20,4462729.145118021,6.171232876712329,3.5
C-001742940,S-0117,-91.02693724272406,1,1,男性,33,5,12,0.3333333333333333,19350,2,20,4500859.737076383,9.593150684931507,7.0
C-000896624,S-0089,-15.636624146913643,0,1,女性,51,9,12,0.0833333333333333,2141,1,19,4721110.949352573,10.142465753424657,7.0
C-001511146,S-0102,-37.97941822067942,0,1,女性,71,6,12,0.1666666666666666,6570,1,16,4383474.364435211,10.484931506849314,7.5
C-002548007,S-0018,-60.21526616784787,1,1,男性,50,1,12,0.25,1382,2,16,4493108.581950108,7.550684931506849,5.0
C-001171173,S-0018,-57.737861622055355,1,1,女性,76,7,12,0.25,5899,2,16,4493108.581950108,7.550684931506849,5.0
C-001701652,S-0004,-90.71568192334205,1,1,男性,48,5,12,0.4166666666666667,2363,2,22,4423576.351309,11.806849315068494,9.0
C-000465041,S-0113,-100.0,1,1,男性,46,10,12,0.25,28229,1,16,4336633.961311346,5.77945205479452,2.5
C-000350432,S-0099,-28.9425941527214,0,1,女性,41,11,12,0.1666666666666666,41535,1,13,4464126.154078853,8.147945205479452,5.0
C-001814435,S-0041,-55.51205527094986,1,1,男性,51,4,12,0.25,0,0,17,4828489.286769263,10.389041095890411,7.0
C-001835220,S-0111,-100.0,1,1,女性,67,4,12,0.4166666666666667,0,0,19,4489501.980758176,6.397260273972603,4.0
C-001550707,S-0041,-59.0183788852115,1,1,男性,57,6,12,0.1666666666666666,0,0,17,4828489.286769263,10.389041095890411,7.0
C-001550119,S-0097,-61.5718274730935,1,1,男性,44,6,12,0.25,10857,2,21,4592508.716501317,10.09041095890411,7.0
C-000825361,S-0131,-48.395697734445264,0,1,女性,65,9,12,0.3333333333333333,0,0,17,4569023.5643747775,5.13972602739726,2.0
C-000359602,S-0007,-100.0,1,1,男性,50,11,12,0.3333333333333333,4606,1,21,4487075.727367008,3.7260273972602738,1.0
C-002455680,S-0036,-100.0,1,1,女性,41,2,12,0.1666666666666666,246393,1,19,4397834.424680548,11.123287671232877,9.0
C-001191069,S-0020,-19.536045382669435,0,1,男性,22,7,12,0.0833333333333333,0,0,16,4280702.057267675,6.986301369863014,3.5
C-001440896,S-0030,-58.0123496998983,1,1,女性,45,6,12,0.5,81400,1,22,4426478.045479023,9.236986301369862,5.5
C-001875247,S-0097,-73.89699559459709,1,1,男性,43,4,12,0.3333333333333333,0,0,21,4592508.716501317,10.09041095890411,7.0
C-001434994,S-0017,-35.906381697772424,0,1,女性,38,6,12,0.25,0,0,20,4640207.03550726,5.608219178082192,2.5
C-000445375,S-0113,-45.73370846713783,0,1,男性,48,11,12,0.0833333333333333,37354,1,16,4336633.961311346,5.77945205479452,2.5
C-000592879,S-0074,-100.0,1,1,男性,66,10,12,0.1666666666666666,0,0,14,4614054.39694187,8.308219178082192,6.0
C-002405619,S-0004,-100.0,1,1,女性,47,2,12,0.3333333333333333,0,0,22,4423576.351309,11.806849315068494,9.0
C-001124646,S-0072,-77.48284486628614,1,1,女性,48,8,12,0.1666666666666666,21532,2,12,4406797.312641796,9.01917808219178,6.0
C-000287385,S-0018,-76.19335236840179,1,1,女性,45,11,12,0.25,15105,2,16,4493108.581950108,7.550684931506849,5.0
C-001935025,S-0100,-27.60593468717842,0,1,女性,50,4,12,0.25,14777,1,17,4535925.154217558,4.720547945205479,2.0
C-002234299,S-0102,-100.0,1,1,女性,43,3,12,0.25,7847,1,16,4383474.364435211,10.484931506849314,7.5
C-001931298,S-0121,-84.95372569886547,1,1,男性,49,4,12,0.3333333333333333,0,0,14,4716268.25678644,9.856164383561644,7.0
C-000466182,S-0050,-32.70420867364733,0,1,女性,48,10,12,0.3333333333333333,6556,2,20,4615411.181286601,9.2013698630137,6.0
C-001635059,S-0002,-51.991111925596734,1,1,女性,37,5,12,0.25,0,0,15,4455566.655169959,5.663013698630137,2.0
C-000071528,S-0018,-82.62167081508352,1,1,男性,80,12,12,0.3333333333333333,6136,2,16,4493108.581950108,7.550684931506849,5.0
C-001386910,S-0097,-26.471819003120444,0,1,男性,38,6,12,0.1666666666666666,341187,2,21,4592508.716501317,10.09041095890411,7.0
C-001437593,S-0041,-23.51102355124296,0,1,女性,58,6,12,0.1666666666666666,6299,1,17,4828489.286769263,10.389041095890411,7.0
C-002681656,S-0111,-42.730157491579206,0,1,男性,38,1,12,0.9166666666666666,14012,1,19,4489501.980758176,6.397260273972603,4.0
C-000855274,S-0048,-76.52113581995708,1,1,男性,55,9,12,0.25,0,0,15,4502249.082895545,3.671232876712329,1.0
C-000043546,S-0075,-55.45549487236556,1,1,女性,38,12,12,0.25,25236,2,19,4506647.2743158825,4.526027397260274,1.0
C-001895965,S-0121,-100.0,1,1,男性,44,4,12,0.5,2231,1,14,4716268.25678644,9.856164383561644,7.0
C-001561249,S-0075,-56.85091631352665,1,1,男性,32,6,12,0.4166666666666667,21396,2,19,4506647.2743158825,4.526027397260274,1.0
C-002172171,S-0117,-80.0192844106202,1,1,女性,52,3,12,0.1666666666666666,13031,1,20,4500859.737076383,9.593150684931507,7.0
C-001241011,S-0017,-54.42283983704974,1,1,女性,47,7,12,0.5833333333333334,2007,1,20,4640207.03550726,5.608219178082192,2.5
C-001477135,S-0014,-54.102051489379065,1,1,男性,70,6,12,0.1666666666666666,1357,1,21,4730192.353344672,7.336986301369863,4.0
C-000137639,S-0050,-41.81270322661331,0,1,女性,66,12,12,0.4166666666666667,0,0,20,4615411.181286601,9.2013698630137,6.0
C-002664181,S-0113,-85.2165678113941,1,1,男性,24,1,12,0.4166666666666667,0,0,16,4336633.961311346,5.77945205479452,2.5
C-000240138,S-0050,-28.789590429995382,0,1,女性,47,11,12,0.25,20849,1,20,4615411.181286601,9.2013698630137,6.0
C-000324483,S-0050,-29.421765000762846,0,1,女性,45,11,12,0.5,0,0,20,4615411.181286601,9.2013698630137,6.0
C-002390674,S-0018,-39.404465703748734,0,1,男性,58,2,12,0.4166666666666667,35564,1,16,4493108.581950108,7.550684931506849,5.0
C-001833909,S-0072,-100.0,1,1,男性,66,4,12,0.0833333333333333,10227,1,12,4406797.312641796,9.01917808219178,6.0
C-001151382,S-0030,-17.234656722965564,0,1,男性,56,7,12,0.1666666666666666,7086,2,22,4426478.045479023,9.236986301369862,5.5
C-001741648,S-0036,-42.51374189843301,0,1,女性,53,5,12,0.25,0,0,19,4397834.424680548,11.123287671232877,9.0
C-002398195,S-0117,-100.0,1,1,女性,34,2,12,0.1666666666666666,0,0,20,4500859.737076383,9.593150684931507,7.0
C-000268308,S-0115,-55.2741510883028,1,1,男性,43,11,12,0.3333333333333333,11600,2,14,4553643.099564746,10.51095890410959,7.0
C-001582739,S-0050,-92.92361720807726,1,1,女性,53,5,12,0.4166666666666667,19795,1,20,4615411.181286601,9.2013698630137,6.0
C-000958297,S-0113,-59.30375997869762,1,1,女性,57,8,12,0.0833333333333333,0,0,16,4336633.961311346,5.77945205479452,2.5
C-002692409,S-0041,-53.18776492152595,1,1,男性,27,1,12,0.25,65708,2,17,4828489.286769263,10.389041095890411,7.0
C-001654962,S-0072,-100.0,1,1,女性,47,5,12,0.0833333333333333,0,0,12,4406797.312641796,9.01917808219178,6.0
C-001409903,S-0004,-62.92153893521165,1,1,女性,49,6,12,0.0833333333333333,12943,1,22,4423576.351309,11.806849315068494,9.0
C-000615514,S-0056,-62.59419467225147,1,1,男性,52,10,12,0.0,31840,2,15,4406070.585753419,7.528767123287671,4.0
C-001272624,S-0048,-81.10143039814469,1,1,男性,57,7,12,0.1666666666666666,0,0,15,4502249.082895545,3.671232876712329,1.0
C-000233513,S-0014,-100.0,1,1,女性,42,11,12,0.6666666666666666,12368,1,21,4730192.353344672,7.336986301369863,4.0
C-001296693,S-0012,-55.58748403575989,1,1,男性,59,7,12,0.25,0,0,16,4444678.825084195,7.994520547945205,5.0
C-001873716,S-0048,-16.82212485806647,0,1,男性,59,4,12,0.25,4618,1,15,4502249.082895545,3.671232876712329,1.0
C-001225088,S-0100,-24.601375473640406,0,1,男性,48,7,12,0.0833333333333333,25141,2,17,4535925.154217558,4.720547945205479,2.0
C-002033677,S-0096,-100.0,1,1,女性,59,3,12,0.3333333333333333,0,0,16,4644856.458098179,8.302739726027397,5.0
C-002057486,S-0036,-29.884464761055284,0,1,男性,57,3,12,0.5,30887,2,19,4397834.424680548,11.123287671232877,9.0
C-000190304,S-0089,-100.0,1,1,女性,70,12,12,0.0,25454,1,19,4721110.949352573,10.142465753424657,7.0
C-001333242,S-0040,-45.74528900750883,0,1,男性,50,7,12,0.1666666666666666,94431,2,20,4550116.0180538,8.163013698630138,4.0
C-000723338,S-0072,-43.4045532782655,0,1,男性,62,9,12,0.5833333333333334,0,0,12,4406797.312641796,9.01917808219178,6.0
C-000108605,S-0002,-50.250609630696005,1,1,女性,75,12,12,0.5,0,0,15,4455566.655169959,5.663013698630137,2.0
C-000858572,S-0063,-61.97727021957409,1,1,男性,48,9,12,0.6666666666666666,0,0,18,4564012.176421695,5.749315068493151,3.0
C-001309403,S-0041,-100.0,1,1,男性,60,7,12,0.1666666666666666,9603,1,17,4828489.286769263,10.389041095890411,7.0
C-000988051,S-0062,-34.87934321905248,0,1,女性,64,8,12,0.3333333333333333,2576,1,15,4713869.782113416,4.575342465753424,1.0
C-000328741,S-0097,-93.25926115562838,1,1,女性,33,11,12,0.1666666666666666,1602,2,21,4592508.716501317,10.09041095890411,7.0
C-000514229,S-0041,-13.256455079242258,0,1,男性,57,10,12,0.0833333333333333,0,0,17,4828489.286769263,10.389041095890411,7.0
C-001875053,S-0004,-63.60660393575438,1,1,男性,56,4,12,0.25,0,0,22,4423576.351309,11.806849315068494,9.0
C-000713237,S-0030,-28.693651419485366,0,1,男性,38,9,12,0.3333333333333333,102216,1,22,4426478.045479023,9.236986301369862,5.5
C-000507687,S-0008,-63.56998109384021,1,1,女性,45,10,12,0.25,25643,1,22,4498453.308937302,10.772602739726027,7.0
C-001790485,S-0074,-42.68652080064357,0,1,女性,20,5,12,0.25,6064,1,14,4614054.39694187,8.308219178082192,6.0
C-001196682,S-0036,-34.11471969280937,0,1,男性,56,7,12,0.25,0,0,19,4397834.424680548,11.123287671232877,9.0
C-001281019,S-0115,-70.0238324022953,1,1,女性,60,7,12,0.0833333333333333,50353,2,14,4553643.099564746,10.51095890410959,7.0
C-001586801,S-0036,-41.05638085309703,0,1,女性,54,5,12,0.25,45417,1,19,4397834.424680548,11.123287671232877,9.0
C-001103634,S-0020,-51.953269972407334,1,1,女性,33,8,12,0.25,7504,2,16,4280702.057267675,6.986301369863014,3.5
C-001582673,S-0106,-100.0,1,1,女性,40,5,12,0.3333333333333333,0,0,20,4462729.145118021,6.171232876712329,3.5
C-002440931,S-0039,-39.017250449045896,0,1,男性,63,2,12,0.1666666666666666,39984,1,16,4591288.568998441,8.193150684931506,5.0
C-002237207,S-0089,-67.74250363260094,1,1,男性,37,3,12,0.1666666666666666,8252,1,19,4721110.949352573,10.142465753424657,7.0
C-001893279,S-0020,-18.798482719958336,0,1,女性,35,4,12,0.1666666666666666,8883,1,16,4280702.057267675,6.986301369863014,3.5
C-001409291,S-0059,-21.057273407360686,0,1,女性,51,6,12,0.3333333333333333,22040,1,14,4713188.969095345,6.8123287671232875,3.0
C-002096648,S-0079,-40.55234246911349,0,1,男性,52,3,12,0.3333333333333333,0,0,13,4256656.371085242,8.479452054794521,6.0
C-001387106,S-0117,-53.71496825133357,1,1,男性,78,6,12,0.1666666666666666,3509,2,20,4500859.737076383,9.593150684931507,7.0
C-000139628,S-0072,-64.9864441179589,1,1,男性,19,12,12,0.4166666666666667,201854,1,12,4406797.312641796,9.01917808219178,6.0
C-000157067,S-0102,-100.0,1,1,男性,77,12,12,0.0833333333333333,0,0,16,4383474.364435211,10.484931506849314,7.5
C-000177133,S-0018,-43.612518452370104,0,1,男性,60,12,12,0.5,6582,2,16,4493108.581950108,7.550684931506849,5.0
C-000364522,S-0089,-100.0,1,1,男性,41,11,12,0.5833333333333334,0,0,19,4721110.949352573,10.142465753424657,7.0
C-002015846,S-0002,-17.86890546733867,0,1,女性,43,4,12,0.3333333333333333,31375,1,15,4455566.655169959,5.663013698630137,2.0
C-000608146,S-0050,-100.0,1,1,女性,47,10,12,0.4166666666666667,0,0,20,4615411.181286601,9.2013698630137,6.0
C-001584373,S-0074,-100.0,1,1,女性,63,5,12,0.0833333333333333,12161,1,14,4614054.39694187,8.308219178082192,6.0
C-001857275,S-0115,-25.248509252569818,0,1,女性,57,4,12,0.0833333333333333,30568,2,14,4553643.099564746,10.51095890410959,7.0
C-002452405,S-0080,-78.44461438300246,1,1,男性,43,2,12,0.1666666666666666,11402,1,17,4457429.264950683,11.673972602739726,9.0
C-001517903,S-0096,-52.739275911982375,1,1,女性,32,6,12,0.1666666666666666,0,0,16,4644856.458098179,8.302739726027397,5.0
C-001219544,S-0096,-67.69603549644144,1,1,男性,59,7,12,0.25,0,0,16,4644856.458098179,8.302739726027397,5.0
C-001346543,S-0121,-19.302315968808912,0,1,女性,55,7,12,0.0833333333333333,8390,1,14,4716268.25678644,9.856164383561644,7.0
C-000762239,S-0074,-37.78885345430359,0,1,男性,58,9,12,0.5,9372,1,14,4614054.39694187,8.308219178082192,6.0
C-001903357,S-0075,-26.736862249143012,0,1,男性,47,4,12,0.8333333333333334,0,0,19,4506647.2743158825,4.526027397260274,1.0
C-002244407,S-0131,-6.2487107833877245,0,1,女性,18,3,12,0.5833333333333334,1361,1,17,4569023.5643747775,5.13972602739726,2.0
C-002505603,S-0097,-100.0,1,1,男性,42,1,12,0.25,3086,1,21,4592508.716501317,10.09041095890411,7.0
C-001469526,S-0121,-73.76037277699191,1,1,女性,41,6,12,0.4166666666666667,113991,2,14,4716268.25678644,9.856164383561644,7.0
C-000150057,S-0030,-53.48666391222513,1,1,女性,34,12,12,0.9166666666666666,5583,1,22,4426478.045479023,9.236986301369862,5.5
C-002614117,S-0018,-9.665276859304182,0,1,女性,51,1,12,0.5833333333333334,16548,1,16,4493108.581950108,7.550684931506849,5.0
C-001448399,S-0102,-25.230925241147695,0,1,女性,58,6,12,0.0833333333333333,4094,1,16,4383474.364435211,10.484931506849314,7.5
C-000995611,S-0004,-100.0,1,1,女性,44,8,12,0.25,0,0,22,4423576.351309,11.806849315068494,9.0
C-001994743,S-0085,-7.515089922626604,0,1,男性,58,4,12,0.25,0,0,15,4606655.398026554,4.928767123287671,2.0
C-000985996,S-0012,-100.0,1,1,女性,32,8,12,0.8333333333333334,0,0,16,4444678.825084195,7.994520547945205,5.0
C-002360142,S-0121,-100.0,1,1,女性,56,2,12,0.5,9155,1,14,4716268.25678644,9.856164383561644,7.0
C-000896271,S-0072,-27.60357786491715,0,1,女性,43,9,12,0.25,0,0,12,4406797.312641796,9.01917808219178,6.0
C-001384834,S-0102,-48.441604481949,0,1,男性,69,6,12,0.3333333333333333,2564,1,16,4383474.364435211,10.484931506849314,7.5
C-002588816,S-0062,-100.0,1,1,女性,32,1,12,0.4166666666666667,0,0,15,4713869.782113416,4.575342465753424,1.0
C-002492216,S-0041,-100.0,1,1,男性,53,1,12,0.0833333333333333,0,0,17,4828489.286769263,10.389041095890411,7.0
C-002261165,S-0030,-35.11621174910589,0,1,女性,43,2,12,0.25,0,0,22,4426478.045479023,9.236986301369862,5.5
C-002564292,S-0089,-24.765247897383084,0,1,女性,32,1,12,0.0833333333333333,0,0,19,4721110.949352573,10.142465753424657,7.0
C-002117380,S-0121,-14.66390963283535,0,1,男性,51,3,12,0.3333333333333333,116234,1,14,4716268.25678644,9.856164383561644,7.0
C-002382943,S-0074,-100.0,1,1,女性,31,2,12,0.3333333333333333,0,0,14,4614054.39694187,8.308219178082192,6.0
C-001653405,S-0121,-22.71062572043657,0,1,男性,50,5,12,0.0833333333333333,0,0,14,4716268.25678644,9.856164383561644,7.0
C-002108044,S-0056,-100.0,1,1,女性,43,3,12,0.25,2844,2,15,4406070.585753419,7.528767123287671,4.0
C-001756672,S-0012,-100.0,1,1,女性,57,5,12,0.1666666666666666,0,0,16,4444678.825084195,7.994520547945205,5.0
C-002115879,S-0089,-16.562719033838604,0,1,男性,48,3,12,0.0833333333333333,2063,2,19,4721110.949352573,10.142465753424657,7.0
C-000326864,S-0040,-25.837752025983956,0,1,女性,27,11,12,0.5,13612,1,20,4550116.0180538,8.163013698630138,4.0
C-002581724,S-0050,-38.02636085916461,0,1,女性,58,1,12,0.25,70863,1,20,4615411.181286601,9.2013698630137,6.0
C-001577031,S-0097,-100.0,1,1,女性,56,5,12,0.0833333333333333,0,0,21,4592508.716501317,10.09041095890411,7.0
C-001718634,S-0030,-100.0,1,1,女性,53,5,12,0.1666666666666666,0,0,22,4426478.045479023,9.236986301369862,5.5
C-002470899,S-0080,-100.0,1,1,女性,61,2,12,0.0,44087,1,17,4457429.264950683,11.673972602739726,9.0
C-002536508,S-0079,-28.385929768436156,0,1,男性,51,1,12,0.0833333333333333,3878,2,13,4256656.371085242,8.479452054794521,6.0
C-000394283,S-0050,-100.0,1,1,女性,22,11,12,0.1666666666666666,0,0,20,4615411.181286601,9.2013698630137,6.0
C-002569819,S-0004,-29.839852178149577,0,1,男性,61,1,12,0.1666666666666666,10152,2,22,4423576.351309,11.806849315068494,9.0
C-001604699,S-0020,-33.25831451447341,0,1,女性,61,5,12,0.3333333333333333,8019,1,16,4280702.057267675,6.986301369863014,3.5
C-002122755,S-0039,-22.499016921306353,0,1,男性,56,3,12,0.4166666666666667,1426,2,16,4591288.568998441,8.193150684931506,5.0
C-002346019,S-0126,-26.307685441399624,0,1,女性,42,2,12,0.25,0,0,17,4493168.352495564,5.53972602739726,3.0
C-001899362,S-0036,-6.640973726313808,0,1,男性,47,4,12,0.5,4813,2,19,4397834.424680548,11.123287671232877,9.0
C-002436094,S-0048,-100.0,1,1,女性,75,2,12,0.0833333333333333,0,0,15,4502249.082895545,3.671232876712329,1.0
C-002197626,S-0111,-63.23655177015036,1,1,女性,41,3,12,0.3333333333333333,35341,1,19,4489501.980758176,6.397260273972603,4.0
C-000907308,S-0096,-51.60699946815722,1,1,女性,50,8,12,0.25,62839,1,16,4644856.458098179,8.302739726027397,5.0
C-002170388,S-0050,-45.25462860187364,0,1,女性,59,3,12,0.1666666666666666,0,0,20,4615411.181286601,9.2013698630137,6.0
C-002423520,S-0002,-23.766483725042757,0,1,女性,48,2,12,0.3333333333333333,2628,1,15,4455566.655169959,5.663013698630137,2.0
C-000699948,S-0080,-100.0,1,1,女性,58,9,12,0.25,0,0,17,4457429.264950683,11.673972602739726,9.0
C-002535113,S-0102,-100.0,1,1,女性,51,1,12,0.0833333333333333,40145,2,16,4383474.364435211,10.484931506849314,7.5
C-002429573,S-0036,-100.0,1,1,女性,60,2,12,0.0,0,0,19,4397834.424680548,11.123287671232877,9.0
C-000532504,S-0100,-100.0,1,1,女性,28,10,12,0.25,0,0,17,4535925.154217558,4.720547945205479,2.0
C-000300039,S-0056,-55.490280020012484,1,1,女性,45,11,12,0.0,41426,1,15,4406070.585753419,7.528767123287671,4.0
C-000895520,S-0041,-73.62671408173712,1,1,男性,49,9,12,0.0833333333333333,6108,1,17,4828489.286769263,10.389041095890411,7.0
C-002433423,S-0002,-54.40230671488613,1,1,女性,55,2,12,0.25,4469,1,15,4455566.655169959,5.663013698630137,2.0
C-001692888,S-0102,-27.30711886583594,0,1,女性,53,5,12,0.4166666666666667,28949,1,16,4383474.364435211,10.484931506849314,7.5
C-000716979,S-0004,-40.66693445936899,0,1,女性,20,9,12,0.4166666666666667,168957,1,22,4423576.351309,11.806849315068494,9.0
C-002458405,S-0117,-45.94177879103356,0,1,男性,44,2,12,0.25,10485,1,20,4500859.737076383,9.593150684931507,7.0
C-000910080,S-0113,-100.0,1,1,男性,39,8,12,0.5,0,0,16,4336633.961311346,5.77945205479452,2.5
C-000386026,S-0014,-39.10500487622684,0,1,女性,50,11,12,0.1666666666666666,24744,2,21,4730192.353344672,7.336986301369863,4.0
C-000972752,S-0063,-39.31823848202921,0,1,女性,63,8,12,0.0833333333333333,35530,1,18,4564012.176421695,5.749315068493151,3.0
C-001110184,S-0004,-28.881481000003095,0,1,女性,41,8,12,0.5,3020,1,22,4423576.351309,11.806849315068494,9.0
C-000165248,S-0050,-12.550464793689573,0,1,男性,51,12,12,0.3333333333333333,0,0,20,4615411.181286601,9.2013698630137,6.0
C-001355679,S-0020,-68.657420823846,1,1,女性,45,6,12,0.0833333333333333,0,0,16,4280702.057267675,6.986301369863014,3.5
C-001909369,S-0008,-100.0,1,1,女性,37,4,12,0.1666666666666666,0,0,22,4498453.308937302,10.772602739726027,7.0
C-002488238,S-0072,-22.770752752157097,0,1,女性,66,1,12,0.3333333333333333,35467,2,12,4406797.312641796,9.01917808219178,6.0
C-002645342,S-0126,-25.478880108484038,0,1,女性,45,1,12,0.0,0,0,17,4493168.352495564,5.53972602739726,3.0
C-000864435,S-0075,-35.346250378429055,0,1,女性,68,9,12,0.6666666666666666,0,0,19,4506647.2743158825,4.526027397260274,1.0
C-001409556,S-0036,-100.0,1,1,男性,57,6,12,0.25,0,0,19,4397834.424680548,11.123287671232877,9.0
C-002285297,S-0002,-100.0,1,1,女性,19,2,12,0.1666666666666666,0,0,15,4455566.655169959,5.663013698630137,2.0
C-000975923,S-0059,-100.0,1,1,男性,48,8,12,0.3333333333333333,0,0,14,4713188.969095345,6.8123287671232875,3.0
C-000211903,S-0099,-100.0,1,1,男性,46,12,12,0.5833333333333334,0,0,13,4464126.154078853,8.147945205479452,5.0
C-001818550,S-0036,-20.82042160326288,0,1,女性,62,4,12,0.0833333333333333,2512,1,19,4397834.424680548,11.123287671232877,9.0
C-000599526,S-0004,-11.973121419957792,0,1,男性,62,10,12,0.1666666666666666,883,1,22,4423576.351309,11.806849315068494,9.0
C-001142987,S-0048,-79.51283664017382,1,1,男性,43,7,12,0.1666666666666666,0,0,15,4502249.082895545,3.671232876712329,1.0
C-000970172,S-0018,-100.0,1,1,男性,47,8,12,0.25,0,0,16,4493108.581950108,7.550684931506849,5.0
C-000682545,S-0020,-13.72905616079981,0,1,女性,71,9,12,0.4166666666666667,104840,2,16,4280702.057267675,6.986301369863014,3.5
C-002260790,S-0036,-44.46213886581894,0,1,男性,50,2,12,0.1666666666666666,0,0,19,4397834.424680548,11.123287671232877,9.0
C-002659527,S-0012,-72.13525590146104,1,1,女性,47,1,12,0.0,19609,1,16,4444678.825084195,7.994520547945205,5.0
C-000607625,S-0096,-100.0,1,1,女性,57,10,12,0.25,0,0,16,4644856.458098179,8.302739726027397,5.0
C-002027370,S-0008,-100.0,1,1,女性,20,3,12,0.1666666666666666,0,0,22,4498453.308937302,10.772602739726027,7.0
C-001657776,S-0008,-73.29763251487307,1,1,男性,47,5,12,0.1666666666666666,25531,2,22,4498453.308937302,10.772602739726027,7.0
C-001121637,S-0008,-100.0,1,1,女性,58,8,12,0.4166666666666667,37550,1,22,4498453.308937302,10.772602739726027,7.0
C-000587901,S-0113,-53.80546549750801,1,1,女性,44,10,12,0.4166666666666667,1294,1,16,4336633.961311346,5.77945205479452,2.5
C-000228542,S-0041,-66.29326087924814,1,1,女性,59,11,12,0.1666666666666666,0,0,17,4828489.286769263,10.389041095890411,7.0
C-000665778,S-0041,-72.58962445702974,1,1,女性,93,10,12,0.0833333333333333,2825,2,17,4828489.286769263,10.389041095890411,7.0
C-002416954,S-0113,-33.39531798498953,0,1,女性,42,2,12,0.75,0,0,16,4336633.961311346,5.77945205479452,2.5
C-002421335,S-0075,-18.58163589259188,0,1,女性,48,2,12,0.1666666666666666,0,0,19,4506647.2743158825,4.526027397260274,1.0
C-001151765,S-0056,-69.91235711834429,1,1,女性,38,7,12,0.0833333333333333,0,0,15,4406070.585753419,7.528767123287671,4.0
C-001274553,S-0017,-100.0,1,1,女性,68,7,12,0.0,10182,2,20,4640207.03550726,5.608219178082192,2.5
C-001642047,S-0062,-38.88403268102456,0,1,男性,75,5,12,0.25,1554,2,15,4713869.782113416,4.575342465753424,1.0
C-001407644,S-0072,-41.28293146206909,0,1,男性,58,6,12,0.25,0,0,12,4406797.312641796,9.01917808219178,6.0
C-001434814,S-0117,-100.0,1,1,男性,32,6,12,0.25,29049,1,20,4500859.737076383,9.593150684931507,7.0
C-001249514,S-0117,-26.563866945046215,0,1,男性,35,7,12,0.4166666666666667,3779,1,20,4500859.737076383,9.593150684931507,7.0
C-000699204,S-0082,-26.906516280409992,0,1,男性,57,9,12,0.3333333333333333,24398,1,17,4607261.71451126,4.758904109589041,2.0
C-000833757,S-0014,-48.473029152234695,0,1,女性,55,9,12,0.1666666666666666,2031,2,21,4730192.353344672,7.336986301369863,4.0
C-000884600,S-0115,-100.0,1,1,男性,46,9,12,0.0833333333333333,0,0,14,4553643.099564746,10.51095890410959,7.0
C-000632845,S-0017,-27.14272549824494,0,1,女性,31,10,12,0.25,0,0,20,4640207.03550726,5.608219178082192,2.5
C-002649106,S-0097,-75.58209902293143,1,1,女性,48,1,12,0.4166666666666667,35078,2,21,4592508.716501317,10.09041095890411,7.0
C-002581410,S-0097,-87.21732413499188,1,1,女性,39,1,12,0.3333333333333333,34786,2,21,4592508.716501317,10.09041095890411,7.0
C-001466016,S-0005,-26.843575600049263,0,1,男性,41,6,12,0.3333333333333333,0,0,21,4733942.970761149,4.69041095890411,2.0
C-002455667,S-0121,-56.74379465576344,1,1,男性,45,2,12,0.25,0,0,14,4716268.25678644,9.856164383561644,7.0
C-002380222,S-0014,-49.005281034743916,1,1,女性,58,2,12,0.0833333333333333,4829,1,21,4730192.353344672,7.336986301369863,4.0
C-002326868,S-0072,-100.0,1,1,女性,49,2,12,0.0833333333333333,0,0,12,4406797.312641796,9.01917808219178,6.0
C-002211140,S-0036,-27.157751967741113,0,1,女性,79,3,12,0.3333333333333333,4231,2,19,4397834.424680548,11.123287671232877,9.0
C-002622090,S-0050,-32.81578976997647,0,1,男性,61,1,12,0.1666666666666666,3369,1,20,4615411.181286601,9.2013698630137,6.0
C-000062776,S-0004,-40.97151732085753,0,1,男性,59,12,12,0.1666666666666666,0,0,22,4423576.351309,11.806849315068494,9.0
C-001105305,S-0080,-96.90874343048256,1,1,男性,50,8,12,0.3333333333333333,0,0,17,4457429.264950683,11.673972602739726,9.0
C-000042149,S-0115,-59.499241335090936,1,1,女性,64,12,12,0.3333333333333333,101114,1,14,4553643.099564746,10.51095890410959,7.0
C-002692709,S-0126,-100.0,1,1,女性,46,1,12,0.1666666666666666,3826,1,17,4493168.352495564,5.53972602739726,3.0
C-002328061,S-0100,-100.0,1,1,女性,42,2,12,0.0833333333333333,14138,1,17,4535925.154217558,4.720547945205479,2.0
C-002486997,S-0048,-66.48639084662794,1,1,男性,21,1,12,0.1666666666666666,32716,2,15,4502249.082895545,3.671232876712329,1.0
C-002233184,S-0080,-100.0,1,1,女性,49,3,12,0.25,182727,1,17,4457429.264950683,11.673972602739726,9.0
C-001924673,S-0063,-4.701820369808004,0,1,女性,46,4,12,0.4166666666666667,22176,1,18,4564012.176421695,5.749315068493151,3.0
C-002405150,S-0040,-52.78828103690789,1,1,女性,24,2,12,0.6666666666666666,13356,1,20,4550116.0180538,8.163013698630138,4.0
C-000967728,S-0089,-100.0,1,1,女性,45,8,12,0.0833333333333333,0,0,19,4721110.949352573,10.142465753424657,7.0
C-001250450,S-0054,-84.85179700538279,1,1,女性,66,7,12,0.3333333333333333,4659,1,23,4489160.181517739,6.358904109589041,4.0
C-001454559,S-0115,-58.92228527687081,1,1,男性,52,6,12,0.0833333333333333,37384,2,14,4553643.099564746,10.51095890410959,7.0
C-001647464,S-0096,-35.21798756951656,0,1,女性,45,5,12,0.0833333333333333,45454,1,16,4644856.458098179,8.302739726027397,5.0
C-000208077,S-0018,-22.459678874876023,0,1,女性,62,12,12,0.1666666666666666,4370,2,16,4493108.581950108,7.550684931506849,5.0
C-000616168,S-0121,-59.86356356158424,1,1,女性,48,10,12,0.0833333333333333,0,0,14,4716268.25678644,9.856164383561644,7.0
C-000523624,S-0007,-100.0,1,1,男性,54,10,12,0.1666666666666666,0,0,21,4487075.727367008,3.7260273972602738,1.0
C-000283364,S-0039,-100.0,1,1,男性,41,11,12,0.5,1730,1,16,4591288.568998441,8.193150684931506,5.0
C-001484481,S-0056,-22.477328962663574,0,1,女性,44,6,12,0.6666666666666666,5966,2,15,4406070.585753419,7.528767123287671,4.0
C-001328332,S-0020,-100.0,1,1,女性,31,7,12,0.5833333333333334,7761,1,16,4280702.057267675,6.986301369863014,3.5
C-002628297,S-0100,-18.872590529339515,0,1,女性,33,1,12,0.1666666666666666,17771,1,17,4535925.154217558,4.720547945205479,2.0
C-001136410,S-0018,-40.809555825044455,0,1,女性,46,7,12,0.4166666666666667,52199,1,16,4493108.581950108,7.550684931506849,5.0
C-001909605,S-0126,-47.64409330744569,0,1,男性,68,4,12,0.0833333333333333,5304,1,17,4493168.352495564,5.53972602739726,3.0
C-002194068,S-0012,-36.263965804476186,0,1,女性,38,3,12,0.25,72907,2,16,4444678.825084195,7.994520547945205,5.0
C-001497634,S-0113,-95.8630760570734,1,1,男性,43,6,12,0.1666666666666666,2387,2,16,4336633.961311346,5.77945205479452,2.5
C-002149998,S-0048,-76.83761787882702,1,1,男性,38,3,12,0.4166666666666667,0,0,15,4502249.082895545,3.671232876712329,1.0
C-001655294,S-0096,-100.0,1,1,女性,45,5,12,0.1666666666666666,0,0,16,4644856.458098179,8.302739726027397,5.0
C-001185432,S-0072,-100.0,1,1,男性,34,7,12,0.1666666666666666,0,0,12,4406797.312641796,9.01917808219178,6.0
C-000131208,S-0079,-75.04589883673394,1,1,男性,48,12,12,0.0833333333333333,0,0,13,4256656.371085242,8.479452054794521,6.0
C-001276817,S-0099,-40.39970866539132,0,1,男性,41,7,12,0.1666666666666666,0,0,13,4464126.154078853,8.147945205479452,5.0
C-000668151,S-0102,-33.94554122037327,0,1,女性,29,10,12,0.3333333333333333,-4998,1,16,4383474.364435211,10.484931506849314,7.5
C-001622459,S-0040,-28.098942016283367,0,1,男性,48,5,12,0.3333333333333333,0,0,20,4550116.0180538,8.163013698630138,4.0
C-001761031,S-0059,-14.677523350269942,0,1,女性,66,5,12,0.3333333333333333,1498,2,14,4713188.969095345,6.8123287671232875,3.0
C-002521578,S-0004,-100.0,1,1,女性,33,1,12,0.5833333333333334,5507,1,22,4423576.351309,11.806849315068494,9.0
C-002438290,S-0039,-31.81160977706571,0,1,女性,42,2,12,0.3333333333333333,0,0,16,4591288.568998441,8.193150684931506,5.0
C-001938001,S-0048,-30.569905673179182,0,1,女性,47,4,12,0.3333333333333333,2320,1,15,4502249.082895545,3.671232876712329,1.0
C-002531219,S-0017,-45.07457028155951,0,1,女性,52,1,12,0.0833333333333333,133,2,20,4640207.03550726,5.608219178082192,2.5
C-001061831,S-0050,-34.69630671218134,0,1,女性,59,8,12,0.0,10637,2,20,4615411.181286601,9.2013698630137,6.0
C-000060010,S-0004,-55.18485657642819,1,1,女性,48,12,12,0.1666666666666666,9332,2,22,4423576.351309,11.806849315068494,9.0
C-001956903,S-0041,-59.5623830116827,1,1,男性,53,4,12,0.4166666666666667,8194,1,17,4828489.286769263,10.389041095890411,7.0
C-001988735,S-0099,-100.0,1,1,男性,34,4,12,0.4166666666666667,1593,2,13,4464126.154078853,8.147945205479452,5.0
C-000068269,S-0115,-27.83172328865147,0,1,女性,43,12,12,0.4166666666666667,0,0,14,4553643.099564746,10.51095890410959,7.0
C-000542958,S-0020,-31.06845154581318,0,1,女性,60,10,12,0.4166666666666667,0,0,16,4280702.057267675,6.986301369863014,3.5
C-001092230,S-0075,-28.86318435963826,0,1,女性,34,8,12,0.3333333333333333,0,0,19,4506647.2743158825,4.526027397260274,1.0
C-000978777,S-0089,-75.81105127786714,1,1,男性,59,8,12,0.6666666666666666,2641,1,19,4721110.949352573,10.142465753424657,7.0
C-001463012,S-0117,-16.019567748095763,0,1,女性,41,6,12,0.0833333333333333,19783,1,20,4500859.737076383,9.593150684931507,7.0
C-001987068,S-0063,-48.78525329325436,0,1,男性,24,4,12,0.0,20946,1,18,4564012.176421695,5.749315068493151,3.0
C-001539686,S-0056,-66.62548417256579,1,1,女性,38,6,12,0.1666666666666666,0,0,15,4406070.585753419,7.528767123287671,4.0
C-000297570,S-0012,-100.0,1,1,女性,48,11,12,0.25,9429,1,16,4444678.825084195,7.994520547945205,5.0
C-000660644,S-0017,-3.768214916693777,0,1,女性,32,10,12,0.25,0,0,20,4640207.03550726,5.608219178082192,2.5
C-001139991,S-0054,-49.520400343563075,1,1,女性,58,7,12,0.4166666666666667,60354,1,23,4489160.181517739,6.358904109589041,4.0
C-002268372,S-0039,-44.8531725528435,0,1,男性,30,2,12,0.5833333333333334,0,0,16,4591288.568998441,8.193150684931506,5.0
C-000239374,S-0111,-33.97074796298531,0,1,女性,56,11,12,0.8333333333333334,0,0,19,4489501.980758176,6.397260273972603,4.0
C-000602860,S-0008,-42.24692763166809,0,1,男性,47,10,12,0.4166666666666667,20654,2,22,4498453.308937302,10.772602739726027,7.0
C-002368031,S-0121,-77.59533478387259,1,1,女性,53,2,12,0.5,12206,1,14,4716268.25678644,9.856164383561644,7.0
C-001785407,S-0115,-100.0,1,1,男性,70,5,12,0.1666666666666666,0,0,14,4553643.099564746,10.51095890410959,7.0
C-000877146,S-0008,-34.889285868163846,0,1,女性,21,9,12,0.5,43826,1,22,4498453.308937302,10.772602739726027,7.0
C-000293944,S-0115,-43.528808246394185,0,1,男性,57,11,12,0.25,3849,2,14,4553643.099564746,10.51095890410959,7.0
C-000591551,S-0115,-100.0,1,1,男性,70,10,12,0.0,0,0,14,4553643.099564746,10.51095890410959,7.0
C-001276978,S-0054,-23.680133006530347,0,1,男性,27,7,12,0.3333333333333333,5696,2,23,4489160.181517739,6.358904109589041,4.0
C-001934229,S-0014,-86.45321695229696,1,1,女性,57,4,12,0.3333333333333333,21382,2,21,4730192.353344672,7.336986301369863,4.0
C-000235164,S-0089,-28.907244387282503,0,1,女性,67,11,12,0.25,-3,1,19,4721110.949352573,10.142465753424657,7.0
C-000050655,S-0004,-39.3057142454121,0,1,女性,59,12,12,0.25,26919,1,22,4423576.351309,11.806849315068494,9.0
C-002661258,S-0102,-100.0,1,1,女性,43,1,12,0.0,0,0,16,4383474.364435211,10.484931506849314,7.5
C-001353555,S-0054,-69.01696556791237,1,1,女性,57,6,12,0.3333333333333333,10949,1,23,4489160.181517739,6.358904109589041,4.0
C-000639642,S-0007,-100.0,1,1,女性,57,10,12,0.4166666666666667,869,1,21,4487075.727367008,3.7260273972602738,1.0
C-000457757,S-0121,-55.68930352664263,1,1,女性,33,10,12,0.25,41201,1,14,4716268.25678644,9.856164383561644,7.0
C-000434160,S-0054,-26.44062309070116,0,1,女性,50,11,12,0.3333333333333333,47041,2,23,4489160.181517739,6.358904109589041,4.0
C-000752456,S-0074,-34.73694833771167,0,1,男性,33,9,12,0.1666666666666666,15121,2,14,4614054.39694187,8.308219178082192,6.0
C-001628673,S-0014,-60.07923169267707,1,1,女性,49,5,12,0.0833333333333333,2597,1,21,4730192.353344672,7.336986301369863,4.0
C-001448428,S-0117,-100.0,1,1,女性,37,6,12,0.1666666666666666,20710,1,20,4500859.737076383,9.593150684931507,7.0
C-000390448,S-0018,-100.0,1,1,男性,33,11,12,0.4166666666666667,17694,1,16,4493108.581950108,7.550684931506849,5.0
C-000714697,S-0117,-34.04168142248869,0,1,男性,68,9,12,0.4166666666666667,14806,1,20,4500859.737076383,9.593150684931507,7.0
C-001289688,S-0039,-28.34582257098241,0,1,男性,72,7,12,0.0833333333333333,1005,1,16,4591288.568998441,8.193150684931506,5.0
C-000062159,S-0097,-49.528560597506086,1,1,女性,55,12,12,0.5,16034,2,21,4592508.716501317,10.09041095890411,7.0
C-001003210,S-0113,-22.43316589690861,0,1,男性,45,8,12,0.25,0,0,16,4336633.961311346,5.77945205479452,2.5
C-001157669,S-0056,-47.943683118183024,0,1,女性,54,7,12,0.25,2521,2,15,4406070.585753419,7.528767123287671,4.0
C-002393507,S-0018,-48.2336716413773,0,1,女性,50,2,12,0.4166666666666667,14743,2,16,4493108.581950108,7.550684931506849,5.0
C-002280411,S-0074,-36.160090726193985,0,1,女性,49,2,12,0.0833333333333333,135798,2,14,4614054.39694187,8.308219178082192,6.0
C-001511650,S-0030,-100.0,1,1,男性,47,6,12,0.1666666666666666,0,0,22,4426478.045479023,9.236986301369862,5.5
C-002246182,S-0056,-44.30221120760569,0,1,女性,61,3,12,0.1666666666666666,45313,1,15,4406070.585753419,7.528767123287671,4.0
C-002397600,S-0097,-50.66448193341495,1,1,女性,70,2,12,0.3333333333333333,91850,1,21,4592508.716501317,10.09041095890411,7.0
C-001139904,S-0036,-100.0,1,1,男性,43,7,12,0.1666666666666666,0,0,19,4397834.424680548,11.123287671232877,9.0
C-001940850,S-0121,-100.0,1,1,女性,42,4,12,0.25,18991,1,14,4716268.25678644,9.856164383561644,7.0
C-000344452,S-0008,-100.0,1,1,男性,38,11,12,0.25,0,0,22,4498453.308937302,10.772602739726027,7.0
C-001909772,S-0020,-75.91903825700197,1,1,男性,45,4,12,0.0833333333333333,0,0,16,4280702.057267675,6.986301369863014,3.5
C-001153658,S-0099,-100.0,1,1,男性,80,7,12,0.25,0,0,13,4464126.154078853,8.147945205479452,5.0
C-002434372,S-0097,-100.0,1,1,女性,38,2,12,0.0833333333333333,0,0,21,4592508.716501317,10.09041095890411,7.0
C-000114913,S-0131,-25.997402794953196,0,1,男性,59,12,12,0.1666666666666666,37082,2,17,4569023.5643747775,5.13972602739726,2.0
C-001721464,S-0039,-44.68686891867083,0,1,男性,59,5,12,0.75,0,0,16,4591288.568998441,8.193150684931506,5.0
C-000409682,S-0099,-49.674303745369734,1,1,女性,50,11,12,0.0833333333333333,0,0,13,4464126.154078853,8.147945205479452,5.0
C-002097708,S-0004,-38.090779489051286,0,1,男性,50,3,12,0.3333333333333333,2347,1,22,4423576.351309,11.806849315068494,9.0
C-000336612,S-0007,-35.05061378195576,0,1,男性,22,11,12,0.5,0,0,21,4487075.727367008,3.7260273972602738,1.0
C-002328961,S-0019,-16.657041754033745,0,1,男性,44,2,12,0.5833333333333334,0,0,19,4327199.920883598,4.090410958904109,1.0
C-002331099,S-0089,-27.80576280634854,0,1,男性,56,2,12,0.5,30993,1,19,4721110.949352573,10.142465753424657,7.0
C-000993081,S-0115,-93.7955618356402,1,1,女性,49,8,12,0.0833333333333333,4447,2,14,4553643.099564746,10.51095890410959,7.0
C-001412408,S-0080,-63.84938450398262,1,1,男性,29,6,12,0.1666666666666666,0,0,17,4457429.264950683,11.673972602739726,9.0
C-002681737,S-0056,-100.0,1,1,女性,60,1,12,0.0833333333333333,0,0,15,4406070.585753419,7.528767123287671,4.0
C-000707532,S-0012,-100.0,1,1,女性,37,9,12,0.0833333333333333,0,0,16,4444678.825084195,7.994520547945205,5.0
C-002458876,S-0040,-100.0,1,1,女性,40,2,12,0.25,29374,1,20,4550116.0180538,8.163013698630138,4.0
C-002215149,S-0089,-31.069906569473076,0,1,女性,58,3,12,0.0833333333333333,0,0,19,4721110.949352573,10.142465753424657,7.0
C-001729328,S-0040,-61.454214653926876,1,1,男性,78,5,12,0.1666666666666666,6771,1,20,4550116.0180538,8.163013698630138,4.0
C-000062920,S-0056,-9.733369905511365,0,1,女性,48,12,12,0.1666666666666666,0,0,15,4406070.585753419,7.528767123287671,4.0
C-001309583,S-0018,-85.19497104608406,1,1,男性,47,7,12,0.25,0,0,16,4493108.581950108,7.550684931506849,5.0
C-001567532,S-0059,-43.606418105222595,0,1,女性,48,6,12,0.1666666666666666,3354,2,14,4713188.969095345,6.8123287671232875,3.0
C-000647326,S-0012,-100.0,1,1,女性,47,10,12,0.0833333333333333,19051,1,16,4444678.825084195,7.994520547945205,5.0
C-001936323,S-0115,-100.0,1,1,女性,41,4,12,0.25,3669,1,14,4553643.099564746,10.51095890410959,7.0
C-002225676,S-0002,-47.987596201738455,0,1,女性,48,3,12,0.1666666666666666,15798,1,15,4455566.655169959,5.663013698630137,2.0
C-002244444,S-0007,-30.480478742490714,0,1,女性,46,3,12,0.1666666666666666,0,0,21,4487075.727367008,3.7260273972602738,1.0
C-002690468,S-0014,-63.158643804861036,1,1,男性,56,1,12,0.0833333333333333,0,0,21,4730192.353344672,7.336986301369863,4.0
C-001677104,S-0048,-100.0,1,1,女性,49,5,12,0.0833333333333333,14544,2,15,4502249.082895545,3.671232876712329,1.0
C-000740914,S-0080,-56.42998082872729,1,1,女性,27,9,12,0.25,0,0,17,4457429.264950683,11.673972602739726,9.0
C-000049462,S-0056,-27.48976576478881,0,1,女性,49,12,12,0.5,7309,1,15,4406070.585753419,7.528767123287671,4.0
C-000718178,S-0050,-29.39474006782616,0,1,女性,23,9,12,0.4166666666666667,0,0,20,4615411.181286601,9.2013698630137,6.0
C-002620992,S-0012,-24.404627248228103,0,1,男性,30,1,12,0.0833333333333333,6172,1,16,4444678.825084195,7.994520547945205,5.0
C-001846855,S-0054,-23.22650289565433,0,1,男性,41,4,12,0.25,105070,2,23,4489160.181517739,6.358904109589041,4.0
C-000965806,S-0072,-46.2871204033812,0,1,女性,52,8,12,0.3333333333333333,6739,1,12,4406797.312641796,9.01917808219178,6.0
C-001818451,S-0036,-100.0,1,1,女性,43,4,12,0.5,21604,1,19,4397834.424680548,11.123287671232877,9.0
C-000461540,S-0017,-43.20065802906295,0,1,女性,62,10,12,0.4166666666666667,0,0,20,4640207.03550726,5.608219178082192,2.5
C-002537559,S-0041,-43.68815801482865,0,1,男性,19,1,12,0.4166666666666667,12866,1,17,4828489.286769263,10.389041095890411,7.0
C-001661772,S-0131,-34.432214154126264,0,1,女性,59,5,12,0.1666666666666666,58053,1,17,4569023.5643747775,5.13972602739726,2.0
C-001949177,S-0089,-29.979365712403116,0,1,女性,61,4,12,0.3333333333333333,0,0,19,4721110.949352573,10.142465753424657,7.0
C-000727233,S-0121,-100.0,1,1,女性,42,9,12,0.1666666666666666,32006,1,14,4716268.25678644,9.856164383561644,7.0
C-001682212,S-0036,-100.0,1,1,男性,69,5,12,0.25,66815,1,19,4397834.424680548,11.123287671232877,9.0
C-002298313,S-0056,-54.98489061771655,1,1,女性,69,2,12,0.3333333333333333,32978,2,15,4406070.585753419,7.528767123287671,4.0
C-001407666,S-0080,-100.0,1,1,女性,67,6,12,0.5,0,0,17,4457429.264950683,11.673972602739726,9.0
C-001857081,S-0079,-100.0,1,1,女性,49,4,12,0.4166666666666667,25442,1,13,4256656.371085242,8.479452054794521,6.0
C-002320558,S-0096,-100.0,1,1,女性,66,2,12,0.3333333333333333,0,0,16,4644856.458098179,8.302739726027397,5.0
C-001780784,S-0002,-73.57026526142384,1,1,女性,80,5,12,0.5833333333333334,0,0,15,4455566.655169959,5.663013698630137,2.0
C-000884011,S-0012,-30.332396280621545,0,1,女性,55,9,12,0.1666666666666666,-18,1,16,4444678.825084195,7.994520547945205,5.0
C-000937811,S-0036,-47.993744114085835,0,1,男性,94,8,12,0.0833333333333333,71605,1,19,4397834.424680548,11.123287671232877,9.0
C-001551531,S-0004,-68.50268455940115,1,1,女性,41,6,12,0.4166666666666667,1974,1,22,4423576.351309,11.806849315068494,9.0
C-000603057,S-0080,-90.58805105316733,1,1,男性,60,10,12,0.1666666666666666,24510,2,17,4457429.264950683,11.673972602739726,9.0
C-001927840,S-0048,-81.94074368661762,1,1,女性,43,4,12,0.25,662,1,15,4502249.082895545,3.671232876712329,1.0
C-000786239,S-0008,-61.19051086285686,1,1,男性,51,9,12,0.5,0,0,22,4498453.308937302,10.772602739726027,7.0
C-002269216,S-0106,-100.0,1,1,女性,48,2,12,0.25,0,0,20,4462729.145118021,6.171232876712329,3.5
C-000350611,S-0018,-100.0,1,1,女性,42,11,12,0.0833333333333333,25429,2,16,4493108.581950108,7.550684931506849,5.0
C-001435611,S-0121,-52.63890021658556,1,1,女性,59,6,12,0.4166666666666667,4773,1,14,4716268.25678644,9.856164383561644,7.0
C-000908256,S-0117,-100.0,1,1,女性,55,8,12,0.0,0,0,20,4500859.737076383,9.593150684931507,7.0
C-000981769,S-0014,-100.0,1,1,男性,20,8,12,0.0,17584,1,21,4730192.353344672,7.336986301369863,4.0
C-000188268,S-0097,-100.0,1,1,女性,44,12,12,0.4166666666666667,0,0,21,4592508.716501317,10.09041095890411,7.0
C-002694445,S-0111,-56.51411752824227,1,1,男性,39,1,12,0.3333333333333333,0,0,19,4489501.980758176,6.397260273972603,4.0
C-000782318,S-0126,-100.0,1,1,女性,18,9,12,0.0,44956,1,17,4493168.352495564,5.53972602739726,3.0
C-000914636,S-0012,-30.388971650584278,0,1,女性,43,8,12,0.0833333333333333,0,0,16,4444678.825084195,7.994520547945205,5.0
C-000722751,S-0041,-17.908560558828395,0,1,女性,70,9,12,0.1666666666666666,0,0,17,4828489.286769263,10.389041095890411,7.0
C-001472560,S-0080,-93.03559474126511,1,1,女性,64,6,12,0.0,2642,1,17,4457429.264950683,11.673972602739726,9.0
C-001022473,S-0018,-22.374708277177376,0,1,男性,78,8,12,0.0833333333333333,5900,2,16,4493108.581950108,7.550684931506849,5.0
C-000374213,S-0121,-13.994749544214741,0,1,男性,59,11,12,0.3333333333333333,0,0,14,4716268.25678644,9.856164383561644,7.0
C-001698499,S-0121,7.176130085486665,0,1,女性,50,5,12,0.5833333333333334,0,0,14,4716268.25678644,9.856164383561644,7.0
C-000190167,S-0102,-53.75270664538625,1,1,男性,47,12,12,0.1666666666666666,0,0,16,4383474.364435211,10.484931506849314,7.5
C-002477865,S-0117,-80.39371263628777,1,1,女性,41,1,12,0.1666666666666666,2618,1,20,4500859.737076383,9.593150684931507,7.0
C-002624535,S-0063,-100.0,1,1,女性,51,1,12,0.3333333333333333,0,0,18,4564012.176421695,5.749315068493151,3.0
C-000345137,S-0036,-100.0,1,1,男性,46,11,12,0.1666666666666666,0,0,19,4397834.424680548,11.123287671232877,9.0
C-001089599,S-0054,-100.0,1,1,男性,28,8,12,0.3333333333333333,16064,2,23,4489160.181517739,6.358904109589041,4.0
C-001124229,S-0012,-26.258601387382424,0,1,女性,53,8,12,0.0833333333333333,7565,1,16,4444678.825084195,7.994520547945205,5.0
C-002084638,S-0012,-18.295903881655505,0,1,女性,33,3,12,0.1666666666666666,0,0,16,4444678.825084195,7.994520547945205,5.0
C-001372165,S-0100,-10.968039957271127,0,1,女性,53,6,12,0.0,21668,1,17,4535925.154217558,4.720547945205479,2.0
C-000850994,S-0072,-29.624003638063236,0,1,男性,49,9,12,0.25,16432,1,12,4406797.312641796,9.01917808219178,6.0
C-000425233,S-0115,-38.51501352467401,0,1,女性,38,11,12,0.5833333333333334,0,0,14,4553643.099564746,10.51095890410959,7.0
C-002475388,S-0020,-60.92425776877565,1,1,女性,33,1,12,0.5,0,0,16,4280702.057267675,6.986301369863014,3.5
C-001160943,S-0012,-100.0,1,1,女性,42,7,12,0.5833333333333334,16405,1,16,4444678.825084195,7.994520547945205,5.0
C-001799295,S-0054,-66.72760784723414,1,1,男性,57,5,12,0.6666666666666666,0,0,23,4489160.181517739,6.358904109589041,4.0
C-000792008,S-0012,-100.0,1,1,女性,65,9,12,0.0833333333333333,16700,1,16,4444678.825084195,7.994520547945205,5.0
C-001969030,S-0041,-100.0,1,1,男性,47,4,12,0.0,0,0,17,4828489.286769263,10.389041095890411,7.0
C-002384788,S-0106,-100.0,1,1,女性,49,2,12,0.4166666666666667,0,0,20,4462729.145118021,6.171232876712329,3.5
C-001160038,S-0072,-20.310820864677193,0,1,男性,68,7,12,0.1666666666666666,48463,2,12,4406797.312641796,9.01917808219178,6.0
C-002012506,S-0099,-100.0,1,1,女性,35,4,12,0.1666666666666666,0,0,13,4464126.154078853,8.147945205479452,5.0
C-000132292,S-0054,-100.0,1,1,男性,35,12,12,0.0,18609,2,23,4489160.181517739,6.358904109589041,4.0
C-000146292,S-0030,-100.0,1,1,女性,39,12,12,0.1666666666666666,11373,2,22,4426478.045479023,9.236986301369862,5.5
C-001866802,S-0096,-91.66186448554699,1,1,女性,38,4,12,0.4166666666666667,0,0,16,4644856.458098179,8.302739726027397,5.0
C-000766851,S-0099,-13.908161837653582,0,1,男性,46,9,12,0.75,774,1,13,4464126.154078853,8.147945205479452,5.0
C-000994139,S-0121,-41.892033360086536,0,1,男性,57,8,12,0.3333333333333333,0,0,14,4716268.25678644,9.856164383561644,7.0
C-002177683,S-0117,-100.0,1,1,男性,41,3,12,0.0833333333333333,0,0,20,4500859.737076383,9.593150684931507,7.0
C-001138963,S-0074,-100.0,1,1,女性,60,7,12,0.1666666666666666,17545,1,14,4614054.39694187,8.308219178082192,6.0
C-002336309,S-0054,-14.609975955041952,0,1,男性,42,2,12,0.3333333333333333,0,0,23,4489160.181517739,6.358904109589041,4.0
C-002152217,S-0096,-40.54700166444382,0,1,男性,49,3,12,0.25,25748,1,16,4644856.458098179,8.302739726027397,5.0
C-000183722,S-0074,-50.89365359975348,1,1,男性,45,12,12,0.25,0,0,14,4614054.39694187,8.308219178082192,6.0
C-000402611,S-0063,-20.969576200396524,0,1,男性,35,11,12,0.25,1585,2,18,4564012.176421695,5.749315068493151,3.0
C-000545592,S-0096,-100.0,1,1,女性,58,10,12,0.5833333333333334,1840,1,16,4644856.458098179,8.302739726027397,5.0
C-001129575,S-0115,-100.0,1,1,男性,39,7,12,0.0,124552,1,14,4553643.099564746,10.51095890410959,7.0
C-002122807,S-0036,-40.54067832902255,0,1,女性,57,3,12,0.0833333333333333,18214,2,19,4397834.424680548,11.123287671232877,9.0
C-001276710,S-0126,-100.0,1,1,女性,31,7,12,0.3333333333333333,0,0,17,4493168.352495564,5.53972602739726,3.0
C-000729217,S-0018,-17.338725906776865,0,1,女性,22,9,12,0.0833333333333333,0,0,16,4493108.581950108,7.550684931506849,5.0
C-000109731,S-0020,-100.0,1,1,男性,18,12,12,0.3333333333333333,0,0,16,4280702.057267675,6.986301369863014,3.5
C-000572927,S-0099,-32.05160877179225,0,1,男性,27,10,12,0.6666666666666666,18653,2,13,4464126.154078853,8.147945205479452,5.0
C-001286992,S-0020,-86.91071283426807,1,1,女性,80,7,12,0.0833333333333333,15087,1,16,4280702.057267675,6.986301369863014,3.5
C-000330084,S-0096,-80.67248996139294,1,1,男性,46,11,12,0.25,0,0,16,4644856.458098179,8.302739726027397,5.0
C-000469227,S-0056,-100.0,1,1,男性,47,10,12,0.1666666666666666,21291,1,15,4406070.585753419,7.528767123287671,4.0
C-000301958,S-0080,-37.48608827621096,0,1,女性,54,11,12,0.0833333333333333,12196,1,17,4457429.264950683,11.673972602739726,9.0
C-000441305,S-0111,-45.95372090100406,0,1,女性,32,11,12,0.4166666666666667,11087,2,19,4489501.980758176,6.397260273972603,4.0
C-001856881,S-0008,-30.69456517517154,0,1,女性,34,4,12,0.1666666666666666,0,0,22,4498453.308937302,10.772602739726027,7.0
C-001304949,S-0020,-100.0,1,1,女性,46,7,12,0.4166666666666667,0,0,16,4280702.057267675,6.986301369863014,3.5
C-002132560,S-0131,-17.424409527765444,0,1,女性,56,3,12,0.25,4559,2,17,4569023.5643747775,5.13972602739726,2.0
C-000528660,S-0121,-22.50470313131846,0,1,女性,57,10,12,0.0833333333333333,36756,1,14,4716268.25678644,9.856164383561644,7.0
C-001369666,S-0072,-57.29418276050391,1,1,女性,38,6,12,0.0833333333333333,8419,1,12,4406797.312641796,9.01917808219178,6.0
C-000832827,S-0080,-50.60357121955577,1,1,女性,44,9,12,0.0833333333333333,10395,1,17,4457429.264950683,11.673972602739726,9.0
C-002383418,S-0075,-67.08589203829342,1,1,男性,48,2,12,0.75,10905,1,19,4506647.2743158825,4.526027397260274,1.0
C-000542061,S-0097,-23.826408887096445,0,1,女性,61,10,12,0.5,0,0,21,4592508.716501317,10.09041095890411,7.0
C-000230321,S-0075,-100.0,1,1,女性,55,11,12,0.0833333333333333,12800,2,19,4506647.2743158825,4.526027397260274,1.0
C-000038668,S-0072,-25.37366836840086,0,1,女性,46,12,12,0.1666666666666666,13038,1,12,4406797.312641796,9.01917808219178,6.0
C-002404951,S-0097,-46.29428155240047,0,1,女性,46,2,12,0.25,12721,1,21,4592508.716501317,10.09041095890411,7.0
C-000875698,S-0089,-100.0,1,1,女性,56,9,12,0.1666666666666666,0,0,19,4721110.949352573,10.142465753424657,7.0
C-002321909,S-0097,-28.421695037436308,0,1,男性,48,2,12,0.4166666666666667,6734,1,21,4592508.716501317,10.09041095890411,7.0
C-000828238,S-0115,-100.0,1,1,男性,55,9,12,0.0833333333333333,0,0,14,4553643.099564746,10.51095890410959,7.0
C-001200311,S-0079,-65.16203554328047,1,1,男性,48,7,12,0.3333333333333333,13099,1,13,4256656.371085242,8.479452054794521,6.0
C-000478965,S-0008,-45.95539763429801,0,1,男性,48,10,12,0.25,0,0,22,4498453.308937302,10.772602739726027,7.0
C-001660381,S-0004,-17.48743008039607,0,1,女性,46,5,12,0.4166666666666667,2949,1,22,4423576.351309,11.806849315068494,9.0
C-001852589,S-0082,-58.11797221959747,1,1,男性,25,4,12,0.1666666666666666,0,0,17,4607261.71451126,4.758904109589041,2.0
C-001683221,S-0014,-100.0,1,1,男性,14,5,12,0.3333333333333333,91478,2,21,4730192.353344672,7.336986301369863,4.0
C-000801602,S-0079,-100.0,1,1,女性,47,9,12,0.3333333333333333,1597,1,13,4256656.371085242,8.479452054794521,6.0
C-000426940,S-0097,-70.44096932387312,1,1,女性,20,11,12,0.3333333333333333,0,0,21,4592508.716501317,10.09041095890411,7.0
C-001875960,S-0096,-34.221884514191494,0,1,女性,60,4,12,0.25,1526,1,16,4644856.458098179,8.302739726027397,5.0
C-001944965,S-0074,-100.0,1,1,女性,43,4,12,0.25,6288,1,14,4614054.39694187,8.308219178082192,6.0
C-000711814,S-0012,-33.739212513484354,0,1,男性,52,9,12,0.1666666666666666,15969,1,16,4444678.825084195,7.994520547945205,5.0
C-002555791,S-0054,-52.453836212438,1,1,男性,78,1,12,0.4166666666666667,5987,1,23,4489160.181517739,6.358904109589041,4.0
C-001800362,S-0017,-31.91975085373931,0,1,男性,42,4,12,0.5833333333333334,10605,1,20,4640207.03550726,5.608219178082192,2.5
C-000170565,S-0117,-100.0,1,1,男性,58,12,12,0.0833333333333333,0,0,20,4500859.737076383,9.593150684931507,7.0
C-001842715,S-0012,-92.27225996331163,1,1,女性,45,4,12,0.5833333333333334,26255,1,16,4444678.825084195,7.994520547945205,5.0
C-001791190,S-0036,-37.50187502299557,0,1,男性,65,5,12,0.25,10260,1,19,4397834.424680548,11.123287671232877,9.0
C-002265154,S-0117,-34.01441113135664,0,1,女性,63,2,12,0.25,4330,1,20,4500859.737076383,9.593150684931507,7.0
C-001014339,S-0018,-53.76284949410803,1,1,女性,56,8,12,0.0,0,0,16,4493108.581950108,7.550684931506849,5.0
C-001130042,S-0018,-15.381615376755938,0,1,男性,32,7,12,0.1666666666666666,23843,2,16,4493108.581950108,7.550684931506849,5.0
C-001313634,S-0131,-100.0,1,1,男性,54,7,12,0.4166666666666667,27826,2,17,4569023.5643747775,5.13972602739726,2.0
C-001995046,S-0097,-100.0,1,1,男性,43,4,12,0.3333333333333333,0,0,21,4592508.716501317,10.09041095890411,7.0
C-002465519,S-0054,-53.6379769299024,1,1,男性,48,2,12,0.6666666666666666,0,0,23,4489160.181517739,6.358904109589041,4.0
C-000826283,S-0007,-29.579728112729107,0,1,女性,50,9,12,0.25,0,0,21,4487075.727367008,3.7260273972602738,1.0
C-001631175,S-0039,-26.501244871480168,0,1,女性,49,5,12,0.1666666666666666,718,1,16,4591288.568998441,8.193150684931506,5.0
C-000899385,S-0096,-12.504179019334988,0,1,男性,64,9,12,0.0833333333333333,0,0,16,4644856.458098179,8.302739726027397,5.0
C-001447658,S-0007,-19.15417396461129,0,1,男性,50,6,12,0.1666666666666666,1764,1,21,4487075.727367008,3.7260273972602738,1.0
C-001474903,S-0014,-80.84653060815248,1,1,女性,47,6,12,0.25,15345,2,21,4730192.353344672,7.336986301369863,4.0
C-001276592,S-0102,-98.38829392429223,1,1,女性,63,7,12,0.1666666666666666,0,0,16,4383474.364435211,10.484931506849314,7.5
C-002481638,S-0074,-78.78434760479243,1,1,女性,50,1,12,0.1666666666666666,31019,2,14,4614054.39694187,8.308219178082192,6.0
C-002577743,S-0097,-76.70156718906303,1,1,女性,60,1,12,0.0833333333333333,2827,2,21,4592508.716501317,10.09041095890411,7.0
C-002143550,S-0056,-49.26291894779009,1,1,男性,47,3,12,0.0,3281,1,15,4406070.585753419,7.528767123287671,4.0
C-001096602,S-0020,-28.59524025071492,0,1,男性,57,8,12,0.3333333333333333,0,0,16,4280702.057267675,6.986301369863014,3.5
C-001379984,S-0080,-66.9926748570367,1,1,男性,38,6,12,0.0833333333333333,7276,2,17,4457429.264950683,11.673972602739726,9.0
C-001316083,S-0007,-42.212599397328674,0,1,女性,55,7,12,0.5,0,0,21,4487075.727367008,3.7260273972602738,1.0
C-000055597,S-0096,-100.0,1,1,女性,65,12,12,0.25,30913,2,16,4644856.458098179,8.302739726027397,5.0
C-001739681,S-0099,-68.38502859123203,1,1,男性,46,5,12,0.0,3059,2,13,4464126.154078853,8.147945205479452,5.0
C-001113564,S-0097,-62.50854332164345,1,1,女性,46,8,12,0.1666666666666666,17787,2,21,4592508.716501317,10.09041095890411,7.0
C-001085082,S-0050,-25.0491378258143,0,1,女性,44,8,12,0.0833333333333333,0,0,20,4615411.181286601,9.2013698630137,6.0
C-001568262,S-0113,-14.068348356620513,0,1,男性,58,6,12,0.4166666666666667,19947,1,16,4336633.961311346,5.77945205479452,2.5
C-002387079,S-0111,-50.21318985317818,1,1,女性,58,2,12,0.5,0,0,19,4489501.980758176,6.397260273972603,4.0
C-001004920,S-0089,-80.1890862031778,1,1,女性,69,8,12,0.5,0,0,19,4721110.949352573,10.142465753424657,7.0
C-001282246,S-0121,-100.0,1,1,男性,41,7,12,0.4166666666666667,1704,2,14,4716268.25678644,9.856164383561644,7.0
C-001937742,S-0014,-92.4027358393368,1,1,男性,52,4,12,0.0,0,0,21,4730192.353344672,7.336986301369863,4.0
C-000437586,S-0002,-51.300523341555404,1,1,女性,56,11,12,0.1666666666666666,0,0,15,4455566.655169959,5.663013698630137,2.0
C-000932545,S-0012,-21.710904940355633,0,1,女性,36,8,12,0.0,51536,1,16,4444678.825084195,7.994520547945205,5.0
C-002003261,S-0036,-24.555804997608384,0,1,女性,70,4,12,0.1666666666666666,14830,1,19,4397834.424680548,11.123287671232877,9.0
C-002261979,S-0012,-100.0,1,1,男性,60,2,12,0.25,0,0,16,4444678.825084195,7.994520547945205,5.0
C-001688562,S-0074,-23.327737256895027,0,1,女性,55,5,12,0.0,1307,2,14,4614054.39694187,8.308219178082192,6.0
C-001238828,S-0079,-100.0,1,1,女性,47,7,12,0.5,6953,1,13,4256656.371085242,8.479452054794521,6.0
C-000926094,S-0002,-40.96401365904912,0,1,男性,38,8,12,0.0833333333333333,36444,1,15,4455566.655169959,5.663013698630137,2.0
C-000127793,S-0074,-58.56333319743976,1,1,女性,57,12,12,0.0833333333333333,3059,2,14,4614054.39694187,8.308219178082192,6.0
C-000190141,S-0004,-32.86195194098029,0,1,男性,30,12,12,0.4166666666666667,145506,2,22,4423576.351309,11.806849315068494,9.0
C-001541481,S-0019,1.2584790650981437,0,1,男性,57,6,12,0.5833333333333334,66196,1,19,4327199.920883598,4.090410958904109,1.0
C-002493735,S-0097,-52.018807113995294,1,1,女性,38,1,12,0.0833333333333333,10536,1,21,4592508.716501317,10.09041095890411,7.0
C-002296450,S-0002,-41.04961387184613,0,1,女性,20,2,12,0.1666666666666666,0,0,15,4455566.655169959,5.663013698630137,2.0
C-000919914,S-0113,-100.0,1,1,女性,40,8,12,0.5833333333333334,18731,2,16,4336633.961311346,5.77945205479452,2.5
C-001046560,S-0017,-59.491599225236854,1,1,女性,39,8,12,0.5833333333333334,35010,1,20,4640207.03550726,5.608219178082192,2.5
C-002160445,S-0012,-31.467066738158316,0,1,男性,26,3,12,0.5,11094,2,16,4444678.825084195,7.994520547945205,5.0
C-000907819,S-0030,-34.86450939995587,0,1,女性,59,8,12,0.3333333333333333,24078,2,22,4426478.045479023,9.236986301369862,5.5
C-001249350,S-0048,-42.78009238113773,0,1,女性,45,7,12,0.5,0,0,15,4502249.082895545,3.671232876712329,1.0
C-002376370,S-0030,-31.31486564273344,0,1,女性,38,2,12,0.25,3675,1,22,4426478.045479023,9.236986301369862,5.5
C-000947589,S-0115,-100.0,1,1,男性,52,8,12,0.4166666666666667,0,0,14,4553643.099564746,10.51095890410959,7.0
C-001144172,S-0040,-100.0,1,1,女性,54,7,12,0.3333333333333333,0,0,20,4550116.0180538,8.163013698630138,4.0
C-001419643,S-0050,-61.3030447267801,1,1,女性,47,6,12,0.1666666666666666,34375,1,20,4615411.181286601,9.2013698630137,6.0
C-001955768,S-0004,-100.0,1,1,女性,54,4,12,0.3333333333333333,0,0,22,4423576.351309,11.806849315068494,9.0
C-001942609,S-0005,-26.45136295001192,0,1,女性,63,4,12,0.25,0,0,21,4733942.970761149,4.69041095890411,2.0
C-002623832,S-0089,-99.05923529723711,1,1,男性,20,1,12,0.1666666666666666,2662,1,19,4721110.949352573,10.142465753424657,7.0
C-001723185,S-0111,-47.795554329586466,0,1,男性,59,5,12,0.5833333333333334,0,0,19,4489501.980758176,6.397260273972603,4.0
C-000957732,S-0115,-25.15816039200619,0,1,女性,47,8,12,0.1666666666666666,12455,2,14,4553643.099564746,10.51095890410959,7.0
C-001046124,S-0041,-25.202587347007476,0,1,女性,50,8,12,0.1666666666666666,9612,2,17,4828489.286769263,10.389041095890411,7.0
C-001752771,S-0040,-100.0,1,1,女性,58,5,12,0.25,0,0,20,4550116.0180538,8.163013698630138,4.0
C-000555152,S-0040,-27.972086456224588,0,1,女性,48,10,12,0.1666666666666666,6178,2,20,4550116.0180538,8.163013698630138,4.0
C-002531368,S-0048,-46.306840724212186,0,1,男性,36,1,12,0.25,2272,1,15,4502249.082895545,3.671232876712329,1.0
C-000701828,S-0002,-29.78363667597942,0,1,女性,31,9,12,0.0833333333333333,23048,1,15,4455566.655169959,5.663013698630137,2.0
C-002171912,S-0096,-100.0,1,1,女性,52,3,12,0.0,19658,1,16,4644856.458098179,8.302739726027397,5.0
C-002677421,S-0080,-100.0,1,1,女性,51,1,12,0.5,0,0,17,4457429.264950683,11.673972602739726,9.0
C-001957584,S-0004,-17.19794023153106,0,1,女性,63,4,12,0.3333333333333333,11095,1,22,4423576.351309,11.806849315068494,9.0
C-001287658,S-0039,-43.069066260458094,0,1,男性,37,7,12,0.25,0,0,16,4591288.568998441,8.193150684931506,5.0
C-000164548,S-0018,-84.97444102859129,1,1,女性,47,12,12,0.25,0,0,16,4493108.581950108,7.550684931506849,5.0
C-002289410,S-0020,-97.62628941301266,1,1,女性,57,2,12,0.3333333333333333,0,0,16,4280702.057267675,6.986301369863014,3.5
C-000066042,S-0040,-31.043815429482528,0,1,男性,64,12,12,0.5,8468,1,20,4550116.0180538,8.163013698630138,4.0
C-000121066,S-0036,-17.546924994961465,0,1,男性,53,12,12,0.3333333333333333,0,0,19,4397834.424680548,11.123287671232877,9.0
C-001157795,S-0115,-100.0,1,1,女性,57,7,12,0.0833333333333333,2412,2,14,4553643.099564746,10.51095890410959,7.0
C-002516464,S-0005,-8.358101315016295,0,1,男性,61,1,12,0.3333333333333333,7571,2,21,4733942.970761149,4.69041095890411,2.0
C-000478584,S-0020,-21.27024802914269,0,1,男性,27,10,12,0.25,0,0,16,4280702.057267675,6.986301369863014,3.5
C-000205988,S-0018,-100.0,1,1,女性,70,12,12,0.4166666666666667,20838,2,16,4493108.581950108,7.550684931506849,5.0
C-000618367,S-0126,-41.19581380730566,0,1,男性,41,10,12,0.25,0,0,17,4493168.352495564,5.53972602739726,3.0
C-000994515,S-0080,-25.12332620997975,0,1,男性,47,8,12,0.0833333333333333,42199,1,17,4457429.264950683,11.673972602739726,9.0
C-000026634,S-0100,-33.070382520660075,0,1,男性,43,12,12,0.5833333333333334,0,0,17,4535925.154217558,4.720547945205479,2.0
C-000135326,S-0115,-100.0,1,1,男性,48,12,12,0.0833333333333333,34239,1,14,4553643.099564746,10.51095890410959,7.0
C-002142747,S-0056,-42.46546968407453,0,1,男性,59,3,12,0.4166666666666667,244745,2,15,4406070.585753419,7.528767123287671,4.0
C-001045927,S-0050,-42.89229296746261,0,1,男性,44,8,12,0.1666666666666666,0,0,20,4615411.181286601,9.2013698630137,6.0
C-000211085,S-0099,-19.404527582452587,0,1,男性,66,12,12,0.0,0,0,13,4464126.154078853,8.147945205479452,5.0
C-002373926,S-0079,-100.0,1,1,女性,54,2,12,0.0,0,0,13,4256656.371085242,8.479452054794521,6.0
C-001058578,S-0115,-34.46033583746094,0,1,男性,24,8,12,0.5833333333333334,21592,1,14,4553643.099564746,10.51095890410959,7.0
C-000002839,S-0004,-22.09942873410111,0,1,男性,49,12,12,0.0,0,0,22,4423576.351309,11.806849315068494,9.0
C-001833047,S-0039,-84.45688760262983,1,1,男性,35,4,12,0.3333333333333333,0,0,16,4591288.568998441,8.193150684931506,5.0
C-001860954,S-0048,-87.43193302662343,1,1,女性,47,4,12,0.0833333333333333,46410,1,15,4502249.082895545,3.671232876712329,1.0
C-001071117,S-0048,-64.80182041492512,1,1,女性,60,8,12,0.5,0,0,15,4502249.082895545,3.671232876712329,1.0
C-001407975,S-0099,-40.045245034908156,0,1,女性,55,6,12,0.0833333333333333,0,0,13,4464126.154078853,8.147945205479452,5.0
C-000408968,S-0018,-48.471716914235394,0,1,女性,66,11,12,0.1666666666666666,134663,2,16,4493108.581950108,7.550684931506849,5.0
C-001827694,S-0075,-100.0,1,1,女性,41,4,12,0.4166666666666667,0,0,19,4506647.2743158825,4.526027397260274,1.0
C-001892244,S-0102,-100.0,1,1,女性,48,4,12,0.3333333333333333,0,0,16,4383474.364435211,10.484931506849314,7.5
C-001839983,S-0018,-28.777962689404564,0,1,男性,53,4,12,0.3333333333333333,2463,1,16,4493108.581950108,7.550684931506849,5.0
C-000906848,S-0111,-36.46211266383126,0,1,女性,64,8,12,0.1666666666666666,9227,1,19,4489501.980758176,6.397260273972603,4.0
C-002569496,S-0059,-41.72500041273877,0,1,女性,62,1,12,0.25,0,0,14,4713188.969095345,6.8123287671232875,3.0
C-001476309,S-0036,-32.81144486406723,0,1,女性,58,6,12,0.3333333333333333,37523,1,19,4397834.424680548,11.123287671232877,9.0
C-000720003,S-0063,-58.01492703575805,1,1,女性,64,9,12,0.3333333333333333,0,0,18,4564012.176421695,5.749315068493151,3.0
C-002556956,S-0111,-55.15917502341938,1,1,女性,45,1,12,0.1666666666666666,0,0,19,4489501.980758176,6.397260273972603,4.0
C-002247186,S-0115,-41.96593611727769,0,1,女性,44,3,12,0.3333333333333333,9308,2,14,4553643.099564746,10.51095890410959,7.0
C-001351198,S-0102,-100.0,1,1,女性,88,6,12,0.5833333333333334,11613,2,16,4383474.364435211,10.484931506849314,7.5
C-002623959,S-0099,-19.623659859253117,0,1,女性,48,1,12,0.0833333333333333,19195,1,13,4464126.154078853,8.147945205479452,5.0
C-001516050,S-0115,-44.46168431910937,0,1,女性,56,6,12,0.25,2611,1,14,4553643.099564746,10.51095890410959,7.0
C-002027683,S-0075,-100.0,1,1,女性,60,3,12,0.0833333333333333,0,0,19,4506647.2743158825,4.526027397260274,1.0
C-002218819,S-0036,-100.0,1,1,男性,56,3,12,0.25,0,0,19,4397834.424680548,11.123287671232877,9.0
C-002544062,S-0113,-100.0,1,1,男性,42,1,12,0.25,20732,2,16,4336633.961311346,5.77945205479452,2.5
C-002440654,S-0074,-39.92994985108201,0,1,男性,44,2,12,0.5,153716,2,14,4614054.39694187,8.308219178082192,6.0
C-001324341,S-0072,-65.28394457183485,1,1,男性,80,7,12,0.1666666666666666,0,0,12,4406797.312641796,9.01917808219178,6.0
C-000266569,S-0115,-47.63546164226577,0,1,女性,50,11,12,0.25,0,0,14,4553643.099564746,10.51095890410959,7.0
C-000805208,S-0036,-100.0,1,1,女性,56,9,12,0.5833333333333334,20405,1,19,4397834.424680548,11.123287671232877,9.0
C-001549956,S-0131,-11.110215382321607,0,1,女性,22,6,12,0.25,0,0,17,4569023.5643747775,5.13972602739726,2.0
C-000720069,S-0004,-42.43694715006819,0,1,女性,26,9,12,0.5,0,0,22,4423576.351309,11.806849315068494,9.0
C-001817429,S-0080,-84.13279154727407,1,1,女性,42,4,12,0.1666666666666666,3101,1,17,4457429.264950683,11.673972602739726,9.0
C-001380556,S-0089,-100.0,1,1,男性,66,6,12,1.0,12152,1,19,4721110.949352573,10.142465753424657,7.0
C-000856433,S-0099,-28.02279805957125,0,1,女性,43,9,12,0.3333333333333333,9448,1,13,4464126.154078853,8.147945205479452,5.0
C-000234582,S-0056,-32.465657425051035,0,1,男性,44,11,12,0.25,13615,2,15,4406070.585753419,7.528767123287671,4.0
C-001080778,S-0100,-20.10676675442397,0,1,女性,58,8,12,0.0833333333333333,24863,1,17,4535925.154217558,4.720547945205479,2.0
C-002595568,S-0014,-49.103943698988154,1,1,女性,68,1,12,0.3333333333333333,0,0,21,4730192.353344672,7.336986301369863,4.0
C-001244298,S-0079,-32.302362810528365,0,1,女性,49,7,12,0.3333333333333333,5048,2,13,4256656.371085242,8.479452054794521,6.0
C-001077308,S-0089,-11.78673684523926,0,1,男性,42,8,12,0.25,1018,2,19,4721110.949352573,10.142465753424657,7.0
C-001708513,S-0040,-48.225039843166016,0,1,女性,57,5,12,0.0,0,0,20,4550116.0180538,8.163013698630138,4.0
C-001085231,S-0115,-78.20377594008426,1,1,女性,35,8,12,0.1666666666666666,49720,2,14,4553643.099564746,10.51095890410959,7.0
C-001157123,S-0117,-60.59074030262197,1,1,男性,32,7,12,0.25,4857,2,20,4500859.737076383,9.593150684931507,7.0
C-001493392,S-0007,-100.0,1,1,女性,69,6,12,0.3333333333333333,3778,2,21,4487075.727367008,3.7260273972602738,1.0
C-001749903,S-0080,-46.19192004742949,0,1,男性,31,5,12,0.25,51172,1,17,4457429.264950683,11.673972602739726,9.0
C-001037613,S-0050,-55.349956455974706,1,1,男性,44,8,12,0.0,0,0,20,4615411.181286601,9.2013698630137,6.0
C-002362181,S-0056,-38.19166865431442,0,1,女性,18,2,12,0.25,36750,1,15,4406070.585753419,7.528767123287671,4.0
C-002655252,S-0012,-9.600520677165878,0,1,女性,41,1,12,0.1666666666666666,6189,2,16,4444678.825084195,7.994520547945205,5.0
C-001671935,S-0050,-100.0,1,1,女性,38,5,12,0.9166666666666666,416301,1,20,4615411.181286601,9.2013698630137,6.0
C-001761792,S-0075,-29.07143306596982,0,1,男性,37,5,12,0.25,28808,1,19,4506647.2743158825,4.526027397260274,1.0
C-002340984,S-0036,-76.106698193372,1,1,女性,27,2,12,0.25,0,0,19,4397834.424680548,11.123287671232877,9.0
C-000804505,S-0039,-19.866831545867626,0,1,女性,49,9,12,0.1666666666666666,30371,2,16,4591288.568998441,8.193150684931506,5.0
C-002247190,S-0062,-20.967696714917366,0,1,女性,57,3,12,0.5833333333333334,23635,2,15,4713869.782113416,4.575342465753424,1.0
C-000679943,S-0075,-29.647085622549206,0,1,男性,77,9,12,0.5833333333333334,0,0,19,4506647.2743158825,4.526027397260274,1.0
C-000249487,S-0056,-100.0,1,1,男性,42,11,12,0.6666666666666666,20736,1,15,4406070.585753419,7.528767123287671,4.0
C-001738231,S-0115,-32.0693323477705,0,1,女性,49,5,12,0.25,15887,1,14,4553643.099564746,10.51095890410959,7.0
C-000637299,S-0017,-27.534752619450476,0,1,女性,42,10,12,0.3333333333333333,13814,1,20,4640207.03550726,5.608219178082192,2.5
C-001110477,S-0079,-36.99063724296687,0,1,男性,43,8,12,0.4166666666666667,0,0,13,4256656.371085242,8.479452054794521,6.0
C-000316068,S-0115,-100.0,1,1,女性,67,11,12,0.0833333333333333,2604,1,14,4553643.099564746,10.51095890410959,7.0
C-002166642,S-0096,-40.311064448730875,0,1,女性,40,3,12,0.5,11392,1,16,4644856.458098179,8.302739726027397,5.0
C-000139794,S-0074,-100.0,1,1,女性,38,12,12,0.25,7446,2,14,4614054.39694187,8.308219178082192,6.0
C-001964891,S-0096,-42.587118666029596,0,1,女性,67,4,12,0.4166666666666667,39666,1,16,4644856.458098179,8.302739726027397,5.0
C-000908073,S-0008,-28.437952794414457,0,1,女性,50,8,12,0.25,17133,2,22,4498453.308937302,10.772602739726027,7.0
C-000590935,S-0080,-56.16554944347059,1,1,女性,42,10,12,0.25,0,0,17,4457429.264950683,11.673972602739726,9.0
C-001993894,S-0056,-69.47760718157278,1,1,女性,58,4,12,0.4166666666666667,0,0,15,4406070.585753419,7.528767123287671,4.0
C-000725865,S-0074,-78.82197476101791,1,1,女性,44,9,12,0.25,17479,1,14,4614054.39694187,8.308219178082192,6.0
C-000910056,S-0074,-37.97781070614751,0,1,男性,27,8,12,0.6666666666666666,0,0,14,4614054.39694187,8.308219178082192,6.0
C-000861164,S-0102,-67.61706441625338,1,1,男性,57,9,12,0.1666666666666666,5111,1,16,4383474.364435211,10.484931506849314,7.5
C-001725304,S-0072,-100.0,1,1,男性,66,5,12,0.0,25273,1,12,4406797.312641796,9.01917808219178,6.0
C-000577320,S-0079,-52.97055963221643,1,1,女性,40,10,12,0.25,5855,1,13,4256656.371085242,8.479452054794521,6.0
C-001339658,S-0020,-23.788330364513186,0,1,男性,65,7,12,0.5833333333333334,22171,2,16,4280702.057267675,6.986301369863014,3.5
C-001197459,S-0007,-49.621485811875985,1,1,男性,38,7,12,0.0833333333333333,3893,1,21,4487075.727367008,3.7260273972602738,1.0
C-000623735,S-0056,-35.14620182951352,0,1,男性,59,10,12,0.3333333333333333,15903,1,15,4406070.585753419,7.528767123287671,4.0
C-002497653,S-0005,-23.672568881225967,0,1,女性,36,1,12,0.8333333333333334,15250,2,21,4733942.970761149,4.69041095890411,2.0
C-001409624,S-0040,-26.515624927314203,0,1,女性,54,6,12,0.3333333333333333,0,0,20,4550116.0180538,8.163013698630138,4.0
C-002152071,S-0085,-28.533296149479092,0,1,女性,31,3,12,0.3333333333333333,93669,1,15,4606655.398026554,4.928767123287671,2.0
C-000941159,S-0014,-100.0,1,1,男性,60,8,12,0.1666666666666666,10435,1,21,4730192.353344672,7.336986301369863,4.0
C-002440302,S-0004,-17.98252958417712,0,1,女性,59,2,12,0.0,0,0,22,4423576.351309,11.806849315068494,9.0
C-002379771,S-0004,-15.587385953585676,0,1,女性,56,2,12,0.0833333333333333,1145,1,22,4423576.351309,11.806849315068494,9.0
C-001450195,S-0072,-36.451342881059105,0,1,男性,49,6,12,0.3333333333333333,4938,1,12,4406797.312641796,9.01917808219178,6.0
C-002476988,S-0041,-65.61638111157542,1,1,男性,35,1,12,0.5833333333333334,0,0,17,4828489.286769263,10.389041095890411,7.0
C-002513998,S-0117,-100.0,1,1,女性,75,1,12,0.0833333333333333,0,0,20,4500859.737076383,9.593150684931507,7.0
C-001777258,S-0100,-100.0,1,1,男性,40,5,12,0.4166666666666667,0,0,17,4535925.154217558,4.720547945205479,2.0
C-002071634,S-0115,-56.22145018491539,1,1,男性,38,3,12,0.3333333333333333,13316,1,14,4553643.099564746,10.51095890410959,7.0
C-001575393,S-0072,-19.32738344256961,0,1,女性,55,6,12,0.4166666666666667,0,0,12,4406797.312641796,9.01917808219178,6.0
C-001433482,S-0050,-32.49087439085401,0,1,女性,38,6,12,0.25,0,0,20,4615411.181286601,9.2013698630137,6.0
C-000566327,S-0018,-90.04663342012739,1,1,男性,53,10,12,0.0833333333333333,0,0,16,4493108.581950108,7.550684931506849,5.0
C-002237817,S-0096,-100.0,1,1,男性,61,3,12,0.3333333333333333,0,0,16,4644856.458098179,8.302739726027397,5.0
C-002689359,S-0007,-100.0,1,1,男性,60,1,12,0.25,8515,2,21,4487075.727367008,3.7260273972602738,1.0
C-001211077,S-0014,-34.96245730520763,0,1,女性,59,7,12,0.0,49789,2,21,4730192.353344672,7.336986301369863,4.0
C-002651407,S-0014,-65.76874247881662,1,1,男性,27,1,12,0.0833333333333333,46520,1,21,4730192.353344672,7.336986301369863,4.0
C-001845815,S-0115,-80.35129486190748,1,1,男性,47,4,12,0.1666666666666666,0,0,14,4553643.099564746,10.51095890410959,7.0
C-002053482,S-0050,-100.0,1,1,男性,44,3,12,0.25,11439,2,20,4615411.181286601,9.2013698630137,6.0
C-000604094,S-0074,-46.03981383780524,0,1,男性,53,10,12,0.3333333333333333,16665,1,14,4614054.39694187,8.308219178082192,6.0
C-000415811,S-0002,-21.294969759383694,0,1,女性,57,11,12,0.1666666666666666,49456,1,15,4455566.655169959,5.663013698630137,2.0
C-001957525,S-0085,-11.064648914962756,0,1,女性,56,4,12,0.4166666666666667,0,0,15,4606655.398026554,4.928767123287671,2.0
C-001432324,S-0115,-57.695522757730025,1,1,男性,49,6,12,0.75,10865,2,14,4553643.099564746,10.51095890410959,7.0
C-002437200,S-0072,-42.480926518604726,0,1,女性,62,2,12,0.25,9652,1,12,4406797.312641796,9.01917808219178,6.0
C-001212652,S-0056,-32.91249740842181,0,1,女性,57,7,12,0.1666666666666666,0,0,15,4406070.585753419,7.528767123287671,4.0
C-000694458,S-0002,-96.73274866730537,1,1,女性,53,9,12,0.25,0,0,15,4455566.655169959,5.663013698630137,2.0
C-001125779,S-0099,-59.92270994909518,1,1,男性,43,7,12,0.1666666666666666,0,0,13,4464126.154078853,8.147945205479452,5.0
C-002264038,S-0036,-62.8534149802727,1,1,男性,23,2,12,0.4166666666666667,0,0,19,4397834.424680548,11.123287671232877,9.0
C-000918430,S-0020,-35.27207869837352,0,1,女性,42,8,12,0.3333333333333333,4545,1,16,4280702.057267675,6.986301369863014,3.5
C-002479618,S-0113,-100.0,1,1,男性,63,1,12,0.6666666666666666,21766,1,16,4336633.961311346,5.77945205479452,2.5
C-001531046,S-0020,-42.895102624315406,0,1,女性,56,6,12,0.5,42187,1,16,4280702.057267675,6.986301369863014,3.5
C-000280146,S-0082,-25.52079620541222,0,1,女性,41,11,12,0.0833333333333333,0,0,17,4607261.71451126,4.758904109589041,2.0
C-000264407,S-0014,-97.67095663011398,1,1,女性,64,11,12,0.0833333333333333,20509,1,21,4730192.353344672,7.336986301369863,4.0
C-002175930,S-0126,-18.321764442454096,0,1,女性,34,3,12,0.5,0,0,17,4493168.352495564,5.53972602739726,3.0
C-001788494,S-0126,-9.812058626267408,0,1,男性,20,5,12,0.1666666666666666,0,0,17,4493168.352495564,5.53972602739726,3.0
C-002612074,S-0036,-97.60785773949098,1,1,女性,51,1,12,0.1666666666666666,0,0,19,4397834.424680548,11.123287671232877,9.0
C-000777278,S-0074,-92.56990116471323,1,1,女性,41,9,12,0.0833333333333333,27155,1,14,4614054.39694187,8.308219178082192,6.0
C-000268053,S-0048,-35.76630097209467,0,1,女性,65,11,12,0.5,13498,1,15,4502249.082895545,3.671232876712329,1.0
C-001447209,S-0039,-47.429572415717494,0,1,男性,53,6,12,0.1666666666666666,2171,1,16,4591288.568998441,8.193150684931506,5.0
C-001936272,S-0036,-100.0,1,1,女性,58,4,12,0.1666666666666666,34258,1,19,4397834.424680548,11.123287671232877,9.0
C-000954967,S-0059,-43.76376451388629,0,1,男性,28,8,12,0.4166666666666667,27664,1,14,4713188.969095345,6.8123287671232875,3.0
C-002074684,S-0048,-100.0,1,1,女性,55,3,12,0.4166666666666667,0,0,15,4502249.082895545,3.671232876712329,1.0
C-000067111,S-0102,-100.0,1,1,男性,57,12,12,0.3333333333333333,0,0,16,4383474.364435211,10.484931506849314,7.5
C-000749610,S-0012,-28.77516422970968,0,1,女性,71,9,12,0.0833333333333333,0,0,16,4444678.825084195,7.994520547945205,5.0
C-001314177,S-0039,-32.51952985736573,0,1,女性,47,7,12,0.1666666666666666,5303,2,16,4591288.568998441,8.193150684931506,5.0
C-001545522,S-0102,-25.88289784147514,0,1,男性,50,6,12,0.3333333333333333,35039,1,16,4383474.364435211,10.484931506849314,7.5
C-001081998,S-0072,-79.70284194781453,1,1,女性,53,8,12,0.4166666666666667,23867,1,12,4406797.312641796,9.01917808219178,6.0
C-000111612,S-0004,-100.0,1,1,男性,55,12,12,0.3333333333333333,0,0,22,4423576.351309,11.806849315068494,9.0
C-001789990,S-0004,-15.130939279646983,0,1,女性,50,5,12,0.4166666666666667,0,0,22,4423576.351309,11.806849315068494,9.0
C-001527917,S-0074,-100.0,1,1,男性,48,6,12,0.3333333333333333,0,0,14,4614054.39694187,8.308219178082192,6.0
C-001166651,S-0056,-20.35736058447966,0,1,女性,43,7,12,0.0833333333333333,0,0,15,4406070.585753419,7.528767123287671,4.0
C-000350449,S-0072,-41.101340652664234,0,1,女性,68,11,12,0.3333333333333333,982,1,12,4406797.312641796,9.01917808219178,6.0
C-000979158,S-0096,-22.93446965334562,0,1,女性,45,8,12,0.25,111123,2,16,4644856.458098179,8.302739726027397,5.0
C-001527482,S-0056,-100.0,1,1,女性,37,6,12,0.4166666666666667,0,0,15,4406070.585753419,7.528767123287671,4.0
C-000326590,S-0019,-25.125722806989714,0,1,女性,40,11,12,0.1666666666666666,0,0,19,4327199.920883598,4.090410958904109,1.0
C-002372266,S-0075,-33.93719382134402,0,1,男性,65,2,12,0.4166666666666667,7745,2,19,4506647.2743158825,4.526027397260274,1.0
C-000426482,S-0117,-87.63854368488691,1,1,女性,53,11,12,0.1666666666666666,9323,1,20,4500859.737076383,9.593150684931507,7.0
C-000148768,S-0056,-100.0,1,1,女性,69,12,12,0.6666666666666666,0,0,15,4406070.585753419,7.528767123287671,4.0
C-000562584,S-0039,-13.546957528630763,0,1,女性,45,10,12,0.0833333333333333,0,0,16,4591288.568998441,8.193150684931506,5.0
C-001803956,S-0039,-100.0,1,1,女性,21,4,12,0.5,17933,2,16,4591288.568998441,8.193150684931506,5.0
C-000596693,S-0106,-64.91083238312429,1,1,男性,47,10,12,0.25,35704,1,20,4462729.145118021,6.171232876712329,3.5
C-000336017,S-0097,-41.26034422471736,0,1,女性,43,11,12,0.5833333333333334,17776,2,21,4592508.716501317,10.09041095890411,7.0
C-001759317,S-0020,-28.53144645061285,0,1,女性,20,5,12,0.4166666666666667,6636,1,16,4280702.057267675,6.986301369863014,3.5
C-002087565,S-0072,-76.99283708308351,1,1,女性,60,3,12,0.0833333333333333,17276,1,12,4406797.312641796,9.01917808219178,6.0
C-001181363,S-0115,-100.0,1,1,男性,37,7,12,0.1666666666666666,0,0,14,4553643.099564746,10.51095890410959,7.0
C-002193441,S-0096,-100.0,1,1,女性,56,3,12,0.1666666666666666,0,0,16,4644856.458098179,8.302739726027397,5.0
C-000459592,S-0008,-58.9779074495481,1,1,男性,48,10,12,0.3333333333333333,0,0,22,4498453.308937302,10.772602739726027,7.0
C-001224928,S-0056,-22.504494771552732,0,1,女性,40,7,12,0.3333333333333333,19583,1,15,4406070.585753419,7.528767123287671,4.0
C-001117607,S-0121,-100.0,1,1,女性,21,8,12,0.0833333333333333,0,0,14,4716268.25678644,9.856164383561644,7.0
C-000950163,S-0014,-29.54659530611507,0,1,女性,52,8,12,0.0833333333333333,0,0,21,4730192.353344672,7.336986301369863,4.0
C-000007465,S-0036,-22.158349051594666,0,1,女性,50,12,12,0.1666666666666666,27797,1,19,4397834.424680548,11.123287671232877,9.0
C-002525062,S-0121,-28.791639085163773,0,1,女性,48,1,12,0.1666666666666666,3935,1,14,4716268.25678644,9.856164383561644,7.0
C-002340773,S-0097,-39.096048518332125,0,1,男性,34,2,12,0.3333333333333333,0,0,21,4592508.716501317,10.09041095890411,7.0
C-001307585,S-0079,-42.09836391561332,0,1,女性,46,7,12,0.0833333333333333,21480,1,13,4256656.371085242,8.479452054794521,6.0
C-000663794,S-0100,-100.0,1,1,女性,51,10,12,0.3333333333333333,24050,2,17,4535925.154217558,4.720547945205479,2.0
C-000470374,S-0063,-73.08134593270337,1,1,女性,34,10,12,0.25,19836,1,18,4564012.176421695,5.749315068493151,3.0
C-001360035,S-0115,-92.99276312453367,1,1,女性,59,6,12,0.25,34533,2,14,4553643.099564746,10.51095890410959,7.0
C-000229111,S-0014,-62.67169885392827,1,1,男性,52,11,12,0.1666666666666666,41806,2,21,4730192.353344672,7.336986301369863,4.0
C-002481402,S-0080,-100.0,1,1,女性,62,1,12,0.0833333333333333,0,0,17,4457429.264950683,11.673972602739726,9.0
C-000801268,S-0106,-40.90656644160271,0,1,女性,51,9,12,0.3333333333333333,10536,1,20,4462729.145118021,6.171232876712329,3.5
C-000519529,S-0111,-100.0,1,1,男性,19,10,12,0.25,0,0,19,4489501.980758176,6.397260273972603,4.0
C-002358249,S-0117,-14.884196696953019,0,1,女性,25,2,12,0.25,0,0,20,4500859.737076383,9.593150684931507,7.0
C-001282077,S-0050,-28.377212618889025,0,1,女性,69,7,12,0.4166666666666667,41264,2,20,4615411.181286601,9.2013698630137,6.0
C-002098704,S-0131,-100.0,1,1,男性,61,3,12,0.0,5347,2,17,4569023.5643747775,5.13972602739726,2.0
C-000184479,S-0097,-76.6099996043417,1,1,男性,63,12,12,0.25,8197,2,21,4592508.716501317,10.09041095890411,7.0
C-001253995,S-0017,-23.386179919260822,0,1,女性,32,7,12,0.25,0,0,20,4640207.03550726,5.608219178082192,2.5
C-001502477,S-0089,-100.0,1,1,女性,44,6,12,0.3333333333333333,35101,1,19,4721110.949352573,10.142465753424657,7.0
C-000130400,S-0048,-39.875057138503735,0,1,男性,35,12,12,0.3333333333333333,0,0,15,4502249.082895545,3.671232876712329,1.0
C-002288625,S-0072,-100.0,1,1,女性,32,2,12,0.3333333333333333,60373,1,12,4406797.312641796,9.01917808219178,6.0
C-001640795,S-0008,-31.73129396356082,0,1,女性,60,5,12,0.25,2521,1,22,4498453.308937302,10.772602739726027,7.0
C-001806333,S-0072,-49.34691125235699,1,1,女性,45,4,12,0.25,17418,2,12,4406797.312641796,9.01917808219178,6.0
C-000867947,S-0113,-37.002858121025845,0,1,女性,51,9,12,0.4166666666666667,23623,2,16,4336633.961311346,5.77945205479452,2.5
C-001452311,S-0048,-18.345782622384835,0,1,女性,49,6,12,0.1666666666666666,9792,2,15,4502249.082895545,3.671232876712329,1.0
C-000526327,S-0012,-59.176999743300705,1,1,男性,39,10,12,0.25,0,0,16,4444678.825084195,7.994520547945205,5.0
C-001213469,S-0106,-28.119594640014295,0,1,男性,58,7,12,0.3333333333333333,0,0,20,4462729.145118021,6.171232876712329,3.5
C-001660976,S-0089,-26.335212827263582,0,1,男性,56,5,12,0.1666666666666666,24034,1,19,4721110.949352573,10.142465753424657,7.0
C-000966566,S-0111,-23.810479967299404,0,1,女性,60,8,12,0.25,7517,1,19,4489501.980758176,6.397260273972603,4.0
C-002082397,S-0126,-14.910725261789368,0,1,女性,32,3,12,0.4166666666666667,0,0,17,4493168.352495564,5.53972602739726,3.0
C-002589834,S-0004,-100.0,1,1,男性,27,1,12,0.1666666666666666,0,0,22,4423576.351309,11.806849315068494,9.0
C-001954666,S-0079,-100.0,1,1,女性,39,4,12,0.0833333333333333,0,0,13,4256656.371085242,8.479452054794521,6.0
C-001280179,S-0074,-100.0,1,1,男性,52,7,12,0.4166666666666667,39259,2,14,4614054.39694187,8.308219178082192,6.0
C-002389505,S-0018,-71.36867984343156,1,1,女性,37,2,12,0.1666666666666666,0,0,16,4493108.581950108,7.550684931506849,5.0
C-002255828,S-0056,-51.34856479435794,1,1,男性,63,2,12,0.1666666666666666,0,0,15,4406070.585753419,7.528767123287671,4.0
C-000326889,S-0020,-26.46075281272348,0,1,男性,25,11,12,0.25,3658,1,16,4280702.057267675,6.986301369863014,3.5
C-002678880,S-0020,-48.09340853390982,0,1,女性,28,1,12,0.5833333333333334,12598,1,16,4280702.057267675,6.986301369863014,3.5
C-002564635,S-0117,-29.826185893944345,0,1,女性,31,1,12,0.75,20193,1,20,4500859.737076383,9.593150684931507,7.0
C-002406713,S-0056,-100.0,1,1,男性,46,2,12,0.4166666666666667,0,0,15,4406070.585753419,7.528767123287671,4.0
C-002526964,S-0082,-100.0,1,1,男性,54,1,12,0.0,3131,2,17,4607261.71451126,4.758904109589041,2.0
C-001015004,S-0018,-100.0,1,1,女性,58,8,12,0.1666666666666666,1292,2,16,4493108.581950108,7.550684931506849,5.0
C-001127507,S-0080,-23.235036852319947,0,1,男性,78,7,12,0.0833333333333333,12946,1,17,4457429.264950683,11.673972602739726,9.0
C-000881119,S-0014,-100.0,1,1,女性,43,9,12,0.25,23154,1,21,4730192.353344672,7.336986301369863,4.0
C-000461936,S-0004,-31.524590032175876,0,1,男性,55,10,12,0.25,0,0,22,4423576.351309,11.806849315068494,9.0
C-001622545,S-0056,-100.0,1,1,女性,56,5,12,0.0833333333333333,0,0,15,4406070.585753419,7.528767123287671,4.0
C-001561578,S-0036,-100.0,1,1,女性,40,6,12,0.1666666666666666,0,0,19,4397834.424680548,11.123287671232877,9.0
C-002317424,S-0012,-73.79883319588258,1,1,女性,55,2,12,0.0,53636,2,16,4444678.825084195,7.994520547945205,5.0
C-000521233,S-0102,-47.071388824067924,0,1,男性,77,10,12,0.1666666666666666,14798,2,16,4383474.364435211,10.484931506849314,7.5
C-000158241,S-0121,-94.44518857274066,1,1,女性,60,12,12,0.25,6316,1,14,4716268.25678644,9.856164383561644,7.0
C-001061605,S-0074,-34.58556831614239,0,1,女性,42,8,12,0.0833333333333333,1267,2,14,4614054.39694187,8.308219178082192,6.0
C-000194976,S-0121,-30.894266450635026,0,1,女性,46,12,12,0.4166666666666667,3749,1,14,4716268.25678644,9.856164383561644,7.0
C-001300574,S-0040,-39.860917544991494,0,1,女性,44,7,12,0.4166666666666667,11968,2,20,4550116.0180538,8.163013698630138,4.0
C-000284738,S-0115,-100.0,1,1,男性,22,11,12,0.1666666666666666,8439,1,14,4553643.099564746,10.51095890410959,7.0
C-001247344,S-0012,-100.0,1,1,女性,77,7,12,0.5833333333333334,5322,1,16,4444678.825084195,7.994520547945205,5.0
C-001158251,S-0036,-74.42113487502647,1,1,女性,53,7,12,0.25,8489,1,19,4397834.424680548,11.123287671232877,9.0
C-000640327,S-0089,-63.3816905183742,1,1,男性,44,10,12,0.5833333333333334,78274,1,19,4721110.949352573,10.142465753424657,7.0
C-001035983,S-0097,-100.0,1,1,女性,61,8,12,0.1666666666666666,0,0,21,4592508.716501317,10.09041095890411,7.0
C-001808001,S-0005,-27.30536520140398,0,1,男性,45,4,12,0.3333333333333333,0,0,21,4733942.970761149,4.69041095890411,2.0
C-002652929,S-0041,-38.33121707226388,0,1,女性,42,1,12,0.0,1582,1,17,4828489.286769263,10.389041095890411,7.0
C-000934750,S-0040,-100.0,1,1,男性,52,8,12,0.1666666666666666,14919,1,20,4550116.0180538,8.163013698630138,4.0
C-000882013,S-0097,-38.41167165033868,0,1,女性,45,9,12,0.1666666666666666,0,0,21,4592508.716501317,10.09041095890411,7.0
C-000476176,S-0017,-45.821662452813285,0,1,女性,56,10,12,0.5833333333333334,24610,1,20,4640207.03550726,5.608219178082192,2.5
C-002058295,S-0012,-73.59150006990075,1,1,男性,39,3,12,0.4166666666666667,31958,1,16,4444678.825084195,7.994520547945205,5.0
C-002285417,S-0102,-100.0,1,1,女性,52,2,12,0.0833333333333333,0,0,16,4383474.364435211,10.484931506849314,7.5
C-000200630,S-0004,-82.73506880889431,1,1,男性,70,12,12,0.1666666666666666,0,0,22,4423576.351309,11.806849315068494,9.0
C-000191968,S-0096,-100.0,1,1,女性,52,12,12,0.3333333333333333,0,0,16,4644856.458098179,8.302739726027397,5.0
C-001417486,S-0056,-61.3474157538365,1,1,女性,56,6,12,0.25,3544,1,15,4406070.585753419,7.528767123287671,4.0
C-000946963,S-0097,-57.5278868775876,1,1,男性,54,8,12,0.25,5795,1,21,4592508.716501317,10.09041095890411,7.0
C-001644561,S-0056,-60.686877161280606,1,1,女性,45,5,12,0.1666666666666666,30931,1,15,4406070.585753419,7.528767123287671,4.0
C-002343731,S-0121,-85.90675935612325,1,1,女性,45,2,12,0.0833333333333333,16352,2,14,4716268.25678644,9.856164383561644,7.0
C-000767133,S-0131,-48.11170849567924,0,1,女性,48,9,12,0.3333333333333333,5028,1,17,4569023.5643747775,5.13972602739726,2.0
C-001092411,S-0097,-80.13389132081285,1,1,女性,34,8,12,0.5,16822,1,21,4592508.716501317,10.09041095890411,7.0
C-000501498,S-0039,-46.59662937147219,0,1,男性,47,10,12,0.25,0,0,16,4591288.568998441,8.193150684931506,5.0
C-001083541,S-0008,-24.431397053202556,0,1,女性,49,8,12,0.3333333333333333,0,0,22,4498453.308937302,10.772602739726027,7.0
C-001307955,S-0121,-24.090372372153038,0,1,女性,66,7,12,0.0833333333333333,3638,1,14,4716268.25678644,9.856164383561644,7.0
C-002233888,S-0113,-39.22008921095498,0,1,男性,44,3,12,0.3333333333333333,0,0,16,4336633.961311346,5.77945205479452,2.5
C-000250191,S-0089,-100.0,1,1,男性,58,11,12,0.0,-135,1,19,4721110.949352573,10.142465753424657,7.0
C-002410924,S-0126,-17.49584447783921,0,1,女性,34,2,12,0.1666666666666666,0,0,17,4493168.352495564,5.53972602739726,3.0
C-001565392,S-0036,-100.0,1,1,女性,39,6,12,0.1666666666666666,0,0,19,4397834.424680548,11.123287671232877,9.0
C-000558649,S-0072,-16.265540851901676,0,1,男性,41,10,12,0.1666666666666666,33524,2,12,4406797.312641796,9.01917808219178,6.0
C-001997360,S-0079,-28.02476008401218,0,1,男性,50,4,12,0.5,20828,2,13,4256656.371085242,8.479452054794521,6.0
C-001371406,S-0080,-100.0,1,1,女性,33,6,12,0.3333333333333333,0,0,17,4457429.264950683,11.673972602739726,9.0
C-000566018,S-0113,-38.28979305632967,0,1,女性,50,10,12,0.0833333333333333,0,0,16,4336633.961311346,5.77945205479452,2.5
C-000976160,S-0115,-64.79830386499869,1,1,女性,78,8,12,0.1666666666666666,5369,1,14,4553643.099564746,10.51095890410959,7.0
C-000896502,S-0007,-36.44378140804496,0,1,男性,37,9,12,0.5,0,0,21,4487075.727367008,3.7260273972602738,1.0
C-000400698,S-0054,-41.69282296650717,0,1,女性,48,11,12,0.4166666666666667,0,0,23,4489160.181517739,6.358904109589041,4.0
C-002518215,S-0111,-13.774324927148326,0,1,男性,51,1,12,0.5,0,0,19,4489501.980758176,6.397260273972603,4.0
C-001909372,S-0007,-38.90188811367965,0,1,女性,57,4,12,0.25,24718,1,21,4487075.727367008,3.7260273972602738,1.0
C-001052568,S-0126,-56.43549984630623,1,1,男性,65,8,12,0.4166666666666667,0,0,17,4493168.352495564,5.53972602739726,3.0
C-000835884,S-0054,-26.188193269411542,0,1,男性,47,9,12,0.3333333333333333,11782,1,23,4489160.181517739,6.358904109589041,4.0
C-000902510,S-0074,-52.43717504332756,1,1,女性,32,8,12,0.1666666666666666,7677,1,14,4614054.39694187,8.308219178082192,6.0
C-002563511,S-0080,-23.810652432767675,0,1,男性,52,1,12,0.0,87995,2,17,4457429.264950683,11.673972602739726,9.0
C-001414609,S-0008,-63.33948047842352,1,1,女性,38,6,12,0.1666666666666666,16241,1,22,4498453.308937302,10.772602739726027,7.0
C-001202084,S-0131,-70.83804087134051,1,1,女性,45,7,12,0.5833333333333334,0,0,17,4569023.5643747775,5.13972602739726,2.0
C-001080731,S-0004,-81.85587445798059,1,1,女性,17,8,12,0.1666666666666666,0,0,22,4423576.351309,11.806849315068494,9.0
C-001030028,S-0004,-69.16794429081114,1,1,男性,61,8,12,0.3333333333333333,37031,2,22,4423576.351309,11.806849315068494,9.0
C-000498807,S-0020,-24.399129295803846,0,1,男性,31,10,12,0.1666666666666666,1150,1,16,4280702.057267675,6.986301369863014,3.5
C-000319807,S-0048,-100.0,1,1,女性,42,11,12,0.25,0,0,15,4502249.082895545,3.671232876712329,1.0
C-000617988,S-0014,-43.39979455757206,0,1,女性,80,10,12,0.25,64874,1,21,4730192.353344672,7.336986301369863,4.0
C-000065667,S-0096,-38.80306339085911,0,1,男性,36,12,12,0.0833333333333333,10981,2,16,4644856.458098179,8.302739726027397,5.0
C-000825060,S-0041,-100.0,1,1,女性,49,9,12,0.8333333333333334,0,0,17,4828489.286769263,10.389041095890411,7.0
C-001660666,S-0096,-40.80222265657722,0,1,男性,46,5,12,0.3333333333333333,15963,2,16,4644856.458098179,8.302739726027397,5.0
C-000866932,S-0002,-63.44887839795222,1,1,女性,16,9,12,0.3333333333333333,0,0,15,4455566.655169959,5.663013698630137,2.0
C-000111990,S-0096,-52.688084436626234,1,1,男性,75,12,12,0.5,6860,1,16,4644856.458098179,8.302739726027397,5.0
C-002193796,S-0012,-56.73573221099778,1,1,女性,52,3,12,0.0833333333333333,1991,1,16,4444678.825084195,7.994520547945205,5.0
C-000555675,S-0074,-100.0,1,1,女性,37,10,12,0.25,0,0,14,4614054.39694187,8.308219178082192,6.0
C-000936090,S-0113,-100.0,1,1,女性,37,8,12,0.25,6734,1,16,4336633.961311346,5.77945205479452,2.5
C-000923627,S-0121,-100.0,1,1,女性,50,8,12,0.0833333333333333,0,0,14,4716268.25678644,9.856164383561644,7.0
C-002682956,S-0089,-22.902396506488703,0,1,女性,60,1,12,0.5833333333333334,22882,1,19,4721110.949352573,10.142465753424657,7.0
C-000196828,S-0113,-23.601528722934837,0,1,女性,47,12,12,0.0,35759,2,16,4336633.961311346,5.77945205479452,2.5
C-002348541,S-0096,-25.72125475692034,0,1,女性,65,2,12,0.0833333333333333,125089,1,16,4644856.458098179,8.302739726027397,5.0
C-001874430,S-0115,-35.026246795449396,0,1,女性,36,4,12,0.25,24417,1,14,4553643.099564746,10.51095890410959,7.0
C-001947583,S-0115,-100.0,1,1,男性,52,4,12,0.5,877,1,14,4553643.099564746,10.51095890410959,7.0
C-000714825,S-0020,-44.68407798847724,0,1,女性,39,9,12,0.1666666666666666,23417,1,16,4280702.057267675,6.986301369863014,3.5
C-001905268,S-0056,-51.22963934845915,1,1,男性,19,4,12,0.0833333333333333,18765,2,15,4406070.585753419,7.528767123287671,4.0
C-000998405,S-0019,-6.155988038325675,0,1,男性,48,8,12,0.8333333333333334,0,0,19,4327199.920883598,4.090410958904109,1.0
C-001417202,S-0059,-17.742626412081968,0,1,男性,31,6,12,0.0833333333333333,0,0,14,4713188.969095345,6.8123287671232875,3.0
C-001173062,S-0054,-48.159533101489515,0,1,女性,35,7,12,0.5833333333333334,4359,2,23,4489160.181517739,6.358904109589041,4.0
C-000304303,S-0004,-98.60528937425988,1,1,男性,25,11,12,0.5833333333333334,2348,1,22,4423576.351309,11.806849315068494,9.0
C-001220656,S-0097,-91.82217058027817,1,1,女性,63,7,12,0.1666666666666666,55989,1,21,4592508.716501317,10.09041095890411,7.0
C-001154514,S-0113,-44.766246002362095,0,1,女性,41,7,12,0.1666666666666666,0,0,16,4336633.961311346,5.77945205479452,2.5
C-000501205,S-0056,-73.23695110340269,1,1,男性,42,10,12,0.25,8209,1,15,4406070.585753419,7.528767123287671,4.0
C-001718948,S-0012,-84.07305475876683,1,1,男性,59,5,12,0.6666666666666666,19376,2,16,4444678.825084195,7.994520547945205,5.0
C-001728237,S-0085,-4.322926379224042,0,1,男性,32,5,12,0.5,0,0,15,4606655.398026554,4.928767123287671,2.0
C-002378627,S-0082,-30.86873130085736,0,1,女性,44,2,12,0.25,15158,1,17,4607261.71451126,4.758904109589041,2.0
C-001891860,S-0041,-31.123639770511453,0,1,女性,59,4,12,0.5833333333333334,0,0,17,4828489.286769263,10.389041095890411,7.0
C-002338961,S-0050,-47.2554338127699,0,1,女性,51,2,12,0.6666666666666666,4079,1,20,4615411.181286601,9.2013698630137,6.0
C-000391363,S-0039,-62.548085204110926,1,1,女性,70,11,12,0.0833333333333333,0,0,16,4591288.568998441,8.193150684931506,5.0
C-001854315,S-0004,-61.73640419631015,1,1,女性,47,4,12,0.0833333333333333,9255,2,22,4423576.351309,11.806849315068494,9.0
C-000956501,S-0106,-42.544256849954444,0,1,男性,50,8,12,0.25,32949,1,20,4462729.145118021,6.171232876712329,3.5
C-000500312,S-0002,-48.41176613059485,0,1,女性,41,10,12,0.4166666666666667,0,0,15,4455566.655169959,5.663013698630137,2.0
C-001768894,S-0111,-69.44289955763949,1,1,男性,45,5,12,0.25,0,0,19,4489501.980758176,6.397260273972603,4.0
C-002602207,S-0106,-9.219446851806515,0,1,男性,67,1,12,0.0833333333333333,0,0,20,4462729.145118021,6.171232876712329,3.5
C-000447652,S-0007,-40.64523377552889,0,1,男性,51,11,12,0.3333333333333333,0,0,21,4487075.727367008,3.7260273972602738,1.0
C-001211742,S-0012,-100.0,1,1,男性,68,7,12,0.1666666666666666,52935,1,16,4444678.825084195,7.994520547945205,5.0
C-000561652,S-0115,-100.0,1,1,男性,76,10,12,0.1666666666666666,0,0,14,4553643.099564746,10.51095890410959,7.0
C-001749221,S-0050,-41.73369876037048,0,1,女性,48,5,12,0.1666666666666666,0,0,20,4615411.181286601,9.2013698630137,6.0
C-001388125,S-0018,-26.920650126423705,0,1,女性,61,6,12,0.0833333333333333,49107,2,16,4493108.581950108,7.550684931506849,5.0
C-002015045,S-0040,-57.070499413051124,1,1,男性,37,4,12,0.5833333333333334,5098,1,20,4550116.0180538,8.163013698630138,4.0
C-001100450,S-0115,-21.659711599863375,0,1,女性,50,8,12,0.0833333333333333,65903,2,14,4553643.099564746,10.51095890410959,7.0
C-000763479,S-0100,-100.0,1,1,女性,74,9,12,0.25,4858,2,17,4535925.154217558,4.720547945205479,2.0
C-001397455,S-0050,-32.70597452560741,0,1,女性,55,6,12,0.25,13731,1,20,4615411.181286601,9.2013698630137,6.0
C-001597271,S-0089,-47.10385115461388,0,1,女性,59,5,12,0.1666666666666666,5227,1,19,4721110.949352573,10.142465753424657,7.0
C-000326125,S-0089,-100.0,1,1,女性,42,11,12,0.3333333333333333,16799,2,19,4721110.949352573,10.142465753424657,7.0
C-002511854,S-0002,-33.312613298428744,0,1,男性,56,1,12,0.25,0,0,15,4455566.655169959,5.663013698630137,2.0
C-001261817,S-0106,-92.54910480629648,1,1,男性,58,7,12,0.3333333333333333,19795,1,20,4462729.145118021,6.171232876712329,3.5
C-001887819,S-0102,-98.53144656757468,1,1,女性,49,4,12,0.0,33939,1,16,4383474.364435211,10.484931506849314,7.5
C-001019970,S-0117,-21.50344782844925,0,1,女性,53,8,12,0.1666666666666666,0,0,20,4500859.737076383,9.593150684931507,7.0
C-001834031,S-0089,-50.68444537223078,1,1,女性,41,4,12,0.25,0,0,19,4721110.949352573,10.142465753424657,7.0
C-001967077,S-0102,-60.37311401792852,1,1,男性,56,4,12,0.0833333333333333,0,0,16,4383474.364435211,10.484931506849314,7.5
C-001878584,S-0113,-100.0,1,1,女性,46,4,12,0.0,0,0,16,4336633.961311346,5.77945205479452,2.5
C-000866907,S-0063,-47.509163924787,0,1,男性,37,9,12,0.4166666666666667,0,0,18,4564012.176421695,5.749315068493151,3.0
C-002210937,S-0054,-20.50434789712087,0,1,女性,54,3,12,0.1666666666666666,0,0,23,4489160.181517739,6.358904109589041,4.0
C-000418792,S-0050,-30.82031516474521,0,1,男性,46,11,12,0.1666666666666666,0,0,20,4615411.181286601,9.2013698630137,6.0
C-000570073,S-0115,-39.71168147393213,0,1,女性,43,10,12,0.1666666666666666,0,0,14,4553643.099564746,10.51095890410959,7.0
C-001650840,S-0018,-99.2120969502875,1,1,男性,39,5,12,0.1666666666666666,27407,1,16,4493108.581950108,7.550684931506849,5.0
C-002442558,S-0063,-75.15815546654468,1,1,男性,48,2,12,0.5,0,0,18,4564012.176421695,5.749315068493151,3.0
C-000971555,S-0063,-45.16413501179479,0,1,女性,84,8,12,0.5,0,0,18,4564012.176421695,5.749315068493151,3.0
C-000555387,S-0072,-100.0,1,1,女性,25,10,12,0.3333333333333333,0,0,12,4406797.312641796,9.01917808219178,6.0
C-000553479,S-0048,-100.0,1,1,女性,56,10,12,0.0833333333333333,13508,1,15,4502249.082895545,3.671232876712329,1.0
C-001587992,S-0036,-36.50157457772688,0,1,女性,47,5,12,0.4166666666666667,13899,2,19,4397834.424680548,11.123287671232877,9.0
C-002314854,S-0014,-96.49191609948637,1,1,男性,53,2,12,0.4166666666666667,2190,1,21,4730192.353344672,7.336986301369863,4.0
C-001533003,S-0099,-100.0,1,1,女性,28,6,12,0.0833333333333333,36027,1,13,4464126.154078853,8.147945205479452,5.0
C-000197933,S-0074,-78.7336216989267,1,1,女性,62,12,12,0.1666666666666666,40331,1,14,4614054.39694187,8.308219178082192,6.0
C-000163969,S-0007,-34.978539037934574,0,1,女性,56,12,12,0.1666666666666666,0,0,21,4487075.727367008,3.7260273972602738,1.0
C-001926308,S-0008,-66.18971880918848,1,1,男性,46,4,12,0.25,34964,1,22,4498453.308937302,10.772602739726027,7.0
C-002331711,S-0018,-74.97875469355529,1,1,男性,87,2,12,0.3333333333333333,5629,1,16,4493108.581950108,7.550684931506849,5.0
C-001989555,S-0036,-100.0,1,1,女性,49,4,12,0.5833333333333334,38155,1,19,4397834.424680548,11.123287671232877,9.0
C-000100198,S-0048,-23.373582523402792,0,1,女性,38,12,12,0.5,278367,1,15,4502249.082895545,3.671232876712329,1.0
C-001909048,S-0018,-100.0,1,1,男性,52,4,12,0.0,2996,1,16,4493108.581950108,7.550684931506849,5.0
C-000109875,S-0019,-20.975468604314695,0,1,男性,45,12,12,0.25,0,0,19,4327199.920883598,4.090410958904109,1.0
C-001888210,S-0097,-100.0,1,1,女性,49,4,12,0.1666666666666666,0,0,21,4592508.716501317,10.09041095890411,7.0
C-001539597,S-0005,-100.0,1,1,女性,41,6,12,0.25,47033,1,21,4733942.970761149,4.69041095890411,2.0
C-001375426,S-0115,-47.54480186610423,0,1,女性,55,6,12,0.5833333333333334,10930,2,14,4553643.099564746,10.51095890410959,7.0
C-001253202,S-0004,-100.0,1,1,女性,56,7,12,0.1666666666666666,0,0,22,4423576.351309,11.806849315068494,9.0
C-001049390,S-0115,-42.611958981629975,0,1,女性,44,8,12,0.1666666666666666,45458,1,14,4553643.099564746,10.51095890410959,7.0
C-002588550,S-0020,-51.90363174322148,1,1,男性,59,1,12,0.0833333333333333,9841,1,16,4280702.057267675,6.986301369863014,3.5
C-002430779,S-0008,-97.3713698758054,1,1,女性,60,2,12,0.1666666666666666,93088,1,22,4498453.308937302,10.772602739726027,7.0
C-000496736,S-0080,-44.75065766899234,0,1,男性,57,10,12,0.25,14916,1,17,4457429.264950683,11.673972602739726,9.0
C-001195473,S-0056,-34.553029162274754,0,1,女性,23,7,12,0.3333333333333333,45612,1,15,4406070.585753419,7.528767123287671,4.0
C-001322231,S-0056,-100.0,1,1,女性,59,7,12,0.0,0,0,15,4406070.585753419,7.528767123287671,4.0
C-001861405,S-0102,-77.58604121192153,1,1,男性,67,4,12,0.1666666666666666,0,0,16,4383474.364435211,10.484931506849314,7.5
C-002037511,S-0036,-100.0,1,1,女性,24,3,12,0.1666666666666666,1463,1,19,4397834.424680548,11.123287671232877,9.0
C-002275197,S-0100,-23.694477372568162,0,1,男性,40,2,12,0.1666666666666666,1935,1,17,4535925.154217558,4.720547945205479,2.0
C-001293177,S-0018,-32.54553992274161,0,1,女性,65,7,12,0.0833333333333333,129064,2,16,4493108.581950108,7.550684931506849,5.0
C-001129128,S-0002,-100.0,1,1,女性,48,7,12,0.25,8948,1,15,4455566.655169959,5.663013698630137,2.0
C-001372569,S-0100,-21.31959629941127,0,1,女性,55,6,12,0.1666666666666666,6088,2,17,4535925.154217558,4.720547945205479,2.0
C-001553244,S-0117,-21.13014374451924,0,1,男性,23,6,12,0.0833333333333333,0,0,20,4500859.737076383,9.593150684931507,7.0
C-000820598,S-0020,-100.0,1,1,男性,54,9,12,0.25,10563,1,16,4280702.057267675,6.986301369863014,3.5
C-000988410,S-0072,-59.39954960431175,1,1,女性,49,8,12,0.4166666666666667,0,0,12,4406797.312641796,9.01917808219178,6.0
C-001127529,S-0007,-25.834268322461924,0,1,男性,52,7,12,0.1666666666666666,22779,2,21,4487075.727367008,3.7260273972602738,1.0
C-001244664,S-0048,-100.0,1,1,男性,53,7,12,0.3333333333333333,0,0,15,4502249.082895545,3.671232876712329,1.0
C-001452855,S-0074,-55.92488963835752,1,1,男性,33,6,12,0.25,3783,2,14,4614054.39694187,8.308219178082192,6.0
C-002183658,S-0121,-63.56442956711692,1,1,女性,66,3,12,0.4166666666666667,0,0,14,4716268.25678644,9.856164383561644,7.0
C-001092378,S-0074,-100.0,1,1,男性,70,8,12,0.3333333333333333,0,0,14,4614054.39694187,8.308219178082192,6.0
C-000614214,S-0048,-100.0,1,1,女性,58,10,12,0.1666666666666666,9780,2,15,4502249.082895545,3.671232876712329,1.0
C-000568243,S-0099,-10.383787066407598,0,1,女性,47,10,12,0.1666666666666666,87134,1,13,4464126.154078853,8.147945205479452,5.0
C-002023294,S-0048,-58.08130173435515,1,1,女性,43,3,12,0.1666666666666666,0,0,15,4502249.082895545,3.671232876712329,1.0
C-000865176,S-0074,-78.48965589758419,1,1,女性,45,9,12,0.6666666666666666,53399,1,14,4614054.39694187,8.308219178082192,6.0
C-002343164,S-0020,-63.64184650366376,1,1,男性,45,2,12,0.4166666666666667,0,0,16,4280702.057267675,6.986301369863014,3.5
C-001234823,S-0075,-25.733882524718123,0,1,女性,39,7,12,0.75,0,0,19,4506647.2743158825,4.526027397260274,1.0
C-002105404,S-0080,-76.88460254685587,1,1,女性,45,3,12,0.0,0,0,17,4457429.264950683,11.673972602739726,9.0
C-001700040,S-0050,-37.164303695104934,0,1,女性,19,5,12,0.1666666666666666,9948,1,20,4615411.181286601,9.2013698630137,6.0
C-001013273,S-0017,-19.615850896987364,0,1,女性,60,8,12,0.25,6553,2,20,4640207.03550726,5.608219178082192,2.5
C-001685092,S-0017,-40.07805234995503,0,1,男性,32,5,12,0.5833333333333334,35544,1,20,4640207.03550726,5.608219178082192,2.5
C-000508444,S-0004,-15.110593246548298,0,1,女性,51,10,12,0.3333333333333333,29712,1,22,4423576.351309,11.806849315068494,9.0
C-000963262,S-0036,-27.72302400358932,0,1,女性,46,8,12,0.25,0,0,19,4397834.424680548,11.123287671232877,9.0
C-000871216,S-0062,-48.47706735315751,0,1,女性,77,9,12,0.3333333333333333,0,0,15,4713869.782113416,4.575342465753424,1.0
C-001473935,S-0041,-100.0,1,1,男性,49,6,12,0.75,2008,2,17,4828489.286769263,10.389041095890411,7.0
C-000209439,S-0113,-100.0,1,1,男性,58,12,12,0.3333333333333333,0,0,16,4336633.961311346,5.77945205479452,2.5
C-000200463,S-0014,-100.0,1,1,女性,62,12,12,0.0833333333333333,1864,1,21,4730192.353344672,7.336986301369863,4.0
C-000924504,S-0048,-40.269297110131085,0,1,男性,43,8,12,0.25,11305,2,15,4502249.082895545,3.671232876712329,1.0
C-000217106,S-0002,-45.71716832016143,0,1,女性,74,12,12,0.0833333333333333,0,0,15,4455566.655169959,5.663013698630137,2.0
C-000312473,S-0008,-12.837633494970857,0,1,女性,44,11,12,0.0,2629,2,22,4498453.308937302,10.772602739726027,7.0
C-000106606,S-0048,-48.74332723948812,0,1,女性,61,12,12,0.1666666666666666,0,0,15,4502249.082895545,3.671232876712329,1.0
C-002020377,S-0102,-59.94076080057547,1,1,女性,42,4,12,0.1666666666666666,0,0,16,4383474.364435211,10.484931506849314,7.5
C-001149816,S-0040,-100.0,1,1,女性,31,7,12,0.25,8221,1,20,4550116.0180538,8.163013698630138,4.0
C-000441818,S-0036,-100.0,1,1,男性,60,11,12,0.0833333333333333,0,0,19,4397834.424680548,11.123287671232877,9.0
C-001253431,S-0097,-71.60874730395267,1,1,男性,78,7,12,0.0833333333333333,30776,2,21,4592508.716501317,10.09041095890411,7.0
C-002406933,S-0017,-50.81791994160508,1,1,男性,59,2,12,0.5833333333333334,4003,1,20,4640207.03550726,5.608219178082192,2.5
C-002264223,S-0100,-40.64147881138286,0,1,女性,59,2,12,0.25,12509,2,17,4535925.154217558,4.720547945205479,2.0
C-001015364,S-0018,-76.25162689804772,1,1,女性,49,8,12,0.1666666666666666,0,0,16,4493108.581950108,7.550684931506849,5.0
C-001290851,S-0089,-69.43320231303706,1,1,男性,53,7,12,0.1666666666666666,47832,1,19,4721110.949352573,10.142465753424657,7.0
C-001726708,S-0041,-32.10518387208655,0,1,女性,30,5,12,0.6666666666666666,43578,1,17,4828489.286769263,10.389041095890411,7.0
C-001792964,S-0048,-9.79259439592357,0,1,男性,28,5,12,0.3333333333333333,5868,2,15,4502249.082895545,3.671232876712329,1.0
C-000086365,S-0014,-100.0,1,1,女性,45,12,12,0.5833333333333334,0,0,21,4730192.353344672,7.336986301369863,4.0
C-001058480,S-0054,-14.308210074852006,0,1,男性,60,8,12,0.1666666666666666,103519,2,23,4489160.181517739,6.358904109589041,4.0
C-000779975,S-0096,-93.08905996686717,1,1,男性,46,9,12,0.4166666666666667,26145,1,16,4644856.458098179,8.302739726027397,5.0
C-001430312,S-0096,-100.0,1,1,女性,57,6,12,0.25,9422,2,16,4644856.458098179,8.302739726027397,5.0
C-001882195,S-0096,-20.490730383873963,0,1,男性,50,4,12,0.4166666666666667,12107,1,16,4644856.458098179,8.302739726027397,5.0
C-000462896,S-0062,-49.95615996097946,1,1,女性,54,10,12,0.0833333333333333,0,0,15,4713869.782113416,4.575342465753424,1.0
C-001994133,S-0074,-20.94192888829389,0,1,女性,44,4,12,0.25,29360,2,14,4614054.39694187,8.308219178082192,6.0
C-001776812,S-0115,-100.0,1,1,女性,45,5,12,0.0833333333333333,10496,2,14,4553643.099564746,10.51095890410959,7.0
C-002442660,S-0079,-35.48760305823679,0,1,女性,52,2,12,0.4166666666666667,52537,1,13,4256656.371085242,8.479452054794521,6.0
C-002474651,S-0102,-38.84156543245799,0,1,女性,40,1,12,0.4166666666666667,0,0,16,4383474.364435211,10.484931506849314,7.5
C-002156479,S-0014,-55.06831763543715,1,1,女性,64,3,12,0.3333333333333333,2236,1,21,4730192.353344672,7.336986301369863,4.0
C-000321869,S-0075,-53.512752188808534,1,1,男性,50,11,12,0.5833333333333334,0,0,19,4506647.2743158825,4.526027397260274,1.0
C-001310125,S-0030,-72.8323658552106,1,1,女性,50,7,12,0.0,10970,2,22,4426478.045479023,9.236986301369862,5.5
C-001292124,S-0005,-44.346929244181524,0,1,女性,19,7,12,0.6666666666666666,7724,2,21,4733942.970761149,4.69041095890411,2.0
C-002679443,S-0018,-40.03408582023435,0,1,男性,67,1,12,0.5,0,0,16,4493108.581950108,7.550684931506849,5.0
C-000356620,S-0096,-40.828215189513486,0,1,男性,56,11,12,0.4166666666666667,0,0,16,4644856.458098179,8.302739726027397,5.0
C-001782860,S-0054,-17.06654321151247,0,1,女性,57,5,12,0.3333333333333333,8575,2,23,4489160.181517739,6.358904109589041,4.0
C-002681971,S-0115,-100.0,1,1,女性,61,1,12,0.0833333333333333,0,0,14,4553643.099564746,10.51095890410959,7.0
C-001454885,S-0082,-74.1423703142749,1,1,女性,57,6,12,0.0833333333333333,0,0,17,4607261.71451126,4.758904109589041,2.0
C-000253006,S-0131,-19.90202117985274,0,1,女性,22,11,12,0.1666666666666666,2879,2,17,4569023.5643747775,5.13972602739726,2.0
C-001878904,S-0074,-93.93611556482621,1,1,女性,58,4,12,0.0833333333333333,0,0,14,4614054.39694187,8.308219178082192,6.0
C-002589676,S-0074,-53.73254459553194,1,1,女性,37,1,12,0.25,4816,1,14,4614054.39694187,8.308219178082192,6.0
C-002582127,S-0036,-100.0,1,1,男性,46,1,12,0.4166666666666667,0,0,19,4397834.424680548,11.123287671232877,9.0
C-001570123,S-0117,-72.64167585446528,1,1,女性,53,6,12,0.0833333333333333,0,0,20,4500859.737076383,9.593150684931507,7.0
C-001622398,S-0054,-6.122133088716306,0,1,女性,32,5,12,0.25,17676,2,23,4489160.181517739,6.358904109589041,4.0
C-000954094,S-0072,-42.1855219048455,0,1,女性,58,8,12,0.0,20235,2,12,4406797.312641796,9.01917808219178,6.0
C-001562095,S-0096,-40.776608155856486,0,1,男性,44,6,12,0.3333333333333333,0,0,16,4644856.458098179,8.302739726027397,5.0
C-000316577,S-0050,-32.7460197760221,0,1,女性,57,11,12,0.3333333333333333,37289,1,20,4615411.181286601,9.2013698630137,6.0
C-001184899,S-0121,-11.081306101669748,0,1,男性,65,7,12,0.3333333333333333,35747,1,14,4716268.25678644,9.856164383561644,7.0
C-000198000,S-0002,-18.5158144768096,0,1,女性,52,12,12,0.1666666666666666,8537,2,15,4455566.655169959,5.663013698630137,2.0
C-000776011,S-0050,-63.87515252713377,1,1,女性,52,9,12,0.5833333333333334,16548,1,20,4615411.181286601,9.2013698630137,6.0
C-001860576,S-0115,-100.0,1,1,男性,46,4,12,0.3333333333333333,0,0,14,4553643.099564746,10.51095890410959,7.0
C-000813041,S-0131,-100.0,1,1,男性,21,9,12,0.0833333333333333,0,0,17,4569023.5643747775,5.13972602739726,2.0
C-001251600,S-0131,-27.245303398526406,0,1,女性,30,7,12,0.25,0,0,17,4569023.5643747775,5.13972602739726,2.0
C-000710098,S-0004,-29.255219816208957,0,1,男性,51,9,12,0.4166666666666667,0,0,22,4423576.351309,11.806849315068494,9.0
C-000578140,S-0017,-34.770937854762515,0,1,女性,18,10,12,0.5,0,0,20,4640207.03550726,5.608219178082192,2.5
C-001765810,S-0004,-58.57245564087079,1,1,男性,34,5,12,0.1666666666666666,0,0,22,4423576.351309,11.806849315068494,9.0
C-001405160,S-0030,-68.19256938364896,1,1,男性,82,6,12,0.5,27634,1,22,4426478.045479023,9.236986301369862,5.5
C-001668716,S-0074,-100.0,1,1,女性,58,5,12,0.1666666666666666,7940,2,14,4614054.39694187,8.308219178082192,6.0
C-001293765,S-0030,-41.0052863384315,0,1,男性,62,7,12,0.25,0,0,22,4426478.045479023,9.236986301369862,5.5
C-000116204,S-0115,-98.23149858607437,1,1,男性,42,12,12,0.1666666666666666,880,1,14,4553643.099564746,10.51095890410959,7.0
C-000164238,S-0075,-16.279374127501164,0,1,男性,50,12,12,0.25,0,0,19,4506647.2743158825,4.526027397260274,1.0
C-002366753,S-0097,-27.55875224032022,0,1,女性,58,2,12,0.25,16991,1,21,4592508.716501317,10.09041095890411,7.0
C-001192980,S-0020,-15.400268284076196,0,1,女性,51,7,12,0.0833333333333333,39730,2,16,4280702.057267675,6.986301369863014,3.5
C-001393566,S-0096,-42.05507919599043,0,1,男性,39,6,12,0.0833333333333333,14122,1,16,4644856.458098179,8.302739726027397,5.0
C-002024147,S-0117,-84.40292785777608,1,1,男性,43,3,12,0.4166666666666667,1269,2,20,4500859.737076383,9.593150684931507,7.0
C-000065075,S-0089,-73.302271705681,1,1,男性,58,12,12,0.5,3852,1,19,4721110.949352573,10.142465753424657,7.0
C-002548212,S-0096,-53.502961701719464,1,1,女性,63,1,12,0.1666666666666666,21718,1,16,4644856.458098179,8.302739726027397,5.0
C-000476797,S-0113,-34.00576579740686,0,1,女性,30,10,12,0.25,70266,2,16,4336633.961311346,5.77945205479452,2.5
C-001034008,S-0020,-11.72552115059553,0,1,女性,34,8,12,0.5833333333333334,0,0,16,4280702.057267675,6.986301369863014,3.5
C-001058484,S-0041,-95.4798914820477,1,1,男性,32,8,12,0.0833333333333333,30169,1,17,4828489.286769263,10.389041095890411,7.0
C-002262633,S-0099,-48.895062737193804,1,1,男性,40,2,12,0.1666666666666666,25062,1,13,4464126.154078853,8.147945205479452,5.0
C-001200559,S-0102,-100.0,1,1,男性,51,7,12,0.1666666666666666,8434,1,16,4383474.364435211,10.484931506849314,7.5
C-002061071,S-0074,-100.0,1,1,男性,72,3,12,0.0833333333333333,2336,1,14,4614054.39694187,8.308219178082192,6.0
C-000722185,S-0117,-51.60302338038099,1,1,男性,18,9,12,0.5833333333333334,2850,1,20,4500859.737076383,9.593150684931507,7.0
C-001043827,S-0041,-10.953875723673189,0,1,男性,59,8,12,0.0833333333333333,0,0,17,4828489.286769263,10.389041095890411,7.0
C-000652678,S-0030,-66.9072624179873,1,1,女性,60,10,12,0.0833333333333333,10642,2,22,4426478.045479023,9.236986301369862,5.5
C-000361580,S-0050,-78.95791953438957,1,1,女性,44,11,12,0.25,1126,1,20,4615411.181286601,9.2013698630137,6.0
C-000631018,S-0039,-34.86869606413317,0,1,女性,24,10,12,0.6666666666666666,27542,2,16,4591288.568998441,8.193150684931506,5.0
C-002073255,S-0102,-19.053572165486504,0,1,男性,32,3,12,0.1666666666666666,4807,1,16,4383474.364435211,10.484931506849314,7.5
C-002296743,S-0075,-100.0,1,1,男性,47,2,12,0.25,13059,2,19,4506647.2743158825,4.526027397260274,1.0
C-002216868,S-0102,-30.57144477749999,0,1,男性,53,3,12,0.25,5039,2,16,4383474.364435211,10.484931506849314,7.5
C-000990646,S-0002,-23.966542850712646,0,1,男性,45,8,12,0.5,0,0,15,4455566.655169959,5.663013698630137,2.0
C-000049352,S-0002,-100.0,1,1,女性,50,12,12,0.5833333333333334,0,0,15,4455566.655169959,5.663013698630137,2.0
C-000806571,S-0121,-28.147101116121647,0,1,男性,45,9,12,0.3333333333333333,23054,1,14,4716268.25678644,9.856164383561644,7.0
C-001544892,S-0089,-23.280036975617932,0,1,女性,76,6,12,0.3333333333333333,32271,2,19,4721110.949352573,10.142465753424657,7.0
C-001398274,S-0080,-28.700877661818897,0,1,男性,53,6,12,0.25,0,0,17,4457429.264950683,11.673972602739726,9.0
C-000130812,S-0117,-64.72460901279594,1,1,男性,51,12,12,0.0833333333333333,8498,1,20,4500859.737076383,9.593150684931507,7.0
C-001406903,S-0117,-100.0,1,1,女性,41,6,12,0.25,0,0,20,4500859.737076383,9.593150684931507,7.0
C-000525530,S-0080,-80.45270874674837,1,1,女性,42,10,12,0.3333333333333333,34741,1,17,4457429.264950683,11.673972602739726,9.0
C-002486404,S-0059,-15.128221464751043,0,1,女性,52,1,12,0.75,0,0,14,4713188.969095345,6.8123287671232875,3.0
C-000547267,S-0018,-44.41493360060135,0,1,女性,32,10,12,0.5,1635,2,16,4493108.581950108,7.550684931506849,5.0
C-000195037,S-0054,-22.88868682276275,0,1,女性,49,12,12,0.0833333333333333,10279,1,23,4489160.181517739,6.358904109589041,4.0
C-000316977,S-0097,-97.06238470977337,1,1,男性,35,11,12,0.0,31871,1,21,4592508.716501317,10.09041095890411,7.0
C-000745933,S-0079,-74.32972467746565,1,1,女性,47,9,12,0.0833333333333333,17084,1,13,4256656.371085242,8.479452054794521,6.0
C-002418598,S-0089,-42.555828890314054,0,1,男性,52,2,12,0.75,9726,1,19,4721110.949352573,10.142465753424657,7.0
C-000027200,S-0117,-100.0,1,1,男性,24,12,12,0.3333333333333333,0,0,20,4500859.737076383,9.593150684931507,7.0
C-001066964,S-0079,-100.0,1,1,男性,45,8,12,0.0,19863,1,13,4256656.371085242,8.479452054794521,6.0
C-001498281,S-0102,-44.5648558273079,0,1,女性,76,6,12,0.1666666666666666,9950,2,16,4383474.364435211,10.484931506849314,7.5
C-001204645,S-0039,-67.75982977455062,1,1,女性,35,7,12,0.4166666666666667,12373,1,16,4591288.568998441,8.193150684931506,5.0
C-002281221,S-0080,-100.0,1,1,男性,39,2,12,0.75,0,0,17,4457429.264950683,11.673972602739726,9.0
C-000030191,S-0111,-37.96603755735301,0,1,男性,53,12,12,0.25,2759,1,19,4489501.980758176,6.397260273972603,4.0
C-001682431,S-0106,-26.991230204868906,0,1,男性,54,5,12,0.25,4087,2,20,4462729.145118021,6.171232876712329,3.5
C-000664366,S-0079,-59.42205099785672,1,1,女性,59,10,12,0.25,0,0,13,4256656.371085242,8.479452054794521,6.0
C-002611931,S-0089,-36.82314637936185,0,1,女性,24,1,12,0.0,7456,2,19,4721110.949352573,10.142465753424657,7.0
C-001835421,S-0117,-100.0,1,1,女性,51,4,12,0.0,9904,1,20,4500859.737076383,9.593150684931507,7.0
C-000143061,S-0117,-100.0,1,1,女性,52,12,12,0.0833333333333333,0,0,20,4500859.737076383,9.593150684931507,7.0
C-001430288,S-0017,-10.822721414236426,0,1,男性,60,6,12,0.0,33557,1,20,4640207.03550726,5.608219178082192,2.5
C-000289467,S-0040,-100.0,1,1,女性,65,11,12,0.0833333333333333,0,0,20,4550116.0180538,8.163013698630138,4.0
C-000586447,S-0089,-13.165270071339599,0,1,女性,34,10,12,0.4166666666666667,0,0,19,4721110.949352573,10.142465753424657,7.0
C-002543376,S-0117,-92.63059237264237,1,1,男性,49,1,12,0.5,58011,2,20,4500859.737076383,9.593150684931507,7.0
C-001296635,S-0117,-30.779291047660273,0,1,女性,52,7,12,0.25,4688,1,20,4500859.737076383,9.593150684931507,7.0
C-000497586,S-0004,-38.193101528228205,0,1,女性,36,10,12,0.3333333333333333,63615,1,22,4423576.351309,11.806849315068494,9.0
C-002260800,S-0079,-99.59181293369875,1,1,女性,61,2,12,0.3333333333333333,16099,1,13,4256656.371085242,8.479452054794521,6.0
C-000218500,S-0012,-42.563120399089286,0,1,女性,51,12,12,0.5,26962,1,16,4444678.825084195,7.994520547945205,5.0
C-002137914,S-0121,-22.68647562605515,0,1,女性,64,3,12,0.3333333333333333,17721,2,14,4716268.25678644,9.856164383561644,7.0
C-000567508,S-0115,-23.54944452978497,0,1,男性,40,10,12,0.0833333333333333,4769,2,14,4553643.099564746,10.51095890410959,7.0
C-001992835,S-0074,-15.631693429191074,0,1,男性,48,4,12,0.25,0,0,14,4614054.39694187,8.308219178082192,6.0
C-000220080,S-0097,-100.0,1,1,男性,54,12,12,0.25,0,0,21,4592508.716501317,10.09041095890411,7.0
C-000374035,S-0080,-100.0,1,1,男性,35,11,12,0.4166666666666667,-2323,1,17,4457429.264950683,11.673972602739726,9.0
C-000222326,S-0020,-75.05009333630183,1,1,男性,22,12,12,0.6666666666666666,17793,2,16,4280702.057267675,6.986301369863014,3.5
C-000135885,S-0113,-53.464269610323456,1,1,男性,34,12,12,0.1666666666666666,83221,1,16,4336633.961311346,5.77945205479452,2.5
C-000350752,S-0012,-79.43410363014,1,1,女性,44,11,12,0.1666666666666666,54368,2,16,4444678.825084195,7.994520547945205,5.0
C-001194900,S-0097,-21.310541199718372,0,1,男性,39,7,12,0.25,0,0,21,4592508.716501317,10.09041095890411,7.0
C-001519859,S-0117,-30.781122474474078,0,1,男性,44,6,12,0.3333333333333333,36290,2,20,4500859.737076383,9.593150684931507,7.0
C-002112159,S-0018,-60.28093154206322,1,1,女性,64,3,12,0.3333333333333333,0,0,16,4493108.581950108,7.550684931506849,5.0
C-000449346,S-0008,-86.93243183264045,1,1,男性,37,11,12,0.0,0,0,22,4498453.308937302,10.772602739726027,7.0
C-000900286,S-0099,-41.66356257081218,0,1,女性,49,9,12,0.3333333333333333,7671,1,13,4464126.154078853,8.147945205479452,5.0
C-002482478,S-0030,-10.898875481892343,0,1,女性,52,1,12,0.3333333333333333,0,0,22,4426478.045479023,9.236986301369862,5.5
C-000918821,S-0008,-100.0,1,1,女性,48,8,12,0.5,3784,1,22,4498453.308937302,10.772602739726027,7.0
C-000891221,S-0041,-100.0,1,1,男性,47,9,12,0.5833333333333334,0,0,17,4828489.286769263,10.389041095890411,7.0
C-001406660,S-0079,-13.29038256590633,0,1,女性,50,6,12,0.0,791,2,13,4256656.371085242,8.479452054794521,6.0
C-001780490,S-0036,-51.15476921785515,1,1,女性,39,5,12,0.1666666666666666,12637,1,19,4397834.424680548,11.123287671232877,9.0
C-002652212,S-0062,-25.86744138553463,0,1,男性,50,1,12,0.25,16281,1,15,4713869.782113416,4.575342465753424,1.0
C-001625354,S-0018,-88.14747149956153,1,1,男性,64,5,12,0.0,0,0,16,4493108.581950108,7.550684931506849,5.0
C-001653629,S-0113,-100.0,1,1,女性,52,5,12,0.0833333333333333,0,0,16,4336633.961311346,5.77945205479452,2.5
C-001768092,S-0062,-13.128603693969461,0,1,男性,43,5,12,0.5,0,0,15,4713869.782113416,4.575342465753424,1.0
C-002547855,S-0056,-31.332695238547252,0,1,女性,62,1,12,0.0,11597,1,15,4406070.585753419,7.528767123287671,4.0
C-000798136,S-0115,-18.065654502131476,0,1,男性,49,9,12,0.3333333333333333,2448,2,14,4553643.099564746,10.51095890410959,7.0
C-001529660,S-0097,-100.0,1,1,女性,51,6,12,0.0833333333333333,24738,1,21,4592508.716501317,10.09041095890411,7.0
C-000865895,S-0115,-52.01932879154635,1,1,女性,49,9,12,0.25,3559,2,14,4553643.099564746,10.51095890410959,7.0
C-001492152,S-0018,-96.92840766986244,1,1,女性,31,6,12,0.25,10354,2,16,4493108.581950108,7.550684931506849,5.0
C-001603206,S-0111,-33.43104987233807,0,1,男性,34,5,12,0.3333333333333333,29459,1,19,4489501.980758176,6.397260273972603,4.0
C-000741593,S-0096,-25.02039404064665,0,1,男性,42,9,12,0.3333333333333333,26685,1,16,4644856.458098179,8.302739726027397,5.0
C-002513299,S-0040,-46.584638941295495,0,1,男性,62,1,12,0.1666666666666666,0,0,20,4550116.0180538,8.163013698630138,4.0
C-002333584,S-0097,-26.940664067167013,0,1,女性,63,2,12,0.3333333333333333,0,0,21,4592508.716501317,10.09041095890411,7.0
C-001703972,S-0115,-100.0,1,1,女性,51,5,12,0.25,32821,1,14,4553643.099564746,10.51095890410959,7.0
C-002171580,S-0096,-25.741178239971923,0,1,女性,58,3,12,0.0833333333333333,0,0,16,4644856.458098179,8.302739726027397,5.0
C-000028530,S-0080,-100.0,1,1,女性,29,12,12,0.3333333333333333,1879,1,17,4457429.264950683,11.673972602739726,9.0
C-001119497,S-0012,-56.468157510938255,1,1,女性,38,8,12,0.25,1517,1,16,4444678.825084195,7.994520547945205,5.0
C-001946528,S-0117,-37.48404423380727,0,1,女性,70,4,12,0.3333333333333333,86641,1,20,4500859.737076383,9.593150684931507,7.0
C-000371888,S-0039,-89.82871134527727,1,1,男性,37,11,12,0.25,9175,2,16,4591288.568998441,8.193150684931506,5.0
C-001552087,S-0106,-100.0,1,1,男性,35,6,12,0.1666666666666666,0,0,20,4462729.145118021,6.171232876712329,3.5
C-002427089,S-0117,-100.0,1,1,女性,44,2,12,0.3333333333333333,5864,2,20,4500859.737076383,9.593150684931507,7.0
C-000280186,S-0111,-32.21513920982101,0,1,女性,70,11,12,0.25,36233,1,19,4489501.980758176,6.397260273972603,4.0
C-000763858,S-0036,-54.88558478885695,1,1,男性,81,9,12,0.1666666666666666,38732,2,19,4397834.424680548,11.123287671232877,9.0
C-001696444,S-0111,-28.000618660461598,0,1,女性,32,5,12,0.3333333333333333,4719,1,19,4489501.980758176,6.397260273972603,4.0
C-001924464,S-0050,-6.932338238400337,0,1,女性,47,4,12,0.6666666666666666,0,0,20,4615411.181286601,9.2013698630137,6.0
C-000246329,S-0096,-52.27287083873915,1,1,男性,53,11,12,0.25,19666,2,16,4644856.458098179,8.302739726027397,5.0
C-001207737,S-0054,-100.0,1,1,女性,52,7,12,0.25,0,0,23,4489160.181517739,6.358904109589041,4.0
C-001421209,S-0020,-13.703033277456612,0,1,男性,70,6,12,0.25,10880,2,16,4280702.057267675,6.986301369863014,3.5
C-000381256,S-0036,-100.0,1,1,女性,82,11,12,0.3333333333333333,10180,1,19,4397834.424680548,11.123287671232877,9.0
C-000585693,S-0056,-100.0,1,1,女性,41,10,12,0.1666666666666666,0,0,15,4406070.585753419,7.528767123287671,4.0
C-000774403,S-0002,-21.84608808717031,0,1,女性,48,9,12,0.4166666666666667,0,0,15,4455566.655169959,5.663013698630137,2.0
C-000827254,S-0007,-21.5432240911898,0,1,女性,56,9,12,0.25,56272,2,21,4487075.727367008,3.7260273972602738,1.0
C-000770454,S-0097,-31.944180245067,0,1,男性,50,9,12,0.4166666666666667,0,0,21,4592508.716501317,10.09041095890411,7.0
C-000995720,S-0018,-37.1733248236569,0,1,女性,45,8,12,0.4166666666666667,24037,1,16,4493108.581950108,7.550684931506849,5.0
C-001392119,S-0097,-98.27342313314368,1,1,男性,30,6,12,0.3333333333333333,0,0,21,4592508.716501317,10.09041095890411,7.0
C-002465159,S-0097,-66.9328314683759,1,1,男性,35,2,12,0.0833333333333333,17972,2,21,4592508.716501317,10.09041095890411,7.0
C-000872994,S-0126,-100.0,1,1,女性,75,9,12,0.5,0,0,17,4493168.352495564,5.53972602739726,3.0
C-000044132,S-0036,-100.0,1,1,女性,37,12,12,0.3333333333333333,0,0,19,4397834.424680548,11.123287671232877,9.0
C-002438932,S-0121,-25.564438955725745,0,1,女性,56,2,12,0.3333333333333333,5887,1,14,4716268.25678644,9.856164383561644,7.0
C-000143471,S-0131,-31.341433318602608,0,1,女性,45,12,12,0.0833333333333333,0,0,17,4569023.5643747775,5.13972602739726,2.0
C-000745055,S-0017,-100.0,1,1,女性,57,9,12,0.5,0,0,20,4640207.03550726,5.608219178082192,2.5
C-002330480,S-0020,-13.93223228400953,0,1,女性,73,2,12,0.0833333333333333,91604,1,16,4280702.057267675,6.986301369863014,3.5
C-001475442,S-0018,-66.90479209818095,1,1,女性,66,6,12,0.0,5874,1,16,4493108.581950108,7.550684931506849,5.0
C-002427007,S-0117,-100.0,1,1,男性,59,2,12,0.1666666666666666,62527,1,20,4500859.737076383,9.593150684931507,7.0
C-000189473,S-0004,-52.23686083336298,1,1,男性,52,12,12,0.1666666666666666,3145,2,22,4423576.351309,11.806849315068494,9.0
C-002185413,S-0036,-100.0,1,1,女性,51,3,12,0.3333333333333333,2649,2,19,4397834.424680548,11.123287671232877,9.0
C-001961365,S-0018,-100.0,1,1,女性,33,4,12,0.3333333333333333,0,0,16,4493108.581950108,7.550684931506849,5.0
C-001939270,S-0039,-63.671722358030195,1,1,女性,40,4,12,0.3333333333333333,0,0,16,4591288.568998441,8.193150684931506,5.0
C-002037487,S-0097,-25.12848057019114,0,1,男性,60,3,12,0.3333333333333333,0,0,21,4592508.716501317,10.09041095890411,7.0
C-001245602,S-0121,-60.02198160058617,1,1,女性,41,7,12,0.25,0,0,14,4716268.25678644,9.856164383561644,7.0
C-000842890,S-0075,-36.65779653277488,0,1,女性,57,9,12,0.5833333333333334,0,0,19,4506647.2743158825,4.526027397260274,1.0
C-001675997,S-0056,-100.0,1,1,女性,68,5,12,0.3333333333333333,0,0,15,4406070.585753419,7.528767123287671,4.0
C-002329817,S-0020,-24.284068738219375,0,1,男性,56,2,12,0.5833333333333334,0,0,16,4280702.057267675,6.986301369863014,3.5
C-002502867,S-0041,-33.302949772979176,0,1,女性,79,1,12,0.1666666666666666,2238,2,17,4828489.286769263,10.389041095890411,7.0
C-001259202,S-0074,-28.863392718065562,0,1,女性,60,7,12,0.5833333333333334,3798,1,14,4614054.39694187,8.308219178082192,6.0
C-001393926,S-0113,-91.15995274086782,1,1,男性,45,6,12,0.1666666666666666,37506,1,16,4336633.961311346,5.77945205479452,2.5
C-002425596,S-0018,-100.0,1,1,女性,53,2,12,0.25,19229,1,16,4493108.581950108,7.550684931506849,5.0
C-002461581,S-0012,-33.93634673389564,0,1,女性,55,2,12,0.0833333333333333,12659,2,16,4444678.825084195,7.994520547945205,5.0
C-000857726,S-0079,-100.0,1,1,男性,60,9,12,0.0833333333333333,184002,2,13,4256656.371085242,8.479452054794521,6.0
C-000930223,S-0036,-30.529955974674277,0,1,男性,53,8,12,0.1666666666666666,11125,2,19,4397834.424680548,11.123287671232877,9.0
C-000138584,S-0121,-100.0,1,1,女性,53,12,12,0.0,6059,2,14,4716268.25678644,9.856164383561644,7.0
C-002482505,S-0039,-16.867054707808016,0,1,女性,51,1,12,0.4166666666666667,6367,1,16,4591288.568998441,8.193150684931506,5.0
C-000937671,S-0002,-18.92454279892061,0,1,女性,66,8,12,0.3333333333333333,53069,1,15,4455566.655169959,5.663013698630137,2.0
C-001971292,S-0012,-27.38672666476065,0,1,女性,26,4,12,0.25,30187,1,16,4444678.825084195,7.994520547945205,5.0
C-000985605,S-0056,-79.75475491147755,1,1,女性,53,8,12,0.1666666666666666,64450,2,15,4406070.585753419,7.528767123287671,4.0
C-001650086,S-0113,-78.33077143718697,1,1,男性,46,5,12,0.5,0,0,16,4336633.961311346,5.77945205479452,2.5
C-001547164,S-0096,-39.701210750484876,0,1,男性,57,6,12,0.25,0,0,16,4644856.458098179,8.302739726027397,5.0
C-000074358,S-0072,-40.54357943531171,0,1,女性,49,12,12,0.1666666666666666,14122,2,12,4406797.312641796,9.01917808219178,6.0
C-002188064,S-0115,-24.64155696590493,0,1,女性,52,3,12,0.3333333333333333,7095,1,14,4553643.099564746,10.51095890410959,7.0
C-001465816,S-0059,-100.0,1,1,男性,32,6,12,0.75,5535,1,14,4713188.969095345,6.8123287671232875,3.0
C-000823181,S-0017,-40.2558082056352,0,1,女性,32,9,12,1.0,17871,1,20,4640207.03550726,5.608219178082192,2.5
C-001203619,S-0039,-53.172581049814625,1,1,女性,32,7,12,0.5833333333333334,0,0,16,4591288.568998441,8.193150684931506,5.0
C-000063712,S-0040,-100.0,1,1,女性,14,12,12,0.0833333333333333,41827,1,20,4550116.0180538,8.163013698630138,4.0
C-001946345,S-0072,-45.7469997490565,0,1,女性,60,4,12,0.25,0,0,12,4406797.312641796,9.01917808219178,6.0
C-001442670,S-0050,-35.06513390587118,0,1,女性,53,6,12,0.1666666666666666,3321,1,20,4615411.181286601,9.2013698630137,6.0
C-001273753,S-0048,-100.0,1,1,女性,61,7,12,0.25,0,0,15,4502249.082895545,3.671232876712329,1.0
C-002199348,S-0017,-20.47958710276038,0,1,女性,20,3,12,0.75,12016,2,20,4640207.03550726,5.608219178082192,2.5
C-002493774,S-0002,-20.52622888873375,0,1,女性,51,1,12,0.1666666666666666,63925,2,15,4455566.655169959,5.663013698630137,2.0
C-001740903,S-0080,-25.02293663870581,0,1,男性,54,5,12,0.1666666666666666,0,0,17,4457429.264950683,11.673972602739726,9.0
C-002522235,S-0004,-56.600989244301346,1,1,男性,54,1,12,0.0833333333333333,0,0,22,4423576.351309,11.806849315068494,9.0
C-000227135,S-0012,-54.62246624681097,1,1,男性,45,11,12,0.1666666666666666,0,0,16,4444678.825084195,7.994520547945205,5.0
C-000525032,S-0089,-100.0,1,1,男性,42,10,12,0.8333333333333334,114986,1,19,4721110.949352573,10.142465753424657,7.0
C-000423798,S-0089,-100.0,1,1,男性,77,11,12,0.5,0,0,19,4721110.949352573,10.142465753424657,7.0
C-002603581,S-0096,-45.115535726177,0,1,女性,35,1,12,0.0,49070,1,16,4644856.458098179,8.302739726027397,5.0
C-001198339,S-0097,-100.0,1,1,女性,79,7,12,0.0833333333333333,21200,1,21,4592508.716501317,10.09041095890411,7.0
C-000672003,S-0096,-28.61767231392005,0,1,男性,65,10,12,0.25,0,0,16,4644856.458098179,8.302739726027397,5.0
C-002238006,S-0082,-100.0,1,1,男性,47,3,12,0.1666666666666666,0,0,17,4607261.71451126,4.758904109589041,2.0
C-002419476,S-0030,-34.58413413745112,0,1,女性,31,2,12,0.6666666666666666,9904,1,22,4426478.045479023,9.236986301369862,5.5
C-001304044,S-0117,-63.35770340063049,1,1,女性,38,7,12,0.25,11898,2,20,4500859.737076383,9.593150684931507,7.0
C-000254423,S-0115,-100.0,1,1,女性,57,11,12,0.4166666666666667,0,0,14,4553643.099564746,10.51095890410959,7.0
C-000839891,S-0102,-89.21828697807625,1,1,男性,38,9,12,0.0833333333333333,46510,2,16,4383474.364435211,10.484931506849314,7.5
C-000314227,S-0089,-65.08417748608932,1,1,男性,46,11,12,0.1666666666666666,16328,2,19,4721110.949352573,10.142465753424657,7.0
C-001299417,S-0018,-90.27136343579937,1,1,女性,20,7,12,0.4166666666666667,17236,2,16,4493108.581950108,7.550684931506849,5.0
C-000724000,S-0111,-24.700695489879116,0,1,女性,39,9,12,0.25,17669,2,19,4489501.980758176,6.397260273972603,4.0
C-000528410,S-0115,-100.0,1,1,男性,52,10,12,0.5,0,0,14,4553643.099564746,10.51095890410959,7.0
C-000697102,S-0014,-85.06116914732982,1,1,男性,56,9,12,0.25,12425,2,21,4730192.353344672,7.336986301369863,4.0
C-001002274,S-0113,-79.7171866468859,1,1,女性,51,8,12,0.25,14466,2,16,4336633.961311346,5.77945205479452,2.5
C-002205644,S-0096,-80.23730995092913,1,1,女性,59,3,12,0.1666666666666666,63457,2,16,4644856.458098179,8.302739726027397,5.0
C-000040471,S-0014,-17.42329708480439,0,1,男性,29,12,12,0.0833333333333333,0,0,21,4730192.353344672,7.336986301369863,4.0
C-000166935,S-0072,-63.64564818733248,1,1,女性,62,12,12,0.4166666666666667,0,0,12,4406797.312641796,9.01917808219178,6.0
C-000057788,S-0089,-65.98027623336436,1,1,男性,37,12,12,0.1666666666666666,0,0,19,4721110.949352573,10.142465753424657,7.0
C-000381311,S-0007,-100.0,1,1,女性,50,11,12,0.3333333333333333,6725,2,21,4487075.727367008,3.7260273972602738,1.0
C-000462971,S-0002,-18.221761641413785,0,1,男性,36,10,12,0.75,7243,1,15,4455566.655169959,5.663013698630137,2.0
C-001380439,S-0014,-100.0,1,1,女性,35,6,12,0.4166666666666667,0,0,21,4730192.353344672,7.336986301369863,4.0
C-001269903,S-0030,-100.0,1,1,女性,38,7,12,0.0833333333333333,115473,2,22,4426478.045479023,9.236986301369862,5.5
C-001324400,S-0040,-84.42094963715924,1,1,女性,32,7,12,0.3333333333333333,0,0,20,4550116.0180538,8.163013698630138,4.0
C-001097466,S-0121,-88.4597240728633,1,1,男性,60,8,12,0.25,3455,2,14,4716268.25678644,9.856164383561644,7.0
C-002571007,S-0102,-100.0,1,1,女性,46,1,12,0.0833333333333333,59543,2,16,4383474.364435211,10.484931506849314,7.5
C-000244179,S-0050,-45.476662167457654,0,1,女性,48,11,12,0.8333333333333334,21741,1,20,4615411.181286601,9.2013698630137,6.0
C-002018197,S-0080,-59.62849221582427,1,1,男性,25,4,12,0.3333333333333333,39479,2,17,4457429.264950683,11.673972602739726,9.0
C-001364372,S-0072,-29.29334229620441,0,1,男性,53,6,12,0.25,3508,2,12,4406797.312641796,9.01917808219178,6.0
C-000820172,S-0096,-64.60501722208679,1,1,男性,42,9,12,0.25,0,0,16,4644856.458098179,8.302739726027397,5.0
C-000647663,S-0059,-35.626756568599646,0,1,男性,55,10,12,0.4166666666666667,35082,2,14,4713188.969095345,6.8123287671232875,3.0
C-000584404,S-0099,-24.078056435442154,0,1,女性,54,10,12,0.1666666666666666,0,0,13,4464126.154078853,8.147945205479452,5.0
C-000513009,S-0039,-61.05645032690161,1,1,女性,49,10,12,0.5833333333333334,0,0,16,4591288.568998441,8.193150684931506,5.0
C-002336665,S-0072,-96.66582429138576,1,1,男性,27,2,12,0.0,0,0,12,4406797.312641796,9.01917808219178,6.0
C-000660294,S-0096,-100.0,1,1,男性,24,10,12,0.4166666666666667,2933,1,16,4644856.458098179,8.302739726027397,5.0
C-000029165,S-0050,-25.0622126339248,0,1,女性,39,12,12,0.25,15127,1,20,4615411.181286601,9.2013698630137,6.0
C-001014009,S-0100,-10.010200541612514,0,1,女性,59,8,12,0.25,52080,1,17,4535925.154217558,4.720547945205479,2.0
C-000918066,S-0012,-41.96472475337509,0,1,女性,47,8,12,0.25,19403,1,16,4444678.825084195,7.994520547945205,5.0
C-000366682,S-0102,-64.19548218408049,1,1,女性,66,11,12,0.0,10458,1,16,4383474.364435211,10.484931506849314,7.5
C-002209682,S-0007,-48.15786648855599,0,1,男性,47,3,12,0.25,11718,2,21,4487075.727367008,3.7260273972602738,1.0
C-001534422,S-0115,-100.0,1,1,女性,49,6,12,0.0,4767,1,14,4553643.099564746,10.51095890410959,7.0
C-001665111,S-0100,-23.2500574218446,0,1,女性,50,5,12,0.1666666666666666,0,0,17,4535925.154217558,4.720547945205479,2.0
C-000315238,S-0054,-100.0,1,1,女性,33,11,12,0.4166666666666667,4177,1,23,4489160.181517739,6.358904109589041,4.0
C-002388844,S-0080,-47.87455895864902,0,1,男性,45,2,12,0.3333333333333333,2657,1,17,4457429.264950683,11.673972602739726,9.0
C-001819832,S-0059,-100.0,1,1,男性,36,4,12,0.0,22032,2,14,4713188.969095345,6.8123287671232875,3.0
C-000297340,S-0007,-90.20526986430053,1,1,男性,23,11,12,0.4166666666666667,61346,1,21,4487075.727367008,3.7260273972602738,1.0
C-002514106,S-0012,-38.28369177038801,0,1,女性,59,1,12,0.1666666666666666,80951,1,16,4444678.825084195,7.994520547945205,5.0
C-002369255,S-0040,-46.758526741519795,0,1,女性,26,2,12,0.1666666666666666,0,0,20,4550116.0180538,8.163013698630138,4.0
C-001145548,S-0039,-100.0,1,1,女性,69,7,12,0.1666666666666666,7179,1,16,4591288.568998441,8.193150684931506,5.0
C-001508262,S-0036,-18.23800836364067,0,1,女性,54,6,12,0.0,5247,1,19,4397834.424680548,11.123287671232877,9.0
C-001087654,S-0102,-100.0,1,1,女性,42,8,12,0.0,10857,1,16,4383474.364435211,10.484931506849314,7.5
C-002574716,S-0106,-70.84956608183992,1,1,女性,35,1,12,0.0833333333333333,0,0,20,4462729.145118021,6.171232876712329,3.5
C-001992758,S-0048,-32.72594752186589,0,1,男性,50,4,12,0.25,0,0,15,4502249.082895545,3.671232876712329,1.0
C-001361013,S-0072,-91.33802928123569,1,1,男性,63,6,12,0.1666666666666666,16236,2,12,4406797.312641796,9.01917808219178,6.0
C-001700675,S-0097,-37.0856052083964,0,1,女性,69,5,12,0.0,0,0,21,4592508.716501317,10.09041095890411,7.0
C-000026357,S-0020,-41.42821091328208,0,1,女性,54,12,12,0.25,4503,1,16,4280702.057267675,6.986301369863014,3.5
C-001332569,S-0080,-100.0,1,1,女性,60,7,12,0.25,5537,2,17,4457429.264950683,11.673972602739726,9.0
C-001395417,S-0075,-100.0,1,1,女性,60,6,12,0.0,1784,1,19,4506647.2743158825,4.526027397260274,1.0
C-002282643,S-0097,-50.014546103389826,1,1,女性,42,2,12,0.3333333333333333,4654,2,21,4592508.716501317,10.09041095890411,7.0
C-002057969,S-0080,-72.34688652191724,1,1,男性,32,3,12,0.5,14652,2,17,4457429.264950683,11.673972602739726,9.0
C-002411109,S-0008,-54.88931142197474,1,1,男性,36,2,12,0.1666666666666666,2598,2,22,4498453.308937302,10.772602739726027,7.0
C-002062263,S-0097,-67.83534755031192,1,1,男性,48,3,12,0.1666666666666666,18401,2,21,4592508.716501317,10.09041095890411,7.0
C-001427447,S-0039,-47.98012872330629,0,1,女性,46,6,12,0.25,3789,1,16,4591288.568998441,8.193150684931506,5.0
C-001024228,S-0017,-47.70638161053193,0,1,女性,49,8,12,0.6666666666666666,9477,1,20,4640207.03550726,5.608219178082192,2.5
C-001943344,S-0074,-51.24387577287467,1,1,女性,44,4,12,0.25,3155,2,14,4614054.39694187,8.308219178082192,6.0
C-001059110,S-0080,-33.10522785918087,0,1,女性,55,8,12,0.1666666666666666,6256,2,17,4457429.264950683,11.673972602739726,9.0
C-002176151,S-0115,-84.70493696273137,1,1,女性,53,3,12,0.1666666666666666,13933,1,14,4553643.099564746,10.51095890410959,7.0
C-001357088,S-0036,-62.33253144008293,1,1,男性,38,6,12,0.4166666666666667,14663,2,19,4397834.424680548,11.123287671232877,9.0
C-000842706,S-0012,-50.1663065947559,1,1,男性,64,9,12,0.1666666666666666,19354,1,16,4444678.825084195,7.994520547945205,5.0
C-000153557,S-0040,-100.0,1,1,女性,41,12,12,0.25,0,0,20,4550116.0180538,8.163013698630138,4.0
C-000751068,S-0004,-58.488894607649065,1,1,女性,41,9,12,0.25,31291,1,22,4423576.351309,11.806849315068494,9.0
C-001272726,S-0056,-32.11622134972602,0,1,女性,48,7,12,0.5833333333333334,0,0,15,4406070.585753419,7.528767123287671,4.0
C-000426326,S-0097,-100.0,1,1,男性,45,11,12,0.0833333333333333,0,0,21,4592508.716501317,10.09041095890411,7.0
C-000520116,S-0097,-38.002288991460304,0,1,男性,48,10,12,0.4166666666666667,30215,1,21,4592508.716501317,10.09041095890411,7.0
C-000670751,S-0007,-27.455065677176925,0,1,女性,35,10,12,0.1666666666666666,15865,1,21,4487075.727367008,3.7260273972602738,1.0
C-001794320,S-0014,-91.3502674882086,1,1,女性,42,5,12,0.3333333333333333,943,2,21,4730192.353344672,7.336986301369863,4.0
C-001881278,S-0014,-100.0,1,1,男性,40,4,12,0.25,32067,1,21,4730192.353344672,7.336986301369863,4.0
C-000715591,S-0063,-100.0,1,1,女性,46,9,12,0.1666666666666666,0,0,18,4564012.176421695,5.749315068493151,3.0
C-000406187,S-0036,-100.0,1,1,女性,43,11,12,0.3333333333333333,17128,1,19,4397834.424680548,11.123287671232877,9.0
C-002452651,S-0004,-38.135829828816725,0,1,男性,71,2,12,0.25,0,0,22,4423576.351309,11.806849315068494,9.0
C-001269512,S-0004,-100.0,1,1,女性,46,7,12,0.3333333333333333,0,0,22,4423576.351309,11.806849315068494,9.0
C-001338960,S-0080,-100.0,1,1,女性,58,7,12,0.4166666666666667,11439,2,17,4457429.264950683,11.673972602739726,9.0
C-000029889,S-0002,-100.0,1,1,女性,31,12,12,0.5833333333333334,35406,1,15,4455566.655169959,5.663013698630137,2.0
C-002416990,S-0012,-41.39795028169358,0,1,女性,41,2,12,0.1666666666666666,875,1,16,4444678.825084195,7.994520547945205,5.0
C-001500971,S-0039,-25.337926797156147,0,1,男性,38,6,12,0.1666666666666666,0,0,16,4591288.568998441,8.193150684931506,5.0
C-000410717,S-0113,-19.601119429018844,0,1,男性,45,11,12,0.0833333333333333,0,0,16,4336633.961311346,5.77945205479452,2.5
C-000778725,S-0115,-100.0,1,1,男性,52,9,12,0.4166666666666667,0,0,14,4553643.099564746,10.51095890410959,7.0
C-002568361,S-0096,-100.0,1,1,男性,51,1,12,0.5,0,0,16,4644856.458098179,8.302739726027397,5.0
C-002007434,S-0002,-91.80727994115418,1,1,男性,48,4,12,0.0,2621,1,15,4455566.655169959,5.663013698630137,2.0
C-002239347,S-0036,-33.192039700643384,0,1,女性,37,3,12,0.25,6343,2,19,4397834.424680548,11.123287671232877,9.0
C-002310657,S-0121,-22.52631611055359,0,1,女性,42,2,12,0.3333333333333333,139052,1,14,4716268.25678644,9.856164383561644,7.0
C-001398112,S-0014,-100.0,1,1,女性,60,6,12,0.0,6124,1,21,4730192.353344672,7.336986301369863,4.0
C-000337438,S-0017,-97.73519627411844,1,1,女性,18,11,12,0.8333333333333334,9716,2,20,4640207.03550726,5.608219178082192,2.5
C-000372033,S-0004,-7.245365737061084,0,1,男性,24,11,12,0.1666666666666666,18619,1,22,4423576.351309,11.806849315068494,9.0
C-002321903,S-0113,-94.41092274199907,1,1,男性,58,2,12,0.1666666666666666,0,0,16,4336633.961311346,5.77945205479452,2.5
C-000309682,S-0096,-14.411578986034106,0,1,女性,36,11,12,0.3333333333333333,11448,1,16,4644856.458098179,8.302739726027397,5.0
C-002110790,S-0041,-24.838806853615484,0,1,男性,41,3,12,0.4166666666666667,5974,1,17,4828489.286769263,10.389041095890411,7.0
C-000112606,S-0100,-100.0,1,1,女性,55,12,12,0.4166666666666667,0,0,17,4535925.154217558,4.720547945205479,2.0
C-000451587,S-0005,-21.448624151709183,0,1,女性,50,11,12,0.25,4773,1,21,4733942.970761149,4.69041095890411,2.0
C-001921206,S-0036,-42.36148028064488,0,1,女性,44,4,12,0.75,14610,1,19,4397834.424680548,11.123287671232877,9.0
C-002297565,S-0080,-53.59759856884406,1,1,女性,23,2,12,0.3333333333333333,12273,1,17,4457429.264950683,11.673972602739726,9.0
C-000815374,S-0106,-100.0,1,1,男性,51,9,12,0.0833333333333333,23325,1,20,4462729.145118021,6.171232876712329,3.5
C-000663455,S-0048,-100.0,1,1,男性,35,10,12,0.0833333333333333,0,0,15,4502249.082895545,3.671232876712329,1.0
C-000095426,S-0002,-65.67602892910047,1,1,女性,63,12,12,0.3333333333333333,3481,1,15,4455566.655169959,5.663013698630137,2.0
C-002371424,S-0018,-61.92298822206128,1,1,女性,23,2,12,0.3333333333333333,6263,1,16,4493108.581950108,7.550684931506849,5.0
C-001143777,S-0002,-60.694189130404276,1,1,男性,68,7,12,0.0833333333333333,4315,1,15,4455566.655169959,5.663013698630137,2.0
C-001343988,S-0040,-100.0,1,1,女性,49,7,12,0.0,0,0,20,4550116.0180538,8.163013698630138,4.0
C-001011863,S-0012,-100.0,1,1,女性,70,8,12,0.1666666666666666,3481,2,16,4444678.825084195,7.994520547945205,5.0
C-001906888,S-0113,-63.92386547861383,1,1,男性,46,4,12,0.25,26046,1,16,4336633.961311346,5.77945205479452,2.5
C-000390808,S-0115,-74.21744485226871,1,1,男性,38,11,12,0.1666666666666666,6885,1,14,4553643.099564746,10.51095890410959,7.0
C-001842073,S-0079,-62.105107990098155,1,1,男性,42,4,12,0.0,4610,1,13,4256656.371085242,8.479452054794521,6.0
C-001358634,S-0020,-22.829620314548375,0,1,男性,45,6,12,0.25,12211,2,16,4280702.057267675,6.986301369863014,3.5
C-000952233,S-0074,-100.0,1,1,女性,31,8,12,0.0833333333333333,0,0,14,4614054.39694187,8.308219178082192,6.0
C-000800779,S-0117,-16.4875631268145,0,1,女性,19,9,12,0.3333333333333333,0,0,20,4500859.737076383,9.593150684931507,7.0
C-001558927,S-0085,-100.0,1,1,女性,30,6,12,0.3333333333333333,27460,2,15,4606655.398026554,4.928767123287671,2.0
C-000527127,S-0113,-100.0,1,1,男性,56,10,12,0.0833333333333333,2945,2,16,4336633.961311346,5.77945205479452,2.5
C-002595927,S-0075,-45.04655048937694,0,1,女性,41,1,12,0.0833333333333333,36553,2,19,4506647.2743158825,4.526027397260274,1.0
C-000306344,S-0018,-100.0,1,1,女性,37,11,12,0.1666666666666666,0,0,16,4493108.581950108,7.550684931506849,5.0
C-002090947,S-0080,-100.0,1,1,女性,67,3,12,0.1666666666666666,0,0,17,4457429.264950683,11.673972602739726,9.0
C-000419720,S-0004,-56.060550364287344,1,1,女性,60,11,12,0.9166666666666666,70708,2,22,4423576.351309,11.806849315068494,9.0
C-001331768,S-0002,-26.455764966526253,0,1,女性,45,7,12,0.3333333333333333,30779,2,15,4455566.655169959,5.663013698630137,2.0
C-001465830,S-0072,-31.27230954582388,0,1,男性,32,6,12,0.3333333333333333,20709,1,12,4406797.312641796,9.01917808219178,6.0
C-000698419,S-0075,-100.0,1,1,女性,20,9,12,0.25,0,0,19,4506647.2743158825,4.526027397260274,1.0
C-001508200,S-0082,-100.0,1,1,女性,48,6,12,0.4166666666666667,592,1,17,4607261.71451126,4.758904109589041,2.0
C-001331298,S-0036,-37.100905768314,0,1,女性,46,7,12,0.3333333333333333,12238,1,19,4397834.424680548,11.123287671232877,9.0
C-001190418,S-0048,-100.0,1,1,女性,72,7,12,0.1666666666666666,195397,1,15,4502249.082895545,3.671232876712329,1.0
C-002590813,S-0079,-74.96313018546135,1,1,男性,50,1,12,0.0833333333333333,10111,1,13,4256656.371085242,8.479452054794521,6.0
C-002171149,S-0048,-100.0,1,1,女性,54,3,12,0.4166666666666667,19554,2,15,4502249.082895545,3.671232876712329,1.0
C-001127687,S-0121,-100.0,1,1,男性,56,7,12,0.25,17426,2,14,4716268.25678644,9.856164383561644,7.0
C-002019082,S-0074,-31.863376116943066,0,1,女性,57,4,12,0.1666666666666666,3126,1,14,4614054.39694187,8.308219178082192,6.0
C-000633431,S-0113,-38.577323772155324,0,1,女性,54,10,12,0.3333333333333333,8808,2,16,4336633.961311346,5.77945205479452,2.5
C-001461966,S-0036,-30.59292649769006,0,1,男性,44,6,12,0.3333333333333333,12389,2,19,4397834.424680548,11.123287671232877,9.0
C-002540668,S-0115,-61.77703070621937,1,1,女性,68,1,12,0.0,1082,1,14,4553643.099564746,10.51095890410959,7.0
C-000578145,S-0100,-85.17666816156334,1,1,男性,49,10,12,0.8333333333333334,30929,1,17,4535925.154217558,4.720547945205479,2.0
C-002496675,S-0074,-100.0,1,1,女性,49,1,12,0.5,11640,2,14,4614054.39694187,8.308219178082192,6.0
C-001621186,S-0099,-48.670123894715196,0,1,女性,46,5,12,0.0833333333333333,35019,2,13,4464126.154078853,8.147945205479452,5.0
C-002309949,S-0079,-88.46888284897902,1,1,男性,48,2,12,0.1666666666666666,10896,1,13,4256656.371085242,8.479452054794521,6.0
C-001063547,S-0020,-100.0,1,1,男性,43,8,12,0.25,118076,1,16,4280702.057267675,6.986301369863014,3.5
C-000677377,S-0096,-100.0,1,1,男性,59,9,12,0.5833333333333334,3368,1,16,4644856.458098179,8.302739726027397,5.0
C-000768161,S-0080,-100.0,1,1,男性,47,9,12,0.1666666666666666,46747,1,17,4457429.264950683,11.673972602739726,9.0
C-001886884,S-0080,-23.417293057565715,0,1,女性,51,4,12,0.1666666666666666,16523,2,17,4457429.264950683,11.673972602739726,9.0
C-002430542,S-0111,-40.87867335965128,0,1,女性,46,2,12,0.4166666666666667,978,1,19,4489501.980758176,6.397260273972603,4.0
C-001319097,S-0111,-30.76558188632856,0,1,女性,31,7,12,0.25,18312,2,19,4489501.980758176,6.397260273972603,4.0
C-001642154,S-0004,-36.392103989866314,0,1,男性,43,5,12,0.25,211810,2,22,4423576.351309,11.806849315068494,9.0
C-000610310,S-0018,-100.0,1,1,女性,25,10,12,0.25,12826,1,16,4493108.581950108,7.550684931506849,5.0
C-000809011,S-0072,-98.05606829718505,1,1,男性,39,9,12,0.0,2871,1,12,4406797.312641796,9.01917808219178,6.0
C-001777584,S-0007,-79.23722796179928,1,1,男性,59,5,12,0.25,0,0,21,4487075.727367008,3.7260273972602738,1.0
C-000205415,S-0007,-66.8195213110041,1,1,女性,59,12,12,0.0,33805,1,21,4487075.727367008,3.7260273972602738,1.0
C-000194366,S-0017,-50.97666678532019,1,1,女性,58,12,12,0.3333333333333333,16315,1,20,4640207.03550726,5.608219178082192,2.5
C-000881439,S-0097,-100.0,1,1,女性,50,9,12,0.5833333333333334,0,0,21,4592508.716501317,10.09041095890411,7.0
C-000864519,S-0080,-21.744090599218108,0,1,女性,58,9,12,0.25,20702,1,17,4457429.264950683,11.673972602739726,9.0
C-000691775,S-0097,-44.082655170087634,0,1,男性,48,9,12,0.1666666666666666,8202,1,21,4592508.716501317,10.09041095890411,7.0
C-000139685,S-0056,-50.7561578442817,1,1,女性,59,12,12,0.5833333333333334,0,0,15,4406070.585753419,7.528767123287671,4.0
C-001745099,S-0018,-75.02207734479182,1,1,女性,58,5,12,0.0,34541,2,16,4493108.581950108,7.550684931506849,5.0
C-000080780,S-0089,-33.49890937534019,0,1,男性,44,12,12,0.0833333333333333,78951,1,19,4721110.949352573,10.142465753424657,7.0
C-001216243,S-0111,-29.299788519474056,0,1,男性,54,7,12,0.4166666666666667,0,0,19,4489501.980758176,6.397260273972603,4.0
C-002599944,S-0050,-17.532847569718786,0,1,女性,38,1,12,0.25,0,0,20,4615411.181286601,9.2013698630137,6.0
C-002090373,S-0018,-10.53473180496414,0,1,男性,20,3,12,0.0833333333333333,19574,1,16,4493108.581950108,7.550684931506849,5.0
C-000262379,S-0004,-34.19499964502039,0,1,男性,53,11,12,0.1666666666666666,0,0,22,4423576.351309,11.806849315068494,9.0
C-001606691,S-0096,-56.52934448655559,1,1,女性,51,5,12,0.5,239020,2,16,4644856.458098179,8.302739726027397,5.0
C-000643570,S-0030,-100.0,1,1,女性,44,10,12,0.4166666666666667,6824,1,22,4426478.045479023,9.236986301369862,5.5
C-002273318,S-0100,-38.50639631752845,0,1,男性,57,2,12,0.25,0,0,17,4535925.154217558,4.720547945205479,2.0
C-001752943,S-0115,-42.60088681865006,0,1,女性,66,5,12,0.1666666666666666,20776,2,14,4553643.099564746,10.51095890410959,7.0
C-001144241,S-0106,-41.742901541602464,0,1,女性,36,7,12,0.1666666666666666,4273,1,20,4462729.145118021,6.171232876712329,3.5
C-001987501,S-0014,-100.0,1,1,女性,56,4,12,0.0833333333333333,18310,1,21,4730192.353344672,7.336986301369863,4.0
C-000762990,S-0097,-90.66990110095166,1,1,男性,56,9,12,0.4166666666666667,3502,1,21,4592508.716501317,10.09041095890411,7.0
C-000987884,S-0115,-66.11586889828601,1,1,女性,33,8,12,0.1666666666666666,13008,1,14,4553643.099564746,10.51095890410959,7.0
C-000543652,S-0007,-40.4627687467226,0,1,女性,34,10,12,0.3333333333333333,38774,1,21,4487075.727367008,3.7260273972602738,1.0
C-001198210,S-0117,-59.05302281443991,1,1,男性,41,7,12,0.3333333333333333,33550,2,20,4500859.737076383,9.593150684931507,7.0
C-001367989,S-0014,-100.0,1,1,女性,42,6,12,0.1666666666666666,27763,2,21,4730192.353344672,7.336986301369863,4.0
C-002425647,S-0099,-63.0578292530517,1,1,男性,30,2,12,0.25,6324,1,13,4464126.154078853,8.147945205479452,5.0
C-000284080,S-0100,-95.72088455663054,1,1,女性,47,11,12,0.25,9056,1,17,4535925.154217558,4.720547945205479,2.0
C-002188087,S-0056,-42.23629299179738,0,1,女性,44,3,12,0.5,32002,1,15,4406070.585753419,7.528767123287671,4.0
C-001128748,S-0036,-71.9410029498525,1,1,女性,52,7,12,0.1666666666666666,75280,1,19,4397834.424680548,11.123287671232877,9.0
C-002690099,S-0018,-100.0,1,1,女性,55,1,12,0.0833333333333333,0,0,16,4493108.581950108,7.550684931506849,5.0
C-000317155,S-0056,-50.2825727039658,1,1,男性,54,11,12,0.25,21558,1,15,4406070.585753419,7.528767123287671,4.0
C-001957828,S-0115,-27.239108708440764,0,1,女性,28,4,12,0.25,0,0,14,4553643.099564746,10.51095890410959,7.0
C-000854376,S-0097,-26.598178603794327,0,1,女性,36,9,12,0.3333333333333333,9717,1,21,4592508.716501317,10.09041095890411,7.0
C-001893772,S-0018,-15.104642973521281,0,1,女性,54,4,12,0.5833333333333334,0,0,16,4493108.581950108,7.550684931506849,5.0
C-001407294,S-0072,-52.59755512708837,1,1,女性,42,6,12,0.25,11392,1,12,4406797.312641796,9.01917808219178,6.0
C-001403880,S-0012,-30.709980062235637,0,1,女性,36,6,12,0.3333333333333333,8794,2,16,4444678.825084195,7.994520547945205,5.0
C-000784123,S-0113,-100.0,1,1,男性,43,9,12,0.0833333333333333,52848,1,16,4336633.961311346,5.77945205479452,2.5
C-000078799,S-0018,-65.80695332873364,1,1,女性,54,12,12,0.1666666666666666,11825,1,16,4493108.581950108,7.550684931506849,5.0
C-001667911,S-0096,-34.093716177500475,0,1,男性,39,5,12,0.1666666666666666,44149,1,16,4644856.458098179,8.302739726027397,5.0
C-000021722,S-0036,-100.0,1,1,男性,45,12,12,0.4166666666666667,0,0,19,4397834.424680548,11.123287671232877,9.0
C-001664685,S-0039,-17.271801129743846,0,1,女性,66,5,12,0.25,0,0,16,4591288.568998441,8.193150684931506,5.0
C-000808343,S-0097,-100.0,1,1,男性,32,9,12,0.0833333333333333,0,0,21,4592508.716501317,10.09041095890411,7.0
C-002005196,S-0082,-100.0,1,1,女性,48,4,12,0.5833333333333334,113722,2,17,4607261.71451126,4.758904109589041,2.0
C-000819283,S-0126,-37.34131206607739,0,1,男性,66,9,12,0.6666666666666666,1705,1,17,4493168.352495564,5.53972602739726,3.0
C-000192172,S-0004,-22.95745571726894,0,1,女性,48,12,12,0.25,45510,2,22,4423576.351309,11.806849315068494,9.0
C-000363043,S-0040,-96.84683136904557,1,1,女性,35,11,12,0.3333333333333333,0,0,20,4550116.0180538,8.163013698630138,4.0
C-002536823,S-0008,-100.0,1,1,男性,68,1,12,0.3333333333333333,15290,1,22,4498453.308937302,10.772602739726027,7.0
C-001764584,S-0117,-37.13989684500564,0,1,女性,44,5,12,0.3333333333333333,17680,1,20,4500859.737076383,9.593150684931507,7.0
C-002318451,S-0030,-26.890036213942153,0,1,男性,28,2,12,0.0,6989,1,22,4426478.045479023,9.236986301369862,5.5
C-000081213,S-0117,-40.44193234062074,0,1,男性,32,12,12,0.3333333333333333,6163,1,20,4500859.737076383,9.593150684931507,7.0
C-001400013,S-0020,-40.80337418494517,0,1,男性,34,6,12,0.3333333333333333,31714,2,16,4280702.057267675,6.986301369863014,3.5
C-001567182,S-0099,-46.30722005972799,0,1,男性,52,6,12,0.25,0,0,13,4464126.154078853,8.147945205479452,5.0
C-001162994,S-0079,-15.154045074010696,0,1,女性,46,7,12,0.5,8426,1,13,4256656.371085242,8.479452054794521,6.0
C-002176400,S-0097,-22.80931777457279,0,1,女性,24,3,12,0.0833333333333333,11766,1,21,4592508.716501317,10.09041095890411,7.0
C-001692854,S-0075,-71.18527438499915,1,1,男性,51,5,12,0.4166666666666667,0,0,19,4506647.2743158825,4.526027397260274,1.0
C-002303162,S-0102,-100.0,1,1,男性,53,2,12,0.3333333333333333,864,2,16,4383474.364435211,10.484931506849314,7.5
C-000212981,S-0020,-59.17658283677474,1,1,女性,58,12,12,0.0,5593,1,16,4280702.057267675,6.986301369863014,3.5
C-000838050,S-0007,-61.78017193582463,1,1,男性,30,9,12,0.25,2145,1,21,4487075.727367008,3.7260273972602738,1.0
C-001684905,S-0018,-100.0,1,1,男性,46,5,12,0.1666666666666666,2674,1,16,4493108.581950108,7.550684931506849,5.0
C-002160828,S-0072,-19.13442095006285,0,1,女性,45,3,12,0.0833333333333333,0,0,12,4406797.312641796,9.01917808219178,6.0
C-002422940,S-0117,-24.380226275454188,0,1,男性,52,2,12,0.0833333333333333,18873,2,20,4500859.737076383,9.593150684931507,7.0
C-000478308,S-0117,-54.71667145377703,1,1,男性,68,10,12,0.0833333333333333,91213,2,20,4500859.737076383,9.593150684931507,7.0
C-000243929,S-0089,-22.630851564994316,0,1,男性,23,11,12,0.6666666666666666,0,0,19,4721110.949352573,10.142465753424657,7.0
C-000160394,S-0059,-36.95774991983632,0,1,女性,84,12,12,0.3333333333333333,0,0,14,4713188.969095345,6.8123287671232875,3.0
C-002510059,S-0072,-96.41348128257779,1,1,男性,51,1,12,0.0833333333333333,5369,2,12,4406797.312641796,9.01917808219178,6.0
C-002658213,S-0121,-100.0,1,1,女性,68,1,12,0.3333333333333333,13369,1,14,4716268.25678644,9.856164383561644,7.0
C-002558486,S-0004,-13.811283658772957,0,1,男性,26,1,12,0.25,13792,1,22,4423576.351309,11.806849315068494,9.0
C-001064828,S-0048,-59.26242931566724,1,1,女性,51,8,12,1.0,0,0,15,4502249.082895545,3.671232876712329,1.0
C-000329902,S-0075,-22.660246681166402,0,1,男性,65,11,12,0.4166666666666667,0,0,19,4506647.2743158825,4.526027397260274,1.0
C-001012078,S-0113,-47.720277242631596,0,1,女性,47,8,12,0.0833333333333333,37433,1,16,4336633.961311346,5.77945205479452,2.5
C-001005926,S-0074,-25.548303948983968,0,1,女性,46,8,12,0.25,0,0,14,4614054.39694187,8.308219178082192,6.0
C-002004398,S-0036,-22.33563778614196,0,1,女性,33,4,12,0.25,0,0,19,4397834.424680548,11.123287671232877,9.0
C-002318349,S-0014,-23.153188397697424,0,1,女性,31,2,12,0.3333333333333333,13141,2,21,4730192.353344672,7.336986301369863,4.0
C-002320751,S-0012,-62.977909940526764,1,1,女性,46,2,12,0.5,0,0,16,4444678.825084195,7.994520547945205,5.0
C-000710794,S-0054,-28.817481863901374,0,1,女性,34,9,12,0.1666666666666666,0,0,23,4489160.181517739,6.358904109589041,4.0
C-002372733,S-0111,-26.852068277151663,0,1,男性,22,2,12,0.0,0,0,19,4489501.980758176,6.397260273972603,4.0
C-001804649,S-0113,-100.0,1,1,女性,55,4,12,0.1666666666666666,0,0,16,4336633.961311346,5.77945205479452,2.5
C-000598233,S-0089,-42.19375342357591,0,1,女性,62,10,12,0.25,0,0,19,4721110.949352573,10.142465753424657,7.0
C-001560733,S-0004,-27.23906484454412,0,1,男性,38,6,12,0.8333333333333334,0,0,22,4423576.351309,11.806849315068494,9.0
C-001473342,S-0097,-100.0,1,1,女性,35,6,12,0.75,0,0,21,4592508.716501317,10.09041095890411,7.0
C-000810515,S-0074,-100.0,1,1,女性,55,9,12,0.1666666666666666,0,0,14,4614054.39694187,8.308219178082192,6.0
C-000143414,S-0096,-100.0,1,1,男性,36,12,12,0.4166666666666667,0,0,16,4644856.458098179,8.302739726027397,5.0
C-000149063,S-0072,-97.06568884588287,1,1,男性,44,12,12,0.25,0,0,12,4406797.312641796,9.01917808219178,6.0
C-002359947,S-0005,-42.69780834511409,0,1,男性,49,2,12,0.5833333333333334,0,0,21,4733942.970761149,4.69041095890411,2.0
C-001737363,S-0036,-17.990832760496822,0,1,女性,56,5,12,0.0,9831,2,19,4397834.424680548,11.123287671232877,9.0
C-000151655,S-0097,-51.05548300475689,1,1,男性,36,12,12,0.5833333333333334,16479,1,21,4592508.716501317,10.09041095890411,7.0
C-000615393,S-0115,-100.0,1,1,女性,41,10,12,0.0833333333333333,0,0,14,4553643.099564746,10.51095890410959,7.0
C-001271876,S-0099,-36.07917059377945,0,1,男性,66,7,12,0.0833333333333333,0,0,13,4464126.154078853,8.147945205479452,5.0
C-001439496,S-0062,-12.217574461570372,0,1,男性,48,6,12,0.4166666666666667,0,0,15,4713869.782113416,4.575342465753424,1.0
C-000433511,S-0017,-20.410463588845406,0,1,男性,58,11,12,0.3333333333333333,8095,1,20,4640207.03550726,5.608219178082192,2.5
C-002319109,S-0054,-35.83308892281391,0,1,女性,54,2,12,0.5833333333333334,2996,1,23,4489160.181517739,6.358904109589041,4.0
C-002458121,S-0048,-100.0,1,1,男性,50,2,12,0.0833333333333333,27313,2,15,4502249.082895545,3.671232876712329,1.0
C-001353142,S-0131,-39.38277464742399,0,1,男性,65,6,12,0.3333333333333333,13169,2,17,4569023.5643747775,5.13972602739726,2.0
C-001120704,S-0106,-32.894896685772345,0,1,女性,23,8,12,0.3333333333333333,12736,1,20,4462729.145118021,6.171232876712329,3.5
C-000154377,S-0040,-18.79335073240695,0,1,男性,57,12,12,0.5833333333333334,0,0,20,4550116.0180538,8.163013698630138,4.0
C-001102473,S-0099,-100.0,1,1,男性,54,8,12,0.25,19003,1,13,4464126.154078853,8.147945205479452,5.0
C-000916158,S-0002,-10.14346534867242,0,1,女性,43,8,12,0.25,48596,1,15,4455566.655169959,5.663013698630137,2.0
C-001663869,S-0036,-47.134213846193454,0,1,男性,42,5,12,0.3333333333333333,0,0,19,4397834.424680548,11.123287671232877,9.0
C-002575458,S-0121,-100.0,1,1,男性,26,1,12,0.0,13944,1,14,4716268.25678644,9.856164383561644,7.0
C-002516515,S-0008,-51.77216479095584,1,1,男性,34,1,12,0.1666666666666666,1983,1,22,4498453.308937302,10.772602739726027,7.0
C-002035746,S-0100,-66.33550428671303,1,1,女性,55,3,12,0.0,0,0,17,4535925.154217558,4.720547945205479,2.0
C-000943800,S-0041,-16.92999046936529,0,1,女性,59,8,12,0.25,0,0,17,4828489.286769263,10.389041095890411,7.0
C-000785696,S-0089,-40.87528123845663,0,1,男性,57,9,12,0.0833333333333333,4421,2,19,4721110.949352573,10.142465753424657,7.0
C-001533247,S-0074,-63.28697758713332,1,1,男性,40,6,12,0.0833333333333333,1539,1,14,4614054.39694187,8.308219178082192,6.0
C-002267920,S-0097,-88.47153222643482,1,1,男性,33,2,12,0.1666666666666666,25303,1,21,4592508.716501317,10.09041095890411,7.0
C-001689213,S-0111,-100.0,1,1,女性,56,5,12,0.3333333333333333,3977,1,19,4489501.980758176,6.397260273972603,4.0
C-001908477,S-0082,-25.63131247967878,0,1,女性,58,4,12,0.5833333333333334,34622,2,17,4607261.71451126,4.758904109589041,2.0
C-000104944,S-0117,-40.92823849859259,0,1,男性,62,12,12,0.0833333333333333,19687,2,20,4500859.737076383,9.593150684931507,7.0
C-001614923,S-0004,-56.66010074916043,1,1,女性,35,5,12,0.25,255890,2,22,4423576.351309,11.806849315068494,9.0
C-000031815,S-0074,-100.0,1,1,男性,58,12,12,0.25,27117,1,14,4614054.39694187,8.308219178082192,6.0
C-002628019,S-0097,-91.52927314486728,1,1,男性,60,1,12,0.0833333333333333,0,0,21,4592508.716501317,10.09041095890411,7.0
C-002666560,S-0030,-100.0,1,1,女性,59,1,12,0.5,21272,1,22,4426478.045479023,9.236986301369862,5.5
C-001348353,S-0072,-76.53554377434756,1,1,男性,41,7,12,0.25,0,0,12,4406797.312641796,9.01917808219178,6.0
C-000656875,S-0082,-40.70152353997534,0,1,男性,37,10,12,0.5,19859,1,17,4607261.71451126,4.758904109589041,2.0
C-001457483,S-0048,-56.6715972447113,1,1,女性,53,6,12,0.1666666666666666,14056,1,15,4502249.082895545,3.671232876712329,1.0
C-000786661,S-0054,-41.75591757400056,0,1,男性,44,9,12,0.0833333333333333,7190,1,23,4489160.181517739,6.358904109589041,4.0
C-000755213,S-0072,-100.0,1,1,男性,65,9,12,0.0,80318,2,12,4406797.312641796,9.01917808219178,6.0
C-000975412,S-0040,-56.68847008770198,1,1,男性,49,8,12,0.3333333333333333,0,0,20,4550116.0180538,8.163013698630138,4.0
C-002018556,S-0097,-23.919203337770803,0,1,女性,43,4,12,0.3333333333333333,0,0,21,4592508.716501317,10.09041095890411,7.0
C-001797733,S-0014,-47.78753525636659,0,1,女性,58,5,12,0.0833333333333333,24023,1,21,4730192.353344672,7.336986301369863,4.0
C-002381040,S-0017,-57.0291649249172,1,1,女性,32,2,12,0.5833333333333334,0,0,20,4640207.03550726,5.608219178082192,2.5
C-000750484,S-0121,-55.05252382461187,1,1,男性,49,9,12,0.0,27652,1,14,4716268.25678644,9.856164383561644,7.0
C-001324323,S-0097,-55.53939011756227,1,1,女性,56,7,12,0.0,11896,1,21,4592508.716501317,10.09041095890411,7.0
C-000542406,S-0004,-100.0,1,1,女性,65,10,12,0.5833333333333334,0,0,22,4423576.351309,11.806849315068494,9.0
C-000868378,S-0113,-19.472930406720124,0,1,男性,70,9,12,0.1666666666666666,0,0,16,4336633.961311346,5.77945205479452,2.5
C-001307942,S-0117,-100.0,1,1,女性,60,7,12,0.0833333333333333,14336,1,20,4500859.737076383,9.593150684931507,7.0
C-000234853,S-0079,-21.801070811120542,0,1,女性,42,11,12,0.3333333333333333,43143,2,13,4256656.371085242,8.479452054794521,6.0
C-000795165,S-0131,-11.05796847602743,0,1,女性,36,9,12,0.5,0,0,17,4569023.5643747775,5.13972602739726,2.0
C-002392612,S-0075,-20.79158306902559,0,1,女性,62,2,12,0.25,2369,1,19,4506647.2743158825,4.526027397260274,1.0
C-002490009,S-0126,-40.71362080465583,0,1,女性,78,1,12,0.1666666666666666,7749,1,17,4493168.352495564,5.53972602739726,3.0
C-000890085,S-0012,-18.43075248012261,0,1,女性,56,9,12,0.1666666666666666,0,0,16,4444678.825084195,7.994520547945205,5.0
C-001136743,S-0089,-31.313651447534042,0,1,女性,75,7,12,0.3333333333333333,76290,1,19,4721110.949352573,10.142465753424657,7.0
C-000269938,S-0004,-100.0,1,1,男性,46,11,12,0.6666666666666666,0,0,22,4423576.351309,11.806849315068494,9.0
C-000322689,S-0007,-42.828674743315645,0,1,男性,37,11,12,0.0833333333333333,42452,1,21,4487075.727367008,3.7260273972602738,1.0
C-001657020,S-0040,-28.172824986601558,0,1,男性,53,5,12,0.5833333333333334,17414,2,20,4550116.0180538,8.163013698630138,4.0
C-002217557,S-0014,-52.32795437690203,1,1,男性,63,3,12,0.0833333333333333,0,0,21,4730192.353344672,7.336986301369863,4.0
C-000829239,S-0036,-100.0,1,1,女性,58,9,12,0.25,11091,2,19,4397834.424680548,11.123287671232877,9.0
C-000735265,S-0017,-84.37039425202653,1,1,女性,24,9,12,0.1666666666666666,0,0,20,4640207.03550726,5.608219178082192,2.5
C-000879574,S-0005,-13.125243237181813,0,1,男性,79,9,12,0.3333333333333333,0,0,21,4733942.970761149,4.69041095890411,2.0
C-001718891,S-0059,-21.14384247284763,0,1,女性,48,5,12,0.5,0,0,14,4713188.969095345,6.8123287671232875,3.0
C-000297999,S-0089,-100.0,1,1,女性,63,11,12,0.25,23268,2,19,4721110.949352573,10.142465753424657,7.0
C-001080472,S-0089,-100.0,1,1,女性,48,8,12,0.0833333333333333,0,0,19,4721110.949352573,10.142465753424657,7.0
C-001483887,S-0100,-36.526597064713656,0,1,女性,57,6,12,0.25,0,0,17,4535925.154217558,4.720547945205479,2.0
C-001926484,S-0117,-46.99623020531685,0,1,男性,55,4,12,0.4166666666666667,5112,2,20,4500859.737076383,9.593150684931507,7.0
C-002138826,S-0005,-17.758119477310355,0,1,女性,46,3,12,0.5833333333333334,0,0,21,4733942.970761149,4.69041095890411,2.0
C-001462052,S-0004,-5.726346172413735,0,1,男性,49,6,12,0.25,0,0,22,4423576.351309,11.806849315068494,9.0
C-000537469,S-0131,-48.373072481489025,0,1,男性,46,10,12,1.0,2381,2,17,4569023.5643747775,5.13972602739726,2.0
C-001695503,S-0039,-14.992721797747194,0,1,女性,54,5,12,0.0833333333333333,0,0,16,4591288.568998441,8.193150684931506,5.0
C-001596948,S-0040,-100.0,1,1,女性,33,5,12,0.5833333333333334,0,0,20,4550116.0180538,8.163013698630138,4.0
C-000608324,S-0117,-100.0,1,1,女性,54,10,12,0.5,2444,2,20,4500859.737076383,9.593150684931507,7.0
C-000148586,S-0004,-96.39814415635072,1,1,女性,59,12,12,0.1666666666666666,7512,1,22,4423576.351309,11.806849315068494,9.0
C-002021826,S-0096,-34.735517404432926,0,1,男性,53,4,12,0.1666666666666666,20612,1,16,4644856.458098179,8.302739726027397,5.0
C-002097670,S-0036,-55.27671012635969,1,1,男性,32,3,12,0.25,0,0,19,4397834.424680548,11.123287671232877,9.0
C-000307454,S-0121,-100.0,1,1,男性,37,11,12,0.3333333333333333,18708,2,14,4716268.25678644,9.856164383561644,7.0
C-001161913,S-0075,-100.0,1,1,女性,49,7,12,0.25,0,0,19,4506647.2743158825,4.526027397260274,1.0
C-000530471,S-0012,-32.37666884475644,0,1,女性,59,10,12,0.25,22773,1,16,4444678.825084195,7.994520547945205,5.0
C-002689031,S-0059,-21.292495925169792,0,1,男性,62,1,12,0.3333333333333333,7208,2,14,4713188.969095345,6.8123287671232875,3.0
C-001192314,S-0096,-68.04386241928655,1,1,男性,47,7,12,0.5,2707,1,16,4644856.458098179,8.302739726027397,5.0
C-001349316,S-0117,-53.56692779729541,1,1,女性,45,7,12,0.3333333333333333,0,0,20,4500859.737076383,9.593150684931507,7.0
C-000698608,S-0020,-57.9573871600785,1,1,女性,53,9,12,0.1666666666666666,0,0,16,4280702.057267675,6.986301369863014,3.5
C-002156371,S-0036,-96.10901538591955,1,1,男性,59,3,12,0.4166666666666667,0,0,19,4397834.424680548,11.123287671232877,9.0
C-001498383,S-0036,-28.098231476404813,0,1,女性,46,6,12,0.5,0,0,19,4397834.424680548,11.123287671232877,9.0
C-000442391,S-0050,-35.39417687357276,0,1,女性,35,11,12,0.1666666666666666,0,0,20,4615411.181286601,9.2013698630137,6.0
C-002675151,S-0039,-26.390450045393628,0,1,男性,20,1,12,0.5,23987,1,16,4591288.568998441,8.193150684931506,5.0
C-000998715,S-0082,-39.20393957742781,0,1,女性,49,8,12,0.4166666666666667,0,0,17,4607261.71451126,4.758904109589041,2.0
C-002357071,S-0113,-72.13923681910866,1,1,男性,26,2,12,0.0,9887,2,16,4336633.961311346,5.77945205479452,2.5
C-000957795,S-0085,-100.0,1,1,女性,38,8,12,0.5833333333333334,0,0,15,4606655.398026554,4.928767123287671,2.0
C-002123312,S-0102,-51.07334449531879,1,1,女性,48,3,12,0.5833333333333334,0,0,16,4383474.364435211,10.484931506849314,7.5
C-000911612,S-0079,-54.32761906408135,1,1,女性,60,8,12,0.0833333333333333,0,0,13,4256656.371085242,8.479452054794521,6.0
C-002559227,S-0004,-100.0,1,1,男性,49,1,12,0.0833333333333333,106942,1,22,4423576.351309,11.806849315068494,9.0
C-002359644,S-0117,-100.0,1,1,女性,61,2,12,0.25,0,0,20,4500859.737076383,9.593150684931507,7.0
C-000251603,S-0115,-66.80470080813063,1,1,女性,52,11,12,0.0,56046,1,14,4553643.099564746,10.51095890410959,7.0
C-001109405,S-0036,-86.08718076833189,1,1,女性,55,8,12,0.3333333333333333,48033,1,19,4397834.424680548,11.123287671232877,9.0
C-002240610,S-0018,-30.98361752499671,0,1,女性,75,3,12,0.1666666666666666,6759,2,16,4493108.581950108,7.550684931506849,5.0
C-002518208,S-0014,-100.0,1,1,女性,61,1,12,0.3333333333333333,20875,1,21,4730192.353344672,7.336986301369863,4.0
C-002117669,S-0072,-100.0,1,1,女性,60,3,12,0.0,0,0,12,4406797.312641796,9.01917808219178,6.0
C-000929491,S-0040,-9.109323544249886,0,1,女性,61,8,12,0.1666666666666666,0,0,20,4550116.0180538,8.163013698630138,4.0
C-001955850,S-0075,-97.58486567511339,1,1,女性,60,4,12,0.1666666666666666,15465,1,19,4506647.2743158825,4.526027397260274,1.0
C-001860073,S-0059,-25.971382473912225,0,1,女性,20,4,12,0.1666666666666666,31109,2,14,4713188.969095345,6.8123287671232875,3.0
C-002553795,S-0079,-100.0,1,1,男性,39,1,12,0.1666666666666666,0,0,13,4256656.371085242,8.479452054794521,6.0
C-000490292,S-0039,-58.36373187031254,1,1,男性,68,10,12,0.0833333333333333,13426,1,16,4591288.568998441,8.193150684931506,5.0
C-000737693,S-0117,-50.62863814119049,1,1,男性,30,9,12,0.5,46755,2,20,4500859.737076383,9.593150684931507,7.0
C-001561265,S-0115,-82.6115692317151,1,1,男性,76,6,12,0.3333333333333333,0,0,14,4553643.099564746,10.51095890410959,7.0
C-000547317,S-0096,-70.70279527799866,1,1,男性,43,10,12,0.1666666666666666,2431,2,16,4644856.458098179,8.302739726027397,5.0
C-000062736,S-0082,-26.742768930776727,0,1,女性,50,12,12,0.1666666666666666,1678,2,17,4607261.71451126,4.758904109589041,2.0
C-001615042,S-0059,-76.49535455514697,1,1,男性,20,5,12,0.0,0,0,14,4713188.969095345,6.8123287671232875,3.0
C-001258295,S-0080,-58.831744862409266,1,1,女性,50,7,12,0.0833333333333333,28334,2,17,4457429.264950683,11.673972602739726,9.0
C-001450208,S-0106,-76.24091270083694,1,1,男性,63,6,12,0.1666666666666666,0,0,20,4462729.145118021,6.171232876712329,3.5
C-000581427,S-0002,-93.6815168081889,1,1,女性,43,10,12,0.1666666666666666,0,0,15,4455566.655169959,5.663013698630137,2.0
C-001150346,S-0121,-71.26916682061703,1,1,男性,57,7,12,0.25,41149,2,14,4716268.25678644,9.856164383561644,7.0
C-002571367,S-0012,-100.0,1,1,男性,45,1,12,0.25,31979,1,16,4444678.825084195,7.994520547945205,5.0
C-001912980,S-0002,-6.500406135279969,0,1,男性,90,4,12,0.5833333333333334,0,0,15,4455566.655169959,5.663013698630137,2.0
C-001172205,S-0036,-45.60198765728941,0,1,男性,14,7,12,0.25,21964,2,19,4397834.424680548,11.123287671232877,9.0
C-000966635,S-0018,-100.0,1,1,男性,33,8,12,0.0833333333333333,12526,2,16,4493108.581950108,7.550684931506849,5.0
C-000602717,S-0056,-33.611566014731665,0,1,男性,69,10,12,0.25,0,0,15,4406070.585753419,7.528767123287671,4.0
C-001514117,S-0096,-100.0,1,1,女性,62,6,12,0.25,0,0,16,4644856.458098179,8.302739726027397,5.0
C-001981885,S-0074,-61.196119286365416,1,1,男性,57,4,12,0.1666666666666666,5175,2,14,4614054.39694187,8.308219178082192,6.0
C-001333077,S-0019,-24.18432375246491,0,1,女性,16,7,12,0.1666666666666666,30163,1,19,4327199.920883598,4.090410958904109,1.0
C-000780919,S-0097,-71.47346232779573,1,1,女性,60,9,12,0.1666666666666666,2379,2,21,4592508.716501317,10.09041095890411,7.0
C-000898880,S-0072,-31.107647582254206,0,1,女性,69,9,12,0.1666666666666666,5588,2,12,4406797.312641796,9.01917808219178,6.0
C-000256477,S-0079,-100.0,1,1,男性,38,11,12,0.25,25967,1,13,4256656.371085242,8.479452054794521,6.0
C-000916287,S-0050,-39.80074456248136,0,1,女性,36,8,12,0.4166666666666667,0,0,20,4615411.181286601,9.2013698630137,6.0
C-001923331,S-0131,-99.29036150899837,1,1,女性,59,4,12,0.4166666666666667,0,0,17,4569023.5643747775,5.13972602739726,2.0
C-001165665,S-0048,-35.68705721580897,0,1,女性,42,7,12,0.1666666666666666,55200,2,15,4502249.082895545,3.671232876712329,1.0
C-001838429,S-0036,-42.593261811691555,0,1,男性,70,4,12,0.1666666666666666,10541,2,19,4397834.424680548,11.123287671232877,9.0
C-000526732,S-0115,-20.371686337514678,0,1,女性,45,10,12,0.0833333333333333,10801,1,14,4553643.099564746,10.51095890410959,7.0
C-001452801,S-0117,-18.702798415088644,0,1,男性,44,6,12,0.3333333333333333,17393,2,20,4500859.737076383,9.593150684931507,7.0
C-002391641,S-0121,-100.0,1,1,女性,47,2,12,0.1666666666666666,0,0,14,4716268.25678644,9.856164383561644,7.0
C-000566499,S-0100,-67.52395761761835,1,1,男性,35,10,12,0.25,16368,1,17,4535925.154217558,4.720547945205479,2.0
C-001594032,S-0040,-67.24856235858681,1,1,男性,70,5,12,0.0833333333333333,29550,1,20,4550116.0180538,8.163013698630138,4.0
C-001642419,S-0082,-41.705612516357256,0,1,女性,33,5,12,0.1666666666666666,5946,1,17,4607261.71451126,4.758904109589041,2.0
C-001165895,S-0080,-100.0,1,1,男性,36,7,12,0.25,18574,1,17,4457429.264950683,11.673972602739726,9.0
C-000050823,S-0089,-31.08669921042184,0,1,男性,57,12,12,0.0833333333333333,8827,1,19,4721110.949352573,10.142465753424657,7.0
C-000017974,S-0048,-10.068296144245512,0,1,男性,45,12,12,0.0833333333333333,0,0,15,4502249.082895545,3.671232876712329,1.0
C-000134954,S-0018,-34.73166744939222,0,1,男性,60,12,12,0.3333333333333333,0,0,16,4493108.581950108,7.550684931506849,5.0
C-000338381,S-0007,-24.09953575761517,0,1,男性,27,11,12,0.0833333333333333,8512,1,21,4487075.727367008,3.7260273972602738,1.0
C-002139702,S-0054,-91.01276874386119,1,1,男性,50,3,12,0.75,21161,1,23,4489160.181517739,6.358904109589041,4.0
C-000335821,S-0002,-31.106820054747793,0,1,男性,52,11,12,0.4166666666666667,37534,2,15,4455566.655169959,5.663013698630137,2.0
C-002303438,S-0115,-31.916852363055842,0,1,女性,56,2,12,0.1666666666666666,0,0,14,4553643.099564746,10.51095890410959,7.0
C-001716029,S-0072,-71.4697435585188,1,1,男性,44,5,12,0.25,11804,2,12,4406797.312641796,9.01917808219178,6.0
C-002377062,S-0036,-87.29795270763655,1,1,女性,20,2,12,0.4166666666666667,21928,1,19,4397834.424680548,11.123287671232877,9.0
C-002579025,S-0014,-29.567850230964172,0,1,男性,61,1,12,0.25,0,0,21,4730192.353344672,7.336986301369863,4.0
C-000210227,S-0117,-71.38155752987623,1,1,女性,34,12,12,0.25,5567,1,20,4500859.737076383,9.593150684931507,7.0
C-000324625,S-0111,-100.0,1,1,女性,50,11,12,0.3333333333333333,0,0,19,4489501.980758176,6.397260273972603,4.0
C-000996633,S-0056,-100.0,1,1,男性,41,8,12,0.75,0,0,15,4406070.585753419,7.528767123287671,4.0
C-002517731,S-0096,-88.26769000922766,1,1,男性,57,1,12,0.3333333333333333,12652,1,16,4644856.458098179,8.302739726027397,5.0
C-002388997,S-0102,-82.57089137024673,1,1,男性,73,2,12,0.0833333333333333,7272,1,16,4383474.364435211,10.484931506849314,7.5
C-002199517,S-0008,-45.18385909949518,0,1,女性,44,3,12,0.25,0,0,22,4498453.308937302,10.772602739726027,7.0
C-001620075,S-0111,-100.0,1,1,女性,21,5,12,0.5,0,0,19,4489501.980758176,6.397260273972603,4.0
C-000913031,S-0056,-50.046461770837325,1,1,男性,48,8,12,0.25,44436,1,15,4406070.585753419,7.528767123287671,4.0
C-001277445,S-0121,-59.950964913909985,1,1,女性,28,7,12,0.3333333333333333,7412,2,14,4716268.25678644,9.856164383561644,7.0
C-000562781,S-0099,-44.047173569281654,0,1,男性,40,10,12,0.0833333333333333,8547,1,13,4464126.154078853,8.147945205479452,5.0
C-000346398,S-0048,-100.0,1,1,女性,43,11,12,0.1666666666666666,0,0,15,4502249.082895545,3.671232876712329,1.0
C-001774647,S-0002,-43.3871922242347,0,1,女性,60,5,12,0.1666666666666666,57337,1,15,4455566.655169959,5.663013698630137,2.0
C-000179111,S-0102,-100.0,1,1,男性,69,12,12,0.1666666666666666,0,0,16,4383474.364435211,10.484931506849314,7.5
C-000547512,S-0099,-100.0,1,1,女性,45,10,12,0.4166666666666667,0,0,13,4464126.154078853,8.147945205479452,5.0
C-002166505,S-0012,-70.22329541524395,1,1,男性,50,3,12,0.1666666666666666,5262,1,16,4444678.825084195,7.994520547945205,5.0
C-002109041,S-0041,-100.0,1,1,女性,56,3,12,0.0833333333333333,0,0,17,4828489.286769263,10.389041095890411,7.0
C-000095610,S-0036,-100.0,1,1,女性,66,12,12,0.75,172839,1,19,4397834.424680548,11.123287671232877,9.0
C-001588551,S-0007,-47.7917802400085,0,1,男性,47,5,12,0.1666666666666666,0,0,21,4487075.727367008,3.7260273972602738,1.0
C-000776873,S-0106,-71.41521070252247,1,1,女性,53,9,12,0.5,10901,1,20,4462729.145118021,6.171232876712329,3.5
C-001828938,S-0002,-28.68873864724487,0,1,女性,52,4,12,0.0,0,0,15,4455566.655169959,5.663013698630137,2.0
C-000510427,S-0036,-22.165826179112756,0,1,女性,51,10,12,0.6666666666666666,7790,1,19,4397834.424680548,11.123287671232877,9.0
C-000510421,S-0080,-100.0,1,1,男性,64,10,12,0.25,14184,1,17,4457429.264950683,11.673972602739726,9.0
C-001207053,S-0102,-28.478722820707898,0,1,女性,39,7,12,0.5,4810,1,16,4383474.364435211,10.484931506849314,7.5
C-001352724,S-0063,-32.82193150570786,0,1,男性,42,6,12,0.0833333333333333,10051,1,18,4564012.176421695,5.749315068493151,3.0
C-002376772,S-0117,-100.0,1,1,男性,56,2,12,0.3333333333333333,7061,1,20,4500859.737076383,9.593150684931507,7.0
C-000389521,S-0075,-25.660630743560713,0,1,男性,33,11,12,0.0833333333333333,0,0,19,4506647.2743158825,4.526027397260274,1.0
C-002198629,S-0075,-32.04936987169848,0,1,女性,50,3,12,0.75,0,0,19,4506647.2743158825,4.526027397260274,1.0
C-002468779,S-0082,-100.0,1,1,女性,46,2,12,0.3333333333333333,16808,1,17,4607261.71451126,4.758904109589041,2.0
C-002693035,S-0014,-100.0,1,1,女性,52,1,12,0.4166666666666667,4246,1,21,4730192.353344672,7.336986301369863,4.0
C-000818530,S-0102,-100.0,1,1,男性,39,9,12,0.25,0,0,16,4383474.364435211,10.484931506849314,7.5
C-000046897,S-0018,-6.637811508482586,0,1,男性,44,12,12,0.5833333333333334,0,0,16,4493108.581950108,7.550684931506849,5.0
C-000758069,S-0099,-66.86964409177116,1,1,女性,24,9,12,0.8333333333333334,0,0,13,4464126.154078853,8.147945205479452,5.0
C-001831408,S-0062,-42.9531073502804,0,1,女性,50,4,12,0.3333333333333333,86865,1,15,4713869.782113416,4.575342465753424,1.0
C-002480074,S-0005,-14.157469276035602,0,1,女性,49,1,12,0.5833333333333334,3955,1,21,4733942.970761149,4.69041095890411,2.0
C-001511269,S-0004,-72.71779378935126,1,1,男性,57,6,12,0.0833333333333333,20841,1,22,4423576.351309,11.806849315068494,9.0
C-002106673,S-0080,-24.92380539173938,0,1,女性,43,3,12,0.3333333333333333,12080,1,17,4457429.264950683,11.673972602739726,9.0
C-000222779,S-0089,-100.0,1,1,女性,54,12,12,0.1666666666666666,0,0,19,4721110.949352573,10.142465753424657,7.0
C-001719682,S-0017,-15.191110504109018,0,1,女性,34,5,12,0.0833333333333333,0,0,20,4640207.03550726,5.608219178082192,2.5
C-000464522,S-0072,-86.02345415778252,1,1,女性,55,10,12,0.0833333333333333,1973,2,12,4406797.312641796,9.01917808219178,6.0
C-002660389,S-0099,-76.10905304613293,1,1,男性,31,1,12,0.3333333333333333,0,0,13,4464126.154078853,8.147945205479452,5.0
C-000543504,S-0121,-33.6675076627953,0,1,女性,27,10,12,0.4166666666666667,0,0,14,4716268.25678644,9.856164383561644,7.0
C-001593269,S-0117,-100.0,1,1,男性,36,5,12,0.5,0,0,20,4500859.737076383,9.593150684931507,7.0
C-000364094,S-0063,-37.30607312144248,0,1,女性,62,11,12,0.25,15386,2,18,4564012.176421695,5.749315068493151,3.0
C-000131463,S-0106,-32.727623230435256,0,1,女性,62,12,12,0.5833333333333334,0,0,20,4462729.145118021,6.171232876712329,3.5
C-000685684,S-0040,-100.0,1,1,女性,20,9,12,0.3333333333333333,3714,2,20,4550116.0180538,8.163013698630138,4.0
C-001287766,S-0075,-32.22398519481478,0,1,女性,37,7,12,0.1666666666666666,967,1,19,4506647.2743158825,4.526027397260274,1.0
C-000985056,S-0020,-27.816611129969726,0,1,女性,42,8,12,0.5,3989,1,16,4280702.057267675,6.986301369863014,3.5
C-002022493,S-0074,-20.92509734442409,0,1,女性,53,4,12,0.3333333333333333,0,0,14,4614054.39694187,8.308219178082192,6.0
C-002187491,S-0041,-53.14970897166288,1,1,女性,93,3,12,0.3333333333333333,946,1,17,4828489.286769263,10.389041095890411,7.0
C-000143829,S-0096,-23.282945682483565,0,1,男性,48,12,12,0.1666666666666666,3649,1,16,4644856.458098179,8.302739726027397,5.0
C-002477451,S-0020,-73.46754695927096,1,1,男性,41,1,12,0.75,2340,1,16,4280702.057267675,6.986301369863014,3.5
C-002146287,S-0050,-100.0,1,1,女性,37,3,12,0.25,0,0,20,4615411.181286601,9.2013698630137,6.0
C-001952803,S-0007,-38.7202820360686,0,1,男性,54,4,12,0.0833333333333333,122,1,21,4487075.727367008,3.7260273972602738,1.0
C-000865365,S-0020,-44.04438729342287,0,1,男性,35,9,12,0.1666666666666666,53983,2,16,4280702.057267675,6.986301369863014,3.5
C-002154406,S-0017,-64.93605782596609,1,1,女性,32,3,12,0.6666666666666666,0,0,20,4640207.03550726,5.608219178082192,2.5
C-002551781,S-0117,-94.17977049112699,1,1,男性,42,1,12,0.0,34776,2,20,4500859.737076383,9.593150684931507,7.0
C-000832972,S-0117,-100.0,1,1,女性,51,9,12,0.5,0,0,20,4500859.737076383,9.593150684931507,7.0
C-002315344,S-0002,-67.27899553718163,1,1,女性,51,2,12,0.25,55555,1,15,4455566.655169959,5.663013698630137,2.0
C-000612600,S-0054,-43.12677755752822,0,1,女性,58,10,12,0.25,1133,1,23,4489160.181517739,6.358904109589041,4.0
C-002497992,S-0014,-42.19084154926409,0,1,女性,44,1,12,0.0,0,0,21,4730192.353344672,7.336986301369863,4.0
C-002275711,S-0117,-14.042139531742848,0,1,男性,49,2,12,0.1666666666666666,0,0,20,4500859.737076383,9.593150684931507,7.0
C-001041434,S-0113,-100.0,1,1,女性,59,8,12,0.4166666666666667,2382,1,16,4336633.961311346,5.77945205479452,2.5
C-000921971,S-0080,-83.38411822427493,1,1,男性,56,8,12,0.25,13214,1,17,4457429.264950683,11.673972602739726,9.0
C-001074483,S-0131,-55.04316980121813,1,1,女性,50,8,12,0.3333333333333333,17047,1,17,4569023.5643747775,5.13972602739726,2.0
C-002065815,S-0020,-100.0,1,1,男性,44,3,12,0.25,0,0,16,4280702.057267675,6.986301369863014,3.5
C-001348005,S-0054,-33.67272864148671,0,1,男性,45,7,12,0.25,2850,2,23,4489160.181517739,6.358904109589041,4.0
C-001311053,S-0075,-23.766492791641262,0,1,男性,34,7,12,0.0,24531,1,19,4506647.2743158825,4.526027397260274,1.0
C-001347508,S-0017,-25.44627088314198,0,1,女性,35,7,12,0.25,22045,1,20,4640207.03550726,5.608219178082192,2.5
C-001650967,S-0113,-41.31733239323476,0,1,女性,61,5,12,0.1666666666666666,0,0,16,4336633.961311346,5.77945205479452,2.5
C-000803934,S-0106,-65.7595483610807,1,1,男性,53,9,12,0.3333333333333333,57102,2,20,4462729.145118021,6.171232876712329,3.5
C-001036926,S-0115,-30.420912181168774,0,1,男性,63,8,12,0.1666666666666666,26722,2,14,4553643.099564746,10.51095890410959,7.0
C-000487227,S-0050,-21.83098755623691,0,1,女性,58,10,12,0.5,1328,1,20,4615411.181286601,9.2013698630137,6.0
C-002085663,S-0056,-32.08559086249817,0,1,女性,53,3,12,0.25,45774,1,15,4406070.585753419,7.528767123287671,4.0
C-001839492,S-0121,-85.72049869527399,1,1,女性,40,4,12,0.0833333333333333,79660,1,14,4716268.25678644,9.856164383561644,7.0
C-000726606,S-0097,-42.34877121965255,0,1,男性,71,9,12,0.4166666666666667,35136,2,21,4592508.716501317,10.09041095890411,7.0
C-001346227,S-0080,-100.0,1,1,男性,54,7,12,0.1666666666666666,3918,2,17,4457429.264950683,11.673972602739726,9.0
C-001503111,S-0050,-25.34195308492282,0,1,女性,39,6,12,0.1666666666666666,76848,2,20,4615411.181286601,9.2013698630137,6.0
C-000323458,S-0097,-39.66888642249353,0,1,女性,27,11,12,0.1666666666666666,6779,2,21,4592508.716501317,10.09041095890411,7.0
C-000589787,S-0017,-100.0,1,1,男性,40,10,12,0.25,0,0,20,4640207.03550726,5.608219178082192,2.5
C-000362217,S-0080,-42.34284605441886,0,1,男性,74,11,12,0.1666666666666666,4384,2,17,4457429.264950683,11.673972602739726,9.0
C-002086651,S-0014,-100.0,1,1,女性,53,3,12,0.0833333333333333,0,0,21,4730192.353344672,7.336986301369863,4.0
C-000840438,S-0072,-24.854065396540754,0,1,女性,55,9,12,0.5,2292,1,12,4406797.312641796,9.01917808219178,6.0
C-001489621,S-0131,-45.956855448839555,0,1,男性,41,6,12,0.25,2736,1,17,4569023.5643747775,5.13972602739726,2.0
C-000753296,S-0050,-32.406581887499115,0,1,女性,27,9,12,0.3333333333333333,3418,1,20,4615411.181286601,9.2013698630137,6.0
C-001996866,S-0004,-10.692750213785713,0,1,男性,54,4,12,0.1666666666666666,427,1,22,4423576.351309,11.806849315068494,9.0
C-002571810,S-0074,-69.66957029539151,1,1,女性,88,1,12,0.1666666666666666,1407,1,14,4614054.39694187,8.308219178082192,6.0
C-001497134,S-0117,-87.88651118057226,1,1,女性,70,6,12,0.1666666666666666,0,0,20,4500859.737076383,9.593150684931507,7.0
C-000246710,S-0080,-54.99915915294361,1,1,女性,52,11,12,0.3333333333333333,48003,2,17,4457429.264950683,11.673972602739726,9.0
C-001245243,S-0096,-100.0,1,1,男性,58,7,12,0.1666666666666666,0,0,16,4644856.458098179,8.302739726027397,5.0
C-000739024,S-0099,-62.97143009933288,1,1,女性,50,9,12,0.5,0,0,13,4464126.154078853,8.147945205479452,5.0
C-001212839,S-0012,-30.396748237377093,0,1,女性,44,7,12,0.5,19870,1,16,4444678.825084195,7.994520547945205,5.0
C-002670205,S-0008,-98.19516971279373,1,1,女性,42,1,12,0.6666666666666666,0,0,22,4498453.308937302,10.772602739726027,7.0
C-001433023,S-0072,-59.38156359393232,1,1,男性,36,6,12,0.1666666666666666,14208,1,12,4406797.312641796,9.01917808219178,6.0
C-000417908,S-0080,-100.0,1,1,女性,70,11,12,0.1666666666666666,6132,1,17,4457429.264950683,11.673972602739726,9.0
C-002284320,S-0079,-100.0,1,1,男性,41,2,12,0.4166666666666667,0,0,13,4256656.371085242,8.479452054794521,6.0
C-001564600,S-0018,-100.0,1,1,女性,32,6,12,0.1666666666666666,8210,1,16,4493108.581950108,7.550684931506849,5.0
C-000481905,S-0040,-64.54469462046649,1,1,女性,51,10,12,0.1666666666666666,10722,1,20,4550116.0180538,8.163013698630138,4.0
C-000585486,S-0008,-100.0,1,1,女性,42,10,12,0.25,0,0,22,4498453.308937302,10.772602739726027,7.0
C-000188566,S-0017,-4.643066464946314,0,1,男性,92,12,12,0.0833333333333333,48738,2,20,4640207.03550726,5.608219178082192,2.5
C-001945029,S-0007,-100.0,1,1,男性,65,4,12,0.3333333333333333,37816,2,21,4487075.727367008,3.7260273972602738,1.0
C-002663047,S-0007,-100.0,1,1,男性,66,1,12,0.0833333333333333,41124,1,21,4487075.727367008,3.7260273972602738,1.0
C-002339901,S-0121,-100.0,1,1,男性,18,2,12,0.1666666666666666,27070,1,14,4716268.25678644,9.856164383561644,7.0
C-000758993,S-0040,-45.937104489778406,0,1,女性,31,9,12,0.25,0,0,20,4550116.0180538,8.163013698630138,4.0
C-000988291,S-0074,-58.00247626908791,1,1,男性,37,8,12,0.0833333333333333,43309,1,14,4614054.39694187,8.308219178082192,6.0
C-000021169,S-0106,-64.04475972595591,1,1,男性,32,12,12,0.8333333333333334,0,0,20,4462729.145118021,6.171232876712329,3.5
C-002653887,S-0048,-44.25099499333579,0,1,女性,53,1,12,0.25,0,0,15,4502249.082895545,3.671232876712329,1.0
C-000494427,S-0050,-33.904765967560586,0,1,男性,42,10,12,0.4166666666666667,0,0,20,4615411.181286601,9.2013698630137,6.0
C-000096546,S-0050,-100.0,1,1,男性,24,12,12,0.0833333333333333,16127,1,20,4615411.181286601,9.2013698630137,6.0
C-001245929,S-0007,-58.0218200270636,1,1,女性,38,7,12,0.25,0,0,21,4487075.727367008,3.7260273972602738,1.0
C-001493110,S-0117,-37.9689882996256,0,1,女性,19,6,12,0.25,2664,2,20,4500859.737076383,9.593150684931507,7.0
C-001640331,S-0050,-42.747480271896244,0,1,女性,58,5,12,0.5,69792,1,20,4615411.181286601,9.2013698630137,6.0
C-000692867,S-0072,-55.731303467942226,1,1,男性,59,9,12,0.25,7260,2,12,4406797.312641796,9.01917808219178,6.0
C-002197106,S-0036,-100.0,1,1,女性,53,3,12,0.4166666666666667,2841,2,19,4397834.424680548,11.123287671232877,9.0
C-000275076,S-0039,-100.0,1,1,女性,69,11,12,0.5,0,0,16,4591288.568998441,8.193150684931506,5.0
C-002042330,S-0050,-49.430932754414435,1,1,男性,51,3,12,0.25,0,0,20,4615411.181286601,9.2013698630137,6.0
C-001158831,S-0012,-64.06406952379655,1,1,男性,40,7,12,0.1666666666666666,23422,2,16,4444678.825084195,7.994520547945205,5.0
C-001764334,S-0121,-44.76409216791466,0,1,女性,43,5,12,0.25,0,0,14,4716268.25678644,9.856164383561644,7.0
C-000002148,S-0041,-48.48939010939718,0,1,女性,46,12,12,0.0,17020,1,17,4828489.286769263,10.389041095890411,7.0
C-001008609,S-0017,-50.20150748000868,1,1,男性,48,8,12,0.25,0,0,20,4640207.03550726,5.608219178082192,2.5
C-002095112,S-0111,-4.17319404820898,0,1,女性,59,3,12,0.1666666666666666,28997,2,19,4489501.980758176,6.397260273972603,4.0
C-001740578,S-0121,-83.8733054409477,1,1,男性,56,5,12,0.5,79929,1,14,4716268.25678644,9.856164383561644,7.0
C-002629220,S-0117,-84.46883255189964,1,1,男性,42,1,12,0.1666666666666666,21678,1,20,4500859.737076383,9.593150684931507,7.0
C-001620820,S-0117,-37.45935606468935,0,1,女性,46,5,12,0.25,0,0,20,4500859.737076383,9.593150684931507,7.0
C-000901244,S-0054,-24.14283563473188,0,1,女性,48,8,12,0.0833333333333333,9581,1,23,4489160.181517739,6.358904109589041,4.0
C-000127928,S-0097,-31.956024073777794,0,1,女性,50,12,12,0.25,0,0,21,4592508.716501317,10.09041095890411,7.0
C-000195524,S-0041,-24.23602429984429,0,1,女性,53,12,12,0.5,36501,1,17,4828489.286769263,10.389041095890411,7.0
C-001448650,S-0020,-27.42718408061317,0,1,女性,34,6,12,0.1666666666666666,0,0,16,4280702.057267675,6.986301369863014,3.5
C-002117795,S-0079,-100.0,1,1,女性,46,3,12,0.1666666666666666,10457,1,13,4256656.371085242,8.479452054794521,6.0
C-001991256,S-0089,-60.96352293105115,1,1,男性,65,4,12,0.25,0,0,19,4721110.949352573,10.142465753424657,7.0
C-000859908,S-0102,-56.433277461539745,1,1,男性,79,9,12,0.5833333333333334,22960,1,16,4383474.364435211,10.484931506849314,7.5
C-000355614,S-0056,-28.236987262549228,0,1,女性,35,11,12,0.1666666666666666,20642,1,15,4406070.585753419,7.528767123287671,4.0
C-001356920,S-0082,-33.85684998069678,0,1,男性,49,6,12,0.3333333333333333,0,0,17,4607261.71451126,4.758904109589041,2.0
C-001431755,S-0054,-60.47128019255804,1,1,男性,42,6,12,0.25,11712,1,23,4489160.181517739,6.358904109589041,4.0
C-000972650,S-0117,-37.479572488483726,0,1,女性,43,8,12,0.1666666666666666,11510,1,20,4500859.737076383,9.593150684931507,7.0
C-001815114,S-0054,-27.949323023882442,0,1,女性,41,4,12,0.0833333333333333,48160,1,23,4489160.181517739,6.358904109589041,4.0
C-002577914,S-0074,-58.28328141407839,1,1,女性,27,1,12,0.1666666666666666,0,0,14,4614054.39694187,8.308219178082192,6.0
C-000867614,S-0072,-37.95726591341314,0,1,男性,42,9,12,0.1666666666666666,0,0,12,4406797.312641796,9.01917808219178,6.0
C-001612466,S-0020,-79.21769344063534,1,1,男性,53,5,12,0.3333333333333333,19379,1,16,4280702.057267675,6.986301369863014,3.5
C-002027068,S-0059,-19.31673444707764,0,1,女性,55,3,12,0.1666666666666666,670,1,14,4713188.969095345,6.8123287671232875,3.0
C-001907572,S-0012,-52.17177122084629,1,1,女性,68,4,12,0.5833333333333334,0,0,16,4444678.825084195,7.994520547945205,5.0
C-000099774,S-0096,-77.10172341319883,1,1,男性,32,12,12,0.1666666666666666,0,0,16,4644856.458098179,8.302739726027397,5.0
C-000882384,S-0036,-36.73558904412634,0,1,女性,38,9,12,0.25,60443,2,19,4397834.424680548,11.123287671232877,9.0
C-001573542,S-0050,-100.0,1,1,女性,49,6,12,0.25,19867,1,20,4615411.181286601,9.2013698630137,6.0
C-000263774,S-0036,-100.0,1,1,女性,32,11,12,0.3333333333333333,13471,1,19,4397834.424680548,11.123287671232877,9.0
C-000284980,S-0017,-100.0,1,1,男性,71,11,12,0.1666666666666666,6355,1,20,4640207.03550726,5.608219178082192,2.5
C-002463637,S-0074,-100.0,1,1,女性,72,2,12,0.4166666666666667,185981,1,14,4614054.39694187,8.308219178082192,6.0
C-001676477,S-0005,-15.422624023065076,0,1,女性,45,5,12,0.1666666666666666,0,0,21,4733942.970761149,4.69041095890411,2.0
C-000183335,S-0099,-100.0,1,1,女性,49,12,12,0.0833333333333333,50729,2,13,4464126.154078853,8.147945205479452,5.0
C-001542772,S-0036,-57.26620827376495,1,1,男性,60,6,12,0.3333333333333333,13562,1,19,4397834.424680548,11.123287671232877,9.0
C-002210620,S-0050,-11.468159593211757,0,1,女性,39,3,12,0.0833333333333333,9708,1,20,4615411.181286601,9.2013698630137,6.0
C-002051747,S-0074,-48.583780676336005,0,1,女性,57,3,12,0.25,24749,2,14,4614054.39694187,8.308219178082192,6.0
C-000396596,S-0080,-31.425821600139386,0,1,女性,54,11,12,0.0833333333333333,10513,1,17,4457429.264950683,11.673972602739726,9.0
C-002396900,S-0131,-31.06369393649167,0,1,女性,47,2,12,0.3333333333333333,61917,2,17,4569023.5643747775,5.13972602739726,2.0
C-001816054,S-0072,-92.86717897595705,1,1,男性,54,4,12,0.25,0,0,12,4406797.312641796,9.01917808219178,6.0
C-000228286,S-0111,-5.595814943523485,0,1,女性,58,11,12,0.5833333333333334,35702,1,19,4489501.980758176,6.397260273972603,4.0
C-002286170,S-0002,-82.67399047504702,1,1,女性,35,2,12,0.4166666666666667,0,0,15,4455566.655169959,5.663013698630137,2.0
C-001985770,S-0115,-100.0,1,1,女性,63,4,12,0.4166666666666667,2265,1,14,4553643.099564746,10.51095890410959,7.0
C-001837135,S-0002,-66.33989341407279,1,1,女性,57,4,12,0.0833333333333333,0,0,15,4455566.655169959,5.663013698630137,2.0
C-002175365,S-0017,-26.016149277459423,0,1,男性,60,3,12,0.25,66094,2,20,4640207.03550726,5.608219178082192,2.5
C-000263203,S-0096,-11.621652364694263,0,1,女性,47,11,12,0.1666666666666666,5662,1,16,4644856.458098179,8.302739726027397,5.0
C-001411544,S-0050,-53.37609329446064,1,1,女性,48,6,12,0.25,3983,1,20,4615411.181286601,9.2013698630137,6.0
C-001729698,S-0018,-77.29603701074585,1,1,女性,46,5,12,0.4166666666666667,0,0,16,4493108.581950108,7.550684931506849,5.0
C-000997616,S-0019,-100.0,1,1,女性,56,8,12,0.75,0,0,19,4327199.920883598,4.090410958904109,1.0
C-002033060,S-0040,-26.45875009865114,0,1,女性,78,3,12,0.3333333333333333,2402,2,20,4550116.0180538,8.163013698630138,4.0
C-001953693,S-0113,-56.29695537655635,1,1,男性,74,4,12,0.0833333333333333,0,0,16,4336633.961311346,5.77945205479452,2.5
C-000697990,S-0099,-57.23626829892466,1,1,男性,33,9,12,0.1666666666666666,23980,1,13,4464126.154078853,8.147945205479452,5.0
C-002372861,S-0089,-68.27540974918182,1,1,女性,34,2,12,0.1666666666666666,0,0,19,4721110.949352573,10.142465753424657,7.0
C-002659730,S-0059,-11.4825003669637,0,1,女性,28,1,12,0.5,25833,1,14,4713188.969095345,6.8123287671232875,3.0
C-001894939,S-0075,-100.0,1,1,男性,33,4,12,0.0833333333333333,12867,2,19,4506647.2743158825,4.526027397260274,1.0
C-000074848,S-0002,-100.0,1,1,女性,56,12,12,0.0833333333333333,3462,1,15,4455566.655169959,5.663013698630137,2.0
C-001788860,S-0012,-55.23333956402931,1,1,男性,48,5,12,0.25,1516,2,16,4444678.825084195,7.994520547945205,5.0
C-000392755,S-0056,-100.0,1,1,女性,65,11,12,0.0833333333333333,6299,1,15,4406070.585753419,7.528767123287671,4.0
C-002487078,S-0096,-100.0,1,1,女性,60,1,12,0.0833333333333333,0,0,16,4644856.458098179,8.302739726027397,5.0
C-001392080,S-0004,-34.530320964898905,0,1,女性,39,6,12,0.1666666666666666,17684,1,22,4423576.351309,11.806849315068494,9.0
C-000229971,S-0036,-100.0,1,1,女性,34,11,12,0.5833333333333334,0,0,19,4397834.424680548,11.123287671232877,9.0
C-002545308,S-0131,-33.79298568566776,0,1,女性,23,1,12,0.25,0,0,17,4569023.5643747775,5.13972602739726,2.0
C-002353391,S-0089,-17.524968662811855,0,1,男性,32,2,12,0.5,8414,1,19,4721110.949352573,10.142465753424657,7.0
C-001666150,S-0007,-47.64006060254829,0,1,女性,80,5,12,0.0833333333333333,23738,2,21,4487075.727367008,3.7260273972602738,1.0
C-000220492,S-0059,-23.477316325946287,0,1,女性,38,12,12,0.1666666666666666,0,0,14,4713188.969095345,6.8123287671232875,3.0
C-001469710,S-0054,-100.0,1,1,男性,42,6,12,0.75,0,0,23,4489160.181517739,6.358904109589041,4.0
C-002009089,S-0100,-100.0,1,1,女性,72,4,12,0.0,0,0,17,4535925.154217558,4.720547945205479,2.0
C-000699916,S-0097,-100.0,1,1,女性,55,9,12,0.0833333333333333,0,0,21,4592508.716501317,10.09041095890411,7.0
C-001414943,S-0007,-67.18010775182321,1,1,女性,44,6,12,0.75,20204,2,21,4487075.727367008,3.7260273972602738,1.0
C-001144091,S-0059,-8.425779825300559,0,1,男性,56,7,12,0.0833333333333333,20248,1,14,4713188.969095345,6.8123287671232875,3.0
C-001838548,S-0113,-13.006622188740888,0,1,男性,46,4,12,0.5833333333333334,0,0,16,4336633.961311346,5.77945205479452,2.5
C-000903217,S-0121,-21.26295776311849,0,1,男性,57,8,12,0.4166666666666667,15673,1,14,4716268.25678644,9.856164383561644,7.0
C-001704407,S-0072,-27.006088972194803,0,1,女性,57,5,12,0.1666666666666666,63139,2,12,4406797.312641796,9.01917808219178,6.0
C-002612681,S-0018,-63.48274575005938,1,1,男性,31,1,12,0.0833333333333333,73741,2,16,4493108.581950108,7.550684931506849,5.0
C-000929419,S-0097,-67.29968123405435,1,1,男性,85,8,12,0.4166666666666667,0,0,21,4592508.716501317,10.09041095890411,7.0
C-001293499,S-0113,-46.84359904516663,0,1,男性,38,7,12,0.5833333333333334,20680,1,16,4336633.961311346,5.77945205479452,2.5
C-001061067,S-0056,-95.7399755059605,1,1,男性,60,8,12,0.1666666666666666,15885,1,15,4406070.585753419,7.528767123287671,4.0
C-001417540,S-0097,-100.0,1,1,女性,43,6,12,0.1666666666666666,0,0,21,4592508.716501317,10.09041095890411,7.0
C-000467380,S-0007,-46.171183881936315,0,1,男性,50,10,12,0.3333333333333333,6346,2,21,4487075.727367008,3.7260273972602738,1.0
C-000314538,S-0054,-100.0,1,1,男性,43,11,12,0.5833333333333334,0,0,23,4489160.181517739,6.358904109589041,4.0
C-001743004,S-0117,-52.66037299218532,1,1,女性,46,5,12,0.0833333333333333,6508,1,20,4500859.737076383,9.593150684931507,7.0
C-001550140,S-0048,-100.0,1,1,男性,78,6,12,0.25,2091,2,15,4502249.082895545,3.671232876712329,1.0
C-002568512,S-0102,-15.073232444314941,0,1,女性,51,1,12,0.25,13280,1,16,4383474.364435211,10.484931506849314,7.5
C-000160169,S-0019,-100.0,1,1,女性,37,12,12,0.25,4763,1,19,4327199.920883598,4.090410958904109,1.0
C-002194639,S-0117,-100.0,1,1,女性,79,3,12,0.25,0,0,20,4500859.737076383,9.593150684931507,7.0
C-000981800,S-0014,-100.0,1,1,女性,58,8,12,0.25,23623,1,21,4730192.353344672,7.336986301369863,4.0
C-000960890,S-0012,-48.49134699996741,0,1,女性,36,8,12,0.0833333333333333,25453,1,16,4444678.825084195,7.994520547945205,5.0
C-001245279,S-0036,-34.48455219697296,0,1,男性,43,7,12,0.3333333333333333,0,0,19,4397834.424680548,11.123287671232877,9.0
C-001137348,S-0012,-35.85929863817734,0,1,女性,37,7,12,0.25,18982,2,16,4444678.825084195,7.994520547945205,5.0
C-000024653,S-0040,-38.54838643022742,0,1,男性,57,12,12,0.0833333333333333,0,0,20,4550116.0180538,8.163013698630138,4.0
C-001503335,S-0106,-65.15345343583124,1,1,男性,49,6,12,0.3333333333333333,0,0,20,4462729.145118021,6.171232876712329,3.5
C-000666186,S-0050,-100.0,1,1,男性,58,10,12,0.8333333333333334,11522,2,20,4615411.181286601,9.2013698630137,6.0
C-001684856,S-0121,-14.564422832835078,0,1,男性,41,5,12,0.25,12700,1,14,4716268.25678644,9.856164383561644,7.0
C-000515793,S-0074,-64.71115961981305,1,1,男性,31,10,12,0.1666666666666666,10210,1,14,4614054.39694187,8.308219178082192,6.0
C-000880962,S-0099,-100.0,1,1,女性,42,9,12,0.0833333333333333,48950,1,13,4464126.154078853,8.147945205479452,5.0
C-002206437,S-0005,-10.092433236726988,0,1,女性,52,3,12,0.1666666666666666,0,0,21,4733942.970761149,4.69041095890411,2.0
C-000925953,S-0075,-26.250627682454265,0,1,女性,53,8,12,0.1666666666666666,13122,2,19,4506647.2743158825,4.526027397260274,1.0
C-002440181,S-0036,-95.35940161735623,1,1,男性,53,2,12,0.25,3063,1,19,4397834.424680548,11.123287671232877,9.0
C-002143551,S-0018,-40.56015027882036,0,1,女性,45,3,12,0.1666666666666666,18849,2,16,4493108.581950108,7.550684931506849,5.0
C-002314308,S-0079,-16.408748831050072,0,1,女性,21,2,12,0.25,3141,1,13,4256656.371085242,8.479452054794521,6.0
C-001445753,S-0005,-16.065014423524303,0,1,女性,45,6,12,1.0,0,0,21,4733942.970761149,4.69041095890411,2.0
C-002423212,S-0012,-52.39361187288273,1,1,女性,49,2,12,0.3333333333333333,1702,1,16,4444678.825084195,7.994520547945205,5.0
C-002035460,S-0041,-100.0,1,1,女性,49,3,12,0.3333333333333333,1677,1,17,4828489.286769263,10.389041095890411,7.0
C-000396925,S-0036,-55.6231972671567,1,1,女性,52,11,12,0.1666666666666666,23565,1,19,4397834.424680548,11.123287671232877,9.0
C-000082076,S-0121,-100.0,1,1,男性,28,12,12,0.0,0,0,14,4716268.25678644,9.856164383561644,7.0
C-000166174,S-0080,-63.750738286527984,1,1,女性,65,12,12,0.25,5651,1,17,4457429.264950683,11.673972602739726,9.0
C-000452344,S-0017,-58.58005154708012,1,1,女性,54,10,12,0.1666666666666666,0,0,20,4640207.03550726,5.608219178082192,2.5
C-000150384,S-0018,-25.98658228588702,0,1,男性,40,12,12,0.25,0,0,16,4493108.581950108,7.550684931506849,5.0
C-000541883,S-0072,-100.0,1,1,男性,19,10,12,0.1666666666666666,0,0,12,4406797.312641796,9.01917808219178,6.0
C-000782013,S-0097,-33.40738550548599,0,1,男性,47,9,12,0.25,1822,2,21,4592508.716501317,10.09041095890411,7.0
C-000376899,S-0036,-38.80638931254834,0,1,女性,41,11,12,0.5,0,0,19,4397834.424680548,11.123287671232877,9.0
C-002046856,S-0017,-15.630069428286452,0,1,女性,57,3,12,0.3333333333333333,0,0,20,4640207.03550726,5.608219178082192,2.5
C-000595992,S-0102,-64.8913211478685,1,1,女性,65,10,12,0.25,0,0,16,4383474.364435211,10.484931506849314,7.5
C-001754807,S-0018,-32.078147048003906,0,1,男性,47,5,12,0.25,9130,2,16,4493108.581950108,7.550684931506849,5.0
C-001915716,S-0080,-36.06645888668826,0,1,女性,37,4,12,0.25,10138,1,17,4457429.264950683,11.673972602739726,9.0
C-000773888,S-0100,-100.0,1,1,男性,67,9,12,0.3333333333333333,0,0,17,4535925.154217558,4.720547945205479,2.0
C-001315973,S-0041,-33.30256253829626,0,1,男性,32,7,12,0.1666666666666666,24599,2,17,4828489.286769263,10.389041095890411,7.0
C-000050741,S-0020,-35.223238513024604,0,1,男性,43,12,12,0.3333333333333333,4191,2,16,4280702.057267675,6.986301369863014,3.5
C-000179200,S-0099,-10.847513908251658,0,1,男性,23,12,12,0.5833333333333334,1161,1,13,4464126.154078853,8.147945205479452,5.0
C-001095689,S-0062,-28.443032329988853,0,1,女性,41,8,12,0.1666666666666666,7179,1,15,4713869.782113416,4.575342465753424,1.0
C-000035087,S-0019,-100.0,1,1,女性,54,12,12,0.3333333333333333,30303,1,19,4327199.920883598,4.090410958904109,1.0
C-001238294,S-0019,-20.004577519474893,0,1,男性,47,7,12,0.6666666666666666,21143,1,19,4327199.920883598,4.090410958904109,1.0
C-000449310,S-0102,-39.19375162027408,0,1,男性,57,11,12,0.1666666666666666,10072,2,16,4383474.364435211,10.484931506849314,7.5
C-002561375,S-0080,-100.0,1,1,女性,24,1,12,0.0833333333333333,0,0,17,4457429.264950683,11.673972602739726,9.0
C-002005969,S-0121,-75.22680895654092,1,1,女性,47,4,12,0.3333333333333333,0,0,14,4716268.25678644,9.856164383561644,7.0
C-002682825,S-0097,-72.82262816735415,1,1,女性,60,1,12,0.0833333333333333,5419,1,21,4592508.716501317,10.09041095890411,7.0
C-001442604,S-0036,-66.14249292304306,1,1,男性,51,6,12,0.3333333333333333,15718,1,19,4397834.424680548,11.123287671232877,9.0
C-002643379,S-0036,-25.817484921573065,0,1,女性,75,1,12,0.0,63565,1,19,4397834.424680548,11.123287671232877,9.0
C-000516458,S-0012,-21.858401722632028,0,1,男性,45,10,12,0.25,2637,1,16,4444678.825084195,7.994520547945205,5.0
C-002226429,S-0115,-31.478070720840144,0,1,男性,76,3,12,0.1666666666666666,0,0,14,4553643.099564746,10.51095890410959,7.0
C-000873146,S-0002,-38.32375283890673,0,1,女性,51,9,12,0.4166666666666667,0,0,15,4455566.655169959,5.663013698630137,2.0
C-001758740,S-0048,-95.86937762532003,1,1,女性,45,5,12,0.0833333333333333,38508,2,15,4502249.082895545,3.671232876712329,1.0
C-002058100,S-0075,-69.8944796932786,1,1,男性,63,3,12,0.5833333333333334,1617,1,19,4506647.2743158825,4.526027397260274,1.0
C-002219547,S-0062,-15.64533954352019,0,1,女性,58,3,12,0.3333333333333333,162389,2,15,4713869.782113416,4.575342465753424,1.0
C-000944568,S-0007,-44.047141826344905,0,1,女性,36,8,12,0.4166666666666667,3092,1,21,4487075.727367008,3.7260273972602738,1.0
C-002463797,S-0080,-81.65495051236317,1,1,女性,49,2,12,0.0,9416,1,17,4457429.264950683,11.673972602739726,9.0
C-000514476,S-0030,-47.804545939250765,0,1,男性,63,10,12,0.1666666666666666,7488,1,22,4426478.045479023,9.236986301369862,5.5
C-000154292,S-0007,-43.97991230296786,0,1,男性,31,12,12,0.1666666666666666,14759,2,21,4487075.727367008,3.7260273972602738,1.0
C-001075346,S-0100,-31.311148240972802,0,1,女性,48,8,12,0.4166666666666667,1848,2,17,4535925.154217558,4.720547945205479,2.0
C-001662011,S-0096,-56.317211365619315,1,1,女性,71,5,12,0.4166666666666667,0,0,16,4644856.458098179,8.302739726027397,5.0
C-000573967,S-0115,-76.71883986062089,1,1,男性,60,10,12,0.25,29569,1,14,4553643.099564746,10.51095890410959,7.0
C-000285089,S-0018,-97.23533040969802,1,1,男性,60,11,12,0.1666666666666666,0,0,16,4493108.581950108,7.550684931506849,5.0
C-001123495,S-0113,-100.0,1,1,男性,57,8,12,0.0833333333333333,0,0,16,4336633.961311346,5.77945205479452,2.5
C-002549873,S-0097,-100.0,1,1,女性,46,1,12,0.4166666666666667,17396,1,21,4592508.716501317,10.09041095890411,7.0
C-000826289,S-0014,-76.65430959897782,1,1,男性,60,9,12,0.25,19735,1,21,4730192.353344672,7.336986301369863,4.0
C-000041231,S-0097,-44.59213182390574,0,1,男性,53,12,12,0.4166666666666667,19628,1,21,4592508.716501317,10.09041095890411,7.0
C-000701059,S-0096,-41.51742535334311,0,1,女性,31,9,12,0.3333333333333333,11730,1,16,4644856.458098179,8.302739726027397,5.0
C-001915113,S-0014,-77.92267869412301,1,1,女性,44,4,12,0.1666666666666666,12745,1,21,4730192.353344672,7.336986301369863,4.0
C-000626336,S-0036,-54.99537091134621,1,1,女性,67,10,12,0.0833333333333333,1167,1,19,4397834.424680548,11.123287671232877,9.0
C-001108674,S-0117,-32.25461616299393,0,1,女性,77,8,12,0.0833333333333333,0,0,20,4500859.737076383,9.593150684931507,7.0
C-001934390,S-0115,-45.17542786645185,0,1,女性,53,4,12,0.3333333333333333,0,0,14,4553643.099564746,10.51095890410959,7.0
C-000828842,S-0097,-97.60500982645482,1,1,女性,34,9,12,0.4166666666666667,-20,1,21,4592508.716501317,10.09041095890411,7.0
C-000506433,S-0063,-21.14931736674414,0,1,女性,31,10,12,0.4166666666666667,0,0,18,4564012.176421695,5.749315068493151,3.0
C-002348755,S-0121,-77.2495189921611,1,1,男性,52,2,12,0.3333333333333333,5654,2,14,4716268.25678644,9.856164383561644,7.0
C-000600167,S-0096,-42.682256901287424,0,1,女性,42,10,12,0.3333333333333333,0,0,16,4644856.458098179,8.302739726027397,5.0
C-001186155,S-0115,-39.09881011000148,0,1,女性,41,7,12,0.1666666666666666,4184,2,14,4553643.099564746,10.51095890410959,7.0
C-001037872,S-0041,-31.815696993361968,0,1,男性,27,8,12,0.3333333333333333,14525,1,17,4828489.286769263,10.389041095890411,7.0
C-001163939,S-0106,-42.564089603288934,0,1,女性,66,7,12,0.0833333333333333,0,0,20,4462729.145118021,6.171232876712329,3.5
C-000233095,S-0050,-42.62703594657643,0,1,女性,48,11,12,0.1666666666666666,17377,1,20,4615411.181286601,9.2013698630137,6.0
C-001372283,S-0039,-100.0,1,1,男性,58,6,12,0.6666666666666666,0,0,16,4591288.568998441,8.193150684931506,5.0
C-001341458,S-0072,-38.082696653395026,0,1,男性,47,7,12,0.25,944,1,12,4406797.312641796,9.01917808219178,6.0
C-001224178,S-0102,-21.92427884413774,0,1,女性,48,7,12,0.0833333333333333,8001,1,16,4383474.364435211,10.484931506849314,7.5
C-002424219,S-0040,-60.055056976812295,1,1,男性,61,2,12,0.1666666666666666,0,0,20,4550116.0180538,8.163013698630138,4.0
C-000099579,S-0099,-44.613765247067136,0,1,男性,45,12,12,0.4166666666666667,11881,2,13,4464126.154078853,8.147945205479452,5.0
C-000289293,S-0121,-90.63435800281123,1,1,女性,54,11,12,0.0833333333333333,0,0,14,4716268.25678644,9.856164383561644,7.0
C-002449118,S-0080,-100.0,1,1,女性,45,2,12,0.25,24508,1,17,4457429.264950683,11.673972602739726,9.0
C-002332974,S-0097,-2.7232458870463105,0,1,女性,57,2,12,0.1666666666666666,0,0,21,4592508.716501317,10.09041095890411,7.0
C-000848242,S-0072,-58.79229868525875,1,1,女性,58,9,12,0.25,0,0,12,4406797.312641796,9.01917808219178,6.0
C-000064715,S-0099,-100.0,1,1,女性,43,12,12,0.0833333333333333,0,0,13,4464126.154078853,8.147945205479452,5.0
C-000468375,S-0050,-32.787436922155415,0,1,女性,24,10,12,0.1666666666666666,25018,2,20,4615411.181286601,9.2013698630137,6.0
C-001018572,S-0004,-51.607051292011754,1,1,女性,70,8,12,0.0,6000,1,22,4423576.351309,11.806849315068494,9.0
C-002662192,S-0102,-30.52773489527646,0,1,女性,50,1,12,0.1666666666666666,0,0,16,4383474.364435211,10.484931506849314,7.5
C-000791937,S-0106,-79.97366632687734,1,1,女性,64,9,12,0.3333333333333333,19359,1,20,4462729.145118021,6.171232876712329,3.5
C-002092355,S-0089,-100.0,1,1,女性,89,3,12,0.0833333333333333,0,0,19,4721110.949352573,10.142465753424657,7.0
C-002020444,S-0080,-75.46151850398152,1,1,女性,47,4,12,0.0833333333333333,2470,1,17,4457429.264950683,11.673972602739726,9.0
C-002506532,S-0079,-100.0,1,1,女性,65,1,12,0.4166666666666667,0,0,13,4256656.371085242,8.479452054794521,6.0
C-001068462,S-0089,-38.396743853295554,0,1,女性,46,8,12,0.1666666666666666,824,1,19,4721110.949352573,10.142465753424657,7.0
C-000156884,S-0131,-100.0,1,1,女性,44,12,12,0.25,0,0,17,4569023.5643747775,5.13972602739726,2.0
C-001280938,S-0018,-50.20292224379279,1,1,男性,42,7,12,0.3333333333333333,1012,1,16,4493108.581950108,7.550684931506849,5.0
C-000125664,S-0102,-68.82674303104592,1,1,女性,35,12,12,0.25,6346,1,16,4383474.364435211,10.484931506849314,7.5
C-000607445,S-0102,-39.47872687228172,0,1,女性,33,10,12,0.1666666666666666,8145,1,16,4383474.364435211,10.484931506849314,7.5
C-002566509,S-0012,-34.845645741240475,0,1,女性,51,1,12,0.4166666666666667,23023,1,16,4444678.825084195,7.994520547945205,5.0
C-000940262,S-0005,-18.310764019256922,0,1,女性,46,8,12,0.5833333333333334,6128,1,21,4733942.970761149,4.69041095890411,2.0
C-002043679,S-0004,-37.1372863489682,0,1,女性,59,3,12,0.5833333333333334,8020,1,22,4423576.351309,11.806849315068494,9.0
C-002638165,S-0012,-60.16652908144027,1,1,女性,36,1,12,0.1666666666666666,21614,2,16,4444678.825084195,7.994520547945205,5.0
C-000950450,S-0097,-31.217599078373787,0,1,女性,41,8,12,0.5,0,0,21,4592508.716501317,10.09041095890411,7.0
C-000442241,S-0036,-100.0,1,1,男性,42,11,12,0.25,9388,1,19,4397834.424680548,11.123287671232877,9.0
C-002046617,S-0079,-100.0,1,1,男性,44,3,12,0.25,0,0,13,4256656.371085242,8.479452054794521,6.0
C-002211649,S-0056,-100.0,1,1,男性,51,3,12,0.4166666666666667,0,0,15,4406070.585753419,7.528767123287671,4.0
C-001521861,S-0036,-55.360641393871376,1,1,女性,81,6,12,0.25,12728,1,19,4397834.424680548,11.123287671232877,9.0
C-001863377,S-0007,-15.163496565306374,0,1,女性,57,4,12,0.0833333333333333,0,0,21,4487075.727367008,3.7260273972602738,1.0
C-000112907,S-0002,-87.03145746093351,1,1,女性,26,12,12,0.4166666666666667,0,0,15,4455566.655169959,5.663013698630137,2.0
C-000342461,S-0115,-100.0,1,1,女性,42,11,12,0.3333333333333333,0,0,14,4553643.099564746,10.51095890410959,7.0
C-000179600,S-0102,-100.0,1,1,男性,55,12,12,0.3333333333333333,0,0,16,4383474.364435211,10.484931506849314,7.5
C-000567824,S-0056,-55.18476506055286,1,1,女性,31,10,12,0.0833333333333333,17592,1,15,4406070.585753419,7.528767123287671,4.0
C-000348292,S-0040,-51.42960223685398,1,1,女性,22,11,12,0.25,0,0,20,4550116.0180538,8.163013698630138,4.0
C-001419005,S-0075,-100.0,1,1,女性,20,6,12,0.1666666666666666,5400,2,19,4506647.2743158825,4.526027397260274,1.0
C-002263804,S-0054,-14.245334231856384,0,1,女性,46,2,12,0.1666666666666666,153517,1,23,4489160.181517739,6.358904109589041,4.0
C-002027294,S-0036,-38.75549530931138,0,1,男性,41,3,12,0.25,3674,2,19,4397834.424680548,11.123287671232877,9.0
C-000920685,S-0102,-44.33750401026628,0,1,男性,48,8,12,0.1666666666666666,16597,1,16,4383474.364435211,10.484931506849314,7.5
C-002269909,S-0113,-51.63234080142176,1,1,女性,63,2,12,0.4166666666666667,4525,1,16,4336633.961311346,5.77945205479452,2.5
C-000073930,S-0018,-18.128146453089244,0,1,男性,54,12,12,0.4166666666666667,25602,1,16,4493108.581950108,7.550684931506849,5.0
C-001074186,S-0079,-51.31364386070656,1,1,男性,56,8,12,0.1666666666666666,9379,1,13,4256656.371085242,8.479452054794521,6.0
C-000773798,S-0004,-37.50117623615501,0,1,男性,37,9,12,0.1666666666666666,0,0,22,4423576.351309,11.806849315068494,9.0
C-000940325,S-0039,-6.741064640193449,0,1,女性,41,8,12,0.6666666666666666,0,0,16,4591288.568998441,8.193150684931506,5.0
C-000129076,S-0121,-37.765836297150976,0,1,男性,49,12,12,0.25,14586,1,14,4716268.25678644,9.856164383561644,7.0
C-002417983,S-0096,-49.15172394580691,1,1,男性,42,2,12,0.1666666666666666,250,1,16,4644856.458098179,8.302739726027397,5.0
C-001316954,S-0050,-43.46617876342103,0,1,男性,62,7,12,0.75,0,0,20,4615411.181286601,9.2013698630137,6.0
C-000914363,S-0041,-100.0,1,1,女性,46,8,12,0.1666666666666666,13150,1,17,4828489.286769263,10.389041095890411,7.0
C-002375223,S-0056,-94.46155286188983,1,1,女性,39,2,12,0.1666666666666666,0,0,15,4406070.585753419,7.528767123287671,4.0
C-001903170,S-0036,-100.0,1,1,女性,48,4,12,0.4166666666666667,4039,1,19,4397834.424680548,11.123287671232877,9.0
C-002059347,S-0040,-60.79692182045103,1,1,男性,40,3,12,0.0833333333333333,0,0,20,4550116.0180538,8.163013698630138,4.0
C-001625819,S-0102,-39.380053578637046,0,1,男性,52,5,12,0.3333333333333333,22158,2,16,4383474.364435211,10.484931506849314,7.5
C-002380277,S-0048,-100.0,1,1,女性,59,2,12,0.0833333333333333,0,0,15,4502249.082895545,3.671232876712329,1.0
C-001668567,S-0115,-71.88496210112605,1,1,女性,58,5,12,0.25,39596,1,14,4553643.099564746,10.51095890410959,7.0
C-000449533,S-0063,-100.0,1,1,男性,42,11,12,0.3333333333333333,0,0,18,4564012.176421695,5.749315068493151,3.0
C-000842969,S-0030,-86.6671027792834,1,1,女性,62,9,12,0.0833333333333333,0,0,22,4426478.045479023,9.236986301369862,5.5
C-001743248,S-0048,-63.42452684106156,1,1,男性,42,5,12,0.0833333333333333,43728,2,15,4502249.082895545,3.671232876712329,1.0
C-000877139,S-0113,-51.08556508310643,1,1,男性,51,9,12,0.6666666666666666,58858,1,16,4336633.961311346,5.77945205479452,2.5
C-001459390,S-0014,-55.02433781427484,1,1,女性,41,6,12,0.1666666666666666,27929,1,21,4730192.353344672,7.336986301369863,4.0
C-001401345,S-0004,-100.0,1,1,女性,64,6,12,0.1666666666666666,0,0,22,4423576.351309,11.806849315068494,9.0
C-001669004,S-0020,-24.75053097920655,0,1,女性,42,5,12,0.5833333333333334,14434,1,16,4280702.057267675,6.986301369863014,3.5
C-001148471,S-0072,-100.0,1,1,男性,33,7,12,0.3333333333333333,8258,2,12,4406797.312641796,9.01917808219178,6.0
C-002063209,S-0117,-100.0,1,1,女性,69,3,12,0.3333333333333333,0,0,20,4500859.737076383,9.593150684931507,7.0
C-002610199,S-0041,-92.97603375831785,1,1,女性,30,1,12,0.4166666666666667,10418,2,17,4828489.286769263,10.389041095890411,7.0
C-000206062,S-0080,-97.94625719769674,1,1,女性,60,12,12,0.25,2478,1,17,4457429.264950683,11.673972602739726,9.0
C-000341156,S-0102,-57.78026160770927,1,1,女性,60,11,12,0.25,0,0,16,4383474.364435211,10.484931506849314,7.5
C-000572729,S-0096,-32.87467630618625,0,1,女性,91,10,12,0.3333333333333333,0,0,16,4644856.458098179,8.302739726027397,5.0
C-001890701,S-0075,-43.5384780970832,0,1,男性,45,4,12,0.3333333333333333,0,0,19,4506647.2743158825,4.526027397260274,1.0
C-002631927,S-0030,-30.469280050548207,0,1,男性,20,1,12,0.25,0,0,22,4426478.045479023,9.236986301369862,5.5
C-001742005,S-0115,-22.83679870825999,0,1,男性,67,5,12,0.3333333333333333,0,0,14,4553643.099564746,10.51095890410959,7.0
C-002493453,S-0012,-63.847510645041275,1,1,女性,61,1,12,0.3333333333333333,11149,1,16,4444678.825084195,7.994520547945205,5.0
C-000570444,S-0072,-100.0,1,1,男性,58,10,12,0.3333333333333333,0,0,12,4406797.312641796,9.01917808219178,6.0
C-001572669,S-0080,-25.11455070945912,0,1,女性,38,6,12,0.3333333333333333,0,0,17,4457429.264950683,11.673972602739726,9.0
C-002182901,S-0054,-24.26025403446646,0,1,女性,64,3,12,0.1666666666666666,12178,1,23,4489160.181517739,6.358904109589041,4.0
C-000453653,S-0079,-95.49878006920672,1,1,女性,43,10,12,0.1666666666666666,0,0,13,4256656.371085242,8.479452054794521,6.0
C-000450249,S-0018,-33.651918192754984,0,1,女性,56,11,12,0.1666666666666666,0,0,16,4493108.581950108,7.550684931506849,5.0
C-001211023,S-0115,-63.755921478876196,1,1,男性,70,7,12,0.25,26032,2,14,4553643.099564746,10.51095890410959,7.0
C-001332264,S-0089,-22.296474497112364,0,1,女性,43,7,12,0.1666666666666666,0,0,19,4721110.949352573,10.142465753424657,7.0
C-002114054,S-0036,-33.26583802494134,0,1,女性,31,3,12,0.4166666666666667,29680,1,19,4397834.424680548,11.123287671232877,9.0
C-000035346,S-0030,-37.62146919276676,0,1,男性,58,12,12,0.25,11290,1,22,4426478.045479023,9.236986301369862,5.5
C-002555817,S-0113,-29.5343932103514,0,1,男性,45,1,12,0.25,0,0,16,4336633.961311346,5.77945205479452,2.5
C-000384399,S-0117,-22.574428338338574,0,1,男性,45,11,12,0.3333333333333333,40484,2,20,4500859.737076383,9.593150684931507,7.0
C-001136354,S-0005,-20.699628441141698,0,1,女性,29,7,12,0.25,81732,1,21,4733942.970761149,4.69041095890411,2.0
C-000702244,S-0054,-26.180906214232813,0,1,女性,78,9,12,0.5833333333333334,731,1,23,4489160.181517739,6.358904109589041,4.0
C-002008834,S-0115,-14.186093535860136,0,1,女性,44,4,12,0.0833333333333333,0,0,14,4553643.099564746,10.51095890410959,7.0
C-001435177,S-0074,-24.806165986144883,0,1,女性,67,6,12,0.25,20452,1,14,4614054.39694187,8.308219178082192,6.0
C-000424388,S-0085,-14.772410362319388,0,1,女性,60,11,12,0.8333333333333334,0,0,15,4606655.398026554,4.928767123287671,2.0
C-002110052,S-0115,-43.592168948117184,0,1,女性,44,3,12,0.0833333333333333,7017,1,14,4553643.099564746,10.51095890410959,7.0
C-002661921,S-0020,-100.0,1,1,男性,20,1,12,0.5833333333333334,0,0,16,4280702.057267675,6.986301369863014,3.5
C-002016236,S-0096,-48.06246486176926,0,1,女性,59,4,12,0.0833333333333333,53378,1,16,4644856.458098179,8.302739726027397,5.0
C-002431013,S-0121,-48.24402423752149,0,1,女性,50,2,12,0.3333333333333333,11354,1,14,4716268.25678644,9.856164383561644,7.0
C-001534574,S-0041,-54.596277004133086,1,1,女性,56,6,12,0.25,6882,1,17,4828489.286769263,10.389041095890411,7.0
C-002418759,S-0018,-60.26791594838695,1,1,男性,67,2,12,0.1666666666666666,4098,2,16,4493108.581950108,7.550684931506849,5.0
C-002059283,S-0017,-63.95595620836748,1,1,男性,50,3,12,0.25,7790,1,20,4640207.03550726,5.608219178082192,2.5
C-002581952,S-0012,-100.0,1,1,女性,44,1,12,0.0833333333333333,3912,1,16,4444678.825084195,7.994520547945205,5.0
C-000726328,S-0048,-34.8551255692463,0,1,男性,54,9,12,0.4166666666666667,0,0,15,4502249.082895545,3.671232876712329,1.0
C-000894596,S-0117,-51.09596834241062,1,1,女性,55,9,12,0.3333333333333333,10450,1,20,4500859.737076383,9.593150684931507,7.0
C-002652888,S-0100,-53.83642800375695,1,1,女性,50,1,12,0.4166666666666667,0,0,17,4535925.154217558,4.720547945205479,2.0
C-002296045,S-0040,-33.29271124446867,0,1,男性,71,2,12,0.0833333333333333,84994,1,20,4550116.0180538,8.163013698630138,4.0
C-001005127,S-0080,-15.776239264611359,0,1,女性,52,8,12,0.4166666666666667,0,0,17,4457429.264950683,11.673972602739726,9.0
C-002620048,S-0056,-43.06134778033285,0,1,男性,59,1,12,0.3333333333333333,13457,1,15,4406070.585753419,7.528767123287671,4.0
C-001848974,S-0008,-8.67799732450273,0,1,女性,54,4,12,0.0,106709,1,22,4498453.308937302,10.772602739726027,7.0
C-002634043,S-0100,-77.9079889549305,1,1,女性,48,1,12,0.25,0,0,17,4535925.154217558,4.720547945205479,2.0
C-001357090,S-0102,-100.0,1,1,女性,48,6,12,0.25,0,0,16,4383474.364435211,10.484931506849314,7.5
C-002617281,S-0074,-100.0,1,1,男性,50,1,12,0.0,0,0,14,4614054.39694187,8.308219178082192,6.0
C-000485761,S-0004,-53.30023084962616,1,1,女性,40,10,12,0.25,0,0,22,4423576.351309,11.806849315068494,9.0
C-000743293,S-0007,-68.71122189758154,1,1,男性,36,9,12,0.25,0,0,21,4487075.727367008,3.7260273972602738,1.0
C-001987698,S-0040,-100.0,1,1,女性,52,4,12,0.9166666666666666,0,0,20,4550116.0180538,8.163013698630138,4.0
C-000642346,S-0085,-100.0,1,1,男性,44,10,12,0.1666666666666666,7198,2,15,4606655.398026554,4.928767123287671,2.0
C-000339777,S-0036,-100.0,1,1,女性,52,11,12,0.1666666666666666,2616,1,19,4397834.424680548,11.123287671232877,9.0
C-000599666,S-0121,-11.530759396081724,0,1,男性,39,10,12,0.5,0,0,14,4716268.25678644,9.856164383561644,7.0
C-001996495,S-0085,0.8671685328115375,0,1,男性,51,4,12,0.8333333333333334,0,0,15,4606655.398026554,4.928767123287671,2.0
C-001322817,S-0007,-67.71758603371637,1,1,男性,43,7,12,0.1666666666666666,0,0,21,4487075.727367008,3.7260273972602738,1.0
C-001480291,S-0030,-19.849492247357347,0,1,女性,69,6,12,0.4166666666666667,8551,1,22,4426478.045479023,9.236986301369862,5.5
C-002448204,S-0018,-17.34495650244286,0,1,男性,46,2,12,0.0833333333333333,0,0,16,4493108.581950108,7.550684931506849,5.0
C-001398816,S-0085,-17.761194029850746,0,1,男性,38,6,12,0.75,0,0,15,4606655.398026554,4.928767123287671,2.0
C-002527798,S-0097,-100.0,1,1,女性,55,1,12,0.0833333333333333,6823,1,21,4592508.716501317,10.09041095890411,7.0
C-002113121,S-0056,-38.80259509516246,0,1,女性,42,3,12,0.3333333333333333,16882,2,15,4406070.585753419,7.528767123287671,4.0
C-000328481,S-0080,-100.0,1,1,男性,25,11,12,0.0833333333333333,85625,2,17,4457429.264950683,11.673972602739726,9.0
C-001218349,S-0039,-19.81100581153723,0,1,男性,42,7,12,0.4166666666666667,9523,1,16,4591288.568998441,8.193150684931506,5.0
C-001874355,S-0050,-100.0,1,1,女性,67,4,12,0.25,23813,2,20,4615411.181286601,9.2013698630137,6.0
C-002476188,S-0072,-100.0,1,1,女性,53,1,12,0.25,12403,1,12,4406797.312641796,9.01917808219178,6.0
C-002110228,S-0121,-46.11414379220242,0,1,女性,51,3,12,0.25,8005,2,14,4716268.25678644,9.856164383561644,7.0
C-001022646,S-0099,-100.0,1,1,女性,39,8,12,0.5,38735,1,13,4464126.154078853,8.147945205479452,5.0
C-000055688,S-0115,-18.29115796786353,0,1,女性,50,12,12,0.25,15965,2,14,4553643.099564746,10.51095890410959,7.0
C-000172851,S-0080,-100.0,1,1,女性,37,12,12,0.0833333333333333,9220,1,17,4457429.264950683,11.673972602739726,9.0
C-000088690,S-0018,-52.402866912232305,1,1,男性,38,12,12,0.1666666666666666,0,0,16,4493108.581950108,7.550684931506849,5.0
C-001090709,S-0062,-28.001550269898797,0,1,男性,78,8,12,0.1666666666666666,23267,1,15,4713869.782113416,4.575342465753424,1.0
C-000895141,S-0115,-28.43139242265847,0,1,男性,49,9,12,0.3333333333333333,23389,1,14,4553643.099564746,10.51095890410959,7.0
C-000786386,S-0080,-81.91351874519628,1,1,女性,40,9,12,0.1666666666666666,0,0,17,4457429.264950683,11.673972602739726,9.0
C-000944212,S-0075,-47.06747306998809,0,1,女性,31,8,12,0.5,0,0,19,4506647.2743158825,4.526027397260274,1.0
C-002371569,S-0039,-100.0,1,1,男性,46,2,12,0.25,28592,1,16,4591288.568998441,8.193150684931506,5.0
C-000610095,S-0115,-100.0,1,1,女性,51,10,12,0.4166666666666667,0,0,14,4553643.099564746,10.51095890410959,7.0
C-002625822,S-0099,-77.9596202513947,1,1,男性,60,1,12,0.1666666666666666,0,0,13,4464126.154078853,8.147945205479452,5.0
C-002297339,S-0014,-78.36024844720497,1,1,男性,55,2,12,0.0833333333333333,6559,1,21,4730192.353344672,7.336986301369863,4.0
C-002291375,S-0113,-100.0,1,1,男性,59,2,12,0.25,2800,1,16,4336633.961311346,5.77945205479452,2.5
C-001299044,S-0089,-44.49846231910393,0,1,男性,60,7,12,0.3333333333333333,70632,2,19,4721110.949352573,10.142465753424657,7.0
C-001261873,S-0056,-63.46655547001967,1,1,男性,47,7,12,0.1666666666666666,0,0,15,4406070.585753419,7.528767123287671,4.0
C-001155484,S-0063,-69.0087008425354,1,1,女性,42,7,12,0.0833333333333333,0,0,18,4564012.176421695,5.749315068493151,3.0
C-000496713,S-0012,-27.521401015566223,0,1,女性,48,10,12,0.25,0,0,16,4444678.825084195,7.994520547945205,5.0
C-001528847,S-0008,-43.46480989345633,0,1,女性,40,6,12,0.1666666666666666,1670,2,22,4498453.308937302,10.772602739726027,7.0
C-000737002,S-0050,-82.59790659924995,1,1,女性,52,9,12,0.25,0,0,20,4615411.181286601,9.2013698630137,6.0
C-000250698,S-0079,-100.0,1,1,男性,50,11,12,0.1666666666666666,0,0,13,4256656.371085242,8.479452054794521,6.0
C-001527800,S-0080,-86.74034315139322,1,1,女性,50,6,12,0.4166666666666667,0,0,17,4457429.264950683,11.673972602739726,9.0
C-000992979,S-0082,-43.15394345352404,0,1,女性,69,8,12,0.3333333333333333,28329,1,17,4607261.71451126,4.758904109589041,2.0
C-001012713,S-0079,-31.697448297838726,0,1,女性,49,8,12,0.3333333333333333,2907,2,13,4256656.371085242,8.479452054794521,6.0
C-001610550,S-0072,-66.04573584199778,1,1,女性,63,5,12,0.0833333333333333,22766,2,12,4406797.312641796,9.01917808219178,6.0
C-001443684,S-0079,-63.546581150125014,1,1,男性,49,6,12,0.5,0,0,13,4256656.371085242,8.479452054794521,6.0
C-000348373,S-0020,-33.61193839938606,0,1,男性,48,11,12,0.25,2709,1,16,4280702.057267675,6.986301369863014,3.5
C-000754758,S-0050,-25.75599435381699,0,1,男性,60,9,12,0.0,6443,1,20,4615411.181286601,9.2013698630137,6.0
C-001486045,S-0106,-100.0,1,1,女性,63,6,12,0.4166666666666667,0,0,20,4462729.145118021,6.171232876712329,3.5
C-000506969,S-0017,-28.597879294281192,0,1,男性,78,10,12,0.25,11760,1,20,4640207.03550726,5.608219178082192,2.5
C-001954141,S-0106,-100.0,1,1,女性,43,4,12,0.4166666666666667,31107,1,20,4462729.145118021,6.171232876712329,3.5
C-002120619,S-0048,-21.740544887041978,0,1,男性,57,3,12,0.25,14196,1,15,4502249.082895545,3.671232876712329,1.0
C-002505625,S-0102,-60.00717719321672,1,1,女性,43,1,12,0.1666666666666666,11298,1,16,4383474.364435211,10.484931506849314,7.5
C-001632964,S-0100,-56.52857169689647,1,1,女性,53,5,12,0.1666666666666666,0,0,17,4535925.154217558,4.720547945205479,2.0
C-000065975,S-0048,-100.0,1,1,女性,41,12,12,0.1666666666666666,29400,1,15,4502249.082895545,3.671232876712329,1.0
C-002269515,S-0050,-26.05208197544287,0,1,女性,45,2,12,0.3333333333333333,2864,1,20,4615411.181286601,9.2013698630137,6.0
C-000262904,S-0019,-13.449652631677372,0,1,女性,38,11,12,0.5833333333333334,0,0,19,4327199.920883598,4.090410958904109,1.0
C-000664528,S-0096,-100.0,1,1,女性,33,10,12,0.25,0,0,16,4644856.458098179,8.302739726027397,5.0
C-002611352,S-0018,-55.68761162526384,1,1,女性,47,1,12,0.0833333333333333,7068,1,16,4493108.581950108,7.550684931506849,5.0
C-001873600,S-0072,-100.0,1,1,男性,39,4,12,0.0833333333333333,8430,2,12,4406797.312641796,9.01917808219178,6.0
C-002586913,S-0018,-44.760554864091276,0,1,女性,32,1,12,0.0833333333333333,1719,1,16,4493108.581950108,7.550684931506849,5.0
C-001607512,S-0097,-28.05124347489115,0,1,女性,40,5,12,0.3333333333333333,7099,2,21,4592508.716501317,10.09041095890411,7.0
C-000214690,S-0030,-4.0716686233114485,0,1,女性,60,12,12,0.0,18165,1,22,4426478.045479023,9.236986301369862,5.5
C-000970250,S-0048,-100.0,1,1,女性,47,8,12,0.25,0,0,15,4502249.082895545,3.671232876712329,1.0
C-002380080,S-0019,-10.83685932292194,0,1,女性,32,2,12,0.25,122795,2,19,4327199.920883598,4.090410958904109,1.0
C-001835378,S-0072,-100.0,1,1,女性,47,4,12,0.1666666666666666,6913,1,12,4406797.312641796,9.01917808219178,6.0
C-001333322,S-0020,-58.33962956331096,1,1,男性,38,7,12,0.25,4589,2,16,4280702.057267675,6.986301369863014,3.5
C-000425337,S-0111,-41.59160163734011,0,1,女性,28,11,12,0.5,6195,2,19,4489501.980758176,6.397260273972603,4.0
C-000218673,S-0126,-33.48185167152031,0,1,女性,56,12,12,0.5,0,0,17,4493168.352495564,5.53972602739726,3.0
C-002495475,S-0048,-100.0,1,1,男性,42,1,12,0.0833333333333333,0,0,15,4502249.082895545,3.671232876712329,1.0
C-001532280,S-0056,-15.123584309531909,0,1,女性,74,6,12,0.0833333333333333,17504,1,15,4406070.585753419,7.528767123287671,4.0
C-001585663,S-0113,-100.0,1,1,女性,49,5,12,0.0833333333333333,24612,1,16,4336633.961311346,5.77945205479452,2.5
C-000749172,S-0097,-91.45254855512336,1,1,男性,70,9,12,0.0833333333333333,38588,2,21,4592508.716501317,10.09041095890411,7.0
C-000980601,S-0080,-98.1545489151123,1,1,男性,42,8,12,0.0833333333333333,0,0,17,4457429.264950683,11.673972602739726,9.0
C-000581035,S-0036,-100.0,1,1,男性,44,10,12,0.1666666666666666,0,0,19,4397834.424680548,11.123287671232877,9.0
C-002007508,S-0075,-29.7899499833609,0,1,女性,50,4,12,0.4166666666666667,0,0,19,4506647.2743158825,4.526027397260274,1.0
C-002616614,S-0113,-46.754742476274494,0,1,男性,62,1,12,0.1666666666666666,55751,1,16,4336633.961311346,5.77945205479452,2.5
C-000770379,S-0030,-19.737574319772722,0,1,女性,50,9,12,0.25,4938,1,22,4426478.045479023,9.236986301369862,5.5
C-001873915,S-0036,-75.0019526673436,1,1,男性,47,4,12,0.1666666666666666,18345,1,19,4397834.424680548,11.123287671232877,9.0
C-001735809,S-0012,-13.625215258571204,0,1,女性,34,5,12,0.25,18621,2,16,4444678.825084195,7.994520547945205,5.0
C-000056158,S-0117,-46.53728442036478,0,1,男性,25,12,12,0.1666666666666666,14436,2,20,4500859.737076383,9.593150684931507,7.0
C-001471066,S-0039,-49.91879197576928,1,1,男性,61,6,12,0.0,0,0,16,4591288.568998441,8.193150684931506,5.0
C-000692522,S-0072,-96.01109484830414,1,1,男性,38,9,12,0.3333333333333333,21849,1,12,4406797.312641796,9.01917808219178,6.0
C-002089317,S-0056,-100.0,1,1,男性,37,3,12,0.1666666666666666,7320,1,15,4406070.585753419,7.528767123287671,4.0
C-000468295,S-0111,-28.194778426657507,0,1,男性,36,10,12,0.0,1206,1,19,4489501.980758176,6.397260273972603,4.0
C-002505446,S-0054,-100.0,1,1,女性,27,1,12,0.3333333333333333,0,0,23,4489160.181517739,6.358904109589041,4.0
C-000845697,S-0018,-84.18644368182771,1,1,女性,45,9,12,0.3333333333333333,0,0,16,4493108.581950108,7.550684931506849,5.0
C-001797743,S-0007,-29.734335188821632,0,1,男性,31,5,12,0.25,0,0,21,4487075.727367008,3.7260273972602738,1.0
C-000135564,S-0020,-39.333718880297,0,1,男性,45,12,12,0.5833333333333334,0,0,16,4280702.057267675,6.986301369863014,3.5
C-000431979,S-0097,-66.62151790148539,1,1,女性,71,11,12,0.4166666666666667,0,0,21,4592508.716501317,10.09041095890411,7.0
C-000987255,S-0115,-45.15129476887867,0,1,女性,38,8,12,0.3333333333333333,10107,1,14,4553643.099564746,10.51095890410959,7.0
C-000721528,S-0072,-54.552709679028354,1,1,女性,45,9,12,0.25,0,0,12,4406797.312641796,9.01917808219178,6.0
C-001863259,S-0056,-93.23090990649045,1,1,女性,64,4,12,0.1666666666666666,0,0,15,4406070.585753419,7.528767123287671,4.0
C-002590608,S-0080,-50.70843018613482,1,1,女性,63,1,12,0.0,0,0,17,4457429.264950683,11.673972602739726,9.0
C-001756451,S-0117,-63.983824151376275,1,1,男性,57,5,12,0.0833333333333333,16488,1,20,4500859.737076383,9.593150684931507,7.0
C-001395894,S-0018,-49.49125833311717,1,1,男性,53,6,12,0.25,0,0,16,4493108.581950108,7.550684931506849,5.0
C-000573879,S-0056,-42.528855821435755,0,1,女性,59,10,12,0.25,0,0,15,4406070.585753419,7.528767123287671,4.0
C-001992103,S-0072,-100.0,1,1,男性,49,4,12,0.4166666666666667,0,0,12,4406797.312641796,9.01917808219178,6.0
C-000384472,S-0115,-100.0,1,1,男性,51,11,12,0.3333333333333333,1994,1,14,4553643.099564746,10.51095890410959,7.0
C-001411891,S-0012,-100.0,1,1,女性,48,6,12,0.0,0,0,16,4444678.825084195,7.994520547945205,5.0
C-001123428,S-0074,-100.0,1,1,女性,39,8,12,0.25,0,0,14,4614054.39694187,8.308219178082192,6.0
C-000068166,S-0007,-28.636957176817223,0,1,女性,55,12,12,0.25,0,0,21,4487075.727367008,3.7260273972602738,1.0
C-001420935,S-0056,-47.725151143411516,0,1,女性,35,6,12,0.25,4457,2,15,4406070.585753419,7.528767123287671,4.0
C-000987160,S-0063,-31.63606168574786,0,1,男性,67,8,12,0.3333333333333333,22049,2,18,4564012.176421695,5.749315068493151,3.0
C-000847365,S-0097,-27.99119703596401,0,1,女性,64,9,12,0.0833333333333333,8729,2,21,4592508.716501317,10.09041095890411,7.0
C-002026206,S-0039,-46.0671907985732,0,1,男性,18,3,12,0.5833333333333334,0,0,16,4591288.568998441,8.193150684931506,5.0
C-001292483,S-0089,-89.94783912378057,1,1,男性,43,7,12,0.4166666666666667,2346,1,19,4721110.949352573,10.142465753424657,7.0
C-000338988,S-0075,-35.50666594259958,0,1,女性,32,11,12,0.1666666666666666,0,0,19,4506647.2743158825,4.526027397260274,1.0
C-000145575,S-0036,-21.647067884149777,0,1,男性,50,12,12,0.4166666666666667,0,0,19,4397834.424680548,11.123287671232877,9.0
C-002177505,S-0074,-100.0,1,1,女性,44,3,12,0.0,0,0,14,4614054.39694187,8.308219178082192,6.0
C-001588278,S-0102,-100.0,1,1,女性,54,5,12,0.1666666666666666,2137,2,16,4383474.364435211,10.484931506849314,7.5
C-002400265,S-0113,-78.16032627089962,1,1,男性,59,2,12,0.1666666666666666,0,0,16,4336633.961311346,5.77945205479452,2.5
C-000114276,S-0113,-72.76473648275189,1,1,男性,60,12,12,0.5833333333333334,44024,1,16,4336633.961311346,5.77945205479452,2.5
C-001496637,S-0102,-31.62247237438271,0,1,男性,44,6,12,0.25,14059,2,16,4383474.364435211,10.484931506849314,7.5
C-000104741,S-0040,-99.68690710954513,1,1,男性,56,12,12,0.1666666666666666,0,0,20,4550116.0180538,8.163013698630138,4.0
C-000333487,S-0004,-18.55591991757214,0,1,男性,37,11,12,0.4166666666666667,18003,1,22,4423576.351309,11.806849315068494,9.0
C-002658625,S-0072,-78.64116736007774,1,1,男性,54,1,12,0.5,6358,1,12,4406797.312641796,9.01917808219178,6.0
C-000474084,S-0117,-28.181820631379267,0,1,女性,53,10,12,0.1666666666666666,1125,2,20,4500859.737076383,9.593150684931507,7.0
C-001281377,S-0012,-100.0,1,1,女性,43,7,12,0.4166666666666667,0,0,16,4444678.825084195,7.994520547945205,5.0
C-000200599,S-0017,-13.697749540640586,0,1,女性,59,12,12,0.3333333333333333,0,0,20,4640207.03550726,5.608219178082192,2.5
C-002586557,S-0012,-15.695332673381415,0,1,女性,51,1,12,0.3333333333333333,5360,2,16,4444678.825084195,7.994520547945205,5.0
C-000062136,S-0012,-100.0,1,1,男性,34,12,12,0.25,0,0,16,4444678.825084195,7.994520547945205,5.0
C-000318828,S-0131,-27.64011127721292,0,1,女性,53,11,12,0.25,0,0,17,4569023.5643747775,5.13972602739726,2.0
C-000645548,S-0002,-25.684037238873753,0,1,男性,31,10,12,0.25,0,0,15,4455566.655169959,5.663013698630137,2.0
C-000245664,S-0050,-41.89028011104964,0,1,女性,61,11,12,0.4166666666666667,0,0,20,4615411.181286601,9.2013698630137,6.0
C-000413437,S-0036,-36.313619762684766,0,1,女性,48,11,12,0.25,15047,2,19,4397834.424680548,11.123287671232877,9.0
C-000852409,S-0100,-100.0,1,1,男性,35,9,12,0.4166666666666667,3064,1,17,4535925.154217558,4.720547945205479,2.0
C-001075110,S-0102,-69.86542606318666,1,1,女性,56,8,12,0.0833333333333333,22423,1,16,4383474.364435211,10.484931506849314,7.5
C-000888908,S-0007,-76.73164097914777,1,1,女性,32,9,12,0.6666666666666666,0,0,21,4487075.727367008,3.7260273972602738,1.0
C-001813436,S-0002,-40.5452206857549,0,1,男性,43,4,12,0.75,0,0,15,4455566.655169959,5.663013698630137,2.0
C-000713311,S-0020,-100.0,1,1,男性,38,9,12,0.0833333333333333,107828,1,16,4280702.057267675,6.986301369863014,3.5
C-000825426,S-0008,-100.0,1,1,女性,62,9,12,0.5,73882,1,22,4498453.308937302,10.772602739726027,7.0
C-000530608,S-0008,-28.30947394705784,0,1,男性,45,10,12,0.4166666666666667,192442,2,22,4498453.308937302,10.772602739726027,7.0
C-000266089,S-0050,-100.0,1,1,女性,35,11,12,0.4166666666666667,20816,1,20,4615411.181286601,9.2013698630137,6.0
C-000480599,S-0012,-100.0,1,1,女性,32,10,12,0.1666666666666666,4472,1,16,4444678.825084195,7.994520547945205,5.0
C-002212374,S-0113,-51.20691848939201,1,1,女性,48,3,12,0.1666666666666666,9915,1,16,4336633.961311346,5.77945205479452,2.5
C-002677160,S-0012,-53.209485524018355,1,1,女性,61,1,12,0.25,70708,1,16,4444678.825084195,7.994520547945205,5.0
C-001028454,S-0102,-100.0,1,1,男性,52,8,12,0.5,15056,1,16,4383474.364435211,10.484931506849314,7.5
C-002288617,S-0018,-13.377287178346004,0,1,女性,59,2,12,0.3333333333333333,0,0,16,4493108.581950108,7.550684931506849,5.0
C-002616582,S-0131,-30.82590571342218,0,1,女性,35,1,12,0.1666666666666666,0,0,17,4569023.5643747775,5.13972602739726,2.0
C-001475228,S-0072,-89.30888312878604,1,1,女性,34,6,12,0.0833333333333333,11858,1,12,4406797.312641796,9.01917808219178,6.0
C-000365519,S-0002,-100.0,1,1,女性,24,11,12,0.0833333333333333,15531,2,15,4455566.655169959,5.663013698630137,2.0
C-000688614,S-0036,-100.0,1,1,男性,58,9,12,0.25,14842,2,19,4397834.424680548,11.123287671232877,9.0
C-002241074,S-0113,-98.10303514376997,1,1,女性,58,3,12,0.0833333333333333,0,0,16,4336633.961311346,5.77945205479452,2.5
C-001767476,S-0056,-67.43947450735064,1,1,女性,57,5,12,0.3333333333333333,0,0,15,4406070.585753419,7.528767123287671,4.0
C-002251247,S-0056,-100.0,1,1,男性,46,2,12,0.25,3978,1,15,4406070.585753419,7.528767123287671,4.0
C-000894051,S-0040,-16.72436274573089,0,1,女性,49,9,12,0.1666666666666666,0,0,20,4550116.0180538,8.163013698630138,4.0
C-000164074,S-0131,-100.0,1,1,男性,57,12,12,0.4166666666666667,27276,1,17,4569023.5643747775,5.13972602739726,2.0
C-002541389,S-0079,-27.480635260875918,0,1,男性,40,1,12,0.1666666666666666,4531,2,13,4256656.371085242,8.479452054794521,6.0
C-001076372,S-0054,-26.753254604812383,0,1,女性,75,8,12,0.5833333333333334,0,0,23,4489160.181517739,6.358904109589041,4.0
C-001262930,S-0050,-34.85579910334477,0,1,女性,37,7,12,0.0833333333333333,0,0,20,4615411.181286601,9.2013698630137,6.0
C-001467822,S-0079,-100.0,1,1,女性,45,6,12,0.0833333333333333,0,0,13,4256656.371085242,8.479452054794521,6.0
C-001988733,S-0074,-100.0,1,1,女性,47,4,12,0.0833333333333333,0,0,14,4614054.39694187,8.308219178082192,6.0
C-000928098,S-0089,-93.89390203145183,1,1,女性,49,8,12,0.0,40015,1,19,4721110.949352573,10.142465753424657,7.0
C-002346594,S-0074,-22.33453741291647,0,1,女性,57,2,12,0.3333333333333333,11116,1,14,4614054.39694187,8.308219178082192,6.0
C-000072156,S-0012,-26.980157846463932,0,1,男性,59,12,12,0.25,11502,1,16,4444678.825084195,7.994520547945205,5.0
C-002107471,S-0113,-56.69995106077907,1,1,女性,54,3,12,0.1666666666666666,0,0,16,4336633.961311346,5.77945205479452,2.5
C-001705565,S-0050,-60.27746253792529,1,1,男性,34,5,12,0.1666666666666666,0,0,20,4615411.181286601,9.2013698630137,6.0
C-002504856,S-0041,-37.613964434921414,0,1,女性,49,1,12,0.5833333333333334,8028,1,17,4828489.286769263,10.389041095890411,7.0
C-000119257,S-0080,-63.87260555760336,1,1,男性,35,12,12,0.0833333333333333,15304,1,17,4457429.264950683,11.673972602739726,9.0
C-000033005,S-0097,-85.37103411655383,1,1,女性,58,12,12,0.1666666666666666,28393,1,21,4592508.716501317,10.09041095890411,7.0
C-001795784,S-0096,-73.91551708316764,1,1,女性,33,5,12,0.5833333333333334,31549,1,16,4644856.458098179,8.302739726027397,5.0
C-001405819,S-0074,-19.700750690614825,0,1,女性,54,6,12,0.1666666666666666,7883,2,14,4614054.39694187,8.308219178082192,6.0
C-002199543,S-0056,-60.28506779051116,1,1,男性,41,3,12,0.25,0,0,15,4406070.585753419,7.528767123287671,4.0
C-002188141,S-0121,-100.0,1,1,女性,47,3,12,0.3333333333333333,2214,2,14,4716268.25678644,9.856164383561644,7.0
C-001101034,S-0040,-19.9532691748942,0,1,女性,59,8,12,0.0833333333333333,9900,1,20,4550116.0180538,8.163013698630138,4.0
C-001737631,S-0074,-26.452197357354525,0,1,男性,68,5,12,0.0,14338,1,14,4614054.39694187,8.308219178082192,6.0
C-000863213,S-0018,-100.0,1,1,男性,66,9,12,0.25,0,0,16,4493108.581950108,7.550684931506849,5.0
C-002386989,S-0121,-50.206630026469334,1,1,女性,21,2,12,0.4166666666666667,0,0,14,4716268.25678644,9.856164383561644,7.0
C-000621774,S-0018,-100.0,1,1,男性,68,10,12,0.5833333333333334,5475,1,16,4493108.581950108,7.550684931506849,5.0
C-000905989,S-0113,-12.22743400465887,0,1,女性,48,8,12,0.5833333333333334,8512,1,16,4336633.961311346,5.77945205479452,2.5
C-000205650,S-0008,-21.865914381291525,0,1,女性,88,12,12,0.0833333333333333,2015,1,22,4498453.308937302,10.772602739726027,7.0
C-000891650,S-0079,-15.619251530412232,0,1,女性,41,9,12,0.0833333333333333,1616,1,13,4256656.371085242,8.479452054794521,6.0
C-002170149,S-0018,-17.120166677492044,0,1,女性,46,3,12,0.5,79279,2,16,4493108.581950108,7.550684931506849,5.0
C-002130622,S-0100,-32.69705834334762,0,1,男性,44,3,12,0.3333333333333333,829,1,17,4535925.154217558,4.720547945205479,2.0
C-001926677,S-0020,-48.9403528725433,1,1,女性,51,4,12,0.5,3687,1,16,4280702.057267675,6.986301369863014,3.5
C-000778884,S-0131,-41.194951700853444,0,1,男性,78,9,12,0.5833333333333334,0,0,17,4569023.5643747775,5.13972602739726,2.0
C-002423692,S-0039,-100.0,1,1,男性,59,2,12,0.25,0,0,16,4591288.568998441,8.193150684931506,5.0
C-001008495,S-0111,-43.788025469685884,0,1,女性,47,8,12,0.4166666666666667,3353,1,19,4489501.980758176,6.397260273972603,4.0
C-002567457,S-0099,-100.0,1,1,男性,15,1,12,0.5833333333333334,21321,1,13,4464126.154078853,8.147945205479452,5.0
C-001845750,S-0131,-46.00122147120561,0,1,女性,31,4,12,0.25,30555,1,17,4569023.5643747775,5.13972602739726,2.0
C-000545132,S-0099,-100.0,1,1,女性,59,10,12,0.8333333333333334,24257,1,13,4464126.154078853,8.147945205479452,5.0
C-001254268,S-0102,-69.610871726881,1,1,女性,55,7,12,0.6666666666666666,4569,2,16,4383474.364435211,10.484931506849314,7.5
C-001398293,S-0004,-41.653947026439525,0,1,女性,90,6,12,0.4166666666666667,8390,1,22,4423576.351309,11.806849315068494,9.0
C-002028561,S-0102,-34.40241698220246,0,1,男性,51,3,12,0.25,0,0,16,4383474.364435211,10.484931506849314,7.5
C-002014888,S-0097,-100.0,1,1,女性,33,4,12,0.25,0,0,21,4592508.716501317,10.09041095890411,7.0
C-002161433,S-0131,-13.515252132457023,0,1,男性,57,3,12,0.3333333333333333,3113,1,17,4569023.5643747775,5.13972602739726,2.0
C-000086691,S-0074,-71.45409479233508,1,1,女性,35,12,12,0.5,21698,1,14,4614054.39694187,8.308219178082192,6.0
C-001350811,S-0030,-62.72428229665071,1,1,男性,57,6,12,0.3333333333333333,16917,1,22,4426478.045479023,9.236986301369862,5.5
C-002486914,S-0048,-69.79180640998614,1,1,女性,58,1,12,0.0833333333333333,93271,1,15,4502249.082895545,3.671232876712329,1.0
C-000023634,S-0115,-100.0,1,1,男性,60,12,12,0.25,40785,1,14,4553643.099564746,10.51095890410959,7.0
C-000770598,S-0007,-32.377229097208215,0,1,女性,58,9,12,0.5,3728,1,21,4487075.727367008,3.7260273972602738,1.0
C-002294874,S-0002,-51.75782281779922,1,1,女性,50,2,12,0.25,8811,1,15,4455566.655169959,5.663013698630137,2.0
C-000498166,S-0079,-77.34910182620378,1,1,男性,44,10,12,0.4166666666666667,0,0,13,4256656.371085242,8.479452054794521,6.0
C-000521524,S-0074,-84.25673347498996,1,1,男性,37,10,12,0.1666666666666666,44103,1,14,4614054.39694187,8.308219178082192,6.0
C-000832464,S-0020,-54.284733662822624,1,1,男性,45,9,12,0.5,69391,2,16,4280702.057267675,6.986301369863014,3.5
C-001347709,S-0036,-98.959983239053,1,1,男性,47,7,12,0.1666666666666666,5720,1,19,4397834.424680548,11.123287671232877,9.0
C-002091135,S-0080,-100.0,1,1,女性,21,3,12,0.0833333333333333,0,0,17,4457429.264950683,11.673972602739726,9.0
C-000821105,S-0111,-53.56830782210438,1,1,女性,25,9,12,0.3333333333333333,88190,1,19,4489501.980758176,6.397260273972603,4.0
C-001653006,S-0100,-100.0,1,1,男性,52,5,12,0.5833333333333334,17642,1,17,4535925.154217558,4.720547945205479,2.0
C-002223695,S-0020,-100.0,1,1,女性,60,3,12,0.3333333333333333,11622,1,16,4280702.057267675,6.986301369863014,3.5
C-000705504,S-0059,-100.0,1,1,男性,51,9,12,0.25,0,0,14,4713188.969095345,6.8123287671232875,3.0
C-002179954,S-0080,-100.0,1,1,女性,45,3,12,0.3333333333333333,556,1,17,4457429.264950683,11.673972602739726,9.0
C-002182416,S-0115,-21.95322274589379,0,1,男性,30,3,12,0.3333333333333333,0,0,14,4553643.099564746,10.51095890410959,7.0
C-000422632,S-0097,-59.359212828950994,1,1,男性,38,11,12,0.1666666666666666,11947,1,21,4592508.716501317,10.09041095890411,7.0
C-001754140,S-0113,-41.99734187898759,0,1,女性,37,5,12,0.0,0,0,16,4336633.961311346,5.77945205479452,2.5
C-001756596,S-0050,-26.055182544105925,0,1,男性,48,5,12,0.8333333333333334,0,0,20,4615411.181286601,9.2013698630137,6.0
C-001287730,S-0097,-67.96956550596441,1,1,男性,19,7,12,0.0833333333333333,0,0,21,4592508.716501317,10.09041095890411,7.0
C-000604600,S-0020,-100.0,1,1,男性,71,10,12,0.1666666666666666,0,0,16,4280702.057267675,6.986301369863014,3.5
C-001588157,S-0004,-27.893841585352106,0,1,男性,28,5,12,0.3333333333333333,0,0,22,4423576.351309,11.806849315068494,9.0
C-001299817,S-0097,-29.884716110046167,0,1,女性,44,7,12,0.3333333333333333,117575,2,21,4592508.716501317,10.09041095890411,7.0
C-001598958,S-0102,-100.0,1,1,男性,48,5,12,0.0833333333333333,1503,1,16,4383474.364435211,10.484931506849314,7.5
C-001614450,S-0072,-82.65897212543554,1,1,女性,56,5,12,0.3333333333333333,0,0,12,4406797.312641796,9.01917808219178,6.0
C-000234912,S-0018,-100.0,1,1,女性,64,11,12,0.25,24924,1,16,4493108.581950108,7.550684931506849,5.0
C-000328282,S-0014,-27.224715576628423,0,1,女性,53,11,12,0.1666666666666666,0,0,21,4730192.353344672,7.336986301369863,4.0
C-001906874,S-0040,-18.907671225317525,0,1,女性,60,4,12,0.3333333333333333,52868,2,20,4550116.0180538,8.163013698630138,4.0
C-001375630,S-0099,-74.45238425435939,1,1,女性,22,6,12,0.0833333333333333,0,0,13,4464126.154078853,8.147945205479452,5.0
C-001001804,S-0121,-23.949624951733814,0,1,男性,67,8,12,0.75,0,0,14,4716268.25678644,9.856164383561644,7.0
C-000080379,S-0002,-23.11054247952801,0,1,男性,32,12,12,0.5833333333333334,13178,1,15,4455566.655169959,5.663013698630137,2.0
C-000498177,S-0121,-37.47706470669339,0,1,男性,38,10,12,0.3333333333333333,19328,2,14,4716268.25678644,9.856164383561644,7.0
C-001942086,S-0056,-93.58956198750334,1,1,男性,64,4,12,0.25,4364,1,15,4406070.585753419,7.528767123287671,4.0
C-000754311,S-0012,-22.305612072973585,0,1,男性,48,9,12,0.3333333333333333,15750,1,16,4444678.825084195,7.994520547945205,5.0
C-001326711,S-0089,-100.0,1,1,女性,56,7,12,0.0833333333333333,2795,2,19,4721110.949352573,10.142465753424657,7.0
C-000375104,S-0113,-50.698483740912984,1,1,女性,55,11,12,0.25,8452,1,16,4336633.961311346,5.77945205479452,2.5
C-000793222,S-0018,-56.87734180345018,1,1,男性,23,9,12,0.5833333333333334,14510,1,16,4493108.581950108,7.550684931506849,5.0
C-000268827,S-0012,-59.62502441247315,1,1,男性,21,11,12,0.25,0,0,16,4444678.825084195,7.994520547945205,5.0
C-000319143,S-0002,-64.59602055243285,1,1,男性,31,11,12,0.25,0,0,15,4455566.655169959,5.663013698630137,2.0
C-002575733,S-0099,-53.58269943385155,1,1,女性,50,1,12,0.25,10426,1,13,4464126.154078853,8.147945205479452,5.0
C-000756352,S-0131,-100.0,1,1,女性,55,9,12,0.3333333333333333,24287,2,17,4569023.5643747775,5.13972602739726,2.0
C-001020807,S-0063,-19.10493551069631,0,1,女性,50,8,12,0.25,21664,1,18,4564012.176421695,5.749315068493151,3.0
C-000211752,S-0121,-100.0,1,1,女性,33,12,12,0.25,0,0,14,4716268.25678644,9.856164383561644,7.0
C-002023811,S-0121,-100.0,1,1,女性,31,3,12,0.1666666666666666,8447,1,14,4716268.25678644,9.856164383561644,7.0
C-000705750,S-0050,-28.205764138625273,0,1,女性,71,9,12,0.25,14025,1,20,4615411.181286601,9.2013698630137,6.0
C-000256150,S-0096,-55.863920739649394,1,1,女性,57,11,12,0.3333333333333333,0,0,16,4644856.458098179,8.302739726027397,5.0
C-000629812,S-0036,-71.40062875242282,1,1,女性,46,10,12,0.0,0,0,19,4397834.424680548,11.123287671232877,9.0
C-002399114,S-0097,-42.84330219004416,0,1,女性,23,2,12,0.4166666666666667,98640,1,21,4592508.716501317,10.09041095890411,7.0
C-000931661,S-0089,-70.20918020455105,1,1,男性,44,8,12,0.4166666666666667,8483,1,19,4721110.949352573,10.142465753424657,7.0
C-001880847,S-0089,-100.0,1,1,女性,31,4,12,0.1666666666666666,5076,2,19,4721110.949352573,10.142465753424657,7.0
C-000627942,S-0059,-17.20137432510821,0,1,女性,30,10,12,0.0833333333333333,708,1,14,4713188.969095345,6.8123287671232875,3.0
C-002617340,S-0014,-15.946687449087186,0,1,男性,44,1,12,0.1666666666666666,20390,1,21,4730192.353344672,7.336986301369863,4.0
C-001212987,S-0004,-100.0,1,1,女性,72,7,12,0.3333333333333333,0,0,22,4423576.351309,11.806849315068494,9.0
C-001008987,S-0111,-48.723610935133735,0,1,女性,42,8,12,0.25,0,0,19,4489501.980758176,6.397260273972603,4.0
C-002221120,S-0080,-29.09442831466888,0,1,女性,52,3,12,0.3333333333333333,4490,1,17,4457429.264950683,11.673972602739726,9.0
C-001052005,S-0002,-37.66942351420037,0,1,女性,80,8,12,0.4166666666666667,12145,1,15,4455566.655169959,5.663013698630137,2.0
C-000749277,S-0117,-50.5506354646187,1,1,女性,34,9,12,0.1666666666666666,13381,1,20,4500859.737076383,9.593150684931507,7.0
C-001222275,S-0111,-47.86226927367247,0,1,女性,31,7,12,0.0,4137,1,19,4489501.980758176,6.397260273972603,4.0
C-002241861,S-0074,-100.0,1,1,男性,57,3,12,0.4166666666666667,774,1,14,4614054.39694187,8.308219178082192,6.0
C-000515132,S-0097,-100.0,1,1,女性,52,10,12,0.0833333333333333,46412,2,21,4592508.716501317,10.09041095890411,7.0
C-000595132,S-0004,-100.0,1,1,女性,75,10,12,0.1666666666666666,51118,1,22,4423576.351309,11.806849315068494,9.0
C-001709285,S-0041,-100.0,1,1,女性,59,5,12,0.3333333333333333,0,0,17,4828489.286769263,10.389041095890411,7.0
C-002320019,S-0111,-38.44470412704044,0,1,女性,76,2,12,0.3333333333333333,0,0,19,4489501.980758176,6.397260273972603,4.0
C-001093850,S-0036,-100.0,1,1,女性,45,8,12,0.3333333333333333,0,0,19,4397834.424680548,11.123287671232877,9.0
C-001494319,S-0062,-15.812431566567986,0,1,女性,76,6,12,0.25,0,0,15,4713869.782113416,4.575342465753424,1.0
C-000332575,S-0039,-57.619511516248004,1,1,女性,80,11,12,0.25,15947,1,16,4591288.568998441,8.193150684931506,5.0
C-000523548,S-0131,-22.887740966722006,0,1,女性,39,10,12,0.3333333333333333,56182,1,17,4569023.5643747775,5.13972602739726,2.0
C-002069653,S-0096,-100.0,1,1,男性,41,3,12,0.1666666666666666,24648,1,16,4644856.458098179,8.302739726027397,5.0
C-000252849,S-0115,-57.971407299041246,1,1,女性,69,11,12,0.25,34539,1,14,4553643.099564746,10.51095890410959,7.0
C-001439940,S-0014,-59.041940300821025,1,1,男性,75,6,12,0.3333333333333333,2472,2,21,4730192.353344672,7.336986301369863,4.0
C-001359291,S-0089,-20.53581926892575,0,1,女性,51,6,12,0.0833333333333333,16376,2,19,4721110.949352573,10.142465753424657,7.0
C-002550438,S-0036,-100.0,1,1,男性,44,1,12,0.1666666666666666,0,0,19,4397834.424680548,11.123287671232877,9.0
C-000975155,S-0117,-23.07604861214155,0,1,男性,46,8,12,0.25,1943,2,20,4500859.737076383,9.593150684931507,7.0
C-001689289,S-0004,-79.27303140427358,1,1,女性,37,5,12,0.1666666666666666,1414,1,22,4423576.351309,11.806849315068494,9.0
C-002135962,S-0079,-21.97431719096773,0,1,男性,47,3,12,0.25,2808,2,13,4256656.371085242,8.479452054794521,6.0
C-002438556,S-0085,-28.76353967074649,0,1,男性,47,2,12,0.4166666666666667,33126,1,15,4606655.398026554,4.928767123287671,2.0
C-000047558,S-0012,-92.68955669670929,1,1,女性,17,12,12,0.1666666666666666,0,0,16,4444678.825084195,7.994520547945205,5.0
C-001112762,S-0096,-100.0,1,1,男性,50,8,12,0.1666666666666666,0,0,16,4644856.458098179,8.302739726027397,5.0
C-002325552,S-0115,-100.0,1,1,男性,43,2,12,0.1666666666666666,0,0,14,4553643.099564746,10.51095890410959,7.0
C-000616379,S-0020,-39.693123872177395,0,1,女性,61,10,12,0.25,2866,1,16,4280702.057267675,6.986301369863014,3.5
C-001395652,S-0048,-31.291812959861414,0,1,女性,60,6,12,0.25,18304,1,15,4502249.082895545,3.671232876712329,1.0
C-000121872,S-0072,-5.986194540366947,0,1,女性,48,12,12,0.0,13519,2,12,4406797.312641796,9.01917808219178,6.0
C-002601603,S-0131,-25.405059784986317,0,1,男性,51,1,12,0.0833333333333333,18027,1,17,4569023.5643747775,5.13972602739726,2.0
C-001209612,S-0115,-100.0,1,1,女性,47,7,12,0.1666666666666666,0,0,14,4553643.099564746,10.51095890410959,7.0
C-000751541,S-0008,-100.0,1,1,男性,37,9,12,0.3333333333333333,0,0,22,4498453.308937302,10.772602739726027,7.0
C-000770898,S-0074,-16.21019416803908,0,1,女性,79,9,12,0.0833333333333333,4296,2,14,4614054.39694187,8.308219178082192,6.0
C-002103642,S-0097,-37.441426215431584,0,1,女性,71,3,12,0.5,118039,2,21,4592508.716501317,10.09041095890411,7.0
C-001521912,S-0008,-61.05609432491212,1,1,男性,82,6,12,0.5833333333333334,0,0,22,4498453.308937302,10.772602739726027,7.0
C-000391497,S-0096,-98.17389047495459,1,1,女性,57,11,12,0.3333333333333333,3741,1,16,4644856.458098179,8.302739726027397,5.0
C-001529369,S-0014,-21.176042636919295,0,1,男性,54,6,12,0.25,9079,1,21,4730192.353344672,7.336986301369863,4.0
C-000390768,S-0072,-31.815854612302157,0,1,女性,64,11,12,0.0,23418,2,12,4406797.312641796,9.01917808219178,6.0
C-001429837,S-0039,-36.43910574742799,0,1,男性,77,6,12,0.1666666666666666,0,0,16,4591288.568998441,8.193150684931506,5.0
C-001377484,S-0097,-100.0,1,1,女性,46,6,12,0.0,25077,2,21,4592508.716501317,10.09041095890411,7.0
C-001203744,S-0113,-30.10288494198341,0,1,女性,42,7,12,0.0833333333333333,11706,2,16,4336633.961311346,5.77945205479452,2.5
C-001004409,S-0050,-24.641277651301884,0,1,女性,59,8,12,0.25,36066,1,20,4615411.181286601,9.2013698630137,6.0
C-000731797,S-0039,-28.754751028742696,0,1,女性,41,9,12,0.0833333333333333,7026,2,16,4591288.568998441,8.193150684931506,5.0
C-001389494,S-0113,-100.0,1,1,男性,72,6,12,0.0833333333333333,14277,2,16,4336633.961311346,5.77945205479452,2.5
C-000102633,S-0004,-39.648133104147995,0,1,女性,45,12,12,0.0833333333333333,47208,2,22,4423576.351309,11.806849315068494,9.0
C-000746283,S-0089,-61.60438126046367,1,1,女性,58,9,12,0.0,0,0,19,4721110.949352573,10.142465753424657,7.0
C-001800767,S-0004,-22.021168951836362,0,1,男性,45,4,12,0.4166666666666667,0,0,22,4423576.351309,11.806849315068494,9.0
C-000294608,S-0012,-74.25260478332939,1,1,女性,39,11,12,0.4166666666666667,4913,1,16,4444678.825084195,7.994520547945205,5.0
C-002694826,S-0012,-100.0,1,1,女性,54,1,12,0.0,2704,1,16,4444678.825084195,7.994520547945205,5.0
C-002571995,S-0121,-98.89991129961359,1,1,男性,75,1,12,0.5,33351,2,14,4716268.25678644,9.856164383561644,7.0
C-000890878,S-0097,-76.55189527054216,1,1,男性,54,9,12,0.5833333333333334,3840,2,21,4592508.716501317,10.09041095890411,7.0
C-001420191,S-0089,-52.350587509093714,1,1,女性,40,6,12,0.1666666666666666,16174,1,19,4721110.949352573,10.142465753424657,7.0
C-001183016,S-0039,-100.0,1,1,女性,44,7,12,0.6666666666666666,0,0,16,4591288.568998441,8.193150684931506,5.0
C-001055552,S-0080,-77.59133715758152,1,1,女性,48,8,12,0.3333333333333333,4815,2,17,4457429.264950683,11.673972602739726,9.0
C-001621297,S-0113,-100.0,1,1,男性,42,5,12,0.1666666666666666,0,0,16,4336633.961311346,5.77945205479452,2.5
C-000314343,S-0113,-100.0,1,1,女性,44,11,12,0.0833333333333333,0,0,16,4336633.961311346,5.77945205479452,2.5
C-000793314,S-0100,-100.0,1,1,女性,39,9,12,0.5833333333333334,0,0,17,4535925.154217558,4.720547945205479,2.0
C-001374254,S-0017,-100.0,1,1,男性,39,6,12,0.8333333333333334,0,0,20,4640207.03550726,5.608219178082192,2.5
C-001835553,S-0002,-100.0,1,1,女性,46,4,12,0.0,0,0,15,4455566.655169959,5.663013698630137,2.0
C-002361973,S-0063,-69.91359054043811,1,1,男性,51,2,12,0.1666666666666666,0,0,18,4564012.176421695,5.749315068493151,3.0
C-002335281,S-0056,-100.0,1,1,男性,52,2,12,0.3333333333333333,0,0,15,4406070.585753419,7.528767123287671,4.0
C-002588659,S-0007,-66.24299533544125,1,1,男性,38,1,12,0.1666666666666666,8848,2,21,4487075.727367008,3.7260273972602738,1.0
C-000247927,S-0079,-91.91320031982744,1,1,女性,35,11,12,0.1666666666666666,7875,2,13,4256656.371085242,8.479452054794521,6.0
C-002596342,S-0072,-47.55117111120356,0,1,女性,25,1,12,0.5,30364,1,12,4406797.312641796,9.01917808219178,6.0
C-001677107,S-0040,-46.70908417405705,0,1,女性,50,5,12,0.1666666666666666,3993,2,20,4550116.0180538,8.163013698630138,4.0
C-001096275,S-0080,-98.64126244367151,1,1,男性,45,8,12,0.1666666666666666,0,0,17,4457429.264950683,11.673972602739726,9.0
C-000638102,S-0048,-45.89349787711443,0,1,女性,44,10,12,0.1666666666666666,15842,1,15,4502249.082895545,3.671232876712329,1.0
C-001940067,S-0117,-65.1516537113245,1,1,男性,57,4,12,0.3333333333333333,10276,1,20,4500859.737076383,9.593150684931507,7.0
C-001460873,S-0072,-29.152398856674044,0,1,男性,41,6,12,0.3333333333333333,4206,2,12,4406797.312641796,9.01917808219178,6.0
C-000665161,S-0040,-13.60476400391912,0,1,男性,18,10,12,0.4166666666666667,0,0,20,4550116.0180538,8.163013698630138,4.0
C-002486489,S-0007,-57.309017897678224,1,1,女性,55,1,12,1.0,32388,1,21,4487075.727367008,3.7260273972602738,1.0
C-000389419,S-0036,-38.70479861720808,0,1,女性,47,11,12,0.25,16768,1,19,4397834.424680548,11.123287671232877,9.0
C-001488788,S-0040,-27.960070972253277,0,1,女性,51,6,12,0.3333333333333333,10350,1,20,4550116.0180538,8.163013698630138,4.0
C-001509959,S-0019,-3.732344466269509,0,1,女性,39,6,12,0.4166666666666667,0,0,19,4327199.920883598,4.090410958904109,1.0
C-001388126,S-0080,-100.0,1,1,女性,42,6,12,0.0833333333333333,16116,2,17,4457429.264950683,11.673972602739726,9.0
C-001563231,S-0079,-12.261535505476106,0,1,女性,56,6,12,0.0,0,0,13,4256656.371085242,8.479452054794521,6.0
C-001434277,S-0030,-27.5629980315729,0,1,男性,53,6,12,0.3333333333333333,71553,1,22,4426478.045479023,9.236986301369862,5.5
C-001097358,S-0017,-100.0,1,1,男性,45,8,12,0.6666666666666666,0,0,20,4640207.03550726,5.608219178082192,2.5
C-000315421,S-0020,-41.58582857551948,0,1,男性,38,11,12,0.3333333333333333,10598,2,16,4280702.057267675,6.986301369863014,3.5
C-001360148,S-0121,-51.23029239694582,1,1,女性,50,6,12,0.4166666666666667,4113,1,14,4716268.25678644,9.856164383561644,7.0
C-000395552,S-0056,-91.28590216791821,1,1,女性,48,11,12,0.1666666666666666,0,0,15,4406070.585753419,7.528767123287671,4.0
C-001995437,S-0089,-40.97357709903122,0,1,男性,67,4,12,0.3333333333333333,0,0,19,4721110.949352573,10.142465753424657,7.0
C-002329839,S-0002,-100.0,1,1,女性,32,2,12,0.5,0,0,15,4455566.655169959,5.663013698630137,2.0
C-000002921,S-0036,-100.0,1,1,女性,44,12,12,0.0833333333333333,10310,2,19,4397834.424680548,11.123287671232877,9.0
C-000089409,S-0008,-64.3751194658476,1,1,女性,59,12,12,0.25,4594,1,22,4498453.308937302,10.772602739726027,7.0
C-000067425,S-0063,-86.34117988956699,1,1,女性,36,12,12,0.5833333333333334,33253,1,18,4564012.176421695,5.749315068493151,3.0
C-001312029,S-0050,-78.7971406953128,1,1,女性,34,7,12,0.5,0,0,20,4615411.181286601,9.2013698630137,6.0
C-001616529,S-0020,-67.56316170455683,1,1,女性,62,5,12,0.0,10317,1,16,4280702.057267675,6.986301369863014,3.5
C-002365396,S-0007,-43.139450184800495,0,1,女性,51,2,12,0.4166666666666667,997,1,21,4487075.727367008,3.7260273972602738,1.0
C-001623959,S-0099,-63.647347164210025,1,1,女性,33,5,12,0.25,0,0,13,4464126.154078853,8.147945205479452,5.0
C-002681108,S-0079,-20.751284759585904,0,1,男性,57,1,12,0.3333333333333333,6559,2,13,4256656.371085242,8.479452054794521,6.0
C-000833597,S-0036,-95.37521427492916,1,1,男性,34,9,12,0.3333333333333333,17265,2,19,4397834.424680548,11.123287671232877,9.0
C-000790657,S-0102,-100.0,1,1,女性,67,9,12,0.5,0,0,16,4383474.364435211,10.484931506849314,7.5
C-002282722,S-0007,-26.251235367964764,0,1,男性,54,2,12,0.1666666666666666,2502,1,21,4487075.727367008,3.7260273972602738,1.0
C-001108269,S-0030,-49.456655710764174,1,1,女性,32,8,12,0.3333333333333333,325,1,22,4426478.045479023,9.236986301369862,5.5
C-000365459,S-0115,-52.84781773966466,1,1,女性,50,11,12,0.3333333333333333,71382,1,14,4553643.099564746,10.51095890410959,7.0
C-002661839,S-0117,-64.25361271203627,1,1,女性,48,1,12,0.25,27802,1,20,4500859.737076383,9.593150684931507,7.0
C-002650876,S-0113,-86.30826443970138,1,1,男性,45,1,12,0.25,0,0,16,4336633.961311346,5.77945205479452,2.5
C-002522831,S-0097,-55.43273497220969,1,1,男性,43,1,12,0.0,0,0,21,4592508.716501317,10.09041095890411,7.0
C-000691954,S-0102,-84.72576811339026,1,1,男性,35,9,12,0.25,0,0,16,4383474.364435211,10.484931506849314,7.5
C-000880257,S-0121,-92.64075363835826,1,1,男性,45,9,12,0.0833333333333333,0,0,14,4716268.25678644,9.856164383561644,7.0
C-001243373,S-0121,-87.51187303460932,1,1,女性,54,7,12,0.0833333333333333,0,0,14,4716268.25678644,9.856164383561644,7.0
C-000413442,S-0121,-85.06206674189907,1,1,男性,45,11,12,0.25,0,0,14,4716268.25678644,9.856164383561644,7.0
C-001765984,S-0007,-91.17290742778388,1,1,女性,53,5,12,0.0,0,0,21,4487075.727367008,3.7260273972602738,1.0
C-000249089,S-0056,-42.31711415510323,0,1,女性,44,11,12,0.5,1147,1,15,4406070.585753419,7.528767123287671,4.0
C-002374230,S-0097,-100.0,1,1,女性,51,2,12,0.1666666666666666,0,0,21,4592508.716501317,10.09041095890411,7.0
C-002128701,S-0113,-28.479048111743406,0,1,男性,18,3,12,0.3333333333333333,0,0,16,4336633.961311346,5.77945205479452,2.5
C-002467022,S-0072,-25.201480014810652,0,1,女性,42,2,12,0.0833333333333333,0,0,12,4406797.312641796,9.01917808219178,6.0
C-001333975,S-0096,-100.0,1,1,男性,51,7,12,0.25,0,0,16,4644856.458098179,8.302739726027397,5.0
C-000226421,S-0079,-100.0,1,1,男性,41,11,12,0.5,11557,1,13,4256656.371085242,8.479452054794521,6.0
C-002235606,S-0040,-65.46111299243707,1,1,男性,39,3,12,0.3333333333333333,0,0,20,4550116.0180538,8.163013698630138,4.0
C-002666066,S-0056,-37.11807277526078,0,1,女性,41,1,12,0.25,81176,1,15,4406070.585753419,7.528767123287671,4.0
C-000268561,S-0072,-41.03340298865523,0,1,女性,62,11,12,0.25,0,0,12,4406797.312641796,9.01917808219178,6.0
C-002392702,S-0007,-43.452564679927335,0,1,男性,49,2,12,0.5833333333333334,54216,1,21,4487075.727367008,3.7260273972602738,1.0
C-001317165,S-0056,-69.29310577489896,1,1,女性,51,7,12,0.3333333333333333,7552,1,15,4406070.585753419,7.528767123287671,4.0
C-000019628,S-0100,-30.908519526833384,0,1,女性,67,12,12,0.25,12702,2,17,4535925.154217558,4.720547945205479,2.0
C-001453335,S-0089,-100.0,1,1,女性,38,6,12,0.0833333333333333,13142,2,19,4721110.949352573,10.142465753424657,7.0
C-002413587,S-0079,-63.27230398570668,1,1,男性,49,2,12,0.25,100671,1,13,4256656.371085242,8.479452054794521,6.0
C-001407099,S-0075,-50.251588394721644,1,1,女性,30,6,12,0.0833333333333333,28502,1,19,4506647.2743158825,4.526027397260274,1.0
C-000182129,S-0056,-60.19414768793246,1,1,女性,55,12,12,0.1666666666666666,21035,1,15,4406070.585753419,7.528767123287671,4.0
C-002425031,S-0121,-93.23062126620675,1,1,男性,44,2,12,0.3333333333333333,0,0,14,4716268.25678644,9.856164383561644,7.0
C-000146744,S-0012,-100.0,1,1,女性,48,12,12,0.1666666666666666,0,0,16,4444678.825084195,7.994520547945205,5.0
C-001605915,S-0041,-100.0,1,1,男性,16,5,12,0.25,30202,1,17,4828489.286769263,10.389041095890411,7.0
C-001459933,S-0048,-39.95307520575954,0,1,男性,53,6,12,0.3333333333333333,2453,2,15,4502249.082895545,3.671232876712329,1.0
C-001608659,S-0040,-18.74698825637226,0,1,女性,46,5,12,0.5833333333333334,3676,1,20,4550116.0180538,8.163013698630138,4.0
C-000078634,S-0014,-61.49681196767439,1,1,女性,39,12,12,0.1666666666666666,41125,2,21,4730192.353344672,7.336986301369863,4.0
C-000557873,S-0036,-100.0,1,1,男性,60,10,12,0.25,10772,2,19,4397834.424680548,11.123287671232877,9.0
C-000530028,S-0111,-60.811033106749235,1,1,女性,51,10,12,0.25,28736,2,19,4489501.980758176,6.397260273972603,4.0
C-001393639,S-0113,-32.97870745239167,0,1,男性,26,6,12,0.4166666666666667,63511,1,16,4336633.961311346,5.77945205479452,2.5
C-002192146,S-0059,-29.824145766252784,0,1,男性,23,3,12,1.0,0,0,14,4713188.969095345,6.8123287671232875,3.0
C-002574297,S-0030,-100.0,1,1,男性,42,1,12,0.3333333333333333,0,0,22,4426478.045479023,9.236986301369862,5.5
C-000471142,S-0030,-17.849158700922548,0,1,男性,50,10,12,0.25,15107,1,22,4426478.045479023,9.236986301369862,5.5
C-001079387,S-0106,-100.0,1,1,女性,71,8,12,0.25,8153,2,20,4462729.145118021,6.171232876712329,3.5
C-001246638,S-0063,-100.0,1,1,女性,44,7,12,0.5,0,0,18,4564012.176421695,5.749315068493151,3.0
C-001431708,S-0020,-71.49325291268808,1,1,男性,40,6,12,0.5,0,0,16,4280702.057267675,6.986301369863014,3.5
C-002122062,S-0106,-100.0,1,1,男性,42,3,12,0.1666666666666666,0,0,20,4462729.145118021,6.171232876712329,3.5
C-002012571,S-0056,-100.0,1,1,女性,52,4,12,0.5,4068,1,15,4406070.585753419,7.528767123287671,4.0
C-002207134,S-0075,-26.79430367761239,0,1,男性,48,3,12,0.75,0,0,19,4506647.2743158825,4.526027397260274,1.0
C-000712359,S-0014,-100.0,1,1,男性,48,9,12,0.1666666666666666,0,0,21,4730192.353344672,7.336986301369863,4.0
C-000776335,S-0115,-100.0,1,1,女性,53,9,12,0.1666666666666666,0,0,14,4553643.099564746,10.51095890410959,7.0
C-000411531,S-0102,-100.0,1,1,女性,13,11,12,0.4166666666666667,0,0,16,4383474.364435211,10.484931506849314,7.5
C-002453025,S-0054,-27.110470681260146,0,1,女性,58,2,12,0.0833333333333333,0,0,23,4489160.181517739,6.358904109589041,4.0
C-000383851,S-0040,-81.35483922330407,1,1,男性,32,11,12,0.0833333333333333,0,0,20,4550116.0180538,8.163013698630138,4.0
C-000116770,S-0080,-75.89660021289738,1,1,女性,54,12,12,0.0833333333333333,31135,1,17,4457429.264950683,11.673972602739726,9.0
C-000547073,S-0040,-66.62875831067805,1,1,男性,31,10,12,0.0,18639,2,20,4550116.0180538,8.163013698630138,4.0
C-002072074,S-0036,-62.020631790348716,1,1,女性,45,3,12,0.0833333333333333,36472,2,19,4397834.424680548,11.123287671232877,9.0
C-001819527,S-0121,-37.53072485578129,0,1,女性,45,4,12,0.8333333333333334,6041,2,14,4716268.25678644,9.856164383561644,7.0
C-000073773,S-0017,-38.6215361265018,0,1,女性,69,12,12,0.25,5428,1,20,4640207.03550726,5.608219178082192,2.5
C-001129968,S-0099,-22.395831896040246,0,1,男性,22,7,12,0.5833333333333334,0,0,13,4464126.154078853,8.147945205479452,5.0
C-002009244,S-0007,-44.92324353343546,0,1,男性,54,4,12,0.1666666666666666,41859,1,21,4487075.727367008,3.7260273972602738,1.0
C-002521154,S-0048,-61.31475854688605,1,1,女性,49,1,12,0.25,14088,1,15,4502249.082895545,3.671232876712329,1.0
C-000124548,S-0121,-35.50445420709012,0,1,女性,47,12,12,0.0833333333333333,65383,1,14,4716268.25678644,9.856164383561644,7.0
C-001571557,S-0131,-12.462597496901383,0,1,女性,76,6,12,0.0833333333333333,1549,1,17,4569023.5643747775,5.13972602739726,2.0
C-000994897,S-0080,-35.70629556760101,0,1,女性,45,8,12,0.0833333333333333,0,0,17,4457429.264950683,11.673972602739726,9.0
C-000237632,S-0040,-40.164689178170775,0,1,男性,23,11,12,0.1666666666666666,11966,2,20,4550116.0180538,8.163013698630138,4.0
C-000125534,S-0018,-21.225011939687523,0,1,女性,51,12,12,0.1666666666666666,25019,1,16,4493108.581950108,7.550684931506849,5.0
C-000375057,S-0115,-100.0,1,1,男性,23,11,12,0.1666666666666666,9268,1,14,4553643.099564746,10.51095890410959,7.0
C-001698401,S-0012,-100.0,1,1,男性,45,5,12,0.3333333333333333,6203,1,16,4444678.825084195,7.994520547945205,5.0
C-001327475,S-0054,-11.756874520210651,0,1,女性,50,7,12,0.1666666666666666,3555,1,23,4489160.181517739,6.358904109589041,4.0
C-000013521,S-0097,-93.03671691268994,1,1,女性,44,12,12,0.6666666666666666,0,0,21,4592508.716501317,10.09041095890411,7.0
C-001280597,S-0054,-21.28754137661795,0,1,女性,45,7,12,0.5833333333333334,2767,2,23,4489160.181517739,6.358904109589041,4.0
C-002114265,S-0004,-100.0,1,1,男性,20,3,12,0.0,5665,1,22,4423576.351309,11.806849315068494,9.0
C-001867496,S-0089,-37.947724402774654,0,1,男性,35,4,12,0.1666666666666666,0,0,19,4721110.949352573,10.142465753424657,7.0
C-001822270,S-0075,-100.0,1,1,男性,46,4,12,0.1666666666666666,148485,2,19,4506647.2743158825,4.526027397260274,1.0
C-002474726,S-0012,-100.0,1,1,女性,82,1,12,0.0,0,0,16,4444678.825084195,7.994520547945205,5.0
C-001906190,S-0106,-33.70744797887723,0,1,女性,23,4,12,0.3333333333333333,14929,1,20,4462729.145118021,6.171232876712329,3.5
C-000836963,S-0131,-34.16501573243212,0,1,女性,66,9,12,0.1666666666666666,0,0,17,4569023.5643747775,5.13972602739726,2.0
C-002437218,S-0014,-86.4621761658031,1,1,男性,41,2,12,0.3333333333333333,9782,2,21,4730192.353344672,7.336986301369863,4.0
C-000485352,S-0056,-43.622900729308384,0,1,女性,57,10,12,0.25,0,0,15,4406070.585753419,7.528767123287671,4.0
C-000428910,S-0012,-91.41612707490005,1,1,男性,47,11,12,0.4166666666666667,16399,1,16,4444678.825084195,7.994520547945205,5.0
C-000816353,S-0080,-33.231462632941266,0,1,女性,64,9,12,0.1666666666666666,0,0,17,4457429.264950683,11.673972602739726,9.0
C-001094653,S-0004,-24.459902676821628,0,1,男性,60,8,12,0.0833333333333333,6214,1,22,4423576.351309,11.806849315068494,9.0
C-001190386,S-0080,-100.0,1,1,女性,38,7,12,0.25,76186,1,17,4457429.264950683,11.673972602739726,9.0
C-001013869,S-0018,-67.12582343147292,1,1,女性,56,8,12,0.1666666666666666,9360,1,16,4493108.581950108,7.550684931506849,5.0
C-000504603,S-0048,-70.83457457020104,1,1,男性,58,10,12,0.0833333333333333,13290,2,15,4502249.082895545,3.671232876712329,1.0
C-001208433,S-0097,-51.24650668460953,1,1,男性,48,7,12,0.25,7033,1,21,4592508.716501317,10.09041095890411,7.0
C-000563602,S-0080,-100.0,1,1,女性,62,10,12,0.0833333333333333,0,0,17,4457429.264950683,11.673972602739726,9.0
C-000935098,S-0041,-18.336549055494938,0,1,女性,52,8,12,0.25,27049,2,17,4828489.286769263,10.389041095890411,7.0
C-002344450,S-0039,-31.63882173940406,0,1,男性,61,2,12,0.75,16035,2,16,4591288.568998441,8.193150684931506,5.0
C-000979607,S-0012,-100.0,1,1,女性,68,8,12,0.0833333333333333,41681,1,16,4444678.825084195,7.994520547945205,5.0
C-000419495,S-0113,-49.839225320508376,1,1,女性,50,11,12,0.1666666666666666,0,0,16,4336633.961311346,5.77945205479452,2.5
C-001061223,S-0014,-70.45337068347422,1,1,女性,54,8,12,0.25,27855,2,21,4730192.353344672,7.336986301369863,4.0
C-000276458,S-0048,-97.89985269861431,1,1,男性,44,11,12,0.0833333333333333,6858,1,15,4502249.082895545,3.671232876712329,1.0
C-001202700,S-0115,-28.86480007524109,0,1,男性,20,7,12,0.25,0,0,14,4553643.099564746,10.51095890410959,7.0
C-000654568,S-0113,-89.5590210546514,1,1,男性,55,10,12,0.5833333333333334,0,0,16,4336633.961311346,5.77945205479452,2.5
C-000168310,S-0012,-20.525676786770862,0,1,男性,36,12,12,0.1666666666666666,4601,1,16,4444678.825084195,7.994520547945205,5.0
C-000697291,S-0089,-15.455698233254145,0,1,男性,60,9,12,0.1666666666666666,63657,2,19,4721110.949352573,10.142465753424657,7.0
C-002060770,S-0002,-23.858289655607486,0,1,女性,42,3,12,0.5,110377,1,15,4455566.655169959,5.663013698630137,2.0
C-000194725,S-0018,-100.0,1,1,女性,50,12,12,0.25,0,0,16,4493108.581950108,7.550684931506849,5.0
C-000121153,S-0096,-21.295087364752096,0,1,女性,23,12,12,0.75,11154,2,16,4644856.458098179,8.302739726027397,5.0
C-002618339,S-0007,-70.53872483907224,1,1,女性,45,1,12,0.0,0,0,21,4487075.727367008,3.7260273972602738,1.0
C-000391644,S-0111,-96.4802091878589,1,1,女性,61,11,12,0.5833333333333334,0,0,19,4489501.980758176,6.397260273972603,4.0
C-002216260,S-0014,-34.064722533167846,0,1,女性,56,3,12,0.1666666666666666,54186,1,21,4730192.353344672,7.336986301369863,4.0
C-000546972,S-0018,-28.181381490327283,0,1,男性,41,10,12,0.25,16493,1,16,4493108.581950108,7.550684931506849,5.0
C-001927731,S-0004,-33.806924972503374,0,1,男性,53,4,12,0.1666666666666666,34182,1,22,4423576.351309,11.806849315068494,9.0
C-000397556,S-0113,-39.24596483656354,0,1,女性,65,11,12,0.1666666666666666,65862,1,16,4336633.961311346,5.77945205479452,2.5
C-001636848,S-0040,-69.62290414425814,1,1,女性,42,5,12,0.5,2971,1,20,4550116.0180538,8.163013698630138,4.0
C-000283497,S-0113,-98.79456988260387,1,1,女性,67,11,12,0.0833333333333333,42958,1,16,4336633.961311346,5.77945205479452,2.5
C-002302658,S-0079,-10.568151896725233,0,1,男性,41,2,12,0.1666666666666666,11187,1,13,4256656.371085242,8.479452054794521,6.0
C-002362552,S-0072,-41.73360955575033,0,1,女性,49,2,12,0.25,3635,1,12,4406797.312641796,9.01917808219178,6.0
C-000962642,S-0074,-77.74061336976492,1,1,男性,46,8,12,0.25,0,0,14,4614054.39694187,8.308219178082192,6.0
C-000343661,S-0012,-100.0,1,1,女性,58,11,12,0.0833333333333333,0,0,16,4444678.825084195,7.994520547945205,5.0
C-002381041,S-0117,-30.939853993006032,0,1,女性,51,2,12,0.25,10687,1,20,4500859.737076383,9.593150684931507,7.0
C-000949652,S-0002,-49.47048043540322,1,1,男性,50,8,12,0.25,22089,1,15,4455566.655169959,5.663013698630137,2.0
C-002660004,S-0012,-51.67849045564251,1,1,女性,75,1,12,0.0,13119,1,16,4444678.825084195,7.994520547945205,5.0
C-002316559,S-0054,-28.255465579667703,0,1,男性,41,2,12,0.0833333333333333,11453,2,23,4489160.181517739,6.358904109589041,4.0
C-001164553,S-0040,-24.92568474242862,0,1,男性,53,7,12,0.4166666666666667,11376,2,20,4550116.0180538,8.163013698630138,4.0
C-002504663,S-0072,-73.50825946178851,1,1,男性,43,1,12,0.5,11098,1,12,4406797.312641796,9.01917808219178,6.0
C-001343594,S-0018,-59.716372609757244,1,1,男性,59,7,12,0.1666666666666666,8457,1,16,4493108.581950108,7.550684931506849,5.0
C-001935635,S-0018,-100.0,1,1,女性,57,4,12,0.1666666666666666,0,0,16,4493108.581950108,7.550684931506849,5.0
C-001575902,S-0048,-100.0,1,1,男性,67,6,12,0.0833333333333333,68765,1,15,4502249.082895545,3.671232876712329,1.0
C-000285900,S-0072,-19.366360102813957,0,1,男性,36,11,12,0.0833333333333333,50852,1,12,4406797.312641796,9.01917808219178,6.0
C-001262743,S-0126,-100.0,1,1,男性,83,7,12,0.4166666666666667,0,0,17,4493168.352495564,5.53972602739726,3.0
C-002401248,S-0002,-21.160403384442894,0,1,女性,56,2,12,0.4166666666666667,4760,1,15,4455566.655169959,5.663013698630137,2.0
C-001005188,S-0102,-48.426006673238795,0,1,女性,45,8,12,0.1666666666666666,1807,2,16,4383474.364435211,10.484931506849314,7.5
C-000644368,S-0050,-65.45336828474876,1,1,女性,47,10,12,0.4166666666666667,0,0,20,4615411.181286601,9.2013698630137,6.0
C-000945936,S-0115,-60.89866660114913,1,1,女性,46,8,12,0.25,16713,2,14,4553643.099564746,10.51095890410959,7.0
C-002694689,S-0020,-41.26603954135166,0,1,男性,70,1,12,0.3333333333333333,0,0,16,4280702.057267675,6.986301369863014,3.5
C-001901343,S-0012,-100.0,1,1,男性,69,4,12,0.3333333333333333,0,0,16,4444678.825084195,7.994520547945205,5.0
C-002279341,S-0080,-24.292720522739288,0,1,男性,62,2,12,0.3333333333333333,192914,1,17,4457429.264950683,11.673972602739726,9.0
C-000660475,S-0054,-20.512580599887396,0,1,女性,49,10,12,0.5833333333333334,10406,2,23,4489160.181517739,6.358904109589041,4.0
C-002030190,S-0014,-100.0,1,1,女性,55,3,12,0.1666666666666666,128101,2,21,4730192.353344672,7.336986301369863,4.0
C-000812574,S-0080,-67.46481393129771,1,1,女性,42,9,12,0.25,17468,1,17,4457429.264950683,11.673972602739726,9.0
C-001979354,S-0080,-54.94339506077501,1,1,女性,34,4,12,0.25,0,0,17,4457429.264950683,11.673972602739726,9.0
C-001140938,S-0012,-70.36616482092522,1,1,女性,37,7,12,0.0833333333333333,0,0,16,4444678.825084195,7.994520547945205,5.0
C-002252391,S-0008,-35.55369967044513,0,1,男性,19,2,12,0.3333333333333333,0,0,22,4498453.308937302,10.772602739726027,7.0
C-001707758,S-0072,-93.94590051195844,1,1,女性,38,5,12,0.0,50640,2,12,4406797.312641796,9.01917808219178,6.0
C-000373031,S-0111,-77.90797573180993,1,1,男性,56,11,12,0.0833333333333333,0,0,19,4489501.980758176,6.397260273972603,4.0
C-002451988,S-0004,-51.79101463020531,1,1,女性,70,2,12,0.0833333333333333,0,0,22,4423576.351309,11.806849315068494,9.0
C-001467364,S-0089,-92.2602208671235,1,1,男性,45,6,12,0.25,0,0,19,4721110.949352573,10.142465753424657,7.0
C-000875255,S-0063,-28.13791710045207,0,1,女性,80,9,12,0.0833333333333333,0,0,18,4564012.176421695,5.749315068493151,3.0
C-002633801,S-0102,-62.83522032612107,1,1,男性,58,1,12,0.0,0,0,16,4383474.364435211,10.484931506849314,7.5
C-000826325,S-0074,-100.0,1,1,男性,37,9,12,0.0,0,0,14,4614054.39694187,8.308219178082192,6.0
C-000890644,S-0072,-85.21632150912446,1,1,女性,44,9,12,0.25,16243,2,12,4406797.312641796,9.01917808219178,6.0
C-000501457,S-0036,-37.599836318657815,0,1,男性,35,10,12,0.5,0,0,19,4397834.424680548,11.123287671232877,9.0
C-000400330,S-0004,-100.0,1,1,女性,39,11,12,0.1666666666666666,0,0,22,4423576.351309,11.806849315068494,9.0
C-002587611,S-0074,-100.0,1,1,男性,69,1,12,0.4166666666666667,0,0,14,4614054.39694187,8.308219178082192,6.0
C-001918475,S-0050,-44.5783579125738,0,1,女性,65,4,12,0.1666666666666666,0,0,20,4615411.181286601,9.2013698630137,6.0
C-001474708,S-0096,-100.0,1,1,女性,36,6,12,0.3333333333333333,0,0,16,4644856.458098179,8.302739726027397,5.0
C-002634514,S-0096,-17.811866349290312,0,1,男性,45,1,12,0.25,2624,2,16,4644856.458098179,8.302739726027397,5.0
C-001804236,S-0074,-100.0,1,1,女性,37,4,12,0.0833333333333333,1458,1,14,4614054.39694187,8.308219178082192,6.0
C-001773037,S-0097,-45.27611882038371,0,1,女性,61,5,12,0.3333333333333333,2534,1,21,4592508.716501317,10.09041095890411,7.0
C-001336416,S-0100,-22.22025417997535,0,1,女性,41,7,12,0.0,39564,1,17,4535925.154217558,4.720547945205479,2.0
C-000316617,S-0082,-14.414543926484166,0,1,男性,51,11,12,0.3333333333333333,0,0,17,4607261.71451126,4.758904109589041,2.0
C-002118924,S-0106,-100.0,1,1,女性,42,3,12,0.1666666666666666,0,0,20,4462729.145118021,6.171232876712329,3.5
C-002513184,S-0097,-100.0,1,1,女性,48,1,12,0.0833333333333333,38310,1,21,4592508.716501317,10.09041095890411,7.0
C-000071602,S-0074,-68.8220365565029,1,1,男性,54,12,12,0.25,59745,2,14,4614054.39694187,8.308219178082192,6.0
C-001564811,S-0018,-36.18883643129766,0,1,女性,51,6,12,0.0833333333333333,2157,1,16,4493108.581950108,7.550684931506849,5.0
C-001094452,S-0056,-33.51791945076212,0,1,女性,40,8,12,0.25,18439,2,15,4406070.585753419,7.528767123287671,4.0
C-001852461,S-0007,-24.787523192476776,0,1,女性,46,4,12,0.0,2100,1,21,4487075.727367008,3.7260273972602738,1.0
C-000160349,S-0056,-80.7409316041112,1,1,女性,69,12,12,0.25,36049,1,15,4406070.585753419,7.528767123287671,4.0
C-001709763,S-0072,-53.71265562174477,1,1,男性,61,5,12,0.25,17043,1,12,4406797.312641796,9.01917808219178,6.0
C-001173602,S-0063,-100.0,1,1,女性,47,7,12,0.3333333333333333,15422,1,18,4564012.176421695,5.749315068493151,3.0
C-000819491,S-0056,-29.200228616819807,0,1,女性,39,9,12,0.3333333333333333,8712,2,15,4406070.585753419,7.528767123287671,4.0
C-001502254,S-0036,-19.250568637069026,0,1,女性,44,6,12,0.0833333333333333,0,0,19,4397834.424680548,11.123287671232877,9.0
C-001153944,S-0019,-2.889818041037553,0,1,女性,34,7,12,0.75,215588,1,19,4327199.920883598,4.090410958904109,1.0
C-000717582,S-0002,-27.074984084426855,0,1,女性,35,9,12,0.4166666666666667,20733,1,15,4455566.655169959,5.663013698630137,2.0
C-001550814,S-0036,-36.652150789597016,0,1,女性,57,6,12,0.3333333333333333,13473,2,19,4397834.424680548,11.123287671232877,9.0
C-001402867,S-0002,-32.774273048968666,0,1,女性,55,6,12,0.0833333333333333,0,0,15,4455566.655169959,5.663013698630137,2.0
C-000819066,S-0079,-54.95506055221369,1,1,女性,43,9,12,0.25,58855,1,13,4256656.371085242,8.479452054794521,6.0
C-002423795,S-0008,-100.0,1,1,男性,54,2,12,0.25,0,0,22,4498453.308937302,10.772602739726027,7.0
C-000169214,S-0085,-24.654668865734582,0,1,男性,45,12,12,0.6666666666666666,0,0,15,4606655.398026554,4.928767123287671,2.0
C-001876632,S-0074,-51.99840972683536,1,1,女性,21,4,12,0.25,14559,1,14,4614054.39694187,8.308219178082192,6.0
C-002123089,S-0117,-23.620216768457436,0,1,男性,33,3,12,0.1666666666666666,14798,2,20,4500859.737076383,9.593150684931507,7.0
C-002150176,S-0102,-46.15811108858608,0,1,女性,59,3,12,0.0833333333333333,9821,1,16,4383474.364435211,10.484931506849314,7.5
C-000751516,S-0097,-27.706228080682,0,1,男性,48,9,12,0.25,8855,1,21,4592508.716501317,10.09041095890411,7.0
C-002325377,S-0121,-100.0,1,1,女性,56,2,12,0.4166666666666667,5528,2,14,4716268.25678644,9.856164383561644,7.0
C-002281683,S-0018,-52.560368405058554,1,1,男性,79,2,12,0.1666666666666666,0,0,16,4493108.581950108,7.550684931506849,5.0
C-001195474,S-0050,-40.75051042990334,0,1,男性,57,7,12,0.3333333333333333,23507,1,20,4615411.181286601,9.2013698630137,6.0
C-000283530,S-0041,-100.0,1,1,男性,49,11,12,0.0833333333333333,5579,1,17,4828489.286769263,10.389041095890411,7.0
C-000986509,S-0075,-37.47745581339425,0,1,女性,65,8,12,0.0833333333333333,0,0,19,4506647.2743158825,4.526027397260274,1.0
C-000840932,S-0102,-90.65586982384772,1,1,男性,61,9,12,0.3333333333333333,6900,1,16,4383474.364435211,10.484931506849314,7.5
C-002012650,S-0048,-37.43655906244521,0,1,男性,43,4,12,0.3333333333333333,29003,1,15,4502249.082895545,3.671232876712329,1.0
C-002321119,S-0117,-53.71989212312843,1,1,男性,55,2,12,0.1666666666666666,0,0,20,4500859.737076383,9.593150684931507,7.0
C-001883592,S-0097,-28.626699251900988,0,1,女性,38,4,12,0.1666666666666666,29315,1,21,4592508.716501317,10.09041095890411,7.0
C-002173613,S-0096,-100.0,1,1,女性,41,3,12,0.5,1811,2,16,4644856.458098179,8.302739726027397,5.0
C-001353838,S-0074,-100.0,1,1,女性,77,6,12,0.25,7160,1,14,4614054.39694187,8.308219178082192,6.0
C-000680883,S-0036,-28.521413065911418,0,1,女性,34,9,12,0.4166666666666667,744,2,19,4397834.424680548,11.123287671232877,9.0
C-001301576,S-0096,-32.339701099655706,0,1,女性,49,7,12,0.1666666666666666,15591,2,16,4644856.458098179,8.302739726027397,5.0
C-001421049,S-0079,-11.132090500967013,0,1,男性,55,6,12,0.25,0,0,13,4256656.371085242,8.479452054794521,6.0
C-002585262,S-0102,-100.0,1,1,女性,53,1,12,0.4166666666666667,3032,1,16,4383474.364435211,10.484931506849314,7.5
C-000814971,S-0106,-39.447867418675195,0,1,男性,51,9,12,0.5,0,0,20,4462729.145118021,6.171232876712329,3.5
C-002083013,S-0111,-42.433393367283564,0,1,女性,32,3,12,0.1666666666666666,0,0,19,4489501.980758176,6.397260273972603,4.0
C-000077105,S-0113,-51.53838681868406,1,1,女性,55,12,12,0.4166666666666667,4829,2,16,4336633.961311346,5.77945205479452,2.5
C-002258831,S-0012,-100.0,1,1,男性,35,2,12,0.3333333333333333,0,0,16,4444678.825084195,7.994520547945205,5.0
C-001565255,S-0075,-35.05291254277615,0,1,女性,44,6,12,0.0833333333333333,0,0,19,4506647.2743158825,4.526027397260274,1.0
C-001036719,S-0007,-54.302240630830255,1,1,男性,38,8,12,0.3333333333333333,0,0,21,4487075.727367008,3.7260273972602738,1.0
C-000065568,S-0020,-59.043483165078115,1,1,女性,18,12,12,0.25,26490,1,16,4280702.057267675,6.986301369863014,3.5
C-002069175,S-0012,-38.65951070409418,0,1,女性,40,3,12,0.25,14405,2,16,4444678.825084195,7.994520547945205,5.0
C-000299926,S-0018,-100.0,1,1,女性,29,11,12,0.1666666666666666,0,0,16,4493108.581950108,7.550684931506849,5.0
C-000786644,S-0115,-100.0,1,1,男性,53,9,12,0.1666666666666666,0,0,14,4553643.099564746,10.51095890410959,7.0
C-000723811,S-0097,-25.21955794196609,0,1,女性,41,9,12,0.25,4518,1,21,4592508.716501317,10.09041095890411,7.0
C-001000856,S-0056,-100.0,1,1,女性,53,8,12,0.1666666666666666,0,0,15,4406070.585753419,7.528767123287671,4.0
C-000594120,S-0096,-21.969611300155233,0,1,女性,52,10,12,0.25,3453,1,16,4644856.458098179,8.302739726027397,5.0
C-002198721,S-0097,-54.065114622332864,1,1,男性,45,3,12,0.4166666666666667,0,0,21,4592508.716501317,10.09041095890411,7.0
C-002561446,S-0080,-21.76967623557764,0,1,女性,70,1,12,0.0833333333333333,4706,2,17,4457429.264950683,11.673972602739726,9.0
C-002693500,S-0005,-24.735144683489533,0,1,女性,44,1,12,0.6666666666666666,22482,1,21,4733942.970761149,4.69041095890411,2.0
C-001582849,S-0014,-41.45028343501626,0,1,男性,48,5,12,0.25,25639,2,21,4730192.353344672,7.336986301369863,4.0
C-002140478,S-0131,-25.52929116486317,0,1,男性,67,3,12,0.25,0,0,17,4569023.5643747775,5.13972602739726,2.0
C-000135036,S-0106,-22.26756726815377,0,1,女性,48,12,12,0.1666666666666666,4937,1,20,4462729.145118021,6.171232876712329,3.5
C-000631606,S-0072,-27.27004191915901,0,1,女性,24,10,12,0.3333333333333333,33438,1,12,4406797.312641796,9.01917808219178,6.0
C-001122378,S-0041,-18.515727268150236,0,1,女性,57,8,12,0.25,4001,1,17,4828489.286769263,10.389041095890411,7.0
C-001000173,S-0115,-100.0,1,1,男性,49,8,12,0.1666666666666666,12660,1,14,4553643.099564746,10.51095890410959,7.0
C-001729750,S-0008,-23.947300338661268,0,1,女性,51,5,12,0.5,0,0,22,4498453.308937302,10.772602739726027,7.0
C-001544076,S-0040,-36.467144469822266,0,1,男性,43,6,12,0.3333333333333333,4383,2,20,4550116.0180538,8.163013698630138,4.0
C-002547552,S-0040,-42.02467069315692,0,1,女性,35,1,12,0.25,11166,1,20,4550116.0180538,8.163013698630138,4.0
C-000115172,S-0074,-100.0,1,1,女性,59,12,12,0.25,0,0,14,4614054.39694187,8.308219178082192,6.0
C-001977510,S-0089,-16.377248793330406,0,1,女性,41,4,12,0.6666666666666666,40779,2,19,4721110.949352573,10.142465753424657,7.0
C-001158827,S-0117,-31.01705847770878,0,1,女性,38,7,12,0.25,1745,1,20,4500859.737076383,9.593150684931507,7.0
C-000800262,S-0106,-23.41367617601236,0,1,女性,31,9,12,0.5,0,0,20,4462729.145118021,6.171232876712329,3.5
C-002056619,S-0074,-100.0,1,1,男性,38,3,12,0.25,122854,1,14,4614054.39694187,8.308219178082192,6.0
C-001606711,S-0106,-100.0,1,1,女性,43,5,12,0.25,0,0,20,4462729.145118021,6.171232876712329,3.5
C-000378077,S-0008,-83.86059999561726,1,1,女性,48,11,12,0.0,0,0,22,4498453.308937302,10.772602739726027,7.0
C-000474022,S-0072,-30.6553216763708,0,1,女性,36,10,12,0.3333333333333333,12930,2,12,4406797.312641796,9.01917808219178,6.0
C-002142898,S-0074,-100.0,1,1,男性,46,3,12,0.6666666666666666,0,0,14,4614054.39694187,8.308219178082192,6.0
C-000864654,S-0079,-36.901846610211145,0,1,女性,62,9,12,0.3333333333333333,1222,2,13,4256656.371085242,8.479452054794521,6.0
C-000584217,S-0117,-19.377417197950603,0,1,男性,56,10,12,0.3333333333333333,49767,1,20,4500859.737076383,9.593150684931507,7.0
C-002513911,S-0099,-10.44521075291714,0,1,女性,95,1,12,0.1666666666666666,0,0,13,4464126.154078853,8.147945205479452,5.0
C-000799129,S-0097,-100.0,1,1,男性,47,9,12,0.25,0,0,21,4592508.716501317,10.09041095890411,7.0
C-000771442,S-0121,-30.846160200457085,0,1,女性,42,9,12,0.5833333333333334,15200,1,14,4716268.25678644,9.856164383561644,7.0
C-001970547,S-0089,-30.579901153212518,0,1,女性,37,4,12,0.3333333333333333,24127,2,19,4721110.949352573,10.142465753424657,7.0
C-000916514,S-0072,-100.0,1,1,女性,80,8,12,0.1666666666666666,4383,2,12,4406797.312641796,9.01917808219178,6.0
C-002176698,S-0072,-75.73435725363359,1,1,女性,48,3,12,0.25,30683,1,12,4406797.312641796,9.01917808219178,6.0
C-001897931,S-0099,-25.149223355412033,0,1,女性,47,4,12,0.5,0,0,13,4464126.154078853,8.147945205479452,5.0
C-000544661,S-0121,-73.08115659794251,1,1,女性,41,10,12,0.1666666666666666,9045,2,14,4716268.25678644,9.856164383561644,7.0
C-000647085,S-0072,-100.0,1,1,男性,44,10,12,0.4166666666666667,29159,2,12,4406797.312641796,9.01917808219178,6.0
C-000441312,S-0041,-49.372014146801256,1,1,男性,20,11,12,0.0833333333333333,63030,1,17,4828489.286769263,10.389041095890411,7.0
C-001497917,S-0004,-49.20025280762312,1,1,男性,78,6,12,0.3333333333333333,0,0,22,4423576.351309,11.806849315068494,9.0
C-000305576,S-0089,-36.30560975265274,0,1,女性,38,11,12,0.25,4499,1,19,4721110.949352573,10.142465753424657,7.0
C-001948693,S-0085,-14.716013282450316,0,1,男性,57,4,12,0.3333333333333333,15489,2,15,4606655.398026554,4.928767123287671,2.0
C-000136322,S-0099,-44.44589888219848,0,1,女性,36,12,12,0.0833333333333333,0,0,13,4464126.154078853,8.147945205479452,5.0
C-000678127,S-0020,-48.361837439397284,0,1,男性,54,9,12,0.5833333333333334,0,0,16,4280702.057267675,6.986301369863014,3.5
C-002352017,S-0008,-51.99221428776748,1,1,女性,85,2,12,0.25,0,0,22,4498453.308937302,10.772602739726027,7.0
C-002326104,S-0096,-33.99317231054794,0,1,女性,52,2,12,0.0833333333333333,4694,2,16,4644856.458098179,8.302739726027397,5.0
C-001221582,S-0056,-100.0,1,1,男性,49,7,12,0.1666666666666666,0,0,15,4406070.585753419,7.528767123287671,4.0
C-001697447,S-0030,-51.60361041748928,1,1,女性,59,5,12,0.25,0,0,22,4426478.045479023,9.236986301369862,5.5
C-001332634,S-0059,-27.8588987945384,0,1,男性,43,7,12,0.25,0,0,14,4713188.969095345,6.8123287671232875,3.0
C-002373376,S-0079,-18.315503657147904,0,1,女性,69,2,12,0.5833333333333334,4884,1,13,4256656.371085242,8.479452054794521,6.0
C-001287365,S-0062,-27.337926028230225,0,1,女性,48,7,12,0.1666666666666666,49245,2,15,4713869.782113416,4.575342465753424,1.0
C-001835703,S-0131,-100.0,1,1,女性,52,4,12,0.4166666666666667,4729,2,17,4569023.5643747775,5.13972602739726,2.0
C-000132377,S-0020,-43.48243108053754,0,1,女性,51,12,12,0.1666666666666666,46548,1,16,4280702.057267675,6.986301369863014,3.5
C-001872093,S-0079,-11.802383605189648,0,1,男性,59,4,12,0.5,0,0,13,4256656.371085242,8.479452054794521,6.0
C-000705313,S-0113,-100.0,1,1,男性,31,9,12,0.3333333333333333,8371,1,16,4336633.961311346,5.77945205479452,2.5
C-001674983,S-0113,-100.0,1,1,男性,58,5,12,0.5833333333333334,0,0,16,4336633.961311346,5.77945205479452,2.5
C-000524113,S-0080,-60.33229268208892,1,1,女性,47,10,12,0.3333333333333333,0,0,17,4457429.264950683,11.673972602739726,9.0
C-001672313,S-0102,-100.0,1,1,男性,67,5,12,0.5833333333333334,16804,1,16,4383474.364435211,10.484931506849314,7.5
C-001252338,S-0020,-100.0,1,1,女性,51,7,12,0.6666666666666666,0,0,16,4280702.057267675,6.986301369863014,3.5
C-000876428,S-0041,-16.340813723314835,0,1,男性,49,9,12,0.25,81649,1,17,4828489.286769263,10.389041095890411,7.0
C-000869054,S-0121,-20.07339519681954,0,1,男性,52,9,12,0.4166666666666667,15381,2,14,4716268.25678644,9.856164383561644,7.0
C-000070819,S-0115,-39.27633080632707,0,1,女性,57,12,12,0.1666666666666666,0,0,14,4553643.099564746,10.51095890410959,7.0
C-001515330,S-0074,-10.614614459625823,0,1,男性,51,6,12,0.0833333333333333,0,0,14,4614054.39694187,8.308219178082192,6.0
C-000280989,S-0012,-77.41792369121562,1,1,男性,63,11,12,0.25,13234,1,16,4444678.825084195,7.994520547945205,5.0
C-000915231,S-0020,-35.81992334279626,0,1,男性,51,8,12,0.1666666666666666,44968,1,16,4280702.057267675,6.986301369863014,3.5
C-002556946,S-0020,-23.27782779263621,0,1,女性,45,1,12,0.5,25135,2,16,4280702.057267675,6.986301369863014,3.5
C-001946301,S-0030,-53.09450615990126,1,1,男性,40,4,12,0.1666666666666666,5957,1,22,4426478.045479023,9.236986301369862,5.5
C-001990608,S-0007,-41.071406725958184,0,1,男性,50,4,12,0.5833333333333334,0,0,21,4487075.727367008,3.7260273972602738,1.0
C-000879159,S-0097,-35.78880422391552,0,1,女性,89,9,12,0.25,1107,1,21,4592508.716501317,10.09041095890411,7.0
C-002516337,S-0012,-100.0,1,1,男性,68,1,12,0.3333333333333333,0,0,16,4444678.825084195,7.994520547945205,5.0
C-000705568,S-0102,-14.76089925354716,0,1,女性,50,9,12,0.6666666666666666,0,0,16,4383474.364435211,10.484931506849314,7.5
C-001668904,S-0020,-40.502398192039685,0,1,男性,29,5,12,0.25,0,0,16,4280702.057267675,6.986301369863014,3.5
C-000075216,S-0030,-29.3233915521876,0,1,男性,43,12,12,0.5,0,0,22,4426478.045479023,9.236986301369862,5.5
C-001242245,S-0085,-9.313815131787482,0,1,女性,80,7,12,0.4166666666666667,0,0,15,4606655.398026554,4.928767123287671,2.0
C-002556748,S-0007,-27.274742374301493,0,1,男性,40,1,12,0.6666666666666666,12740,1,21,4487075.727367008,3.7260273972602738,1.0
C-000225076,S-0036,-53.21440918788104,1,1,男性,60,12,12,0.25,0,0,19,4397834.424680548,11.123287671232877,9.0
C-001966667,S-0111,-26.360664336870972,0,1,女性,77,4,12,1.0,38410,1,19,4489501.980758176,6.397260273972603,4.0
C-001040165,S-0113,-38.49892736339072,0,1,女性,24,8,12,0.0833333333333333,0,0,16,4336633.961311346,5.77945205479452,2.5
C-000284049,S-0040,-23.324661609299003,0,1,女性,38,11,12,0.3333333333333333,87592,1,20,4550116.0180538,8.163013698630138,4.0
C-000091835,S-0012,-100.0,1,1,男性,24,12,12,0.0833333333333333,6910,1,16,4444678.825084195,7.994520547945205,5.0
C-002521232,S-0018,-31.429710326576064,0,1,男性,29,1,12,0.0833333333333333,38651,1,16,4493108.581950108,7.550684931506849,5.0
C-000817754,S-0106,-100.0,1,1,女性,52,9,12,0.5,0,0,20,4462729.145118021,6.171232876712329,3.5
C-000372386,S-0040,-44.14117332501504,0,1,男性,59,11,12,0.1666666666666666,12849,1,20,4550116.0180538,8.163013698630138,4.0
C-001280104,S-0117,-48.19219716129356,0,1,女性,57,7,12,0.4166666666666667,17364,1,20,4500859.737076383,9.593150684931507,7.0
C-002056782,S-0079,-40.943740260574806,0,1,女性,33,3,12,0.5,3025,2,13,4256656.371085242,8.479452054794521,6.0
C-000543097,S-0097,-88.94681140143877,1,1,女性,87,10,12,0.6666666666666666,11590,1,21,4592508.716501317,10.09041095890411,7.0
C-002649098,S-0115,-100.0,1,1,女性,54,1,12,0.0,6654,1,14,4553643.099564746,10.51095890410959,7.0
C-000780478,S-0074,-40.642482715558266,0,1,男性,51,9,12,0.5833333333333334,3218,2,14,4614054.39694187,8.308219178082192,6.0
C-001198041,S-0072,-28.4784876257043,0,1,男性,33,7,12,0.4166666666666667,30282,2,12,4406797.312641796,9.01917808219178,6.0
C-001507610,S-0039,-100.0,1,1,女性,44,6,12,0.0,0,0,16,4591288.568998441,8.193150684931506,5.0
C-000159302,S-0014,-100.0,1,1,女性,66,12,12,0.25,0,0,21,4730192.353344672,7.336986301369863,4.0
C-001526614,S-0041,-92.20966259557896,1,1,男性,49,6,12,0.25,10191,1,17,4828489.286769263,10.389041095890411,7.0
C-001700584,S-0054,-100.0,1,1,女性,57,5,12,0.3333333333333333,3287,1,23,4489160.181517739,6.358904109589041,4.0
C-000519888,S-0040,-100.0,1,1,女性,34,10,12,0.3333333333333333,8678,1,20,4550116.0180538,8.163013698630138,4.0
C-001965520,S-0113,-53.65847292620414,1,1,男性,53,4,12,0.5833333333333334,0,0,16,4336633.961311346,5.77945205479452,2.5
C-001201428,S-0117,-100.0,1,1,男性,50,7,12,0.25,0,0,20,4500859.737076383,9.593150684931507,7.0
C-002152212,S-0096,-58.82391199316162,1,1,女性,59,3,12,0.25,0,0,16,4644856.458098179,8.302739726027397,5.0
C-000375714,S-0097,-91.91626986158757,1,1,女性,44,11,12,0.0833333333333333,8285,1,21,4592508.716501317,10.09041095890411,7.0
C-002033130,S-0062,-36.07943680326359,0,1,女性,58,3,12,0.25,14789,1,15,4713869.782113416,4.575342465753424,1.0
C-002496705,S-0096,-74.33953216549534,1,1,女性,59,1,12,0.0833333333333333,26219,1,16,4644856.458098179,8.302739726027397,5.0
C-001303131,S-0111,-10.431818705824787,0,1,女性,54,7,12,1.0,27074,1,19,4489501.980758176,6.397260273972603,4.0
C-000270547,S-0019,-7.90418478415903,0,1,男性,51,11,12,0.1666666666666666,0,0,19,4327199.920883598,4.090410958904109,1.0
C-000545137,S-0039,-81.40171532530537,1,1,女性,49,10,12,0.8333333333333334,6840,1,16,4591288.568998441,8.193150684931506,5.0
C-001839646,S-0113,-95.66815679609857,1,1,男性,60,4,12,0.3333333333333333,17401,1,16,4336633.961311346,5.77945205479452,2.5
C-000558773,S-0115,-42.823906038656176,0,1,女性,42,10,12,0.1666666666666666,51433,2,14,4553643.099564746,10.51095890410959,7.0
C-000022565,S-0089,-37.2332799020516,0,1,女性,34,12,12,0.1666666666666666,29224,1,19,4721110.949352573,10.142465753424657,7.0
C-000695058,S-0075,-76.29803972846044,1,1,女性,59,9,12,0.6666666666666666,9505,1,19,4506647.2743158825,4.526027397260274,1.0
C-000298370,S-0117,-15.78718286311673,0,1,男性,43,11,12,0.0,0,0,20,4500859.737076383,9.593150684931507,7.0
C-002436471,S-0040,-72.82080493962602,1,1,女性,61,2,12,0.5,14202,1,20,4550116.0180538,8.163013698630138,4.0
C-000636832,S-0106,-100.0,1,1,男性,58,10,12,0.0833333333333333,0,0,20,4462729.145118021,6.171232876712329,3.5
C-002145498,S-0041,-69.74485571230682,1,1,男性,18,3,12,0.4166666666666667,65080,1,17,4828489.286769263,10.389041095890411,7.0
C-000307889,S-0036,-62.913072521855305,1,1,女性,33,11,12,0.0833333333333333,0,0,19,4397834.424680548,11.123287671232877,9.0
C-001813081,S-0080,-100.0,1,1,女性,46,4,12,0.25,0,0,17,4457429.264950683,11.673972602739726,9.0
C-000263904,S-0131,-33.85899474134768,0,1,女性,57,11,12,0.0833333333333333,155469,1,17,4569023.5643747775,5.13972602739726,2.0
C-000748432,S-0131,-36.92638442126696,0,1,男性,63,9,12,1.0,0,0,17,4569023.5643747775,5.13972602739726,2.0
C-001125132,S-0036,-12.76299682230173,0,1,女性,72,8,12,0.0,12495,2,19,4397834.424680548,11.123287671232877,9.0
C-000402173,S-0048,-38.8621124724452,0,1,男性,43,11,12,0.4166666666666667,20419,1,15,4502249.082895545,3.671232876712329,1.0
C-001731719,S-0002,-8.894927714969915,0,1,女性,45,5,12,0.1666666666666666,2783,2,15,4455566.655169959,5.663013698630137,2.0
C-000889483,S-0005,-28.81724362099789,0,1,男性,35,9,12,0.6666666666666666,0,0,21,4733942.970761149,4.69041095890411,2.0
C-002151811,S-0036,-12.18148322965614,0,1,女性,27,3,12,1.0,0,0,19,4397834.424680548,11.123287671232877,9.0
C-000618700,S-0080,-25.509116910297045,0,1,女性,42,10,12,0.4166666666666667,15316,2,17,4457429.264950683,11.673972602739726,9.0
C-001752669,S-0040,-37.76848926816253,0,1,男性,60,5,12,0.25,21217,2,20,4550116.0180538,8.163013698630138,4.0
C-000189822,S-0041,-60.484022104148835,1,1,女性,54,12,12,0.25,0,0,17,4828489.286769263,10.389041095890411,7.0
C-000115085,S-0039,-58.145491803278695,1,1,女性,55,12,12,0.0833333333333333,0,0,16,4591288.568998441,8.193150684931506,5.0
C-002079137,S-0106,-74.0143839571631,1,1,女性,37,3,12,0.1666666666666666,17654,1,20,4462729.145118021,6.171232876712329,3.5
C-000080522,S-0017,-100.0,1,1,女性,36,12,12,0.25,6563,2,20,4640207.03550726,5.608219178082192,2.5
C-000799141,S-0017,-41.90938287008156,0,1,女性,49,9,12,0.3333333333333333,4003,1,20,4640207.03550726,5.608219178082192,2.5
C-001555689,S-0131,-90.67997185441055,1,1,女性,39,6,12,0.6666666666666666,3931,1,17,4569023.5643747775,5.13972602739726,2.0
C-000702312,S-0041,-38.17762964415253,0,1,女性,45,9,12,0.25,19187,1,17,4828489.286769263,10.389041095890411,7.0
C-001750203,S-0040,-100.0,1,1,女性,44,5,12,0.3333333333333333,47182,1,20,4550116.0180538,8.163013698630138,4.0
C-002215310,S-0089,-100.0,1,1,女性,56,3,12,0.4166666666666667,0,0,19,4721110.949352573,10.142465753424657,7.0
C-002587238,S-0099,-66.55985033644126,1,1,女性,47,1,12,0.0,0,0,13,4464126.154078853,8.147945205479452,5.0
C-001048852,S-0080,-60.152088332791905,1,1,女性,31,8,12,0.3333333333333333,45226,2,17,4457429.264950683,11.673972602739726,9.0
C-000625304,S-0063,-32.32613862157635,0,1,男性,44,10,12,0.4166666666666667,7733,2,18,4564012.176421695,5.749315068493151,3.0
C-001350679,S-0113,-100.0,1,1,男性,85,6,12,0.25,0,0,16,4336633.961311346,5.77945205479452,2.5
C-000480724,S-0041,-51.032878003626216,1,1,女性,44,10,12,0.25,9473,2,17,4828489.286769263,10.389041095890411,7.0
C-002516311,S-0004,-100.0,1,1,男性,49,1,12,0.4166666666666667,0,0,22,4423576.351309,11.806849315068494,9.0
C-002018955,S-0097,-100.0,1,1,男性,37,4,12,0.1666666666666666,0,0,21,4592508.716501317,10.09041095890411,7.0
C-002317979,S-0115,-13.469111042060957,0,1,女性,43,2,12,0.0833333333333333,0,0,14,4553643.099564746,10.51095890410959,7.0
C-002007930,S-0074,-100.0,1,1,男性,58,4,12,0.4166666666666667,0,0,14,4614054.39694187,8.308219178082192,6.0
C-000385311,S-0002,-100.0,1,1,女性,41,11,12,0.3333333333333333,0,0,15,4455566.655169959,5.663013698630137,2.0
C-000333614,S-0039,-21.969165437634366,0,1,男性,73,11,12,0.25,0,0,16,4591288.568998441,8.193150684931506,5.0
C-001508851,S-0131,-44.70413712018224,0,1,女性,52,6,12,0.3333333333333333,0,0,17,4569023.5643747775,5.13972602739726,2.0
C-000666753,S-0054,-100.0,1,1,女性,49,10,12,0.25,8823,2,23,4489160.181517739,6.358904109589041,4.0
C-000119345,S-0079,-31.393733152905412,0,1,女性,34,12,12,0.1666666666666666,29073,1,13,4256656.371085242,8.479452054794521,6.0
C-002173138,S-0080,-100.0,1,1,女性,44,3,12,0.1666666666666666,0,0,17,4457429.264950683,11.673972602739726,9.0
C-002681692,S-0004,-100.0,1,1,女性,35,1,12,0.4166666666666667,0,0,22,4423576.351309,11.806849315068494,9.0
C-001169800,S-0089,-79.77044476327116,1,1,女性,61,7,12,0.1666666666666666,43086,1,19,4721110.949352573,10.142465753424657,7.0
C-002240300,S-0097,-61.7855838401804,1,1,男性,41,3,12,0.1666666666666666,27966,1,21,4592508.716501317,10.09041095890411,7.0
C-001332579,S-0007,-62.20238644117809,1,1,女性,46,7,12,0.5833333333333334,16439,2,21,4487075.727367008,3.7260273972602738,1.0
C-000886627,S-0012,-100.0,1,1,女性,50,9,12,0.3333333333333333,36717,1,16,4444678.825084195,7.994520547945205,5.0
C-000619581,S-0121,-81.89001070306162,1,1,男性,76,10,12,0.3333333333333333,0,0,14,4716268.25678644,9.856164383561644,7.0
C-001976904,S-0004,-29.291901041818154,0,1,女性,49,4,12,0.5833333333333334,26613,1,22,4423576.351309,11.806849315068494,9.0
C-002195563,S-0115,-69.56175790285273,1,1,男性,48,3,12,0.1666666666666666,4574,2,14,4553643.099564746,10.51095890410959,7.0
C-000910644,S-0099,-92.45263258947662,1,1,女性,44,8,12,0.0833333333333333,18067,1,13,4464126.154078853,8.147945205479452,5.0
C-001617319,S-0039,-76.25225872344247,1,1,女性,57,5,12,0.6666666666666666,0,0,16,4591288.568998441,8.193150684931506,5.0
C-001633777,S-0097,-23.814654353361455,0,1,女性,33,5,12,0.4166666666666667,4091,2,21,4592508.716501317,10.09041095890411,7.0
C-002567847,S-0041,-57.115186538934815,1,1,男性,32,1,12,0.0,0,0,17,4828489.286769263,10.389041095890411,7.0
C-000620729,S-0012,-50.64966511857659,1,1,男性,45,10,12,0.0833333333333333,0,0,16,4444678.825084195,7.994520547945205,5.0
C-002546711,S-0126,-58.53260607230777,1,1,女性,53,1,12,0.5,2013,1,17,4493168.352495564,5.53972602739726,3.0
C-002015324,S-0014,-100.0,1,1,女性,57,4,12,0.1666666666666666,18931,1,21,4730192.353344672,7.336986301369863,4.0
C-000335222,S-0050,-100.0,1,1,男性,54,11,12,0.0833333333333333,26206,1,20,4615411.181286601,9.2013698630137,6.0
C-001319650,S-0041,-100.0,1,1,女性,57,7,12,0.3333333333333333,10215,1,17,4828489.286769263,10.389041095890411,7.0
C-001999503,S-0074,-69.30085128377578,1,1,女性,76,4,12,0.6666666666666666,7655,1,14,4614054.39694187,8.308219178082192,6.0
C-000781780,S-0020,-89.15643564356436,1,1,男性,71,9,12,0.4166666666666667,0,0,16,4280702.057267675,6.986301369863014,3.5
C-002024925,S-0089,-100.0,1,1,女性,51,3,12,0.0833333333333333,0,0,19,4721110.949352573,10.142465753424657,7.0
C-001528539,S-0089,-47.37032366902357,0,1,男性,20,6,12,0.25,34249,1,19,4721110.949352573,10.142465753424657,7.0
C-001685836,S-0121,-15.44829827480369,0,1,男性,46,5,12,0.1666666666666666,25595,1,14,4716268.25678644,9.856164383561644,7.0
C-001874313,S-0012,-100.0,1,1,男性,46,4,12,0.5,0,0,16,4444678.825084195,7.994520547945205,5.0
C-000706161,S-0007,-100.0,1,1,男性,67,9,12,0.5,0,0,21,4487075.727367008,3.7260273972602738,1.0
C-001650368,S-0018,-56.14098411831272,1,1,男性,38,5,12,0.3333333333333333,26232,1,16,4493108.581950108,7.550684931506849,5.0
C-002132358,S-0117,-85.74800751307173,1,1,女性,41,3,12,0.3333333333333333,0,0,20,4500859.737076383,9.593150684931507,7.0
C-001262418,S-0008,-30.10759697907058,0,1,女性,34,7,12,0.0833333333333333,34901,1,22,4498453.308937302,10.772602739726027,7.0
C-001717671,S-0002,-100.0,1,1,女性,47,5,12,0.6666666666666666,0,0,15,4455566.655169959,5.663013698630137,2.0
C-001409894,S-0074,-57.32186029583799,1,1,男性,38,6,12,0.1666666666666666,5641,1,14,4614054.39694187,8.308219178082192,6.0
C-000988841,S-0111,-100.0,1,1,女性,50,8,12,0.25,23108,2,19,4489501.980758176,6.397260273972603,4.0
C-002631458,S-0054,-53.38737009993272,1,1,女性,40,1,12,0.25,0,0,23,4489160.181517739,6.358904109589041,4.0
C-002105310,S-0014,-92.98470093509655,1,1,女性,49,3,12,0.1666666666666666,35500,2,21,4730192.353344672,7.336986301369863,4.0
C-000341270,S-0039,-74.83180274428992,1,1,女性,53,11,12,0.1666666666666666,1547,2,16,4591288.568998441,8.193150684931506,5.0
C-000209639,S-0004,-100.0,1,1,男性,36,12,12,0.1666666666666666,0,0,22,4423576.351309,11.806849315068494,9.0
C-000600836,S-0002,-26.635505419480687,0,1,女性,45,10,12,0.3333333333333333,11700,2,15,4455566.655169959,5.663013698630137,2.0
C-000349228,S-0072,-68.32782153809151,1,1,男性,84,11,12,0.1666666666666666,35412,2,12,4406797.312641796,9.01917808219178,6.0
C-001748973,S-0079,-100.0,1,1,男性,50,5,12,0.5,23322,1,13,4256656.371085242,8.479452054794521,6.0
C-000942231,S-0018,-100.0,1,1,女性,75,8,12,0.0833333333333333,5349,2,16,4493108.581950108,7.550684931506849,5.0
C-001706937,S-0036,-57.08743329231075,1,1,女性,47,5,12,0.1666666666666666,0,0,19,4397834.424680548,11.123287671232877,9.0
C-001730494,S-0012,-32.98287316389346,0,1,男性,44,5,12,0.5833333333333334,41652,1,16,4444678.825084195,7.994520547945205,5.0
C-001300645,S-0115,-95.44149557669837,1,1,男性,42,7,12,0.1666666666666666,0,0,14,4553643.099564746,10.51095890410959,7.0
C-002585675,S-0012,-13.730241947764343,0,1,男性,26,1,12,0.3333333333333333,3660,2,16,4444678.825084195,7.994520547945205,5.0
C-002255610,S-0039,-27.595678852813695,0,1,女性,55,2,12,0.5,18709,1,16,4591288.568998441,8.193150684931506,5.0
C-000203130,S-0018,-38.835276479920815,0,1,男性,61,12,12,0.1666666666666666,0,0,16,4493108.581950108,7.550684931506849,5.0
C-000320873,S-0100,-100.0,1,1,男性,50,11,12,0.4166666666666667,0,0,17,4535925.154217558,4.720547945205479,2.0
C-001899349,S-0014,-100.0,1,1,女性,48,4,12,0.25,0,0,21,4730192.353344672,7.336986301369863,4.0
C-001025748,S-0072,-25.468205175261517,0,1,男性,47,8,12,0.4166666666666667,4608,1,12,4406797.312641796,9.01917808219178,6.0
C-002126806,S-0004,-31.239882080549936,0,1,男性,58,3,12,0.4166666666666667,19026,1,22,4423576.351309,11.806849315068494,9.0
C-000139823,S-0100,-25.28857364078923,0,1,男性,70,12,12,0.25,0,0,17,4535925.154217558,4.720547945205479,2.0
C-001620812,S-0063,-55.24714647308849,1,1,女性,34,5,12,0.1666666666666666,0,0,18,4564012.176421695,5.749315068493151,3.0
C-000668822,S-0121,-61.33823782536353,1,1,男性,41,10,12,0.1666666666666666,5028,2,14,4716268.25678644,9.856164383561644,7.0
C-002111450,S-0005,-25.551143529430515,0,1,男性,46,3,12,0.1666666666666666,8300,1,21,4733942.970761149,4.69041095890411,2.0
C-002242459,S-0005,-100.0,1,1,女性,65,3,12,0.1666666666666666,0,0,21,4733942.970761149,4.69041095890411,2.0
C-000522934,S-0007,-34.78712698715461,0,1,男性,32,10,12,0.1666666666666666,6321,1,21,4487075.727367008,3.7260273972602738,1.0
C-002115907,S-0111,-9.330664386157812,0,1,男性,74,3,12,0.3333333333333333,18952,1,19,4489501.980758176,6.397260273972603,4.0
C-001914045,S-0040,-17.68201848862498,0,1,女性,37,4,12,0.1666666666666666,0,0,20,4550116.0180538,8.163013698630138,4.0
C-001476622,S-0117,-65.2023922362983,1,1,女性,57,6,12,0.1666666666666666,16734,2,20,4500859.737076383,9.593150684931507,7.0
C-002219559,S-0097,-11.364832404999973,0,1,男性,38,3,12,0.25,55635,1,21,4592508.716501317,10.09041095890411,7.0
C-000162797,S-0102,-46.153450603132434,0,1,男性,39,12,12,0.1666666666666666,7381,1,16,4383474.364435211,10.484931506849314,7.5
C-001028965,S-0096,-51.97131905370337,1,1,男性,65,8,12,0.3333333333333333,11460,1,16,4644856.458098179,8.302739726027397,5.0
C-000987261,S-0039,-32.65829921944286,0,1,男性,60,8,12,0.25,9697,1,16,4591288.568998441,8.193150684931506,5.0
C-000150911,S-0056,-47.47358475501024,0,1,男性,46,12,12,0.25,6272,1,15,4406070.585753419,7.528767123287671,4.0
C-001721301,S-0036,-100.0,1,1,女性,63,5,12,0.4166666666666667,1771,1,19,4397834.424680548,11.123287671232877,9.0
C-002040181,S-0050,-36.468721410051515,0,1,男性,51,3,12,0.4166666666666667,10332,1,20,4615411.181286601,9.2013698630137,6.0
C-001606639,S-0082,-24.612992698914166,0,1,男性,40,5,12,0.3333333333333333,34999,2,17,4607261.71451126,4.758904109589041,2.0
C-001546198,S-0048,-65.37887869110475,1,1,女性,44,6,12,0.25,8124,1,15,4502249.082895545,3.671232876712329,1.0
C-001616744,S-0007,-18.1092431454809,0,1,男性,41,5,12,0.0833333333333333,121465,1,21,4487075.727367008,3.7260273972602738,1.0
C-002632988,S-0121,-91.2438401598025,1,1,女性,50,1,12,0.0833333333333333,2394,2,14,4716268.25678644,9.856164383561644,7.0
C-000030069,S-0079,-100.0,1,1,女性,50,12,12,0.5,0,0,13,4256656.371085242,8.479452054794521,6.0
C-001059375,S-0005,-23.181289724810707,0,1,女性,57,8,12,0.75,0,0,21,4733942.970761149,4.69041095890411,2.0
C-001456495,S-0017,-30.327953965300914,0,1,女性,30,6,12,0.9166666666666666,0,0,20,4640207.03550726,5.608219178082192,2.5
C-002110202,S-0089,-37.81656399726215,0,1,女性,36,3,12,0.25,0,0,19,4721110.949352573,10.142465753424657,7.0
C-000572329,S-0014,-37.56703425039096,0,1,女性,55,10,12,0.0833333333333333,42795,2,21,4730192.353344672,7.336986301369863,4.0
C-002650801,S-0075,-41.32781912370072,0,1,女性,45,1,12,0.6666666666666666,0,0,19,4506647.2743158825,4.526027397260274,1.0
C-001876013,S-0050,-32.4941404671462,0,1,女性,55,4,12,0.3333333333333333,0,0,20,4615411.181286601,9.2013698630137,6.0
C-001812847,S-0102,-100.0,1,1,男性,50,4,12,0.1666666666666666,0,0,16,4383474.364435211,10.484931506849314,7.5
C-001440773,S-0102,-52.86828433322485,1,1,女性,31,6,12,0.25,0,0,16,4383474.364435211,10.484931506849314,7.5
C-002199476,S-0048,-84.82658725663144,1,1,女性,38,3,12,0.25,12864,1,15,4502249.082895545,3.671232876712329,1.0
C-001583392,S-0097,-69.11847898988131,1,1,女性,34,5,12,0.1666666666666666,6695,1,21,4592508.716501317,10.09041095890411,7.0
C-000893316,S-0004,-63.778371861403784,1,1,男性,16,9,12,0.0833333333333333,0,0,22,4423576.351309,11.806849315068494,9.0
C-000263487,S-0056,-29.678306036317505,0,1,男性,66,11,12,0.25,56834,1,15,4406070.585753419,7.528767123287671,4.0
C-000679900,S-0004,-38.243393091268196,0,1,女性,54,9,12,0.25,20311,1,22,4423576.351309,11.806849315068494,9.0
C-000608752,S-0113,-100.0,1,1,女性,48,10,12,0.0833333333333333,0,0,16,4336633.961311346,5.77945205479452,2.5
C-001543326,S-0036,-100.0,1,1,男性,48,6,12,0.4166666666666667,0,0,19,4397834.424680548,11.123287671232877,9.0
C-001172066,S-0102,-100.0,1,1,男性,56,7,12,0.3333333333333333,1250,1,16,4383474.364435211,10.484931506849314,7.5
C-002646772,S-0002,-76.71435619141589,1,1,男性,51,1,12,0.0,0,0,15,4455566.655169959,5.663013698630137,2.0
C-000899667,S-0018,-60.438453159041394,1,1,女性,56,9,12,0.0833333333333333,36588,1,16,4493108.581950108,7.550684931506849,5.0
C-002425831,S-0012,-17.111539553644707,0,1,男性,31,2,12,0.0,54171,1,16,4444678.825084195,7.994520547945205,5.0
C-002192692,S-0002,-100.0,1,1,女性,34,3,12,0.25,0,0,15,4455566.655169959,5.663013698630137,2.0
C-002467085,S-0014,-85.80657475517187,1,1,女性,58,2,12,0.25,20167,1,21,4730192.353344672,7.336986301369863,4.0
C-002431405,S-0096,-100.0,1,1,女性,32,2,12,0.1666666666666666,0,0,16,4644856.458098179,8.302739726027397,5.0
C-000579466,S-0030,-97.49067044138464,1,1,女性,50,10,12,0.5,0,0,22,4426478.045479023,9.236986301369862,5.5
C-000989971,S-0074,-100.0,1,1,女性,56,8,12,0.25,9488,1,14,4614054.39694187,8.308219178082192,6.0
C-002454905,S-0096,-64.3626615893376,1,1,男性,50,2,12,0.25,0,0,16,4644856.458098179,8.302739726027397,5.0
C-000742681,S-0096,-20.717706831382788,0,1,男性,62,9,12,0.0,0,0,16,4644856.458098179,8.302739726027397,5.0
C-000090784,S-0012,-37.22765264593668,0,1,男性,36,12,12,0.1666666666666666,4346,1,16,4444678.825084195,7.994520547945205,5.0
C-001419983,S-0085,-23.433835893393372,0,1,女性,50,6,12,0.25,0,0,15,4606655.398026554,4.928767123287671,2.0
C-001764877,S-0117,-20.419028513500006,0,1,男性,44,5,12,0.3333333333333333,7314,1,20,4500859.737076383,9.593150684931507,7.0
C-001847556,S-0050,-45.62222834442736,0,1,女性,29,4,12,0.3333333333333333,10745,2,20,4615411.181286601,9.2013698630137,6.0
C-000890557,S-0121,-17.757870735495736,0,1,女性,45,9,12,0.0833333333333333,35623,1,14,4716268.25678644,9.856164383561644,7.0
C-002679850,S-0082,-11.256789962701768,0,1,女性,20,1,12,0.3333333333333333,7986,2,17,4607261.71451126,4.758904109589041,2.0
C-001804030,S-0018,-26.043723458003903,0,1,男性,60,4,12,0.25,54046,2,16,4493108.581950108,7.550684931506849,5.0
C-002087203,S-0014,-55.94614929004786,1,1,男性,55,3,12,0.0833333333333333,19526,1,21,4730192.353344672,7.336986301369863,4.0
C-001315441,S-0115,-43.408939705723085,0,1,男性,45,7,12,0.3333333333333333,0,0,14,4553643.099564746,10.51095890410959,7.0
C-000638495,S-0074,-56.535567955280854,1,1,男性,51,10,12,0.5,0,0,14,4614054.39694187,8.308219178082192,6.0
C-002218767,S-0018,-100.0,1,1,男性,51,3,12,0.25,0,0,16,4493108.581950108,7.550684931506849,5.0
C-002120265,S-0048,-27.57211945180757,0,1,男性,46,3,12,0.1666666666666666,0,0,15,4502249.082895545,3.671232876712329,1.0
C-000418544,S-0096,-48.127517390907634,0,1,男性,31,11,12,0.5,0,0,16,4644856.458098179,8.302739726027397,5.0
C-001127821,S-0004,-93.09577226262078,1,1,男性,31,7,12,0.0833333333333333,26648,1,22,4423576.351309,11.806849315068494,9.0
C-001799365,S-0115,-100.0,1,1,女性,66,5,12,0.25,0,0,14,4553643.099564746,10.51095890410959,7.0
C-000210881,S-0004,-39.26220899702433,0,1,女性,58,12,12,0.4166666666666667,22049,2,22,4423576.351309,11.806849315068494,9.0
C-000551947,S-0117,-41.96380879917304,0,1,女性,45,10,12,0.4166666666666667,0,0,20,4500859.737076383,9.593150684931507,7.0
C-000435723,S-0040,-39.9826477003059,0,1,男性,62,11,12,0.25,0,0,20,4550116.0180538,8.163013698630138,4.0
C-001862847,S-0018,-23.5688080406619,0,1,女性,39,4,12,0.1666666666666666,59501,2,16,4493108.581950108,7.550684931506849,5.0
C-001588001,S-0097,-100.0,1,1,男性,59,5,12,0.25,5100,2,21,4592508.716501317,10.09041095890411,7.0
C-002265256,S-0082,-24.188617669586066,0,1,男性,52,2,12,0.1666666666666666,8127,1,17,4607261.71451126,4.758904109589041,2.0
C-000752379,S-0097,-100.0,1,1,男性,42,9,12,0.0,7838,2,21,4592508.716501317,10.09041095890411,7.0
C-000196047,S-0113,-23.624375545827004,0,1,女性,62,12,12,0.1666666666666666,29463,2,16,4336633.961311346,5.77945205479452,2.5
C-000821295,S-0121,-100.0,1,1,女性,80,9,12,0.0,39980,2,14,4716268.25678644,9.856164383561644,7.0
C-001991296,S-0074,-44.45732790855637,0,1,女性,31,4,12,0.0833333333333333,4742,2,14,4614054.39694187,8.308219178082192,6.0
C-000955900,S-0054,-22.728931047063117,0,1,男性,46,8,12,0.3333333333333333,0,0,23,4489160.181517739,6.358904109589041,4.0
C-002279897,S-0097,-100.0,1,1,男性,40,2,12,0.6666666666666666,584,1,21,4592508.716501317,10.09041095890411,7.0
C-001837354,S-0102,-65.32744386294833,1,1,女性,25,4,12,0.0833333333333333,64162,1,16,4383474.364435211,10.484931506849314,7.5
C-001948728,S-0017,-100.0,1,1,男性,39,4,12,0.25,47580,2,20,4640207.03550726,5.608219178082192,2.5
C-001735025,S-0040,-63.11735176234038,1,1,女性,59,5,12,0.1666666666666666,11114,2,20,4550116.0180538,8.163013698630138,4.0
C-001025871,S-0096,-97.06252622744441,1,1,女性,54,8,12,0.25,32295,1,16,4644856.458098179,8.302739726027397,5.0
C-000891180,S-0048,-13.15212002058318,0,1,女性,51,9,12,0.25,0,0,15,4502249.082895545,3.671232876712329,1.0
C-001854330,S-0074,-100.0,1,1,男性,46,4,12,0.0,6864,1,14,4614054.39694187,8.308219178082192,6.0
C-000289479,S-0089,-100.0,1,1,女性,44,11,12,0.3333333333333333,0,0,19,4721110.949352573,10.142465753424657,7.0
C-000938010,S-0030,-36.23506540844843,0,1,女性,41,8,12,0.3333333333333333,16438,2,22,4426478.045479023,9.236986301369862,5.5
C-002292413,S-0020,-60.08745813174544,1,1,女性,38,2,12,0.4166666666666667,15064,1,16,4280702.057267675,6.986301369863014,3.5
C-001430140,S-0050,-38.26780709267771,0,1,男性,57,6,12,0.25,25864,1,20,4615411.181286601,9.2013698630137,6.0
C-001598000,S-0002,-9.938824879742068,0,1,男性,41,5,12,0.1666666666666666,18095,2,15,4455566.655169959,5.663013698630137,2.0
C-001046085,S-0089,-17.43284539517645,0,1,女性,64,8,12,0.0,56557,1,19,4721110.949352573,10.142465753424657,7.0
C-000809282,S-0106,-100.0,1,1,男性,63,9,12,0.0833333333333333,0,0,20,4462729.145118021,6.171232876712329,3.5
C-000061857,S-0072,-100.0,1,1,女性,38,12,12,0.1666666666666666,0,0,12,4406797.312641796,9.01917808219178,6.0
C-000744825,S-0102,-32.0658880247941,0,1,女性,69,9,12,0.25,17615,2,16,4383474.364435211,10.484931506849314,7.5
C-000734981,S-0072,-74.08585303900188,1,1,女性,40,9,12,0.1666666666666666,2497,2,12,4406797.312641796,9.01917808219178,6.0
C-001321720,S-0080,-31.286338459421337,0,1,女性,42,7,12,0.1666666666666666,0,0,17,4457429.264950683,11.673972602739726,9.0
C-001599916,S-0117,-38.73622015170161,0,1,男性,66,5,12,0.0,0,0,20,4500859.737076383,9.593150684931507,7.0
C-000714299,S-0056,-54.73780939910709,1,1,男性,42,9,12,0.25,59459,1,15,4406070.585753419,7.528767123287671,4.0
C-001856673,S-0002,-10.936342415256911,0,1,女性,39,4,12,0.25,7744,2,15,4455566.655169959,5.663013698630137,2.0
C-002140997,S-0102,-37.83425238872656,0,1,男性,49,3,12,0.1666666666666666,0,0,16,4383474.364435211,10.484931506849314,7.5
C-001842730,S-0056,-34.380734676943206,0,1,女性,37,4,12,0.25,23305,2,15,4406070.585753419,7.528767123287671,4.0
C-000026824,S-0102,-21.678662468136153,0,1,男性,42,12,12,0.25,0,0,16,4383474.364435211,10.484931506849314,7.5
C-001885017,S-0082,-100.0,1,1,女性,20,4,12,0.3333333333333333,18741,1,17,4607261.71451126,4.758904109589041,2.0
C-001662260,S-0018,-14.500929489147971,0,1,女性,50,5,12,0.3333333333333333,0,0,16,4493108.581950108,7.550684931506849,5.0
C-001171777,S-0048,-77.93612474564404,1,1,女性,41,7,12,0.1666666666666666,215392,1,15,4502249.082895545,3.671232876712329,1.0
C-001581491,S-0080,-32.64854491068825,0,1,女性,35,5,12,0.1666666666666666,18867,2,17,4457429.264950683,11.673972602739726,9.0
C-002434196,S-0004,-44.40616546725871,0,1,女性,20,2,12,0.25,30457,2,22,4423576.351309,11.806849315068494,9.0
C-000971927,S-0102,-100.0,1,1,男性,39,8,12,0.5,0,0,16,4383474.364435211,10.484931506849314,7.5
C-001887669,S-0072,-100.0,1,1,女性,41,4,12,0.3333333333333333,35814,2,12,4406797.312641796,9.01917808219178,6.0
C-002481962,S-0121,-61.68752334703026,1,1,女性,62,1,12,0.4166666666666667,16199,1,14,4716268.25678644,9.856164383561644,7.0
C-000508650,S-0072,-21.202637444279347,0,1,男性,32,10,12,0.1666666666666666,12248,1,12,4406797.312641796,9.01917808219178,6.0
C-001536105,S-0100,-47.99656823924275,0,1,女性,68,6,12,0.0833333333333333,18231,1,17,4535925.154217558,4.720547945205479,2.0
C-000608159,S-0079,-28.28738661223797,0,1,女性,57,10,12,0.0,0,0,13,4256656.371085242,8.479452054794521,6.0
C-001155945,S-0040,-46.50949110433542,0,1,男性,53,7,12,0.5833333333333334,16286,1,20,4550116.0180538,8.163013698630138,4.0
C-001296929,S-0008,-100.0,1,1,女性,43,7,12,0.1666666666666666,6631,1,22,4498453.308937302,10.772602739726027,7.0
C-002217099,S-0008,-93.32101199277149,1,1,女性,26,3,12,0.1666666666666666,18818,2,22,4498453.308937302,10.772602739726027,7.0
C-000217125,S-0089,-100.0,1,1,男性,50,12,12,0.1666666666666666,71495,1,19,4721110.949352573,10.142465753424657,7.0
C-001538082,S-0096,-61.49297179557646,1,1,女性,51,6,12,0.5,0,0,16,4644856.458098179,8.302739726027397,5.0
C-000090801,S-0121,-30.184543270701596,0,1,女性,49,12,12,0.1666666666666666,2103,1,14,4716268.25678644,9.856164383561644,7.0
C-001839519,S-0075,-14.775125713229222,0,1,女性,42,4,12,0.25,0,0,19,4506647.2743158825,4.526027397260274,1.0
C-000557037,S-0079,-47.76481049238635,0,1,女性,45,10,12,0.1666666666666666,0,0,13,4256656.371085242,8.479452054794521,6.0
C-000617620,S-0008,-32.37909011619728,0,1,男性,45,10,12,0.25,0,0,22,4498453.308937302,10.772602739726027,7.0
C-001122492,S-0005,-10.05490430231419,0,1,男性,36,8,12,0.5833333333333334,1237,1,21,4733942.970761149,4.69041095890411,2.0
C-001499839,S-0019,-44.738203991629724,0,1,男性,43,6,12,0.9166666666666666,0,0,19,4327199.920883598,4.090410958904109,1.0
C-002633713,S-0079,-100.0,1,1,女性,71,1,12,0.25,1585,1,13,4256656.371085242,8.479452054794521,6.0
C-000827579,S-0017,-40.69269113272332,0,1,女性,49,9,12,0.0833333333333333,0,0,20,4640207.03550726,5.608219178082192,2.5
C-000698499,S-0117,-24.26803341596168,0,1,男性,78,9,12,0.6666666666666666,16013,2,20,4500859.737076383,9.593150684931507,7.0
C-002342170,S-0075,-53.374849571790776,1,1,女性,45,2,12,0.25,4735,1,19,4506647.2743158825,4.526027397260274,1.0
C-001322807,S-0020,-83.60077079618924,1,1,男性,33,7,12,0.25,21026,1,16,4280702.057267675,6.986301369863014,3.5
C-000625645,S-0050,-26.561697942951625,0,1,女性,48,10,12,0.25,1358,2,20,4615411.181286601,9.2013698630137,6.0
C-000221188,S-0111,-22.79989861128869,0,1,女性,32,12,12,0.6666666666666666,4768,2,19,4489501.980758176,6.397260273972603,4.0
C-000668677,S-0099,-96.46523009992522,1,1,男性,48,10,12,0.5,0,0,13,4464126.154078853,8.147945205479452,5.0
C-002117955,S-0039,-100.0,1,1,男性,41,3,12,0.25,6960,1,16,4591288.568998441,8.193150684931506,5.0
C-001582938,S-0113,-44.994547375194685,0,1,男性,56,5,12,0.3333333333333333,0,0,16,4336633.961311346,5.77945205479452,2.5
C-000169804,S-0089,-97.18006327662891,1,1,男性,48,12,12,0.5,0,0,19,4721110.949352573,10.142465753424657,7.0
C-001636563,S-0059,-61.425219894063865,1,1,男性,25,5,12,0.4166666666666667,0,0,14,4713188.969095345,6.8123287671232875,3.0
C-000794565,S-0113,-48.034801062433054,0,1,男性,56,9,12,0.4166666666666667,4821,1,16,4336633.961311346,5.77945205479452,2.5
C-002600108,S-0082,-90.02507908102181,1,1,女性,59,1,12,0.5,11690,2,17,4607261.71451126,4.758904109589041,2.0
C-000117498,S-0080,-54.66716819672517,1,1,女性,38,12,12,0.3333333333333333,9800,2,17,4457429.264950683,11.673972602739726,9.0
C-001443059,S-0106,-81.29192301836777,1,1,女性,44,6,12,0.3333333333333333,0,0,20,4462729.145118021,6.171232876712329,3.5
C-000354880,S-0020,-88.83848077706044,1,1,女性,38,11,12,0.1666666666666666,0,0,16,4280702.057267675,6.986301369863014,3.5
C-002005724,S-0115,-24.46969395887239,0,1,女性,43,4,12,0.3333333333333333,23050,2,14,4553643.099564746,10.51095890410959,7.0
C-000558353,S-0059,-14.054763854499292,0,1,男性,59,10,12,0.5833333333333334,0,0,14,4713188.969095345,6.8123287671232875,3.0
C-002508445,S-0111,-49.09221585394884,1,1,女性,33,1,12,0.1666666666666666,19221,1,19,4489501.980758176,6.397260273972603,4.0
C-002149135,S-0018,-100.0,1,1,女性,52,3,12,0.0,10176,1,16,4493108.581950108,7.550684931506849,5.0
C-000439937,S-0121,-76.13196328932524,1,1,女性,57,11,12,0.0833333333333333,1535,2,14,4716268.25678644,9.856164383561644,7.0
C-001137384,S-0099,-47.86249101334409,0,1,男性,20,7,12,0.5833333333333334,0,0,13,4464126.154078853,8.147945205479452,5.0
C-001079998,S-0074,-100.0,1,1,女性,43,8,12,0.0833333333333333,0,0,14,4614054.39694187,8.308219178082192,6.0
C-001248082,S-0121,-18.820443391436793,0,1,女性,49,7,12,0.25,23506,2,14,4716268.25678644,9.856164383561644,7.0
C-001722099,S-0012,-94.87242830123132,1,1,女性,43,5,12,0.1666666666666666,11290,1,16,4444678.825084195,7.994520547945205,5.0
C-000271577,S-0113,-100.0,1,1,女性,41,11,12,0.1666666666666666,14347,2,16,4336633.961311346,5.77945205479452,2.5
C-000358946,S-0056,-100.0,1,1,男性,45,11,12,0.8333333333333334,0,0,15,4406070.585753419,7.528767123287671,4.0
C-001131792,S-0096,-100.0,1,1,女性,43,7,12,0.1666666666666666,0,0,16,4644856.458098179,8.302739726027397,5.0
C-000493259,S-0056,-100.0,1,1,男性,55,10,12,0.25,0,0,15,4406070.585753419,7.528767123287671,4.0
C-002255351,S-0018,-27.599396260728664,0,1,女性,67,2,12,0.3333333333333333,0,0,16,4493108.581950108,7.550684931506849,5.0
C-000291937,S-0075,-45.67374595206201,0,1,男性,77,11,12,0.6666666666666666,5058,1,19,4506647.2743158825,4.526027397260274,1.0
C-002384757,S-0048,-100.0,1,1,女性,37,2,12,0.0,0,0,15,4502249.082895545,3.671232876712329,1.0
C-000542382,S-0096,-37.28587547440763,0,1,女性,52,10,12,0.5833333333333334,7345,1,16,4644856.458098179,8.302739726027397,5.0
C-000450588,S-0007,-26.073618473713623,0,1,男性,46,11,12,0.25,50043,2,21,4487075.727367008,3.7260273972602738,1.0
C-001741334,S-0072,-34.38757506552756,0,1,女性,51,5,12,0.0833333333333333,27577,1,12,4406797.312641796,9.01917808219178,6.0
C-002582570,S-0097,-100.0,1,1,女性,56,1,12,0.25,39118,2,21,4592508.716501317,10.09041095890411,7.0
C-000408157,S-0097,-12.449578250570081,0,1,女性,50,11,12,0.0833333333333333,11970,1,21,4592508.716501317,10.09041095890411,7.0
C-001497245,S-0096,-92.78988235484628,1,1,男性,48,6,12,0.25,21104,1,16,4644856.458098179,8.302739726027397,5.0
C-000390337,S-0030,-100.0,1,1,女性,79,11,12,0.25,21678,1,22,4426478.045479023,9.236986301369862,5.5
C-001365828,S-0050,-39.44281826470245,0,1,女性,25,6,12,0.5833333333333334,1892,1,20,4615411.181286601,9.2013698630137,6.0
C-000106279,S-0096,-84.89456176757812,1,1,男性,37,12,12,0.0833333333333333,3658,1,16,4644856.458098179,8.302739726027397,5.0
C-002226495,S-0002,-38.76187676314028,0,1,男性,48,3,12,0.25,14034,1,15,4455566.655169959,5.663013698630137,2.0
C-001843854,S-0040,-100.0,1,1,女性,46,4,12,0.3333333333333333,71750,2,20,4550116.0180538,8.163013698630138,4.0
C-001750108,S-0096,-94.50824029771398,1,1,男性,53,5,12,0.4166666666666667,33362,1,16,4644856.458098179,8.302739726027397,5.0
C-002018799,S-0063,-39.25871707828018,0,1,男性,69,4,12,0.5,5343,1,18,4564012.176421695,5.749315068493151,3.0
C-002497712,S-0036,-28.192781537393717,0,1,男性,78,1,12,0.25,23558,2,19,4397834.424680548,11.123287671232877,9.0
C-001030588,S-0113,-41.05794181175072,0,1,女性,43,8,12,0.3333333333333333,11521,2,16,4336633.961311346,5.77945205479452,2.5
C-002133619,S-0039,-29.10580710942207,0,1,女性,33,3,12,0.0833333333333333,34899,2,16,4591288.568998441,8.193150684931506,5.0
C-000153061,S-0020,-57.063445525976306,1,1,女性,60,12,12,0.0833333333333333,5850,1,16,4280702.057267675,6.986301369863014,3.5
C-002464166,S-0115,-100.0,1,1,男性,63,2,12,0.0833333333333333,16240,1,14,4553643.099564746,10.51095890410959,7.0
C-001625876,S-0074,-28.72637237587363,0,1,男性,43,5,12,0.3333333333333333,20104,1,14,4614054.39694187,8.308219178082192,6.0
C-002446703,S-0072,-100.0,1,1,女性,44,2,12,0.0833333333333333,0,0,12,4406797.312641796,9.01917808219178,6.0
C-002364470,S-0072,-65.96857142857144,1,1,女性,41,2,12,0.25,13683,2,12,4406797.312641796,9.01917808219178,6.0
C-000212115,S-0099,-99.1915305199857,1,1,男性,54,12,12,0.3333333333333333,10484,1,13,4464126.154078853,8.147945205479452,5.0
C-001299626,S-0111,-48.368871878986695,0,1,男性,37,7,12,0.6666666666666666,0,0,19,4489501.980758176,6.397260273972603,4.0
C-002663348,S-0100,-87.01893708002444,1,1,女性,60,1,12,0.0,0,0,17,4535925.154217558,4.720547945205479,2.0
C-000889106,S-0096,-97.36268029824504,1,1,男性,45,9,12,0.25,0,0,16,4644856.458098179,8.302739726027397,5.0
C-000889608,S-0017,-53.103406554996916,1,1,男性,32,9,12,0.4166666666666667,0,0,20,4640207.03550726,5.608219178082192,2.5
C-000673968,S-0074,-72.02527080012565,1,1,男性,61,10,12,0.3333333333333333,0,0,14,4614054.39694187,8.308219178082192,6.0
C-001502717,S-0117,-57.43623067322668,1,1,女性,73,6,12,0.6666666666666666,140844,1,20,4500859.737076383,9.593150684931507,7.0
C-002200869,S-0097,-28.856327312672608,0,1,女性,63,3,12,0.0,22198,2,21,4592508.716501317,10.09041095890411,7.0
C-000486504,S-0007,-28.281902877042654,0,1,女性,31,10,12,0.1666666666666666,2000,1,21,4487075.727367008,3.7260273972602738,1.0
C-001125259,S-0007,-39.230758253937296,0,1,男性,58,8,12,0.5,1309,2,21,4487075.727367008,3.7260273972602738,1.0
C-002293042,S-0004,-63.67572175239462,1,1,女性,52,2,12,0.25,14333,1,22,4423576.351309,11.806849315068494,9.0
C-000575778,S-0040,-21.17205203442495,0,1,男性,37,10,12,0.25,12051,1,20,4550116.0180538,8.163013698630138,4.0
C-000987668,S-0121,-40.87649938008196,0,1,女性,35,8,12,0.5833333333333334,0,0,14,4716268.25678644,9.856164383561644,7.0
C-001900772,S-0115,-27.462087879145386,0,1,男性,48,4,12,0.3333333333333333,12887,1,14,4553643.099564746,10.51095890410959,7.0
C-001112466,S-0121,-23.036138006273013,0,1,男性,47,8,12,0.25,6259,1,14,4716268.25678644,9.856164383561644,7.0
C-001102746,S-0097,-49.045548960758715,1,1,女性,60,8,12,0.3333333333333333,0,0,21,4592508.716501317,10.09041095890411,7.0
C-001170658,S-0036,-35.550265379516006,0,1,女性,55,7,12,0.3333333333333333,223759,2,19,4397834.424680548,11.123287671232877,9.0
C-001043871,S-0115,-88.14554308129313,1,1,女性,65,8,12,0.0833333333333333,8181,2,14,4553643.099564746,10.51095890410959,7.0
C-000230330,S-0018,-79.1137662164933,1,1,女性,59,11,12,0.25,1403,2,16,4493108.581950108,7.550684931506849,5.0
C-000778704,S-0113,-10.836313000115803,0,1,女性,51,9,12,0.75,0,0,16,4336633.961311346,5.77945205479452,2.5
C-001537614,S-0018,-61.63154996320961,1,1,男性,51,6,12,0.25,0,0,16,4493108.581950108,7.550684931506849,5.0
C-000747215,S-0100,-19.670198229297963,0,1,女性,27,9,12,0.1666666666666666,0,0,17,4535925.154217558,4.720547945205479,2.0
C-000260386,S-0040,-28.69779137894789,0,1,女性,59,11,12,0.0833333333333333,0,0,20,4550116.0180538,8.163013698630138,4.0
C-000797468,S-0007,-42.78181016160725,0,1,女性,39,9,12,0.25,59,1,21,4487075.727367008,3.7260273972602738,1.0
C-000906067,S-0050,-49.138726705175934,1,1,男性,24,8,12,0.1666666666666666,798,2,20,4615411.181286601,9.2013698630137,6.0
C-001213508,S-0115,-100.0,1,1,女性,35,7,12,0.0,9523,1,14,4553643.099564746,10.51095890410959,7.0
C-001386043,S-0115,-100.0,1,1,男性,48,6,12,0.3333333333333333,15097,1,14,4553643.099564746,10.51095890410959,7.0
C-000715931,S-0102,-65.04302799702315,1,1,女性,52,9,12,0.25,162426,2,16,4383474.364435211,10.484931506849314,7.5
C-001961172,S-0002,-5.76639503298409,0,1,男性,47,4,12,0.1666666666666666,0,0,15,4455566.655169959,5.663013698630137,2.0
C-002638599,S-0007,-61.73200770930287,1,1,男性,40,1,12,0.5833333333333334,10916,1,21,4487075.727367008,3.7260273972602738,1.0
C-000452749,S-0111,-100.0,1,1,男性,45,10,12,0.3333333333333333,72844,1,19,4489501.980758176,6.397260273972603,4.0
C-001459457,S-0059,-43.590351140803065,0,1,男性,59,6,12,0.3333333333333333,0,0,14,4713188.969095345,6.8123287671232875,3.0
C-002034334,S-0014,-65.01691546996618,1,1,女性,43,3,12,0.25,4142,1,21,4730192.353344672,7.336986301369863,4.0
C-002157080,S-0097,-72.34915235504687,1,1,女性,44,3,12,0.0833333333333333,3530,1,21,4592508.716501317,10.09041095890411,7.0
C-001732624,S-0036,-35.16701076753014,0,1,女性,43,5,12,0.3333333333333333,5590,1,19,4397834.424680548,11.123287671232877,9.0
C-000460227,S-0056,-97.88424930627244,1,1,女性,45,10,12,0.25,0,0,15,4406070.585753419,7.528767123287671,4.0
C-002209771,S-0018,-100.0,1,1,男性,59,3,12,0.25,19221,1,16,4493108.581950108,7.550684931506849,5.0
C-001538894,S-0050,-100.0,1,1,女性,55,6,12,0.6666666666666666,5654,1,20,4615411.181286601,9.2013698630137,6.0
C-002616385,S-0056,-100.0,1,1,女性,60,1,12,0.3333333333333333,0,0,15,4406070.585753419,7.528767123287671,4.0
C-002454843,S-0050,-90.16232988681682,1,1,男性,38,2,12,0.4166666666666667,14861,1,20,4615411.181286601,9.2013698630137,6.0
C-000252608,S-0082,-23.579165649148802,0,1,男性,47,11,12,0.1666666666666666,0,0,17,4607261.71451126,4.758904109589041,2.0
C-001376750,S-0097,-100.0,1,1,女性,50,6,12,0.1666666666666666,4743,2,21,4592508.716501317,10.09041095890411,7.0
C-001372273,S-0115,-61.023424098428535,1,1,女性,54,6,12,0.25,7879,2,14,4553643.099564746,10.51095890410959,7.0
C-001929572,S-0014,-42.092560788212964,0,1,女性,49,4,12,0.3333333333333333,5795,2,21,4730192.353344672,7.336986301369863,4.0
C-001568989,S-0014,-53.05486542920226,1,1,女性,48,6,12,0.3333333333333333,12344,1,21,4730192.353344672,7.336986301369863,4.0
C-001106465,S-0062,-32.123538556551736,0,1,男性,66,8,12,0.5,5987,1,15,4713869.782113416,4.575342465753424,1.0
C-001518849,S-0054,-21.693785095582133,0,1,男性,69,6,12,0.25,26478,1,23,4489160.181517739,6.358904109589041,4.0
C-001253055,S-0062,-27.579107834748783,0,1,女性,37,7,12,0.1666666666666666,3279,1,15,4713869.782113416,4.575342465753424,1.0
C-002205709,S-0050,-16.940215915972352,0,1,女性,57,3,12,0.5,10946,1,20,4615411.181286601,9.2013698630137,6.0
C-001481341,S-0048,-13.365106980906141,0,1,女性,50,6,12,0.1666666666666666,30923,2,15,4502249.082895545,3.671232876712329,1.0
C-001678476,S-0102,-72.93272974071701,1,1,男性,48,5,12,0.1666666666666666,37642,1,16,4383474.364435211,10.484931506849314,7.5
C-000678950,S-0079,-45.066069855479626,0,1,男性,49,9,12,0.3333333333333333,421,2,13,4256656.371085242,8.479452054794521,6.0
C-000392592,S-0115,-100.0,1,1,男性,33,11,12,0.3333333333333333,31462,1,14,4553643.099564746,10.51095890410959,7.0
C-000662147,S-0056,-100.0,1,1,男性,28,10,12,0.25,80729,2,15,4406070.585753419,7.528767123287671,4.0
C-001771949,S-0102,-19.566165854302135,0,1,女性,45,5,12,0.1666666666666666,0,0,16,4383474.364435211,10.484931506849314,7.5
C-001707380,S-0050,-22.94899835309905,0,1,女性,26,5,12,0.1666666666666666,0,0,20,4615411.181286601,9.2013698630137,6.0
C-002092997,S-0017,-14.910239791134462,0,1,男性,61,3,12,0.4166666666666667,0,0,20,4640207.03550726,5.608219178082192,2.5
C-000359235,S-0007,-19.17909121287745,0,1,男性,55,11,12,0.3333333333333333,41215,1,21,4487075.727367008,3.7260273972602738,1.0
C-000662023,S-0004,-70.80894061446234,1,1,男性,55,10,12,0.25,181229,1,22,4423576.351309,11.806849315068494,9.0
C-000916700,S-0075,-35.58261386054602,0,1,男性,41,8,12,0.3333333333333333,0,0,19,4506647.2743158825,4.526027397260274,1.0
C-002149958,S-0072,-82.02156536532279,1,1,女性,47,3,12,0.0833333333333333,7134,2,12,4406797.312641796,9.01917808219178,6.0
C-001274406,S-0007,-43.83964710497861,0,1,女性,59,7,12,0.4166666666666667,77385,1,21,4487075.727367008,3.7260273972602738,1.0
C-001727088,S-0097,-46.79830843735079,0,1,女性,43,5,12,0.25,71639,1,21,4592508.716501317,10.09041095890411,7.0
C-001611229,S-0056,-100.0,1,1,女性,30,5,12,0.25,0,0,15,4406070.585753419,7.528767123287671,4.0
C-001229795,S-0036,-30.104184816587576,0,1,男性,65,7,12,0.25,6482,2,19,4397834.424680548,11.123287671232877,9.0
C-002463894,S-0106,-37.56937140740447,0,1,男性,60,2,12,0.25,3258,2,20,4462729.145118021,6.171232876712329,3.5
C-002079194,S-0020,-27.800840019753664,0,1,女性,33,3,12,0.3333333333333333,97388,2,16,4280702.057267675,6.986301369863014,3.5
C-002411949,S-0041,-32.28334176653659,0,1,女性,46,2,12,0.1666666666666666,4655,1,17,4828489.286769263,10.389041095890411,7.0
C-002622072,S-0074,-41.77632704880029,0,1,女性,40,1,12,0.1666666666666666,4377,1,14,4614054.39694187,8.308219178082192,6.0
C-000101977,S-0097,-99.29503377348658,1,1,女性,46,12,12,0.4166666666666667,5508,2,21,4592508.716501317,10.09041095890411,7.0
C-002507069,S-0048,-56.46876829166318,1,1,女性,45,1,12,0.0833333333333333,0,0,15,4502249.082895545,3.671232876712329,1.0
C-001900026,S-0050,-18.925507233403867,0,1,女性,23,4,12,0.25,35734,2,20,4615411.181286601,9.2013698630137,6.0
C-002247123,S-0117,-83.44885927694094,1,1,女性,40,3,12,0.1666666666666666,38097,1,20,4500859.737076383,9.593150684931507,7.0
C-002015553,S-0018,-43.76615133517704,0,1,男性,32,4,12,0.3333333333333333,13432,1,16,4493108.581950108,7.550684931506849,5.0
C-001945213,S-0004,-49.2081236398259,1,1,女性,43,4,12,0.0,4424,1,22,4423576.351309,11.806849315068494,9.0
C-002663081,S-0097,-35.32275577037582,0,1,男性,39,1,12,0.5833333333333334,0,0,21,4592508.716501317,10.09041095890411,7.0
C-000867427,S-0056,-100.0,1,1,男性,65,9,12,0.25,0,0,15,4406070.585753419,7.528767123287671,4.0
C-001844193,S-0018,-19.212187493056774,0,1,女性,57,4,12,0.5,0,0,16,4493108.581950108,7.550684931506849,5.0
C-001450295,S-0004,-100.0,1,1,女性,54,6,12,0.5,0,0,22,4423576.351309,11.806849315068494,9.0
C-002463708,S-0018,-100.0,1,1,女性,58,2,12,0.25,0,0,16,4493108.581950108,7.550684931506849,5.0
C-001217133,S-0075,-63.050300122238234,1,1,男性,50,7,12,0.1666666666666666,8501,1,19,4506647.2743158825,4.526027397260274,1.0
C-002509744,S-0097,-96.46666418908875,1,1,女性,66,1,12,0.25,0,0,21,4592508.716501317,10.09041095890411,7.0
C-001733986,S-0018,-100.0,1,1,女性,20,5,12,0.0833333333333333,0,0,16,4493108.581950108,7.550684931506849,5.0
C-000031857,S-0014,-100.0,1,1,男性,32,12,12,0.0,2652,2,21,4730192.353344672,7.336986301369863,4.0
C-000043876,S-0030,-7.781908051332436,0,1,男性,49,12,12,0.5833333333333334,47643,1,22,4426478.045479023,9.236986301369862,5.5
C-001006904,S-0020,-54.739259794096775,1,1,男性,52,8,12,0.25,77703,1,16,4280702.057267675,6.986301369863014,3.5
C-001147866,S-0048,-100.0,1,1,男性,52,7,12,0.3333333333333333,5523,1,15,4502249.082895545,3.671232876712329,1.0
C-000538987,S-0099,-37.81198071095761,0,1,男性,64,10,12,0.3333333333333333,11318,1,13,4464126.154078853,8.147945205479452,5.0
C-000814867,S-0121,-88.68671185670466,1,1,男性,70,9,12,0.1666666666666666,13677,1,14,4716268.25678644,9.856164383561644,7.0
C-001536612,S-0012,-17.727521801854557,0,1,男性,50,6,12,0.25,19503,1,16,4444678.825084195,7.994520547945205,5.0
C-000609002,S-0100,-33.18684011296418,0,1,男性,54,10,12,0.3333333333333333,0,0,17,4535925.154217558,4.720547945205479,2.0
C-002469109,S-0002,-69.94195486674899,1,1,女性,39,2,12,0.0,0,0,15,4455566.655169959,5.663013698630137,2.0
C-001832559,S-0080,-50.43856728158801,1,1,男性,66,4,12,0.0,69043,2,17,4457429.264950683,11.673972602739726,9.0
C-001197445,S-0054,-100.0,1,1,女性,48,7,12,0.25,3251,1,23,4489160.181517739,6.358904109589041,4.0
C-002102500,S-0121,-77.47844545192484,1,1,男性,51,3,12,0.4166666666666667,0,0,14,4716268.25678644,9.856164383561644,7.0
C-000941928,S-0056,-44.13207672261236,0,1,女性,56,8,12,0.4166666666666667,28281,1,15,4406070.585753419,7.528767123287671,4.0
C-002133334,S-0056,-52.595586628796156,1,1,女性,33,3,12,0.1666666666666666,21957,2,15,4406070.585753419,7.528767123287671,4.0
C-000060543,S-0056,-45.57188861190706,0,1,女性,52,12,12,0.5,0,0,15,4406070.585753419,7.528767123287671,4.0
C-002109082,S-0048,-66.65552158960641,1,1,女性,47,3,12,0.1666666666666666,3884,1,15,4502249.082895545,3.671232876712329,1.0
C-000732947,S-0012,-74.57960207672741,1,1,女性,70,9,12,0.3333333333333333,0,0,16,4444678.825084195,7.994520547945205,5.0
C-002208619,S-0050,-31.270585853691724,0,1,女性,57,3,12,0.3333333333333333,16978,1,20,4615411.181286601,9.2013698630137,6.0
C-002436610,S-0111,-15.415783974770964,0,1,女性,40,2,12,0.4166666666666667,26345,1,19,4489501.980758176,6.397260273972603,4.0
C-001923788,S-0020,-55.73819252023357,1,1,女性,23,4,12,0.1666666666666666,3534,1,16,4280702.057267675,6.986301369863014,3.5
C-002077079,S-0018,-27.35145767165187,0,1,女性,70,3,12,0.25,2414,2,16,4493108.581950108,7.550684931506849,5.0
C-001214221,S-0117,-51.92940999019583,1,1,男性,58,7,12,0.4166666666666667,0,0,20,4500859.737076383,9.593150684931507,7.0
C-000497432,S-0131,-30.39684824470533,0,1,女性,62,10,12,0.1666666666666666,7667,2,17,4569023.5643747775,5.13972602739726,2.0
C-000852255,S-0074,-22.48026379027169,0,1,女性,36,9,12,0.1666666666666666,1410,1,14,4614054.39694187,8.308219178082192,6.0
C-001724232,S-0100,-93.2015279267718,1,1,男性,25,5,12,0.25,6444,1,17,4535925.154217558,4.720547945205479,2.0
C-002063774,S-0050,-69.43214959684337,1,1,女性,60,3,12,0.5833333333333334,0,0,20,4615411.181286601,9.2013698630137,6.0
C-001750835,S-0072,-21.313556065843066,0,1,女性,85,5,12,0.3333333333333333,29578,1,12,4406797.312641796,9.01917808219178,6.0
C-000912848,S-0100,-73.1474264335036,1,1,女性,58,8,12,0.3333333333333333,4681,1,17,4535925.154217558,4.720547945205479,2.0
C-000321548,S-0080,-32.25889213978755,0,1,男性,50,11,12,0.25,126066,2,17,4457429.264950683,11.673972602739726,9.0
C-001499687,S-0080,-60.09584697605895,1,1,男性,20,6,12,0.4166666666666667,0,0,17,4457429.264950683,11.673972602739726,9.0
C-002415937,S-0097,-43.72743865341715,0,1,女性,54,2,12,0.25,11183,1,21,4592508.716501317,10.09041095890411,7.0
C-001992092,S-0018,-100.0,1,1,女性,67,4,12,0.1666666666666666,41013,1,16,4493108.581950108,7.550684931506849,5.0
C-001891165,S-0131,-18.526399765552497,0,1,女性,40,4,12,0.3333333333333333,67875,1,17,4569023.5643747775,5.13972602739726,2.0
C-002245783,S-0004,-21.138720074465024,0,1,男性,37,3,12,0.0,0,0,22,4423576.351309,11.806849315068494,9.0
C-001714564,S-0056,-41.03299969645483,0,1,女性,41,5,12,0.1666666666666666,4752,1,15,4406070.585753419,7.528767123287671,4.0
C-000714872,S-0115,-80.59440181562736,1,1,女性,50,9,12,0.25,33571,1,14,4553643.099564746,10.51095890410959,7.0
C-000289678,S-0012,-42.459700949594925,0,1,女性,31,11,12,0.6666666666666666,0,0,16,4444678.825084195,7.994520547945205,5.0
C-000294946,S-0085,-15.067535258700918,0,1,女性,69,11,12,0.5,0,0,15,4606655.398026554,4.928767123287671,2.0
C-000369930,S-0018,-100.0,1,1,女性,33,11,12,0.1666666666666666,2259,2,16,4493108.581950108,7.550684931506849,5.0
C-000232032,S-0096,-82.75868256488933,1,1,女性,46,11,12,0.5,14307,1,16,4644856.458098179,8.302739726027397,5.0
C-001515939,S-0048,-51.27607010698419,1,1,男性,46,6,12,0.3333333333333333,12751,1,15,4502249.082895545,3.671232876712329,1.0
C-001186046,S-0036,-100.0,1,1,女性,58,7,12,0.25,0,0,19,4397834.424680548,11.123287671232877,9.0
C-002317337,S-0008,-30.41927259880262,0,1,女性,42,2,12,0.1666666666666666,48618,2,22,4498453.308937302,10.772602739726027,7.0
C-001924839,S-0020,-30.478979699024915,0,1,女性,43,4,12,0.0,157009,1,16,4280702.057267675,6.986301369863014,3.5
C-000425525,S-0072,-100.0,1,1,男性,38,11,12,0.0,25012,1,12,4406797.312641796,9.01917808219178,6.0
C-001409589,S-0102,-51.86547304138337,1,1,女性,25,6,12,0.1666666666666666,4895,2,16,4383474.364435211,10.484931506849314,7.5
C-001575186,S-0099,-98.4956612348187,1,1,女性,42,6,12,0.0833333333333333,0,0,13,4464126.154078853,8.147945205479452,5.0
C-002100392,S-0007,-100.0,1,1,男性,47,3,12,0.1666666666666666,0,0,21,4487075.727367008,3.7260273972602738,1.0
C-001040203,S-0056,-45.81246963302642,0,1,男性,33,8,12,0.25,0,0,15,4406070.585753419,7.528767123287671,4.0
C-000403962,S-0018,-100.0,1,1,男性,47,11,12,0.25,9096,2,16,4493108.581950108,7.550684931506849,5.0
C-001594342,S-0018,-100.0,1,1,男性,55,5,12,0.4166666666666667,39658,1,16,4493108.581950108,7.550684931506849,5.0
C-001031959,S-0117,-18.37153776416156,0,1,女性,58,8,12,0.1666666666666666,4092,2,20,4500859.737076383,9.593150684931507,7.0
C-000255101,S-0121,-22.12796291313194,0,1,男性,59,11,12,0.0833333333333333,39631,2,14,4716268.25678644,9.856164383561644,7.0
C-002658930,S-0036,-100.0,1,1,女性,51,1,12,0.0,0,0,19,4397834.424680548,11.123287671232877,9.0
C-001082721,S-0041,-27.914351389809994,0,1,女性,44,8,12,0.4166666666666667,0,0,17,4828489.286769263,10.389041095890411,7.0
C-000519107,S-0039,-36.324583887609094,0,1,男性,50,10,12,0.8333333333333334,0,0,16,4591288.568998441,8.193150684931506,5.0
C-001837010,S-0074,-12.453933197360634,0,1,女性,54,4,12,0.0833333333333333,21342,1,14,4614054.39694187,8.308219178082192,6.0
C-002125750,S-0099,-24.9364616237853,0,1,女性,46,3,12,0.1666666666666666,0,0,13,4464126.154078853,8.147945205479452,5.0
C-002273064,S-0099,-45.80756719872523,0,1,女性,22,2,12,0.25,0,0,13,4464126.154078853,8.147945205479452,5.0
C-000784333,S-0113,-35.870058193386015,0,1,男性,30,9,12,0.0,0,0,16,4336633.961311346,5.77945205479452,2.5
C-000033106,S-0040,-34.758079664810516,0,1,男性,57,12,12,0.1666666666666666,47591,1,20,4550116.0180538,8.163013698630138,4.0
C-001499549,S-0004,-55.04287684219599,1,1,女性,47,6,12,0.25,0,0,22,4423576.351309,11.806849315068494,9.0
C-002139339,S-0121,-31.97264078037268,0,1,男性,39,3,12,0.25,56600,1,14,4716268.25678644,9.856164383561644,7.0
C-000689469,S-0072,-63.99301198297286,1,1,男性,72,9,12,0.0833333333333333,7323,2,12,4406797.312641796,9.01917808219178,6.0
C-001554093,S-0074,-52.105330901118016,1,1,男性,41,6,12,0.1666666666666666,22652,2,14,4614054.39694187,8.308219178082192,6.0
C-001867986,S-0079,-34.46535286040543,0,1,女性,54,4,12,0.0833333333333333,0,0,13,4256656.371085242,8.479452054794521,6.0
C-002565144,S-0002,-72.83640097300798,1,1,女性,57,1,12,0.4166666666666667,0,0,15,4455566.655169959,5.663013698630137,2.0
C-000926097,S-0121,-86.73533256015169,1,1,女性,58,8,12,0.75,10621,1,14,4716268.25678644,9.856164383561644,7.0
C-002530060,S-0079,-96.38645251539255,1,1,女性,46,1,12,0.25,0,0,13,4256656.371085242,8.479452054794521,6.0
C-000437138,S-0054,-100.0,1,1,女性,55,11,12,0.0833333333333333,0,0,23,4489160.181517739,6.358904109589041,4.0
C-000139806,S-0126,-62.03212590820954,1,1,男性,62,12,12,0.6666666666666666,0,0,17,4493168.352495564,5.53972602739726,3.0
C-001604095,S-0017,-67.59889192161975,1,1,男性,58,5,12,0.5,0,0,20,4640207.03550726,5.608219178082192,2.5
C-002157241,S-0102,-100.0,1,1,男性,43,3,12,0.25,0,0,16,4383474.364435211,10.484931506849314,7.5
C-001783071,S-0111,-4.846688782009888,0,1,女性,62,5,12,0.1666666666666666,0,0,19,4489501.980758176,6.397260273972603,4.0
C-002580540,S-0040,-40.9989321302422,0,1,男性,27,1,12,0.4166666666666667,0,0,20,4550116.0180538,8.163013698630138,4.0
C-000740227,S-0072,-64.1828031350853,1,1,女性,59,9,12,0.3333333333333333,130360,1,12,4406797.312641796,9.01917808219178,6.0
C-001261894,S-0056,-65.46927545093244,1,1,男性,32,7,12,0.5,56111,2,15,4406070.585753419,7.528767123287671,4.0
C-002143277,S-0012,-83.72939881481928,1,1,男性,51,3,12,0.1666666666666666,54295,2,16,4444678.825084195,7.994520547945205,5.0
C-000082705,S-0074,-50.80641116939649,1,1,男性,35,12,12,0.5,54061,1,14,4614054.39694187,8.308219178082192,6.0
C-002029803,S-0111,-26.444433254443826,0,1,女性,44,3,12,0.3333333333333333,30085,2,19,4489501.980758176,6.397260273972603,4.0
C-000142980,S-0054,-93.83628683288687,1,1,女性,53,12,12,0.3333333333333333,0,0,23,4489160.181517739,6.358904109589041,4.0
C-001486164,S-0102,-100.0,1,1,女性,19,6,12,0.1666666666666666,1160,2,16,4383474.364435211,10.484931506849314,7.5
C-002370328,S-0040,-63.62547677642254,1,1,女性,59,2,12,0.0833333333333333,1548,1,20,4550116.0180538,8.163013698630138,4.0
C-001695793,S-0126,-100.0,1,1,男性,32,5,12,0.1666666666666666,7929,1,17,4493168.352495564,5.53972602739726,3.0
C-000619887,S-0018,-25.47307981439718,0,1,男性,38,10,12,0.3333333333333333,31908,1,16,4493108.581950108,7.550684931506849,5.0
C-002561706,S-0040,-100.0,1,1,女性,47,1,12,0.5,68493,2,20,4550116.0180538,8.163013698630138,4.0
C-002382471,S-0040,-94.79570874229628,1,1,女性,65,2,12,0.5833333333333334,11220,1,20,4550116.0180538,8.163013698630138,4.0
C-002197443,S-0131,-36.05143307745538,0,1,男性,44,3,12,0.5,17273,1,17,4569023.5643747775,5.13972602739726,2.0
C-000768056,S-0002,-91.9703674779817,1,1,女性,47,9,12,0.3333333333333333,28632,1,15,4455566.655169959,5.663013698630137,2.0
C-001946475,S-0089,-100.0,1,1,女性,45,4,12,0.6666666666666666,14572,1,19,4721110.949352573,10.142465753424657,7.0
C-001878235,S-0111,-22.070595570154726,0,1,男性,54,4,12,0.75,4741,2,19,4489501.980758176,6.397260273972603,4.0
C-000057112,S-0002,-34.439586882199485,0,1,女性,47,12,12,0.25,4553,1,15,4455566.655169959,5.663013698630137,2.0
C-000437879,S-0100,-28.981664806116648,0,1,男性,52,11,12,0.25,63029,1,17,4535925.154217558,4.720547945205479,2.0
C-001920663,S-0039,-100.0,1,1,女性,55,4,12,0.0,3074,2,16,4591288.568998441,8.193150684931506,5.0
C-000402269,S-0040,-61.88545755009296,1,1,女性,43,11,12,0.3333333333333333,12626,1,20,4550116.0180538,8.163013698630138,4.0
C-000565597,S-0048,-100.0,1,1,女性,49,10,12,0.5833333333333334,0,0,15,4502249.082895545,3.671232876712329,1.0
C-001353852,S-0102,-52.79803669396193,1,1,男性,32,6,12,0.0833333333333333,0,0,16,4383474.364435211,10.484931506849314,7.5
C-000963041,S-0017,-24.292243086322564,0,1,男性,52,8,12,0.25,22145,1,20,4640207.03550726,5.608219178082192,2.5
C-002007600,S-0074,-37.67535605833797,0,1,男性,45,4,12,0.5,1542,2,14,4614054.39694187,8.308219178082192,6.0
C-000417544,S-0082,-100.0,1,1,女性,52,11,12,0.3333333333333333,52858,1,17,4607261.71451126,4.758904109589041,2.0
C-002136648,S-0059,-8.231961839497204,0,1,男性,41,3,12,0.1666666666666666,5506,2,14,4713188.969095345,6.8123287671232875,3.0
C-002240752,S-0113,-78.13499422652997,1,1,女性,53,3,12,0.25,0,0,16,4336633.961311346,5.77945205479452,2.5
C-000244082,S-0036,-63.61159250829975,1,1,女性,89,11,12,0.0833333333333333,6755,1,19,4397834.424680548,11.123287671232877,9.0
C-001946840,S-0048,-73.23585748946495,1,1,男性,41,4,12,0.25,7512,2,15,4502249.082895545,3.671232876712329,1.0
C-002284370,S-0039,-68.15561711719462,1,1,女性,38,2,12,0.5833333333333334,0,0,16,4591288.568998441,8.193150684931506,5.0
C-001448061,S-0089,-26.65020499711292,0,1,女性,54,6,12,0.4166666666666667,26554,2,19,4721110.949352573,10.142465753424657,7.0
C-002190481,S-0004,-93.5180325052728,1,1,女性,44,3,12,0.1666666666666666,0,0,22,4423576.351309,11.806849315068494,9.0
C-001109795,S-0117,-52.05659423951491,1,1,女性,63,8,12,0.0,0,0,20,4500859.737076383,9.593150684931507,7.0
C-000954086,S-0075,-14.516584998115341,0,1,女性,62,8,12,0.75,0,0,19,4506647.2743158825,4.526027397260274,1.0
C-000800651,S-0121,-30.77281960206954,0,1,女性,44,9,12,0.25,1853,1,14,4716268.25678644,9.856164383561644,7.0
C-001815326,S-0072,-77.9398600697503,1,1,女性,38,4,12,0.3333333333333333,3534,2,12,4406797.312641796,9.01917808219178,6.0
C-000997722,S-0004,-86.152706492407,1,1,女性,63,8,12,0.4166666666666667,12084,1,22,4423576.351309,11.806849315068494,9.0
C-001770984,S-0080,-81.51492790798459,1,1,女性,46,5,12,0.0833333333333333,564,2,17,4457429.264950683,11.673972602739726,9.0
C-002380065,S-0012,-71.21545141488247,1,1,女性,36,2,12,0.5,3134,1,16,4444678.825084195,7.994520547945205,5.0
C-002017583,S-0056,-100.0,1,1,男性,55,4,12,0.25,0,0,15,4406070.585753419,7.528767123287671,4.0
C-002541216,S-0040,-80.56749263559175,1,1,女性,33,1,12,0.4166666666666667,0,0,20,4550116.0180538,8.163013698630138,4.0
C-002269123,S-0018,-86.22503361362101,1,1,女性,63,2,12,0.1666666666666666,66209,1,16,4493108.581950108,7.550684931506849,5.0
C-002094181,S-0117,-24.572225991611155,0,1,男性,51,3,12,0.3333333333333333,4739,2,20,4500859.737076383,9.593150684931507,7.0
C-002138552,S-0113,-25.37774053429322,0,1,女性,53,3,12,0.25,3199,1,16,4336633.961311346,5.77945205479452,2.5
C-000164797,S-0113,-100.0,1,1,女性,56,12,12,0.0833333333333333,0,0,16,4336633.961311346,5.77945205479452,2.5
C-000165032,S-0080,-19.525037567312253,0,1,女性,65,12,12,0.1666666666666666,9327,2,17,4457429.264950683,11.673972602739726,9.0
C-000510959,S-0102,-90.24776094417008,1,1,男性,37,10,12,0.0833333333333333,0,0,16,4383474.364435211,10.484931506849314,7.5
C-001262826,S-0017,-100.0,1,1,女性,23,7,12,0.1666666666666666,34827,1,20,4640207.03550726,5.608219178082192,2.5
C-002474335,S-0004,-100.0,1,1,男性,30,1,12,0.25,0,0,22,4423576.351309,11.806849315068494,9.0
C-000545480,S-0117,-32.98079324956401,0,1,女性,56,10,12,0.1666666666666666,0,0,20,4500859.737076383,9.593150684931507,7.0
C-000578355,S-0079,-59.550632293685425,1,1,女性,53,10,12,0.4166666666666667,75601,1,13,4256656.371085242,8.479452054794521,6.0
C-001773969,S-0082,-26.288449524089526,0,1,男性,24,5,12,0.1666666666666666,11034,2,17,4607261.71451126,4.758904109589041,2.0
C-002685435,S-0074,-99.52467406873524,1,1,男性,59,1,12,0.0,2983,2,14,4614054.39694187,8.308219178082192,6.0
C-002389804,S-0113,-29.224974702459534,0,1,男性,50,2,12,0.25,6206,1,16,4336633.961311346,5.77945205479452,2.5
C-000244559,S-0096,-100.0,1,1,男性,45,11,12,0.0833333333333333,0,0,16,4644856.458098179,8.302739726027397,5.0
C-001030266,S-0056,-39.34779348386788,0,1,女性,69,8,12,0.1666666666666666,34565,1,15,4406070.585753419,7.528767123287671,4.0
C-001813427,S-0072,-22.154119520241974,0,1,女性,42,4,12,0.25,2196,1,12,4406797.312641796,9.01917808219178,6.0
C-002248112,S-0007,-100.0,1,1,男性,59,3,12,0.0,18188,2,21,4487075.727367008,3.7260273972602738,1.0
C-000013762,S-0082,-100.0,1,1,女性,27,12,12,0.0833333333333333,0,0,17,4607261.71451126,4.758904109589041,2.0
C-001066523,S-0096,-100.0,1,1,女性,93,8,12,0.1666666666666666,0,0,16,4644856.458098179,8.302739726027397,5.0
C-001641830,S-0017,-25.84765192138681,0,1,女性,73,5,12,0.25,76240,2,20,4640207.03550726,5.608219178082192,2.5
C-000180795,S-0074,-47.746771678727065,0,1,女性,52,12,12,0.0833333333333333,6014,1,14,4614054.39694187,8.308219178082192,6.0
C-001893755,S-0041,-100.0,1,1,女性,59,4,12,0.3333333333333333,0,0,17,4828489.286769263,10.389041095890411,7.0
C-000963323,S-0072,-25.897744868443258,0,1,男性,80,8,12,0.1666666666666666,0,0,12,4406797.312641796,9.01917808219178,6.0
C-001481675,S-0040,-70.67006365850406,1,1,女性,53,6,12,0.0833333333333333,0,0,20,4550116.0180538,8.163013698630138,4.0
C-000693835,S-0113,-100.0,1,1,女性,60,9,12,0.0833333333333333,0,0,16,4336633.961311346,5.77945205479452,2.5
C-000984680,S-0085,-16.889794763893732,0,1,男性,50,8,12,0.0833333333333333,12739,1,15,4606655.398026554,4.928767123287671,2.0
C-002653975,S-0074,-46.412873387797404,0,1,男性,65,1,12,0.0,0,0,14,4614054.39694187,8.308219178082192,6.0
C-000794881,S-0113,-57.97636426187134,1,1,男性,55,9,12,0.1666666666666666,16557,1,16,4336633.961311346,5.77945205479452,2.5
C-002184010,S-0075,-51.16582507442439,1,1,女性,54,3,12,0.3333333333333333,0,0,19,4506647.2743158825,4.526027397260274,1.0
C-002571382,S-0056,-31.16133223930039,0,1,男性,44,1,12,0.0833333333333333,0,0,15,4406070.585753419,7.528767123287671,4.0
C-002044998,S-0030,-30.268726619931602,0,1,女性,75,3,12,0.25,0,0,22,4426478.045479023,9.236986301369862,5.5
C-001523895,S-0012,-33.703783330852644,0,1,女性,69,6,12,0.1666666666666666,13591,2,16,4444678.825084195,7.994520547945205,5.0
C-000373114,S-0102,-70.30745722527905,1,1,女性,48,11,12,0.1666666666666666,0,0,16,4383474.364435211,10.484931506849314,7.5
C-001726709,S-0008,-55.52831146995464,1,1,女性,65,5,12,0.25,0,0,22,4498453.308937302,10.772602739726027,7.0
C-000791406,S-0059,-100.0,1,1,女性,28,9,12,0.5,76129,2,14,4713188.969095345,6.8123287671232875,3.0
C-001191814,S-0115,-100.0,1,1,女性,46,7,12,0.0833333333333333,4172,1,14,4553643.099564746,10.51095890410959,7.0
C-000818251,S-0100,-10.22892402399079,0,1,女性,43,9,12,0.75,45368,1,17,4535925.154217558,4.720547945205479,2.0
C-000151588,S-0041,-40.01570483835553,0,1,女性,47,12,12,0.1666666666666666,6743,1,17,4828489.286769263,10.389041095890411,7.0
C-000865079,S-0040,-51.711263500313734,1,1,女性,36,9,12,0.25,12397,2,20,4550116.0180538,8.163013698630138,4.0
C-000827981,S-0048,-100.0,1,1,女性,43,9,12,0.1666666666666666,7633,2,15,4502249.082895545,3.671232876712329,1.0
C-002565668,S-0102,-49.131199597925665,1,1,女性,48,1,12,0.0,2560,2,16,4383474.364435211,10.484931506849314,7.5
C-002602531,S-0005,-27.945099444916323,0,1,女性,52,1,12,0.0833333333333333,0,0,21,4733942.970761149,4.69041095890411,2.0
C-001138767,S-0036,-72.07243405009976,1,1,男性,41,7,12,0.3333333333333333,7930,2,19,4397834.424680548,11.123287671232877,9.0
C-001042613,S-0074,-76.9394923454172,1,1,女性,46,8,12,0.0833333333333333,5739,2,14,4614054.39694187,8.308219178082192,6.0
C-000207019,S-0126,-17.951552739202732,0,1,男性,52,12,12,0.4166666666666667,5469,2,17,4493168.352495564,5.53972602739726,3.0
C-002660581,S-0048,-51.10508876776788,1,1,女性,28,1,12,0.4166666666666667,2224,2,15,4502249.082895545,3.671232876712329,1.0
C-002282106,S-0050,-21.51021005014222,0,1,女性,21,2,12,0.1666666666666666,0,0,20,4615411.181286601,9.2013698630137,6.0
C-001119029,S-0115,-25.412167108255,0,1,男性,34,8,12,0.1666666666666666,0,0,14,4553643.099564746,10.51095890410959,7.0
C-002114203,S-0097,-39.82501172280513,0,1,女性,32,3,12,0.1666666666666666,16002,2,21,4592508.716501317,10.09041095890411,7.0
C-001854051,S-0002,-30.924621862595664,0,1,女性,22,4,12,0.4166666666666667,0,0,15,4455566.655169959,5.663013698630137,2.0
C-001911289,S-0039,-100.0,1,1,男性,32,4,12,0.5833333333333334,0,0,16,4591288.568998441,8.193150684931506,5.0
C-002170045,S-0074,-33.37954817559478,0,1,男性,40,3,12,0.0833333333333333,0,0,14,4614054.39694187,8.308219178082192,6.0
C-001206828,S-0079,-43.85570463082188,0,1,男性,65,7,12,0.1666666666666666,21234,1,13,4256656.371085242,8.479452054794521,6.0
C-000266289,S-0017,-67.30909543893368,1,1,女性,45,11,12,0.9166666666666666,0,0,20,4640207.03550726,5.608219178082192,2.5
C-001943327,S-0085,-25.676339083411374,0,1,女性,23,4,12,0.25,0,0,15,4606655.398026554,4.928767123287671,2.0
C-002226989,S-0050,-22.18068086130158,0,1,女性,45,3,12,0.25,2901,1,20,4615411.181286601,9.2013698630137,6.0
C-001397390,S-0113,-100.0,1,1,女性,63,6,12,0.1666666666666666,0,0,16,4336633.961311346,5.77945205479452,2.5
C-000008972,S-0040,-26.71720986789985,0,1,女性,35,12,12,0.3333333333333333,11551,1,20,4550116.0180538,8.163013698630138,4.0
C-000273107,S-0054,-54.238665783611296,1,1,男性,57,11,12,0.5,0,0,23,4489160.181517739,6.358904109589041,4.0
C-001276563,S-0111,-100.0,1,1,女性,32,7,12,0.5833333333333334,0,0,19,4489501.980758176,6.397260273972603,4.0
C-001881216,S-0063,-24.126975053708122,0,1,男性,34,4,12,0.4166666666666667,5300,2,18,4564012.176421695,5.749315068493151,3.0
C-002444224,S-0020,-57.5376352090336,1,1,女性,33,2,12,0.3333333333333333,0,0,16,4280702.057267675,6.986301369863014,3.5
C-000351699,S-0007,-24.051679391869264,0,1,女性,57,11,12,0.25,5481,2,21,4487075.727367008,3.7260273972602738,1.0
C-000196752,S-0121,-29.84078590785908,0,1,男性,47,12,12,0.25,26222,2,14,4716268.25678644,9.856164383561644,7.0
C-002689728,S-0115,-30.03852286349406,0,1,男性,77,1,12,0.1666666666666666,0,0,14,4553643.099564746,10.51095890410959,7.0
C-002120184,S-0002,-60.18186015492741,1,1,女性,46,3,12,0.3333333333333333,0,0,15,4455566.655169959,5.663013698630137,2.0
C-001037637,S-0121,-100.0,1,1,男性,55,8,12,0.5833333333333334,0,0,14,4716268.25678644,9.856164383561644,7.0
C-002625041,S-0056,-100.0,1,1,男性,29,1,12,0.0,25798,2,15,4406070.585753419,7.528767123287671,4.0
C-000726992,S-0074,-28.020144468441583,0,1,女性,42,9,12,0.25,5848,2,14,4614054.39694187,8.308219178082192,6.0
C-002331846,S-0072,-32.24077162046567,0,1,女性,49,2,12,0.0833333333333333,8142,2,12,4406797.312641796,9.01917808219178,6.0
C-002234340,S-0075,-20.83030303030303,0,1,男性,38,3,12,0.3333333333333333,8024,1,19,4506647.2743158825,4.526027397260274,1.0
C-000929982,S-0018,-69.44752878173695,1,1,男性,50,8,12,0.25,0,0,16,4493108.581950108,7.550684931506849,5.0
C-001925366,S-0004,-24.89440852351477,0,1,女性,43,4,12,0.25,0,0,22,4423576.351309,11.806849315068494,9.0
C-002308365,S-0020,-84.00795728196,1,1,男性,55,2,12,0.4166666666666667,0,0,16,4280702.057267675,6.986301369863014,3.5
C-000236601,S-0036,-25.113205705482677,0,1,女性,74,11,12,0.4166666666666667,0,0,19,4397834.424680548,11.123287671232877,9.0
C-000562082,S-0075,-8.925687662839586,0,1,女性,70,10,12,0.3333333333333333,4767,1,19,4506647.2743158825,4.526027397260274,1.0
C-000246871,S-0099,-36.61273940571378,0,1,男性,42,11,12,0.6666666666666666,5022,2,13,4464126.154078853,8.147945205479452,5.0
C-000560113,S-0036,-46.48631874070349,0,1,女性,70,10,12,0.0833333333333333,47693,1,19,4397834.424680548,11.123287671232877,9.0
C-001618285,S-0050,-29.367845718440933,0,1,男性,53,5,12,0.1666666666666666,0,0,20,4615411.181286601,9.2013698630137,6.0
C-001327066,S-0097,-100.0,1,1,女性,54,7,12,0.25,47055,1,21,4592508.716501317,10.09041095890411,7.0
C-001431974,S-0017,-38.17368140649973,0,1,男性,18,6,12,0.5,0,0,20,4640207.03550726,5.608219178082192,2.5
C-001516193,S-0099,-21.925464677063466,0,1,男性,42,6,12,0.1666666666666666,2824,1,13,4464126.154078853,8.147945205479452,5.0
C-001330186,S-0014,-70.12014268823023,1,1,女性,43,7,12,0.1666666666666666,10632,2,21,4730192.353344672,7.336986301369863,4.0
C-002608944,S-0018,-36.16519174041298,0,1,女性,63,1,12,0.0,10570,1,16,4493108.581950108,7.550684931506849,5.0
C-001694909,S-0082,-60.87666372625946,1,1,男性,47,5,12,0.5,0,0,17,4607261.71451126,4.758904109589041,2.0
C-000739469,S-0030,-100.0,1,1,女性,49,9,12,0.8333333333333334,0,0,22,4426478.045479023,9.236986301369862,5.5
C-001994109,S-0074,-63.02477116851758,1,1,女性,63,4,12,0.3333333333333333,12081,1,14,4614054.39694187,8.308219178082192,6.0
C-000376703,S-0048,-100.0,1,1,男性,54,11,12,0.0833333333333333,0,0,15,4502249.082895545,3.671232876712329,1.0
C-001770324,S-0012,-100.0,1,1,女性,53,5,12,0.5833333333333334,10532,2,16,4444678.825084195,7.994520547945205,5.0
C-001080942,S-0121,-100.0,1,1,女性,48,8,12,0.4166666666666667,0,0,14,4716268.25678644,9.856164383561644,7.0
C-001855798,S-0014,-48.432935669696825,0,1,女性,50,4,12,0.25,10041,1,21,4730192.353344672,7.336986301369863,4.0
C-000801221,S-0126,-17.304322961696112,0,1,女性,56,9,12,0.3333333333333333,0,0,17,4493168.352495564,5.53972602739726,3.0
C-000663601,S-0089,-36.746289379889156,0,1,男性,55,10,12,0.3333333333333333,45606,1,19,4721110.949352573,10.142465753424657,7.0
C-001626983,S-0106,-14.48297536576885,0,1,男性,58,5,12,0.4166666666666667,0,0,20,4462729.145118021,6.171232876712329,3.5
C-000182499,S-0121,-100.0,1,1,女性,64,12,12,0.1666666666666666,0,0,14,4716268.25678644,9.856164383561644,7.0
C-002216882,S-0097,-100.0,1,1,男性,33,3,12,0.5833333333333334,0,0,21,4592508.716501317,10.09041095890411,7.0
C-000610108,S-0002,-9.633153813997989,0,1,女性,37,10,12,0.0833333333333333,10897,2,15,4455566.655169959,5.663013698630137,2.0
C-002464263,S-0096,-67.0935536223858,1,1,男性,41,2,12,0.0833333333333333,0,0,16,4644856.458098179,8.302739726027397,5.0
C-000102353,S-0018,-23.660399411563187,0,1,男性,42,12,12,0.25,25907,1,16,4493108.581950108,7.550684931506849,5.0
C-000324812,S-0002,-26.481209556513928,0,1,男性,36,11,12,0.1666666666666666,2248,2,15,4455566.655169959,5.663013698630137,2.0
C-000260957,S-0040,-40.44216740597668,0,1,女性,32,11,12,0.1666666666666666,0,0,20,4550116.0180538,8.163013698630138,4.0
C-000437020,S-0039,-20.346100454316,0,1,男性,59,11,12,0.75,0,0,16,4591288.568998441,8.193150684931506,5.0
C-000610029,S-0014,-55.0306454054437,1,1,女性,35,10,12,0.4166666666666667,0,0,21,4730192.353344672,7.336986301369863,4.0
C-002403574,S-0115,-37.05374904481929,0,1,男性,34,2,12,0.25,0,0,14,4553643.099564746,10.51095890410959,7.0
C-001404163,S-0085,-20.28798554377866,0,1,女性,52,6,12,0.1666666666666666,1615,1,15,4606655.398026554,4.928767123287671,2.0
C-001363780,S-0115,-100.0,1,1,女性,43,6,12,0.0833333333333333,140926,1,14,4553643.099564746,10.51095890410959,7.0
C-001385983,S-0117,-45.19493467028385,0,1,男性,55,6,12,0.5833333333333334,0,0,20,4500859.737076383,9.593150684931507,7.0
C-001667687,S-0040,-17.954213320224124,0,1,女性,55,5,12,0.25,0,0,20,4550116.0180538,8.163013698630138,4.0
C-001225238,S-0099,-86.85651210197886,1,1,男性,51,7,12,0.0833333333333333,2107,1,13,4464126.154078853,8.147945205479452,5.0
C-002111970,S-0040,-95.73031306763544,1,1,男性,35,3,12,0.1666666666666666,29899,1,20,4550116.0180538,8.163013698630138,4.0
C-000364257,S-0102,-38.98822980324665,0,1,女性,71,11,12,0.0833333333333333,0,0,16,4383474.364435211,10.484931506849314,7.5
C-001509078,S-0039,-50.72494756348382,1,1,女性,51,6,12,0.3333333333333333,2161,2,16,4591288.568998441,8.193150684931506,5.0
C-001739157,S-0096,-31.446807316799465,0,1,女性,54,5,12,0.1666666666666666,0,0,16,4644856.458098179,8.302739726027397,5.0
C-002408657,S-0020,-100.0,1,1,男性,45,2,12,0.5833333333333334,6788,1,16,4280702.057267675,6.986301369863014,3.5
C-000606212,S-0017,-16.895870763499037,0,1,女性,45,10,12,0.1666666666666666,13056,1,20,4640207.03550726,5.608219178082192,2.5
C-000694038,S-0012,-39.410077322097905,0,1,男性,50,9,12,0.1666666666666666,32973,1,16,4444678.825084195,7.994520547945205,5.0
C-000123454,S-0018,-23.284234343139445,0,1,男性,47,12,12,0.25,0,0,16,4493108.581950108,7.550684931506849,5.0
C-000021962,S-0059,-76.58772286658267,1,1,女性,56,12,12,0.0,0,0,14,4713188.969095345,6.8123287671232875,3.0
C-000862632,S-0030,-100.0,1,1,女性,52,9,12,0.25,73142,1,22,4426478.045479023,9.236986301369862,5.5
C-000651360,S-0039,-21.66976449597834,0,1,男性,51,10,12,0.1666666666666666,0,0,16,4591288.568998441,8.193150684931506,5.0
C-002280625,S-0099,-34.891119260691795,0,1,女性,49,2,12,0.25,0,0,13,4464126.154078853,8.147945205479452,5.0
C-001994215,S-0074,-100.0,1,1,男性,71,4,12,0.0833333333333333,9043,1,14,4614054.39694187,8.308219178082192,6.0
C-000942518,S-0121,-17.72992034808239,0,1,男性,41,8,12,0.1666666666666666,10889,2,14,4716268.25678644,9.856164383561644,7.0
C-000241821,S-0050,-28.19164933209694,0,1,女性,41,11,12,0.3333333333333333,4160,2,20,4615411.181286601,9.2013698630137,6.0
C-000807289,S-0131,-100.0,1,1,女性,61,9,12,0.25,4331,1,17,4569023.5643747775,5.13972602739726,2.0
C-001090694,S-0002,-100.0,1,1,女性,35,8,12,0.3333333333333333,1318,1,15,4455566.655169959,5.663013698630137,2.0
C-001623851,S-0056,-16.85267753772856,0,1,女性,55,5,12,0.1666666666666666,0,0,15,4406070.585753419,7.528767123287671,4.0
C-000141092,S-0111,-100.0,1,1,女性,52,12,12,0.0833333333333333,2918,2,19,4489501.980758176,6.397260273972603,4.0
C-000172382,S-0085,-28.652051030185426,0,1,女性,45,12,12,0.3333333333333333,0,0,15,4606655.398026554,4.928767123287671,2.0
C-002122243,S-0117,-48.527698807549555,0,1,女性,43,3,12,0.25,0,0,20,4500859.737076383,9.593150684931507,7.0
C-001470716,S-0072,-100.0,1,1,男性,58,6,12,0.3333333333333333,30650,1,12,4406797.312641796,9.01917808219178,6.0
C-001778866,S-0054,-28.386534885298097,0,1,女性,51,5,12,0.4166666666666667,0,0,23,4489160.181517739,6.358904109589041,4.0
C-000331408,S-0036,-39.148487382183035,0,1,女性,54,11,12,0.25,0,0,19,4397834.424680548,11.123287671232877,9.0
C-001246652,S-0012,-75.19385126940216,1,1,男性,64,7,12,0.1666666666666666,0,0,16,4444678.825084195,7.994520547945205,5.0
C-001298019,S-0005,-59.541949270649454,1,1,女性,26,7,12,1.0,0,0,21,4733942.970761149,4.69041095890411,2.0
C-001390296,S-0074,-36.26161158342816,0,1,女性,15,6,12,0.5833333333333334,2283,1,14,4614054.39694187,8.308219178082192,6.0
C-001756335,S-0117,-14.522515202517525,0,1,男性,46,5,12,0.25,22737,1,20,4500859.737076383,9.593150684931507,7.0
C-000033663,S-0012,-27.92787722861848,0,1,男性,57,12,12,0.0833333333333333,1284,2,16,4444678.825084195,7.994520547945205,5.0
C-002323495,S-0099,-9.26139439844735,0,1,男性,55,2,12,0.1666666666666666,22006,1,13,4464126.154078853,8.147945205479452,5.0
C-000407165,S-0018,-51.236539992458205,1,1,男性,45,11,12,0.25,121462,1,16,4493108.581950108,7.550684931506849,5.0
C-001110314,S-0079,-100.0,1,1,女性,47,8,12,0.25,82261,1,13,4256656.371085242,8.479452054794521,6.0
C-001676199,S-0056,-52.97574745152522,1,1,女性,54,5,12,0.0833333333333333,7259,1,15,4406070.585753419,7.528767123287671,4.0
C-000213489,S-0054,-100.0,1,1,男性,58,12,12,0.0,23221,1,23,4489160.181517739,6.358904109589041,4.0
C-001752093,S-0041,-87.24539680407216,1,1,女性,40,5,12,0.1666666666666666,7354,1,17,4828489.286769263,10.389041095890411,7.0
C-001962515,S-0041,-94.15697843681463,1,1,男性,55,4,12,0.1666666666666666,0,0,17,4828489.286769263,10.389041095890411,7.0
C-002460024,S-0115,-21.372666121833156,0,1,男性,71,2,12,0.5,5149,2,14,4553643.099564746,10.51095890410959,7.0
C-001605602,S-0063,-20.598811757348344,0,1,男性,52,5,12,0.3333333333333333,2416,1,18,4564012.176421695,5.749315068493151,3.0
C-000810931,S-0075,-100.0,1,1,女性,45,9,12,0.3333333333333333,33781,1,19,4506647.2743158825,4.526027397260274,1.0
C-000124964,S-0074,-69.4063836134036,1,1,女性,56,12,12,0.0,17261,1,14,4614054.39694187,8.308219178082192,6.0
C-001240910,S-0050,-18.166454321844878,0,1,女性,48,7,12,0.1666666666666666,11662,1,20,4615411.181286601,9.2013698630137,6.0
C-001658128,S-0072,-100.0,1,1,男性,53,5,12,0.0833333333333333,0,0,12,4406797.312641796,9.01917808219178,6.0
C-000269689,S-0102,-100.0,1,1,女性,74,11,12,0.1666666666666666,13284,2,16,4383474.364435211,10.484931506849314,7.5
C-000931531,S-0039,-25.588746501039978,0,1,男性,57,8,12,0.1666666666666666,0,0,16,4591288.568998441,8.193150684931506,5.0
C-002211722,S-0074,-27.60208814644896,0,1,男性,55,3,12,0.25,0,0,14,4614054.39694187,8.308219178082192,6.0
C-001370613,S-0080,-72.34899820519395,1,1,女性,50,6,12,0.0833333333333333,37431,2,17,4457429.264950683,11.673972602739726,9.0
C-000612952,S-0014,-100.0,1,1,男性,41,10,12,0.3333333333333333,0,0,21,4730192.353344672,7.336986301369863,4.0
C-000722769,S-0008,-19.394708663252743,0,1,女性,39,9,12,0.0833333333333333,0,0,22,4498453.308937302,10.772602739726027,7.0
C-002372596,S-0005,-30.909081186869365,0,1,男性,23,2,12,0.4166666666666667,0,0,21,4733942.970761149,4.69041095890411,2.0
C-000705029,S-0017,-11.941414691958146,0,1,女性,42,9,12,0.0,2399,1,20,4640207.03550726,5.608219178082192,2.5
C-000380187,S-0102,-45.76285147328616,0,1,男性,47,11,12,0.1666666666666666,22121,1,16,4383474.364435211,10.484931506849314,7.5
C-000617347,S-0014,-90.06546709004665,1,1,男性,50,10,12,0.3333333333333333,39647,1,21,4730192.353344672,7.336986301369863,4.0
C-000001730,S-0004,-12.185363629846268,0,1,男性,45,13,12,0.1666666666666666,90042,1,22,4423576.351309,11.806849315068494,9.0
C-000942391,S-0072,-100.0,1,1,男性,39,8,12,0.4166666666666667,0,0,12,4406797.312641796,9.01917808219178,6.0
C-000071109,S-0008,-100.0,1,1,女性,31,12,12,0.4166666666666667,0,0,22,4498453.308937302,10.772602739726027,7.0
C-000823184,S-0097,-51.88363492707979,1,1,女性,43,9,12,0.75,61447,1,21,4592508.716501317,10.09041095890411,7.0
C-001463481,S-0048,-100.0,1,1,女性,60,6,12,0.25,0,0,15,4502249.082895545,3.671232876712329,1.0
C-002236350,S-0097,-94.57873576276043,1,1,女性,59,3,12,0.1666666666666666,4436,1,21,4592508.716501317,10.09041095890411,7.0
C-001864583,S-0018,-52.587214154565174,1,1,女性,29,4,12,0.4166666666666667,6506,2,16,4493108.581950108,7.550684931506849,5.0
C-001258793,S-0106,-77.97496119755256,1,1,女性,46,7,12,0.1666666666666666,18944,1,20,4462729.145118021,6.171232876712329,3.5
C-001021012,S-0096,-71.23649988979503,1,1,女性,65,8,12,0.3333333333333333,0,0,16,4644856.458098179,8.302739726027397,5.0
C-001939826,S-0063,-97.99244606619295,1,1,女性,19,4,12,0.5,0,0,18,4564012.176421695,5.749315068493151,3.0
C-002148953,S-0050,-23.559726304630658,0,1,男性,33,3,12,0.1666666666666666,11452,1,20,4615411.181286601,9.2013698630137,6.0
C-002635318,S-0126,-73.98305084745763,1,1,女性,40,1,12,0.75,2337,1,17,4493168.352495564,5.53972602739726,3.0
C-002395321,S-0005,-100.0,1,1,女性,47,2,12,0.0833333333333333,1440,1,21,4733942.970761149,4.69041095890411,2.0
C-001442335,S-0056,-74.44669107601509,1,1,女性,39,6,12,0.1666666666666666,3745,1,15,4406070.585753419,7.528767123287671,4.0
C-002363199,S-0004,-8.947690263947242,0,1,女性,48,2,12,0.1666666666666666,1367,2,22,4423576.351309,11.806849315068494,9.0
C-000817004,S-0007,-36.528611681676935,0,1,男性,40,9,12,0.25,44020,1,21,4487075.727367008,3.7260273972602738,1.0
C-000193306,S-0096,-77.39355231143551,1,1,女性,70,12,12,0.0833333333333333,5787,1,16,4644856.458098179,8.302739726027397,5.0
C-000907368,S-0117,-48.734246109814606,0,1,女性,57,8,12,0.25,3734,1,20,4500859.737076383,9.593150684931507,7.0
C-001218374,S-0018,-90.12103177920059,1,1,女性,42,7,12,0.0833333333333333,17422,2,16,4493108.581950108,7.550684931506849,5.0
C-000595348,S-0100,-39.750331381399015,0,1,男性,63,10,12,0.0833333333333333,21267,1,17,4535925.154217558,4.720547945205479,2.0
C-002157355,S-0036,-39.69371066065322,0,1,女性,50,3,12,0.6666666666666666,0,0,19,4397834.424680548,11.123287671232877,9.0
C-000291369,S-0048,-62.55976238585799,1,1,男性,45,11,12,0.25,88162,1,15,4502249.082895545,3.671232876712329,1.0
C-002092706,S-0030,-100.0,1,1,男性,53,3,12,0.0833333333333333,17369,1,22,4426478.045479023,9.236986301369862,5.5
C-000233265,S-0115,-26.192311730385615,0,1,女性,61,11,12,0.25,37538,1,14,4553643.099564746,10.51095890410959,7.0
C-001692073,S-0080,-99.99197773017897,1,1,女性,57,5,12,0.25,3009,2,17,4457429.264950683,11.673972602739726,9.0
C-000437485,S-0014,-100.0,1,1,女性,68,11,12,0.3333333333333333,0,0,21,4730192.353344672,7.336986301369863,4.0
C-001353647,S-0048,-78.27622245722095,1,1,男性,40,6,12,0.0,21935,2,15,4502249.082895545,3.671232876712329,1.0
C-000469295,S-0012,-100.0,1,1,男性,60,10,12,0.5,0,0,16,4444678.825084195,7.994520547945205,5.0
C-002015679,S-0004,-100.0,1,1,男性,29,4,12,0.1666666666666666,38180,2,22,4423576.351309,11.806849315068494,9.0
C-001587672,S-0002,-100.0,1,1,女性,35,5,12,0.5,0,0,15,4455566.655169959,5.663013698630137,2.0
C-002411546,S-0102,-75.94971951212288,1,1,女性,43,2,12,0.1666666666666666,5487,2,16,4383474.364435211,10.484931506849314,7.5
C-001775483,S-0102,-55.84357632550404,1,1,男性,36,5,12,0.25,6617,2,16,4383474.364435211,10.484931506849314,7.5
C-001127217,S-0036,-100.0,1,1,女性,46,7,12,0.25,8900,1,19,4397834.424680548,11.123287671232877,9.0
C-002431467,S-0074,-100.0,1,1,男性,45,2,12,0.1666666666666666,0,0,14,4614054.39694187,8.308219178082192,6.0
C-001589854,S-0089,-100.0,1,1,女性,41,5,12,0.25,0,0,19,4721110.949352573,10.142465753424657,7.0
C-001919287,S-0096,-90.30173943911963,1,1,女性,57,4,12,0.4166666666666667,23691,2,16,4644856.458098179,8.302739726027397,5.0
C-000318205,S-0008,-24.692658681359827,0,1,男性,36,11,12,0.4166666666666667,0,0,22,4498453.308937302,10.772602739726027,7.0
C-000334531,S-0002,-46.438403415488146,0,1,男性,33,11,12,0.75,0,0,15,4455566.655169959,5.663013698630137,2.0
C-002219771,S-0121,-80.3289528751988,1,1,男性,34,3,12,0.1666666666666666,13101,1,14,4716268.25678644,9.856164383561644,7.0
C-002259294,S-0097,-100.0,1,1,男性,63,2,12,0.3333333333333333,20666,2,21,4592508.716501317,10.09041095890411,7.0
C-002354345,S-0111,-39.49013234663872,0,1,女性,56,2,12,0.4166666666666667,5071,2,19,4489501.980758176,6.397260273972603,4.0
C-000637871,S-0041,-52.22250580428447,1,1,女性,80,10,12,0.0833333333333333,4624,1,17,4828489.286769263,10.389041095890411,7.0
C-002002027,S-0082,-100.0,1,1,女性,59,4,12,0.5,0,0,17,4607261.71451126,4.758904109589041,2.0
C-002401774,S-0089,-100.0,1,1,女性,62,2,12,0.0833333333333333,0,0,19,4721110.949352573,10.142465753424657,7.0
C-002095639,S-0007,-21.083824551494285,0,1,男性,63,3,12,0.3333333333333333,1666,1,21,4487075.727367008,3.7260273972602738,1.0
C-001188574,S-0102,-51.086866683196966,1,1,女性,36,7,12,0.4166666666666667,26425,1,16,4383474.364435211,10.484931506849314,7.5
C-002523844,S-0002,-69.70660298359334,1,1,女性,69,1,12,0.25,58138,1,15,4455566.655169959,5.663013698630137,2.0
C-002341999,S-0074,-97.17655834770852,1,1,女性,38,2,12,0.1666666666666666,0,0,14,4614054.39694187,8.308219178082192,6.0
C-001204060,S-0111,-100.0,1,1,女性,44,7,12,0.1666666666666666,4177,2,19,4489501.980758176,6.397260273972603,4.0
C-001394016,S-0079,-21.843424225896754,0,1,女性,53,6,12,0.1666666666666666,47498,1,13,4256656.371085242,8.479452054794521,6.0
C-000157097,S-0113,-67.08614986336833,1,1,女性,34,12,12,0.1666666666666666,39997,1,16,4336633.961311346,5.77945205479452,2.5
C-001962008,S-0121,-100.0,1,1,女性,43,4,12,0.0,51156,1,14,4716268.25678644,9.856164383561644,7.0
C-000300211,S-0059,-46.90928000502082,0,1,女性,21,11,12,0.75,0,0,14,4713188.969095345,6.8123287671232875,3.0
C-002611723,S-0012,-20.609115009375596,0,1,女性,32,1,12,0.1666666666666666,1749,2,16,4444678.825084195,7.994520547945205,5.0
C-000111705,S-0017,-35.45533312052533,0,1,女性,66,12,12,0.0833333333333333,0,0,20,4640207.03550726,5.608219178082192,2.5
C-000397382,S-0079,-48.50519813980213,0,1,女性,53,11,12,0.75,6298,1,13,4256656.371085242,8.479452054794521,6.0
C-001685615,S-0115,-100.0,1,1,女性,72,5,12,0.0833333333333333,0,0,14,4553643.099564746,10.51095890410959,7.0
C-001302938,S-0097,-59.28684531059684,1,1,女性,45,7,12,0.4166666666666667,3630,1,21,4592508.716501317,10.09041095890411,7.0
C-001062598,S-0131,-67.07174105738713,1,1,男性,61,8,12,0.3333333333333333,10793,2,17,4569023.5643747775,5.13972602739726,2.0
C-000331059,S-0121,-27.94291315653185,0,1,女性,56,11,12,0.5833333333333334,0,0,14,4716268.25678644,9.856164383561644,7.0
C-002091037,S-0036,-42.85277374241487,0,1,男性,42,3,12,0.3333333333333333,37441,1,19,4397834.424680548,11.123287671232877,9.0
C-000390440,S-0002,-45.55471782697735,0,1,女性,69,11,12,0.25,0,0,15,4455566.655169959,5.663013698630137,2.0
C-000436424,S-0014,-100.0,1,1,男性,81,11,12,0.0833333333333333,0,0,21,4730192.353344672,7.336986301369863,4.0
C-002406095,S-0099,-72.93756018072736,1,1,女性,54,2,12,0.1666666666666666,0,0,13,4464126.154078853,8.147945205479452,5.0
C-001456281,S-0020,-68.037624989893,1,1,女性,39,6,12,0.3333333333333333,0,0,16,4280702.057267675,6.986301369863014,3.5
C-002310562,S-0050,-62.466941537855014,1,1,女性,45,2,12,0.0833333333333333,59441,1,20,4615411.181286601,9.2013698630137,6.0
C-000859524,S-0072,-100.0,1,1,女性,40,9,12,0.0,0,0,12,4406797.312641796,9.01917808219178,6.0
C-000063255,S-0074,-70.00723384535394,1,1,女性,38,12,12,0.1666666666666666,8798,1,14,4614054.39694187,8.308219178082192,6.0
C-001254484,S-0002,-100.0,1,1,男性,50,7,12,0.4166666666666667,0,0,15,4455566.655169959,5.663013698630137,2.0
C-002242959,S-0004,-100.0,1,1,男性,46,3,12,0.3333333333333333,134007,1,22,4423576.351309,11.806849315068494,9.0
C-000171122,S-0041,-84.68397499287666,1,1,男性,41,12,12,0.6666666666666666,0,0,17,4828489.286769263,10.389041095890411,7.0
C-001789780,S-0113,-48.35069237146181,0,1,女性,31,5,12,0.75,37596,1,16,4336633.961311346,5.77945205479452,2.5
C-001420815,S-0106,-25.48878383953147,0,1,女性,70,6,12,0.25,0,0,20,4462729.145118021,6.171232876712329,3.5
C-000782914,S-0099,-43.88832467855979,0,1,女性,64,9,12,0.1666666666666666,1555,1,13,4464126.154078853,8.147945205479452,5.0
C-001405492,S-0099,-29.03457639711996,0,1,男性,54,6,12,0.3333333333333333,12420,1,13,4464126.154078853,8.147945205479452,5.0
C-002151907,S-0075,-23.71180967077371,0,1,男性,43,3,12,0.3333333333333333,24307,1,19,4506647.2743158825,4.526027397260274,1.0
C-000495514,S-0040,-100.0,1,1,女性,46,10,12,0.0833333333333333,2350,1,20,4550116.0180538,8.163013698630138,4.0
C-001940816,S-0097,-85.42662006605316,1,1,女性,71,4,12,0.0833333333333333,0,0,21,4592508.716501317,10.09041095890411,7.0
C-002124322,S-0096,-35.13337386230936,0,1,男性,57,3,12,0.25,5471,1,16,4644856.458098179,8.302739726027397,5.0
C-000210700,S-0014,-100.0,1,1,女性,52,12,12,0.5,8687,1,21,4730192.353344672,7.336986301369863,4.0
C-001031411,S-0100,-100.0,1,1,男性,31,8,12,0.4166666666666667,17415,1,17,4535925.154217558,4.720547945205479,2.0
C-001770968,S-0089,-17.17250841487094,0,1,男性,42,5,12,0.1666666666666666,276846,1,19,4721110.949352573,10.142465753424657,7.0
C-000620275,S-0012,-100.0,1,1,男性,43,10,12,0.25,0,0,16,4444678.825084195,7.994520547945205,5.0
C-001175882,S-0050,-34.76686596957876,0,1,女性,55,7,12,0.0833333333333333,6416,2,20,4615411.181286601,9.2013698630137,6.0
C-001975737,S-0075,-100.0,1,1,女性,59,4,12,0.0833333333333333,10284,1,19,4506647.2743158825,4.526027397260274,1.0
C-002008230,S-0121,-53.50778455125991,1,1,女性,42,4,12,0.0833333333333333,4902,1,14,4716268.25678644,9.856164383561644,7.0
C-002168752,S-0036,-81.75553038470461,1,1,女性,43,3,12,0.1666666666666666,76231,2,19,4397834.424680548,11.123287671232877,9.0
C-001645092,S-0080,-22.47430351054545,0,1,女性,32,5,12,0.1666666666666666,8696,1,17,4457429.264950683,11.673972602739726,9.0
C-000554398,S-0018,-31.0288882926393,0,1,男性,73,10,12,0.0,40489,1,16,4493108.581950108,7.550684931506849,5.0
C-001330399,S-0072,-78.23401892170375,1,1,女性,41,7,12,0.1666666666666666,4366,1,12,4406797.312641796,9.01917808219178,6.0
C-001914920,S-0007,-57.843371142293265,1,1,男性,51,4,12,0.1666666666666666,0,0,21,4487075.727367008,3.7260273972602738,1.0
C-002155738,S-0005,-64.23210780675277,1,1,女性,63,3,12,0.9166666666666666,51602,1,21,4733942.970761149,4.69041095890411,2.0
C-000605327,S-0018,-35.91479794249711,0,1,男性,55,10,12,0.0833333333333333,29218,1,16,4493108.581950108,7.550684931506849,5.0
C-001550033,S-0089,-46.432945121600405,0,1,男性,57,6,12,0.25,0,0,19,4721110.949352573,10.142465753424657,7.0
C-000182118,S-0056,-45.829001578683915,0,1,女性,55,12,12,0.0833333333333333,0,0,15,4406070.585753419,7.528767123287671,4.0
C-002509111,S-0036,-100.0,1,1,女性,54,1,12,0.3333333333333333,73820,1,19,4397834.424680548,11.123287671232877,9.0
C-001841377,S-0030,-100.0,1,1,女性,32,4,12,0.6666666666666666,0,0,22,4426478.045479023,9.236986301369862,5.5
C-000796296,S-0131,-93.65010171461783,1,1,男性,56,9,12,0.25,24392,2,17,4569023.5643747775,5.13972602739726,2.0
C-001803270,S-0113,-80.95443134049509,1,1,男性,45,4,12,0.0833333333333333,57614,2,16,4336633.961311346,5.77945205479452,2.5
C-001454805,S-0102,-46.237546559434975,0,1,女性,40,6,12,0.25,11840,2,16,4383474.364435211,10.484931506849314,7.5
C-000695766,S-0121,-57.539720507206816,1,1,男性,43,9,12,0.1666666666666666,4191,2,14,4716268.25678644,9.856164383561644,7.0
C-000017578,S-0085,-7.749308440961314,0,1,男性,47,12,12,0.5,0,0,15,4606655.398026554,4.928767123287671,2.0
C-001609494,S-0054,-69.00218858851453,1,1,女性,64,5,12,0.3333333333333333,4123,1,23,4489160.181517739,6.358904109589041,4.0
C-000567574,S-0079,-100.0,1,1,女性,44,10,12,0.5833333333333334,0,0,13,4256656.371085242,8.479452054794521,6.0
C-001355148,S-0007,-68.0494038969906,1,1,女性,50,6,12,0.3333333333333333,0,0,21,4487075.727367008,3.7260273972602738,1.0
C-000180428,S-0018,-53.860494453071674,1,1,男性,58,12,12,0.4166666666666667,0,0,16,4493108.581950108,7.550684931506849,5.0
C-001943275,S-0018,-31.65059296717363,0,1,男性,57,4,12,0.25,35132,1,16,4493108.581950108,7.550684931506849,5.0
C-001714711,S-0113,-33.82362948531506,0,1,男性,36,5,12,0.3333333333333333,18053,2,16,4336633.961311346,5.77945205479452,2.5
C-000575108,S-0020,-24.58846356458774,0,1,女性,40,10,12,0.5833333333333334,2513,1,16,4280702.057267675,6.986301369863014,3.5
C-001600010,S-0099,-51.60771334666391,1,1,男性,59,5,12,0.5,18049,1,13,4464126.154078853,8.147945205479452,5.0
C-001560828,S-0072,-39.191998334162726,0,1,女性,31,6,12,0.25,0,0,12,4406797.312641796,9.01917808219178,6.0
C-001532734,S-0004,-100.0,1,1,女性,49,6,12,0.1666666666666666,0,0,22,4423576.351309,11.806849315068494,9.0
C-001048759,S-0097,-95.59366732315078,1,1,女性,62,8,12,0.3333333333333333,3418,1,21,4592508.716501317,10.09041095890411,7.0
C-000390699,S-0030,-30.463136878883006,0,1,女性,88,11,12,0.0833333333333333,10497,1,22,4426478.045479023,9.236986301369862,5.5
C-000839586,S-0050,-100.0,1,1,女性,49,9,12,0.3333333333333333,0,0,20,4615411.181286601,9.2013698630137,6.0
C-000342953,S-0074,-88.57798131632958,1,1,女性,73,11,12,0.0,7484,1,14,4614054.39694187,8.308219178082192,6.0
C-000876577,S-0082,-44.633108638774985,0,1,女性,56,9,12,0.6666666666666666,11807,2,17,4607261.71451126,4.758904109589041,2.0
C-002147008,S-0017,-27.169244764308342,0,1,女性,88,3,12,0.0833333333333333,1149,1,20,4640207.03550726,5.608219178082192,2.5
C-000814435,S-0099,-40.63813682678312,0,1,男性,36,9,12,0.1666666666666666,1591,2,13,4464126.154078853,8.147945205479452,5.0
C-001795315,S-0062,-97.32799653829511,1,1,女性,52,5,12,0.25,0,0,15,4713869.782113416,4.575342465753424,1.0
C-000533426,S-0117,-56.013976616046236,1,1,女性,45,10,12,0.5833333333333334,21875,2,20,4500859.737076383,9.593150684931507,7.0
C-001574924,S-0100,-30.722710120649104,0,1,女性,53,6,12,0.1666666666666666,2448,2,17,4535925.154217558,4.720547945205479,2.0
C-000250092,S-0041,-33.5951778392939,0,1,女性,39,11,12,0.25,40945,2,17,4828489.286769263,10.389041095890411,7.0
C-001510488,S-0054,-34.01823174080176,0,1,女性,48,6,12,0.25,0,0,23,4489160.181517739,6.358904109589041,4.0
C-001721117,S-0007,-59.040030933919454,1,1,女性,37,5,12,0.25,8120,2,21,4487075.727367008,3.7260273972602738,1.0
C-000989760,S-0002,-29.319302362994577,0,1,女性,38,8,12,0.25,22140,1,15,4455566.655169959,5.663013698630137,2.0
C-000353774,S-0121,-38.334573262513196,0,1,女性,22,11,12,0.25,8824,2,14,4716268.25678644,9.856164383561644,7.0
C-001685974,S-0004,-64.43275596263717,1,1,男性,50,5,12,0.4166666666666667,14936,2,22,4423576.351309,11.806849315068494,9.0
C-001468572,S-0039,-62.565174606749274,1,1,男性,33,6,12,0.3333333333333333,11395,1,16,4591288.568998441,8.193150684931506,5.0
C-000896428,S-0113,-100.0,1,1,男性,41,9,12,0.25,1850,2,16,4336633.961311346,5.77945205479452,2.5
C-002321232,S-0050,-22.96201604820463,0,1,女性,54,2,12,0.5833333333333334,29342,1,20,4615411.181286601,9.2013698630137,6.0
C-001749469,S-0121,-100.0,1,1,女性,21,5,12,0.1666666666666666,13719,2,14,4716268.25678644,9.856164383561644,7.0
C-001637078,S-0126,-14.062707266480373,0,1,女性,34,5,12,0.1666666666666666,0,0,17,4493168.352495564,5.53972602739726,3.0
C-001340100,S-0012,-100.0,1,1,女性,60,7,12,0.0833333333333333,29984,2,16,4444678.825084195,7.994520547945205,5.0
C-000377502,S-0007,-100.0,1,1,女性,47,11,12,0.5833333333333334,0,0,21,4487075.727367008,3.7260273972602738,1.0
C-002529936,S-0115,-100.0,1,1,男性,45,1,12,0.0833333333333333,29795,2,14,4553643.099564746,10.51095890410959,7.0
C-002595714,S-0096,-21.222972661602043,0,1,男性,47,1,12,0.0833333333333333,80516,2,16,4644856.458098179,8.302739726027397,5.0
C-002530827,S-0117,-51.3961589095284,1,1,女性,73,1,12,0.0833333333333333,27700,1,20,4500859.737076383,9.593150684931507,7.0
C-000622267,S-0040,-38.232635177046625,0,1,男性,46,10,12,0.25,2647,2,20,4550116.0180538,8.163013698630138,4.0
C-001597237,S-0111,-23.38502962499206,0,1,男性,41,5,12,0.0833333333333333,62006,2,19,4489501.980758176,6.397260273972603,4.0
C-002461135,S-0131,-16.109739969844252,0,1,女性,22,2,12,0.3333333333333333,0,0,17,4569023.5643747775,5.13972602739726,2.0
C-002688471,S-0099,-29.97132774111802,0,1,女性,44,1,12,0.1666666666666666,36904,2,13,4464126.154078853,8.147945205479452,5.0
C-002691948,S-0121,-61.669652165398546,1,1,女性,41,1,12,0.25,0,0,14,4716268.25678644,9.856164383561644,7.0
C-002375719,S-0004,-100.0,1,1,女性,34,2,12,0.1666666666666666,21094,1,22,4423576.351309,11.806849315068494,9.0
C-001153773,S-0012,-15.262231150140138,0,1,男性,58,7,12,0.0,11535,1,16,4444678.825084195,7.994520547945205,5.0
C-001214448,S-0048,-20.607696353380973,0,1,女性,67,7,12,0.0,0,0,15,4502249.082895545,3.671232876712329,1.0
C-002098964,S-0014,-73.13276463580667,1,1,女性,43,3,12,0.1666666666666666,22126,2,21,4730192.353344672,7.336986301369863,4.0
C-001397183,S-0041,-59.202771295917636,1,1,男性,89,6,12,0.25,2452,1,17,4828489.286769263,10.389041095890411,7.0
C-002464127,S-0062,-22.998253695222086,0,1,女性,68,2,12,0.0833333333333333,12024,1,15,4713869.782113416,4.575342465753424,1.0
C-001925503,S-0056,-33.28195862168197,0,1,男性,45,4,12,0.3333333333333333,9836,1,15,4406070.585753419,7.528767123287671,4.0
C-000546458,S-0008,-100.0,1,1,男性,21,10,12,0.0833333333333333,0,0,22,4498453.308937302,10.772602739726027,7.0
C-001112772,S-0056,-100.0,1,1,女性,47,8,12,0.0833333333333333,0,0,15,4406070.585753419,7.528767123287671,4.0
C-002665005,S-0004,-92.96630983826869,1,1,女性,67,1,12,0.0833333333333333,42080,1,22,4423576.351309,11.806849315068494,9.0
C-000154132,S-0012,-38.20273504046879,0,1,男性,51,12,12,0.25,13158,1,16,4444678.825084195,7.994520547945205,5.0
C-000184673,S-0014,-100.0,1,1,男性,69,12,12,0.4166666666666667,16183,1,21,4730192.353344672,7.336986301369863,4.0
C-000535522,S-0040,-20.21922746155759,0,1,女性,58,10,12,0.3333333333333333,14999,2,20,4550116.0180538,8.163013698630138,4.0
C-001668572,S-0102,-100.0,1,1,女性,54,5,12,0.25,0,0,16,4383474.364435211,10.484931506849314,7.5
C-001078169,S-0012,-35.29630276261975,0,1,女性,58,8,12,0.1666666666666666,0,0,16,4444678.825084195,7.994520547945205,5.0
C-002508994,S-0014,-88.32989059750594,1,1,男性,48,1,12,0.0833333333333333,4922,2,21,4730192.353344672,7.336986301369863,4.0
C-001062045,S-0020,-100.0,1,1,女性,60,8,12,0.5833333333333334,0,0,16,4280702.057267675,6.986301369863014,3.5
C-002014588,S-0113,-100.0,1,1,女性,47,4,12,0.3333333333333333,0,0,16,4336633.961311346,5.77945205479452,2.5
C-002030724,S-0072,-24.373184812984295,0,1,女性,66,3,12,0.25,3653,1,12,4406797.312641796,9.01917808219178,6.0
C-000848981,S-0111,-30.4153497371064,0,1,女性,55,9,12,0.0833333333333333,21148,1,19,4489501.980758176,6.397260273972603,4.0
C-001167907,S-0097,-67.85060008925007,1,1,女性,47,7,12,0.0833333333333333,10881,1,21,4592508.716501317,10.09041095890411,7.0
C-001610222,S-0072,-100.0,1,1,女性,48,5,12,0.1666666666666666,63878,1,12,4406797.312641796,9.01917808219178,6.0
C-000631197,S-0080,-44.42373572729051,0,1,女性,34,10,12,0.25,8773,2,17,4457429.264950683,11.673972602739726,9.0
C-002414027,S-0054,-100.0,1,1,男性,40,2,12,0.0833333333333333,14834,1,23,4489160.181517739,6.358904109589041,4.0
C-002529963,S-0056,-100.0,1,1,男性,41,1,12,0.1666666666666666,11021,1,15,4406070.585753419,7.528767123287671,4.0
C-000885800,S-0002,-44.50547354769806,0,1,男性,45,9,12,0.4166666666666667,23316,1,15,4455566.655169959,5.663013698630137,2.0
C-002471649,S-0017,-35.894480630265164,0,1,女性,40,1,12,0.5,0,0,20,4640207.03550726,5.608219178082192,2.5
C-002678052,S-0004,-45.736787705566364,0,1,女性,36,1,12,0.3333333333333333,2120,1,22,4423576.351309,11.806849315068494,9.0
C-002506068,S-0036,-100.0,1,1,男性,51,1,12,0.0833333333333333,3113,1,19,4397834.424680548,11.123287671232877,9.0
C-000305348,S-0018,-31.1935711813866,0,1,女性,52,11,12,0.0,8455,2,16,4493108.581950108,7.550684931506849,5.0
C-000669333,S-0054,-100.0,1,1,男性,58,10,12,0.3333333333333333,14191,1,23,4489160.181517739,6.358904109589041,4.0
C-000953103,S-0097,-41.892796156194805,0,1,女性,42,8,12,0.3333333333333333,4163,1,21,4592508.716501317,10.09041095890411,7.0
C-002669260,S-0126,-100.0,1,1,女性,70,1,12,0.1666666666666666,32167,1,17,4493168.352495564,5.53972602739726,3.0
C-001317713,S-0030,-48.955103080126946,1,1,女性,50,7,12,0.1666666666666666,0,0,22,4426478.045479023,9.236986301369862,5.5
C-001338248,S-0074,-38.10717703966047,0,1,女性,41,7,12,0.1666666666666666,13814,2,14,4614054.39694187,8.308219178082192,6.0
C-002548559,S-0097,-18.550500308395833,0,1,女性,46,1,12,0.1666666666666666,19379,2,21,4592508.716501317,10.09041095890411,7.0
C-002017208,S-0036,-100.0,1,1,女性,48,4,12,0.0833333333333333,0,0,19,4397834.424680548,11.123287671232877,9.0
C-000360701,S-0117,-36.86617277237817,0,1,男性,42,11,12,0.3333333333333333,8591,1,20,4500859.737076383,9.593150684931507,7.0
C-001415629,S-0041,-65.71332607301706,1,1,男性,30,6,12,0.5,27601,2,17,4828489.286769263,10.389041095890411,7.0
C-001600058,S-0018,-26.046051391593895,0,1,女性,26,5,12,0.25,27943,1,16,4493108.581950108,7.550684931506849,5.0
C-000624041,S-0079,-83.8647763332992,1,1,男性,55,10,12,0.4166666666666667,2028,1,13,4256656.371085242,8.479452054794521,6.0
C-001805619,S-0096,-92.36010530247133,1,1,男性,36,4,12,0.1666666666666666,0,0,16,4644856.458098179,8.302739726027397,5.0
C-001721956,S-0117,-45.773055642359516,0,1,男性,43,5,12,0.25,4892,2,20,4500859.737076383,9.593150684931507,7.0
C-001355680,S-0085,-23.749852923873398,0,1,女性,38,6,12,0.3333333333333333,0,0,15,4606655.398026554,4.928767123287671,2.0
C-001326414,S-0106,-67.40870482324802,1,1,男性,51,7,12,0.25,8763,2,20,4462729.145118021,6.171232876712329,3.5
C-001609365,S-0072,-58.43011026588088,1,1,女性,61,5,12,0.25,35143,1,12,4406797.312641796,9.01917808219178,6.0
C-000244588,S-0018,-79.9659150128875,1,1,女性,31,11,12,0.1666666666666666,0,0,16,4493108.581950108,7.550684931506849,5.0
C-000478876,S-0056,-57.06229192898385,1,1,女性,58,10,12,0.0,21947,1,15,4406070.585753419,7.528767123287671,4.0
C-000212716,S-0012,-48.62563264529026,0,1,女性,59,12,12,0.4166666666666667,12305,2,16,4444678.825084195,7.994520547945205,5.0
C-000055872,S-0020,-76.2343361790726,1,1,男性,40,12,12,0.0,0,0,16,4280702.057267675,6.986301369863014,3.5
C-002120149,S-0059,-36.26064735945486,0,1,女性,42,3,12,0.25,42956,1,14,4713188.969095345,6.8123287671232875,3.0
C-000879438,S-0117,-26.323970655617362,0,1,女性,40,9,12,0.0833333333333333,0,0,20,4500859.737076383,9.593150684931507,7.0
C-002339388,S-0012,-63.92821121328982,1,1,男性,49,2,12,0.3333333333333333,6659,1,16,4444678.825084195,7.994520547945205,5.0
C-002566464,S-0074,-48.039538984381174,0,1,女性,40,1,12,0.25,40666,2,14,4614054.39694187,8.308219178082192,6.0
C-001978802,S-0039,-97.23985754103438,1,1,女性,44,4,12,0.0833333333333333,0,0,16,4591288.568998441,8.193150684931506,5.0
C-000987537,S-0106,-64.81721672742026,1,1,女性,58,8,12,0.0,30024,1,20,4462729.145118021,6.171232876712329,3.5
C-002594709,S-0117,-32.05906427709805,0,1,男性,59,1,12,0.0833333333333333,16790,1,20,4500859.737076383,9.593150684931507,7.0
C-000143665,S-0080,-100.0,1,1,女性,47,12,12,0.5833333333333334,0,0,17,4457429.264950683,11.673972602739726,9.0
C-001113307,S-0117,-100.0,1,1,男性,62,8,12,0.1666666666666666,3074,1,20,4500859.737076383,9.593150684931507,7.0
C-002168434,S-0117,-65.50796326800732,1,1,女性,59,3,12,0.0833333333333333,32217,1,20,4500859.737076383,9.593150684931507,7.0
C-000777837,S-0113,-33.564047601448735,0,1,女性,47,9,12,0.1666666666666666,11275,1,16,4336633.961311346,5.77945205479452,2.5
C-000587997,S-0014,-49.715395588515456,1,1,女性,58,10,12,0.25,50239,2,21,4730192.353344672,7.336986301369863,4.0
C-001295964,S-0054,-100.0,1,1,女性,45,7,12,0.3333333333333333,19630,1,23,4489160.181517739,6.358904109589041,4.0
C-001098088,S-0106,-45.66971660948024,0,1,女性,20,8,12,0.3333333333333333,12550,1,20,4462729.145118021,6.171232876712329,3.5
C-001829459,S-0002,-100.0,1,1,女性,41,4,12,0.3333333333333333,0,0,15,4455566.655169959,5.663013698630137,2.0
C-001134642,S-0097,-72.80769421306289,1,1,女性,45,7,12,0.25,28852,1,21,4592508.716501317,10.09041095890411,7.0
C-000850182,S-0097,-100.0,1,1,男性,51,9,12,0.3333333333333333,2880,1,21,4592508.716501317,10.09041095890411,7.0
C-001370373,S-0080,-100.0,1,1,女性,51,6,12,0.0833333333333333,16486,2,17,4457429.264950683,11.673972602739726,9.0
C-000007141,S-0100,-20.38178583993026,0,1,女性,72,12,12,0.1666666666666666,0,0,17,4535925.154217558,4.720547945205479,2.0
C-002642323,S-0079,-26.63320723015563,0,1,男性,43,1,12,0.0,19227,1,13,4256656.371085242,8.479452054794521,6.0
C-001851924,S-0017,-15.542388697685153,0,1,女性,86,4,12,0.25,14290,2,20,4640207.03550726,5.608219178082192,2.5
C-001132479,S-0079,-18.563158227173087,0,1,男性,88,7,12,0.0833333333333333,0,0,13,4256656.371085242,8.479452054794521,6.0
C-000664633,S-0121,-100.0,1,1,男性,58,10,12,0.5833333333333334,0,0,14,4716268.25678644,9.856164383561644,7.0
C-001194419,S-0111,-100.0,1,1,女性,50,7,12,0.25,0,0,19,4489501.980758176,6.397260273972603,4.0
C-001103052,S-0040,-19.379071979106044,0,1,男性,53,8,12,0.0833333333333333,4535,1,20,4550116.0180538,8.163013698630138,4.0
C-001350204,S-0099,-56.49399165680842,1,1,女性,56,7,12,0.25,0,0,13,4464126.154078853,8.147945205479452,5.0
C-002265910,S-0018,-71.69541808592463,1,1,女性,36,2,12,0.3333333333333333,42191,1,16,4493108.581950108,7.550684931506849,5.0
C-000019526,S-0079,-100.0,1,1,女性,70,12,12,0.3333333333333333,0,0,13,4256656.371085242,8.479452054794521,6.0
C-002091612,S-0014,-75.60641851462584,1,1,女性,59,3,12,0.1666666666666666,67856,1,21,4730192.353344672,7.336986301369863,4.0
C-000860140,S-0113,-69.78212994639816,1,1,男性,42,9,12,0.1666666666666666,3178,2,16,4336633.961311346,5.77945205479452,2.5
C-002648915,S-0126,-100.0,1,1,女性,38,1,12,0.0,7336,1,17,4493168.352495564,5.53972602739726,3.0
C-000979787,S-0074,-32.59450496400311,0,1,男性,65,8,12,0.25,1954,1,14,4614054.39694187,8.308219178082192,6.0
C-002047051,S-0039,-27.768407466181145,0,1,女性,43,3,12,0.3333333333333333,138060,1,16,4591288.568998441,8.193150684931506,5.0
C-000892223,S-0056,-49.87471467953456,1,1,女性,51,9,12,0.0,14027,1,15,4406070.585753419,7.528767123287671,4.0
C-001260669,S-0004,-30.061411248793764,0,1,女性,42,7,12,0.25,8835,2,22,4423576.351309,11.806849315068494,9.0
C-000086935,S-0048,-47.7118566596581,0,1,男性,69,12,12,0.0833333333333333,6017,1,15,4502249.082895545,3.671232876712329,1.0
C-001568343,S-0020,-11.559245400685999,0,1,女性,41,6,12,0.4166666666666667,0,0,16,4280702.057267675,6.986301369863014,3.5
C-002608530,S-0121,-31.17480528349164,0,1,女性,45,1,12,0.4166666666666667,0,0,14,4716268.25678644,9.856164383561644,7.0
C-002256522,S-0041,-79.30824943750102,1,1,女性,55,2,12,0.0,15654,1,17,4828489.286769263,10.389041095890411,7.0
C-000013974,S-0099,-34.18122968898866,0,1,女性,35,12,12,0.3333333333333333,19827,1,13,4464126.154078853,8.147945205479452,5.0
C-000440129,S-0008,-23.587715393908564,0,1,女性,79,11,12,0.5,0,0,22,4498453.308937302,10.772602739726027,7.0
C-000203815,S-0041,-100.0,1,1,女性,36,12,12,0.5833333333333334,0,0,17,4828489.286769263,10.389041095890411,7.0
C-001719524,S-0102,-51.16741776265366,1,1,女性,50,5,12,0.4166666666666667,107812,1,16,4383474.364435211,10.484931506849314,7.5
C-001543190,S-0102,-63.47175305541539,1,1,男性,41,6,12,0.25,13544,1,16,4383474.364435211,10.484931506849314,7.5
C-000320680,S-0008,-25.64634823414586,0,1,女性,42,11,12,0.0833333333333333,76905,2,22,4498453.308937302,10.772602739726027,7.0
C-000325410,S-0097,-49.612430290063486,1,1,女性,52,11,12,0.0833333333333333,0,0,21,4592508.716501317,10.09041095890411,7.0
C-002491800,S-0018,-100.0,1,1,女性,40,1,12,0.4166666666666667,0,0,16,4493108.581950108,7.550684931506849,5.0
C-000729455,S-0111,-37.62874135680093,0,1,女性,48,9,12,0.5,5136,2,19,4489501.980758176,6.397260273972603,4.0
C-000471905,S-0096,-78.67018229256541,1,1,女性,37,10,12,0.3333333333333333,75922,2,16,4644856.458098179,8.302739726027397,5.0
C-002329647,S-0113,-83.86779911373708,1,1,女性,60,2,12,0.25,7946,2,16,4336633.961311346,5.77945205479452,2.5
C-001221569,S-0008,-26.50162563070626,0,1,女性,24,7,12,0.5,25014,1,22,4498453.308937302,10.772602739726027,7.0
C-001090748,S-0002,-20.675120325805256,0,1,女性,36,8,12,0.25,9901,1,15,4455566.655169959,5.663013698630137,2.0
C-002251332,S-0082,-100.0,1,1,女性,58,2,12,0.6666666666666666,81269,1,17,4607261.71451126,4.758904109589041,2.0
C-001714707,S-0115,-61.996208730451265,1,1,男性,47,5,12,0.25,0,0,14,4553643.099564746,10.51095890410959,7.0
C-002442114,S-0008,-75.92067988668555,1,1,女性,54,2,12,0.4166666666666667,0,0,22,4498453.308937302,10.772602739726027,7.0
C-001710695,S-0079,-100.0,1,1,女性,49,5,12,0.3333333333333333,1307,1,13,4256656.371085242,8.479452054794521,6.0
C-002403278,S-0085,-10.906889675660278,0,1,男性,54,2,12,0.3333333333333333,0,0,15,4606655.398026554,4.928767123287671,2.0
C-001468788,S-0012,-100.0,1,1,女性,46,6,12,0.5,921,1,16,4444678.825084195,7.994520547945205,5.0
C-001424664,S-0096,-55.2660680586107,1,1,男性,67,6,12,0.3333333333333333,27931,1,16,4644856.458098179,8.302739726027397,5.0
C-000044013,S-0048,-94.66348669645373,1,1,女性,80,12,12,0.0833333333333333,11535,1,15,4502249.082895545,3.671232876712329,1.0
C-000987721,S-0099,-9.887408543466925,0,1,男性,60,8,12,0.5,0,0,13,4464126.154078853,8.147945205479452,5.0
C-000613186,S-0100,-25.533502752130683,0,1,女性,47,10,12,0.25,820,2,17,4535925.154217558,4.720547945205479,2.0
C-001469683,S-0014,-20.072551166886182,0,1,女性,52,6,12,0.25,0,0,21,4730192.353344672,7.336986301369863,4.0
C-001625957,S-0036,-25.3353980260194,0,1,女性,46,5,12,0.25,0,0,19,4397834.424680548,11.123287671232877,9.0
C-000982165,S-0100,-81.1486074405367,1,1,女性,45,8,12,0.3333333333333333,0,0,17,4535925.154217558,4.720547945205479,2.0
C-001262796,S-0050,-80.04235160564978,1,1,女性,44,7,12,0.3333333333333333,0,0,20,4615411.181286601,9.2013698630137,6.0
C-001555444,S-0115,-43.911423370121746,0,1,男性,80,6,12,0.4166666666666667,0,0,14,4553643.099564746,10.51095890410959,7.0
C-001792779,S-0079,-99.680536076048,1,1,男性,55,5,12,0.5833333333333334,0,0,13,4256656.371085242,8.479452054794521,6.0
C-001804583,S-0040,-100.0,1,1,男性,59,4,12,0.25,0,0,20,4550116.0180538,8.163013698630138,4.0
C-002376629,S-0100,-41.26044020627943,0,1,男性,34,2,12,0.4166666666666667,34908,1,17,4535925.154217558,4.720547945205479,2.0
C-000010404,S-0082,-92.53807476499307,1,1,女性,64,12,12,0.8333333333333334,0,0,17,4607261.71451126,4.758904109589041,2.0
C-000652499,S-0080,-100.0,1,1,男性,45,10,12,0.1666666666666666,0,0,17,4457429.264950683,11.673972602739726,9.0
C-001463968,S-0048,-43.27786460727529,0,1,女性,55,6,12,0.1666666666666666,3647,1,15,4502249.082895545,3.671232876712329,1.0
C-000683729,S-0008,-25.568358417472275,0,1,男性,33,9,12,0.25,0,0,22,4498453.308937302,10.772602739726027,7.0
C-002211609,S-0050,-22.41640385922091,0,1,女性,51,3,12,0.25,26474,1,20,4615411.181286601,9.2013698630137,6.0
C-001688947,S-0050,-26.642748867718495,0,1,女性,50,5,12,0.25,54001,1,20,4615411.181286601,9.2013698630137,6.0
C-001361333,S-0018,-100.0,1,1,男性,19,6,12,0.1666666666666666,10940,2,16,4493108.581950108,7.550684931506849,5.0
C-002521774,S-0113,-78.6665900999196,1,1,女性,59,1,12,0.0833333333333333,3881,1,16,4336633.961311346,5.77945205479452,2.5
C-000000636,S-0056,-100.0,1,1,女性,53,13,12,0.5,0,0,15,4406070.585753419,7.528767123287671,4.0
C-000189856,S-0056,-75.91461737360402,1,1,女性,57,12,12,0.4166666666666667,4213,2,15,4406070.585753419,7.528767123287671,4.0
C-000517453,S-0019,-10.600351549400015,0,1,女性,58,10,12,0.3333333333333333,32321,1,19,4327199.920883598,4.090410958904109,1.0
C-001906404,S-0121,-71.33817882802211,1,1,女性,22,4,12,0.25,23960,1,14,4716268.25678644,9.856164383561644,7.0
C-002213524,S-0096,-30.458322869603883,0,1,男性,46,3,12,0.25,0,0,16,4644856.458098179,8.302739726027397,5.0
C-000960750,S-0096,-100.0,1,1,女性,53,8,12,0.0833333333333333,10337,1,16,4644856.458098179,8.302739726027397,5.0
C-001975466,S-0039,-26.93257682260909,0,1,男性,42,4,12,0.25,4079,1,16,4591288.568998441,8.193150684931506,5.0
C-000698124,S-0039,-28.23431067825902,0,1,女性,31,9,12,0.6666666666666666,0,0,16,4591288.568998441,8.193150684931506,5.0
C-000986525,S-0018,-72.55542964871992,1,1,女性,60,8,12,0.4166666666666667,16251,1,16,4493108.581950108,7.550684931506849,5.0
C-000834635,S-0082,-11.500560118797289,0,1,男性,17,9,12,0.0833333333333333,6181,2,17,4607261.71451126,4.758904109589041,2.0
C-000962843,S-0007,-26.587429875439767,0,1,男性,50,8,12,0.3333333333333333,0,0,21,4487075.727367008,3.7260273972602738,1.0
C-000254766,S-0050,-44.23216885007278,0,1,女性,66,11,12,0.1666666666666666,46362,1,20,4615411.181286601,9.2013698630137,6.0
C-001319644,S-0008,-53.1480333783395,1,1,男性,37,7,12,1.0,0,0,22,4498453.308937302,10.772602739726027,7.0
C-000361488,S-0115,-6.566846485735045,0,1,女性,80,11,12,0.6666666666666666,0,0,14,4553643.099564746,10.51095890410959,7.0
C-001240266,S-0018,-26.70268311564245,0,1,男性,53,7,12,0.3333333333333333,5024,1,16,4493108.581950108,7.550684931506849,5.0
C-001206821,S-0102,-33.3772669193519,0,1,男性,33,7,12,0.3333333333333333,54695,2,16,4383474.364435211,10.484931506849314,7.5
C-001607943,S-0131,-44.14965722917232,0,1,女性,41,5,12,0.1666666666666666,22523,2,17,4569023.5643747775,5.13972602739726,2.0
C-001382399,S-0072,-97.01422044252786,1,1,女性,41,6,12,0.1666666666666666,0,0,12,4406797.312641796,9.01917808219178,6.0
C-000032433,S-0074,-41.51991955057199,0,1,女性,56,12,12,0.1666666666666666,0,0,14,4614054.39694187,8.308219178082192,6.0
C-002115346,S-0089,-46.51264321702911,0,1,男性,36,3,12,0.0833333333333333,14911,2,19,4721110.949352573,10.142465753424657,7.0
C-002287426,S-0079,-41.852613486387774,0,1,男性,31,2,12,0.1666666666666666,36935,1,13,4256656.371085242,8.479452054794521,6.0
C-001989544,S-0041,-22.385638323631678,0,1,女性,37,4,12,0.5,0,0,17,4828489.286769263,10.389041095890411,7.0
C-001993406,S-0040,-69.55413306730955,1,1,女性,41,4,12,0.5,0,0,20,4550116.0180538,8.163013698630138,4.0
C-001695821,S-0002,-100.0,1,1,女性,68,5,12,0.5,19251,1,15,4455566.655169959,5.663013698630137,2.0
C-001729899,S-0007,-36.30859556537814,0,1,女性,60,5,12,0.3333333333333333,4884,1,21,4487075.727367008,3.7260273972602738,1.0
C-000973889,S-0082,-65.17453065446686,1,1,女性,80,8,12,0.0833333333333333,0,0,17,4607261.71451126,4.758904109589041,2.0
C-000926534,S-0020,-56.122836475771734,1,1,男性,33,8,12,0.1666666666666666,11248,1,16,4280702.057267675,6.986301369863014,3.5
C-000662897,S-0113,-30.864364599699528,0,1,女性,64,10,12,0.3333333333333333,47037,1,16,4336633.961311346,5.77945205479452,2.5
C-001775485,S-0075,-23.64202019812852,0,1,女性,48,5,12,0.4166666666666667,736,1,19,4506647.2743158825,4.526027397260274,1.0
C-001624727,S-0048,-25.68624706893745,0,1,男性,49,5,12,0.5,0,0,15,4502249.082895545,3.671232876712329,1.0
C-000397771,S-0004,-44.981350553916386,0,1,女性,23,11,12,0.5,5530,1,22,4423576.351309,11.806849315068494,9.0
C-001264474,S-0079,-100.0,1,1,男性,42,7,12,0.0833333333333333,17430,1,13,4256656.371085242,8.479452054794521,6.0
C-000824490,S-0036,-38.84486490946164,0,1,女性,48,9,12,0.0833333333333333,72716,1,19,4397834.424680548,11.123287671232877,9.0
C-001994561,S-0080,-100.0,1,1,女性,73,4,12,0.0833333333333333,0,0,17,4457429.264950683,11.673972602739726,9.0
C-000912311,S-0097,-100.0,1,1,女性,49,8,12,0.0833333333333333,12321,1,21,4592508.716501317,10.09041095890411,7.0
C-001068449,S-0040,-29.91212863889055,0,1,女性,53,8,12,0.0833333333333333,0,0,20,4550116.0180538,8.163013698630138,4.0
C-002363441,S-0056,-21.769617302585072,0,1,女性,44,2,12,0.0833333333333333,118648,1,15,4406070.585753419,7.528767123287671,4.0
C-002476007,S-0002,-100.0,1,1,男性,78,1,12,0.75,0,0,15,4455566.655169959,5.663013698630137,2.0
C-002407863,S-0072,-100.0,1,1,男性,49,2,12,0.0,0,0,12,4406797.312641796,9.01917808219178,6.0
C-001246031,S-0030,-39.88914233576642,0,1,男性,38,7,12,0.5,11881,1,22,4426478.045479023,9.236986301369862,5.5
C-001349199,S-0036,-100.0,1,1,男性,32,7,12,0.6666666666666666,2124,1,19,4397834.424680548,11.123287671232877,9.0
C-002216240,S-0018,-100.0,1,1,女性,48,3,12,0.4166666666666667,1780,1,16,4493108.581950108,7.550684931506849,5.0
C-001099915,S-0079,-100.0,1,1,女性,41,8,12,0.25,8396,2,13,4256656.371085242,8.479452054794521,6.0
C-001919690,S-0007,-44.24750977538031,0,1,男性,60,4,12,0.3333333333333333,7150,1,21,4487075.727367008,3.7260273972602738,1.0
C-001026708,S-0012,-100.0,1,1,男性,53,8,12,0.25,0,0,16,4444678.825084195,7.994520547945205,5.0
C-001446090,S-0004,-29.971157364558,0,1,女性,54,6,12,0.1666666666666666,5344,1,22,4423576.351309,11.806849315068494,9.0
C-001277469,S-0121,-43.30427566038419,0,1,男性,56,7,12,0.3333333333333333,5115,2,14,4716268.25678644,9.856164383561644,7.0
C-002640359,S-0014,-33.29791857825856,0,1,男性,53,1,12,0.4166666666666667,3193,1,21,4730192.353344672,7.336986301369863,4.0
C-000037318,S-0079,-56.30563253879109,1,1,男性,51,12,12,0.25,3610,1,13,4256656.371085242,8.479452054794521,6.0
C-001897179,S-0050,-17.343017468147465,0,1,女性,44,4,12,0.3333333333333333,9142,2,20,4615411.181286601,9.2013698630137,6.0
C-000293276,S-0014,-73.17525516554643,1,1,女性,43,11,12,0.1666666666666666,64180,1,21,4730192.353344672,7.336986301369863,4.0
C-002187586,S-0080,-35.52189463334551,0,1,男性,43,3,12,0.25,16790,2,17,4457429.264950683,11.673972602739726,9.0
C-001679350,S-0097,-46.333398327425996,0,1,女性,32,5,12,0.3333333333333333,0,0,21,4592508.716501317,10.09041095890411,7.0
C-001158081,S-0072,-100.0,1,1,女性,44,7,12,0.5833333333333334,9186,1,12,4406797.312641796,9.01917808219178,6.0
C-001073597,S-0063,-14.179973215205521,0,1,女性,55,8,12,0.5,0,0,18,4564012.176421695,5.749315068493151,3.0
C-001246770,S-0018,-100.0,1,1,男性,31,7,12,0.25,0,0,16,4493108.581950108,7.550684931506849,5.0
C-001294647,S-0117,-100.0,1,1,男性,51,7,12,0.1666666666666666,0,0,20,4500859.737076383,9.593150684931507,7.0
C-001985121,S-0004,-24.417024168542667,0,1,女性,58,4,12,0.5,0,0,22,4423576.351309,11.806849315068494,9.0
C-000291746,S-0115,-100.0,1,1,男性,41,11,12,0.0833333333333333,1912,1,14,4553643.099564746,10.51095890410959,7.0
C-000124974,S-0074,-36.34032670610573,0,1,女性,48,12,12,0.3333333333333333,31275,2,14,4614054.39694187,8.308219178082192,6.0
C-000137920,S-0099,-100.0,1,1,女性,50,12,12,0.6666666666666666,3217,1,13,4464126.154078853,8.147945205479452,5.0
C-001476790,S-0099,-54.7307716351664,1,1,男性,31,6,12,0.6666666666666666,39582,1,13,4464126.154078853,8.147945205479452,5.0
C-001311806,S-0096,-53.84834594782575,1,1,男性,65,7,12,0.4166666666666667,1815,1,16,4644856.458098179,8.302739726027397,5.0
C-001938466,S-0080,-100.0,1,1,女性,44,4,12,1.0,0,0,17,4457429.264950683,11.673972602739726,9.0
C-001608160,S-0131,-21.72741654093754,0,1,男性,45,5,12,0.25,0,0,17,4569023.5643747775,5.13972602739726,2.0
C-002590038,S-0039,-6.808837016333304,0,1,男性,43,1,12,0.25,11798,2,16,4591288.568998441,8.193150684931506,5.0
C-000654704,S-0036,-32.34766919072409,0,1,女性,44,10,12,0.1666666666666666,9874,2,19,4397834.424680548,11.123287671232877,9.0
C-001647729,S-0048,-96.44499966105963,1,1,女性,55,5,12,0.25,30904,1,15,4502249.082895545,3.671232876712329,1.0
C-000749406,S-0036,-68.79653330907863,1,1,女性,40,9,12,0.0,5989,2,19,4397834.424680548,11.123287671232877,9.0
C-001924979,S-0113,-33.8332021654623,0,1,男性,36,4,12,0.1666666666666666,113413,1,16,4336633.961311346,5.77945205479452,2.5
C-001650064,S-0121,-30.513268405894223,0,1,女性,41,5,12,0.4166666666666667,22439,2,14,4716268.25678644,9.856164383561644,7.0
C-000503789,S-0079,-100.0,1,1,男性,44,10,12,0.0833333333333333,0,0,13,4256656.371085242,8.479452054794521,6.0
C-001664756,S-0131,-100.0,1,1,女性,31,5,12,0.6666666666666666,0,0,17,4569023.5643747775,5.13972602739726,2.0
C-001911771,S-0111,-32.16251324650463,0,1,男性,56,4,12,0.1666666666666666,0,0,19,4489501.980758176,6.397260273972603,4.0
C-001587481,S-0106,-48.361128174792775,0,1,男性,20,5,12,0.0833333333333333,0,0,20,4462729.145118021,6.171232876712329,3.5
C-001042752,S-0018,-100.0,1,1,女性,54,8,12,0.0833333333333333,43186,2,16,4493108.581950108,7.550684931506849,5.0
C-001103744,S-0012,-29.99704627943092,0,1,男性,76,8,12,0.1666666666666666,29085,2,16,4444678.825084195,7.994520547945205,5.0
C-001718108,S-0102,-31.202083475182135,0,1,女性,51,5,12,0.3333333333333333,22229,2,16,4383474.364435211,10.484931506849314,7.5
C-000280109,S-0036,-100.0,1,1,男性,81,11,12,0.0833333333333333,0,0,19,4397834.424680548,11.123287671232877,9.0
C-002450238,S-0056,-100.0,1,1,男性,43,2,12,0.6666666666666666,7233,1,15,4406070.585753419,7.528767123287671,4.0
C-000850934,S-0102,-47.38322544590881,0,1,女性,48,9,12,0.1666666666666666,10178,2,16,4383474.364435211,10.484931506849314,7.5
C-002349238,S-0012,-67.53391520193982,1,1,男性,43,2,12,0.3333333333333333,15549,1,16,4444678.825084195,7.994520547945205,5.0
C-000914475,S-0080,-100.0,1,1,男性,47,8,12,0.0833333333333333,95642,2,17,4457429.264950683,11.673972602739726,9.0
C-002623666,S-0097,-86.65347442800605,1,1,男性,31,1,12,0.4166666666666667,0,0,21,4592508.716501317,10.09041095890411,7.0
C-000189702,S-0126,-26.18531116737165,0,1,女性,44,12,12,0.3333333333333333,0,0,17,4493168.352495564,5.53972602739726,3.0
C-001939716,S-0054,-35.91806237214193,0,1,女性,35,4,12,0.5,0,0,23,4489160.181517739,6.358904109589041,4.0
C-002388492,S-0100,-23.285670957635414,0,1,男性,51,2,12,0.25,12071,1,17,4535925.154217558,4.720547945205479,2.0
C-000446871,S-0079,-43.74271308087155,0,1,女性,46,11,12,0.3333333333333333,10626,1,13,4256656.371085242,8.479452054794521,6.0
C-001799609,S-0039,-34.03306459842841,0,1,女性,48,4,12,0.4166666666666667,3540,2,16,4591288.568998441,8.193150684931506,5.0
C-001359321,S-0050,-52.378141384436226,1,1,女性,22,6,12,0.4166666666666667,3041,1,20,4615411.181286601,9.2013698630137,6.0
C-000677114,S-0050,-47.122459749285596,0,1,女性,42,9,12,0.1666666666666666,5385,1,20,4615411.181286601,9.2013698630137,6.0
C-000169896,S-0020,-82.73873455446216,1,1,女性,48,12,12,0.25,39333,1,16,4280702.057267675,6.986301369863014,3.5
C-002688302,S-0117,-41.37724406408854,0,1,男性,30,1,12,0.1666666666666666,8882,1,20,4500859.737076383,9.593150684931507,7.0
C-001026423,S-0115,-42.21522925455427,0,1,男性,64,8,12,0.1666666666666666,38206,2,14,4553643.099564746,10.51095890410959,7.0
C-000148968,S-0012,-55.609967235556724,1,1,女性,41,12,12,0.3333333333333333,100801,1,16,4444678.825084195,7.994520547945205,5.0
C-000164247,S-0017,-32.62919905754878,0,1,男性,54,12,12,0.1666666666666666,0,0,20,4640207.03550726,5.608219178082192,2.5
C-000780844,S-0115,-93.43754748518462,1,1,女性,56,9,12,0.1666666666666666,24944,1,14,4553643.099564746,10.51095890410959,7.0
C-002663339,S-0106,-37.05753204436222,0,1,女性,49,1,12,0.0833333333333333,0,0,20,4462729.145118021,6.171232876712329,3.5
C-001472705,S-0020,-100.0,1,1,女性,51,6,12,0.4166666666666667,1557,1,16,4280702.057267675,6.986301369863014,3.5
C-000640152,S-0039,-100.0,1,1,男性,64,10,12,0.6666666666666666,0,0,16,4591288.568998441,8.193150684931506,5.0
C-000310882,S-0072,-100.0,1,1,女性,60,11,12,0.6666666666666666,61141,1,12,4406797.312641796,9.01917808219178,6.0
C-001199986,S-0080,-100.0,1,1,女性,18,7,12,0.1666666666666666,0,0,17,4457429.264950683,11.673972602739726,9.0
C-000405923,S-0115,-75.61872635487309,1,1,女性,43,11,12,0.3333333333333333,28390,1,14,4553643.099564746,10.51095890410959,7.0
C-000145525,S-0115,-63.2138434302717,1,1,女性,19,12,12,0.25,0,0,14,4553643.099564746,10.51095890410959,7.0
C-000980598,S-0074,-90.4590452753153,1,1,女性,54,8,12,0.1666666666666666,8868,2,14,4614054.39694187,8.308219178082192,6.0
C-000860515,S-0121,-44.56361345148351,0,1,女性,91,9,12,0.1666666666666666,6335,1,14,4716268.25678644,9.856164383561644,7.0
C-002416247,S-0036,-34.36837291431638,0,1,男性,46,2,12,0.3333333333333333,0,0,19,4397834.424680548,11.123287671232877,9.0
C-000288999,S-0079,-100.0,1,1,女性,73,11,12,0.25,3134,1,13,4256656.371085242,8.479452054794521,6.0
C-000289027,S-0082,-100.0,1,1,男性,54,11,12,0.9166666666666666,0,0,17,4607261.71451126,4.758904109589041,2.0
C-000697416,S-0102,-99.86905319388799,1,1,男性,31,9,12,0.4166666666666667,0,0,16,4383474.364435211,10.484931506849314,7.5
C-000147523,S-0102,-80.67132904825431,1,1,女性,69,12,12,0.0833333333333333,9404,2,16,4383474.364435211,10.484931506849314,7.5
C-001677154,S-0131,-36.66813915819984,0,1,男性,65,5,12,0.4166666666666667,2294,1,17,4569023.5643747775,5.13972602739726,2.0
C-000878457,S-0115,-100.0,1,1,女性,20,9,12,0.0833333333333333,3524,1,14,4553643.099564746,10.51095890410959,7.0
C-000293379,S-0106,-23.186951066499372,0,1,女性,54,11,12,0.25,0,0,20,4462729.145118021,6.171232876712329,3.5
C-000207540,S-0040,-51.95357042415565,1,1,女性,62,12,12,0.5833333333333334,4784,1,20,4550116.0180538,8.163013698630138,4.0
C-001580915,S-0014,-44.41732866567928,0,1,男性,44,5,12,0.1666666666666666,0,0,21,4730192.353344672,7.336986301369863,4.0
C-000869323,S-0117,-100.0,1,1,男性,51,9,12,0.3333333333333333,0,0,20,4500859.737076383,9.593150684931507,7.0
C-002621435,S-0079,-100.0,1,1,男性,50,1,12,0.1666666666666666,0,0,13,4256656.371085242,8.479452054794521,6.0
C-001241469,S-0002,-33.8296454347725,0,1,女性,58,7,12,0.1666666666666666,0,0,15,4455566.655169959,5.663013698630137,2.0
C-002273417,S-0100,-38.059568578160224,0,1,男性,34,2,12,0.8333333333333334,0,0,17,4535925.154217558,4.720547945205479,2.0
C-000988987,S-0072,-36.307418545997336,0,1,女性,60,8,12,0.1666666666666666,0,0,12,4406797.312641796,9.01917808219178,6.0
C-002222205,S-0036,-51.38033078396419,1,1,男性,73,3,12,0.25,2098,1,19,4397834.424680548,11.123287671232877,9.0
C-000482068,S-0048,-33.320455651665256,0,1,女性,45,10,12,0.4166666666666667,8810,1,15,4502249.082895545,3.671232876712329,1.0
C-002466931,S-0113,-45.11381584033753,0,1,男性,27,2,12,0.1666666666666666,2382,2,16,4336633.961311346,5.77945205479452,2.5
C-000882574,S-0099,-67.2075956771021,1,1,女性,80,9,12,0.1666666666666666,1242,2,13,4464126.154078853,8.147945205479452,5.0
C-000652680,S-0097,-59.31665465367713,1,1,女性,35,10,12,0.0833333333333333,0,0,21,4592508.716501317,10.09041095890411,7.0
C-001480537,S-0097,-36.235086168802475,0,1,女性,16,6,12,0.0833333333333333,0,0,21,4592508.716501317,10.09041095890411,7.0
C-001860041,S-0121,-30.64471446146697,0,1,女性,39,4,12,0.3333333333333333,0,0,14,4716268.25678644,9.856164383561644,7.0
C-000164163,S-0089,-57.357940747935885,1,1,女性,46,12,12,0.0833333333333333,30730,1,19,4721110.949352573,10.142465753424657,7.0
C-000190210,S-0041,-48.57377395220114,0,1,男性,55,12,12,0.5,26121,1,17,4828489.286769263,10.389041095890411,7.0
C-002049524,S-0089,-43.34867562717844,0,1,男性,46,3,12,0.25,187477,2,19,4721110.949352573,10.142465753424657,7.0
C-000617922,S-0014,-74.68338815789474,1,1,男性,55,10,12,0.25,2436,2,21,4730192.353344672,7.336986301369863,4.0
C-002503383,S-0014,-75.62417073335283,1,1,女性,78,1,12,0.3333333333333333,7749,1,21,4730192.353344672,7.336986301369863,4.0
C-000121954,S-0030,-28.819695872556117,0,1,男性,43,12,12,0.5,8155,1,22,4426478.045479023,9.236986301369862,5.5
C-001957447,S-0036,-100.0,1,1,女性,49,4,12,0.1666666666666666,39284,2,19,4397834.424680548,11.123287671232877,9.0
C-000954493,S-0115,-100.0,1,1,女性,64,8,12,0.25,0,0,14,4553643.099564746,10.51095890410959,7.0
C-000985460,S-0050,-23.59866549438578,0,1,男性,50,8,12,0.9166666666666666,30176,2,20,4615411.181286601,9.2013698630137,6.0
C-001122330,S-0102,-100.0,1,1,男性,47,8,12,0.0833333333333333,36254,1,16,4383474.364435211,10.484931506849314,7.5
C-000365028,S-0040,-40.78751514832183,0,1,女性,56,11,12,0.1666666666666666,69665,1,20,4550116.0180538,8.163013698630138,4.0
C-002677740,S-0004,-55.177901172464495,1,1,男性,56,1,12,0.5,1851,1,22,4423576.351309,11.806849315068494,9.0
C-001795910,S-0072,-100.0,1,1,女性,52,5,12,0.1666666666666666,54779,2,12,4406797.312641796,9.01917808219178,6.0
C-001532085,S-0041,-66.78803684201803,1,1,男性,52,6,12,0.25,23898,2,17,4828489.286769263,10.389041095890411,7.0
C-001187286,S-0036,-37.90965199900807,0,1,男性,43,7,12,0.4166666666666667,3705,1,19,4397834.424680548,11.123287671232877,9.0
C-000509213,S-0074,-33.984052790761616,0,1,女性,52,10,12,0.0,12534,1,14,4614054.39694187,8.308219178082192,6.0
C-000841498,S-0113,-100.0,1,1,女性,41,9,12,0.0833333333333333,43441,1,16,4336633.961311346,5.77945205479452,2.5
C-002425667,S-0096,-100.0,1,1,女性,49,2,12,0.0833333333333333,4775,1,16,4644856.458098179,8.302739726027397,5.0
C-001738536,S-0075,-78.07477530181353,1,1,女性,59,5,12,0.8333333333333334,0,0,19,4506647.2743158825,4.526027397260274,1.0
C-001665624,S-0048,-87.8426012517085,1,1,女性,41,5,12,0.3333333333333333,14596,1,15,4502249.082895545,3.671232876712329,1.0
C-000419886,S-0097,-14.588782098988567,0,1,女性,39,11,12,0.1666666666666666,1393,2,21,4592508.716501317,10.09041095890411,7.0
C-000502930,S-0036,-22.376042758560448,0,1,女性,67,10,12,0.0,13485,2,19,4397834.424680548,11.123287671232877,9.0
C-000427059,S-0115,-100.0,1,1,女性,40,11,12,0.25,0,0,14,4553643.099564746,10.51095890410959,7.0
C-001235376,S-0002,-55.31419661369325,1,1,女性,55,7,12,0.25,0,0,15,4455566.655169959,5.663013698630137,2.0
C-000103873,S-0007,-30.6421255896947,0,1,女性,37,12,12,0.25,15125,2,21,4487075.727367008,3.7260273972602738,1.0
C-000885076,S-0012,-100.0,1,1,女性,72,9,12,0.0833333333333333,0,0,16,4444678.825084195,7.994520547945205,5.0
C-002061775,S-0005,-16.31119184630954,0,1,女性,53,3,12,0.75,0,0,21,4733942.970761149,4.69041095890411,2.0
C-001319432,S-0020,-100.0,1,1,女性,52,7,12,0.1666666666666666,0,0,16,4280702.057267675,6.986301369863014,3.5
C-000057263,S-0115,-28.17527275665228,0,1,女性,45,12,12,0.1666666666666666,10748,1,14,4553643.099564746,10.51095890410959,7.0
C-000712685,S-0059,-16.667210813281528,0,1,男性,50,9,12,0.25,1656,2,14,4713188.969095345,6.8123287671232875,3.0
C-000653925,S-0080,-29.44797404419774,0,1,女性,59,10,12,0.25,0,0,17,4457429.264950683,11.673972602739726,9.0
C-001095109,S-0072,-34.23417845607735,0,1,男性,70,8,12,0.3333333333333333,0,0,12,4406797.312641796,9.01917808219178,6.0
C-000850593,S-0102,-53.21969935216051,1,1,女性,50,9,12,0.1666666666666666,10592,1,16,4383474.364435211,10.484931506849314,7.5
C-001454974,S-0100,-32.179367728238894,0,1,男性,61,6,12,0.25,7334,2,17,4535925.154217558,4.720547945205479,2.0
C-000595385,S-0036,-72.4831986272921,1,1,女性,46,10,12,0.0833333333333333,80117,1,19,4397834.424680548,11.123287671232877,9.0
C-001285663,S-0005,-100.0,1,1,女性,49,7,12,0.0833333333333333,0,0,21,4733942.970761149,4.69041095890411,2.0
C-001820269,S-0004,-58.741128822502134,1,1,男性,56,4,12,0.3333333333333333,32514,1,22,4423576.351309,11.806849315068494,9.0
C-002208303,S-0117,-100.0,1,1,女性,46,3,12,0.0833333333333333,0,0,20,4500859.737076383,9.593150684931507,7.0
C-001154663,S-0004,-29.99527319646895,0,1,女性,42,7,12,0.4166666666666667,6808,1,22,4423576.351309,11.806849315068494,9.0
C-002052496,S-0007,-43.80162997183009,0,1,女性,41,3,12,0.1666666666666666,0,0,21,4487075.727367008,3.7260273972602738,1.0
C-002008417,S-0056,-100.0,1,1,女性,40,4,12,0.4166666666666667,25434,2,15,4406070.585753419,7.528767123287671,4.0
C-001636955,S-0008,-59.40461596492055,1,1,男性,46,5,12,0.5,64879,2,22,4498453.308937302,10.772602739726027,7.0
C-001038715,S-0089,-100.0,1,1,女性,39,8,12,0.8333333333333334,0,0,19,4721110.949352573,10.142465753424657,7.0
C-001967159,S-0111,-32.339467797494066,0,1,女性,81,4,12,0.25,23187,1,19,4489501.980758176,6.397260273972603,4.0
C-002686997,S-0007,-40.11483777927022,0,1,女性,37,1,12,0.3333333333333333,26718,1,21,4487075.727367008,3.7260273972602738,1.0
C-002204761,S-0096,-53.22912316916556,1,1,男性,59,3,12,0.25,17218,2,16,4644856.458098179,8.302739726027397,5.0
C-000433942,S-0115,-39.411109398223964,0,1,男性,56,11,12,0.4166666666666667,17792,2,14,4553643.099564746,10.51095890410959,7.0
C-002466694,S-0121,-32.26246970861509,0,1,男性,77,2,12,0.4166666666666667,0,0,14,4716268.25678644,9.856164383561644,7.0
C-000195643,S-0041,-32.11658326348174,0,1,男性,47,12,12,0.25,1188,1,17,4828489.286769263,10.389041095890411,7.0
C-001836877,S-0113,-90.29835088749948,1,1,男性,63,4,12,0.0833333333333333,32319,1,16,4336633.961311346,5.77945205479452,2.5
C-001475973,S-0075,-10.575360480954393,0,1,女性,51,6,12,0.0833333333333333,0,0,19,4506647.2743158825,4.526027397260274,1.0
C-001991439,S-0056,-16.51483368294876,0,1,女性,43,4,12,0.25,28831,1,15,4406070.585753419,7.528767123287671,4.0
C-002049226,S-0056,-24.77574122086205,0,1,男性,49,3,12,0.1666666666666666,2001,1,15,4406070.585753419,7.528767123287671,4.0
C-002289762,S-0115,-85.74307645487438,1,1,男性,45,2,12,0.1666666666666666,20847,1,14,4553643.099564746,10.51095890410959,7.0
C-002466709,S-0100,-41.845592767618655,0,1,女性,32,2,12,0.0833333333333333,10726,1,17,4535925.154217558,4.720547945205479,2.0
C-001354335,S-0004,-49.7302363643284,1,1,男性,23,6,12,0.25,0,0,22,4423576.351309,11.806849315068494,9.0
C-001538953,S-0117,-100.0,1,1,女性,76,6,12,0.6666666666666666,3899,1,20,4500859.737076383,9.593150684931507,7.0
C-001569852,S-0056,-82.82852933467105,1,1,女性,61,6,12,0.25,65178,2,15,4406070.585753419,7.528767123287671,4.0
C-000869972,S-0111,-33.32936478408612,0,1,男性,45,9,12,0.3333333333333333,21198,1,19,4489501.980758176,6.397260273972603,4.0
C-002630697,S-0039,-50.480267558528425,1,1,男性,44,1,12,0.0,152487,1,16,4591288.568998441,8.193150684931506,5.0
C-000713155,S-0115,-100.0,1,1,女性,36,9,12,0.0833333333333333,0,0,14,4553643.099564746,10.51095890410959,7.0
C-001961090,S-0117,-28.429552997471426,0,1,女性,56,4,12,0.0,10346,1,20,4500859.737076383,9.593150684931507,7.0
C-001509611,S-0097,-100.0,1,1,女性,61,6,12,0.0833333333333333,7487,2,21,4592508.716501317,10.09041095890411,7.0
C-000742415,S-0012,-100.0,1,1,女性,61,9,12,0.3333333333333333,120836,2,16,4444678.825084195,7.994520547945205,5.0
C-000316310,S-0048,-84.40742899975014,1,1,女性,77,11,12,0.0,0,0,15,4502249.082895545,3.671232876712329,1.0
C-002078357,S-0131,-100.0,1,1,女性,45,3,12,0.0833333333333333,42386,2,17,4569023.5643747775,5.13972602739726,2.0
C-000683045,S-0089,-45.990953213661186,0,1,女性,47,9,12,0.3333333333333333,0,0,19,4721110.949352573,10.142465753424657,7.0
C-000038675,S-0056,-93.32854479845398,1,1,女性,58,12,12,0.25,20543,1,15,4406070.585753419,7.528767123287671,4.0
C-000287142,S-0007,-35.5156865744484,0,1,女性,53,11,12,0.3333333333333333,29014,2,21,4487075.727367008,3.7260273972602738,1.0
C-001914802,S-0030,-22.738292906462213,0,1,女性,49,4,12,0.1666666666666666,1757,2,22,4426478.045479023,9.236986301369862,5.5
C-000307688,S-0012,-67.24300363557305,1,1,女性,53,11,12,0.1666666666666666,10325,2,16,4444678.825084195,7.994520547945205,5.0
C-001946977,S-0014,-48.70670232500981,0,1,女性,42,4,12,0.0833333333333333,7476,1,21,4730192.353344672,7.336986301369863,4.0
C-000643017,S-0041,-100.0,1,1,男性,49,10,12,0.0833333333333333,0,0,17,4828489.286769263,10.389041095890411,7.0
C-001907634,S-0074,-100.0,1,1,女性,43,4,12,0.4166666666666667,7353,2,14,4614054.39694187,8.308219178082192,6.0
C-000463791,S-0113,-100.0,1,1,女性,37,10,12,0.0833333333333333,3785,1,16,4336633.961311346,5.77945205479452,2.5
C-000388611,S-0054,-44.40970189682191,0,1,女性,51,11,12,0.1666666666666666,25251,1,23,4489160.181517739,6.358904109589041,4.0
C-002672700,S-0117,-32.90602676923465,0,1,男性,33,1,12,0.1666666666666666,0,0,20,4500859.737076383,9.593150684931507,7.0
C-002133126,S-0131,-100.0,1,1,女性,31,3,12,0.1666666666666666,1264,1,17,4569023.5643747775,5.13972602739726,2.0
C-002001282,S-0050,-52.70640015849133,1,1,女性,59,4,12,0.0833333333333333,0,0,20,4615411.181286601,9.2013698630137,6.0
C-001969293,S-0050,-100.0,1,1,男性,48,4,12,0.0833333333333333,20987,1,20,4615411.181286601,9.2013698630137,6.0
C-000512514,S-0089,-53.98505431861391,1,1,男性,44,10,12,0.4166666666666667,33944,1,19,4721110.949352573,10.142465753424657,7.0
C-001275326,S-0072,-39.10275487073941,0,1,女性,40,7,12,0.1666666666666666,8762,1,12,4406797.312641796,9.01917808219178,6.0
C-001538441,S-0126,-27.318866948844157,0,1,女性,59,6,12,0.9166666666666666,47594,1,17,4493168.352495564,5.53972602739726,3.0
C-001372868,S-0054,-22.17030597491887,0,1,女性,45,6,12,0.0833333333333333,0,0,23,4489160.181517739,6.358904109589041,4.0
C-000451150,S-0115,-72.71345470337481,1,1,女性,52,11,12,0.0833333333333333,6551,1,14,4553643.099564746,10.51095890410959,7.0
C-001411536,S-0039,-100.0,1,1,女性,57,6,12,0.25,0,0,16,4591288.568998441,8.193150684931506,5.0
C-000570385,S-0008,-50.39265321064874,1,1,男性,39,10,12,0.25,37637,1,22,4498453.308937302,10.772602739726027,7.0
C-000361013,S-0036,-100.0,1,1,女性,58,11,12,0.25,50729,1,19,4397834.424680548,11.123287671232877,9.0
C-000361754,S-0074,-100.0,1,1,男性,46,11,12,0.5,40792,1,14,4614054.39694187,8.308219178082192,6.0
C-001346898,S-0018,-100.0,1,1,男性,35,7,12,0.5,18483,2,16,4493108.581950108,7.550684931506849,5.0
C-002123994,S-0004,-100.0,1,1,女性,60,3,12,0.25,11384,1,22,4423576.351309,11.806849315068494,9.0
C-002611625,S-0007,-26.63395288103573,0,1,女性,21,1,12,0.3333333333333333,0,0,21,4487075.727367008,3.7260273972602738,1.0
C-001016658,S-0072,-100.0,1,1,女性,39,8,12,0.3333333333333333,0,0,12,4406797.312641796,9.01917808219178,6.0
C-000887582,S-0030,-13.717928276789646,0,1,男性,57,9,12,0.1666666666666666,1972,1,22,4426478.045479023,9.236986301369862,5.5
C-002125842,S-0012,-100.0,1,1,女性,70,3,12,0.75,0,0,16,4444678.825084195,7.994520547945205,5.0
C-000289068,S-0056,-43.66951926172336,0,1,女性,33,11,12,0.3333333333333333,14906,2,15,4406070.585753419,7.528767123287671,4.0
C-001186826,S-0004,-22.536756293547853,0,1,男性,68,7,12,0.25,2548,1,22,4423576.351309,11.806849315068494,9.0
C-001592725,S-0117,-59.09557424652048,1,1,女性,58,5,12,0.1666666666666666,11510,1,20,4500859.737076383,9.593150684931507,7.0
C-001387719,S-0100,-15.950770211142522,0,1,男性,41,6,12,0.25,1006,2,17,4535925.154217558,4.720547945205479,2.0
C-001938396,S-0040,-27.29099615843571,0,1,男性,50,4,12,0.9166666666666666,0,0,20,4550116.0180538,8.163013698630138,4.0
C-002193777,S-0072,-100.0,1,1,女性,45,3,12,0.0833333333333333,0,0,12,4406797.312641796,9.01917808219178,6.0
C-000222451,S-0117,-27.657164556299023,0,1,男性,55,12,12,0.4166666666666667,6146,1,20,4500859.737076383,9.593150684931507,7.0
C-000777492,S-0056,-69.15979491673056,1,1,男性,35,9,12,0.1666666666666666,0,0,15,4406070.585753419,7.528767123287671,4.0
C-001456987,S-0018,-100.0,1,1,女性,48,6,12,0.25,20266,1,16,4493108.581950108,7.550684931506849,5.0
C-001259097,S-0121,-45.33763197052363,0,1,男性,54,7,12,0.25,0,0,14,4716268.25678644,9.856164383561644,7.0
C-001892848,S-0048,-97.35260022106597,1,1,男性,40,4,12,0.4166666666666667,0,0,15,4502249.082895545,3.671232876712329,1.0
C-002527592,S-0074,-52.61999221371498,1,1,男性,41,1,12,0.0833333333333333,18020,1,14,4614054.39694187,8.308219178082192,6.0
C-002283408,S-0117,-33.840509367663344,0,1,女性,33,2,12,0.3333333333333333,0,0,20,4500859.737076383,9.593150684931507,7.0
C-000206701,S-0036,-59.1404129048551,1,1,女性,51,12,12,0.4166666666666667,0,0,19,4397834.424680548,11.123287671232877,9.0
C-001240428,S-0111,-66.88267165001815,1,1,女性,41,7,12,0.0,17126,1,19,4489501.980758176,6.397260273972603,4.0
C-002202376,S-0072,-58.7151649192069,1,1,女性,50,3,12,0.0833333333333333,781,1,12,4406797.312641796,9.01917808219178,6.0
C-002625024,S-0100,-100.0,1,1,女性,35,1,12,0.8333333333333334,0,0,17,4535925.154217558,4.720547945205479,2.0
C-000008261,S-0113,-48.308342279322645,0,1,女性,59,12,12,0.5833333333333334,0,0,16,4336633.961311346,5.77945205479452,2.5
C-000736935,S-0012,-32.83321492179972,0,1,女性,35,9,12,0.4166666666666667,0,0,16,4444678.825084195,7.994520547945205,5.0
C-000352817,S-0072,-97.38628457531824,1,1,男性,60,11,12,0.1666666666666666,0,0,12,4406797.312641796,9.01917808219178,6.0
C-002192642,S-0014,-79.24922069001956,1,1,女性,38,3,12,0.1666666666666666,31946,2,21,4730192.353344672,7.336986301369863,4.0
C-001132600,S-0030,-100.0,1,1,男性,56,7,12,0.4166666666666667,0,0,22,4426478.045479023,9.236986301369862,5.5
C-002530625,S-0041,-49.817013226267484,1,1,男性,47,1,12,0.1666666666666666,37131,2,17,4828489.286769263,10.389041095890411,7.0
C-002202485,S-0007,-100.0,1,1,男性,68,3,12,0.3333333333333333,0,0,21,4487075.727367008,3.7260273972602738,1.0
C-001640620,S-0102,-100.0,1,1,男性,53,5,12,0.0833333333333333,0,0,16,4383474.364435211,10.484931506849314,7.5
C-001387903,S-0014,-18.564326144365694,0,1,女性,59,6,12,0.8333333333333334,2357,2,21,4730192.353344672,7.336986301369863,4.0
C-002346279,S-0056,-100.0,1,1,女性,63,2,12,0.4166666666666667,9095,1,15,4406070.585753419,7.528767123287671,4.0
C-000214603,S-0096,-100.0,1,1,女性,52,12,12,0.0,42490,2,16,4644856.458098179,8.302739726027397,5.0
C-001156303,S-0126,-32.977501601847266,0,1,女性,34,7,12,0.1666666666666666,0,0,17,4493168.352495564,5.53972602739726,3.0
C-001871284,S-0017,-42.5839805481457,0,1,女性,40,4,12,0.1666666666666666,4279,1,20,4640207.03550726,5.608219178082192,2.5
C-000624212,S-0096,-100.0,1,1,女性,34,10,12,0.25,2499,2,16,4644856.458098179,8.302739726027397,5.0
C-001028216,S-0131,-21.05874105921318,0,1,男性,42,8,12,0.0833333333333333,0,0,17,4569023.5643747775,5.13972602739726,2.0
C-000452711,S-0054,-72.87723593704588,1,1,女性,51,10,12,0.3333333333333333,279897,1,23,4489160.181517739,6.358904109589041,4.0
C-000531166,S-0115,-100.0,1,1,女性,82,10,12,0.1666666666666666,0,0,14,4553643.099564746,10.51095890410959,7.0
C-001859568,S-0102,-36.026559174987725,0,1,男性,49,4,12,0.4166666666666667,0,0,16,4383474.364435211,10.484931506849314,7.5
C-002051715,S-0019,-10.85810570370882,0,1,女性,79,3,12,0.4166666666666667,0,0,19,4327199.920883598,4.090410958904109,1.0
C-002463118,S-0039,-8.516608396039738,0,1,女性,60,2,12,0.0833333333333333,0,0,16,4591288.568998441,8.193150684931506,5.0
C-000495941,S-0096,-100.0,1,1,女性,31,10,12,0.4166666666666667,0,0,16,4644856.458098179,8.302739726027397,5.0
C-000863432,S-0039,-27.313973010183627,0,1,男性,21,9,12,0.25,4510,2,16,4591288.568998441,8.193150684931506,5.0
C-000339995,S-0082,-14.781375433024916,0,1,女性,42,11,12,0.0833333333333333,6849,1,17,4607261.71451126,4.758904109589041,2.0
C-000432533,S-0056,-84.62484533162392,1,1,女性,33,11,12,0.25,0,0,15,4406070.585753419,7.528767123287671,4.0
C-002613450,S-0096,-50.646226814601505,1,1,男性,60,1,12,0.5,3696,2,16,4644856.458098179,8.302739726027397,5.0
C-001620208,S-0096,-24.47155546578824,0,1,女性,54,5,12,0.5,0,0,16,4644856.458098179,8.302739726027397,5.0
C-001781705,S-0113,-100.0,1,1,女性,31,5,12,0.0833333333333333,17236,1,16,4336633.961311346,5.77945205479452,2.5
C-002436547,S-0096,-50.64411110916633,1,1,男性,49,2,12,0.1666666666666666,33300,1,16,4644856.458098179,8.302739726027397,5.0
C-001725714,S-0096,-17.629079736146625,0,1,女性,48,5,12,0.3333333333333333,0,0,16,4644856.458098179,8.302739726027397,5.0
C-002231301,S-0014,-27.14969565808609,0,1,男性,88,3,12,0.4166666666666667,2015,1,21,4730192.353344672,7.336986301369863,4.0
C-000747454,S-0018,-100.0,1,1,女性,85,9,12,0.0833333333333333,0,0,16,4493108.581950108,7.550684931506849,5.0
C-001706483,S-0113,-96.15041685433538,1,1,男性,54,5,12,0.4166666666666667,14061,1,16,4336633.961311346,5.77945205479452,2.5
C-000068341,S-0115,-38.34178317201823,0,1,男性,54,12,12,0.3333333333333333,9323,2,14,4553643.099564746,10.51095890410959,7.0
C-002548879,S-0054,-44.37187822088322,0,1,女性,56,1,12,0.0,4479,1,23,4489160.181517739,6.358904109589041,4.0
C-001977112,S-0115,-100.0,1,1,女性,52,4,12,0.5833333333333334,1477,1,14,4553643.099564746,10.51095890410959,7.0
C-001614243,S-0039,-43.640845350402394,0,1,女性,70,5,12,0.5833333333333334,33802,1,16,4591288.568998441,8.193150684931506,5.0
C-002209991,S-0040,-100.0,1,1,女性,56,3,12,0.1666666666666666,19776,2,20,4550116.0180538,8.163013698630138,4.0
C-002240458,S-0002,-56.71897116818433,1,1,男性,59,3,12,0.25,10814,2,15,4455566.655169959,5.663013698630137,2.0
C-000845057,S-0018,-25.92668295511803,0,1,女性,42,9,12,0.1666666666666666,13754,1,16,4493108.581950108,7.550684931506849,5.0
C-001945847,S-0089,-48.104177672766305,0,1,男性,41,4,12,0.4166666666666667,2354,2,19,4721110.949352573,10.142465753424657,7.0
C-001408178,S-0089,-100.0,1,1,女性,50,6,12,0.75,0,0,19,4721110.949352573,10.142465753424657,7.0
C-000046074,S-0085,-41.67434165643334,0,1,女性,21,12,12,0.75,0,0,15,4606655.398026554,4.928767123287671,2.0
C-002627004,S-0096,-100.0,1,1,女性,79,1,12,0.0,1851,1,16,4644856.458098179,8.302739726027397,5.0
C-002113435,S-0008,-100.0,1,1,男性,56,3,12,0.25,4450,2,22,4498453.308937302,10.772602739726027,7.0
C-002279845,S-0012,-65.70342623541848,1,1,男性,19,2,12,0.3333333333333333,0,0,16,4444678.825084195,7.994520547945205,5.0
C-002437853,S-0056,-100.0,1,1,女性,54,2,12,0.25,26019,1,15,4406070.585753419,7.528767123287671,4.0
C-001824908,S-0080,-34.2844228656611,0,1,女性,64,4,12,0.4166666666666667,0,0,17,4457429.264950683,11.673972602739726,9.0
C-002246732,S-0106,-21.460761726946497,0,1,女性,34,3,12,0.4166666666666667,3885,1,20,4462729.145118021,6.171232876712329,3.5
C-001219134,S-0131,-100.0,1,1,女性,35,7,12,0.1666666666666666,34582,1,17,4569023.5643747775,5.13972602739726,2.0
C-001108377,S-0036,-100.0,1,1,女性,45,8,12,0.0833333333333333,9356,1,19,4397834.424680548,11.123287671232877,9.0
C-001548191,S-0113,-27.595640288633255,0,1,男性,46,6,12,0.4166666666666667,28675,1,16,4336633.961311346,5.77945205479452,2.5
C-001214211,S-0030,-50.2714873161126,1,1,女性,24,7,12,0.1666666666666666,146,1,22,4426478.045479023,9.236986301369862,5.5
C-001669358,S-0072,-54.40584665677194,1,1,女性,57,5,12,0.25,15502,2,12,4406797.312641796,9.01917808219178,6.0
C-000661403,S-0036,-74.2069518265418,1,1,女性,19,10,12,0.25,5911,2,19,4397834.424680548,11.123287671232877,9.0
C-002459933,S-0048,-100.0,1,1,女性,53,2,12,0.3333333333333333,41592,1,15,4502249.082895545,3.671232876712329,1.0
C-001003585,S-0074,-23.76810663682621,0,1,男性,43,8,12,0.25,0,0,14,4614054.39694187,8.308219178082192,6.0
C-001893356,S-0004,-14.64857774166476,0,1,男性,56,4,12,0.1666666666666666,0,0,22,4423576.351309,11.806849315068494,9.0
C-001666324,S-0018,-100.0,1,1,男性,43,5,12,0.1666666666666666,0,0,16,4493108.581950108,7.550684931506849,5.0
C-001455539,S-0096,-99.87228957426817,1,1,男性,64,6,12,0.0,0,0,16,4644856.458098179,8.302739726027397,5.0
C-000460327,S-0039,-51.26803657730955,1,1,女性,51,10,12,0.0833333333333333,8803,1,16,4591288.568998441,8.193150684931506,5.0
C-000871500,S-0121,-100.0,1,1,男性,44,9,12,0.4166666666666667,0,0,14,4716268.25678644,9.856164383561644,7.0
C-002602696,S-0080,-20.451841615093432,0,1,女性,45,1,12,0.25,8032,2,17,4457429.264950683,11.673972602739726,9.0
C-001117227,S-0002,-46.747183057618834,0,1,女性,36,8,12,0.6666666666666666,0,0,15,4455566.655169959,5.663013698630137,2.0
C-001282942,S-0036,-100.0,1,1,男性,45,7,12,0.1666666666666666,0,0,19,4397834.424680548,11.123287671232877,9.0
C-001785415,S-0014,-23.17727799828839,0,1,男性,60,5,12,0.1666666666666666,0,0,21,4730192.353344672,7.336986301369863,4.0
C-002670563,S-0007,-100.0,1,1,女性,47,1,12,0.5,0,0,21,4487075.727367008,3.7260273972602738,1.0
C-001540218,S-0040,-22.545365199579713,0,1,男性,61,6,12,0.25,0,0,20,4550116.0180538,8.163013698630138,4.0
C-001140831,S-0008,-100.0,1,1,女性,42,7,12,0.25,2585,2,22,4498453.308937302,10.772602739726027,7.0
C-001797323,S-0018,-39.87113819149376,0,1,男性,23,5,12,0.75,0,0,16,4493108.581950108,7.550684931506849,5.0
C-000446083,S-0059,-15.618888318420426,0,1,男性,82,11,12,0.3333333333333333,5917,1,14,4713188.969095345,6.8123287671232875,3.0
C-001911409,S-0096,-35.84167482797655,0,1,男性,61,4,12,0.25,62122,2,16,4644856.458098179,8.302739726027397,5.0
C-000100399,S-0096,-100.0,1,1,女性,27,12,12,0.0833333333333333,27164,1,16,4644856.458098179,8.302739726027397,5.0
C-000767906,S-0089,-59.45229467130384,1,1,男性,47,9,12,0.1666666666666666,83437,1,19,4721110.949352573,10.142465753424657,7.0
C-000294422,S-0097,-56.76072839123451,1,1,女性,43,11,12,0.3333333333333333,20759,2,21,4592508.716501317,10.09041095890411,7.0
C-001685206,S-0106,-52.188402422793445,1,1,女性,38,5,12,0.1666666666666666,8862,2,20,4462729.145118021,6.171232876712329,3.5
C-002619503,S-0002,-40.225759036249684,0,1,女性,31,1,12,0.1666666666666666,37352,2,15,4455566.655169959,5.663013698630137,2.0
C-001763665,S-0102,-100.0,1,1,女性,43,5,12,0.0833333333333333,0,0,16,4383474.364435211,10.484931506849314,7.5
C-002254879,S-0018,-23.025608500816187,0,1,女性,67,2,12,0.0833333333333333,408194,1,16,4493108.581950108,7.550684931506849,5.0
C-001594354,S-0117,-67.85566264267622,1,1,女性,55,5,12,0.1666666666666666,1114,2,20,4500859.737076383,9.593150684931507,7.0
C-000782127,S-0100,-15.149367655168922,0,1,女性,80,9,12,0.0833333333333333,0,0,17,4535925.154217558,4.720547945205479,2.0
C-001160341,S-0002,-41.04932163511226,0,1,女性,47,7,12,0.3333333333333333,6654,2,15,4455566.655169959,5.663013698630137,2.0
C-001926003,S-0079,-73.36899791231733,1,1,女性,27,4,12,0.1666666666666666,4832,1,13,4256656.371085242,8.479452054794521,6.0
C-002552950,S-0115,-38.01274141968625,0,1,女性,57,1,12,0.1666666666666666,24344,1,14,4553643.099564746,10.51095890410959,7.0
C-001526560,S-0002,-100.0,1,1,女性,63,6,12,0.8333333333333334,0,0,15,4455566.655169959,5.663013698630137,2.0
C-002481429,S-0059,-13.04017990025125,0,1,女性,59,1,12,0.1666666666666666,0,0,14,4713188.969095345,6.8123287671232875,3.0
C-001881257,S-0059,-41.07715503493868,0,1,男性,54,4,12,0.3333333333333333,6128,1,14,4713188.969095345,6.8123287671232875,3.0
C-001073622,S-0019,-100.0,1,1,女性,80,8,12,0.1666666666666666,5363,2,19,4327199.920883598,4.090410958904109,1.0
C-001839706,S-0117,-64.9846780565108,1,1,男性,29,4,12,0.0833333333333333,2049,1,20,4500859.737076383,9.593150684931507,7.0
C-001777852,S-0115,-83.76677494504052,1,1,女性,45,5,12,0.0833333333333333,44311,1,14,4553643.099564746,10.51095890410959,7.0
C-002651284,S-0036,-62.00667961464503,1,1,女性,47,1,12,0.4166666666666667,61467,1,19,4397834.424680548,11.123287671232877,9.0
C-000717687,S-0017,-34.61450267902867,0,1,女性,52,9,12,0.0833333333333333,50883,1,20,4640207.03550726,5.608219178082192,2.5
C-000851908,S-0041,-20.47487555179863,0,1,男性,66,9,12,0.25,16885,1,17,4828489.286769263,10.389041095890411,7.0
C-002072792,S-0097,-76.27336939575115,1,1,男性,53,3,12,0.3333333333333333,50230,2,21,4592508.716501317,10.09041095890411,7.0
C-000440050,S-0002,-28.87684005168613,0,1,女性,57,11,12,0.25,3951,1,15,4455566.655169959,5.663013698630137,2.0
C-002423833,S-0050,-23.220135412818873,0,1,女性,49,2,12,0.3333333333333333,0,0,20,4615411.181286601,9.2013698630137,6.0
C-002374931,S-0080,-90.58019720168467,1,1,女性,39,2,12,0.4166666666666667,29439,2,17,4457429.264950683,11.673972602739726,9.0
C-002610156,S-0059,-40.886375544273605,0,1,女性,53,1,12,0.5,1406,1,14,4713188.969095345,6.8123287671232875,3.0
C-002567442,S-0048,-100.0,1,1,男性,44,1,12,0.25,277114,2,15,4502249.082895545,3.671232876712329,1.0
C-000172094,S-0012,-17.847802565259705,0,1,女性,51,12,12,0.25,0,0,16,4444678.825084195,7.994520547945205,5.0
C-002156778,S-0121,-100.0,1,1,男性,62,3,12,0.0833333333333333,1697,2,14,4716268.25678644,9.856164383561644,7.0
C-002694880,S-0097,-27.339766375506052,0,1,男性,35,1,12,0.0,0,0,21,4592508.716501317,10.09041095890411,7.0
C-001253426,S-0008,-100.0,1,1,女性,34,7,12,0.1666666666666666,0,0,22,4498453.308937302,10.772602739726027,7.0
C-000177464,S-0004,-19.721590855504523,0,1,男性,55,12,12,0.3333333333333333,0,0,22,4423576.351309,11.806849315068494,9.0
C-000137970,S-0041,-42.22644992496381,0,1,男性,31,12,12,0.1666666666666666,18841,1,17,4828489.286769263,10.389041095890411,7.0
C-000149175,S-0074,-100.0,1,1,女性,20,12,12,0.0,0,0,14,4614054.39694187,8.308219178082192,6.0
C-002376345,S-0082,-34.41002207334547,0,1,女性,44,2,12,0.5,0,0,17,4607261.71451126,4.758904109589041,2.0
C-000560252,S-0054,-32.055436505862474,0,1,女性,59,10,12,0.5833333333333334,0,0,23,4489160.181517739,6.358904109589041,4.0
C-001756523,S-0036,-71.04817735210337,1,1,女性,38,5,12,0.3333333333333333,0,0,19,4397834.424680548,11.123287671232877,9.0
C-001906360,S-0004,-56.13587592038138,1,1,女性,31,4,12,0.6666666666666666,0,0,22,4423576.351309,11.806849315068494,9.0
C-000895204,S-0020,-24.331302778244616,0,1,男性,39,9,12,0.5833333333333334,3682,2,16,4280702.057267675,6.986301369863014,3.5
C-000874082,S-0054,-61.23803858497286,1,1,女性,48,9,12,0.5833333333333334,0,0,23,4489160.181517739,6.358904109589041,4.0
C-002408057,S-0041,-100.0,1,1,男性,45,2,12,0.5,6790,1,17,4828489.286769263,10.389041095890411,7.0
C-001005771,S-0099,-93.21310515084313,1,1,女性,75,8,12,0.0,15661,1,13,4464126.154078853,8.147945205479452,5.0
C-000479737,S-0050,-66.48796676646012,1,1,女性,56,10,12,0.0,0,0,20,4615411.181286601,9.2013698630137,6.0
C-002124698,S-0074,-70.92647532787359,1,1,女性,51,3,12,0.25,2453,1,14,4614054.39694187,8.308219178082192,6.0
C-001758449,S-0100,-55.440438553238394,1,1,女性,24,5,12,0.25,15165,2,17,4535925.154217558,4.720547945205479,2.0
C-001745431,S-0030,-19.64813344799453,0,1,女性,45,5,12,0.5,27880,2,22,4426478.045479023,9.236986301369862,5.5
C-002540501,S-0012,-82.05216057691523,1,1,女性,43,1,12,0.1666666666666666,78721,1,16,4444678.825084195,7.994520547945205,5.0
C-002006974,S-0036,-100.0,1,1,男性,62,4,12,0.25,0,0,19,4397834.424680548,11.123287671232877,9.0
C-001964736,S-0096,-31.361639888903355,0,1,男性,52,4,12,0.25,20306,1,16,4644856.458098179,8.302739726027397,5.0
C-000792743,S-0085,-20.578840213423195,0,1,女性,58,9,12,0.25,0,0,15,4606655.398026554,4.928767123287671,2.0
C-002575947,S-0126,-21.606435605418483,0,1,女性,60,1,12,0.4166666666666667,0,0,17,4493168.352495564,5.53972602739726,3.0
C-000958317,S-0111,-64.66128920424342,1,1,女性,59,8,12,0.3333333333333333,20382,1,19,4489501.980758176,6.397260273972603,4.0
C-001938312,S-0096,-23.00440719462856,0,1,男性,63,4,12,0.1666666666666666,0,0,16,4644856.458098179,8.302739726027397,5.0
C-000793386,S-0036,-100.0,1,1,女性,41,9,12,0.6666666666666666,0,0,19,4397834.424680548,11.123287671232877,9.0
C-000419754,S-0004,-32.21029977872753,0,1,女性,22,11,12,0.3333333333333333,116509,1,22,4423576.351309,11.806849315068494,9.0
C-001478640,S-0054,-32.68403505148555,0,1,女性,30,6,12,0.1666666666666666,39440,1,23,4489160.181517739,6.358904109589041,4.0
C-001527983,S-0097,-100.0,1,1,男性,58,6,12,0.4166666666666667,0,0,21,4592508.716501317,10.09041095890411,7.0
C-000889431,S-0117,-27.9106324093028,0,1,男性,42,9,12,0.4166666666666667,0,0,20,4500859.737076383,9.593150684931507,7.0
C-002424821,S-0040,-22.605848066887503,0,1,女性,34,2,12,0.1666666666666666,9002,1,20,4550116.0180538,8.163013698630138,4.0
C-001388594,S-0008,-48.1432990127537,0,1,男性,58,6,12,0.1666666666666666,7643,1,22,4498453.308937302,10.772602739726027,7.0
C-000114455,S-0072,-100.0,1,1,女性,57,12,12,0.25,6533,2,12,4406797.312641796,9.01917808219178,6.0
C-000559737,S-0018,-60.243308760210454,1,1,女性,67,10,12,0.25,31445,1,16,4493108.581950108,7.550684931506849,5.0
C-001067702,S-0002,-94.1876301095352,1,1,女性,62,8,12,0.25,51840,1,15,4455566.655169959,5.663013698630137,2.0
C-002072075,S-0020,-44.659778828638196,0,1,男性,61,3,12,0.3333333333333333,7584,2,16,4280702.057267675,6.986301369863014,3.5
C-002187189,S-0102,-16.463012648524337,0,1,女性,45,3,12,0.1666666666666666,5722,1,16,4383474.364435211,10.484931506849314,7.5
C-000406931,S-0080,-7.561099997851478,0,1,女性,59,11,12,0.5833333333333334,67743,1,17,4457429.264950683,11.673972602739726,9.0
C-000195123,S-0063,-100.0,1,1,女性,50,12,12,0.6666666666666666,0,0,18,4564012.176421695,5.749315068493151,3.0
C-001351386,S-0040,-64.89648834634616,1,1,女性,33,6,12,0.3333333333333333,175928,1,20,4550116.0180538,8.163013698630138,4.0
C-000033004,S-0030,-100.0,1,1,男性,48,12,12,0.0833333333333333,0,0,22,4426478.045479023,9.236986301369862,5.5
C-000740728,S-0072,-100.0,1,1,男性,58,9,12,0.0833333333333333,0,0,12,4406797.312641796,9.01917808219178,6.0
C-000004274,S-0036,-43.6144647985967,0,1,女性,34,12,12,0.4166666666666667,16231,1,19,4397834.424680548,11.123287671232877,9.0
C-000791395,S-0014,-62.03751487640733,1,1,男性,50,9,12,0.3333333333333333,44085,1,21,4730192.353344672,7.336986301369863,4.0
C-002674018,S-0012,-23.303161344041257,0,1,女性,52,1,12,0.0833333333333333,45418,1,16,4444678.825084195,7.994520547945205,5.0
C-001624262,S-0005,-20.814308977720984,0,1,女性,55,5,12,0.6666666666666666,0,0,21,4733942.970761149,4.69041095890411,2.0
C-000089829,S-0097,-59.44073278406006,1,1,女性,57,12,12,0.1666666666666666,40693,1,21,4592508.716501317,10.09041095890411,7.0
C-002019801,S-0020,-60.11187173118475,1,1,女性,31,4,12,0.25,0,0,16,4280702.057267675,6.986301369863014,3.5
C-001438871,S-0096,-62.79183728645536,1,1,男性,52,6,12,0.0,107731,1,16,4644856.458098179,8.302739726027397,5.0
C-002010353,S-0019,-17.39182909902842,0,1,女性,31,4,12,1.0,7198,1,19,4327199.920883598,4.090410958904109,1.0
C-000195663,S-0100,-100.0,1,1,男性,46,12,12,0.25,0,0,17,4535925.154217558,4.720547945205479,2.0
C-001174015,S-0018,-100.0,1,1,女性,49,7,12,0.1666666666666666,21208,1,16,4493108.581950108,7.550684931506849,5.0
C-000966618,S-0018,-100.0,1,1,女性,33,8,12,0.5833333333333334,0,0,16,4493108.581950108,7.550684931506849,5.0
C-000065714,S-0054,-28.39061520290468,0,1,男性,43,12,12,0.6666666666666666,0,0,23,4489160.181517739,6.358904109589041,4.0
C-000795666,S-0131,-22.230906321249712,0,1,男性,44,9,12,0.25,7155,2,17,4569023.5643747775,5.13972602739726,2.0
C-000593545,S-0050,-34.6483668700369,0,1,女性,51,10,12,0.1666666666666666,30719,1,20,4615411.181286601,9.2013698630137,6.0
C-000246331,S-0004,-34.78932549273665,0,1,男性,51,11,12,0.1666666666666666,31217,2,22,4423576.351309,11.806849315068494,9.0
C-000262979,S-0115,-75.36461736587347,1,1,男性,60,11,12,0.0,217482,1,14,4553643.099564746,10.51095890410959,7.0
C-002113038,S-0131,-15.187995502093038,0,1,男性,67,3,12,0.5,85164,1,17,4569023.5643747775,5.13972602739726,2.0
C-002563691,S-0041,-67.97809616041928,1,1,男性,68,1,12,0.25,0,0,17,4828489.286769263,10.389041095890411,7.0
C-000494649,S-0097,-57.779985971475334,1,1,女性,57,10,12,0.0833333333333333,0,0,21,4592508.716501317,10.09041095890411,7.0
C-001844629,S-0039,-19.753168596342167,0,1,男性,68,4,12,0.1666666666666666,0,0,16,4591288.568998441,8.193150684931506,5.0
C-002503172,S-0096,-20.149546560681717,0,1,女性,60,1,12,0.0833333333333333,19164,2,16,4644856.458098179,8.302739726027397,5.0
C-002475795,S-0048,-24.04957744693577,0,1,女性,67,1,12,0.1666666666666666,29576,1,15,4502249.082895545,3.671232876712329,1.0
C-002000078,S-0063,-5.93387560838966,0,1,女性,48,4,12,0.1666666666666666,12247,2,18,4564012.176421695,5.749315068493151,3.0
C-001781368,S-0018,-36.26347749011099,0,1,男性,65,5,12,0.25,4090,1,16,4493108.581950108,7.550684931506849,5.0
C-001883388,S-0050,-72.72528274352426,1,1,女性,58,4,12,0.3333333333333333,0,0,20,4615411.181286601,9.2013698630137,6.0
C-001907560,S-0014,-100.0,1,1,女性,42,4,12,0.0833333333333333,0,0,21,4730192.353344672,7.336986301369863,4.0
C-001229592,S-0017,-100.0,1,1,男性,43,7,12,0.3333333333333333,0,0,20,4640207.03550726,5.608219178082192,2.5
C-000527807,S-0099,-79.45071193419,1,1,女性,59,10,12,0.0,0,0,13,4464126.154078853,8.147945205479452,5.0
C-001407551,S-0117,-47.376915306584515,0,1,女性,36,6,12,0.1666666666666666,13447,1,20,4500859.737076383,9.593150684931507,7.0
C-001846129,S-0014,-100.0,1,1,女性,38,4,12,0.3333333333333333,15709,1,21,4730192.353344672,7.336986301369863,4.0
C-001326571,S-0080,-22.910522140634217,0,1,男性,33,7,12,0.1666666666666666,12903,1,17,4457429.264950683,11.673972602739726,9.0
C-001169545,S-0059,-30.813325378525242,0,1,女性,64,7,12,0.0833333333333333,0,0,14,4713188.969095345,6.8123287671232875,3.0
C-000772062,S-0072,-31.57642871910666,0,1,女性,58,9,12,0.3333333333333333,0,0,12,4406797.312641796,9.01917808219178,6.0
C-001013465,S-0014,-93.1204814855591,1,1,女性,50,8,12,0.25,0,0,21,4730192.353344672,7.336986301369863,4.0
C-002261334,S-0036,-100.0,1,1,男性,34,2,12,0.4166666666666667,0,0,19,4397834.424680548,11.123287671232877,9.0
C-001378869,S-0050,-100.0,1,1,女性,34,6,12,0.5,17681,2,20,4615411.181286601,9.2013698630137,6.0
C-001785619,S-0062,-100.0,1,1,男性,43,5,12,0.3333333333333333,100556,2,15,4713869.782113416,4.575342465753424,1.0
C-002518333,S-0074,-100.0,1,1,女性,42,1,12,0.25,109629,1,14,4614054.39694187,8.308219178082192,6.0
C-002448660,S-0059,-37.98341975143293,0,1,女性,47,2,12,0.1666666666666666,7974,2,14,4713188.969095345,6.8123287671232875,3.0
C-001130100,S-0089,-27.35822592683501,0,1,女性,69,7,12,0.25,31261,1,19,4721110.949352573,10.142465753424657,7.0
C-001365215,S-0079,-49.75296470521957,1,1,女性,76,6,12,0.3333333333333333,7346,2,13,4256656.371085242,8.479452054794521,6.0
C-000361432,S-0056,-95.9391970943126,1,1,女性,55,11,12,0.4166666666666667,6285,1,15,4406070.585753419,7.528767123287671,4.0
C-002372738,S-0036,-59.84500761366108,1,1,女性,80,2,12,0.0833333333333333,0,0,19,4397834.424680548,11.123287671232877,9.0
C-002667312,S-0080,-100.0,1,1,男性,36,1,12,0.1666666666666666,6661,1,17,4457429.264950683,11.673972602739726,9.0
C-002593105,S-0121,-71.7266119135278,1,1,男性,20,1,12,0.5833333333333334,-3749,2,14,4716268.25678644,9.856164383561644,7.0
C-002205467,S-0115,-8.766615549988115,0,1,女性,62,3,12,0.5833333333333334,0,0,14,4553643.099564746,10.51095890410959,7.0
C-001109028,S-0089,-100.0,1,1,男性,54,8,12,0.1666666666666666,0,0,19,4721110.949352573,10.142465753424657,7.0
C-000064456,S-0089,-100.0,1,1,男性,45,12,12,0.25,0,0,19,4721110.949352573,10.142465753424657,7.0
C-000611238,S-0063,-11.691773295214594,0,1,女性,52,10,12,0.1666666666666666,12494,1,18,4564012.176421695,5.749315068493151,3.0
C-000276968,S-0121,-6.226542497972381,0,1,女性,61,11,12,0.25,1463,1,14,4716268.25678644,9.856164383561644,7.0
C-001265425,S-0036,-43.149149359794094,0,1,男性,43,7,12,0.0833333333333333,0,0,19,4397834.424680548,11.123287671232877,9.0
C-002567450,S-0115,-100.0,1,1,男性,34,1,12,0.0,56782,1,14,4553643.099564746,10.51095890410959,7.0
C-000027439,S-0117,-24.717801353153448,0,1,男性,46,12,12,0.3333333333333333,14606,1,20,4500859.737076383,9.593150684931507,7.0
C-001939981,S-0074,-100.0,1,1,男性,29,4,12,0.3333333333333333,0,0,14,4614054.39694187,8.308219178082192,6.0
C-001406673,S-0080,-83.28325668540283,1,1,女性,41,6,12,0.25,0,0,17,4457429.264950683,11.673972602739726,9.0
C-002599306,S-0102,-100.0,1,1,女性,54,1,12,0.25,3853,1,16,4383474.364435211,10.484931506849314,7.5
C-000383255,S-0074,-66.6139373893553,1,1,男性,39,11,12,0.1666666666666666,25645,1,14,4614054.39694187,8.308219178082192,6.0
C-000535051,S-0041,0.4841700076196566,0,1,男性,40,10,12,0.9166666666666666,117475,1,17,4828489.286769263,10.389041095890411,7.0
C-000325090,S-0048,-100.0,1,1,女性,60,11,12,0.5,4567,1,15,4502249.082895545,3.671232876712329,1.0
C-000575752,S-0115,-54.86070620733003,1,1,男性,58,10,12,0.0833333333333333,0,0,14,4553643.099564746,10.51095890410959,7.0
C-000787989,S-0002,-69.2242320394655,1,1,女性,55,9,12,0.4166666666666667,1151,1,15,4455566.655169959,5.663013698630137,2.0
C-002473688,S-0062,-100.0,1,1,女性,48,1,12,0.1666666666666666,12156,2,15,4713869.782113416,4.575342465753424,1.0
C-001279488,S-0117,-30.36129140808521,0,1,女性,40,7,12,0.1666666666666666,4678,2,20,4500859.737076383,9.593150684931507,7.0
C-000559296,S-0099,-52.35730647729031,1,1,男性,33,10,12,0.0833333333333333,0,0,13,4464126.154078853,8.147945205479452,5.0
C-002571623,S-0072,-54.183334391601576,1,1,男性,48,1,12,0.0833333333333333,4118,2,12,4406797.312641796,9.01917808219178,6.0
C-002615818,S-0002,-38.60921487725186,0,1,女性,59,1,12,0.1666666666666666,0,0,15,4455566.655169959,5.663013698630137,2.0
C-002006768,S-0126,-34.938686940435396,0,1,女性,60,4,12,0.1666666666666666,0,0,17,4493168.352495564,5.53972602739726,3.0
C-000337286,S-0056,-100.0,1,1,男性,60,11,12,0.25,0,0,15,4406070.585753419,7.528767123287671,4.0
C-000394530,S-0097,-100.0,1,1,男性,43,11,12,0.3333333333333333,3103,1,21,4592508.716501317,10.09041095890411,7.0
C-000393423,S-0005,-27.09692709914901,0,1,男性,64,11,12,0.0833333333333333,0,0,21,4733942.970761149,4.69041095890411,2.0
C-000976736,S-0074,-48.59296659840407,0,1,女性,24,8,12,0.3333333333333333,679,1,14,4614054.39694187,8.308219178082192,6.0
C-002423211,S-0056,-55.2774601161698,1,1,女性,60,2,12,0.0833333333333333,6124,1,15,4406070.585753419,7.528767123287671,4.0
C-000855682,S-0089,-19.531545300662295,0,1,男性,34,9,12,0.1666666666666666,22662,2,19,4721110.949352573,10.142465753424657,7.0
C-000299665,S-0018,-29.091559933071732,0,1,男性,42,11,12,0.3333333333333333,4849,1,16,4493108.581950108,7.550684931506849,5.0
C-001917218,S-0117,-100.0,1,1,女性,32,4,12,0.0833333333333333,26629,1,20,4500859.737076383,9.593150684931507,7.0
C-000914939,S-0020,-32.311527024663285,0,1,男性,40,8,12,0.25,17529,2,16,4280702.057267675,6.986301369863014,3.5
C-002063838,S-0097,-32.23000805678479,0,1,女性,38,3,12,0.3333333333333333,3657,2,21,4592508.716501317,10.09041095890411,7.0
C-000221664,S-0097,-77.34602280406007,1,1,男性,61,12,12,0.25,0,0,21,4592508.716501317,10.09041095890411,7.0
C-002057515,S-0131,-27.010780854453575,0,1,女性,35,3,12,0.1666666666666666,3052,1,17,4569023.5643747775,5.13972602739726,2.0
C-000340372,S-0074,-12.58118920338995,0,1,男性,32,11,12,0.25,0,0,14,4614054.39694187,8.308219178082192,6.0
C-000600438,S-0079,-85.49748513585004,1,1,男性,42,10,12,0.25,0,0,13,4256656.371085242,8.479452054794521,6.0
C-000979804,S-0121,-81.42946635392842,1,1,男性,43,8,12,0.25,8955,1,14,4716268.25678644,9.856164383561644,7.0
C-002061544,S-0018,-100.0,1,1,女性,37,3,12,0.1666666666666666,57092,1,16,4493108.581950108,7.550684931506849,5.0
C-000088521,S-0014,-88.98456328747064,1,1,男性,47,12,12,0.1666666666666666,33937,1,21,4730192.353344672,7.336986301369863,4.0
C-000359499,S-0030,-34.07421968556955,0,1,女性,41,11,12,0.1666666666666666,0,0,22,4426478.045479023,9.236986301369862,5.5
C-002093327,S-0056,-89.42947583559732,1,1,女性,15,3,12,0.0,0,0,15,4406070.585753419,7.528767123287671,4.0
C-001196455,S-0117,-51.98566629795953,1,1,女性,38,7,12,0.1666666666666666,151556,1,20,4500859.737076383,9.593150684931507,7.0
C-000570483,S-0054,-24.01063125650985,0,1,男性,38,10,12,0.3333333333333333,0,0,23,4489160.181517739,6.358904109589041,4.0
C-000890598,S-0020,-100.0,1,1,男性,49,9,12,0.5,11628,1,16,4280702.057267675,6.986301369863014,3.5
C-001130019,S-0008,-99.42432133494744,1,1,男性,41,7,12,0.0833333333333333,13239,1,22,4498453.308937302,10.772602739726027,7.0
C-001167412,S-0008,-62.50920926754709,1,1,女性,80,7,12,0.0833333333333333,0,0,22,4498453.308937302,10.772602739726027,7.0
C-001396897,S-0115,-67.56488441355836,1,1,女性,43,6,12,0.0833333333333333,9650,2,14,4553643.099564746,10.51095890410959,7.0
C-000338960,S-0041,-26.09627468581688,0,1,女性,54,11,12,0.25,10852,1,17,4828489.286769263,10.389041095890411,7.0
C-000270080,S-0100,-11.131600061936064,0,1,女性,21,11,12,0.25,17659,2,17,4535925.154217558,4.720547945205479,2.0
C-000871247,S-0036,-23.088993842730652,0,1,女性,58,9,12,0.3333333333333333,0,0,19,4397834.424680548,11.123287671232877,9.0
C-000620008,S-0111,-93.45699028355688,1,1,男性,44,10,12,0.25,2724,2,19,4489501.980758176,6.397260273972603,4.0
C-000079169,S-0115,-100.0,1,1,女性,43,12,12,0.0833333333333333,0,0,14,4553643.099564746,10.51095890410959,7.0
C-001578877,S-0097,-17.02682719184284,0,1,女性,40,5,12,0.1666666666666666,10400,1,21,4592508.716501317,10.09041095890411,7.0
C-002509117,S-0115,-86.61633075564757,1,1,女性,60,1,12,0.1666666666666666,41845,2,14,4553643.099564746,10.51095890410959,7.0
C-001766542,S-0056,-100.0,1,1,女性,22,5,12,0.3333333333333333,12438,1,15,4406070.585753419,7.528767123287671,4.0
C-000195453,S-0018,-15.311627099563912,0,1,女性,46,12,12,0.3333333333333333,2135,2,16,4493108.581950108,7.550684931506849,5.0
C-001005053,S-0111,-28.39090617662603,0,1,女性,43,8,12,0.4166666666666667,0,0,19,4489501.980758176,6.397260273972603,4.0
C-002110084,S-0054,-27.034975599042177,0,1,女性,44,3,12,0.3333333333333333,5816,2,23,4489160.181517739,6.358904109589041,4.0
C-000981029,S-0054,-100.0,1,1,女性,88,8,12,0.1666666666666666,0,0,23,4489160.181517739,6.358904109589041,4.0
C-000541431,S-0007,-43.08079125791097,0,1,女性,53,10,12,0.1666666666666666,34792,2,21,4487075.727367008,3.7260273972602738,1.0
C-002309832,S-0111,-100.0,1,1,男性,62,2,12,0.3333333333333333,0,0,19,4489501.980758176,6.397260273972603,4.0
C-002285490,S-0089,-24.28163661855812,0,1,男性,40,2,12,0.25,79452,1,19,4721110.949352573,10.142465753424657,7.0
C-002649556,S-0056,-38.649905781100635,0,1,男性,15,1,12,0.3333333333333333,21365,2,15,4406070.585753419,7.528767123287671,4.0
C-000881237,S-0111,-39.99440820130475,0,1,女性,45,9,12,0.4166666666666667,9827,1,19,4489501.980758176,6.397260273972603,4.0
C-000101861,S-0113,-100.0,1,1,女性,52,12,12,0.1666666666666666,0,0,16,4336633.961311346,5.77945205479452,2.5
C-001038310,S-0017,-16.63526428513699,0,1,女性,56,8,12,0.25,41753,1,20,4640207.03550726,5.608219178082192,2.5
C-000228283,S-0007,-31.232117966400118,0,1,男性,70,11,12,0.75,4940,2,21,4487075.727367008,3.7260273972602738,1.0
C-000751539,S-0100,-100.0,1,1,女性,33,9,12,0.6666666666666666,150434,2,17,4535925.154217558,4.720547945205479,2.0
C-002465933,S-0115,-75.01853417441635,1,1,女性,50,2,12,0.1666666666666666,86036,1,14,4553643.099564746,10.51095890410959,7.0
C-001685224,S-0072,-100.0,1,1,男性,52,5,12,0.25,8941,2,12,4406797.312641796,9.01917808219178,6.0
C-001960082,S-0004,-9.224287111579264,0,1,女性,51,4,12,0.4166666666666667,1397,1,22,4423576.351309,11.806849315068494,9.0
C-001382860,S-0121,-100.0,1,1,女性,42,6,12,0.5833333333333334,12665,1,14,4716268.25678644,9.856164383561644,7.0
C-002606411,S-0056,-44.06342432859625,0,1,男性,22,1,12,0.1666666666666666,0,0,15,4406070.585753419,7.528767123287671,4.0
C-002026834,S-0036,-100.0,1,1,男性,45,3,12,0.0833333333333333,26327,1,19,4397834.424680548,11.123287671232877,9.0
C-001930573,S-0097,-72.30484225219122,1,1,男性,66,4,12,0.25,7322,2,21,4592508.716501317,10.09041095890411,7.0
C-002221511,S-0004,-100.0,1,1,女性,29,3,12,0.5,0,0,22,4423576.351309,11.806849315068494,9.0
C-001256412,S-0102,-100.0,1,1,女性,43,7,12,0.0833333333333333,0,0,16,4383474.364435211,10.484931506849314,7.5
C-001812938,S-0019,-100.0,1,1,男性,59,4,12,0.25,39712,1,19,4327199.920883598,4.090410958904109,1.0
C-000871717,S-0096,-48.39207825110351,0,1,女性,36,9,12,0.25,19085,1,16,4644856.458098179,8.302739726027397,5.0
C-002357038,S-0117,-100.0,1,1,女性,22,2,12,0.4166666666666667,5922,1,20,4500859.737076383,9.593150684931507,7.0
C-000309185,S-0121,-50.51323425336164,1,1,女性,35,11,12,0.3333333333333333,1897,1,14,4716268.25678644,9.856164383561644,7.0
C-001242979,S-0018,-36.11653847105087,0,1,女性,40,7,12,0.4166666666666667,2067,1,16,4493108.581950108,7.550684931506849,5.0
C-002309122,S-0072,-100.0,1,1,女性,31,2,12,0.1666666666666666,0,0,12,4406797.312641796,9.01917808219178,6.0
C-000319305,S-0074,-50.22385733940421,1,1,女性,52,11,12,0.1666666666666666,0,0,14,4614054.39694187,8.308219178082192,6.0
C-001606678,S-0008,-100.0,1,1,男性,54,5,12,0.1666666666666666,837,2,22,4498453.308937302,10.772602739726027,7.0
C-001184672,S-0062,-22.305948881358976,0,1,男性,55,7,12,0.1666666666666666,0,0,15,4713869.782113416,4.575342465753424,1.0
C-000361639,S-0080,-100.0,1,1,女性,69,11,12,0.0833333333333333,40535,1,17,4457429.264950683,11.673972602739726,9.0
C-000425386,S-0099,-63.4557312702965,1,1,男性,42,11,12,0.3333333333333333,9687,1,13,4464126.154078853,8.147945205479452,5.0
C-001919982,S-0020,-27.193634036096974,0,1,女性,21,4,12,0.25,0,0,16,4280702.057267675,6.986301369863014,3.5
C-002588865,S-0113,-43.117784291439854,0,1,女性,64,1,12,0.0833333333333333,17991,1,16,4336633.961311346,5.77945205479452,2.5
C-001797141,S-0056,-74.16377704759165,1,1,女性,21,5,12,0.8333333333333334,11346,1,15,4406070.585753419,7.528767123287671,4.0
C-000836890,S-0062,-100.0,1,1,女性,69,9,12,0.1666666666666666,1426,2,15,4713869.782113416,4.575342465753424,1.0
C-001932790,S-0002,-27.65548934215461,0,1,男性,53,4,12,0.3333333333333333,0,0,15,4455566.655169959,5.663013698630137,2.0
C-000159716,S-0041,-100.0,1,1,女性,81,12,12,0.0833333333333333,18649,1,17,4828489.286769263,10.389041095890411,7.0
C-001431555,S-0008,-14.710359880412256,0,1,女性,83,6,12,0.4166666666666667,77760,1,22,4498453.308937302,10.772602739726027,7.0
C-000988008,S-0004,-34.114203372527406,0,1,男性,42,8,12,0.0833333333333333,8386,1,22,4423576.351309,11.806849315068494,9.0
C-000721988,S-0012,-60.981425512203266,1,1,女性,68,9,12,0.25,0,0,16,4444678.825084195,7.994520547945205,5.0
C-002164566,S-0113,-62.39533644954902,1,1,男性,51,3,12,0.5,66427,1,16,4336633.961311346,5.77945205479452,2.5
C-002605061,S-0039,-24.153803271031556,0,1,女性,48,1,12,0.0,13003,1,16,4591288.568998441,8.193150684931506,5.0
C-002433668,S-0017,-59.59247046087446,1,1,女性,21,2,12,0.1666666666666666,0,0,20,4640207.03550726,5.608219178082192,2.5
C-001764518,S-0082,-17.057033443431603,0,1,女性,40,5,12,0.1666666666666666,0,0,17,4607261.71451126,4.758904109589041,2.0
C-000284751,S-0096,-24.030962258908296,0,1,女性,48,11,12,0.0833333333333333,0,0,16,4644856.458098179,8.302739726027397,5.0
C-000752550,S-0056,-47.207579599716766,0,1,女性,53,9,12,0.1666666666666666,0,0,15,4406070.585753419,7.528767123287671,4.0
C-001883884,S-0111,-25.259832891787244,0,1,女性,33,4,12,0.1666666666666666,15353,1,19,4489501.980758176,6.397260273972603,4.0
C-001824295,S-0102,-71.85327649927953,1,1,男性,44,4,12,0.0,2466,2,16,4383474.364435211,10.484931506849314,7.5
C-000047498,S-0096,-17.94731713079172,0,1,女性,47,12,12,0.5,0,0,16,4644856.458098179,8.302739726027397,5.0
C-000514392,S-0030,-13.888278762574705,0,1,女性,61,10,12,0.0833333333333333,31650,2,22,4426478.045479023,9.236986301369862,5.5
C-000389949,S-0040,-64.0113336021144,1,1,女性,60,11,12,0.1666666666666666,21625,2,20,4550116.0180538,8.163013698630138,4.0
C-000780695,S-0117,-100.0,1,1,男性,74,9,12,0.0833333333333333,1686,1,20,4500859.737076383,9.593150684931507,7.0
C-001135881,S-0012,-55.75705944080235,1,1,女性,52,7,12,0.1666666666666666,36638,2,16,4444678.825084195,7.994520547945205,5.0
C-000672510,S-0074,-68.74424995519446,1,1,女性,43,10,12,0.1666666666666666,101607,2,14,4614054.39694187,8.308219178082192,6.0
C-002529797,S-0018,-44.49309837692253,0,1,女性,44,1,12,0.25,0,0,16,4493108.581950108,7.550684931506849,5.0
C-000386398,S-0131,-39.79777924389728,0,1,男性,18,11,12,0.25,4770,2,17,4569023.5643747775,5.13972602739726,2.0
C-000959012,S-0008,-43.50485411623852,0,1,女性,40,8,12,0.25,26262,1,22,4498453.308937302,10.772602739726027,7.0
C-001294512,S-0072,-27.58364727481728,0,1,男性,53,7,12,0.0833333333333333,2318,2,12,4406797.312641796,9.01917808219178,6.0
C-002020528,S-0113,-48.53232734882697,0,1,女性,46,4,12,0.0833333333333333,18728,2,16,4336633.961311346,5.77945205479452,2.5
C-000466499,S-0096,-24.64841974360726,0,1,男性,43,10,12,0.4166666666666667,-453,1,16,4644856.458098179,8.302739726027397,5.0
C-000235854,S-0100,-100.0,1,1,女性,56,11,12,0.3333333333333333,46029,1,17,4535925.154217558,4.720547945205479,2.0
C-000557179,S-0036,-39.9784545566,0,1,女性,42,10,12,0.1666666666666666,29601,1,19,4397834.424680548,11.123287671232877,9.0
C-002093657,S-0012,-26.272263864048924,0,1,男性,43,3,12,0.25,0,0,16,4444678.825084195,7.994520547945205,5.0
C-000393044,S-0085,-22.624091148727324,0,1,女性,41,11,12,0.3333333333333333,0,0,15,4606655.398026554,4.928767123287671,2.0
C-001320143,S-0074,-51.32840859334171,1,1,女性,55,7,12,0.1666666666666666,19373,1,14,4614054.39694187,8.308219178082192,6.0
C-000807296,S-0048,-100.0,1,1,女性,54,9,12,0.1666666666666666,5264,1,15,4502249.082895545,3.671232876712329,1.0
C-001806237,S-0012,-91.6184814914888,1,1,女性,24,4,12,0.1666666666666666,13278,1,16,4444678.825084195,7.994520547945205,5.0
C-001592980,S-0012,-100.0,1,1,女性,45,5,12,0.25,0,0,16,4444678.825084195,7.994520547945205,5.0
C-002384240,S-0056,-33.20405979898083,0,1,男性,51,2,12,0.3333333333333333,15397,2,15,4406070.585753419,7.528767123287671,4.0
C-000690192,S-0018,-26.983433024652076,0,1,女性,45,9,12,0.1666666666666666,11028,2,16,4493108.581950108,7.550684931506849,5.0
C-000312407,S-0117,-18.886943951936217,0,1,女性,53,11,12,0.4166666666666667,4443,1,20,4500859.737076383,9.593150684931507,7.0
C-001799818,S-0002,-18.25371651466814,0,1,女性,52,4,12,0.3333333333333333,1096,1,15,4455566.655169959,5.663013698630137,2.0
C-002298425,S-0096,-100.0,1,1,女性,58,2,12,0.25,0,0,16,4644856.458098179,8.302739726027397,5.0
C-001794895,S-0020,-32.59204379267302,0,1,男性,31,5,12,0.0,4819,2,16,4280702.057267675,6.986301369863014,3.5
C-000035008,S-0036,-40.645279594221634,0,1,女性,46,12,12,0.1666666666666666,16198,1,19,4397834.424680548,11.123287671232877,9.0
C-002105168,S-0007,-19.769691451982304,0,1,女性,51,3,12,0.25,0,0,21,4487075.727367008,3.7260273972602738,1.0
C-000887735,S-0099,-100.0,1,1,男性,35,9,12,0.1666666666666666,0,0,13,4464126.154078853,8.147945205479452,5.0
C-001056979,S-0115,-35.101955713538665,0,1,男性,56,8,12,0.1666666666666666,20087,2,14,4553643.099564746,10.51095890410959,7.0
C-002426294,S-0018,-69.3583391180155,1,1,男性,62,2,12,0.6666666666666666,11273,1,16,4493108.581950108,7.550684931506849,5.0
C-001075731,S-0089,-100.0,1,1,男性,68,8,12,0.3333333333333333,7118,1,19,4721110.949352573,10.142465753424657,7.0
C-000852201,S-0056,-36.56866003542903,0,1,女性,51,9,12,0.25,0,0,15,4406070.585753419,7.528767123287671,4.0
C-002581268,S-0080,-76.96863556758477,1,1,女性,44,1,12,0.4166666666666667,2705,1,17,4457429.264950683,11.673972602739726,9.0
C-001464088,S-0097,-100.0,1,1,女性,57,6,12,0.0833333333333333,33830,2,21,4592508.716501317,10.09041095890411,7.0
C-001902564,S-0089,-20.687375957217057,0,1,女性,34,4,12,0.4166666666666667,15836,1,19,4721110.949352573,10.142465753424657,7.0
C-001540305,S-0085,-100.0,1,1,女性,83,6,12,0.1666666666666666,10308,2,15,4606655.398026554,4.928767123287671,2.0
C-002016978,S-0102,-51.9957724401661,1,1,女性,57,4,12,0.0,0,0,16,4383474.364435211,10.484931506849314,7.5
C-001797745,S-0117,-97.63337542419698,1,1,男性,64,5,12,0.0833333333333333,0,0,20,4500859.737076383,9.593150684931507,7.0
C-002221562,S-0004,-100.0,1,1,女性,59,3,12,0.25,14116,1,22,4423576.351309,11.806849315068494,9.0
C-001032962,S-0115,-100.0,1,1,男性,35,8,12,0.5,4142,2,14,4553643.099564746,10.51095890410959,7.0
C-000426648,S-0113,-100.0,1,1,男性,32,11,12,0.3333333333333333,3432,2,16,4336633.961311346,5.77945205479452,2.5
C-002416056,S-0012,-92.39124917516878,1,1,男性,36,2,12,0.4166666666666667,0,0,16,4444678.825084195,7.994520547945205,5.0
C-001251721,S-0096,-41.172804028073465,0,1,女性,53,7,12,0.0833333333333333,0,0,16,4644856.458098179,8.302739726027397,5.0
C-002444368,S-0113,-96.61813844834553,1,1,男性,50,2,12,0.3333333333333333,0,0,16,4336633.961311346,5.77945205479452,2.5
C-002531319,S-0014,-100.0,1,1,女性,42,1,12,0.3333333333333333,0,0,21,4730192.353344672,7.336986301369863,4.0
C-000974562,S-0099,-34.66310446166177,0,1,男性,50,8,12,0.0833333333333333,0,0,13,4464126.154078853,8.147945205479452,5.0
C-002388814,S-0056,-49.8633871278933,1,1,女性,52,2,12,0.1666666666666666,28314,1,15,4406070.585753419,7.528767123287671,4.0
C-002184265,S-0014,-78.04120782019918,1,1,男性,65,3,12,0.1666666666666666,0,0,21,4730192.353344672,7.336986301369863,4.0
C-000479750,S-0113,-100.0,1,1,男性,55,10,12,0.0833333333333333,0,0,16,4336633.961311346,5.77945205479452,2.5
C-002199841,S-0030,-35.5146028863571,0,1,男性,55,3,12,0.0833333333333333,0,0,22,4426478.045479023,9.236986301369862,5.5
C-000861326,S-0040,-22.85853810863694,0,1,女性,48,9,12,0.8333333333333334,0,0,20,4550116.0180538,8.163013698630138,4.0
C-001825009,S-0089,-12.956623303395224,0,1,男性,59,4,12,0.1666666666666666,-15884,1,19,4721110.949352573,10.142465753424657,7.0
C-000222268,S-0102,-99.77873217161678,1,1,女性,65,12,12,0.0833333333333333,9380,2,16,4383474.364435211,10.484931506849314,7.5
C-001116855,S-0079,-100.0,1,1,女性,58,8,12,0.5,34931,1,13,4256656.371085242,8.479452054794521,6.0
C-002632765,S-0121,-100.0,1,1,女性,44,1,12,0.0,99404,1,14,4716268.25678644,9.856164383561644,7.0
C-001367653,S-0113,-71.2213576767553,1,1,男性,51,6,12,1.0,14730,2,16,4336633.961311346,5.77945205479452,2.5
C-002673017,S-0054,-53.00540086025678,1,1,女性,60,1,12,1.0,5492,1,23,4489160.181517739,6.358904109589041,4.0
C-001711128,S-0097,-100.0,1,1,女性,44,5,12,0.1666666666666666,0,0,21,4592508.716501317,10.09041095890411,7.0
C-000582787,S-0113,-20.41047806292712,0,1,男性,49,10,12,0.1666666666666666,8696,2,16,4336633.961311346,5.77945205479452,2.5
C-001203852,S-0012,-33.71210777747161,0,1,女性,34,7,12,0.25,0,0,16,4444678.825084195,7.994520547945205,5.0
C-002041611,S-0099,-26.13287219235548,0,1,女性,71,3,12,0.0833333333333333,17953,1,13,4464126.154078853,8.147945205479452,5.0
C-002341094,S-0039,-50.10472117985862,1,1,女性,42,2,12,0.6666666666666666,7165,1,16,4591288.568998441,8.193150684931506,5.0
C-000865056,S-0036,-100.0,1,1,女性,32,9,12,0.1666666666666666,25805,2,19,4397834.424680548,11.123287671232877,9.0
C-000022947,S-0014,-48.406842525557174,0,1,男性,62,12,12,0.3333333333333333,6376,1,21,4730192.353344672,7.336986301369863,4.0
C-000702157,S-0089,-54.10829944268715,1,1,女性,22,9,12,0.1666666666666666,0,0,19,4721110.949352573,10.142465753424657,7.0
C-001941634,S-0036,-99.828655987954,1,1,女性,54,4,12,0.5833333333333334,4797,1,19,4397834.424680548,11.123287671232877,9.0
C-001097031,S-0050,-51.582605384047795,1,1,男性,56,8,12,0.0,0,0,20,4615411.181286601,9.2013698630137,6.0
C-002484130,S-0062,-28.239076096400357,0,1,男性,53,1,12,0.5833333333333334,0,0,15,4713869.782113416,4.575342465753424,1.0
C-002678044,S-0121,-100.0,1,1,男性,44,1,12,0.25,0,0,14,4716268.25678644,9.856164383561644,7.0
C-001363796,S-0111,-41.93056976382155,0,1,男性,53,6,12,0.5,4412,1,19,4489501.980758176,6.397260273972603,4.0
C-002229797,S-0036,-50.93211033412316,1,1,男性,58,3,12,0.1666666666666666,0,0,19,4397834.424680548,11.123287671232877,9.0
C-001669848,S-0074,-100.0,1,1,女性,24,5,12,0.0,53931,2,14,4614054.39694187,8.308219178082192,6.0
C-000912384,S-0041,-36.656623424624534,0,1,男性,46,8,12,0.1666666666666666,30560,1,17,4828489.286769263,10.389041095890411,7.0
C-002247245,S-0030,-10.928714417627427,0,1,男性,62,3,12,0.4166666666666667,2672,2,22,4426478.045479023,9.236986301369862,5.5
C-002541230,S-0074,-100.0,1,1,男性,68,1,12,0.25,6937,1,14,4614054.39694187,8.308219178082192,6.0
C-000931879,S-0089,-91.82179081920452,1,1,男性,43,8,12,0.3333333333333333,8816,1,19,4721110.949352573,10.142465753424657,7.0
C-002025427,S-0075,-29.765815935366195,0,1,女性,35,3,12,0.25,57055,1,19,4506647.2743158825,4.526027397260274,1.0
C-002178741,S-0096,-100.0,1,1,男性,69,3,12,0.1666666666666666,10847,1,16,4644856.458098179,8.302739726027397,5.0
C-000579035,S-0039,-100.0,1,1,女性,42,10,12,0.1666666666666666,0,0,16,4591288.568998441,8.193150684931506,5.0
C-000995106,S-0002,-88.57835284452659,1,1,女性,50,8,12,0.5833333333333334,0,0,15,4455566.655169959,5.663013698630137,2.0
C-000406337,S-0097,-97.30844015555236,1,1,男性,54,11,12,0.3333333333333333,0,0,21,4592508.716501317,10.09041095890411,7.0
C-002625132,S-0102,-100.0,1,1,男性,49,1,12,0.0,46209,1,16,4383474.364435211,10.484931506849314,7.5
C-002201453,S-0017,-100.0,1,1,女性,44,3,12,0.25,829,1,20,4640207.03550726,5.608219178082192,2.5
C-001129231,S-0102,-100.0,1,1,女性,28,7,12,0.5833333333333334,20410,2,16,4383474.364435211,10.484931506849314,7.5
C-001708959,S-0121,-26.876393295745828,0,1,男性,86,5,12,0.1666666666666666,42200,1,14,4716268.25678644,9.856164383561644,7.0
C-002535454,S-0111,-43.76802088612716,0,1,女性,53,1,12,0.1666666666666666,0,0,19,4489501.980758176,6.397260273972603,4.0
C-002369266,S-0075,-23.026174657980945,0,1,女性,41,2,12,0.0833333333333333,19679,2,19,4506647.2743158825,4.526027397260274,1.0
C-000510986,S-0018,-100.0,1,1,女性,53,10,12,0.0833333333333333,0,0,16,4493108.581950108,7.550684931506849,5.0
C-000815171,S-0040,-100.0,1,1,男性,34,9,12,0.5833333333333334,0,0,20,4550116.0180538,8.163013698630138,4.0
C-002006305,S-0004,-18.043151169901193,0,1,女性,48,4,12,0.3333333333333333,0,0,22,4423576.351309,11.806849315068494,9.0
C-000192242,S-0072,-52.0029046934511,1,1,女性,55,12,12,0.3333333333333333,0,0,12,4406797.312641796,9.01917808219178,6.0
C-002050789,S-0079,-100.0,1,1,男性,36,3,12,0.3333333333333333,50916,1,13,4256656.371085242,8.479452054794521,6.0
C-002472430,S-0097,-36.880353670271106,0,1,男性,55,1,12,0.1666666666666666,0,0,21,4592508.716501317,10.09041095890411,7.0
C-002473862,S-0039,-22.874251497005986,0,1,女性,44,1,12,0.3333333333333333,21655,2,16,4591288.568998441,8.193150684931506,5.0
C-001967779,S-0036,-18.677157543685396,0,1,女性,55,4,12,0.1666666666666666,14384,2,19,4397834.424680548,11.123287671232877,9.0
C-001700687,S-0018,-100.0,1,1,女性,58,5,12,0.3333333333333333,0,0,16,4493108.581950108,7.550684931506849,5.0
C-002171994,S-0048,-100.0,1,1,女性,56,3,12,0.1666666666666666,5779,1,15,4502249.082895545,3.671232876712329,1.0
C-000635264,S-0100,-70.18621597977292,1,1,女性,52,10,12,0.0833333333333333,0,0,17,4535925.154217558,4.720547945205479,2.0
C-000398338,S-0126,-100.0,1,1,女性,51,11,12,0.75,1549,1,17,4493168.352495564,5.53972602739726,3.0
C-000463911,S-0040,-41.68620721872429,0,1,女性,37,10,12,0.3333333333333333,0,0,20,4550116.0180538,8.163013698630138,4.0
C-001822368,S-0056,-23.737768868848942,0,1,男性,46,4,12,0.0833333333333333,26164,2,15,4406070.585753419,7.528767123287671,4.0
C-000744883,S-0002,-34.755211046407666,0,1,男性,43,9,12,0.4166666666666667,32215,1,15,4455566.655169959,5.663013698630137,2.0
C-002217508,S-0074,-33.437324390102454,0,1,男性,37,3,12,0.0833333333333333,0,0,14,4614054.39694187,8.308219178082192,6.0
C-001738254,S-0072,-43.180378813209295,0,1,女性,42,5,12,0.1666666666666666,0,0,12,4406797.312641796,9.01917808219178,6.0
C-000618757,S-0131,-100.0,1,1,男性,61,10,12,0.0833333333333333,29725,2,17,4569023.5643747775,5.13972602739726,2.0
C-001967932,S-0100,-52.028829097043904,1,1,女性,45,4,12,0.3333333333333333,0,0,17,4535925.154217558,4.720547945205479,2.0
C-001849756,S-0089,-100.0,1,1,女性,38,4,12,0.0833333333333333,3254,2,19,4721110.949352573,10.142465753424657,7.0
C-001566613,S-0048,-100.0,1,1,女性,28,6,12,0.0833333333333333,42981,1,15,4502249.082895545,3.671232876712329,1.0
C-002021990,S-0007,-13.138913496529792,0,1,男性,55,4,12,0.1666666666666666,7611,1,21,4487075.727367008,3.7260273972602738,1.0
C-000181404,S-0072,-100.0,1,1,女性,77,12,12,0.0833333333333333,0,0,12,4406797.312641796,9.01917808219178,6.0
C-001606611,S-0096,-43.59892902298138,0,1,女性,50,5,12,0.3333333333333333,0,0,16,4644856.458098179,8.302739726027397,5.0
C-001266180,S-0106,-67.70659397955345,1,1,女性,47,7,12,0.5833333333333334,65051,1,20,4462729.145118021,6.171232876712329,3.5
C-000819041,S-0097,-29.74451318641618,0,1,女性,85,9,12,0.1666666666666666,2216,1,21,4592508.716501317,10.09041095890411,7.0
C-000207693,S-0056,-100.0,1,1,男性,43,12,12,0.3333333333333333,0,0,15,4406070.585753419,7.528767123287671,4.0
C-000848935,S-0030,-100.0,1,1,女性,35,9,12,0.25,0,0,22,4426478.045479023,9.236986301369862,5.5
C-002070860,S-0041,-25.184209339952012,0,1,女性,60,3,12,0.0,0,0,17,4828489.286769263,10.389041095890411,7.0
C-002361762,S-0054,-100.0,1,1,女性,57,2,12,0.0833333333333333,8454,1,23,4489160.181517739,6.358904109589041,4.0
C-001354722,S-0117,-98.09997988332327,1,1,女性,47,6,12,0.25,0,0,20,4500859.737076383,9.593150684931507,7.0
C-000385828,S-0121,-8.89647142397767,0,1,女性,37,11,12,0.4166666666666667,0,0,14,4716268.25678644,9.856164383561644,7.0
C-001070885,S-0014,-14.574512109228335,0,1,女性,59,8,12,0.5833333333333334,17580,2,21,4730192.353344672,7.336986301369863,4.0
C-000047628,S-0014,-42.014598250590076,0,1,女性,39,12,12,0.3333333333333333,33186,2,21,4730192.353344672,7.336986301369863,4.0
C-001825350,S-0102,-37.51115963124697,0,1,男性,46,4,12,0.3333333333333333,34313,1,16,4383474.364435211,10.484931506849314,7.5
C-002615715,S-0018,-100.0,1,1,女性,55,1,12,0.0,52893,2,16,4493108.581950108,7.550684931506849,5.0
C-000637665,S-0050,-100.0,1,1,女性,65,10,12,0.3333333333333333,3225,1,20,4615411.181286601,9.2013698630137,6.0
C-001077759,S-0113,-100.0,1,1,男性,53,8,12,0.5833333333333334,9384,1,16,4336633.961311346,5.77945205479452,2.5
C-002385058,S-0075,-19.4447152048852,0,1,女性,53,2,12,0.0833333333333333,5896,1,19,4506647.2743158825,4.526027397260274,1.0
C-000571507,S-0102,-72.91291197166544,1,1,男性,25,10,12,0.0833333333333333,9231,2,16,4383474.364435211,10.484931506849314,7.5
C-001240705,S-0115,-100.0,1,1,男性,27,7,12,0.1666666666666666,0,0,14,4553643.099564746,10.51095890410959,7.0
C-000963580,S-0115,-100.0,1,1,女性,55,8,12,0.5833333333333334,0,0,14,4553643.099564746,10.51095890410959,7.0
C-001512259,S-0018,-81.80539331018937,1,1,男性,62,6,12,0.25,0,0,16,4493108.581950108,7.550684931506849,5.0
C-000486139,S-0097,-50.80036983690695,1,1,男性,49,10,12,0.3333333333333333,16244,2,21,4592508.716501317,10.09041095890411,7.0
C-002491941,S-0048,-100.0,1,1,女性,48,1,12,0.5833333333333334,0,0,15,4502249.082895545,3.671232876712329,1.0
C-000573450,S-0004,-27.099619162156745,0,1,女性,59,10,12,0.1666666666666666,0,0,22,4423576.351309,11.806849315068494,9.0
C-000396405,S-0039,-50.04620392115315,1,1,女性,36,11,12,0.5,0,0,16,4591288.568998441,8.193150684931506,5.0
C-000519187,S-0113,-100.0,1,1,女性,70,10,12,0.0833333333333333,0,0,16,4336633.961311346,5.77945205479452,2.5
C-000186985,S-0050,-39.45889413443587,0,1,男性,71,12,12,0.25,0,0,20,4615411.181286601,9.2013698630137,6.0
C-002583383,S-0036,-27.516980745916307,0,1,女性,79,1,12,0.0,0,0,19,4397834.424680548,11.123287671232877,9.0
C-001335775,S-0096,-19.8875325744068,0,1,男性,34,7,12,0.0,0,0,16,4644856.458098179,8.302739726027397,5.0
C-001291275,S-0002,-5.814966360016477,0,1,女性,33,7,12,0.3333333333333333,0,0,15,4455566.655169959,5.663013698630137,2.0
C-002071468,S-0080,-71.32190725363901,1,1,女性,44,3,12,0.3333333333333333,0,0,17,4457429.264950683,11.673972602739726,9.0
C-001030171,S-0131,-27.987003396839462,0,1,女性,49,8,12,0.1666666666666666,420,2,17,4569023.5643747775,5.13972602739726,2.0
C-001464075,S-0102,-16.090545391293347,0,1,男性,60,6,12,0.25,7948,1,16,4383474.364435211,10.484931506849314,7.5
C-000219084,S-0030,-45.77796133880777,0,1,男性,45,12,12,0.1666666666666666,11451,1,22,4426478.045479023,9.236986301369862,5.5
C-002485431,S-0113,-11.349926393158203,0,1,女性,64,1,12,0.1666666666666666,31699,2,16,4336633.961311346,5.77945205479452,2.5
C-001602728,S-0063,-30.573469558340356,0,1,女性,40,5,12,0.6666666666666666,7595,1,18,4564012.176421695,5.749315068493151,3.0
C-002564992,S-0115,-100.0,1,1,女性,45,1,12,0.0833333333333333,0,0,14,4553643.099564746,10.51095890410959,7.0
C-001518985,S-0099,-35.11038924247861,0,1,女性,50,6,12,0.4166666666666667,8912,2,13,4464126.154078853,8.147945205479452,5.0
C-000400634,S-0099,-17.91419314022141,0,1,女性,52,11,12,0.1666666666666666,6486,1,13,4464126.154078853,8.147945205479452,5.0
C-000205149,S-0121,-100.0,1,1,男性,20,12,12,0.25,0,0,14,4716268.25678644,9.856164383561644,7.0
C-001952863,S-0014,-100.0,1,1,女性,48,4,12,0.5833333333333334,22898,1,21,4730192.353344672,7.336986301369863,4.0
C-002476257,S-0063,-24.961000830552056,0,1,男性,53,1,12,0.5,0,0,18,4564012.176421695,5.749315068493151,3.0
C-001391714,S-0040,-19.668964005316305,0,1,女性,44,6,12,0.25,0,0,20,4550116.0180538,8.163013698630138,4.0
C-001224032,S-0004,-63.619490465770554,1,1,女性,45,7,12,0.25,0,0,22,4423576.351309,11.806849315068494,9.0
C-000940794,S-0131,-32.236533799249656,0,1,男性,26,8,12,0.3333333333333333,33758,2,17,4569023.5643747775,5.13972602739726,2.0
C-002390422,S-0039,-35.65586948857715,0,1,女性,34,2,12,0.1666666666666666,0,0,16,4591288.568998441,8.193150684931506,5.0
C-001765851,S-0059,-100.0,1,1,男性,39,5,12,0.1666666666666666,39554,1,14,4713188.969095345,6.8123287671232875,3.0
C-000532388,S-0002,-85.43924656476763,1,1,男性,53,10,12,0.4166666666666667,212,1,15,4455566.655169959,5.663013698630137,2.0
C-001789223,S-0111,-44.66587330071718,0,1,男性,59,5,12,0.3333333333333333,0,0,19,4489501.980758176,6.397260273972603,4.0
C-001833649,S-0041,-57.32478198680385,1,1,女性,32,4,12,0.0833333333333333,24467,2,17,4828489.286769263,10.389041095890411,7.0
C-001093561,S-0018,-32.76384866791458,0,1,女性,67,8,12,0.25,17142,1,16,4493108.581950108,7.550684931506849,5.0
C-001619817,S-0106,-100.0,1,1,男性,51,5,12,0.3333333333333333,6213,2,20,4462729.145118021,6.171232876712329,3.5
C-001400465,S-0079,-100.0,1,1,男性,52,6,12,0.25,0,0,13,4256656.371085242,8.479452054794521,6.0
C-000178212,S-0020,-100.0,1,1,女性,54,12,12,0.0833333333333333,17735,1,16,4280702.057267675,6.986301369863014,3.5
C-000155505,S-0117,-81.22298426603653,1,1,女性,70,12,12,0.3333333333333333,6583,1,20,4500859.737076383,9.593150684931507,7.0
C-000907285,S-0059,-21.342102348721706,0,1,女性,31,8,12,0.3333333333333333,4490,2,14,4713188.969095345,6.8123287671232875,3.0
C-001469361,S-0036,-24.462931680489756,0,1,女性,31,6,12,0.25,33275,1,19,4397834.424680548,11.123287671232877,9.0
C-000417413,S-0121,-20.899371171000322,0,1,女性,33,11,12,0.25,0,0,14,4716268.25678644,9.856164383561644,7.0
C-001776829,S-0096,-100.0,1,1,女性,77,5,12,0.3333333333333333,40845,2,16,4644856.458098179,8.302739726027397,5.0
C-001933449,S-0041,-100.0,1,1,男性,34,4,12,0.1666666666666666,16952,1,17,4828489.286769263,10.389041095890411,7.0
C-002556228,S-0115,-23.42333431620279,0,1,女性,58,1,12,0.0833333333333333,21426,1,14,4553643.099564746,10.51095890410959,7.0
C-000114589,S-0056,-100.0,1,1,女性,84,12,12,0.4166666666666667,0,0,15,4406070.585753419,7.528767123287671,4.0
C-002527772,S-0115,-48.88476205890955,1,1,男性,59,1,12,0.3333333333333333,0,0,14,4553643.099564746,10.51095890410959,7.0
C-000876608,S-0063,-100.0,1,1,女性,38,9,12,0.3333333333333333,654,1,18,4564012.176421695,5.749315068493151,3.0
C-001699531,S-0018,-100.0,1,1,女性,38,5,12,0.1666666666666666,54821,1,16,4493108.581950108,7.550684931506849,5.0
C-001956557,S-0036,-100.0,1,1,女性,41,4,12,0.8333333333333334,11090,2,19,4397834.424680548,11.123287671232877,9.0
C-002017872,S-0080,-43.38155955076671,0,1,男性,72,4,12,0.0833333333333333,4493,2,17,4457429.264950683,11.673972602739726,9.0
C-000415629,S-0018,-34.682647717047736,0,1,女性,52,11,12,0.5,0,0,16,4493108.581950108,7.550684931506849,5.0
C-002132508,S-0117,-63.36828173790765,1,1,女性,38,3,12,0.3333333333333333,12966,2,20,4500859.737076383,9.593150684931507,7.0
C-000857461,S-0111,-100.0,1,1,男性,38,9,12,0.4166666666666667,0,0,19,4489501.980758176,6.397260273972603,4.0
C-001760312,S-0007,-100.0,1,1,男性,54,5,12,0.25,0,0,21,4487075.727367008,3.7260273972602738,1.0
C-002262578,S-0002,-83.37575196668209,1,1,男性,60,2,12,0.4166666666666667,16301,1,15,4455566.655169959,5.663013698630137,2.0
C-000487778,S-0054,-68.30668912463186,1,1,男性,53,10,12,0.5,0,0,23,4489160.181517739,6.358904109589041,4.0
C-000740802,S-0004,-21.266204474098906,0,1,男性,38,9,12,0.1666666666666666,0,0,22,4423576.351309,11.806849315068494,9.0
C-000691741,S-0072,-27.845347895383167,0,1,女性,52,9,12,0.3333333333333333,67182,2,12,4406797.312641796,9.01917808219178,6.0
C-001450475,S-0079,-28.9215001977618,0,1,女性,55,6,12,0.0833333333333333,10940,1,13,4256656.371085242,8.479452054794521,6.0
C-002501888,S-0096,-47.60071894382497,0,1,男性,51,1,12,0.25,25458,1,16,4644856.458098179,8.302739726027397,5.0
C-000267897,S-0099,-45.77234274080315,0,1,女性,50,11,12,0.1666666666666666,15940,1,13,4464126.154078853,8.147945205479452,5.0
C-001433937,S-0117,-17.217133889569613,0,1,女性,51,6,12,0.0,0,0,20,4500859.737076383,9.593150684931507,7.0
C-001182685,S-0072,-25.42195680329813,0,1,男性,42,7,12,0.1666666666666666,17040,2,12,4406797.312641796,9.01917808219178,6.0
C-000428403,S-0062,-17.84320732087995,0,1,男性,34,11,12,0.25,0,0,15,4713869.782113416,4.575342465753424,1.0
C-001820907,S-0115,-100.0,1,1,男性,48,4,12,0.1666666666666666,4818,1,14,4553643.099564746,10.51095890410959,7.0
C-000291517,S-0089,-100.0,1,1,男性,72,11,12,0.1666666666666666,0,0,19,4721110.949352573,10.142465753424657,7.0
C-000307543,S-0075,-17.285390791189187,0,1,男性,45,11,12,0.25,0,0,19,4506647.2743158825,4.526027397260274,1.0
C-001494649,S-0036,-19.85720362662752,0,1,女性,52,6,12,0.3333333333333333,0,0,19,4397834.424680548,11.123287671232877,9.0
C-001222762,S-0036,-34.56811610768068,0,1,女性,48,7,12,0.25,9090,1,19,4397834.424680548,11.123287671232877,9.0
C-001799606,S-0115,-59.49948722073639,1,1,男性,79,4,12,0.25,82161,1,14,4553643.099564746,10.51095890410959,7.0
C-001727460,S-0113,-100.0,1,1,男性,55,5,12,0.3333333333333333,0,0,16,4336633.961311346,5.77945205479452,2.5
C-002005327,S-0113,-61.38604448272198,1,1,女性,46,4,12,0.4166666666666667,8946,1,16,4336633.961311346,5.77945205479452,2.5
C-001224145,S-0111,-39.22327106698313,0,1,男性,63,7,12,0.5,0,0,19,4489501.980758176,6.397260273972603,4.0
C-000419858,S-0111,-84.39223639568606,1,1,男性,49,11,12,0.25,0,0,19,4489501.980758176,6.397260273972603,4.0
C-001297352,S-0056,-46.396570995889526,0,1,女性,43,7,12,0.5833333333333334,0,0,15,4406070.585753419,7.528767123287671,4.0
C-002657863,S-0131,-63.37753041304034,1,1,女性,41,1,12,0.0,69483,1,17,4569023.5643747775,5.13972602739726,2.0
C-000153652,S-0121,-89.02244709697258,1,1,男性,40,12,12,0.5833333333333334,21004,1,14,4716268.25678644,9.856164383561644,7.0
C-001527326,S-0079,-96.1777769535343,1,1,女性,35,6,12,0.1666666666666666,0,0,13,4256656.371085242,8.479452054794521,6.0
C-000206395,S-0056,-98.72412384453881,1,1,女性,42,12,12,0.3333333333333333,0,0,15,4406070.585753419,7.528767123287671,4.0
C-002439356,S-0117,-19.151220816253787,0,1,男性,50,2,12,0.25,18364,2,20,4500859.737076383,9.593150684931507,7.0
C-000034484,S-0036,-85.52855605649917,1,1,女性,54,12,12,0.5833333333333334,0,0,19,4397834.424680548,11.123287671232877,9.0
C-001470473,S-0039,-90.20181717738049,1,1,女性,42,6,12,0.25,0,0,16,4591288.568998441,8.193150684931506,5.0
C-002448205,S-0085,-18.8084725352765,0,1,女性,24,2,12,0.6666666666666666,90465,2,15,4606655.398026554,4.928767123287671,2.0
C-002120167,S-0050,-14.063948553255909,0,1,男性,59,3,12,0.4166666666666667,189,1,20,4615411.181286601,9.2013698630137,6.0
C-000314367,S-0113,-100.0,1,1,男性,58,11,12,0.5833333333333334,30866,1,16,4336633.961311346,5.77945205479452,2.5
C-000531865,S-0074,-100.0,1,1,女性,41,10,12,0.3333333333333333,11273,1,14,4614054.39694187,8.308219178082192,6.0
C-001978426,S-0079,-20.68828663915692,0,1,男性,31,4,12,0.5,4760,1,13,4256656.371085242,8.479452054794521,6.0
C-000820177,S-0041,-66.7728580261849,1,1,男性,50,9,12,0.0833333333333333,1714,1,17,4828489.286769263,10.389041095890411,7.0
C-001493736,S-0054,-100.0,1,1,男性,66,6,12,0.3333333333333333,223362,1,23,4489160.181517739,6.358904109589041,4.0
C-002318364,S-0117,-85.78679501964656,1,1,女性,42,2,12,0.0,15816,1,20,4500859.737076383,9.593150684931507,7.0
C-001321275,S-0048,-64.02508099780229,1,1,女性,60,7,12,0.1666666666666666,15089,1,15,4502249.082895545,3.671232876712329,1.0
C-002428468,S-0115,-34.62160119266356,0,1,男性,45,2,12,0.75,0,0,14,4553643.099564746,10.51095890410959,7.0
C-002568077,S-0106,-60.21702878410711,1,1,男性,65,1,12,0.4166666666666667,0,0,20,4462729.145118021,6.171232876712329,3.5
C-000214671,S-0012,-100.0,1,1,男性,51,12,12,0.25,0,0,16,4444678.825084195,7.994520547945205,5.0
C-002547732,S-0072,-100.0,1,1,女性,48,1,12,0.0833333333333333,2090,1,12,4406797.312641796,9.01917808219178,6.0
C-000166143,S-0020,-100.0,1,1,女性,66,12,12,0.5,0,0,16,4280702.057267675,6.986301369863014,3.5
C-002584882,S-0040,-49.58863871691672,1,1,男性,41,1,12,0.3333333333333333,2394,2,20,4550116.0180538,8.163013698630138,4.0
C-000494288,S-0096,-100.0,1,1,男性,49,10,12,0.25,5819,1,16,4644856.458098179,8.302739726027397,5.0
C-000414657,S-0002,-34.602324836283316,0,1,女性,19,11,12,0.1666666666666666,3450,1,15,4455566.655169959,5.663013698630137,2.0
C-001890171,S-0096,-100.0,1,1,男性,44,4,12,0.0,12853,1,16,4644856.458098179,8.302739726027397,5.0
C-000351363,S-0074,-67.91814054168206,1,1,男性,29,11,12,0.3333333333333333,25802,2,14,4614054.39694187,8.308219178082192,6.0
C-000780335,S-0074,-100.0,1,1,女性,39,9,12,0.25,1637,1,14,4614054.39694187,8.308219178082192,6.0
C-001455016,S-0012,-100.0,1,1,女性,45,6,12,0.0833333333333333,0,0,16,4444678.825084195,7.994520547945205,5.0
C-000656066,S-0012,-100.0,1,1,女性,47,10,12,0.1666666666666666,54513,2,16,4444678.825084195,7.994520547945205,5.0
C-001394999,S-0097,-50.85201033766894,1,1,男性,33,6,12,0.0833333333333333,16436,2,21,4592508.716501317,10.09041095890411,7.0
C-002518346,S-0004,-37.78786047392681,0,1,女性,30,1,12,0.0833333333333333,14115,1,22,4423576.351309,11.806849315068494,9.0
C-002031195,S-0117,-91.765407814146,1,1,男性,46,3,12,0.25,369,2,20,4500859.737076383,9.593150684931507,7.0
C-002100516,S-0115,-80.02409733967633,1,1,女性,31,3,12,0.25,10260,2,14,4553643.099564746,10.51095890410959,7.0
C-002431617,S-0072,-36.25346652750857,0,1,女性,58,2,12,0.25,59327,1,12,4406797.312641796,9.01917808219178,6.0
C-000818898,S-0017,-24.921937209780886,0,1,男性,43,9,12,0.25,0,0,20,4640207.03550726,5.608219178082192,2.5
C-000688926,S-0100,-30.201323719946643,0,1,女性,56,9,12,0.1666666666666666,48389,2,17,4535925.154217558,4.720547945205479,2.0
C-002291611,S-0054,-21.05109398309299,0,1,女性,78,2,12,0.25,23632,1,23,4489160.181517739,6.358904109589041,4.0
C-002600489,S-0012,-100.0,1,1,男性,49,1,12,0.1666666666666666,0,0,16,4444678.825084195,7.994520547945205,5.0
C-000619346,S-0117,-22.32887310355938,0,1,男性,46,10,12,0.1666666666666666,4896,1,20,4500859.737076383,9.593150684931507,7.0
C-001535509,S-0121,-83.19056585426226,1,1,女性,67,6,12,0.5833333333333334,0,0,14,4716268.25678644,9.856164383561644,7.0
C-002637226,S-0096,-52.05237672035018,1,1,女性,41,1,12,0.25,0,0,16,4644856.458098179,8.302739726027397,5.0
C-000067677,S-0004,-46.78014661650302,0,1,女性,52,12,12,0.5,0,0,22,4423576.351309,11.806849315068494,9.0
C-002662752,S-0008,-46.53530483428719,0,1,男性,39,1,12,0.0833333333333333,0,0,22,4498453.308937302,10.772602739726027,7.0
C-001673920,S-0030,-18.12732872388588,0,1,男性,45,5,12,0.0833333333333333,3977,2,22,4426478.045479023,9.236986301369862,5.5
C-001561153,S-0054,-62.58182264886018,1,1,女性,43,6,12,0.5,0,0,23,4489160.181517739,6.358904109589041,4.0
C-000861963,S-0004,-58.338418759651255,1,1,女性,41,9,12,0.3333333333333333,0,0,22,4423576.351309,11.806849315068494,9.0
C-000848624,S-0089,-40.55858317985169,0,1,女性,52,9,12,0.3333333333333333,43911,1,19,4721110.949352573,10.142465753424657,7.0
C-000490029,S-0004,-88.47340920353675,1,1,女性,28,10,12,0.3333333333333333,6115,1,22,4423576.351309,11.806849315068494,9.0
C-000297237,S-0121,-87.02718945202237,1,1,男性,42,11,12,0.1666666666666666,36261,1,14,4716268.25678644,9.856164383561644,7.0
C-001326568,S-0075,-24.372124120867305,0,1,女性,55,7,12,0.4166666666666667,51184,2,19,4506647.2743158825,4.526027397260274,1.0
C-002429655,S-0089,-12.227106160158643,0,1,女性,41,2,12,0.25,33623,1,19,4721110.949352573,10.142465753424657,7.0
C-001241375,S-0100,-100.0,1,1,女性,48,7,12,0.0833333333333333,0,0,17,4535925.154217558,4.720547945205479,2.0
C-001840925,S-0099,-74.91683776599977,1,1,女性,40,4,12,0.6666666666666666,20927,1,13,4464126.154078853,8.147945205479452,5.0
C-001107026,S-0012,-25.979947567050495,0,1,男性,34,8,12,0.3333333333333333,744,1,16,4444678.825084195,7.994520547945205,5.0
C-002597950,S-0111,-100.0,1,1,男性,39,1,12,0.3333333333333333,12659,1,19,4489501.980758176,6.397260273972603,4.0
C-000688119,S-0089,-35.076044817449834,0,1,女性,55,9,12,0.4166666666666667,0,0,19,4721110.949352573,10.142465753424657,7.0
C-002390342,S-0012,-100.0,1,1,男性,47,2,12,0.1666666666666666,1691,1,16,4444678.825084195,7.994520547945205,5.0
C-001328050,S-0099,-28.332921464933523,0,1,男性,44,7,12,0.25,0,0,13,4464126.154078853,8.147945205479452,5.0
C-000301915,S-0018,-75.11688535539611,1,1,女性,38,11,12,0.1666666666666666,5861,2,16,4493108.581950108,7.550684931506849,5.0
C-000734124,S-0056,-78.15033118036683,1,1,女性,52,9,12,0.25,1604,2,15,4406070.585753419,7.528767123287671,4.0
C-000321018,S-0004,-83.11857757301996,1,1,女性,37,11,12,0.6666666666666666,23303,1,22,4423576.351309,11.806849315068494,9.0
C-002476678,S-0126,-24.204012841091494,0,1,男性,13,1,12,0.1666666666666666,3701,2,17,4493168.352495564,5.53972602739726,3.0
C-000778542,S-0100,-44.3012548045751,0,1,男性,48,9,12,0.25,0,0,17,4535925.154217558,4.720547945205479,2.0
C-000211171,S-0056,-100.0,1,1,女性,44,12,12,0.1666666666666666,63859,1,15,4406070.585753419,7.528767123287671,4.0
C-000346853,S-0082,-100.0,1,1,女性,53,11,12,0.1666666666666666,0,0,17,4607261.71451126,4.758904109589041,2.0
C-000448921,S-0056,-100.0,1,1,男性,28,11,12,0.1666666666666666,0,0,15,4406070.585753419,7.528767123287671,4.0
C-001845853,S-0036,-100.0,1,1,男性,46,4,12,0.0833333333333333,0,0,19,4397834.424680548,11.123287671232877,9.0
C-000278946,S-0074,-61.3451130652112,1,1,男性,46,11,12,0.25,22549,1,14,4614054.39694187,8.308219178082192,6.0
C-001689706,S-0074,-11.215778548462389,0,1,女性,65,5,12,0.1666666666666666,0,0,14,4614054.39694187,8.308219178082192,6.0
C-001307897,S-0063,-75.1112230336607,1,1,女性,28,7,12,0.1666666666666666,4722,2,18,4564012.176421695,5.749315068493151,3.0
C-000820509,S-0007,-28.955944048284092,0,1,男性,43,9,12,0.25,4493,1,21,4487075.727367008,3.7260273972602738,1.0
C-001817188,S-0096,-48.013243455684446,0,1,男性,75,4,12,0.25,12395,1,16,4644856.458098179,8.302739726027397,5.0
C-001258659,S-0115,-19.615873029822346,0,1,女性,64,7,12,0.0833333333333333,9938,1,14,4553643.099564746,10.51095890410959,7.0
C-001913516,S-0019,-17.62241607485694,0,1,女性,66,4,12,0.0833333333333333,0,0,19,4327199.920883598,4.090410958904109,1.0
C-002085041,S-0106,-18.997402058475085,0,1,男性,42,3,12,0.0833333333333333,0,0,20,4462729.145118021,6.171232876712329,3.5
C-002601656,S-0014,-52.71387624625196,1,1,男性,54,1,12,0.25,153733,1,21,4730192.353344672,7.336986301369863,4.0
C-000442076,S-0036,-44.56054854093306,0,1,女性,58,11,12,0.3333333333333333,6821,1,19,4397834.424680548,11.123287671232877,9.0
C-002039902,S-0079,-28.248739631989906,0,1,男性,56,3,12,0.0833333333333333,3453,2,13,4256656.371085242,8.479452054794521,6.0
C-000019714,S-0080,-58.352076809085105,1,1,女性,50,12,12,0.25,11285,2,17,4457429.264950683,11.673972602739726,9.0
C-000298995,S-0040,-44.792717631782544,0,1,女性,57,11,12,0.0833333333333333,0,0,20,4550116.0180538,8.163013698630138,4.0
C-000962214,S-0036,-61.40701450212316,1,1,女性,41,8,12,0.3333333333333333,103025,1,19,4397834.424680548,11.123287671232877,9.0
C-001369902,S-0020,-24.074844945714638,0,1,男性,46,6,12,0.25,88754,1,16,4280702.057267675,6.986301369863014,3.5
C-002644790,S-0079,-100.0,1,1,男性,38,1,12,0.0833333333333333,25217,1,13,4256656.371085242,8.479452054794521,6.0
C-002393141,S-0117,-46.171125102736795,0,1,女性,52,2,12,0.5833333333333334,26596,1,20,4500859.737076383,9.593150684931507,7.0
C-000409831,S-0012,-98.19265193096969,1,1,女性,44,11,12,0.1666666666666666,26089,2,16,4444678.825084195,7.994520547945205,5.0
C-000169018,S-0039,-34.71422880343112,0,1,女性,78,12,12,0.4166666666666667,21438,2,16,4591288.568998441,8.193150684931506,5.0
C-001099776,S-0056,-49.06954995323995,1,1,男性,59,8,12,0.5833333333333334,22213,1,15,4406070.585753419,7.528767123287671,4.0
C-000290987,S-0089,-27.522198746465364,0,1,男性,52,11,12,0.25,20623,1,19,4721110.949352573,10.142465753424657,7.0
C-002293029,S-0008,-37.34724346369529,0,1,男性,53,2,12,0.1666666666666666,0,0,22,4498453.308937302,10.772602739726027,7.0
C-000655036,S-0056,-29.85252501807729,0,1,女性,38,10,12,0.4166666666666667,0,0,15,4406070.585753419,7.528767123287671,4.0
C-001195669,S-0012,-81.17214214081172,1,1,女性,49,7,12,0.25,1319,2,16,4444678.825084195,7.994520547945205,5.0
C-000688612,S-0012,-12.086261221454995,0,1,女性,42,9,12,0.3333333333333333,26874,1,16,4444678.825084195,7.994520547945205,5.0
C-002333497,S-0089,-100.0,1,1,女性,50,2,12,0.3333333333333333,25343,1,19,4721110.949352573,10.142465753424657,7.0
C-002311980,S-0062,-7.401455447428687,0,1,女性,45,2,12,0.3333333333333333,49471,1,15,4713869.782113416,4.575342465753424,1.0
C-002475725,S-0012,-41.99398257641529,0,1,女性,46,1,12,0.1666666666666666,7985,2,16,4444678.825084195,7.994520547945205,5.0
C-000791957,S-0117,-36.64299732381802,0,1,女性,74,9,12,0.25,7552,2,20,4500859.737076383,9.593150684931507,7.0
C-000231326,S-0097,-17.784135298155054,0,1,男性,67,11,12,0.25,6955,2,21,4592508.716501317,10.09041095890411,7.0
C-002609244,S-0111,-18.748320705035198,0,1,男性,75,1,12,0.5833333333333334,0,0,19,4489501.980758176,6.397260273972603,4.0
C-001741075,S-0014,-63.975943149037874,1,1,女性,66,5,12,0.1666666666666666,0,0,21,4730192.353344672,7.336986301369863,4.0
C-000644585,S-0007,-97.78077887000221,1,1,女性,46,10,12,0.4166666666666667,1509,1,21,4487075.727367008,3.7260273972602738,1.0
C-002438169,S-0117,-26.858043433740843,0,1,女性,52,2,12,0.1666666666666666,0,0,20,4500859.737076383,9.593150684931507,7.0
C-002002935,S-0096,-44.94723920492941,0,1,男性,60,4,12,0.4166666666666667,13123,2,16,4644856.458098179,8.302739726027397,5.0
C-000906749,S-0115,-51.47118778080228,1,1,女性,51,8,12,0.0833333333333333,20774,1,14,4553643.099564746,10.51095890410959,7.0
C-001705142,S-0012,-100.0,1,1,女性,33,5,12,0.0833333333333333,0,0,16,4444678.825084195,7.994520547945205,5.0
C-000947070,S-0050,-37.647284809893776,0,1,女性,74,8,12,0.25,124932,2,20,4615411.181286601,9.2013698630137,6.0
C-000940962,S-0097,-27.45498430541548,0,1,女性,70,8,12,0.0833333333333333,0,0,21,4592508.716501317,10.09041095890411,7.0
C-000825761,S-0074,-50.498401989386,1,1,女性,42,9,12,0.0833333333333333,3383,2,14,4614054.39694187,8.308219178082192,6.0
C-001361350,S-0018,-46.161972502431304,0,1,女性,55,6,12,0.25,5011,2,16,4493108.581950108,7.550684931506849,5.0
C-000152737,S-0020,-36.79487095869504,0,1,女性,39,12,12,0.5,0,0,16,4280702.057267675,6.986301369863014,3.5
C-000327737,S-0115,-56.921032965208006,1,1,男性,42,11,12,0.25,-7490,1,14,4553643.099564746,10.51095890410959,7.0
C-000325218,S-0018,-100.0,1,1,女性,40,11,12,0.1666666666666666,28003,1,16,4493108.581950108,7.550684931506849,5.0
C-000727898,S-0036,-37.09329069624776,0,1,男性,65,9,12,0.25,8847,2,19,4397834.424680548,11.123287671232877,9.0
C-001458067,S-0050,-16.919897869383444,0,1,男性,70,6,12,0.5,1801,1,20,4615411.181286601,9.2013698630137,6.0
C-002126329,S-0059,-57.89473684210527,1,1,男性,60,3,12,0.1666666666666666,27677,1,14,4713188.969095345,6.8123287671232875,3.0
C-002167507,S-0050,-44.14423935796644,0,1,女性,55,3,12,0.1666666666666666,4391,1,20,4615411.181286601,9.2013698630137,6.0
C-000499326,S-0007,-25.474561472399436,0,1,女性,46,10,12,0.25,2905,2,21,4487075.727367008,3.7260273972602738,1.0
C-001496942,S-0048,-30.975291698873164,0,1,男性,45,6,12,0.0833333333333333,14815,2,15,4502249.082895545,3.671232876712329,1.0
C-000910828,S-0072,-100.0,1,1,男性,43,8,12,0.1666666666666666,28401,2,12,4406797.312641796,9.01917808219178,6.0
C-002448673,S-0097,-43.486130042697624,0,1,男性,44,2,12,0.25,13562,2,21,4592508.716501317,10.09041095890411,7.0
C-000969752,S-0089,-28.631990113430728,0,1,男性,57,8,12,0.3333333333333333,8126,1,19,4721110.949352573,10.142465753424657,7.0
C-000512586,S-0004,-100.0,1,1,女性,57,10,12,1.0,106143,2,22,4423576.351309,11.806849315068494,9.0
C-001034105,S-0014,-80.22263262443755,1,1,女性,47,8,12,0.3333333333333333,5953,1,21,4730192.353344672,7.336986301369863,4.0
C-001758053,S-0048,-100.0,1,1,女性,56,5,12,0.3333333333333333,0,0,15,4502249.082895545,3.671232876712329,1.0
C-000211611,S-0115,-100.0,1,1,女性,44,12,12,0.0833333333333333,0,0,14,4553643.099564746,10.51095890410959,7.0
C-001314299,S-0106,-79.20195460357246,1,1,女性,68,7,12,0.3333333333333333,3434,2,20,4462729.145118021,6.171232876712329,3.5
C-002553420,S-0099,-76.58719353468463,1,1,男性,64,1,12,0.1666666666666666,8793,2,13,4464126.154078853,8.147945205479452,5.0
C-001103115,S-0102,-98.08357467935457,1,1,男性,39,8,12,0.5,0,0,16,4383474.364435211,10.484931506849314,7.5
C-000167831,S-0036,-71.07823739544767,1,1,女性,56,12,12,0.3333333333333333,42702,1,19,4397834.424680548,11.123287671232877,9.0
C-002470604,S-0007,-26.69779426631495,0,1,男性,37,2,12,0.9166666666666666,18351,1,21,4487075.727367008,3.7260273972602738,1.0
C-001659247,S-0004,-100.0,1,1,女性,56,5,12,0.1666666666666666,0,0,22,4423576.351309,11.806849315068494,9.0
C-000336924,S-0018,-100.0,1,1,女性,43,11,12,0.0833333333333333,3809,2,16,4493108.581950108,7.550684931506849,5.0
C-001116285,S-0002,-43.7334632097435,0,1,男性,45,8,12,0.0833333333333333,0,0,15,4455566.655169959,5.663013698630137,2.0
C-001764329,S-0085,-17.175871173820305,0,1,男性,55,5,12,0.6666666666666666,0,0,15,4606655.398026554,4.928767123287671,2.0
C-002192042,S-0050,-30.53615395181113,0,1,女性,49,3,12,0.25,7905,2,20,4615411.181286601,9.2013698630137,6.0
C-000921841,S-0074,-61.56711135843328,1,1,男性,67,8,12,0.3333333333333333,0,0,14,4614054.39694187,8.308219178082192,6.0
C-001635835,S-0014,-30.84703790060333,0,1,女性,53,5,12,0.25,25517,2,21,4730192.353344672,7.336986301369863,4.0
C-001899800,S-0041,-61.563807315968155,1,1,男性,49,4,12,0.1666666666666666,19900,1,17,4828489.286769263,10.389041095890411,7.0
C-001236272,S-0075,-32.73958839521414,0,1,男性,44,7,12,0.25,4341,1,19,4506647.2743158825,4.526027397260274,1.0
C-001683693,S-0082,-14.999921842027106,0,1,女性,48,5,12,0.1666666666666666,0,0,17,4607261.71451126,4.758904109589041,2.0
C-000392645,S-0131,-20.05799074732035,0,1,男性,37,11,12,0.5,0,0,17,4569023.5643747775,5.13972602739726,2.0
C-002336159,S-0074,-100.0,1,1,女性,58,2,12,0.1666666666666666,2246,2,14,4614054.39694187,8.308219178082192,6.0
C-000479396,S-0117,-35.227886194737025,0,1,男性,48,10,12,0.25,4579,1,20,4500859.737076383,9.593150684931507,7.0
C-002392571,S-0050,-41.05514358126403,0,1,男性,21,2,12,0.1666666666666666,27490,1,20,4615411.181286601,9.2013698630137,6.0
C-000759298,S-0111,-14.570317857429993,0,1,男性,51,9,12,0.25,76894,2,19,4489501.980758176,6.397260273972603,4.0
C-002138702,S-0048,-33.7672170761176,0,1,女性,52,3,12,0.1666666666666666,1527,2,15,4502249.082895545,3.671232876712329,1.0
C-000044260,S-0097,-100.0,1,1,女性,52,12,12,0.0833333333333333,0,0,21,4592508.716501317,10.09041095890411,7.0
C-001272134,S-0111,-46.5364364555867,0,1,女性,52,7,12,0.5833333333333334,0,0,19,4489501.980758176,6.397260273972603,4.0
C-002092045,S-0008,-89.6288154649036,1,1,男性,18,3,12,0.1666666666666666,24588,1,22,4498453.308937302,10.772602739726027,7.0
C-000553024,S-0097,-100.0,1,1,女性,47,10,12,0.25,0,0,21,4592508.716501317,10.09041095890411,7.0
C-000660392,S-0097,-73.32947058670347,1,1,女性,61,10,12,0.25,7114,1,21,4592508.716501317,10.09041095890411,7.0
C-000732408,S-0040,-16.654149283232343,0,1,男性,82,9,12,0.0,7827,1,20,4550116.0180538,8.163013698630138,4.0
C-001672589,S-0115,-37.8499537108089,0,1,女性,39,5,12,0.3333333333333333,0,0,14,4553643.099564746,10.51095890410959,7.0
C-001055097,S-0074,-98.57262117169469,1,1,男性,52,8,12,0.1666666666666666,20516,2,14,4614054.39694187,8.308219178082192,6.0
C-000513721,S-0121,-35.26628591091512,0,1,女性,34,10,12,0.25,3626,1,14,4716268.25678644,9.856164383561644,7.0
C-002117727,S-0056,-100.0,1,1,女性,45,3,12,0.25,1302,1,15,4406070.585753419,7.528767123287671,4.0
C-001896513,S-0106,-75.35812709760157,1,1,女性,61,4,12,0.0833333333333333,28837,2,20,4462729.145118021,6.171232876712329,3.5
C-000164842,S-0012,-39.25007075125903,0,1,女性,60,12,12,0.0833333333333333,52153,1,16,4444678.825084195,7.994520547945205,5.0
C-001749932,S-0018,-100.0,1,1,女性,45,5,12,0.3333333333333333,14708,2,16,4493108.581950108,7.550684931506849,5.0
C-000776381,S-0106,-100.0,1,1,男性,45,9,12,0.0833333333333333,0,0,20,4462729.145118021,6.171232876712329,3.5
C-000832356,S-0079,-100.0,1,1,男性,49,9,12,0.1666666666666666,0,0,13,4256656.371085242,8.479452054794521,6.0
C-001454268,S-0002,-30.53826463567862,0,1,男性,67,6,12,0.25,96426,2,15,4455566.655169959,5.663013698630137,2.0
C-000135378,S-0117,-28.866744224696696,0,1,女性,44,12,12,0.25,7749,1,20,4500859.737076383,9.593150684931507,7.0
C-000789318,S-0097,-66.12177281647425,1,1,男性,50,9,12,0.1666666666666666,0,0,21,4592508.716501317,10.09041095890411,7.0
C-000043822,S-0074,-17.144184451130673,0,1,女性,66,12,12,0.0833333333333333,0,0,14,4614054.39694187,8.308219178082192,6.0
C-001799734,S-0056,-36.434503505635256,0,1,女性,59,4,12,0.0833333333333333,42747,1,15,4406070.585753419,7.528767123287671,4.0
C-002631422,S-0007,-100.0,1,1,男性,37,1,12,0.75,29990,1,21,4487075.727367008,3.7260273972602738,1.0
C-002063322,S-0004,-54.665531101050405,1,1,女性,26,3,12,0.3333333333333333,10653,2,22,4423576.351309,11.806849315068494,9.0
C-001858228,S-0099,-38.145907627449,0,1,男性,44,4,12,0.3333333333333333,0,0,13,4464126.154078853,8.147945205479452,5.0
C-000558832,S-0014,-96.7787836918191,1,1,女性,41,10,12,0.3333333333333333,850,1,21,4730192.353344672,7.336986301369863,4.0
C-001723507,S-0121,-100.0,1,1,女性,33,5,12,0.3333333333333333,27381,1,14,4716268.25678644,9.856164383561644,7.0
C-001121010,S-0014,-29.257183204751115,0,1,女性,59,8,12,0.0,10750,1,21,4730192.353344672,7.336986301369863,4.0
C-001579177,S-0072,-75.69149946199126,1,1,男性,42,5,12,0.1666666666666666,0,0,12,4406797.312641796,9.01917808219178,6.0
C-001544333,S-0004,-74.01342538705615,1,1,女性,39,6,12,0.0833333333333333,23882,1,22,4423576.351309,11.806849315068494,9.0
C-001548966,S-0062,-76.33747534319272,1,1,男性,59,6,12,0.5,24629,1,15,4713869.782113416,4.575342465753424,1.0
C-000754014,S-0036,-14.936042930622998,0,1,男性,42,9,12,0.3333333333333333,23730,2,19,4397834.424680548,11.123287671232877,9.0
C-001492764,S-0113,-36.22566664804335,0,1,女性,88,6,12,0.6666666666666666,0,0,16,4336633.961311346,5.77945205479452,2.5
C-001354325,S-0121,-100.0,1,1,男性,52,6,12,0.0833333333333333,0,0,14,4716268.25678644,9.856164383561644,7.0
C-000607127,S-0082,-74.66781985733093,1,1,男性,46,10,12,0.3333333333333333,0,0,17,4607261.71451126,4.758904109589041,2.0
C-001306693,S-0048,-28.520224917569475,0,1,女性,68,7,12,0.3333333333333333,3225,1,15,4502249.082895545,3.671232876712329,1.0
C-001710751,S-0036,-66.28202607954917,1,1,男性,35,5,12,0.3333333333333333,5113,2,19,4397834.424680548,11.123287671232877,9.0
C-002268615,S-0012,-100.0,1,1,女性,56,2,12,0.25,7693,1,16,4444678.825084195,7.994520547945205,5.0
C-001880698,S-0113,-50.48871281145212,1,1,女性,57,4,12,0.0,14236,1,16,4336633.961311346,5.77945205479452,2.5
C-002497954,S-0048,-19.922655880378418,0,1,女性,44,1,12,0.1666666666666666,9806,1,15,4502249.082895545,3.671232876712329,1.0
C-000024978,S-0079,-43.0940906851721,0,1,女性,68,12,12,0.0833333333333333,2511,1,13,4256656.371085242,8.479452054794521,6.0
C-002431785,S-0036,-42.10129272040034,0,1,女性,35,2,12,0.5,0,0,19,4397834.424680548,11.123287671232877,9.0
C-002235525,S-0074,-38.241371967404376,0,1,女性,47,3,12,0.0833333333333333,11179,2,14,4614054.39694187,8.308219178082192,6.0
C-000322068,S-0020,-21.882099321108488,0,1,女性,39,11,12,0.0833333333333333,896,1,16,4280702.057267675,6.986301369863014,3.5
C-000584526,S-0074,-42.802963262622946,0,1,女性,34,10,12,0.0833333333333333,19933,1,14,4614054.39694187,8.308219178082192,6.0
C-000333103,S-0113,-100.0,1,1,女性,63,11,12,0.1666666666666666,0,0,16,4336633.961311346,5.77945205479452,2.5
C-001676842,S-0096,-100.0,1,1,男性,53,5,12,0.0833333333333333,0,0,16,4644856.458098179,8.302739726027397,5.0
C-001631049,S-0020,-15.747719471564986,0,1,女性,56,5,12,0.25,29399,1,16,4280702.057267675,6.986301369863014,3.5
C-001555011,S-0012,-76.82853655004035,1,1,女性,47,6,12,0.25,0,0,16,4444678.825084195,7.994520547945205,5.0
C-002475117,S-0059,-61.77218508323502,1,1,女性,43,1,12,0.3333333333333333,7307,1,14,4713188.969095345,6.8123287671232875,3.0
C-002395047,S-0062,-100.0,1,1,男性,47,2,12,0.3333333333333333,0,0,15,4713869.782113416,4.575342465753424,1.0
C-002667849,S-0117,-42.13723418367113,0,1,女性,43,1,12,0.6666666666666666,26936,1,20,4500859.737076383,9.593150684931507,7.0
C-001000013,S-0018,-100.0,1,1,女性,43,8,12,0.1666666666666666,0,0,16,4493108.581950108,7.550684931506849,5.0
C-001223708,S-0096,-31.21092845566103,0,1,女性,58,7,12,0.1666666666666666,26283,2,16,4644856.458098179,8.302739726027397,5.0
C-001517338,S-0099,-27.487764930874047,0,1,男性,42,6,12,0.0833333333333333,4692,2,13,4464126.154078853,8.147945205479452,5.0
C-000677297,S-0111,-90.3023817113712,1,1,男性,51,9,12,0.6666666666666666,0,0,19,4489501.980758176,6.397260273972603,4.0
C-000938782,S-0012,-42.18215255231055,0,1,男性,53,8,12,0.6666666666666666,0,0,16,4444678.825084195,7.994520547945205,5.0
C-002231597,S-0072,-43.724571219509116,0,1,女性,64,3,12,0.0833333333333333,2628,2,12,4406797.312641796,9.01917808219178,6.0
C-000686194,S-0036,-44.07683813843061,0,1,女性,64,9,12,0.25,0,0,19,4397834.424680548,11.123287671232877,9.0
C-000331801,S-0072,-57.66026215924398,1,1,女性,48,11,12,0.25,2245,2,12,4406797.312641796,9.01917808219178,6.0
C-002319758,S-0072,-79.85803821940564,1,1,男性,30,2,12,0.0833333333333333,16697,2,12,4406797.312641796,9.01917808219178,6.0
C-001038303,S-0075,-48.48360106929063,0,1,男性,43,8,12,0.25,22938,1,19,4506647.2743158825,4.526027397260274,1.0
C-000499835,S-0018,-100.0,1,1,男性,55,10,12,0.0,64886,1,16,4493108.581950108,7.550684931506849,5.0
C-001618676,S-0126,-42.831593077559944,0,1,女性,51,5,12,0.4166666666666667,0,0,17,4493168.352495564,5.53972602739726,3.0
C-002282157,S-0113,-39.12753032645816,0,1,女性,47,2,12,0.25,23899,2,16,4336633.961311346,5.77945205479452,2.5
C-002599105,S-0121,-48.114155272677536,0,1,女性,60,1,12,0.25,0,0,14,4716268.25678644,9.856164383561644,7.0
C-000905297,S-0036,-100.0,1,1,男性,48,8,12,0.0833333333333333,5277,1,19,4397834.424680548,11.123287671232877,9.0
C-002692126,S-0121,-75.9574182181943,1,1,女性,48,1,12,0.25,0,0,14,4716268.25678644,9.856164383561644,7.0
C-000849156,S-0089,-32.52316053949763,0,1,女性,68,9,12,0.3333333333333333,3656,1,19,4721110.949352573,10.142465753424657,7.0
C-000197747,S-0072,-100.0,1,1,男性,50,12,12,0.25,6893,1,12,4406797.312641796,9.01917808219178,6.0
C-001421867,S-0056,-22.536970505770324,0,1,男性,46,6,12,0.1666666666666666,10081,2,15,4406070.585753419,7.528767123287671,4.0
C-001826207,S-0097,-100.0,1,1,男性,51,4,12,0.4166666666666667,0,0,21,4592508.716501317,10.09041095890411,7.0
C-002587664,S-0106,-76.22904554947226,1,1,男性,61,1,12,0.0,0,0,20,4462729.145118021,6.171232876712329,3.5
C-001204411,S-0100,-100.0,1,1,女性,48,7,12,0.25,7112,1,17,4535925.154217558,4.720547945205479,2.0
C-001976705,S-0002,-36.047681421665274,0,1,女性,58,4,12,0.0833333333333333,0,0,15,4455566.655169959,5.663013698630137,2.0
C-001823473,S-0012,-70.4915178830493,1,1,女性,52,4,12,0.0833333333333333,5671,1,16,4444678.825084195,7.994520547945205,5.0
C-001845396,S-0039,-100.0,1,1,女性,48,4,12,0.25,113738,1,16,4591288.568998441,8.193150684931506,5.0
C-002630824,S-0050,-22.44424966510817,0,1,男性,38,1,12,0.3333333333333333,69037,1,20,4615411.181286601,9.2013698630137,6.0
C-000702428,S-0115,-100.0,1,1,男性,43,9,12,0.1666666666666666,4774,1,14,4553643.099564746,10.51095890410959,7.0
C-000901605,S-0004,-48.5999464811346,0,1,女性,33,8,12,1.0,0,0,22,4423576.351309,11.806849315068494,9.0
C-000041217,S-0040,-63.349664986728094,1,1,女性,60,12,12,0.0833333333333333,8606,1,20,4550116.0180538,8.163013698630138,4.0
C-001308131,S-0096,-50.87853204632965,1,1,女性,59,7,12,0.25,26685,2,16,4644856.458098179,8.302739726027397,5.0
C-001788983,S-0020,-31.96136077278454,0,1,女性,41,5,12,0.6666666666666666,14629,1,16,4280702.057267675,6.986301369863014,3.5
C-001696688,S-0113,-22.32408362394751,0,1,女性,34,5,12,0.3333333333333333,7443,1,16,4336633.961311346,5.77945205479452,2.5
C-000045173,S-0020,-30.654636347009696,0,1,女性,40,12,12,0.25,0,0,16,4280702.057267675,6.986301369863014,3.5
C-000264062,S-0074,-20.322132843024594,0,1,男性,60,11,12,0.5,0,0,14,4614054.39694187,8.308219178082192,6.0
C-001839415,S-0041,-70.4793135756201,1,1,男性,64,4,12,0.1666666666666666,3021,2,17,4828489.286769263,10.389041095890411,7.0
C-000659422,S-0050,-95.85302773566397,1,1,男性,50,10,12,0.4166666666666667,15084,1,20,4615411.181286601,9.2013698630137,6.0
C-001475632,S-0089,-52.666764619453424,1,1,男性,38,6,12,0.0833333333333333,0,0,19,4721110.949352573,10.142465753424657,7.0
C-001225689,S-0048,-100.0,1,1,女性,57,7,12,0.4166666666666667,3238,1,15,4502249.082895545,3.671232876712329,1.0
C-001366839,S-0099,-46.84634519272462,0,1,男性,31,6,12,0.4166666666666667,0,0,13,4464126.154078853,8.147945205479452,5.0
C-001075417,S-0097,-54.77878825819229,1,1,男性,77,8,12,0.5,0,0,21,4592508.716501317,10.09041095890411,7.0
C-001202510,S-0117,-25.91415086735745,0,1,女性,46,7,12,0.3333333333333333,24940,2,20,4500859.737076383,9.593150684931507,7.0
C-002153348,S-0020,-17.95404718056652,0,1,女性,33,3,12,0.25,0,0,16,4280702.057267675,6.986301369863014,3.5
C-002665901,S-0012,-80.88741147564676,1,1,女性,73,1,12,0.0,4966,1,16,4444678.825084195,7.994520547945205,5.0
C-001344849,S-0100,-31.5842279522424,0,1,女性,58,7,12,0.1666666666666666,0,0,17,4535925.154217558,4.720547945205479,2.0
C-000443367,S-0113,-100.0,1,1,男性,51,11,12,0.3333333333333333,56387,1,16,4336633.961311346,5.77945205479452,2.5
C-002392675,S-0007,-35.93016288277845,0,1,男性,46,2,12,0.25,1402,1,21,4487075.727367008,3.7260273972602738,1.0
C-000924654,S-0113,-27.80628107586412,0,1,女性,37,8,12,0.25,29013,1,16,4336633.961311346,5.77945205479452,2.5
C-000915144,S-0102,-100.0,1,1,男性,60,8,12,0.3333333333333333,13166,1,16,4383474.364435211,10.484931506849314,7.5
C-001008024,S-0079,-26.288557350310786,0,1,女性,57,8,12,0.0,15919,1,13,4256656.371085242,8.479452054794521,6.0
C-001446602,S-0014,-57.28247813272234,1,1,女性,54,6,12,0.0833333333333333,0,0,21,4730192.353344672,7.336986301369863,4.0
C-001682694,S-0072,-32.53693521396127,0,1,男性,75,5,12,0.0833333333333333,3716,1,12,4406797.312641796,9.01917808219178,6.0
C-000759713,S-0020,-89.66562678500813,1,1,女性,20,9,12,0.3333333333333333,13186,1,16,4280702.057267675,6.986301369863014,3.5
C-000153080,S-0096,-43.07108911781171,0,1,女性,56,12,12,0.1666666666666666,2055,2,16,4644856.458098179,8.302739726027397,5.0
C-001721541,S-0117,-15.960640315646302,0,1,女性,59,5,12,0.1666666666666666,0,0,20,4500859.737076383,9.593150684931507,7.0
C-000648024,S-0075,-81.63311370744972,1,1,女性,68,10,12,0.5833333333333334,32656,1,19,4506647.2743158825,4.526027397260274,1.0
C-001996505,S-0099,-87.34100097845553,1,1,女性,46,4,12,0.1666666666666666,12378,1,13,4464126.154078853,8.147945205479452,5.0
C-000513528,S-0113,-100.0,1,1,女性,57,10,12,0.0833333333333333,9891,2,16,4336633.961311346,5.77945205479452,2.5
C-002039913,S-0115,-64.80318674982965,1,1,男性,55,3,12,0.1666666666666666,5503,2,14,4553643.099564746,10.51095890410959,7.0
C-001991392,S-0080,-55.151975683890576,1,1,女性,77,4,12,0.5,1465,2,17,4457429.264950683,11.673972602739726,9.0
C-000542556,S-0041,-53.51315789473684,1,1,男性,42,10,12,0.5,2323,1,17,4828489.286769263,10.389041095890411,7.0
C-001083306,S-0074,-60.89430473330226,1,1,女性,57,8,12,0.0833333333333333,0,0,14,4614054.39694187,8.308219178082192,6.0
C-001067227,S-0074,-64.28591125941043,1,1,女性,78,8,12,0.0833333333333333,3047,2,14,4614054.39694187,8.308219178082192,6.0
C-000366532,S-0080,-16.068504699595188,0,1,男性,72,11,12,0.1666666666666666,0,0,17,4457429.264950683,11.673972602739726,9.0
C-002526877,S-0018,-11.379819105670816,0,1,女性,42,1,12,0.4166666666666667,48306,1,16,4493108.581950108,7.550684931506849,5.0
C-001200276,S-0004,-56.920121464685614,1,1,男性,37,7,12,0.0833333333333333,0,0,22,4423576.351309,11.806849315068494,9.0
C-001370256,S-0018,-61.93371114545767,1,1,男性,33,6,12,0.25,1779,1,16,4493108.581950108,7.550684931506849,5.0
C-000259448,S-0030,-100.0,1,1,女性,49,11,12,0.4166666666666667,0,0,22,4426478.045479023,9.236986301369862,5.5
C-000563849,S-0113,-70.84942647680401,1,1,男性,44,10,12,0.5,3022,1,16,4336633.961311346,5.77945205479452,2.5
C-002260294,S-0089,-34.483202945237004,0,1,男性,55,2,12,0.3333333333333333,44842,1,19,4721110.949352573,10.142465753424657,7.0
C-002685704,S-0017,-14.439033413609472,0,1,女性,51,1,12,1.0,0,0,20,4640207.03550726,5.608219178082192,2.5
C-001502605,S-0097,-81.05673642005821,1,1,女性,31,6,12,0.0,63672,2,21,4592508.716501317,10.09041095890411,7.0
C-002067920,S-0039,-100.0,1,1,男性,61,3,12,0.3333333333333333,0,0,16,4591288.568998441,8.193150684931506,5.0
C-000793715,S-0040,-23.999592517412335,0,1,男性,42,9,12,0.3333333333333333,23761,1,20,4550116.0180538,8.163013698630138,4.0
C-001830927,S-0041,-100.0,1,1,女性,27,4,12,0.0833333333333333,0,0,17,4828489.286769263,10.389041095890411,7.0
C-001787620,S-0004,-34.618562532232396,0,1,男性,59,5,12,0.25,33444,1,22,4423576.351309,11.806849315068494,9.0
C-001745210,S-0099,-56.59400981210617,1,1,女性,48,5,12,0.0833333333333333,1751,2,13,4464126.154078853,8.147945205479452,5.0
C-001393711,S-0040,-24.3122965263881,0,1,男性,42,6,12,0.4166666666666667,90694,1,20,4550116.0180538,8.163013698630138,4.0
C-002294004,S-0040,-19.91429873068338,0,1,男性,42,2,12,0.1666666666666666,28092,1,20,4550116.0180538,8.163013698630138,4.0
C-000148070,S-0074,-61.09751330826788,1,1,女性,43,12,12,0.1666666666666666,0,0,14,4614054.39694187,8.308219178082192,6.0
C-001106339,S-0113,-42.36904430203399,0,1,女性,58,8,12,0.25,14787,1,16,4336633.961311346,5.77945205479452,2.5
C-000736532,S-0007,-10.975512476687475,0,1,男性,58,9,12,0.25,0,0,21,4487075.727367008,3.7260273972602738,1.0
C-001069178,S-0040,-30.79892439476065,0,1,女性,37,8,12,0.5833333333333334,0,0,20,4550116.0180538,8.163013698630138,4.0
C-000213107,S-0099,-96.9117695168097,1,1,女性,53,12,12,0.25,21679,2,13,4464126.154078853,8.147945205479452,5.0
C-000751465,S-0036,-100.0,1,1,女性,47,9,12,0.8333333333333334,0,0,19,4397834.424680548,11.123287671232877,9.0
C-000954887,S-0097,-29.8671486205213,0,1,男性,41,8,12,0.25,33652,2,21,4592508.716501317,10.09041095890411,7.0
C-001991005,S-0012,-100.0,1,1,女性,35,4,12,0.3333333333333333,0,0,16,4444678.825084195,7.994520547945205,5.0
C-000256516,S-0115,-100.0,1,1,女性,51,11,12,0.25,0,0,14,4553643.099564746,10.51095890410959,7.0
C-000193181,S-0117,-100.0,1,1,女性,45,12,12,0.0833333333333333,0,0,20,4500859.737076383,9.593150684931507,7.0
C-001282377,S-0039,-21.174864115245178,0,1,女性,43,7,12,0.4166666666666667,129260,1,16,4591288.568998441,8.193150684931506,5.0
C-001470382,S-0014,-26.03212273589117,0,1,男性,50,6,12,0.0833333333333333,36722,1,21,4730192.353344672,7.336986301369863,4.0
C-002508729,S-0002,-99.22962863863899,1,1,女性,66,1,12,0.3333333333333333,0,0,15,4455566.655169959,5.663013698630137,2.0
C-002155134,S-0041,-45.05622497777605,0,1,女性,32,3,12,0.25,0,0,17,4828489.286769263,10.389041095890411,7.0
C-001342594,S-0099,-41.02875147186315,0,1,女性,35,7,12,0.1666666666666666,19967,2,13,4464126.154078853,8.147945205479452,5.0
C-000119222,S-0036,-69.78590827003404,1,1,女性,59,12,12,0.3333333333333333,0,0,19,4397834.424680548,11.123287671232877,9.0
C-001429248,S-0102,-100.0,1,1,女性,79,6,12,0.0833333333333333,32809,2,16,4383474.364435211,10.484931506849314,7.5
C-000862447,S-0012,-44.644108960386745,0,1,男性,45,9,12,0.0833333333333333,43095,1,16,4444678.825084195,7.994520547945205,5.0
C-002596594,S-0115,-82.31600911648357,1,1,女性,72,1,12,0.25,0,0,14,4553643.099564746,10.51095890410959,7.0
C-001574322,S-0131,-34.61731260153168,0,1,女性,44,6,12,0.1666666666666666,0,0,17,4569023.5643747775,5.13972602739726,2.0
C-000970736,S-0089,-8.895579990252008,0,1,男性,33,8,12,0.5,60360,1,19,4721110.949352573,10.142465753424657,7.0
C-001894431,S-0039,-86.96268152107416,1,1,女性,74,4,12,0.8333333333333334,0,0,16,4591288.568998441,8.193150684931506,5.0
C-001839292,S-0050,-35.29440134838762,0,1,女性,59,4,12,0.1666666666666666,13135,2,20,4615411.181286601,9.2013698630137,6.0
C-001169550,S-0072,-58.17317116825337,1,1,女性,55,7,12,0.1666666666666666,29363,1,12,4406797.312641796,9.01917808219178,6.0
C-000806072,S-0041,-50.98757499144242,1,1,男性,35,9,12,0.5,0,0,17,4828489.286769263,10.389041095890411,7.0
C-002406566,S-0018,-56.56538280081509,1,1,男性,44,2,12,0.25,24443,2,16,4493108.581950108,7.550684931506849,5.0
C-001513480,S-0074,-100.0,1,1,女性,57,6,12,0.0833333333333333,0,0,14,4614054.39694187,8.308219178082192,6.0
C-002187083,S-0008,-24.25395084440504,0,1,男性,45,3,12,0.3333333333333333,0,0,22,4498453.308937302,10.772602739726027,7.0
C-001391831,S-0040,-55.18050738191658,1,1,男性,47,6,12,0.0833333333333333,0,0,20,4550116.0180538,8.163013698630138,4.0
C-000109902,S-0012,-29.84434033549947,0,1,女性,69,12,12,0.3333333333333333,15254,1,16,4444678.825084195,7.994520547945205,5.0
C-002488486,S-0054,-36.1084521775656,0,1,男性,52,1,12,0.6666666666666666,51134,1,23,4489160.181517739,6.358904109589041,4.0
C-000754801,S-0056,-26.91643837785625,0,1,男性,32,9,12,0.4166666666666667,74562,2,15,4406070.585753419,7.528767123287671,4.0
C-001411389,S-0005,-5.284068658706106,0,1,男性,39,6,12,0.25,160679,1,21,4733942.970761149,4.69041095890411,2.0
C-001336780,S-0036,-35.35955026562796,0,1,男性,49,7,12,0.4166666666666667,53840,1,19,4397834.424680548,11.123287671232877,9.0
C-001596435,S-0056,-100.0,1,1,女性,57,5,12,0.25,2022,1,15,4406070.585753419,7.528767123287671,4.0
C-001295967,S-0100,-46.726795846269134,0,1,男性,43,7,12,0.5,0,0,17,4535925.154217558,4.720547945205479,2.0
C-002623561,S-0102,-35.222822977985274,0,1,女性,35,1,12,0.1666666666666666,57188,2,16,4383474.364435211,10.484931506849314,7.5
C-000549623,S-0113,-100.0,1,1,女性,32,10,12,0.25,0,0,16,4336633.961311346,5.77945205479452,2.5
C-002439680,S-0002,-17.865167611148745,0,1,男性,18,2,12,0.6666666666666666,22543,2,15,4455566.655169959,5.663013698630137,2.0
C-001139250,S-0056,-21.118778248057662,0,1,女性,46,7,12,0.1666666666666666,21063,2,15,4406070.585753419,7.528767123287671,4.0
C-000106850,S-0121,-16.02912559912318,0,1,男性,25,12,12,0.3333333333333333,9299,2,14,4716268.25678644,9.856164383561644,7.0
C-000913116,S-0072,-63.08548023440843,1,1,女性,60,8,12,0.1666666666666666,16994,2,12,4406797.312641796,9.01917808219178,6.0
C-000419764,S-0080,-28.995586109917582,0,1,女性,54,11,12,0.1666666666666666,47434,2,17,4457429.264950683,11.673972602739726,9.0
C-001389400,S-0074,-24.73026672813104,0,1,女性,49,6,12,0.25,21459,2,14,4614054.39694187,8.308219178082192,6.0
C-000306084,S-0080,-34.54495869094409,0,1,男性,41,11,12,0.1666666666666666,43406,1,17,4457429.264950683,11.673972602739726,9.0
C-000537701,S-0008,-100.0,1,1,女性,50,10,12,0.1666666666666666,108983,1,22,4498453.308937302,10.772602739726027,7.0
C-002434364,S-0063,-30.033227413393604,0,1,女性,36,2,12,0.4166666666666667,0,0,18,4564012.176421695,5.749315068493151,3.0
C-000206200,S-0062,-100.0,1,1,男性,42,12,12,0.0,0,0,15,4713869.782113416,4.575342465753424,1.0
C-000783533,S-0100,-38.76676953087272,0,1,女性,33,9,12,0.3333333333333333,24974,2,17,4535925.154217558,4.720547945205479,2.0
C-002011920,S-0089,-10.453174894578146,0,1,男性,57,4,12,0.3333333333333333,76999,2,19,4721110.949352573,10.142465753424657,7.0
C-000239633,S-0121,-83.65389093279933,1,1,女性,41,11,12,0.3333333333333333,82561,2,14,4716268.25678644,9.856164383561644,7.0
C-002678479,S-0131,-47.446720070612265,0,1,女性,55,1,12,0.5,0,0,17,4569023.5643747775,5.13972602739726,2.0
C-000382710,S-0089,-94.1891210011101,1,1,男性,44,11,12,0.5,0,0,19,4721110.949352573,10.142465753424657,7.0
C-001696179,S-0072,-100.0,1,1,男性,41,5,12,0.3333333333333333,31955,1,12,4406797.312641796,9.01917808219178,6.0
C-001053729,S-0100,-99.5232275184708,1,1,女性,41,8,12,0.0833333333333333,4136,1,17,4535925.154217558,4.720547945205479,2.0
C-000239865,S-0082,-31.537453160361608,0,1,女性,66,11,12,0.0833333333333333,6981,1,17,4607261.71451126,4.758904109589041,2.0
C-002369551,S-0072,-97.90635277825861,1,1,男性,60,2,12,0.1666666666666666,37027,1,12,4406797.312641796,9.01917808219178,6.0
C-001775158,S-0079,-47.52118526633605,0,1,女性,57,5,12,0.1666666666666666,33510,2,13,4256656.371085242,8.479452054794521,6.0
C-000894916,S-0041,-100.0,1,1,男性,53,9,12,0.1666666666666666,25586,2,17,4828489.286769263,10.389041095890411,7.0
C-000035370,S-0099,-61.38653138749309,1,1,女性,57,12,12,0.5,16547,1,13,4464126.154078853,8.147945205479452,5.0
C-001539137,S-0106,-52.187093851860844,1,1,男性,48,6,12,0.4166666666666667,19819,1,20,4462729.145118021,6.171232876712329,3.5
C-002424489,S-0056,-52.85969573028554,1,1,女性,26,2,12,0.4166666666666667,0,0,15,4406070.585753419,7.528767123287671,4.0
C-000420575,S-0113,-100.0,1,1,男性,48,11,12,0.8333333333333334,10694,1,16,4336633.961311346,5.77945205479452,2.5
C-001578872,S-0018,-19.96302073377017,0,1,男性,38,5,12,0.0833333333333333,34177,2,16,4493108.581950108,7.550684931506849,5.0
C-001060117,S-0041,-43.95243770121485,0,1,男性,49,8,12,0.25,13160,2,17,4828489.286769263,10.389041095890411,7.0
C-000533309,S-0036,-64.95470424536681,1,1,男性,53,10,12,0.1666666666666666,1317,1,19,4397834.424680548,11.123287671232877,9.0
C-001793823,S-0074,-48.14277022501495,0,1,女性,29,5,12,0.5,18900,1,14,4614054.39694187,8.308219178082192,6.0
C-000066853,S-0102,-25.858978260834924,0,1,男性,39,12,12,0.0,0,0,16,4383474.364435211,10.484931506849314,7.5
C-001520385,S-0113,-51.18512611110921,1,1,女性,66,6,12,0.4166666666666667,6984,1,16,4336633.961311346,5.77945205479452,2.5
C-002160490,S-0017,-49.375266623150345,1,1,男性,39,3,12,0.0,0,0,20,4640207.03550726,5.608219178082192,2.5
C-000624764,S-0012,-40.927934027392396,0,1,女性,59,10,12,0.25,2357,2,16,4444678.825084195,7.994520547945205,5.0
C-000124731,S-0041,-51.53236945485856,1,1,女性,50,12,12,0.4166666666666667,0,0,17,4828489.286769263,10.389041095890411,7.0
C-000682487,S-0018,-73.49202022955089,1,1,男性,33,9,12,0.25,13409,1,16,4493108.581950108,7.550684931506849,5.0
C-001647579,S-0072,-100.0,1,1,男性,40,5,12,0.1666666666666666,0,0,12,4406797.312641796,9.01917808219178,6.0
C-002097025,S-0096,-64.56421103040945,1,1,女性,45,3,12,0.3333333333333333,19768,1,16,4644856.458098179,8.302739726027397,5.0
C-002030251,S-0048,-100.0,1,1,女性,67,3,12,0.3333333333333333,0,0,15,4502249.082895545,3.671232876712329,1.0
C-002469534,S-0041,-58.20142286468276,1,1,男性,20,2,12,0.25,5548,1,17,4828489.286769263,10.389041095890411,7.0
C-001266739,S-0080,-100.0,1,1,女性,62,7,12,0.0833333333333333,0,0,17,4457429.264950683,11.673972602739726,9.0
C-001714753,S-0036,-39.80889867475385,0,1,女性,39,5,12,0.25,0,0,19,4397834.424680548,11.123287671232877,9.0
C-002312700,S-0074,-14.906770865445877,0,1,男性,31,2,12,0.0833333333333333,11483,2,14,4614054.39694187,8.308219178082192,6.0
C-002599623,S-0012,-36.19528038950738,0,1,女性,35,1,12,0.25,51806,1,16,4444678.825084195,7.994520547945205,5.0
C-000681220,S-0075,-70.60086908745818,1,1,男性,41,9,12,0.4166666666666667,0,0,19,4506647.2743158825,4.526027397260274,1.0
C-001179543,S-0074,-30.252345840346383,0,1,男性,36,7,12,0.5833333333333334,236,1,14,4614054.39694187,8.308219178082192,6.0
C-001873258,S-0099,-23.24709122857007,0,1,男性,44,4,12,0.1666666666666666,7762,2,13,4464126.154078853,8.147945205479452,5.0
C-000120735,S-0041,-33.06089457856387,0,1,女性,38,12,12,0.1666666666666666,12304,1,17,4828489.286769263,10.389041095890411,7.0
C-000316405,S-0075,-70.27608288527759,1,1,女性,55,11,12,1.0,31343,2,19,4506647.2743158825,4.526027397260274,1.0
C-001908780,S-0056,-98.50684147546954,1,1,女性,50,4,12,0.25,0,0,15,4406070.585753419,7.528767123287671,4.0
C-002293436,S-0074,-74.15717826858955,1,1,男性,50,2,12,0.0833333333333333,1812,1,14,4614054.39694187,8.308219178082192,6.0
C-001963518,S-0004,-37.31550955642557,0,1,女性,63,4,12,0.25,0,0,22,4423576.351309,11.806849315068494,9.0
C-001406806,S-0017,-37.85363354130874,0,1,女性,62,6,12,0.4166666666666667,10947,1,20,4640207.03550726,5.608219178082192,2.5
C-000531533,S-0106,-100.0,1,1,男性,72,10,12,0.5,19714,2,20,4462729.145118021,6.171232876712329,3.5
C-000469902,S-0079,-19.52406943912106,0,1,男性,46,10,12,0.0833333333333333,12478,2,13,4256656.371085242,8.479452054794521,6.0
C-002536947,S-0012,-32.298981026868326,0,1,男性,36,1,12,0.1666666666666666,65924,1,16,4444678.825084195,7.994520547945205,5.0
C-002374441,S-0115,-100.0,1,1,女性,66,2,12,0.0833333333333333,0,0,14,4553643.099564746,10.51095890410959,7.0
C-002363233,S-0115,-100.0,1,1,男性,55,2,12,0.6666666666666666,0,0,14,4553643.099564746,10.51095890410959,7.0
C-002550081,S-0056,-78.17794571430404,1,1,女性,58,1,12,0.25,42725,1,15,4406070.585753419,7.528767123287671,4.0
C-001496534,S-0113,-100.0,1,1,男性,79,6,12,0.1666666666666666,17453,2,16,4336633.961311346,5.77945205479452,2.5
C-000953763,S-0115,-72.66137441555384,1,1,男性,59,8,12,0.25,0,0,14,4553643.099564746,10.51095890410959,7.0
C-002030911,S-0012,-85.61651353131174,1,1,女性,32,3,12,0.3333333333333333,20574,1,16,4444678.825084195,7.994520547945205,5.0
C-000655685,S-0041,-27.03698430898751,0,1,女性,55,10,12,0.25,7647,1,17,4828489.286769263,10.389041095890411,7.0
C-002602679,S-0048,-19.2314334819899,0,1,女性,32,1,12,0.0833333333333333,0,0,15,4502249.082895545,3.671232876712329,1.0
C-002481661,S-0014,-24.94147008726876,0,1,女性,53,1,12,0.25,8589,2,21,4730192.353344672,7.336986301369863,4.0
C-001856088,S-0115,-94.77988851451448,1,1,男性,40,4,12,0.1666666666666666,22976,1,14,4553643.099564746,10.51095890410959,7.0
C-001955679,S-0036,-100.0,1,1,女性,33,4,12,0.0833333333333333,0,0,19,4397834.424680548,11.123287671232877,9.0
C-000486088,S-0012,-50.32004185337671,1,1,女性,62,10,12,0.25,0,0,16,4444678.825084195,7.994520547945205,5.0
C-002417010,S-0048,-56.56592719608473,1,1,女性,50,2,12,0.3333333333333333,5175,2,15,4502249.082895545,3.671232876712329,1.0
C-000600848,S-0020,-27.880172258200993,0,1,男性,47,10,12,0.25,0,0,16,4280702.057267675,6.986301369863014,3.5
C-001543656,S-0004,-10.309551629723932,0,1,男性,61,6,12,0.4166666666666667,12510,1,22,4423576.351309,11.806849315068494,9.0
C-001130620,S-0113,-20.048026335542694,0,1,女性,41,7,12,0.25,54181,1,16,4336633.961311346,5.77945205479452,2.5
C-002625421,S-0115,-41.008602807165545,0,1,男性,49,1,12,0.25,4652,2,14,4553643.099564746,10.51095890410959,7.0
C-000394544,S-0040,-25.16205964228301,0,1,女性,49,11,12,0.1666666666666666,17646,2,20,4550116.0180538,8.163013698630138,4.0
C-002185197,S-0117,-92.96935448214879,1,1,女性,44,3,12,0.0,11262,1,20,4500859.737076383,9.593150684931507,7.0
C-002150858,S-0040,-26.891382027691783,0,1,女性,42,3,12,0.3333333333333333,13135,2,20,4550116.0180538,8.163013698630138,4.0
C-000310171,S-0048,-100.0,1,1,女性,47,11,12,0.1666666666666666,0,0,15,4502249.082895545,3.671232876712329,1.0
C-000426230,S-0097,-31.11172708830578,0,1,女性,73,11,12,0.1666666666666666,14774,1,21,4592508.716501317,10.09041095890411,7.0
C-000484030,S-0126,-22.954232406711743,0,1,女性,18,10,12,0.0833333333333333,11274,1,17,4493168.352495564,5.53972602739726,3.0
C-000275626,S-0004,-20.68897832360487,0,1,女性,49,11,12,0.0833333333333333,0,0,22,4423576.351309,11.806849315068494,9.0
C-001114993,S-0072,-82.6926950074221,1,1,女性,60,8,12,0.1666666666666666,53485,1,12,4406797.312641796,9.01917808219178,6.0
C-000849138,S-0080,-27.666311376394514,0,1,男性,46,9,12,0.1666666666666666,0,0,17,4457429.264950683,11.673972602739726,9.0
C-000999176,S-0036,-95.05314097055764,1,1,女性,43,8,12,0.1666666666666666,4479,1,19,4397834.424680548,11.123287671232877,9.0
C-000018272,S-0036,-39.808105771364296,0,1,男性,21,12,12,0.1666666666666666,8494,1,19,4397834.424680548,11.123287671232877,9.0
C-002194876,S-0082,-29.789277042866715,0,1,男性,33,3,12,0.25,37080,2,17,4607261.71451126,4.758904109589041,2.0
C-000171576,S-0079,-37.909121991483424,0,1,女性,63,12,12,0.25,0,0,13,4256656.371085242,8.479452054794521,6.0
C-002180786,S-0008,-25.969526086466914,0,1,女性,51,3,12,0.0,60653,1,22,4498453.308937302,10.772602739726027,7.0
C-002195044,S-0121,-100.0,1,1,女性,39,3,12,0.1666666666666666,7687,1,14,4716268.25678644,9.856164383561644,7.0
C-000727924,S-0074,-100.0,1,1,男性,45,9,12,0.0833333333333333,0,0,14,4614054.39694187,8.308219178082192,6.0
C-001521305,S-0017,-28.58595694038732,0,1,女性,53,6,12,0.3333333333333333,0,0,20,4640207.03550726,5.608219178082192,2.5
C-002103498,S-0106,-67.55789350882124,1,1,女性,73,3,12,0.6666666666666666,2965,2,20,4462729.145118021,6.171232876712329,3.5
C-000137264,S-0117,-56.90294674853348,1,1,女性,36,12,12,0.1666666666666666,9721,2,20,4500859.737076383,9.593150684931507,7.0
C-002488245,S-0040,-42.86303141715981,0,1,男性,54,1,12,0.0833333333333333,0,0,20,4550116.0180538,8.163013698630138,4.0
C-002154094,S-0004,-56.502577789158025,1,1,男性,46,3,12,0.5,0,0,22,4423576.351309,11.806849315068494,9.0
C-000892347,S-0040,-100.0,1,1,女性,40,9,12,0.3333333333333333,1871,1,20,4550116.0180538,8.163013698630138,4.0
C-002107387,S-0036,-73.68583898935505,1,1,女性,66,3,12,0.1666666666666666,0,0,19,4397834.424680548,11.123287671232877,9.0
C-002153111,S-0117,-38.7927822430404,0,1,女性,60,3,12,0.3333333333333333,4803,1,20,4500859.737076383,9.593150684931507,7.0
C-000864706,S-0115,-100.0,1,1,女性,41,9,12,0.1666666666666666,2413,1,14,4553643.099564746,10.51095890410959,7.0
C-000220590,S-0079,-42.42547263681592,0,1,男性,50,12,12,0.25,68835,1,13,4256656.371085242,8.479452054794521,6.0
C-000897487,S-0056,-88.75135090198687,1,1,男性,42,9,12,0.1666666666666666,0,0,15,4406070.585753419,7.528767123287671,4.0
C-001762916,S-0121,-100.0,1,1,女性,41,5,12,0.3333333333333333,29762,2,14,4716268.25678644,9.856164383561644,7.0
C-002692676,S-0099,-61.413085009988976,1,1,男性,45,1,12,0.1666666666666666,9822,1,13,4464126.154078853,8.147945205479452,5.0
C-000123119,S-0054,-83.73785586134524,1,1,女性,49,12,12,0.1666666666666666,0,0,23,4489160.181517739,6.358904109589041,4.0
C-001021656,S-0089,-45.819277373386406,0,1,男性,33,8,12,0.0833333333333333,0,0,19,4721110.949352573,10.142465753424657,7.0
C-001408510,S-0080,-44.86107600474422,0,1,女性,67,6,12,0.3333333333333333,49475,2,17,4457429.264950683,11.673972602739726,9.0
C-002227795,S-0099,-34.802375317287336,0,1,女性,59,3,12,0.6666666666666666,0,0,13,4464126.154078853,8.147945205479452,5.0
C-001042849,S-0099,-53.564029202841354,1,1,女性,47,8,12,0.4166666666666667,0,0,13,4464126.154078853,8.147945205479452,5.0
C-002407750,S-0008,-20.933125539681463,0,1,男性,67,2,12,0.4166666666666667,0,0,22,4498453.308937302,10.772602739726027,7.0
C-000880535,S-0097,-60.60420756210111,1,1,男性,47,9,12,0.1666666666666666,2275,1,21,4592508.716501317,10.09041095890411,7.0
C-002546140,S-0115,-100.0,1,1,男性,72,1,12,0.25,0,0,14,4553643.099564746,10.51095890410959,7.0
C-000221170,S-0115,-100.0,1,1,女性,41,12,12,0.25,23944,1,14,4553643.099564746,10.51095890410959,7.0
C-000740223,S-0117,-55.11135507461299,1,1,女性,43,9,12,0.25,22664,1,20,4500859.737076383,9.593150684931507,7.0
C-002406655,S-0115,-100.0,1,1,男性,57,2,12,0.25,0,0,14,4553643.099564746,10.51095890410959,7.0
C-001855204,S-0111,-35.46259233948387,0,1,男性,34,4,12,0.25,6652,2,19,4489501.980758176,6.397260273972603,4.0
C-001458274,S-0074,-66.48389909724531,1,1,男性,72,6,12,0.1666666666666666,0,0,14,4614054.39694187,8.308219178082192,6.0
C-000032849,S-0117,-21.8802161487751,0,1,女性,69,12,12,0.25,0,0,20,4500859.737076383,9.593150684931507,7.0
C-002029302,S-0111,-100.0,1,1,女性,38,3,12,0.1666666666666666,0,0,19,4489501.980758176,6.397260273972603,4.0
C-001577458,S-0079,-100.0,1,1,男性,61,5,12,0.1666666666666666,0,0,13,4256656.371085242,8.479452054794521,6.0
C-002454403,S-0080,-40.58876031023021,0,1,女性,19,2,12,0.1666666666666666,0,0,17,4457429.264950683,11.673972602739726,9.0
C-001110363,S-0012,-14.218483477263813,0,1,女性,74,8,12,0.5833333333333334,31494,1,16,4444678.825084195,7.994520547945205,5.0
C-000717580,S-0121,-100.0,1,1,女性,31,9,12,0.3333333333333333,0,0,14,4716268.25678644,9.856164383561644,7.0
C-000231562,S-0096,-100.0,1,1,男性,24,11,12,0.5833333333333334,0,0,16,4644856.458098179,8.302739726027397,5.0
C-002297554,S-0017,-100.0,1,1,男性,39,2,12,0.0833333333333333,25117,1,20,4640207.03550726,5.608219178082192,2.5
C-000903552,S-0113,-79.43574186846523,1,1,男性,69,8,12,0.25,0,0,16,4336633.961311346,5.77945205479452,2.5
C-000751038,S-0007,-23.57934759338,0,1,男性,38,9,12,0.0,6596,1,21,4487075.727367008,3.7260273972602738,1.0
C-001338811,S-0002,-100.0,1,1,女性,55,7,12,0.0833333333333333,1320,2,15,4455566.655169959,5.663013698630137,2.0
C-001544541,S-0072,-22.866908899806372,0,1,男性,50,6,12,0.3333333333333333,0,0,12,4406797.312641796,9.01917808219178,6.0
C-000822714,S-0121,-79.41963041365646,1,1,女性,52,9,12,0.75,16930,2,14,4716268.25678644,9.856164383561644,7.0
C-001930290,S-0018,-100.0,1,1,女性,50,4,12,0.0,11980,1,16,4493108.581950108,7.550684931506849,5.0
C-000073159,S-0014,-38.79904887214231,0,1,男性,36,12,12,0.1666666666666666,73434,1,21,4730192.353344672,7.336986301369863,4.0
C-000586008,S-0115,-43.75809716278584,0,1,女性,59,10,12,0.1666666666666666,0,0,14,4553643.099564746,10.51095890410959,7.0
C-002446236,S-0048,-88.84880499903369,1,1,女性,65,2,12,0.1666666666666666,12828,2,15,4502249.082895545,3.671232876712329,1.0
C-002219293,S-0115,-32.7740396899753,0,1,女性,49,3,12,0.3333333333333333,3928,1,14,4553643.099564746,10.51095890410959,7.0
C-002005321,S-0079,-100.0,1,1,女性,54,4,12,0.5833333333333334,9311,1,13,4256656.371085242,8.479452054794521,6.0
C-002349326,S-0039,-60.02394532731478,1,1,男性,29,2,12,0.5833333333333334,13001,1,16,4591288.568998441,8.193150684931506,5.0
C-001294182,S-0018,-10.141994537145427,0,1,男性,54,7,12,0.4166666666666667,0,0,16,4493108.581950108,7.550684931506849,5.0
C-002067294,S-0017,-26.440632046531448,0,1,女性,44,3,12,0.3333333333333333,5818,1,20,4640207.03550726,5.608219178082192,2.5
C-002250776,S-0036,-97.20148845354055,1,1,女性,43,2,12,0.8333333333333334,0,0,19,4397834.424680548,11.123287671232877,9.0
C-002482520,S-0041,-63.361438227301235,1,1,男性,45,1,12,0.25,0,0,17,4828489.286769263,10.389041095890411,7.0
C-001579535,S-0039,-100.0,1,1,女性,46,5,12,0.5,0,0,16,4591288.568998441,8.193150684931506,5.0
C-001972737,S-0072,-69.99839324243676,1,1,女性,22,4,12,0.4166666666666667,9257,2,12,4406797.312641796,9.01917808219178,6.0
C-002307570,S-0007,-11.668618786745439,0,1,男性,35,2,12,0.3333333333333333,43278,2,21,4487075.727367008,3.7260273972602738,1.0
C-001757676,S-0089,-100.0,1,1,男性,45,5,12,0.25,5745,2,19,4721110.949352573,10.142465753424657,7.0
C-001098813,S-0106,-53.32824192667314,1,1,女性,35,8,12,0.1666666666666666,24675,1,20,4462729.145118021,6.171232876712329,3.5
C-001272170,S-0050,-23.93997421811899,0,1,男性,49,7,12,0.3333333333333333,0,0,20,4615411.181286601,9.2013698630137,6.0
C-000332568,S-0036,-54.072465938014666,1,1,女性,50,11,12,0.0833333333333333,0,0,19,4397834.424680548,11.123287671232877,9.0
C-001410660,S-0075,-84.76860687022901,1,1,女性,26,6,12,0.5,1420,2,19,4506647.2743158825,4.526027397260274,1.0
C-000692913,S-0056,-16.713568861463347,0,1,女性,50,9,12,0.25,0,0,15,4406070.585753419,7.528767123287671,4.0
C-002367357,S-0018,-100.0,1,1,女性,46,2,12,0.0833333333333333,26251,2,16,4493108.581950108,7.550684931506849,5.0
C-001654313,S-0008,-100.0,1,1,女性,48,5,12,0.0,2997,1,22,4498453.308937302,10.772602739726027,7.0
C-000938556,S-0007,-100.0,1,1,女性,49,8,12,0.1666666666666666,17239,1,21,4487075.727367008,3.7260273972602738,1.0
C-002269695,S-0079,-6.538684719027,0,1,女性,42,2,12,0.0833333333333333,4427,1,13,4256656.371085242,8.479452054794521,6.0
C-001226544,S-0102,-76.03496385947219,1,1,女性,71,7,12,0.0833333333333333,21789,1,16,4383474.364435211,10.484931506849314,7.5
C-000840597,S-0099,-32.963513521506066,0,1,男性,65,9,12,0.1666666666666666,4723,1,13,4464126.154078853,8.147945205479452,5.0
C-000525817,S-0100,-100.0,1,1,女性,56,10,12,0.4166666666666667,8894,1,17,4535925.154217558,4.720547945205479,2.0
C-000106529,S-0050,-31.451630997445406,0,1,男性,44,12,12,0.0833333333333333,139006,1,20,4615411.181286601,9.2013698630137,6.0
C-000027674,S-0082,-22.585747248743644,0,1,女性,51,12,12,0.0833333333333333,74716,1,17,4607261.71451126,4.758904109589041,2.0
C-001019243,S-0040,-69.61399284983938,1,1,女性,33,8,12,1.0,5420,1,20,4550116.0180538,8.163013698630138,4.0
C-001429337,S-0080,-25.062905604397045,0,1,男性,53,6,12,0.3333333333333333,14926,1,17,4457429.264950683,11.673972602739726,9.0
C-002154007,S-0020,-54.2338411274894,1,1,女性,35,3,12,0.0,0,0,16,4280702.057267675,6.986301369863014,3.5
C-002483151,S-0117,-32.46284106115248,0,1,男性,66,1,12,0.0833333333333333,0,0,20,4500859.737076383,9.593150684931507,7.0
C-001953690,S-0074,-100.0,1,1,女性,42,4,12,0.25,6784,1,14,4614054.39694187,8.308219178082192,6.0
C-001507211,S-0002,-100.0,1,1,女性,46,6,12,0.3333333333333333,0,0,15,4455566.655169959,5.663013698630137,2.0
C-001966129,S-0117,-49.0043909233431,1,1,男性,59,4,12,0.0833333333333333,1468,2,20,4500859.737076383,9.593150684931507,7.0
C-001679733,S-0089,-5.337154559035283,0,1,男性,60,5,12,0.0,0,0,19,4721110.949352573,10.142465753424657,7.0
C-002115924,S-0102,-100.0,1,1,男性,51,3,12,0.1666666666666666,29667,2,16,4383474.364435211,10.484931506849314,7.5
C-002610429,S-0036,-28.111732036513004,0,1,女性,61,1,12,0.1666666666666666,0,0,19,4397834.424680548,11.123287671232877,9.0
C-002352450,S-0005,-100.0,1,1,女性,41,2,12,0.4166666666666667,1535,1,21,4733942.970761149,4.69041095890411,2.0
C-002506410,S-0036,-82.25462361451967,1,1,女性,65,1,12,0.3333333333333333,0,0,19,4397834.424680548,11.123287671232877,9.0
C-001346073,S-0048,-100.0,1,1,女性,45,7,12,0.1666666666666666,12632,2,15,4502249.082895545,3.671232876712329,1.0
C-000316513,S-0050,-98.5123555408013,1,1,男性,24,11,12,0.4166666666666667,0,0,20,4615411.181286601,9.2013698630137,6.0
C-000219636,S-0018,-100.0,1,1,女性,66,12,12,0.1666666666666666,9323,2,16,4493108.581950108,7.550684931506849,5.0
C-000870381,S-0002,-36.62350459285908,0,1,男性,50,9,12,0.25,12683,1,15,4455566.655169959,5.663013698630137,2.0
C-002694830,S-0080,-100.0,1,1,女性,50,1,12,0.3333333333333333,0,0,17,4457429.264950683,11.673972602739726,9.0
C-001923270,S-0007,-43.875834539020694,0,1,女性,53,4,12,0.25,52248,1,21,4487075.727367008,3.7260273972602738,1.0
C-001905782,S-0059,-58.08494473218505,1,1,女性,42,4,12,0.1666666666666666,21110,2,14,4713188.969095345,6.8123287671232875,3.0
C-001143414,S-0115,-100.0,1,1,女性,48,7,12,0.4166666666666667,0,0,14,4553643.099564746,10.51095890410959,7.0
C-000632466,S-0040,-43.232239185512746,0,1,女性,60,10,12,0.3333333333333333,12316,1,20,4550116.0180538,8.163013698630138,4.0
C-001798004,S-0005,-15.882754380156355,0,1,男性,60,5,12,0.4166666666666667,8823,1,21,4733942.970761149,4.69041095890411,2.0
C-000581411,S-0079,-39.74616189811584,0,1,男性,46,10,12,0.25,5718,2,13,4256656.371085242,8.479452054794521,6.0
C-002592546,S-0004,-100.0,1,1,女性,39,1,12,0.25,0,0,22,4423576.351309,11.806849315068494,9.0
C-001777812,S-0074,-100.0,1,1,女性,37,5,12,0.25,0,0,14,4614054.39694187,8.308219178082192,6.0
C-002658466,S-0062,-27.81742221760905,0,1,女性,49,1,12,0.8333333333333334,18457,2,15,4713869.782113416,4.575342465753424,1.0
C-001993759,S-0115,-100.0,1,1,男性,48,4,12,0.1666666666666666,21692,1,14,4553643.099564746,10.51095890410959,7.0
C-000038653,S-0102,-83.47676960574918,1,1,男性,37,12,12,0.6666666666666666,0,0,16,4383474.364435211,10.484931506849314,7.5
C-000612369,S-0004,-100.0,1,1,男性,67,10,12,0.25,0,0,22,4423576.351309,11.806849315068494,9.0
C-000374339,S-0079,-100.0,1,1,女性,52,11,12,0.1666666666666666,3305,2,13,4256656.371085242,8.479452054794521,6.0
C-001188916,S-0002,-47.97985215378152,0,1,男性,65,7,12,0.25,0,0,15,4455566.655169959,5.663013698630137,2.0
C-001502427,S-0056,-29.738741890065228,0,1,男性,63,6,12,0.25,23088,2,15,4406070.585753419,7.528767123287671,4.0
C-000340863,S-0072,-73.29563917592773,1,1,男性,64,11,12,0.1666666666666666,5580,1,12,4406797.312641796,9.01917808219178,6.0
C-002663440,S-0100,-39.25992392727897,0,1,女性,58,1,12,0.1666666666666666,6521,1,17,4535925.154217558,4.720547945205479,2.0
C-000422089,S-0040,-53.39345065066317,1,1,女性,56,11,12,0.25,0,0,20,4550116.0180538,8.163013698630138,4.0
C-001373051,S-0131,-44.53347856559335,0,1,女性,57,6,12,0.25,3980,1,17,4569023.5643747775,5.13972602739726,2.0
C-000705733,S-0048,-100.0,1,1,女性,38,9,12,0.3333333333333333,2419,1,15,4502249.082895545,3.671232876712329,1.0
C-000589088,S-0117,-100.0,1,1,女性,30,10,12,0.0833333333333333,0,0,20,4500859.737076383,9.593150684931507,7.0
C-000633249,S-0074,-25.87794762527635,0,1,女性,73,10,12,0.1666666666666666,0,0,14,4614054.39694187,8.308219178082192,6.0
C-000235165,S-0005,-48.29134500322987,0,1,女性,39,11,12,0.6666666666666666,4993,1,21,4733942.970761149,4.69041095890411,2.0
C-002503197,S-0062,-45.98056191929454,0,1,女性,23,1,12,0.5,7112,2,15,4713869.782113416,4.575342465753424,1.0
C-001827255,S-0030,-100.0,1,1,男性,69,4,12,0.5,0,0,22,4426478.045479023,9.236986301369862,5.5
C-000004865,S-0080,-100.0,1,1,男性,34,12,12,0.1666666666666666,0,0,17,4457429.264950683,11.673972602739726,9.0
C-002030528,S-0018,-52.92710132412205,1,1,女性,41,3,12,0.5,5137,2,16,4493108.581950108,7.550684931506849,5.0
C-001390811,S-0113,-32.964682295799946,0,1,男性,36,6,12,0.1666666666666666,544922,1,16,4336633.961311346,5.77945205479452,2.5
C-001498113,S-0097,-53.54027236293922,1,1,女性,41,6,12,0.3333333333333333,3950,1,21,4592508.716501317,10.09041095890411,7.0
C-001272041,S-0048,-100.0,1,1,女性,69,7,12,0.0833333333333333,2390,1,15,4502249.082895545,3.671232876712329,1.0
C-000714323,S-0004,-62.6361353616164,1,1,男性,57,9,12,0.5833333333333334,0,0,22,4423576.351309,11.806849315068494,9.0
C-002483470,S-0096,-100.0,1,1,男性,55,1,12,0.75,0,0,16,4644856.458098179,8.302739726027397,5.0
C-002540540,S-0005,-28.668385602047774,0,1,男性,41,1,12,0.1666666666666666,0,0,21,4733942.970761149,4.69041095890411,2.0
C-001462940,S-0072,-20.649018680953134,0,1,男性,42,6,12,0.0833333333333333,0,0,12,4406797.312641796,9.01917808219178,6.0
C-000195527,S-0111,-41.97240841352913,0,1,女性,41,12,12,0.4166666666666667,1727,2,19,4489501.980758176,6.397260273972603,4.0
C-002553150,S-0117,-70.78012247034988,1,1,男性,41,1,12,0.4166666666666667,0,0,20,4500859.737076383,9.593150684931507,7.0
C-001315341,S-0096,-28.88092768926181,0,1,男性,51,7,12,0.0833333333333333,17866,2,16,4644856.458098179,8.302739726027397,5.0
C-000963790,S-0002,-41.42552332622109,0,1,男性,52,8,12,0.5,0,0,15,4455566.655169959,5.663013698630137,2.0
C-001768592,S-0040,-100.0,1,1,女性,47,5,12,0.0833333333333333,18320,1,20,4550116.0180538,8.163013698630138,4.0
C-002602993,S-0106,-20.652806223808614,0,1,女性,52,1,12,0.25,0,0,20,4462729.145118021,6.171232876712329,3.5
C-000229486,S-0115,-100.0,1,1,女性,40,11,12,0.3333333333333333,0,0,14,4553643.099564746,10.51095890410959,7.0
C-002345855,S-0036,-24.528370988478894,0,1,男性,58,2,12,0.4166666666666667,12223,2,19,4397834.424680548,11.123287671232877,9.0
C-002290315,S-0074,-100.0,1,1,女性,58,2,12,0.0833333333333333,46856,2,14,4614054.39694187,8.308219178082192,6.0
C-000638659,S-0111,-35.7064497346014,0,1,男性,42,10,12,0.5833333333333334,0,0,19,4489501.980758176,6.397260273972603,4.0
C-001891010,S-0056,-40.17604325054908,0,1,女性,48,4,12,0.3333333333333333,0,0,15,4406070.585753419,7.528767123287671,4.0
C-000354770,S-0056,-32.336514905280524,0,1,男性,53,11,12,0.25,0,0,15,4406070.585753419,7.528767123287671,4.0
C-002328661,S-0012,-65.24759602722649,1,1,男性,38,2,12,0.3333333333333333,7041,2,16,4444678.825084195,7.994520547945205,5.0
C-000316065,S-0072,-100.0,1,1,女性,48,11,12,0.3333333333333333,0,0,12,4406797.312641796,9.01917808219178,6.0
C-000727708,S-0004,-33.68976421448985,0,1,女性,52,9,12,0.6666666666666666,36180,1,22,4423576.351309,11.806849315068494,9.0
C-000191404,S-0096,-33.23267416478138,0,1,女性,42,12,12,0.0833333333333333,3491,2,16,4644856.458098179,8.302739726027397,5.0
C-001776808,S-0080,-23.24830820935054,0,1,男性,59,5,12,0.0833333333333333,0,0,17,4457429.264950683,11.673972602739726,9.0
C-002005756,S-0036,-57.41669383593899,1,1,女性,40,4,12,0.25,0,0,19,4397834.424680548,11.123287671232877,9.0
C-001205177,S-0121,-62.5932287132673,1,1,男性,37,7,12,0.3333333333333333,0,0,14,4716268.25678644,9.856164383561644,7.0
C-000930795,S-0096,-47.05722604066408,0,1,女性,36,8,12,0.5,18202,1,16,4644856.458098179,8.302739726027397,5.0
C-002034905,S-0097,-17.85272137301013,0,1,女性,47,3,12,0.0833333333333333,22876,2,21,4592508.716501317,10.09041095890411,7.0
C-001313575,S-0117,-93.44419871369067,1,1,男性,55,7,12,0.3333333333333333,2967,2,20,4500859.737076383,9.593150684931507,7.0
C-002374812,S-0008,-18.8905496584163,0,1,男性,57,2,12,0.0833333333333333,1135,1,22,4498453.308937302,10.772602739726027,7.0
C-000293559,S-0131,-100.0,1,1,男性,42,11,12,0.25,998,1,17,4569023.5643747775,5.13972602739726,2.0
C-001651900,S-0080,-42.235411403378414,0,1,女性,54,5,12,0.1666666666666666,27968,1,17,4457429.264950683,11.673972602739726,9.0
C-000575122,S-0019,-100.0,1,1,男性,57,10,12,0.25,0,0,19,4327199.920883598,4.090410958904109,1.0
C-001264005,S-0056,-100.0,1,1,女性,53,7,12,0.25,13041,2,15,4406070.585753419,7.528767123287671,4.0
C-000879948,S-0041,-100.0,1,1,男性,50,9,12,0.3333333333333333,18243,2,17,4828489.286769263,10.389041095890411,7.0
C-002040242,S-0048,-36.96724894279229,0,1,女性,31,3,12,0.5833333333333334,54986,2,15,4502249.082895545,3.671232876712329,1.0
C-001635046,S-0040,-40.90093589789461,0,1,男性,44,5,12,0.3333333333333333,28335,1,20,4550116.0180538,8.163013698630138,4.0
C-000641648,S-0113,-100.0,1,1,男性,33,10,12,0.0833333333333333,0,0,16,4336633.961311346,5.77945205479452,2.5
C-000467050,S-0100,-100.0,1,1,男性,37,10,12,0.25,0,0,17,4535925.154217558,4.720547945205479,2.0
C-000872449,S-0017,-79.19421184075217,1,1,女性,35,9,12,0.3333333333333333,0,0,20,4640207.03550726,5.608219178082192,2.5
C-000696220,S-0111,-39.83537757373785,0,1,女性,45,9,12,0.3333333333333333,1793,1,19,4489501.980758176,6.397260273972603,4.0
C-001796732,S-0002,-100.0,1,1,男性,86,5,12,0.5,34780,1,15,4455566.655169959,5.663013698630137,2.0
C-000257120,S-0017,-100.0,1,1,女性,68,11,12,0.1666666666666666,0,0,20,4640207.03550726,5.608219178082192,2.5
C-001941716,S-0075,-27.675872949495332,0,1,男性,70,4,12,0.6666666666666666,26609,1,19,4506647.2743158825,4.526027397260274,1.0
C-001167516,S-0072,-30.519605479403573,0,1,男性,61,7,12,0.25,38509,1,12,4406797.312641796,9.01917808219178,6.0
C-001614532,S-0082,-100.0,1,1,男性,46,5,12,0.3333333333333333,10523,1,17,4607261.71451126,4.758904109589041,2.0
C-001252798,S-0082,-56.44505719618389,1,1,女性,57,7,12,0.3333333333333333,0,0,17,4607261.71451126,4.758904109589041,2.0
C-001530958,S-0121,-100.0,1,1,男性,44,6,12,0.0833333333333333,0,0,14,4716268.25678644,9.856164383561644,7.0
C-001868050,S-0039,-52.82458705242639,1,1,女性,42,4,12,0.5833333333333334,10648,2,16,4591288.568998441,8.193150684931506,5.0
C-000368601,S-0072,-100.0,1,1,男性,47,11,12,0.1666666666666666,15427,1,12,4406797.312641796,9.01917808219178,6.0
C-000558794,S-0089,-47.85087737084785,0,1,女性,48,10,12,0.0833333333333333,29501,2,19,4721110.949352573,10.142465753424657,7.0
C-000532165,S-0089,-100.0,1,1,男性,35,10,12,0.3333333333333333,9873,1,19,4721110.949352573,10.142465753424657,7.0
C-001115945,S-0020,-71.50774884407429,1,1,女性,79,8,12,0.0833333333333333,0,0,16,4280702.057267675,6.986301369863014,3.5
C-002188700,S-0030,-55.49780087964814,1,1,男性,48,3,12,0.4166666666666667,0,0,22,4426478.045479023,9.236986301369862,5.5
C-001597516,S-0048,-55.937595022571514,1,1,女性,65,5,12,0.1666666666666666,47293,2,15,4502249.082895545,3.671232876712329,1.0
C-000302137,S-0017,-74.73738440984623,1,1,女性,38,11,12,0.25,2531,1,20,4640207.03550726,5.608219178082192,2.5
C-000890050,S-0106,-46.96249041062705,0,1,女性,44,9,12,0.1666666666666666,24550,1,20,4462729.145118021,6.171232876712329,3.5
C-001797068,S-0117,-41.577096787340544,0,1,女性,53,5,12,0.1666666666666666,0,0,20,4500859.737076383,9.593150684931507,7.0
C-001186319,S-0039,-49.05540874963298,1,1,女性,37,7,12,0.25,14674,1,16,4591288.568998441,8.193150684931506,5.0
C-000221025,S-0115,-76.91382948836053,1,1,女性,48,12,12,0.1666666666666666,1572,1,14,4553643.099564746,10.51095890410959,7.0
C-000086087,S-0096,-42.721484231646,0,1,男性,24,12,12,0.4166666666666667,118109,2,16,4644856.458098179,8.302739726027397,5.0
C-000891673,S-0074,-64.8443998018353,1,1,男性,32,9,12,0.0833333333333333,0,0,14,4614054.39694187,8.308219178082192,6.0
C-002597176,S-0056,-100.0,1,1,男性,45,1,12,0.4166666666666667,0,0,15,4406070.585753419,7.528767123287671,4.0
C-001212815,S-0075,-27.773925980493054,0,1,女性,62,7,12,0.25,33059,1,19,4506647.2743158825,4.526027397260274,1.0
C-001534734,S-0056,-34.660379538779154,0,1,女性,24,6,12,0.0833333333333333,0,0,15,4406070.585753419,7.528767123287671,4.0
C-002646980,S-0059,-16.603887028505675,0,1,男性,46,1,12,0.4166666666666667,0,0,14,4713188.969095345,6.8123287671232875,3.0
C-000279947,S-0018,-42.64743031173454,0,1,男性,45,11,12,0.3333333333333333,4416,2,16,4493108.581950108,7.550684931506849,5.0
C-000121767,S-0048,-76.4641841609546,1,1,女性,60,12,12,0.3333333333333333,6503,2,15,4502249.082895545,3.671232876712329,1.0
C-002309026,S-0018,-63.67284833135901,1,1,男性,55,2,12,0.1666666666666666,2786,1,16,4493108.581950108,7.550684931506849,5.0
C-002538239,S-0041,-45.724428388758234,0,1,女性,56,1,12,0.25,0,0,17,4828489.286769263,10.389041095890411,7.0
C-000126421,S-0121,-99.74904528096017,1,1,女性,32,12,12,0.3333333333333333,0,0,14,4716268.25678644,9.856164383561644,7.0
C-001328779,S-0050,-38.68500351397407,0,1,女性,15,7,12,0.5,0,0,20,4615411.181286601,9.2013698630137,6.0
C-001538843,S-0048,-56.22126988409376,1,1,女性,66,6,12,0.0833333333333333,0,0,15,4502249.082895545,3.671232876712329,1.0
C-000023868,S-0102,-100.0,1,1,女性,43,12,12,0.0833333333333333,11206,1,16,4383474.364435211,10.484931506849314,7.5
C-002466307,S-0099,-53.66942295723304,1,1,男性,50,2,12,0.5833333333333334,375,2,13,4464126.154078853,8.147945205479452,5.0
C-001110389,S-0017,-62.0692635454569,1,1,女性,75,8,12,0.75,0,0,20,4640207.03550726,5.608219178082192,2.5
C-001419488,S-0002,-20.941655800564135,0,1,女性,59,6,12,0.0833333333333333,13587,1,15,4455566.655169959,5.663013698630137,2.0
C-001093511,S-0012,-25.97423840703903,0,1,女性,54,8,12,0.1666666666666666,0,0,16,4444678.825084195,7.994520547945205,5.0
C-002352161,S-0007,-26.881814104611728,0,1,男性,54,2,12,0.1666666666666666,0,0,21,4487075.727367008,3.7260273972602738,1.0
C-001280015,S-0117,-27.714385033350208,0,1,女性,67,7,12,0.0833333333333333,8649,2,20,4500859.737076383,9.593150684931507,7.0
C-000371170,S-0115,-20.98942170647636,0,1,女性,46,11,12,0.25,50698,1,14,4553643.099564746,10.51095890410959,7.0
C-002458805,S-0036,-41.55904508488551,0,1,男性,51,2,12,0.25,1095,1,19,4397834.424680548,11.123287671232877,9.0
C-001376218,S-0106,-13.852218489946576,0,1,女性,41,6,12,0.0833333333333333,14098,2,20,4462729.145118021,6.171232876712329,3.5
C-000205858,S-0089,-29.69140228135332,0,1,男性,60,12,12,0.4166666666666667,9755,2,19,4721110.949352573,10.142465753424657,7.0
C-001900872,S-0097,-16.541113530876405,0,1,女性,59,4,12,0.25,7359,2,21,4592508.716501317,10.09041095890411,7.0
C-000072883,S-0099,-100.0,1,1,男性,47,12,12,0.6666666666666666,21239,1,13,4464126.154078853,8.147945205479452,5.0
C-002059183,S-0099,-100.0,1,1,女性,78,3,12,0.0833333333333333,8363,1,13,4464126.154078853,8.147945205479452,5.0
C-002442827,S-0100,-96.74399628273854,1,1,女性,40,2,12,0.3333333333333333,4948,1,17,4535925.154217558,4.720547945205479,2.0
C-001199841,S-0002,-54.018458043447396,1,1,女性,34,7,12,0.1666666666666666,0,0,15,4455566.655169959,5.663013698630137,2.0
C-001735637,S-0097,-59.76653361284209,1,1,男性,60,5,12,0.0,11812,2,21,4592508.716501317,10.09041095890411,7.0
C-000483466,S-0036,-68.82350574635574,1,1,男性,42,10,12,0.25,0,0,19,4397834.424680548,11.123287671232877,9.0
C-000121236,S-0115,-62.2262901150205,1,1,男性,68,12,12,0.25,0,0,14,4553643.099564746,10.51095890410959,7.0
C-000056449,S-0040,-41.56431778406423,0,1,男性,76,12,12,0.3333333333333333,5569,2,20,4550116.0180538,8.163013698630138,4.0
C-000319903,S-0056,-42.0652126467721,0,1,女性,56,11,12,0.1666666666666666,22264,2,15,4406070.585753419,7.528767123287671,4.0
C-001132629,S-0131,-23.16416461354395,0,1,女性,48,7,12,0.25,0,0,17,4569023.5643747775,5.13972602739726,2.0
C-000343569,S-0115,-76.71420989783734,1,1,女性,56,11,12,0.1666666666666666,1103,1,14,4553643.099564746,10.51095890410959,7.0
C-001237671,S-0074,-98.09148884442034,1,1,女性,65,7,12,0.25,0,0,14,4614054.39694187,8.308219178082192,6.0
C-000236006,S-0018,-100.0,1,1,男性,58,11,12,0.4166666666666667,5019,1,16,4493108.581950108,7.550684931506849,5.0
C-001688464,S-0106,-26.025127709512635,0,1,女性,60,5,12,0.6666666666666666,11586,1,20,4462729.145118021,6.171232876712329,3.5
C-002554807,S-0097,-47.76786738776228,0,1,女性,61,1,12,0.25,4568,2,21,4592508.716501317,10.09041095890411,7.0
C-001109582,S-0115,-63.07212689009798,1,1,女性,35,8,12,0.0833333333333333,4323,1,14,4553643.099564746,10.51095890410959,7.0
C-002208177,S-0072,-66.60242889811505,1,1,女性,59,3,12,0.0833333333333333,11983,2,12,4406797.312641796,9.01917808219178,6.0
C-001065518,S-0050,-29.48928114390871,0,1,女性,44,8,12,0.0,10592,1,20,4615411.181286601,9.2013698630137,6.0
C-002487559,S-0014,-50.31751431649374,1,1,女性,20,1,12,0.1666666666666666,0,0,21,4730192.353344672,7.336986301369863,4.0
C-001894507,S-0018,-23.70841942473481,0,1,男性,54,4,12,0.4166666666666667,34017,1,16,4493108.581950108,7.550684931506849,5.0
C-001189360,S-0131,-19.19100623167443,0,1,男性,48,7,12,0.0833333333333333,0,0,17,4569023.5643747775,5.13972602739726,2.0
C-001350611,S-0106,-100.0,1,1,男性,37,6,12,0.25,0,0,20,4462729.145118021,6.171232876712329,3.5
C-001683210,S-0131,-100.0,1,1,女性,32,5,12,0.3333333333333333,13430,1,17,4569023.5643747775,5.13972602739726,2.0
C-002529002,S-0017,-25.28184239990734,0,1,女性,80,1,12,0.4166666666666667,0,0,20,4640207.03550726,5.608219178082192,2.5
C-002597527,S-0117,-32.62701292998779,0,1,女性,37,1,12,0.25,24410,1,20,4500859.737076383,9.593150684931507,7.0
C-001345602,S-0072,-97.94987272371255,1,1,男性,36,7,12,0.1666666666666666,17033,1,12,4406797.312641796,9.01917808219178,6.0
C-001907771,S-0102,-41.654571843251084,0,1,男性,52,4,12,0.4166666666666667,2830,1,16,4383474.364435211,10.484931506849314,7.5
C-001846489,S-0074,-9.912536293036114,0,1,女性,51,4,12,0.0833333333333333,5590,2,14,4614054.39694187,8.308219178082192,6.0
C-000057432,S-0121,-88.41133342469509,1,1,男性,47,12,12,0.25,0,0,14,4716268.25678644,9.856164383561644,7.0
C-002504213,S-0117,-47.82980938228395,0,1,男性,41,1,12,0.5,14542,1,20,4500859.737076383,9.593150684931507,7.0
C-001722968,S-0059,-21.133395959211825,0,1,男性,35,5,12,0.75,0,0,14,4713188.969095345,6.8123287671232875,3.0
C-001654006,S-0018,-100.0,1,1,男性,65,5,12,0.0833333333333333,0,0,16,4493108.581950108,7.550684931506849,5.0
C-000822305,S-0012,-100.0,1,1,女性,59,9,12,0.0833333333333333,6987,1,16,4444678.825084195,7.994520547945205,5.0
C-000600786,S-0014,-42.1208152849132,0,1,女性,45,10,12,0.25,13970,2,21,4730192.353344672,7.336986301369863,4.0
C-002014130,S-0048,-100.0,1,1,男性,60,4,12,0.25,63442,1,15,4502249.082895545,3.671232876712329,1.0
C-001888750,S-0007,-36.2238223319972,0,1,男性,31,4,12,0.5,0,0,21,4487075.727367008,3.7260273972602738,1.0
C-001148704,S-0096,-70.33754715732346,1,1,男性,59,7,12,0.75,32605,2,16,4644856.458098179,8.302739726027397,5.0
C-001079644,S-0020,-42.52024074793628,0,1,女性,60,8,12,0.3333333333333333,7782,1,16,4280702.057267675,6.986301369863014,3.5
C-001501121,S-0017,-33.979363760381446,0,1,男性,60,6,12,0.3333333333333333,90021,2,20,4640207.03550726,5.608219178082192,2.5
C-001113439,S-0018,-81.08274191799309,1,1,男性,42,8,12,0.5833333333333334,0,0,16,4493108.581950108,7.550684931506849,5.0
C-001054080,S-0080,-100.0,1,1,男性,39,8,12,0.25,18708,1,17,4457429.264950683,11.673972602739726,9.0
C-001658252,S-0099,-77.39520716829705,1,1,女性,37,5,12,0.6666666666666666,41409,1,13,4464126.154078853,8.147945205479452,5.0
C-000724265,S-0030,-38.57224715482519,0,1,男性,50,9,12,0.4166666666666667,0,0,22,4426478.045479023,9.236986301369862,5.5
C-002291042,S-0004,-98.7090467228242,1,1,女性,58,2,12,0.5833333333333334,8058,2,22,4423576.351309,11.806849315068494,9.0
C-001400528,S-0099,-79.16012038181425,1,1,女性,48,6,12,0.3333333333333333,1923,1,13,4464126.154078853,8.147945205479452,5.0
C-001895722,S-0059,-58.97352717067393,1,1,女性,57,4,12,0.5,0,0,14,4713188.969095345,6.8123287671232875,3.0
C-001097659,S-0072,-52.09866976624048,1,1,女性,32,8,12,0.25,24075,1,12,4406797.312641796,9.01917808219178,6.0
C-002518323,S-0020,-17.901656771088707,0,1,男性,44,1,12,0.3333333333333333,0,0,16,4280702.057267675,6.986301369863014,3.5
C-000998121,S-0115,-61.17026847746395,1,1,男性,58,8,12,0.3333333333333333,5060,1,14,4553643.099564746,10.51095890410959,7.0
C-000440564,S-0020,-55.751888104938885,1,1,男性,71,11,12,0.6666666666666666,23401,1,16,4280702.057267675,6.986301369863014,3.5
C-000666266,S-0007,-73.97739225766308,1,1,女性,59,10,12,0.0833333333333333,44305,1,21,4487075.727367008,3.7260273972602738,1.0
C-002336042,S-0080,-69.79960229665684,1,1,男性,42,2,12,0.4166666666666667,15307,2,17,4457429.264950683,11.673972602739726,9.0
C-002295632,S-0102,-27.158509554273948,0,1,女性,38,2,12,0.25,49954,1,16,4383474.364435211,10.484931506849314,7.5
C-000230551,S-0036,-62.263878428985564,1,1,女性,54,11,12,0.1666666666666666,6867,1,19,4397834.424680548,11.123287671232877,9.0
C-001737877,S-0102,-34.00996379614444,0,1,男性,69,5,12,0.5,21780,1,16,4383474.364435211,10.484931506849314,7.5
C-002100709,S-0117,-100.0,1,1,男性,75,3,12,0.0,3661,1,20,4500859.737076383,9.593150684931507,7.0
C-000520940,S-0080,-100.0,1,1,男性,18,10,12,0.1666666666666666,20409,1,17,4457429.264950683,11.673972602739726,9.0
C-000971497,S-0099,-100.0,1,1,男性,35,8,12,0.1666666666666666,0,0,13,4464126.154078853,8.147945205479452,5.0
C-001677172,S-0040,-58.57795061988599,1,1,男性,44,5,12,0.3333333333333333,25737,1,20,4550116.0180538,8.163013698630138,4.0
C-000087456,S-0017,-17.68046632565124,0,1,男性,78,12,12,0.25,26905,2,20,4640207.03550726,5.608219178082192,2.5
C-001966554,S-0056,-49.82542806447494,1,1,女性,39,4,12,0.1666666666666666,16182,1,15,4406070.585753419,7.528767123287671,4.0
C-002249737,S-0096,-9.330677101108792,0,1,男性,53,2,12,0.1666666666666666,55037,1,16,4644856.458098179,8.302739726027397,5.0
C-001483332,S-0097,-61.37288229455542,1,1,女性,43,6,12,0.25,1214,2,21,4592508.716501317,10.09041095890411,7.0
C-000667032,S-0005,-25.006982012267652,0,1,男性,51,10,12,0.5,2056,1,21,4733942.970761149,4.69041095890411,2.0
C-001873381,S-0113,-21.148764430807773,0,1,女性,37,4,12,0.5,17790,1,16,4336633.961311346,5.77945205479452,2.5
C-001855348,S-0039,-50.94431970437624,1,1,女性,33,4,12,0.25,0,0,16,4591288.568998441,8.193150684931506,5.0
C-002559745,S-0063,-55.029438335254355,1,1,男性,22,1,12,0.4166666666666667,10114,2,18,4564012.176421695,5.749315068493151,3.0
C-002430960,S-0113,-28.765270434468494,0,1,女性,68,2,12,0.25,0,0,16,4336633.961311346,5.77945205479452,2.5
C-000403880,S-0040,-100.0,1,1,女性,57,11,12,0.1666666666666666,0,0,20,4550116.0180538,8.163013698630138,4.0
C-000691228,S-0100,-5.443341934955353,0,1,女性,46,9,12,0.4166666666666667,1638,1,17,4535925.154217558,4.720547945205479,2.0
C-002611811,S-0096,-39.810216621810824,0,1,女性,24,1,12,0.5833333333333334,126646,1,16,4644856.458098179,8.302739726027397,5.0
C-000445722,S-0102,-99.66185601611008,1,1,男性,41,11,12,0.6666666666666666,0,0,16,4383474.364435211,10.484931506849314,7.5
C-002237198,S-0113,-88.36334367341033,1,1,男性,55,3,12,0.3333333333333333,18056,1,16,4336633.961311346,5.77945205479452,2.5
C-002625102,S-0048,-21.967749382730542,0,1,女性,41,1,12,0.25,22740,1,15,4502249.082895545,3.671232876712329,1.0
C-000134329,S-0099,-29.757427932218572,0,1,男性,35,12,12,0.3333333333333333,1583,2,13,4464126.154078853,8.147945205479452,5.0
C-001867536,S-0085,-20.62349205329651,0,1,男性,48,4,12,0.4166666666666667,0,0,15,4606655.398026554,4.928767123287671,2.0
C-000282456,S-0039,-29.799591927758566,0,1,男性,33,11,12,0.0833333333333333,0,0,16,4591288.568998441,8.193150684931506,5.0
C-000123850,S-0041,-89.035681755178,1,1,男性,31,12,12,0.1666666666666666,0,0,17,4828489.286769263,10.389041095890411,7.0
C-000317338,S-0063,-26.83128177651866,0,1,女性,58,11,12,0.1666666666666666,10624,1,18,4564012.176421695,5.749315068493151,3.0
C-000195461,S-0080,-100.0,1,1,女性,68,12,12,0.0833333333333333,0,0,17,4457429.264950683,11.673972602739726,9.0
C-001488132,S-0082,-21.969840989639206,0,1,女性,33,6,12,0.25,2447,1,17,4607261.71451126,4.758904109589041,2.0
C-000704651,S-0131,-100.0,1,1,男性,46,9,12,0.25,26445,2,17,4569023.5643747775,5.13972602739726,2.0
C-002094571,S-0082,-36.31910809849382,0,1,女性,47,3,12,0.1666666666666666,27345,1,17,4607261.71451126,4.758904109589041,2.0
C-001002247,S-0117,-46.231188754083064,0,1,女性,77,8,12,0.0833333333333333,19334,1,20,4500859.737076383,9.593150684931507,7.0
C-002294246,S-0096,-61.698244931865176,1,1,男性,68,2,12,0.1666666666666666,7172,2,16,4644856.458098179,8.302739726027397,5.0
C-001599753,S-0020,-18.891757079021907,0,1,女性,60,5,12,0.25,11253,1,16,4280702.057267675,6.986301369863014,3.5
C-001505940,S-0014,-78.18737707152734,1,1,女性,57,6,12,0.1666666666666666,0,0,21,4730192.353344672,7.336986301369863,4.0
C-001281445,S-0075,-20.163718356213202,0,1,男性,46,7,12,0.4166666666666667,24497,1,19,4506647.2743158825,4.526027397260274,1.0
C-002103234,S-0007,-47.30367929708951,0,1,男性,52,3,12,0.25,20109,1,21,4487075.727367008,3.7260273972602738,1.0
C-000477283,S-0007,-65.27328405324768,1,1,女性,47,10,12,0.8333333333333334,0,0,21,4487075.727367008,3.7260273972602738,1.0
C-001628213,S-0012,-100.0,1,1,男性,44,5,12,0.3333333333333333,5318,1,16,4444678.825084195,7.994520547945205,5.0
C-001476940,S-0018,-25.400841767712194,0,1,女性,31,6,12,0.25,0,0,16,4493108.581950108,7.550684931506849,5.0
C-002431628,S-0100,-44.836536616403905,0,1,男性,53,2,12,0.3333333333333333,0,0,17,4535925.154217558,4.720547945205479,2.0
C-001051409,S-0089,-54.87682168999757,1,1,女性,43,8,12,0.3333333333333333,0,0,19,4721110.949352573,10.142465753424657,7.0
C-001363121,S-0121,-31.693421065534384,0,1,男性,62,6,12,0.4166666666666667,7102,1,14,4716268.25678644,9.856164383561644,7.0
C-000152713,S-0121,-41.90502834342167,0,1,男性,47,12,12,0.25,0,0,14,4716268.25678644,9.856164383561644,7.0
C-001733178,S-0131,-53.64813923173581,1,1,女性,55,5,12,0.0833333333333333,19219,2,17,4569023.5643747775,5.13972602739726,2.0
C-000182531,S-0036,-28.38317283324886,0,1,女性,45,12,12,0.25,10306,1,19,4397834.424680548,11.123287671232877,9.0
C-000429940,S-0080,-100.0,1,1,女性,44,11,12,0.0833333333333333,7447,1,17,4457429.264950683,11.673972602739726,9.0
C-002219361,S-0036,-49.56174785045949,1,1,女性,33,3,12,0.1666666666666666,0,0,19,4397834.424680548,11.123287671232877,9.0
C-000564764,S-0117,-22.764565683865076,0,1,男性,48,10,12,0.25,0,0,20,4500859.737076383,9.593150684931507,7.0
C-002345848,S-0004,-32.39285821759535,0,1,男性,68,2,12,0.25,14091,1,22,4423576.351309,11.806849315068494,9.0
C-002221110,S-0097,-61.86109501542939,1,1,女性,60,3,12,0.5833333333333334,7077,1,21,4592508.716501317,10.09041095890411,7.0
C-002126186,S-0082,-25.80893601196765,0,1,男性,48,3,12,0.1666666666666666,3217,2,17,4607261.71451126,4.758904109589041,2.0
C-001245375,S-0012,-99.20821269684345,1,1,女性,60,7,12,0.25,0,0,16,4444678.825084195,7.994520547945205,5.0
C-002560804,S-0039,-100.0,1,1,女性,43,1,12,0.0833333333333333,0,0,16,4591288.568998441,8.193150684931506,5.0
C-002301708,S-0097,-54.465268551907386,1,1,女性,26,2,12,0.1666666666666666,4028,2,21,4592508.716501317,10.09041095890411,7.0
C-001496493,S-0082,-100.0,1,1,女性,43,6,12,0.3333333333333333,0,0,17,4607261.71451126,4.758904109589041,2.0
C-002583974,S-0012,-100.0,1,1,女性,44,1,12,0.1666666666666666,0,0,16,4444678.825084195,7.994520547945205,5.0
C-002178408,S-0056,-31.671059220014453,0,1,女性,19,3,12,0.0833333333333333,17487,1,15,4406070.585753419,7.528767123287671,4.0
C-000517070,S-0102,-100.0,1,1,男性,47,10,12,0.0833333333333333,0,0,16,4383474.364435211,10.484931506849314,7.5
C-000268414,S-0036,-56.621663694772295,1,1,女性,50,11,12,0.0833333333333333,3085,1,19,4397834.424680548,11.123287671232877,9.0
C-001107275,S-0007,-36.98854906508189,0,1,女性,22,8,12,0.0,9664,1,21,4487075.727367008,3.7260273972602738,1.0
C-002080175,S-0040,-30.56426978427646,0,1,男性,64,3,12,0.25,20339,1,20,4550116.0180538,8.163013698630138,4.0
C-000234385,S-0074,-100.0,1,1,女性,62,11,12,0.4166666666666667,0,0,14,4614054.39694187,8.308219178082192,6.0
C-002336270,S-0036,-100.0,1,1,女性,31,2,12,0.3333333333333333,5152,1,19,4397834.424680548,11.123287671232877,9.0
C-000410354,S-0075,-88.50095635045248,1,1,男性,43,11,12,0.1666666666666666,903,1,19,4506647.2743158825,4.526027397260274,1.0
C-001607098,S-0099,-11.755807144251415,0,1,女性,57,5,12,0.25,0,0,13,4464126.154078853,8.147945205479452,5.0
C-000866309,S-0080,-65.59991505627522,1,1,男性,47,9,12,0.1666666666666666,15653,2,17,4457429.264950683,11.673972602739726,9.0
C-002629088,S-0018,-14.634108406563495,0,1,女性,55,1,12,0.5,0,0,16,4493108.581950108,7.550684931506849,5.0
C-002658048,S-0059,-100.0,1,1,男性,77,1,12,0.1666666666666666,4541,1,14,4713188.969095345,6.8123287671232875,3.0
C-000812817,S-0121,-6.824394557168821,0,1,女性,50,9,12,0.1666666666666666,19029,2,14,4716268.25678644,9.856164383561644,7.0
C-001955504,S-0121,-7.664415955115785,0,1,男性,55,4,12,0.0,39536,1,14,4716268.25678644,9.856164383561644,7.0
C-000454394,S-0012,-29.274967740105783,0,1,女性,50,10,12,0.25,0,0,16,4444678.825084195,7.994520547945205,5.0
C-000500575,S-0056,-17.77563067384543,0,1,女性,56,10,12,0.25,0,0,15,4406070.585753419,7.528767123287671,4.0
C-002675852,S-0004,-38.609648984012125,0,1,男性,69,1,12,0.0833333333333333,0,0,22,4423576.351309,11.806849315068494,9.0
C-001502962,S-0014,-63.887648718263215,1,1,男性,49,6,12,0.0833333333333333,11576,1,21,4730192.353344672,7.336986301369863,4.0
C-001057403,S-0075,-100.0,1,1,女性,40,8,12,0.1666666666666666,23929,1,19,4506647.2743158825,4.526027397260274,1.0
C-002378163,S-0039,-47.34600821192726,0,1,男性,59,2,12,0.25,28664,1,16,4591288.568998441,8.193150684931506,5.0
C-000159051,S-0080,-100.0,1,1,女性,59,12,12,0.0,0,0,17,4457429.264950683,11.673972602739726,9.0
C-002444132,S-0004,-86.03740601671409,1,1,男性,48,2,12,0.6666666666666666,29897,2,22,4423576.351309,11.806849315068494,9.0
C-001096028,S-0018,-54.92404051172708,1,1,女性,48,8,12,0.1666666666666666,9742,1,16,4493108.581950108,7.550684931506849,5.0
C-002011693,S-0018,-64.69110752137426,1,1,女性,42,4,12,0.25,13809,1,16,4493108.581950108,7.550684931506849,5.0
C-000973410,S-0115,-100.0,1,1,女性,60,8,12,0.0833333333333333,16622,1,14,4553643.099564746,10.51095890410959,7.0
C-001411153,S-0099,-100.0,1,1,男性,35,6,12,0.0833333333333333,0,0,13,4464126.154078853,8.147945205479452,5.0
C-002609738,S-0100,-13.77849872589681,0,1,女性,34,1,12,0.0833333333333333,7606,1,17,4535925.154217558,4.720547945205479,2.0
C-001698017,S-0102,-51.811750610083784,1,1,男性,33,5,12,0.3333333333333333,5689,2,16,4383474.364435211,10.484931506849314,7.5
C-002461692,S-0117,-26.79438533695145,0,1,男性,58,2,12,0.1666666666666666,26637,2,20,4500859.737076383,9.593150684931507,7.0
C-001178383,S-0002,-57.08918715504265,1,1,男性,52,7,12,0.5833333333333334,0,0,15,4455566.655169959,5.663013698630137,2.0
C-000724473,S-0085,-100.0,1,1,男性,45,9,12,0.25,17719,1,15,4606655.398026554,4.928767123287671,2.0
C-000912385,S-0113,-41.124004763127786,0,1,女性,49,8,12,0.25,0,0,16,4336633.961311346,5.77945205479452,2.5
C-002269481,S-0102,-51.44627478577283,1,1,女性,76,2,12,0.0833333333333333,0,0,16,4383474.364435211,10.484931506849314,7.5
C-001804782,S-0040,-31.35355587265782,0,1,男性,86,4,12,0.1666666666666666,60588,1,20,4550116.0180538,8.163013698630138,4.0
C-000658891,S-0080,-100.0,1,1,女性,50,10,12,0.25,0,0,17,4457429.264950683,11.673972602739726,9.0
C-002174380,S-0017,-100.0,1,1,男性,19,3,12,0.0,0,0,20,4640207.03550726,5.608219178082192,2.5
C-002111365,S-0117,-36.74553845633689,0,1,女性,20,3,12,0.25,58148,2,20,4500859.737076383,9.593150684931507,7.0
C-000128403,S-0102,-23.146598818133146,0,1,男性,47,12,12,0.0833333333333333,0,0,16,4383474.364435211,10.484931506849314,7.5
C-001153504,S-0113,-15.883814806678384,0,1,女性,50,7,12,0.1666666666666666,24653,2,16,4336633.961311346,5.77945205479452,2.5
C-000297187,S-0014,-63.79313191803215,1,1,女性,50,11,12,0.1666666666666666,21780,1,21,4730192.353344672,7.336986301369863,4.0
C-001920769,S-0014,-40.87411503005155,0,1,男性,40,4,12,0.3333333333333333,0,0,21,4730192.353344672,7.336986301369863,4.0
C-001730948,S-0113,-36.852260268249395,0,1,男性,62,5,12,0.3333333333333333,8000,2,16,4336633.961311346,5.77945205479452,2.5
C-002440022,S-0012,-20.791279146562243,0,1,女性,46,2,12,0.3333333333333333,0,0,16,4444678.825084195,7.994520547945205,5.0
C-002375189,S-0085,-19.10014948304646,0,1,女性,50,2,12,0.25,9967,2,15,4606655.398026554,4.928767123287671,2.0
C-001131649,S-0111,-100.0,1,1,女性,46,7,12,0.3333333333333333,0,0,19,4489501.980758176,6.397260273972603,4.0
C-001557660,S-0056,-72.88193627083824,1,1,女性,47,6,12,0.25,0,0,15,4406070.585753419,7.528767123287671,4.0
C-002089591,S-0036,-45.591220257619376,0,1,女性,54,3,12,0.1666666666666666,0,0,19,4397834.424680548,11.123287671232877,9.0
C-000498454,S-0040,-40.48870413880354,0,1,男性,43,10,12,0.1666666666666666,5337,1,20,4550116.0180538,8.163013698630138,4.0
C-001505100,S-0117,-100.0,1,1,男性,57,6,12,0.25,0,0,20,4500859.737076383,9.593150684931507,7.0
C-001719457,S-0102,-100.0,1,1,女性,43,5,12,0.3333333333333333,94005,1,16,4383474.364435211,10.484931506849314,7.5
C-002661284,S-0074,-100.0,1,1,女性,19,1,12,0.3333333333333333,0,0,14,4614054.39694187,8.308219178082192,6.0
C-002221183,S-0008,-100.0,1,1,女性,19,3,12,0.3333333333333333,0,0,22,4498453.308937302,10.772602739726027,7.0
C-000553689,S-0039,-100.0,1,1,男性,37,10,12,0.25,0,0,16,4591288.568998441,8.193150684931506,5.0
C-001909432,S-0082,-21.024503554150584,0,1,女性,67,4,12,0.0833333333333333,50603,2,17,4607261.71451126,4.758904109589041,2.0
C-002500532,S-0102,-37.143268007365194,0,1,女性,73,1,12,0.0833333333333333,50058,1,16,4383474.364435211,10.484931506849314,7.5
C-001457645,S-0117,-45.19412342321928,0,1,女性,36,6,12,0.1666666666666666,2293,2,20,4500859.737076383,9.593150684931507,7.0
C-000446423,S-0080,-59.946726371240175,1,1,女性,44,11,12,0.4166666666666667,11563,1,17,4457429.264950683,11.673972602739726,9.0
C-002468480,S-0074,-100.0,1,1,女性,69,2,12,0.25,6592,1,14,4614054.39694187,8.308219178082192,6.0
C-000758360,S-0018,-32.62700026819238,0,1,女性,42,9,12,0.25,6044,1,16,4493108.581950108,7.550684931506849,5.0
C-000181553,S-0089,-30.129636086737193,0,1,女性,51,12,12,0.0833333333333333,11090,2,19,4721110.949352573,10.142465753424657,7.0
C-001590242,S-0020,-100.0,1,1,女性,50,5,12,0.25,0,0,16,4280702.057267675,6.986301369863014,3.5
C-002071860,S-0113,-100.0,1,1,女性,60,3,12,0.0,0,0,16,4336633.961311346,5.77945205479452,2.5
C-001535064,S-0117,-22.58617440934592,0,1,男性,45,6,12,0.25,13203,1,20,4500859.737076383,9.593150684931507,7.0
C-001310556,S-0012,-100.0,1,1,女性,48,7,12,0.1666666666666666,28289,1,16,4444678.825084195,7.994520547945205,5.0
C-001515468,S-0074,-66.37619591183497,1,1,男性,68,6,12,0.1666666666666666,5784,1,14,4614054.39694187,8.308219178082192,6.0
C-002056848,S-0048,-100.0,1,1,女性,57,3,12,0.4166666666666667,0,0,15,4502249.082895545,3.671232876712329,1.0
C-002007131,S-0089,-29.09429654801422,0,1,女性,57,4,12,0.1666666666666666,15173,2,19,4721110.949352573,10.142465753424657,7.0
C-001110854,S-0050,-23.186177828270242,0,1,女性,52,8,12,0.25,0,0,20,4615411.181286601,9.2013698630137,6.0
C-001918243,S-0113,-100.0,1,1,女性,36,4,12,0.25,0,0,16,4336633.961311346,5.77945205479452,2.5
C-001345149,S-0062,-60.66676081975959,1,1,男性,70,7,12,0.5,0,0,15,4713869.782113416,4.575342465753424,1.0
C-000039767,S-0062,-38.464437889216654,0,1,女性,46,12,12,0.1666666666666666,0,0,15,4713869.782113416,4.575342465753424,1.0
C-000716258,S-0012,-37.81683777176305,0,1,女性,48,9,12,0.3333333333333333,17988,1,16,4444678.825084195,7.994520547945205,5.0
C-000135298,S-0131,-57.252928938146205,1,1,男性,73,12,12,0.1666666666666666,22132,1,17,4569023.5643747775,5.13972602739726,2.0
C-001762329,S-0030,-19.365130757971276,0,1,女性,56,5,12,0.0,5633,2,22,4426478.045479023,9.236986301369862,5.5
C-001867561,S-0121,-60.34905933429812,1,1,男性,40,4,12,0.1666666666666666,6243,1,14,4716268.25678644,9.856164383561644,7.0
C-001763339,S-0113,-100.0,1,1,男性,54,5,12,0.5833333333333334,25234,1,16,4336633.961311346,5.77945205479452,2.5
C-001919571,S-0048,-43.75996300159408,0,1,男性,52,4,12,0.25,34526,2,15,4502249.082895545,3.671232876712329,1.0
C-001456185,S-0048,-28.960622533392584,0,1,女性,48,6,12,0.1666666666666666,12548,1,15,4502249.082895545,3.671232876712329,1.0
C-001767926,S-0056,-58.72204090187741,1,1,女性,54,5,12,0.5833333333333334,4089,1,15,4406070.585753419,7.528767123287671,4.0
C-001810055,S-0113,-62.032282875317016,1,1,男性,58,4,12,0.3333333333333333,0,0,16,4336633.961311346,5.77945205479452,2.5
C-001554892,S-0099,-44.94691167582294,0,1,女性,53,6,12,0.0,26506,1,13,4464126.154078853,8.147945205479452,5.0
C-001001536,S-0059,-100.0,1,1,女性,60,8,12,0.25,0,0,14,4713188.969095345,6.8123287671232875,3.0
C-000306835,S-0002,-24.40447390301533,0,1,女性,38,11,12,0.25,27076,2,15,4455566.655169959,5.663013698630137,2.0
C-001088639,S-0004,-49.22933546673929,1,1,女性,44,8,12,0.4166666666666667,2989,1,22,4423576.351309,11.806849315068494,9.0
C-000712349,S-0121,-37.7407397890355,0,1,女性,46,9,12,0.0833333333333333,20293,1,14,4716268.25678644,9.856164383561644,7.0
C-001993484,S-0082,-33.76215740422795,0,1,男性,58,4,12,0.0833333333333333,14093,1,17,4607261.71451126,4.758904109589041,2.0
C-002060167,S-0113,-100.0,1,1,男性,35,3,12,0.4166666666666667,0,0,16,4336633.961311346,5.77945205479452,2.5
C-001259849,S-0012,-43.60645223146835,0,1,女性,48,7,12,0.3333333333333333,8456,1,16,4444678.825084195,7.994520547945205,5.0
C-000494824,S-0113,-58.537222782653245,1,1,男性,50,10,12,0.25,176178,1,16,4336633.961311346,5.77945205479452,2.5
C-002680893,S-0036,-20.630796855559325,0,1,女性,35,1,12,0.25,7937,1,19,4397834.424680548,11.123287671232877,9.0
C-001814040,S-0036,-36.70347702260489,0,1,男性,47,4,12,0.25,10803,1,19,4397834.424680548,11.123287671232877,9.0
C-000942405,S-0048,-100.0,1,1,男性,45,8,12,0.3333333333333333,0,0,15,4502249.082895545,3.671232876712329,1.0
C-001282239,S-0036,-39.36701922359634,0,1,男性,48,7,12,0.25,15457,1,19,4397834.424680548,11.123287671232877,9.0
C-000410652,S-0017,-18.994150434285938,0,1,男性,61,11,12,0.9166666666666666,15468,1,20,4640207.03550726,5.608219178082192,2.5
C-000943341,S-0036,-24.726533040897234,0,1,女性,64,8,12,0.0833333333333333,0,0,19,4397834.424680548,11.123287671232877,9.0
C-000815918,S-0126,-100.0,1,1,女性,59,9,12,0.0833333333333333,121638,1,17,4493168.352495564,5.53972602739726,3.0
C-000811853,S-0004,-100.0,1,1,男性,52,9,12,0.1666666666666666,2874,2,22,4423576.351309,11.806849315068494,9.0
C-000334730,S-0079,-47.39809083702966,0,1,男性,41,11,12,0.1666666666666666,43249,1,13,4256656.371085242,8.479452054794521,6.0
C-001052092,S-0014,-50.837490061606935,1,1,男性,59,8,12,0.1666666666666666,0,0,21,4730192.353344672,7.336986301369863,4.0
C-001551698,S-0072,-100.0,1,1,男性,57,6,12,0.4166666666666667,0,0,12,4406797.312641796,9.01917808219178,6.0
C-002101837,S-0018,-86.52786328336511,1,1,男性,39,3,12,0.4166666666666667,68134,2,16,4493108.581950108,7.550684931506849,5.0
C-000579844,S-0020,-40.06537834191396,0,1,女性,53,10,12,0.0833333333333333,13850,1,16,4280702.057267675,6.986301369863014,3.5
C-000854289,S-0080,-100.0,1,1,女性,40,9,12,0.25,7760,1,17,4457429.264950683,11.673972602739726,9.0
C-000725395,S-0080,-31.23315133819686,0,1,女性,54,9,12,0.3333333333333333,3394,1,17,4457429.264950683,11.673972602739726,9.0
C-000289420,S-0089,-36.54040404040404,0,1,男性,32,11,12,0.25,17057,1,19,4721110.949352573,10.142465753424657,7.0
C-001390913,S-0036,-98.0258083345494,1,1,女性,46,6,12,0.25,11586,2,19,4397834.424680548,11.123287671232877,9.0
C-001126886,S-0079,-40.88800373031115,0,1,女性,44,7,12,0.1666666666666666,38780,1,13,4256656.371085242,8.479452054794521,6.0
C-002348914,S-0099,-47.39837433320581,0,1,女性,37,2,12,0.25,9284,1,13,4464126.154078853,8.147945205479452,5.0
C-000841519,S-0014,-70.43338142436903,1,1,男性,61,9,12,0.25,0,0,21,4730192.353344672,7.336986301369863,4.0
C-000949912,S-0036,-100.0,1,1,女性,68,8,12,0.0833333333333333,0,0,19,4397834.424680548,11.123287671232877,9.0
C-002197783,S-0048,-100.0,1,1,女性,50,3,12,0.1666666666666666,0,0,15,4502249.082895545,3.671232876712329,1.0
C-002521405,S-0030,-40.18235038724948,0,1,女性,58,1,12,0.1666666666666666,74303,1,22,4426478.045479023,9.236986301369862,5.5
C-002587945,S-0050,-14.922661022853346,0,1,男性,49,1,12,0.0833333333333333,0,0,20,4615411.181286601,9.2013698630137,6.0
C-001411948,S-0121,-100.0,1,1,男性,47,6,12,0.25,0,0,14,4716268.25678644,9.856164383561644,7.0
C-000740243,S-0005,-91.29240894133666,1,1,女性,59,9,12,0.5,0,0,21,4733942.970761149,4.69041095890411,2.0
C-000438744,S-0019,-12.583015910069001,0,1,女性,20,11,12,0.0833333333333333,0,0,19,4327199.920883598,4.090410958904109,1.0
C-000448709,S-0121,-100.0,1,1,女性,44,11,12,0.25,0,0,14,4716268.25678644,9.856164383561644,7.0
C-001698077,S-0099,-80.4877839764849,1,1,女性,32,5,12,0.5833333333333334,0,0,13,4464126.154078853,8.147945205479452,5.0
C-001482174,S-0036,-100.0,1,1,男性,78,6,12,0.3333333333333333,0,0,19,4397834.424680548,11.123287671232877,9.0
C-001476717,S-0079,-57.80801683627118,1,1,女性,47,6,12,0.3333333333333333,0,0,13,4256656.371085242,8.479452054794521,6.0
C-001451505,S-0004,-100.0,1,1,女性,70,6,12,0.0833333333333333,0,0,22,4423576.351309,11.806849315068494,9.0
C-000032726,S-0050,-34.73474789241984,0,1,女性,54,12,12,0.25,20161,1,20,4615411.181286601,9.2013698630137,6.0
C-001890523,S-0050,-17.82401211035934,0,1,男性,58,4,12,0.25,16324,2,20,4615411.181286601,9.2013698630137,6.0
C-002693385,S-0080,-100.0,1,1,女性,54,1,12,0.0833333333333333,1370,2,17,4457429.264950683,11.673972602739726,9.0
C-001376487,S-0036,-73.43438646639274,1,1,女性,77,6,12,0.1666666666666666,1433,1,19,4397834.424680548,11.123287671232877,9.0
C-002227121,S-0072,-20.62966049322903,0,1,男性,21,3,12,0.0833333333333333,6963,1,12,4406797.312641796,9.01917808219178,6.0
C-001744067,S-0020,-100.0,1,1,女性,32,5,12,0.3333333333333333,26847,1,16,4280702.057267675,6.986301369863014,3.5
C-000649712,S-0121,-83.58181177674827,1,1,女性,59,10,12,0.25,27351,2,14,4716268.25678644,9.856164383561644,7.0
C-002578938,S-0048,-33.96583644392252,0,1,女性,57,1,12,0.0833333333333333,1264,1,15,4502249.082895545,3.671232876712329,1.0
C-001864061,S-0100,-53.22864127416687,1,1,女性,46,4,12,0.1666666666666666,2001,2,17,4535925.154217558,4.720547945205479,2.0
C-000714952,S-0074,-30.245103507625622,0,1,女性,50,9,12,0.25,19579,2,14,4614054.39694187,8.308219178082192,6.0
C-001776580,S-0121,-16.96382819377472,0,1,女性,38,5,12,0.25,0,0,14,4716268.25678644,9.856164383561644,7.0
C-000254593,S-0018,-60.75177851669421,1,1,女性,37,11,12,0.5833333333333334,5448,1,16,4493108.581950108,7.550684931506849,5.0
C-000083450,S-0007,-43.79218197767873,0,1,女性,55,12,12,0.25,3899,1,21,4487075.727367008,3.7260273972602738,1.0
C-002091107,S-0020,-51.419193893270176,1,1,女性,59,3,12,0.3333333333333333,20736,1,16,4280702.057267675,6.986301369863014,3.5
C-002217398,S-0050,-20.360967950776633,0,1,女性,47,3,12,0.25,0,0,20,4615411.181286601,9.2013698630137,6.0
C-000656989,S-0018,-57.800121658854266,1,1,男性,47,10,12,0.5,1681,2,16,4493108.581950108,7.550684931506849,5.0
C-002079705,S-0099,-100.0,1,1,女性,40,3,12,0.1666666666666666,3232,1,13,4464126.154078853,8.147945205479452,5.0
C-000872992,S-0039,-52.50514718766427,1,1,男性,45,9,12,0.0,8966,1,16,4591288.568998441,8.193150684931506,5.0
C-000758058,S-0008,-100.0,1,1,男性,64,9,12,0.1666666666666666,20603,2,22,4498453.308937302,10.772602739726027,7.0
C-002269119,S-0121,-100.0,1,1,男性,46,2,12,0.4166666666666667,33443,1,14,4716268.25678644,9.856164383561644,7.0
C-001587075,S-0017,-20.85807493093617,0,1,女性,33,5,12,0.1666666666666666,1937,2,20,4640207.03550726,5.608219178082192,2.5
C-000115113,S-0041,-30.4104313179001,0,1,女性,32,12,12,0.1666666666666666,31446,1,17,4828489.286769263,10.389041095890411,7.0
C-001255305,S-0075,-38.15654600128449,0,1,女性,42,7,12,0.5,0,0,19,4506647.2743158825,4.526027397260274,1.0
C-000732688,S-0121,-58.637631823685275,1,1,男性,39,9,12,0.0833333333333333,75510,2,14,4716268.25678644,9.856164383561644,7.0
C-002584742,S-0080,-73.58098515405372,1,1,女性,51,1,12,0.25,23633,1,17,4457429.264950683,11.673972602739726,9.0
C-000761872,S-0079,-100.0,1,1,女性,46,9,12,0.0833333333333333,0,0,13,4256656.371085242,8.479452054794521,6.0
C-000230080,S-0008,-100.0,1,1,男性,31,11,12,0.5,0,0,22,4498453.308937302,10.772602739726027,7.0
C-001781386,S-0096,-13.031878578548906,0,1,女性,59,5,12,0.1666666666666666,3612,1,16,4644856.458098179,8.302739726027397,5.0
C-002490665,S-0121,-23.423136422369303,0,1,男性,25,1,12,0.3333333333333333,14363,2,14,4716268.25678644,9.856164383561644,7.0
C-000604950,S-0048,-79.36753796949044,1,1,男性,48,10,12,0.0833333333333333,0,0,15,4502249.082895545,3.671232876712329,1.0
C-000160698,S-0072,-44.275485947009436,0,1,女性,44,12,12,0.1666666666666666,57381,2,12,4406797.312641796,9.01917808219178,6.0
C-001938257,S-0056,-35.412672046158754,0,1,男性,57,4,12,0.1666666666666666,3379,1,15,4406070.585753419,7.528767123287671,4.0
C-002541780,S-0018,-31.30531181806196,0,1,女性,59,1,12,0.1666666666666666,0,0,16,4493108.581950108,7.550684931506849,5.0
C-000937501,S-0097,-14.612794315696359,0,1,男性,37,8,12,0.1666666666666666,0,0,21,4592508.716501317,10.09041095890411,7.0
C-001657457,S-0002,-66.18124222487272,1,1,女性,51,5,12,0.5,0,0,15,4455566.655169959,5.663013698630137,2.0
C-000184330,S-0117,-40.88638050265413,0,1,女性,46,12,12,0.25,3528,1,20,4500859.737076383,9.593150684931507,7.0
C-002077204,S-0014,-25.135728220088378,0,1,女性,49,3,12,0.25,0,0,21,4730192.353344672,7.336986301369863,4.0
C-000789120,S-0020,-88.12875710412304,1,1,男性,37,9,12,0.1666666666666666,0,0,16,4280702.057267675,6.986301369863014,3.5
C-001376032,S-0097,-47.636902356902354,0,1,男性,40,6,12,0.75,0,0,21,4592508.716501317,10.09041095890411,7.0
C-001873553,S-0075,-47.71051317485571,0,1,女性,48,4,12,0.8333333333333334,4696,1,19,4506647.2743158825,4.526027397260274,1.0
C-000277237,S-0115,-45.88295129214052,0,1,男性,33,11,12,0.25,9264,2,14,4553643.099564746,10.51095890410959,7.0
C-000720104,S-0036,-24.53309869749296,0,1,男性,68,9,12,0.1666666666666666,0,0,19,4397834.424680548,11.123287671232877,9.0
C-000118585,S-0080,-96.14034009266872,1,1,女性,55,12,12,0.0833333333333333,6179,1,17,4457429.264950683,11.673972602739726,9.0
C-000412675,S-0097,-89.35802371228043,1,1,男性,31,11,12,0.3333333333333333,13510,1,21,4592508.716501317,10.09041095890411,7.0
C-001410448,S-0115,-100.0,1,1,男性,55,6,12,0.4166666666666667,0,0,14,4553643.099564746,10.51095890410959,7.0
C-000955749,S-0056,-83.7578417495163,1,1,男性,55,8,12,0.1666666666666666,2619,2,15,4406070.585753419,7.528767123287671,4.0
C-000799781,S-0036,-36.62726841403028,0,1,女性,53,9,12,0.25,36859,1,19,4397834.424680548,11.123287671232877,9.0
C-000833852,S-0074,-100.0,1,1,男性,45,9,12,0.0,0,0,14,4614054.39694187,8.308219178082192,6.0
C-002204229,S-0097,-28.726784310632986,0,1,女性,28,3,12,0.25,0,0,21,4592508.716501317,10.09041095890411,7.0
C-002146075,S-0075,-43.13116836788976,0,1,女性,46,3,12,0.4166666666666667,67248,1,19,4506647.2743158825,4.526027397260274,1.0
C-000464233,S-0018,-100.0,1,1,男性,37,10,12,0.5833333333333334,10181,1,16,4493108.581950108,7.550684931506849,5.0
C-002533796,S-0079,-75.54720928712051,1,1,男性,45,1,12,0.1666666666666666,0,0,13,4256656.371085242,8.479452054794521,6.0
C-001156634,S-0018,-61.44010066582477,1,1,男性,56,7,12,0.1666666666666666,35945,2,16,4493108.581950108,7.550684931506849,5.0
C-002632770,S-0100,-42.52895930292269,0,1,女性,43,1,12,0.25,16167,1,17,4535925.154217558,4.720547945205479,2.0
C-001127634,S-0050,-22.418563404294307,0,1,男性,28,7,12,0.1666666666666666,23248,2,20,4615411.181286601,9.2013698630137,6.0
C-000769911,S-0089,-49.18295626400197,1,1,女性,46,9,12,0.1666666666666666,7855,1,19,4721110.949352573,10.142465753424657,7.0
C-000916377,S-0131,-55.97680020704621,1,1,男性,47,8,12,0.3333333333333333,76665,2,17,4569023.5643747775,5.13972602739726,2.0
C-001878621,S-0113,-15.421501632478579,0,1,男性,57,4,12,0.3333333333333333,4572,2,16,4336633.961311346,5.77945205479452,2.5
C-001289426,S-0008,-43.338396318378635,0,1,男性,46,7,12,0.25,96053,1,22,4498453.308937302,10.772602739726027,7.0
C-000821408,S-0040,-43.097179748555895,0,1,女性,88,9,12,0.5,18467,2,20,4550116.0180538,8.163013698630138,4.0
C-000435795,S-0048,-100.0,1,1,女性,52,11,12,0.4166666666666667,0,0,15,4502249.082895545,3.671232876712329,1.0
C-000798397,S-0102,-16.583514340996196,0,1,女性,55,9,12,0.0833333333333333,677,2,16,4383474.364435211,10.484931506849314,7.5
C-000190936,S-0113,-48.63326294483423,0,1,男性,74,12,12,0.1666666666666666,35137,1,16,4336633.961311346,5.77945205479452,2.5
C-002665738,S-0113,-30.897325134251496,0,1,男性,47,1,12,0.25,0,0,16,4336633.961311346,5.77945205479452,2.5
C-001559526,S-0089,-95.69287035219489,1,1,男性,36,6,12,0.1666666666666666,9625,1,19,4721110.949352573,10.142465753424657,7.0
C-001467999,S-0036,-66.06939135548369,1,1,女性,57,6,12,0.25,30119,2,19,4397834.424680548,11.123287671232877,9.0
C-001796909,S-0072,-100.0,1,1,男性,58,5,12,0.5,0,0,12,4406797.312641796,9.01917808219178,6.0
C-001436352,S-0097,-55.16038629811085,1,1,女性,36,6,12,0.5833333333333334,0,0,21,4592508.716501317,10.09041095890411,7.0
C-000675509,S-0106,-100.0,1,1,女性,30,10,12,0.0833333333333333,7732,1,20,4462729.145118021,6.171232876712329,3.5
C-001515779,S-0096,-100.0,1,1,男性,46,6,12,0.0833333333333333,0,0,16,4644856.458098179,8.302739726027397,5.0
C-000668709,S-0102,-37.49855894920435,0,1,男性,67,10,12,0.4166666666666667,0,0,16,4383474.364435211,10.484931506849314,7.5
C-001615344,S-0097,-43.145642148697846,0,1,男性,34,5,12,0.1666666666666666,167849,2,21,4592508.716501317,10.09041095890411,7.0
C-001347260,S-0048,-21.252604509958623,0,1,女性,54,7,12,0.25,23907,1,15,4502249.082895545,3.671232876712329,1.0
C-000556909,S-0056,-87.42544001410396,1,1,男性,59,10,12,0.25,11380,1,15,4406070.585753419,7.528767123287671,4.0
C-000142779,S-0007,-26.383950194820116,0,1,男性,26,12,12,0.1666666666666666,5717,1,21,4487075.727367008,3.7260273972602738,1.0
C-001773430,S-0012,-48.44212971430662,0,1,女性,38,5,12,0.1666666666666666,0,0,16,4444678.825084195,7.994520547945205,5.0
C-000948799,S-0048,-36.02454537432374,0,1,女性,43,8,12,0.25,3128,1,15,4502249.082895545,3.671232876712329,1.0
C-001218953,S-0100,-100.0,1,1,女性,54,7,12,0.0,12984,1,17,4535925.154217558,4.720547945205479,2.0
C-000651242,S-0099,-60.61949708801488,1,1,男性,54,10,12,0.3333333333333333,12706,1,13,4464126.154078853,8.147945205479452,5.0
C-000755855,S-0017,-22.19301286062183,0,1,女性,41,9,12,0.4166666666666667,0,0,20,4640207.03550726,5.608219178082192,2.5
C-002110283,S-0039,-29.121230503007133,0,1,男性,47,3,12,0.4166666666666667,521,1,16,4591288.568998441,8.193150684931506,5.0
C-001703244,S-0018,-34.83063328424153,0,1,女性,70,5,12,0.25,21764,2,16,4493108.581950108,7.550684931506849,5.0
C-000633955,S-0007,-38.47545559638718,0,1,女性,28,10,12,0.25,1711,1,21,4487075.727367008,3.7260273972602738,1.0
C-001452783,S-0126,-20.67790664761114,0,1,男性,33,6,12,0.1666666666666666,6748,2,17,4493168.352495564,5.53972602739726,3.0
C-001860305,S-0089,-100.0,1,1,女性,44,4,12,0.3333333333333333,28848,1,19,4721110.949352573,10.142465753424657,7.0
C-001759781,S-0121,-100.0,1,1,女性,45,5,12,0.1666666666666666,1574,1,14,4716268.25678644,9.856164383561644,7.0
C-002103244,S-0014,-100.0,1,1,女性,51,3,12,0.3333333333333333,0,0,21,4730192.353344672,7.336986301369863,4.0
C-000922637,S-0050,-100.0,1,1,女性,40,8,12,0.25,16667,2,20,4615411.181286601,9.2013698630137,6.0
C-002638611,S-0121,-74.65063577993202,1,1,男性,71,1,12,0.0,22756,1,14,4716268.25678644,9.856164383561644,7.0
C-001486838,S-0072,-64.34041501976284,1,1,男性,82,6,12,0.1666666666666666,0,0,12,4406797.312641796,9.01917808219178,6.0
C-001068996,S-0062,-100.0,1,1,女性,61,8,12,0.5,20707,1,15,4713869.782113416,4.575342465753424,1.0
C-000291123,S-0080,-56.886350978959776,1,1,男性,56,11,12,0.5,9531,2,17,4457429.264950683,11.673972602739726,9.0
C-000388111,S-0012,-34.51570644145274,0,1,女性,35,11,12,0.25,9181,2,16,4444678.825084195,7.994520547945205,5.0
C-000544877,S-0117,-16.993286900356964,0,1,男性,39,10,12,0.0833333333333333,5072,2,20,4500859.737076383,9.593150684931507,7.0
C-001520834,S-0121,-100.0,1,1,女性,55,6,12,0.1666666666666666,8926,2,14,4716268.25678644,9.856164383561644,7.0
C-001521077,S-0074,-38.159784890787876,0,1,女性,68,6,12,0.25,0,0,14,4614054.39694187,8.308219178082192,6.0
C-002286239,S-0018,-100.0,1,1,女性,35,2,12,1.0,16777,1,16,4493108.581950108,7.550684931506849,5.0
C-001978107,S-0005,-100.0,1,1,女性,52,4,12,0.8333333333333334,0,0,21,4733942.970761149,4.69041095890411,2.0
C-000900319,S-0059,-18.932095567797038,0,1,女性,47,9,12,0.0833333333333333,4927,2,14,4713188.969095345,6.8123287671232875,3.0
C-001266228,S-0100,-39.86878415057472,0,1,女性,51,7,12,0.3333333333333333,5293,1,17,4535925.154217558,4.720547945205479,2.0
C-001586119,S-0063,-74.53194615603374,1,1,女性,34,5,12,0.8333333333333334,8676,1,18,4564012.176421695,5.749315068493151,3.0
C-002176264,S-0018,-93.95653491425863,1,1,男性,31,3,12,0.25,7505,1,16,4493108.581950108,7.550684931506849,5.0
C-000327523,S-0036,-25.223237595747257,0,1,女性,52,11,12,0.25,4339,1,19,4397834.424680548,11.123287671232877,9.0
C-000994655,S-0005,-41.32279805679833,0,1,男性,44,8,12,0.6666666666666666,40618,1,21,4733942.970761149,4.69041095890411,2.0
C-000909039,S-0082,-16.865236843155426,0,1,女性,43,8,12,0.25,17382,2,17,4607261.71451126,4.758904109589041,2.0
C-002033061,S-0041,-100.0,1,1,女性,51,3,12,0.4166666666666667,0,0,17,4828489.286769263,10.389041095890411,7.0
C-000332893,S-0097,-50.93187307861221,1,1,女性,56,11,12,0.0833333333333333,17300,1,21,4592508.716501317,10.09041095890411,7.0
C-001245431,S-0099,-100.0,1,1,男性,49,7,12,0.4166666666666667,560,2,13,4464126.154078853,8.147945205479452,5.0
C-001686930,S-0041,-100.0,1,1,男性,63,5,12,0.1666666666666666,14094,1,17,4828489.286769263,10.389041095890411,7.0
C-000046295,S-0074,-61.2498281741228,1,1,男性,53,12,12,0.1666666666666666,47783,2,14,4614054.39694187,8.308219178082192,6.0
C-000381244,S-0106,-89.86830166891204,1,1,女性,52,11,12,0.1666666666666666,11061,1,20,4462729.145118021,6.171232876712329,3.5
C-001297144,S-0005,-24.642883148706876,0,1,女性,30,7,12,0.6666666666666666,14857,1,21,4733942.970761149,4.69041095890411,2.0
C-001256190,S-0020,-100.0,1,1,女性,79,7,12,0.1666666666666666,0,0,16,4280702.057267675,6.986301369863014,3.5
C-000899159,S-0004,-78.62397957469682,1,1,女性,33,9,12,0.0833333333333333,5856,2,22,4423576.351309,11.806849315068494,9.0
C-002130118,S-0041,-100.0,1,1,男性,59,3,12,0.1666666666666666,87866,1,17,4828489.286769263,10.389041095890411,7.0
C-002261859,S-0018,-13.58594220240561,0,1,女性,59,2,12,0.25,0,0,16,4493108.581950108,7.550684931506849,5.0
C-002349634,S-0030,-100.0,1,1,男性,49,2,12,0.5833333333333334,0,0,22,4426478.045479023,9.236986301369862,5.5
C-000801803,S-0056,-100.0,1,1,女性,42,9,12,0.1666666666666666,19637,2,15,4406070.585753419,7.528767123287671,4.0
C-002355516,S-0082,-100.0,1,1,男性,50,2,12,0.3333333333333333,25821,1,17,4607261.71451126,4.758904109589041,2.0
C-001956604,S-0040,-100.0,1,1,女性,47,4,12,0.5,0,0,20,4550116.0180538,8.163013698630138,4.0
C-002513307,S-0036,-54.243833468791024,1,1,男性,43,1,12,0.25,32988,1,19,4397834.424680548,11.123287671232877,9.0
C-001062060,S-0111,-100.0,1,1,男性,54,8,12,0.3333333333333333,0,0,19,4489501.980758176,6.397260273972603,4.0
C-000012559,S-0072,-17.400484858613016,0,1,男性,60,12,12,0.1666666666666666,0,0,12,4406797.312641796,9.01917808219178,6.0
C-001045969,S-0002,-30.24513017229519,0,1,女性,31,8,12,0.25,0,0,15,4455566.655169959,5.663013698630137,2.0
C-001902775,S-0121,-100.0,1,1,男性,44,4,12,0.4166666666666667,6988,2,14,4716268.25678644,9.856164383561644,7.0
C-001973151,S-0017,-77.8789303614482,1,1,女性,55,4,12,0.6666666666666666,9147,1,20,4640207.03550726,5.608219178082192,2.5
C-001546456,S-0063,-21.39712174527481,0,1,女性,41,6,12,0.25,24347,2,18,4564012.176421695,5.749315068493151,3.0
C-000337547,S-0126,-24.444523186206666,0,1,女性,17,11,12,0.3333333333333333,1313,1,17,4493168.352495564,5.53972602739726,3.0
C-002609133,S-0074,-100.0,1,1,男性,50,1,12,0.4166666666666667,0,0,14,4614054.39694187,8.308219178082192,6.0
C-002403255,S-0082,-36.21241684810041,0,1,男性,56,2,12,0.25,9022,1,17,4607261.71451126,4.758904109589041,2.0
C-001583547,S-0002,-100.0,1,1,男性,22,5,12,0.5,57255,2,15,4455566.655169959,5.663013698630137,2.0
C-001641584,S-0115,-63.999007242616365,1,1,男性,26,5,12,0.0833333333333333,5841,1,14,4553643.099564746,10.51095890410959,7.0
C-001543950,S-0072,-18.428389949350798,0,1,男性,56,6,12,0.25,5173,1,12,4406797.312641796,9.01917808219178,6.0
C-001075827,S-0111,-29.02916918467575,0,1,女性,57,8,12,0.75,0,0,19,4489501.980758176,6.397260273972603,4.0
C-002143086,S-0020,-100.0,1,1,女性,51,3,12,0.0833333333333333,14190,2,16,4280702.057267675,6.986301369863014,3.5
C-001248129,S-0115,-80.41860845392854,1,1,女性,42,7,12,0.1666666666666666,4224,1,14,4553643.099564746,10.51095890410959,7.0
C-000916973,S-0018,-29.67606084668183,0,1,女性,60,8,12,0.0833333333333333,0,0,16,4493108.581950108,7.550684931506849,5.0
C-000715286,S-0004,-74.62795277360645,1,1,男性,60,9,12,0.0833333333333333,2188,1,22,4423576.351309,11.806849315068494,9.0
C-002166981,S-0004,-37.44259182910343,0,1,女性,54,3,12,0.25,17505,1,22,4423576.351309,11.806849315068494,9.0
C-002042409,S-0075,-82.75130094286156,1,1,女性,44,3,12,0.1666666666666666,28939,2,19,4506647.2743158825,4.526027397260274,1.0
C-001199639,S-0106,-90.86324073994518,1,1,男性,28,7,12,0.4166666666666667,0,0,20,4462729.145118021,6.171232876712329,3.5
C-000195503,S-0020,-33.46467792833341,0,1,男性,79,12,12,0.0833333333333333,25844,1,16,4280702.057267675,6.986301369863014,3.5
C-000171520,S-0102,-52.65464872206446,1,1,男性,39,12,12,0.25,10525,1,16,4383474.364435211,10.484931506849314,7.5
C-000919696,S-0012,-100.0,1,1,女性,46,8,12,0.1666666666666666,0,0,16,4444678.825084195,7.994520547945205,5.0
C-000005972,S-0121,-100.0,1,1,女性,48,12,12,0.0833333333333333,0,0,14,4716268.25678644,9.856164383561644,7.0
C-002500074,S-0099,-23.225483762393736,0,1,女性,47,1,12,0.25,3951,2,13,4464126.154078853,8.147945205479452,5.0
C-001438893,S-0020,-16.385959773481744,0,1,女性,43,6,12,0.6666666666666666,0,0,16,4280702.057267675,6.986301369863014,3.5
C-000912697,S-0039,-19.22678269220634,0,1,女性,51,8,12,0.4166666666666667,10035,1,16,4591288.568998441,8.193150684931506,5.0
C-001362752,S-0102,-100.0,1,1,男性,32,6,12,0.1666666666666666,9769,1,16,4383474.364435211,10.484931506849314,7.5
C-000553221,S-0097,-100.0,1,1,男性,46,10,12,0.3333333333333333,0,0,21,4592508.716501317,10.09041095890411,7.0
C-000572217,S-0018,-28.520302895898837,0,1,男性,41,10,12,0.0833333333333333,0,0,16,4493108.581950108,7.550684931506849,5.0
C-001007838,S-0050,-46.744663070728556,0,1,女性,57,8,12,0.25,5858,1,20,4615411.181286601,9.2013698630137,6.0
C-000645012,S-0080,-20.47505990368776,0,1,女性,44,10,12,0.3333333333333333,0,0,17,4457429.264950683,11.673972602739726,9.0
C-000552954,S-0063,-12.34425017697064,0,1,男性,37,10,12,0.0833333333333333,4079,2,18,4564012.176421695,5.749315068493151,3.0
C-002649043,S-0048,-38.85069261548983,0,1,男性,57,1,12,0.1666666666666666,26825,1,15,4502249.082895545,3.671232876712329,1.0
C-001549520,S-0054,-31.252343017806933,0,1,男性,49,6,12,0.1666666666666666,975,1,23,4489160.181517739,6.358904109589041,4.0
C-001691672,S-0056,-51.21595096852035,1,1,女性,41,5,12,0.25,0,0,15,4406070.585753419,7.528767123287671,4.0
C-000403159,S-0113,-64.3807709741328,1,1,男性,41,11,12,0.25,7563,1,16,4336633.961311346,5.77945205479452,2.5
C-002622022,S-0113,-2.8594825773381594,0,1,男性,47,1,12,1.0,15205,1,16,4336633.961311346,5.77945205479452,2.5
C-000993781,S-0036,-100.0,1,1,男性,58,8,12,0.3333333333333333,0,0,19,4397834.424680548,11.123287671232877,9.0
C-001204789,S-0039,-56.358705625675434,1,1,女性,17,7,12,0.1666666666666666,0,0,16,4591288.568998441,8.193150684931506,5.0
C-001423302,S-0115,-58.333949294108955,1,1,女性,57,6,12,0.3333333333333333,0,0,14,4553643.099564746,10.51095890410959,7.0
C-002483697,S-0054,-23.100307157443506,0,1,女性,54,1,12,0.1666666666666666,12457,1,23,4489160.181517739,6.358904109589041,4.0
C-000388011,S-0050,-66.6310462153983,1,1,男性,56,11,12,0.5,0,0,20,4615411.181286601,9.2013698630137,6.0
C-002198580,S-0040,-34.50514783681533,0,1,女性,68,3,12,0.0833333333333333,0,0,20,4550116.0180538,8.163013698630138,4.0
C-001817881,S-0126,-21.253074827708925,0,1,女性,42,4,12,0.1666666666666666,0,0,17,4493168.352495564,5.53972602739726,3.0
C-001850729,S-0014,-24.563129558874607,0,1,男性,60,4,12,0.25,6789,1,21,4730192.353344672,7.336986301369863,4.0
C-000687790,S-0117,-100.0,1,1,女性,73,9,12,0.25,24221,2,20,4500859.737076383,9.593150684931507,7.0
C-002147470,S-0089,-100.0,1,1,女性,51,3,12,0.3333333333333333,0,0,19,4721110.949352573,10.142465753424657,7.0
C-000442455,S-0100,-100.0,1,1,男性,43,11,12,0.1666666666666666,0,0,17,4535925.154217558,4.720547945205479,2.0
C-000693541,S-0054,-15.784183329661122,0,1,男性,66,9,12,0.0833333333333333,1080,1,23,4489160.181517739,6.358904109589041,4.0
C-002371416,S-0089,-100.0,1,1,男性,51,2,12,0.1666666666666666,0,0,19,4721110.949352573,10.142465753424657,7.0
C-000669024,S-0121,-100.0,1,1,女性,54,10,12,0.0833333333333333,11980,2,14,4716268.25678644,9.856164383561644,7.0
C-001135500,S-0099,-74.04829023164604,1,1,女性,71,7,12,0.0,314251,1,13,4464126.154078853,8.147945205479452,5.0
C-001557110,S-0041,-27.953520205488637,0,1,女性,58,6,12,0.3333333333333333,0,0,17,4828489.286769263,10.389041095890411,7.0
C-000205244,S-0039,-14.990912324900052,0,1,男性,49,12,12,0.25,4295,2,16,4591288.568998441,8.193150684931506,5.0
C-001072645,S-0082,-67.02860535669262,1,1,女性,42,8,12,0.1666666666666666,0,0,17,4607261.71451126,4.758904109589041,2.0
C-000173009,S-0012,-100.0,1,1,女性,58,12,12,0.4166666666666667,0,0,16,4444678.825084195,7.994520547945205,5.0
C-001710568,S-0018,-25.148770557420125,0,1,女性,31,5,12,0.3333333333333333,30160,2,16,4493108.581950108,7.550684931506849,5.0
C-000026214,S-0131,-53.790696968777496,1,1,男性,58,12,12,0.0833333333333333,0,0,17,4569023.5643747775,5.13972602739726,2.0
C-001099992,S-0040,-13.101688223345908,0,1,女性,60,8,12,0.25,20011,1,20,4550116.0180538,8.163013698630138,4.0
C-001112969,S-0075,-39.70485384535443,0,1,男性,25,8,12,0.25,0,0,19,4506647.2743158825,4.526027397260274,1.0
C-001963226,S-0099,-100.0,1,1,男性,46,4,12,0.25,0,0,13,4464126.154078853,8.147945205479452,5.0
C-001143990,S-0117,-63.26730590900834,1,1,女性,58,7,12,0.25,2175,1,20,4500859.737076383,9.593150684931507,7.0
C-001268060,S-0008,-29.624236389848264,0,1,男性,59,7,12,0.1666666666666666,13340,2,22,4498453.308937302,10.772602739726027,7.0
C-000715922,S-0082,-19.700766766477507,0,1,女性,87,9,12,0.1666666666666666,5537,1,17,4607261.71451126,4.758904109589041,2.0
C-001092538,S-0096,-100.0,1,1,女性,50,8,12,0.4166666666666667,0,0,16,4644856.458098179,8.302739726027397,5.0
C-000027142,S-0097,-38.44067675486395,0,1,女性,49,12,12,0.1666666666666666,11109,1,21,4592508.716501317,10.09041095890411,7.0
C-001349777,S-0007,-29.75948152459455,0,1,女性,53,7,12,0.25,50235,1,21,4487075.727367008,3.7260273972602738,1.0
C-002521100,S-0020,-42.68221479113332,0,1,男性,44,1,12,0.0833333333333333,0,0,16,4280702.057267675,6.986301369863014,3.5
C-001370441,S-0131,-23.914178971414668,0,1,女性,44,6,12,0.3333333333333333,0,0,17,4569023.5643747775,5.13972602739726,2.0
C-000236725,S-0113,-100.0,1,1,男性,48,11,12,0.3333333333333333,0,0,16,4336633.961311346,5.77945205479452,2.5
C-002162955,S-0040,-23.97343307251714,0,1,女性,45,3,12,0.1666666666666666,0,0,20,4550116.0180538,8.163013698630138,4.0
C-000066413,S-0080,-41.87158641866552,0,1,男性,19,12,12,0.9166666666666666,15362,2,17,4457429.264950683,11.673972602739726,9.0
C-000691995,S-0097,-91.42432305525121,1,1,女性,67,9,12,0.5,5777,2,21,4592508.716501317,10.09041095890411,7.0
C-002362846,S-0121,-100.0,1,1,男性,60,2,12,0.25,0,0,14,4716268.25678644,9.856164383561644,7.0
C-000710411,S-0111,-52.853869851968014,1,1,男性,46,9,12,0.25,0,0,19,4489501.980758176,6.397260273972603,4.0
C-002627986,S-0036,-22.38511152591405,0,1,女性,44,1,12,0.0,0,0,19,4397834.424680548,11.123287671232877,9.0
C-001391967,S-0020,-22.140640112746272,0,1,女性,45,6,12,0.25,16425,2,16,4280702.057267675,6.986301369863014,3.5
C-001431937,S-0089,-47.425227465296196,0,1,女性,31,6,12,0.1666666666666666,565,2,19,4721110.949352573,10.142465753424657,7.0
C-000982308,S-0036,-90.99047048914444,1,1,男性,57,8,12,0.5,5406,2,19,4397834.424680548,11.123287671232877,9.0
C-000633225,S-0117,-100.0,1,1,女性,46,10,12,0.25,102663,1,20,4500859.737076383,9.593150684931507,7.0
C-000579988,S-0115,-70.6128868212382,1,1,女性,57,10,12,0.1666666666666666,0,0,14,4553643.099564746,10.51095890410959,7.0
C-000232489,S-0004,-74.66059179725123,1,1,女性,45,11,12,0.25,28883,1,22,4423576.351309,11.806849315068494,9.0
C-001212994,S-0012,-38.82997845236098,0,1,男性,47,7,12,0.4166666666666667,24968,2,16,4444678.825084195,7.994520547945205,5.0
C-000481431,S-0036,-49.987664208364805,1,1,男性,49,10,12,0.0833333333333333,0,0,19,4397834.424680548,11.123287671232877,9.0
C-001352844,S-0012,-54.63814602659971,1,1,男性,63,6,12,0.25,3495,1,16,4444678.825084195,7.994520547945205,5.0
C-002136521,S-0002,-27.50803214985317,0,1,女性,80,3,12,0.5833333333333334,0,0,15,4455566.655169959,5.663013698630137,2.0
C-000694949,S-0117,-44.8251606146343,0,1,女性,38,9,12,0.25,24251,1,20,4500859.737076383,9.593150684931507,7.0
C-001656869,S-0012,-45.171771385482046,0,1,男性,58,5,12,0.3333333333333333,10363,1,16,4444678.825084195,7.994520547945205,5.0
C-000918411,S-0014,-24.9456484661042,0,1,女性,42,8,12,0.1666666666666666,36713,1,21,4730192.353344672,7.336986301369863,4.0
C-000199343,S-0040,-100.0,1,1,女性,37,12,12,0.25,0,0,20,4550116.0180538,8.163013698630138,4.0
C-001749749,S-0048,-11.342451643610598,0,1,男性,40,5,12,0.3333333333333333,0,0,15,4502249.082895545,3.671232876712329,1.0
C-002531628,S-0059,-100.0,1,1,女性,30,1,12,0.1666666666666666,9654,1,14,4713188.969095345,6.8123287671232875,3.0
C-002446872,S-0074,-56.785261835198156,1,1,女性,31,2,12,0.0,22065,2,14,4614054.39694187,8.308219178082192,6.0
C-001295816,S-0012,-72.879898890989,1,1,男性,66,7,12,0.0833333333333333,3114,2,16,4444678.825084195,7.994520547945205,5.0
C-000180696,S-0041,-44.31126676105014,0,1,女性,69,12,12,0.1666666666666666,27740,1,17,4828489.286769263,10.389041095890411,7.0
C-001702999,S-0074,-100.0,1,1,女性,54,5,12,0.0833333333333333,102285,2,14,4614054.39694187,8.308219178082192,6.0
C-001317271,S-0102,-31.215046003968972,0,1,男性,47,7,12,0.1666666666666666,18849,1,16,4383474.364435211,10.484931506849314,7.5
C-001843729,S-0097,-46.9599517759219,0,1,男性,47,4,12,0.3333333333333333,7550,2,21,4592508.716501317,10.09041095890411,7.0
C-000922924,S-0100,-17.274225066094488,0,1,女性,49,8,12,0.25,702,1,17,4535925.154217558,4.720547945205479,2.0
C-001495721,S-0097,-19.998362078849524,0,1,女性,38,6,12,0.3333333333333333,15595,2,21,4592508.716501317,10.09041095890411,7.0
C-001502170,S-0004,-28.65736702706263,0,1,女性,58,6,12,0.1666666666666666,23521,1,22,4423576.351309,11.806849315068494,9.0
C-002580388,S-0082,-20.731115544292877,0,1,男性,41,1,12,0.5,2486,1,17,4607261.71451126,4.758904109589041,2.0
C-002693472,S-0036,-48.90926668644887,1,1,女性,42,1,12,0.0,0,0,19,4397834.424680548,11.123287671232877,9.0
C-001669466,S-0012,-94.33669369566805,1,1,女性,48,5,12,0.4166666666666667,33853,1,16,4444678.825084195,7.994520547945205,5.0
C-001211646,S-0008,-100.0,1,1,女性,45,7,12,0.3333333333333333,12291,2,22,4498453.308937302,10.772602739726027,7.0
C-001410892,S-0115,-64.55867524144577,1,1,男性,71,6,12,0.1666666666666666,4866,1,14,4553643.099564746,10.51095890410959,7.0
C-000201206,S-0007,-26.05038417936768,0,1,女性,54,12,12,0.1666666666666666,51144,1,21,4487075.727367008,3.7260273972602738,1.0
C-001466333,S-0014,-100.0,1,1,女性,56,6,12,0.5,928,1,21,4730192.353344672,7.336986301369863,4.0
C-001094440,S-0100,-44.048214071800636,0,1,男性,43,8,12,0.0833333333333333,0,0,17,4535925.154217558,4.720547945205479,2.0
C-000504402,S-0072,-21.255594095837775,0,1,男性,66,10,12,0.0833333333333333,20070,1,12,4406797.312641796,9.01917808219178,6.0
C-001397357,S-0121,-43.75868589524525,0,1,女性,18,6,12,0.1666666666666666,57108,1,14,4716268.25678644,9.856164383561644,7.0
C-001029762,S-0018,-25.57342556518681,0,1,男性,51,8,12,0.3333333333333333,8701,1,16,4493108.581950108,7.550684931506849,5.0
C-000891113,S-0014,-63.61371826858342,1,1,女性,62,9,12,0.25,4320,2,21,4730192.353344672,7.336986301369863,4.0
C-001134035,S-0036,-100.0,1,1,男性,43,7,12,0.0833333333333333,31346,1,19,4397834.424680548,11.123287671232877,9.0
C-002152165,S-0097,-100.0,1,1,女性,45,3,12,0.5,10573,1,21,4592508.716501317,10.09041095890411,7.0
C-001338314,S-0063,-27.097329221965534,0,1,女性,35,7,12,0.4166666666666667,11336,1,18,4564012.176421695,5.749315068493151,3.0
C-000710303,S-0089,-100.0,1,1,女性,59,9,12,0.25,7326,1,19,4721110.949352573,10.142465753424657,7.0
C-002079535,S-0007,-33.12016343713242,0,1,男性,65,3,12,0.0833333333333333,0,0,21,4487075.727367008,3.7260273972602738,1.0
C-002596529,S-0020,-100.0,1,1,男性,57,1,12,0.5,25935,1,16,4280702.057267675,6.986301369863014,3.5
C-001631316,S-0018,-28.569438300866217,0,1,男性,32,5,12,0.25,62820,1,16,4493108.581950108,7.550684931506849,5.0
C-001444655,S-0072,-35.6926785599354,0,1,女性,38,6,12,0.4166666666666667,44466,1,12,4406797.312641796,9.01917808219178,6.0
C-002555302,S-0012,-100.0,1,1,男性,40,1,12,0.5,0,0,16,4444678.825084195,7.994520547945205,5.0
C-001817706,S-0012,-24.283283166398533,0,1,女性,45,4,12,0.0,1453,2,16,4444678.825084195,7.994520547945205,5.0
C-002038232,S-0050,-20.811187669862267,0,1,男性,45,3,12,0.4166666666666667,0,0,20,4615411.181286601,9.2013698630137,6.0
C-002084423,S-0096,-19.56661624161917,0,1,女性,54,3,12,0.4166666666666667,0,0,16,4644856.458098179,8.302739726027397,5.0
C-000160112,S-0012,-93.97678464861775,1,1,女性,50,12,12,0.4166666666666667,0,0,16,4444678.825084195,7.994520547945205,5.0
C-002648220,S-0007,-40.679768493169284,0,1,女性,64,1,12,0.0833333333333333,0,0,21,4487075.727367008,3.7260273972602738,1.0
C-000610036,S-0115,-31.00252445243911,0,1,女性,57,10,12,0.1666666666666666,52959,2,14,4553643.099564746,10.51095890410959,7.0
C-002347775,S-0002,-100.0,1,1,女性,32,2,12,0.25,0,0,15,4455566.655169959,5.663013698630137,2.0
C-000438622,S-0004,-37.980820281391026,0,1,男性,61,11,12,0.0833333333333333,15145,2,22,4423576.351309,11.806849315068494,9.0
C-001981935,S-0005,-14.112239842500804,0,1,女性,80,4,12,0.5833333333333334,7471,2,21,4733942.970761149,4.69041095890411,2.0
C-001593133,S-0106,-39.21280788479278,0,1,女性,37,5,12,0.3333333333333333,0,0,20,4462729.145118021,6.171232876712329,3.5
C-000594329,S-0115,-36.11058688444477,0,1,女性,41,10,12,0.0,32522,1,14,4553643.099564746,10.51095890410959,7.0
C-000642448,S-0082,-27.677829129121374,0,1,女性,54,10,12,0.3333333333333333,55944,2,17,4607261.71451126,4.758904109589041,2.0
C-000657009,S-0036,-100.0,1,1,女性,44,10,12,0.4166666666666667,121406,2,19,4397834.424680548,11.123287671232877,9.0
C-000333156,S-0036,-98.15475294929774,1,1,女性,53,11,12,0.3333333333333333,1035,2,19,4397834.424680548,11.123287671232877,9.0
C-001460617,S-0008,-31.72183140991528,0,1,女性,39,6,12,0.25,7960,2,22,4498453.308937302,10.772602739726027,7.0
C-002392110,S-0012,-100.0,1,1,女性,41,2,12,0.0833333333333333,9356,1,16,4444678.825084195,7.994520547945205,5.0
C-000278715,S-0020,-34.282127530760874,0,1,男性,54,11,12,0.25,0,0,16,4280702.057267675,6.986301369863014,3.5
C-000777619,S-0106,-100.0,1,1,女性,52,9,12,0.1666666666666666,10905,1,20,4462729.145118021,6.171232876712329,3.5
C-000790378,S-0117,-79.70067631222187,1,1,女性,40,9,12,0.1666666666666666,0,0,20,4500859.737076383,9.593150684931507,7.0
C-002077322,S-0007,-100.0,1,1,男性,32,3,12,0.1666666666666666,42353,1,21,4487075.727367008,3.7260273972602738,1.0
C-001143254,S-0115,-48.03675819697275,0,1,男性,63,7,12,0.0833333333333333,1188,1,14,4553643.099564746,10.51095890410959,7.0
C-000070263,S-0089,-37.82108593239572,0,1,女性,59,12,12,0.25,3183,1,19,4721110.949352573,10.142465753424657,7.0
C-000871009,S-0002,-25.999142933085494,0,1,女性,35,9,12,0.1666666666666666,3838,2,15,4455566.655169959,5.663013698630137,2.0
C-001922027,S-0072,-62.85115383641108,1,1,男性,69,4,12,0.0833333333333333,1781,1,12,4406797.312641796,9.01917808219178,6.0
C-001657792,S-0008,-19.2928144075268,0,1,男性,45,5,12,0.25,4357,1,22,4498453.308937302,10.772602739726027,7.0
C-002548344,S-0005,-44.26254080341083,0,1,男性,43,1,12,0.3333333333333333,17592,1,21,4733942.970761149,4.69041095890411,2.0
C-000168244,S-0036,-54.072938054615264,1,1,男性,44,12,12,0.25,19266,2,19,4397834.424680548,11.123287671232877,9.0
C-001830538,S-0099,-90.47313010020717,1,1,男性,41,4,12,0.0833333333333333,0,0,13,4464126.154078853,8.147945205479452,5.0
C-001014945,S-0075,5.264174260029082,0,1,男性,44,8,12,0.5833333333333334,0,0,19,4506647.2743158825,4.526027397260274,1.0
C-002303930,S-0117,-62.881864014170866,1,1,女性,44,2,12,0.4166666666666667,0,0,20,4500859.737076383,9.593150684931507,7.0
C-000673359,S-0085,-100.0,1,1,男性,41,10,12,0.5,1960,1,15,4606655.398026554,4.928767123287671,2.0
C-000495358,S-0102,-46.87999400719137,0,1,男性,48,10,12,0.25,21460,2,16,4383474.364435211,10.484931506849314,7.5
C-000405800,S-0089,-95.04313740026504,1,1,女性,69,11,12,0.0,1611,2,19,4721110.949352573,10.142465753424657,7.0
C-000606459,S-0097,-57.97099979720139,1,1,男性,47,10,12,0.25,0,0,21,4592508.716501317,10.09041095890411,7.0
C-000005293,S-0121,-100.0,1,1,女性,26,12,12,0.5,0,0,14,4716268.25678644,9.856164383561644,7.0
C-001228988,S-0096,-14.753706668038118,0,1,男性,37,7,12,0.3333333333333333,2644,2,16,4644856.458098179,8.302739726027397,5.0
C-002163785,S-0056,-37.965779537440326,0,1,男性,53,3,12,0.0833333333333333,1685,2,15,4406070.585753419,7.528767123287671,4.0
C-000351342,S-0056,-100.0,1,1,女性,44,11,12,0.3333333333333333,7131,2,15,4406070.585753419,7.528767123287671,4.0
C-002608923,S-0041,-97.75872258337887,1,1,男性,44,1,12,0.0833333333333333,6752,2,17,4828489.286769263,10.389041095890411,7.0
C-001973252,S-0099,-41.40463997150448,0,1,女性,33,4,12,0.25,26188,2,13,4464126.154078853,8.147945205479452,5.0
C-002134283,S-0080,-56.37080787230999,1,1,男性,47,3,12,0.1666666666666666,0,0,17,4457429.264950683,11.673972602739726,9.0
C-001518147,S-0040,-35.90806699095687,0,1,男性,45,6,12,0.5833333333333334,0,0,20,4550116.0180538,8.163013698630138,4.0
C-000926692,S-0072,-34.78710881379707,0,1,女性,41,8,12,0.25,8962,2,12,4406797.312641796,9.01917808219178,6.0
C-000318476,S-0062,-33.80777910126703,0,1,女性,36,11,12,0.1666666666666666,17955,1,15,4713869.782113416,4.575342465753424,1.0
C-000807404,S-0048,-19.087325099883813,0,1,女性,27,9,12,0.0833333333333333,0,0,15,4502249.082895545,3.671232876712329,1.0
C-002193803,S-0017,-37.187152425312426,0,1,女性,50,3,12,0.3333333333333333,0,0,20,4640207.03550726,5.608219178082192,2.5
C-001480899,S-0017,-22.63920308545026,0,1,女性,58,6,12,0.75,15903,1,20,4640207.03550726,5.608219178082192,2.5
C-000375233,S-0012,-23.26562542339534,0,1,男性,63,11,12,0.0833333333333333,10426,1,16,4444678.825084195,7.994520547945205,5.0
C-002405654,S-0036,-100.0,1,1,男性,43,2,12,0.3333333333333333,7716,2,19,4397834.424680548,11.123287671232877,9.0
C-001417347,S-0005,-31.589094587539158,0,1,女性,50,6,12,0.1666666666666666,0,0,21,4733942.970761149,4.69041095890411,2.0
C-002241334,S-0096,-100.0,1,1,男性,50,3,12,0.0833333333333333,10287,1,16,4644856.458098179,8.302739726027397,5.0
C-002016141,S-0018,-100.0,1,1,女性,60,4,12,0.25,31240,1,16,4493108.581950108,7.550684931506849,5.0
C-000376451,S-0106,-31.832181348347653,0,1,男性,61,11,12,0.25,0,0,20,4462729.145118021,6.171232876712329,3.5
C-000087665,S-0072,-87.31921427518981,1,1,女性,43,12,12,0.25,9097,2,12,4406797.312641796,9.01917808219178,6.0
C-001327744,S-0002,-100.0,1,1,女性,21,7,12,0.25,2711,2,15,4455566.655169959,5.663013698630137,2.0
C-001972192,S-0096,-15.023337928365862,0,1,女性,36,4,12,0.1666666666666666,16207,2,16,4644856.458098179,8.302739726027397,5.0
C-001692453,S-0039,-86.78251443862948,1,1,女性,48,5,12,0.0833333333333333,3411,1,16,4591288.568998441,8.193150684931506,5.0
C-002051074,S-0018,-30.096653287310392,0,1,男性,50,3,12,0.25,24386,2,16,4493108.581950108,7.550684931506849,5.0
C-000464163,S-0079,-5.915411588999583,0,1,女性,77,10,12,0.1666666666666666,25902,2,13,4256656.371085242,8.479452054794521,6.0
C-001156550,S-0072,-52.81609271846167,1,1,女性,55,7,12,0.25,91329,2,12,4406797.312641796,9.01917808219178,6.0
C-002404909,S-0072,-8.015202197770915,0,1,男性,57,2,12,0.0,0,0,12,4406797.312641796,9.01917808219178,6.0
C-000902272,S-0102,-23.55015266170542,0,1,男性,63,8,12,0.1666666666666666,20513,1,16,4383474.364435211,10.484931506849314,7.5
C-000291274,S-0080,-76.216787838731,1,1,女性,46,11,12,0.25,15628,2,17,4457429.264950683,11.673972602739726,9.0
C-001003298,S-0018,-27.967232610220005,0,1,女性,22,8,12,0.1666666666666666,3306,2,16,4493108.581950108,7.550684931506849,5.0
C-001401719,S-0117,-100.0,1,1,女性,51,6,12,0.3333333333333333,4047,1,20,4500859.737076383,9.593150684931507,7.0
C-000957752,S-0074,-100.0,1,1,男性,36,8,12,0.0833333333333333,0,0,14,4614054.39694187,8.308219178082192,6.0
C-001168319,S-0017,-78.45329834421847,1,1,女性,76,7,12,0.6666666666666666,4582,1,20,4640207.03550726,5.608219178082192,2.5
C-000479690,S-0131,-21.000312911128052,0,1,女性,65,10,12,0.1666666666666666,12581,1,17,4569023.5643747775,5.13972602739726,2.0
C-000449846,S-0036,-28.154901824485645,0,1,女性,57,11,12,0.1666666666666666,5452,1,19,4397834.424680548,11.123287671232877,9.0
C-001882115,S-0056,-21.051032555678642,0,1,男性,54,4,12,0.5,1148,1,15,4406070.585753419,7.528767123287671,4.0
C-001272206,S-0059,-18.21103336608149,0,1,男性,50,7,12,0.3333333333333333,4377,2,14,4713188.969095345,6.8123287671232875,3.0
C-001494281,S-0014,-73.91621090297457,1,1,女性,45,6,12,0.1666666666666666,208383,2,21,4730192.353344672,7.336986301369863,4.0
C-002052368,S-0040,-100.0,1,1,男性,65,3,12,0.1666666666666666,23597,2,20,4550116.0180538,8.163013698630138,4.0
C-000036628,S-0102,-100.0,1,1,男性,33,12,12,0.25,8542,2,16,4383474.364435211,10.484931506849314,7.5
C-001988930,S-0002,-34.41636897362418,0,1,女性,53,4,12,0.3333333333333333,1149,1,15,4455566.655169959,5.663013698630137,2.0
C-002248808,S-0002,-41.80539586790283,0,1,男性,42,2,12,0.4166666666666667,6473,1,15,4455566.655169959,5.663013698630137,2.0
C-001971871,S-0007,-17.05943320367167,0,1,男性,44,4,12,0.25,23876,1,21,4487075.727367008,3.7260273972602738,1.0
C-001458344,S-0097,-42.45747985483177,0,1,女性,76,6,12,0.3333333333333333,18652,1,21,4592508.716501317,10.09041095890411,7.0
C-002294378,S-0004,-18.8429739158954,0,1,男性,44,2,12,0.1666666666666666,4416,1,22,4423576.351309,11.806849315068494,9.0
C-002110105,S-0074,-92.38694383661561,1,1,男性,49,3,12,0.25,4822,1,14,4614054.39694187,8.308219178082192,6.0
C-000855061,S-0121,-100.0,1,1,女性,32,9,12,0.75,11115,1,14,4716268.25678644,9.856164383561644,7.0
C-000733364,S-0097,-52.20371893782748,1,1,女性,52,9,12,0.4166666666666667,41773,1,21,4592508.716501317,10.09041095890411,7.0
C-001339789,S-0079,-82.22537207654146,1,1,女性,50,7,12,0.3333333333333333,6073,1,13,4256656.371085242,8.479452054794521,6.0
C-001428310,S-0097,-21.760660591482242,0,1,女性,49,6,12,0.25,0,0,21,4592508.716501317,10.09041095890411,7.0
C-002418031,S-0018,-45.78969445572638,0,1,男性,43,2,12,0.1666666666666666,80016,1,16,4493108.581950108,7.550684931506849,5.0
C-000833517,S-0012,-29.650923809598613,0,1,女性,67,9,12,0.1666666666666666,6676,2,16,4444678.825084195,7.994520547945205,5.0
C-002348705,S-0004,-79.26207848194879,1,1,男性,52,2,12,0.4166666666666667,11026,1,22,4423576.351309,11.806849315068494,9.0
C-001184096,S-0113,-100.0,1,1,男性,51,7,12,0.4166666666666667,58063,1,16,4336633.961311346,5.77945205479452,2.5
C-000337311,S-0056,-98.97880200545343,1,1,女性,33,11,12,0.25,0,0,15,4406070.585753419,7.528767123287671,4.0
C-001136758,S-0020,-14.910589811015065,0,1,女性,60,7,12,0.3333333333333333,7922,1,16,4280702.057267675,6.986301369863014,3.5
C-002243206,S-0018,-100.0,1,1,男性,23,3,12,0.3333333333333333,0,0,16,4493108.581950108,7.550684931506849,5.0
C-001559581,S-0113,-19.839879546105387,0,1,男性,69,6,12,0.0,107062,1,16,4336633.961311346,5.77945205479452,2.5
C-000921995,S-0096,-49.13636521972799,1,1,女性,44,8,12,0.1666666666666666,4632,1,16,4644856.458098179,8.302739726027397,5.0
C-000360135,S-0018,-100.0,1,1,女性,57,11,12,0.0833333333333333,0,0,16,4493108.581950108,7.550684931506849,5.0
C-000628137,S-0050,-52.88660410861426,1,1,女性,42,10,12,0.75,24705,2,20,4615411.181286601,9.2013698630137,6.0
C-002552709,S-0099,-100.0,1,1,女性,51,1,12,0.0833333333333333,4095,2,13,4464126.154078853,8.147945205479452,5.0
C-002548620,S-0079,-40.98005101265181,0,1,女性,43,1,12,0.1666666666666666,16063,1,13,4256656.371085242,8.479452054794521,6.0
C-002301397,S-0080,-37.72622941508608,0,1,女性,37,2,12,0.1666666666666666,75482,2,17,4457429.264950683,11.673972602739726,9.0
C-001473464,S-0080,-56.283022258735336,1,1,女性,44,6,12,0.0833333333333333,0,0,17,4457429.264950683,11.673972602739726,9.0
C-002339768,S-0079,-100.0,1,1,女性,39,2,12,0.25,0,0,13,4256656.371085242,8.479452054794521,6.0
C-000008501,S-0059,-100.0,1,1,女性,50,12,12,0.4166666666666667,0,0,14,4713188.969095345,6.8123287671232875,3.0
C-000678844,S-0072,-100.0,1,1,男性,47,9,12,0.25,1669,1,12,4406797.312641796,9.01917808219178,6.0
C-000740685,S-0041,-31.644786376267987,0,1,女性,44,9,12,0.25,22767,1,17,4828489.286769263,10.389041095890411,7.0
C-000481810,S-0131,-54.590438555044884,1,1,女性,19,10,12,0.25,56509,1,17,4569023.5643747775,5.13972602739726,2.0
C-000124726,S-0072,-100.0,1,1,女性,36,12,12,0.3333333333333333,0,0,12,4406797.312641796,9.01917808219178,6.0
C-002677084,S-0072,-32.84116331096197,0,1,男性,31,1,12,0.0833333333333333,25155,1,12,4406797.312641796,9.01917808219178,6.0
C-002687007,S-0012,-36.34778774740715,0,1,女性,54,1,12,0.1666666666666666,0,0,16,4444678.825084195,7.994520547945205,5.0
C-002402551,S-0036,-100.0,1,1,男性,45,2,12,0.3333333333333333,0,0,19,4397834.424680548,11.123287671232877,9.0
C-000145646,S-0036,-42.89878190725376,0,1,女性,46,12,12,0.1666666666666666,1786,2,19,4397834.424680548,11.123287671232877,9.0
C-001154301,S-0005,-20.839125288935843,0,1,男性,46,7,12,0.4166666666666667,1510,1,21,4733942.970761149,4.69041095890411,2.0
C-000656664,S-0097,-54.48540210482696,1,1,女性,44,10,12,0.1666666666666666,31574,1,21,4592508.716501317,10.09041095890411,7.0
C-001804559,S-0036,-58.17165263750332,1,1,女性,64,4,12,0.4166666666666667,18594,1,19,4397834.424680548,11.123287671232877,9.0
C-000980858,S-0106,-20.27057277856098,0,1,女性,58,8,12,0.1666666666666666,44778,1,20,4462729.145118021,6.171232876712329,3.5
C-002115914,S-0056,-30.586692220389335,0,1,女性,49,3,12,0.1666666666666666,42386,1,15,4406070.585753419,7.528767123287671,4.0
C-000163046,S-0008,-100.0,1,1,女性,61,12,12,0.1666666666666666,6082,1,22,4498453.308937302,10.772602739726027,7.0
C-001743482,S-0054,-21.988604557712364,0,1,女性,46,5,12,0.25,-299,2,23,4489160.181517739,6.358904109589041,4.0
C-002275739,S-0072,-98.62086035344785,1,1,女性,40,2,12,0.0833333333333333,3157,1,12,4406797.312641796,9.01917808219178,6.0
C-001346367,S-0117,-31.77665431922121,0,1,女性,44,7,12,0.1666666666666666,0,0,20,4500859.737076383,9.593150684931507,7.0
C-001359009,S-0002,-27.858488990672488,0,1,女性,39,6,12,0.25,27171,1,15,4455566.655169959,5.663013698630137,2.0
C-001819904,S-0018,-100.0,1,1,女性,49,4,12,0.25,0,0,16,4493108.581950108,7.550684931506849,5.0
C-000624105,S-0079,-90.62118929775482,1,1,男性,56,10,12,0.25,6316,1,13,4256656.371085242,8.479452054794521,6.0
C-000697596,S-0096,-68.95449011358208,1,1,女性,62,9,12,0.1666666666666666,2234,1,16,4644856.458098179,8.302739726027397,5.0
C-000626571,S-0048,-62.78761011521499,1,1,男性,63,10,12,0.1666666666666666,7216,1,15,4502249.082895545,3.671232876712329,1.0
C-001971381,S-0082,-36.181628542881036,0,1,女性,54,4,12,0.5833333333333334,31960,1,17,4607261.71451126,4.758904109589041,2.0
C-000097231,S-0099,-100.0,1,1,女性,49,12,12,0.25,0,0,13,4464126.154078853,8.147945205479452,5.0
C-002623817,S-0096,-28.10478586482682,0,1,女性,25,1,12,0.1666666666666666,23751,1,16,4644856.458098179,8.302739726027397,5.0
C-002190264,S-0008,-21.676737613635908,0,1,女性,50,3,12,0.0833333333333333,8645,1,22,4498453.308937302,10.772602739726027,7.0
C-001773105,S-0002,-30.40552029578662,0,1,女性,19,5,12,0.1666666666666666,5695,2,15,4455566.655169959,5.663013698630137,2.0
C-000616227,S-0102,-100.0,1,1,女性,41,10,12,0.1666666666666666,0,0,16,4383474.364435211,10.484931506849314,7.5
C-000832363,S-0080,-100.0,1,1,女性,50,9,12,0.1666666666666666,3647,1,17,4457429.264950683,11.673972602739726,9.0
C-000570203,S-0111,-100.0,1,1,女性,48,10,12,0.0833333333333333,7295,1,19,4489501.980758176,6.397260273972603,4.0
C-000507885,S-0121,-39.71179175782471,0,1,男性,34,10,12,0.4166666666666667,0,0,14,4716268.25678644,9.856164383561644,7.0
C-000875472,S-0115,-100.0,1,1,女性,49,9,12,0.1666666666666666,16234,1,14,4553643.099564746,10.51095890410959,7.0
C-000021228,S-0097,-71.52921560990276,1,1,女性,53,12,12,0.5,0,0,21,4592508.716501317,10.09041095890411,7.0
C-002217358,S-0018,-100.0,1,1,女性,55,3,12,0.1666666666666666,17939,1,16,4493108.581950108,7.550684931506849,5.0
C-001333498,S-0004,-49.96392069013796,1,1,男性,18,7,12,0.25,0,0,22,4423576.351309,11.806849315068494,9.0
C-000414466,S-0115,-86.20808563910732,1,1,女性,35,11,12,0.25,2587,2,14,4553643.099564746,10.51095890410959,7.0
C-001192422,S-0082,-78.87930577214813,1,1,男性,45,7,12,0.5833333333333334,0,0,17,4607261.71451126,4.758904109589041,2.0
C-002461774,S-0096,-58.34597702460671,1,1,男性,47,2,12,0.25,19908,1,16,4644856.458098179,8.302739726027397,5.0
C-001669791,S-0089,-24.909603920365427,0,1,男性,57,5,12,0.0833333333333333,0,0,19,4721110.949352573,10.142465753424657,7.0
C-000462306,S-0096,-47.66411692603684,0,1,女性,40,10,12,0.25,49081,1,16,4644856.458098179,8.302739726027397,5.0
C-002678900,S-0004,-70.25214523153039,1,1,女性,59,1,12,0.1666666666666666,27813,2,22,4423576.351309,11.806849315068494,9.0
C-000456766,S-0039,-41.122279148795634,0,1,女性,52,10,12,0.3333333333333333,0,0,16,4591288.568998441,8.193150684931506,5.0
C-000352084,S-0004,-20.707837241061146,0,1,女性,62,11,12,0.1666666666666666,14286,1,22,4423576.351309,11.806849315068494,9.0
C-000934570,S-0072,-27.493307421612013,0,1,女性,57,8,12,0.0833333333333333,6455,1,12,4406797.312641796,9.01917808219178,6.0
C-000171146,S-0121,-18.803024092071876,0,1,女性,50,12,12,0.4166666666666667,0,0,14,4716268.25678644,9.856164383561644,7.0
C-002487073,S-0082,-22.786942187569736,0,1,女性,39,1,12,0.1666666666666666,53531,1,17,4607261.71451126,4.758904109589041,2.0
C-000050256,S-0056,-31.05287005583188,0,1,女性,59,12,12,0.0833333333333333,11223,1,15,4406070.585753419,7.528767123287671,4.0
C-000820405,S-0121,-47.61000533821399,0,1,男性,36,9,12,0.25,0,0,14,4716268.25678644,9.856164383561644,7.0
C-002238239,S-0113,-53.04299299075852,1,1,女性,32,3,12,0.0,10638,2,16,4336633.961311346,5.77945205479452,2.5
C-001271260,S-0041,-87.92981803239287,1,1,男性,44,7,12,0.25,92230,1,17,4828489.286769263,10.389041095890411,7.0
C-001419637,S-0014,-98.21392426585487,1,1,男性,60,6,12,0.25,4322,2,21,4730192.353344672,7.336986301369863,4.0
C-001636788,S-0012,-50.25378928467534,1,1,女性,20,5,12,0.0833333333333333,84415,1,16,4444678.825084195,7.994520547945205,5.0
C-001803398,S-0008,-100.0,1,1,女性,63,4,12,0.1666666666666666,0,0,22,4498453.308937302,10.772602739726027,7.0
C-000165774,S-0014,-6.425993058332893,0,1,女性,40,12,12,0.3333333333333333,13107,1,21,4730192.353344672,7.336986301369863,4.0
C-000242130,S-0039,-13.790408412431884,0,1,女性,52,11,12,0.5833333333333334,11168,1,16,4591288.568998441,8.193150684931506,5.0
C-002614240,S-0097,-17.822248492602007,0,1,女性,43,1,12,0.25,4335,1,21,4592508.716501317,10.09041095890411,7.0
C-000121084,S-0079,-44.7990420094717,0,1,女性,45,12,12,0.0833333333333333,2931,1,13,4256656.371085242,8.479452054794521,6.0
C-000763856,S-0096,-100.0,1,1,女性,64,9,12,0.3333333333333333,20569,2,16,4644856.458098179,8.302739726027397,5.0
C-000582742,S-0089,-54.76524558982874,1,1,女性,53,10,12,0.1666666666666666,0,0,19,4721110.949352573,10.142465753424657,7.0
C-001705375,S-0106,-42.01403954887775,0,1,男性,47,5,12,0.25,1896,1,20,4462729.145118021,6.171232876712329,3.5
C-001836078,S-0072,-52.491241831450964,1,1,男性,49,4,12,0.0,3786,1,12,4406797.312641796,9.01917808219178,6.0
C-001189427,S-0115,-23.539823220515128,0,1,男性,42,7,12,0.0,11142,1,14,4553643.099564746,10.51095890410959,7.0
C-002667995,S-0050,-23.45274593587495,0,1,男性,37,1,12,0.25,18857,1,20,4615411.181286601,9.2013698630137,6.0
C-000171448,S-0106,-46.2708686074244,0,1,男性,43,12,12,0.25,4412,1,20,4462729.145118021,6.171232876712329,3.5
C-000178439,S-0080,-65.636866359447,1,1,女性,67,12,12,0.1666666666666666,17813,2,17,4457429.264950683,11.673972602739726,9.0
C-000893240,S-0056,-100.0,1,1,女性,55,9,12,0.0833333333333333,5332,1,15,4406070.585753419,7.528767123287671,4.0
C-000049784,S-0018,-100.0,1,1,女性,37,12,12,0.1666666666666666,0,0,16,4493108.581950108,7.550684931506849,5.0
C-002358565,S-0063,-100.0,1,1,男性,37,2,12,0.0833333333333333,0,0,18,4564012.176421695,5.749315068493151,3.0
C-000856696,S-0012,-31.715121405977648,0,1,女性,53,9,12,0.0833333333333333,96952,2,16,4444678.825084195,7.994520547945205,5.0
C-000776343,S-0056,-74.9474358874151,1,1,女性,59,9,12,0.4166666666666667,16225,1,15,4406070.585753419,7.528767123287671,4.0
C-002367364,S-0019,-4.524024270252542,0,1,男性,26,2,12,0.9166666666666666,0,0,19,4327199.920883598,4.090410958904109,1.0
C-000167662,S-0097,-66.10037796478474,1,1,男性,57,12,12,0.5833333333333334,9200,1,21,4592508.716501317,10.09041095890411,7.0
C-000803988,S-0113,-33.81767662752344,0,1,女性,32,9,12,0.1666666666666666,55823,2,16,4336633.961311346,5.77945205479452,2.5
C-000725981,S-0018,-93.9474347264653,1,1,女性,52,9,12,0.3333333333333333,33153,1,16,4493108.581950108,7.550684931506849,5.0
C-000347641,S-0097,-25.906417172202463,0,1,男性,58,11,12,0.3333333333333333,0,0,21,4592508.716501317,10.09041095890411,7.0
C-001811393,S-0097,-100.0,1,1,女性,55,4,12,0.0,21190,1,21,4592508.716501317,10.09041095890411,7.0
C-000548293,S-0039,-90.40380255621146,1,1,女性,57,10,12,0.4166666666666667,5951,2,16,4591288.568998441,8.193150684931506,5.0
C-002569068,S-0097,-42.44632447955915,0,1,女性,47,1,12,0.3333333333333333,0,0,21,4592508.716501317,10.09041095890411,7.0
C-002250474,S-0059,-20.4778898954278,0,1,女性,46,2,12,0.1666666666666666,12122,2,14,4713188.969095345,6.8123287671232875,3.0
C-000488706,S-0079,-62.2944487947345,1,1,男性,58,10,12,0.1666666666666666,35984,1,13,4256656.371085242,8.479452054794521,6.0
C-000410433,S-0018,-40.643399722249306,0,1,女性,52,11,12,0.25,11238,1,16,4493108.581950108,7.550684931506849,5.0
C-002107465,S-0017,-35.65374667971481,0,1,男性,54,3,12,0.1666666666666666,0,0,20,4640207.03550726,5.608219178082192,2.5
C-002144957,S-0102,-100.0,1,1,女性,21,3,12,0.0833333333333333,0,0,16,4383474.364435211,10.484931506849314,7.5
C-000170500,S-0097,-100.0,1,1,女性,61,12,12,0.3333333333333333,0,0,21,4592508.716501317,10.09041095890411,7.0
C-000670342,S-0072,-30.887956383239402,0,1,男性,28,10,12,0.25,42393,1,12,4406797.312641796,9.01917808219178,6.0
C-000062317,S-0080,-95.74435908293509,1,1,女性,47,12,12,0.1666666666666666,51105,1,17,4457429.264950683,11.673972602739726,9.0
C-001943288,S-0012,-32.90208978637917,0,1,女性,45,4,12,0.1666666666666666,6260,2,16,4444678.825084195,7.994520547945205,5.0
C-000443504,S-0080,-36.07799275495384,0,1,女性,39,11,12,0.1666666666666666,66538,1,17,4457429.264950683,11.673972602739726,9.0
C-000061336,S-0020,-29.784343828118093,0,1,男性,48,12,12,0.3333333333333333,37373,1,16,4280702.057267675,6.986301369863014,3.5
C-001814012,S-0048,-36.52383285291649,0,1,女性,42,4,12,0.0833333333333333,6658,1,15,4502249.082895545,3.671232876712329,1.0
C-000363566,S-0080,-65.93616175441952,1,1,女性,53,11,12,0.1666666666666666,10491,2,17,4457429.264950683,11.673972602739726,9.0
C-002685739,S-0050,-100.0,1,1,女性,43,1,12,0.3333333333333333,5540,1,20,4615411.181286601,9.2013698630137,6.0
C-001612626,S-0036,-100.0,1,1,女性,70,5,12,0.3333333333333333,0,0,19,4397834.424680548,11.123287671232877,9.0
C-002418747,S-0040,-31.20756234305179,0,1,女性,52,2,12,0.0,0,0,20,4550116.0180538,8.163013698630138,4.0
C-000946803,S-0018,-99.43088839594168,1,1,男性,27,8,12,0.3333333333333333,0,0,16,4493108.581950108,7.550684931506849,5.0
C-001449465,S-0115,-64.58626399221463,1,1,男性,45,6,12,0.25,9743,1,14,4553643.099564746,10.51095890410959,7.0
C-001318213,S-0074,-40.71552397804744,0,1,女性,48,7,12,0.1666666666666666,37885,2,14,4614054.39694187,8.308219178082192,6.0
C-000568421,S-0012,-100.0,1,1,女性,61,10,12,0.1666666666666666,25989,2,16,4444678.825084195,7.994520547945205,5.0
C-001084412,S-0002,-74.3952762773845,1,1,女性,39,8,12,0.5833333333333334,0,0,15,4455566.655169959,5.663013698630137,2.0
C-000522562,S-0030,-25.77224568888969,0,1,女性,51,10,12,0.0833333333333333,1493,1,22,4426478.045479023,9.236986301369862,5.5
C-000143532,S-0008,-93.20619785458881,1,1,男性,44,12,12,0.4166666666666667,0,0,22,4498453.308937302,10.772602739726027,7.0
C-002572443,S-0131,-100.0,1,1,男性,55,1,12,0.6666666666666666,52909,1,17,4569023.5643747775,5.13972602739726,2.0
C-001726780,S-0099,-21.333183982815907,0,1,女性,67,5,12,0.1666666666666666,0,0,13,4464126.154078853,8.147945205479452,5.0
C-002680901,S-0040,-100.0,1,1,女性,54,1,12,0.0833333333333333,8472,1,20,4550116.0180538,8.163013698630138,4.0
C-001057267,S-0100,-34.31145967264945,0,1,女性,43,8,12,0.1666666666666666,1620,1,17,4535925.154217558,4.720547945205479,2.0
C-001176012,S-0036,-43.522679840007136,0,1,男性,83,7,12,0.25,227141,1,19,4397834.424680548,11.123287671232877,9.0
C-002393994,S-0012,-75.2192784528664,1,1,女性,54,2,12,0.75,0,0,16,4444678.825084195,7.994520547945205,5.0
C-001222452,S-0014,-53.197412105218355,1,1,男性,36,7,12,0.0,31075,1,21,4730192.353344672,7.336986301369863,4.0
C-001478548,S-0039,-86.14309878537092,1,1,女性,56,6,12,0.3333333333333333,45902,1,16,4591288.568998441,8.193150684931506,5.0
C-002404810,S-0008,-100.0,1,1,男性,32,2,12,0.25,0,0,22,4498453.308937302,10.772602739726027,7.0
C-000926422,S-0036,-47.65788475422474,0,1,女性,59,8,12,0.3333333333333333,0,0,19,4397834.424680548,11.123287671232877,9.0
C-000872441,S-0072,-100.0,1,1,女性,64,9,12,0.1666666666666666,0,0,12,4406797.312641796,9.01917808219178,6.0
C-000420078,S-0018,-66.04316724527742,1,1,男性,26,11,12,0.25,0,0,16,4493108.581950108,7.550684931506849,5.0
C-001012856,S-0121,-100.0,1,1,男性,41,8,12,0.4166666666666667,4275,1,14,4716268.25678644,9.856164383561644,7.0
C-000613860,S-0036,-52.12894078907251,1,1,男性,46,10,12,0.25,0,0,19,4397834.424680548,11.123287671232877,9.0
C-002451587,S-0002,-11.047693086730208,0,1,女性,42,2,12,0.25,-1984,2,15,4455566.655169959,5.663013698630137,2.0
C-000462187,S-0039,-20.94348114639672,0,1,女性,50,10,12,0.0833333333333333,0,0,16,4591288.568998441,8.193150684931506,5.0
C-002636013,S-0121,-13.543159538474885,0,1,女性,59,1,12,0.25,41782,2,14,4716268.25678644,9.856164383561644,7.0
C-000617569,S-0074,-36.64393748388797,0,1,女性,50,10,12,0.1666666666666666,4810,2,14,4614054.39694187,8.308219178082192,6.0
C-000362694,S-0056,-55.81000110208178,1,1,男性,36,11,12,0.0833333333333333,0,0,15,4406070.585753419,7.528767123287671,4.0
C-000536407,S-0048,-14.762290120980081,0,1,女性,56,10,12,0.1666666666666666,0,0,15,4502249.082895545,3.671232876712329,1.0
C-000561112,S-0004,-72.56720317166887,1,1,女性,37,10,12,0.1666666666666666,0,0,22,4423576.351309,11.806849315068494,9.0
C-001267247,S-0050,-70.88204701477012,1,1,女性,50,7,12,0.3333333333333333,0,0,20,4615411.181286601,9.2013698630137,6.0
C-000875517,S-0072,-56.65544162585191,1,1,男性,19,9,12,0.25,1977,1,12,4406797.312641796,9.01917808219178,6.0
C-002059826,S-0002,-79.63193869285448,1,1,女性,56,3,12,0.3333333333333333,0,0,15,4455566.655169959,5.663013698630137,2.0
C-001122490,S-0014,-48.408637073893814,0,1,男性,54,8,12,0.25,36077,1,21,4730192.353344672,7.336986301369863,4.0
C-002236945,S-0059,-68.11320754716981,1,1,男性,78,3,12,0.0,0,0,14,4713188.969095345,6.8123287671232875,3.0
C-000006982,S-0020,-32.82179651619844,0,1,女性,58,12,12,0.0833333333333333,0,0,16,4280702.057267675,6.986301369863014,3.5
C-001047025,S-0041,-25.9666165884771,0,1,女性,50,8,12,0.1666666666666666,17247,2,17,4828489.286769263,10.389041095890411,7.0
C-000650300,S-0004,-18.635967047640165,0,1,女性,54,10,12,0.25,0,0,22,4423576.351309,11.806849315068494,9.0
C-000387649,S-0106,-69.76819041703138,1,1,男性,31,11,12,0.4166666666666667,24624,1,20,4462729.145118021,6.171232876712329,3.5
C-002295298,S-0089,-33.82654343664804,0,1,男性,31,2,12,0.0833333333333333,5821,2,19,4721110.949352573,10.142465753424657,7.0
C-000168846,S-0012,-100.0,1,1,男性,56,12,12,0.0833333333333333,28924,1,16,4444678.825084195,7.994520547945205,5.0
C-002518357,S-0131,-20.36525617791684,0,1,女性,50,1,12,0.1666666666666666,16791,2,17,4569023.5643747775,5.13972602739726,2.0
C-000808762,S-0004,-100.0,1,1,女性,55,9,12,0.6666666666666666,364245,1,22,4423576.351309,11.806849315068494,9.0
C-000078699,S-0018,-76.97804003271972,1,1,女性,34,12,12,0.0833333333333333,3153,1,16,4493108.581950108,7.550684931506849,5.0
C-000245065,S-0080,-100.0,1,1,男性,51,11,12,0.1666666666666666,11666,1,17,4457429.264950683,11.673972602739726,9.0
C-000451450,S-0075,-58.09389309710276,1,1,女性,33,11,12,0.3333333333333333,0,0,19,4506647.2743158825,4.526027397260274,1.0
C-000532993,S-0102,-64.68276515151516,1,1,男性,48,10,12,0.3333333333333333,1141,2,16,4383474.364435211,10.484931506849314,7.5
C-001559452,S-0099,-16.378042967972057,0,1,男性,56,6,12,0.0833333333333333,1678,2,13,4464126.154078853,8.147945205479452,5.0
C-000100001,S-0036,-49.860657903059575,1,1,女性,53,12,12,0.3333333333333333,9697,1,19,4397834.424680548,11.123287671232877,9.0
C-000524903,S-0097,-20.422092339179574,0,1,男性,26,10,12,0.1666666666666666,0,0,21,4592508.716501317,10.09041095890411,7.0
C-001522298,S-0072,-100.0,1,1,男性,35,6,12,0.0833333333333333,14181,1,12,4406797.312641796,9.01917808219178,6.0
C-000409973,S-0002,-49.32590843466805,1,1,女性,60,11,12,0.4166666666666667,0,0,15,4455566.655169959,5.663013698630137,2.0
C-000990559,S-0121,-100.0,1,1,女性,53,8,12,0.25,0,0,14,4716268.25678644,9.856164383561644,7.0
C-002219130,S-0048,-28.33331817809826,0,1,女性,67,3,12,0.3333333333333333,0,0,15,4502249.082895545,3.671232876712329,1.0
C-002111240,S-0102,-68.10154469868064,1,1,男性,47,3,12,0.4166666666666667,0,0,16,4383474.364435211,10.484931506849314,7.5
C-000716100,S-0014,-95.44183200769164,1,1,女性,60,9,12,0.1666666666666666,83355,2,21,4730192.353344672,7.336986301369863,4.0
C-002605617,S-0117,-100.0,1,1,女性,66,1,12,0.5,0,0,20,4500859.737076383,9.593150684931507,7.0
C-001805375,S-0074,-100.0,1,1,女性,55,4,12,0.1666666666666666,0,0,14,4614054.39694187,8.308219178082192,6.0
C-000568363,S-0018,-100.0,1,1,女性,62,10,12,0.0833333333333333,4982,1,16,4493108.581950108,7.550684931506849,5.0
C-001958384,S-0040,-87.50259046904759,1,1,女性,56,4,12,0.1666666666666666,24877,2,20,4550116.0180538,8.163013698630138,4.0
C-001257733,S-0074,-6.392326572794213,0,1,女性,66,7,12,0.8333333333333334,111768,1,14,4614054.39694187,8.308219178082192,6.0
C-001121998,S-0099,-100.0,1,1,女性,37,8,12,0.3333333333333333,10870,1,13,4464126.154078853,8.147945205479452,5.0
C-001386444,S-0036,-100.0,1,1,男性,57,6,12,0.1666666666666666,0,0,19,4397834.424680548,11.123287671232877,9.0
C-001664551,S-0036,-38.930830682829836,0,1,女性,20,5,12,0.0833333333333333,1113,1,19,4397834.424680548,11.123287671232877,9.0
C-001635696,S-0097,-100.0,1,1,女性,35,5,12,0.3333333333333333,0,0,21,4592508.716501317,10.09041095890411,7.0
C-001329651,S-0089,-35.62710965406588,0,1,男性,48,7,12,0.25,9851,2,19,4721110.949352573,10.142465753424657,7.0
C-000613022,S-0050,-52.63268587556056,1,1,男性,40,10,12,0.75,0,0,20,4615411.181286601,9.2013698630137,6.0
C-001839692,S-0115,-42.90950696900354,0,1,男性,42,4,12,0.3333333333333333,7536,1,14,4553643.099564746,10.51095890410959,7.0
C-000163104,S-0041,-36.51822506764763,0,1,男性,57,12,12,0.4166666666666667,0,0,17,4828489.286769263,10.389041095890411,7.0
C-000770999,S-0050,-34.77195298319858,0,1,女性,55,9,12,0.0833333333333333,0,0,20,4615411.181286601,9.2013698630137,6.0
C-002156024,S-0056,-100.0,1,1,男性,47,3,12,0.25,12464,2,15,4406070.585753419,7.528767123287671,4.0
C-000676554,S-0106,-49.42076363982607,1,1,男性,52,9,12,0.1666666666666666,22001,1,20,4462729.145118021,6.171232876712329,3.5
C-001891695,S-0048,-56.572373152030785,1,1,男性,40,4,12,0.5833333333333334,21999,2,15,4502249.082895545,3.671232876712329,1.0
C-001727776,S-0002,-98.81731226549701,1,1,男性,34,5,12,0.25,21515,1,15,4455566.655169959,5.663013698630137,2.0
C-000988856,S-0007,-46.761342875221686,0,1,男性,49,8,12,0.5833333333333334,24106,1,21,4487075.727367008,3.7260273972602738,1.0
C-002222116,S-0121,-35.596251550525906,0,1,女性,45,3,12,0.25,0,0,14,4716268.25678644,9.856164383561644,7.0
C-001343399,S-0059,-39.19432840253879,0,1,女性,61,7,12,0.25,118047,1,14,4713188.969095345,6.8123287671232875,3.0
C-000704854,S-0014,-56.40514837807559,1,1,女性,19,9,12,0.0833333333333333,0,0,21,4730192.353344672,7.336986301369863,4.0
C-000080658,S-0074,-94.06787591434409,1,1,男性,38,12,12,0.25,87650,1,14,4614054.39694187,8.308219178082192,6.0
C-002087128,S-0054,-39.275886323531225,0,1,女性,54,3,12,1.0,13872,1,23,4489160.181517739,6.358904109589041,4.0
C-000325341,S-0111,-20.27317220981628,0,1,女性,56,11,12,0.3333333333333333,16007,1,19,4489501.980758176,6.397260273972603,4.0
C-001259593,S-0008,-50.79969840570261,1,1,女性,50,7,12,0.25,2649,1,22,4498453.308937302,10.772602739726027,7.0
C-001343936,S-0004,-86.25781621466443,1,1,男性,43,7,12,0.6666666666666666,152332,1,22,4423576.351309,11.806849315068494,9.0
C-001560892,S-0017,-56.66992403569585,1,1,男性,51,6,12,0.6666666666666666,17839,2,20,4640207.03550726,5.608219178082192,2.5
C-001297656,S-0089,-100.0,1,1,女性,38,7,12,0.3333333333333333,14504,1,19,4721110.949352573,10.142465753424657,7.0
C-001413633,S-0082,-100.0,1,1,女性,56,6,12,0.0,4539,1,17,4607261.71451126,4.758904109589041,2.0
C-002222988,S-0002,-47.51121999176735,0,1,女性,46,3,12,0.25,32365,1,15,4455566.655169959,5.663013698630137,2.0
C-002451894,S-0079,-42.50148561823059,0,1,女性,51,2,12,0.25,94511,1,13,4256656.371085242,8.479452054794521,6.0
C-001766166,S-0097,-33.2333218963511,0,1,男性,63,5,12,0.1666666666666666,3728,2,21,4592508.716501317,10.09041095890411,7.0
C-001770905,S-0004,-61.855107277392584,1,1,男性,73,5,12,0.6666666666666666,0,0,22,4423576.351309,11.806849315068494,9.0
C-000957135,S-0048,-63.57492757440084,1,1,女性,53,8,12,0.25,13301,1,15,4502249.082895545,3.671232876712329,1.0
C-000204759,S-0079,-21.452754794191982,0,1,男性,41,12,12,0.4166666666666667,0,0,13,4256656.371085242,8.479452054794521,6.0
C-000003416,S-0054,-100.0,1,1,女性,46,12,12,0.1666666666666666,0,0,23,4489160.181517739,6.358904109589041,4.0
C-000180312,S-0018,-100.0,1,1,女性,54,12,12,0.1666666666666666,29159,1,16,4493108.581950108,7.550684931506849,5.0
C-001827966,S-0096,-26.395182139728856,0,1,女性,47,4,12,0.1666666666666666,0,0,16,4644856.458098179,8.302739726027397,5.0
C-001630511,S-0074,-37.05330633531393,0,1,女性,59,5,12,0.1666666666666666,22309,1,14,4614054.39694187,8.308219178082192,6.0
C-000684227,S-0063,-11.88509478828481,0,1,女性,33,9,12,0.0833333333333333,0,0,18,4564012.176421695,5.749315068493151,3.0
C-000143631,S-0079,-100.0,1,1,女性,42,12,12,0.0833333333333333,61669,1,13,4256656.371085242,8.479452054794521,6.0
C-001169788,S-0080,-100.0,1,1,女性,48,7,12,0.0833333333333333,40736,1,17,4457429.264950683,11.673972602739726,9.0
C-000370677,S-0008,-85.51210928179432,1,1,女性,62,11,12,0.0833333333333333,0,0,22,4498453.308937302,10.772602739726027,7.0
C-000029532,S-0054,-100.0,1,1,女性,77,12,12,0.0833333333333333,29126,1,23,4489160.181517739,6.358904109589041,4.0
C-000281418,S-0059,-41.67235462070159,0,1,女性,37,11,12,0.25,0,0,14,4713188.969095345,6.8123287671232875,3.0
C-000947058,S-0100,-100.0,1,1,女性,50,8,12,0.25,0,0,17,4535925.154217558,4.720547945205479,2.0
C-000761599,S-0005,-18.633323516999965,0,1,女性,58,9,12,0.0833333333333333,18466,2,21,4733942.970761149,4.69041095890411,2.0
C-001342368,S-0079,-49.46634084109714,1,1,女性,18,7,12,0.0833333333333333,0,0,13,4256656.371085242,8.479452054794521,6.0
C-000414580,S-0039,-21.004887747493996,0,1,女性,41,11,12,0.3333333333333333,0,0,16,4591288.568998441,8.193150684931506,5.0
C-000012954,S-0079,-71.81830327321309,1,1,女性,52,12,12,0.3333333333333333,0,0,13,4256656.371085242,8.479452054794521,6.0
C-001280166,S-0036,-100.0,1,1,女性,67,7,12,0.25,13375,2,19,4397834.424680548,11.123287671232877,9.0
C-001099799,S-0085,-27.64138390702074,0,1,女性,46,8,12,0.4166666666666667,34690,1,15,4606655.398026554,4.928767123287671,2.0
C-001204845,S-0106,-43.14662214381447,0,1,女性,54,7,12,0.5,0,0,20,4462729.145118021,6.171232876712329,3.5
C-001255243,S-0014,-30.394930874572257,0,1,女性,60,7,12,0.4166666666666667,78557,2,21,4730192.353344672,7.336986301369863,4.0
C-000989351,S-0056,-100.0,1,1,男性,54,8,12,0.1666666666666666,0,0,15,4406070.585753419,7.528767123287671,4.0
C-001428998,S-0048,-50.880196755427335,1,1,男性,55,6,12,0.6666666666666666,0,0,15,4502249.082895545,3.671232876712329,1.0
C-002283764,S-0018,-74.56051571313456,1,1,女性,60,2,12,0.0833333333333333,1693,1,16,4493108.581950108,7.550684931506849,5.0
C-000194608,S-0113,-100.0,1,1,男性,63,12,12,0.1666666666666666,3017,2,16,4336633.961311346,5.77945205479452,2.5
C-001443756,S-0126,-14.365095940861716,0,1,男性,64,6,12,0.25,10577,1,17,4493168.352495564,5.53972602739726,3.0
C-002642568,S-0117,-96.05176039881601,1,1,女性,47,1,12,0.5833333333333334,0,0,20,4500859.737076383,9.593150684931507,7.0
C-001243285,S-0040,-100.0,1,1,男性,47,7,12,0.3333333333333333,0,0,20,4550116.0180538,8.163013698630138,4.0
C-000816171,S-0054,-41.438889409999064,0,1,女性,48,9,12,0.25,0,0,23,4489160.181517739,6.358904109589041,4.0
C-000555620,S-0097,-33.34723664491038,0,1,女性,43,10,12,0.25,27036,1,21,4592508.716501317,10.09041095890411,7.0
C-001739062,S-0096,-16.210428598914508,0,1,女性,61,5,12,0.0,16646,2,16,4644856.458098179,8.302739726027397,5.0
C-001920644,S-0089,-32.83972151014092,0,1,女性,19,4,12,0.25,0,0,19,4721110.949352573,10.142465753424657,7.0
C-001764616,S-0056,-100.0,1,1,男性,57,5,12,0.3333333333333333,8276,2,15,4406070.585753419,7.528767123287671,4.0
C-000245704,S-0089,-100.0,1,1,女性,54,11,12,0.25,0,0,19,4721110.949352573,10.142465753424657,7.0
C-002454122,S-0012,-52.771927213187965,1,1,男性,56,2,12,0.1666666666666666,3190,1,16,4444678.825084195,7.994520547945205,5.0
C-000286221,S-0072,-100.0,1,1,男性,51,11,12,0.4166666666666667,6774,1,12,4406797.312641796,9.01917808219178,6.0
C-001006363,S-0096,-100.0,1,1,男性,43,8,12,0.3333333333333333,8176,1,16,4644856.458098179,8.302739726027397,5.0
C-000124693,S-0004,-88.47596909692416,1,1,男性,54,12,12,0.5833333333333334,53600,1,22,4423576.351309,11.806849315068494,9.0
C-001537907,S-0048,-100.0,1,1,男性,66,6,12,0.0833333333333333,61030,1,15,4502249.082895545,3.671232876712329,1.0
C-000204180,S-0099,-9.099925433194922,0,1,男性,47,12,12,0.0833333333333333,0,0,13,4464126.154078853,8.147945205479452,5.0
C-000916919,S-0080,-100.0,1,1,女性,22,8,12,0.6666666666666666,12586,1,17,4457429.264950683,11.673972602739726,9.0
C-000377436,S-0040,-56.75951845300452,1,1,男性,41,11,12,0.0833333333333333,86895,1,20,4550116.0180538,8.163013698630138,4.0
C-000066434,S-0113,-34.327762814780705,0,1,男性,44,12,12,0.1666666666666666,24272,1,16,4336633.961311346,5.77945205479452,2.5
C-000713896,S-0002,-32.980515608604065,0,1,男性,73,9,12,0.0833333333333333,0,0,15,4455566.655169959,5.663013698630137,2.0
C-000122721,S-0080,-62.394225629916235,1,1,女性,50,12,12,0.25,1325,2,17,4457429.264950683,11.673972602739726,9.0
C-000159357,S-0018,-100.0,1,1,女性,54,12,12,0.25,0,0,16,4493108.581950108,7.550684931506849,5.0
C-002002659,S-0113,-17.820029812409505,0,1,男性,39,4,12,0.1666666666666666,4911,2,16,4336633.961311346,5.77945205479452,2.5
C-001151184,S-0002,-43.99069134733754,0,1,女性,51,7,12,0.3333333333333333,8897,1,15,4455566.655169959,5.663013698630137,2.0
C-002533848,S-0080,-45.73718574108818,0,1,女性,57,1,12,0.1666666666666666,0,0,17,4457429.264950683,11.673972602739726,9.0
C-000626070,S-0030,-15.926306866346426,0,1,男性,51,10,12,0.25,22181,1,22,4426478.045479023,9.236986301369862,5.5
C-002449051,S-0131,-30.03720143732826,0,1,男性,27,2,12,0.1666666666666666,50873,1,17,4569023.5643747775,5.13972602739726,2.0
C-000921259,S-0004,-33.76874027491124,0,1,女性,52,8,12,0.8333333333333334,44996,1,22,4423576.351309,11.806849315068494,9.0
C-001371443,S-0002,-13.959820370321596,0,1,男性,65,6,12,0.4166666666666667,0,0,15,4455566.655169959,5.663013698630137,2.0
C-001587869,S-0113,-20.2611711500854,0,1,女性,44,5,12,0.3333333333333333,26443,1,16,4336633.961311346,5.77945205479452,2.5
C-001504869,S-0062,-37.42555169208524,0,1,女性,27,6,12,0.1666666666666666,0,0,15,4713869.782113416,4.575342465753424,1.0
C-002468473,S-0048,-53.53856392133465,1,1,女性,51,2,12,0.0833333333333333,69688,1,15,4502249.082895545,3.671232876712329,1.0
C-000325441,S-0115,-22.122411863284515,0,1,男性,51,11,12,0.25,2985,1,14,4553643.099564746,10.51095890410959,7.0
C-000989341,S-0096,-100.0,1,1,女性,45,8,12,0.25,0,0,16,4644856.458098179,8.302739726027397,5.0
C-001782690,S-0097,-56.696376788059034,1,1,女性,37,5,12,0.25,27248,1,21,4592508.716501317,10.09041095890411,7.0
C-001142329,S-0072,-21.82576722292968,0,1,女性,66,7,12,0.1666666666666666,13123,1,12,4406797.312641796,9.01917808219178,6.0
C-001458539,S-0007,-100.0,1,1,女性,44,6,12,0.5833333333333334,27289,1,21,4487075.727367008,3.7260273972602738,1.0
C-001690654,S-0012,-21.652274056697276,0,1,女性,67,5,12,0.4166666666666667,19574,1,16,4444678.825084195,7.994520547945205,5.0
C-001001781,S-0113,-50.62334124877776,1,1,女性,37,8,12,0.0833333333333333,0,0,16,4336633.961311346,5.77945205479452,2.5
C-002585961,S-0115,-100.0,1,1,女性,50,1,12,0.1666666666666666,7401,2,14,4553643.099564746,10.51095890410959,7.0
C-000309043,S-0017,-100.0,1,1,男性,60,11,12,0.5833333333333334,0,0,20,4640207.03550726,5.608219178082192,2.5
C-001430195,S-0002,-57.086987860665275,1,1,女性,45,6,12,0.3333333333333333,0,0,15,4455566.655169959,5.663013698630137,2.0
C-000229704,S-0102,-100.0,1,1,女性,44,11,12,0.0,24397,1,16,4383474.364435211,10.484931506849314,7.5
C-002215341,S-0131,-25.199698319286096,0,1,男性,47,3,12,0.3333333333333333,5638,1,17,4569023.5643747775,5.13972602739726,2.0
C-002364754,S-0121,-100.0,1,1,男性,15,2,12,0.3333333333333333,66122,1,14,4716268.25678644,9.856164383561644,7.0
C-002404365,S-0041,-78.90801298936162,1,1,男性,58,2,12,0.25,0,0,17,4828489.286769263,10.389041095890411,7.0
C-000174389,S-0041,-100.0,1,1,男性,40,12,12,0.25,916,2,17,4828489.286769263,10.389041095890411,7.0
C-001222145,S-0131,-49.64641168045246,1,1,女性,43,7,12,0.1666666666666666,17787,1,17,4569023.5643747775,5.13972602739726,2.0
C-001224979,S-0040,-88.21011222954992,1,1,女性,33,7,12,0.3333333333333333,0,0,20,4550116.0180538,8.163013698630138,4.0
C-002288554,S-0004,-100.0,1,1,女性,51,2,12,0.25,15453,1,22,4423576.351309,11.806849315068494,9.0
C-001626628,S-0113,-100.0,1,1,女性,17,5,12,0.0833333333333333,1817,1,16,4336633.961311346,5.77945205479452,2.5
C-002344766,S-0102,-57.80078495663137,1,1,女性,48,2,12,0.1666666666666666,18766,2,16,4383474.364435211,10.484931506849314,7.5
C-001675812,S-0004,-98.81516091183371,1,1,女性,52,5,12,0.1666666666666666,15956,1,22,4423576.351309,11.806849315068494,9.0
C-002012326,S-0018,-47.47026313405211,0,1,女性,65,4,12,0.3333333333333333,113092,1,16,4493108.581950108,7.550684931506849,5.0
C-001143053,S-0115,-100.0,1,1,男性,65,7,12,0.0833333333333333,9126,1,14,4553643.099564746,10.51095890410959,7.0
C-001111018,S-0004,-19.859454973025315,0,1,女性,60,8,12,0.25,0,0,22,4423576.351309,11.806849315068494,9.0
C-002076875,S-0036,-11.191138890889365,0,1,男性,23,3,12,0.0,7143,1,19,4397834.424680548,11.123287671232877,9.0
C-000114275,S-0030,-63.24192255444565,1,1,男性,53,12,12,1.0,35050,2,22,4426478.045479023,9.236986301369862,5.5
C-000396390,S-0041,-100.0,1,1,女性,41,11,12,0.25,1898,1,17,4828489.286769263,10.389041095890411,7.0
C-000191930,S-0059,-18.30260236181733,0,1,男性,41,12,12,0.1666666666666666,6430,1,14,4713188.969095345,6.8123287671232875,3.0
C-002045718,S-0004,-23.136877555929757,0,1,女性,41,3,12,0.3333333333333333,149424,2,22,4423576.351309,11.806849315068494,9.0
C-002671099,S-0050,-26.118138335097367,0,1,女性,45,1,12,0.6666666666666666,0,0,20,4615411.181286601,9.2013698630137,6.0
C-001249176,S-0012,-12.044658260674185,0,1,女性,42,7,12,0.3333333333333333,0,0,16,4444678.825084195,7.994520547945205,5.0
C-000581814,S-0106,-26.934437072092344,0,1,男性,55,10,12,0.25,1406,1,20,4462729.145118021,6.171232876712329,3.5
C-002408210,S-0121,-100.0,1,1,女性,37,2,12,0.3333333333333333,20324,1,14,4716268.25678644,9.856164383561644,7.0
C-001230704,S-0131,-33.4837552106293,0,1,女性,64,7,12,0.4166666666666667,8673,1,17,4569023.5643747775,5.13972602739726,2.0
C-000110457,S-0111,-17.30548494457402,0,1,男性,20,12,12,0.4166666666666667,0,0,19,4489501.980758176,6.397260273972603,4.0
C-002656894,S-0121,-51.18386610613152,1,1,女性,46,1,12,0.0833333333333333,0,0,14,4716268.25678644,9.856164383561644,7.0
C-000901444,S-0004,-51.36700500010699,1,1,女性,33,8,12,0.3333333333333333,9176,2,22,4423576.351309,11.806849315068494,9.0
C-002102081,S-0014,-58.63461330538853,1,1,女性,43,3,12,0.0,58584,1,21,4730192.353344672,7.336986301369863,4.0
C-002602780,S-0072,-71.47183671011831,1,1,女性,60,1,12,0.0833333333333333,34841,1,12,4406797.312641796,9.01917808219178,6.0
C-000984143,S-0014,-44.45197215424024,0,1,男性,41,8,12,0.25,0,0,21,4730192.353344672,7.336986301369863,4.0
C-000118345,S-0074,-100.0,1,1,女性,66,12,12,0.0833333333333333,0,0,14,4614054.39694187,8.308219178082192,6.0
C-002293199,S-0054,-13.222583528813297,0,1,女性,44,2,12,0.0833333333333333,18388,2,23,4489160.181517739,6.358904109589041,4.0
C-000829331,S-0056,-50.40766294390483,1,1,女性,48,9,12,0.1666666666666666,3334,1,15,4406070.585753419,7.528767123287671,4.0
C-000634449,S-0014,-100.0,1,1,女性,44,10,12,0.25,5287,1,21,4730192.353344672,7.336986301369863,4.0
C-001230491,S-0014,-98.27536648462201,1,1,女性,43,7,12,0.0833333333333333,47944,2,21,4730192.353344672,7.336986301369863,4.0
C-000469181,S-0017,-46.76928231456755,0,1,女性,57,10,12,0.3333333333333333,0,0,20,4640207.03550726,5.608219178082192,2.5
C-001694962,S-0106,-33.314840194562464,0,1,男性,21,5,12,0.25,35415,1,20,4462729.145118021,6.171232876712329,3.5
C-002647081,S-0008,-76.22103915858206,1,1,女性,41,1,12,0.3333333333333333,15435,1,22,4498453.308937302,10.772602739726027,7.0
C-002674863,S-0102,-100.0,1,1,女性,46,1,12,0.1666666666666666,9943,2,16,4383474.364435211,10.484931506849314,7.5
C-002200084,S-0115,-100.0,1,1,男性,31,3,12,0.4166666666666667,6101,1,14,4553643.099564746,10.51095890410959,7.0
C-001434153,S-0102,-100.0,1,1,女性,18,6,12,0.25,11648,1,16,4383474.364435211,10.484931506849314,7.5
C-000509314,S-0097,-100.0,1,1,女性,57,10,12,0.25,24175,2,21,4592508.716501317,10.09041095890411,7.0
C-002501822,S-0014,-80.58264907685633,1,1,女性,51,1,12,0.0833333333333333,0,0,21,4730192.353344672,7.336986301369863,4.0
C-002318602,S-0054,-28.85340357645613,0,1,女性,39,2,12,0.0833333333333333,0,0,23,4489160.181517739,6.358904109589041,4.0
C-000209611,S-0020,-16.84384931076354,0,1,男性,50,12,12,0.25,10005,1,16,4280702.057267675,6.986301369863014,3.5
C-000269047,S-0036,-100.0,1,1,男性,60,11,12,0.5,19551,2,19,4397834.424680548,11.123287671232877,9.0
C-001656106,S-0096,-39.239568623689976,0,1,男性,49,5,12,0.6666666666666666,18729,2,16,4644856.458098179,8.302739726027397,5.0
C-002345434,S-0007,-14.3547151774814,0,1,男性,36,2,12,0.25,8181,1,21,4487075.727367008,3.7260273972602738,1.0
C-000868898,S-0117,-22.64873038333898,0,1,男性,55,9,12,0.0833333333333333,0,0,20,4500859.737076383,9.593150684931507,7.0
C-002352353,S-0008,-100.0,1,1,女性,43,2,12,0.1666666666666666,1578,1,22,4498453.308937302,10.772602739726027,7.0
C-001086836,S-0096,-100.0,1,1,女性,59,8,12,0.1666666666666666,9421,2,16,4644856.458098179,8.302739726027397,5.0
C-002441396,S-0072,-84.34041755039028,1,1,男性,43,2,12,0.3333333333333333,18410,1,12,4406797.312641796,9.01917808219178,6.0
C-000636278,S-0117,-31.07127523781837,0,1,男性,18,10,12,0.1666666666666666,156427,2,20,4500859.737076383,9.593150684931507,7.0
C-000582144,S-0012,-39.20889349861664,0,1,女性,69,10,12,0.1666666666666666,6817,1,16,4444678.825084195,7.994520547945205,5.0
C-000658410,S-0004,-28.424784134690395,0,1,女性,66,10,12,0.25,112986,1,22,4423576.351309,11.806849315068494,9.0
C-002046830,S-0008,-24.697238694877612,0,1,女性,41,3,12,0.3333333333333333,0,0,22,4498453.308937302,10.772602739726027,7.0
C-001761908,S-0131,-37.861032196969695,0,1,女性,33,5,12,0.25,0,0,17,4569023.5643747775,5.13972602739726,2.0
C-000949614,S-0106,-9.513694049920772,0,1,男性,54,8,12,0.25,21535,2,20,4462729.145118021,6.171232876712329,3.5
C-000062772,S-0097,-100.0,1,1,女性,54,12,12,0.0833333333333333,0,0,21,4592508.716501317,10.09041095890411,7.0
C-000426522,S-0082,-18.045316707186366,0,1,男性,47,11,12,0.6666666666666666,0,0,17,4607261.71451126,4.758904109589041,2.0
C-001615488,S-0040,-22.148542734027753,0,1,女性,38,5,12,0.25,0,0,20,4550116.0180538,8.163013698630138,4.0
C-001455927,S-0097,-100.0,1,1,女性,52,6,12,0.1666666666666666,0,0,21,4592508.716501317,10.09041095890411,7.0
C-001938814,S-0102,-40.5335873985024,0,1,男性,60,4,12,0.3333333333333333,4757,2,16,4383474.364435211,10.484931506849314,7.5
C-001064461,S-0020,-100.0,1,1,男性,55,8,12,0.1666666666666666,0,0,16,4280702.057267675,6.986301369863014,3.5
C-001752375,S-0097,-100.0,1,1,女性,65,5,12,0.25,0,0,21,4592508.716501317,10.09041095890411,7.0
C-002347415,S-0115,-19.577340208273235,0,1,女性,45,2,12,0.3333333333333333,0,0,14,4553643.099564746,10.51095890410959,7.0
C-001313379,S-0018,-82.22761772095869,1,1,男性,70,7,12,0.4166666666666667,2380,1,16,4493108.581950108,7.550684931506849,5.0
C-001816561,S-0018,-53.35921785867379,1,1,女性,59,4,12,0.1666666666666666,137779,2,16,4493108.581950108,7.550684931506849,5.0
C-001780263,S-0117,-32.7322987727612,0,1,男性,49,5,12,0.3333333333333333,0,0,20,4500859.737076383,9.593150684931507,7.0
C-002524615,S-0102,-100.0,1,1,女性,34,1,12,0.0833333333333333,0,0,16,4383474.364435211,10.484931506849314,7.5
C-000978036,S-0048,-100.0,1,1,女性,42,8,12,0.0,487,1,15,4502249.082895545,3.671232876712329,1.0
C-001333766,S-0018,-26.02868351931474,0,1,女性,36,7,12,0.1666666666666666,1802,2,16,4493108.581950108,7.550684931506849,5.0
C-000027417,S-0018,-100.0,1,1,女性,46,12,12,0.1666666666666666,1617,1,16,4493108.581950108,7.550684931506849,5.0
C-002209832,S-0099,-89.8100503612875,1,1,女性,40,3,12,0.0833333333333333,0,0,13,4464126.154078853,8.147945205479452,5.0
C-001074863,S-0113,-100.0,1,1,男性,62,8,12,0.3333333333333333,0,0,16,4336633.961311346,5.77945205479452,2.5
C-002056735,S-0113,-20.085499702720742,0,1,男性,55,3,12,0.0833333333333333,0,0,16,4336633.961311346,5.77945205479452,2.5
C-002556370,S-0126,-13.48726824417899,0,1,男性,55,1,12,0.25,0,0,17,4493168.352495564,5.53972602739726,3.0
C-000667303,S-0007,-75.15424904708367,1,1,女性,42,10,12,0.1666666666666666,0,0,21,4487075.727367008,3.7260273972602738,1.0
C-002580858,S-0018,-39.52947418914827,0,1,女性,58,1,12,0.1666666666666666,12283,1,16,4493108.581950108,7.550684931506849,5.0
C-001196624,S-0017,-100.0,1,1,男性,31,7,12,0.25,0,0,20,4640207.03550726,5.608219178082192,2.5
C-002470726,S-0002,-57.95400996152584,1,1,男性,49,2,12,0.0833333333333333,0,0,15,4455566.655169959,5.663013698630137,2.0
C-001635582,S-0072,-60.30150995030847,1,1,女性,41,5,12,0.0833333333333333,30681,2,12,4406797.312641796,9.01917808219178,6.0
C-002556434,S-0079,-65.13389352484518,1,1,男性,30,1,12,0.4166666666666667,0,0,13,4256656.371085242,8.479452054794521,6.0
C-000964214,S-0004,-8.381983067799943,0,1,女性,56,8,12,0.8333333333333334,9836,2,22,4423576.351309,11.806849315068494,9.0
C-001113889,S-0080,-100.0,1,1,女性,48,8,12,0.25,17058,2,17,4457429.264950683,11.673972602739726,9.0
C-000805478,S-0115,-67.27582144259719,1,1,女性,54,9,12,0.0833333333333333,24491,2,14,4553643.099564746,10.51095890410959,7.0
C-000057118,S-0018,-100.0,1,1,男性,34,12,12,0.0833333333333333,6135,1,16,4493108.581950108,7.550684931506849,5.0
C-000659538,S-0099,-100.0,1,1,女性,86,10,12,0.4166666666666667,0,0,13,4464126.154078853,8.147945205479452,5.0
C-000485343,S-0096,-52.58952935550116,1,1,男性,52,10,12,0.25,46172,1,16,4644856.458098179,8.302739726027397,5.0
C-001806227,S-0007,-54.73619938386389,1,1,男性,56,4,12,0.1666666666666666,10849,1,21,4487075.727367008,3.7260273972602738,1.0
C-000569897,S-0041,-71.58228045871655,1,1,女性,45,10,12,0.1666666666666666,2725,2,17,4828489.286769263,10.389041095890411,7.0
C-000438348,S-0020,-18.151200136908336,0,1,女性,44,11,12,0.25,0,0,16,4280702.057267675,6.986301369863014,3.5
C-000924044,S-0005,-23.83859674625383,0,1,女性,54,8,12,0.0833333333333333,13038,2,21,4733942.970761149,4.69041095890411,2.0
C-000711095,S-0113,-47.56920418852559,0,1,男性,28,9,12,0.3333333333333333,859,2,16,4336633.961311346,5.77945205479452,2.5
C-001943438,S-0072,-39.86477880393136,0,1,女性,46,4,12,0.25,18881,1,12,4406797.312641796,9.01917808219178,6.0
C-002235839,S-0121,-21.632741921910277,0,1,女性,46,3,12,0.25,0,0,14,4716268.25678644,9.856164383561644,7.0
C-000734305,S-0017,-100.0,1,1,男性,63,9,12,0.1666666666666666,25633,1,20,4640207.03550726,5.608219178082192,2.5
C-000945474,S-0040,-12.518117323975893,0,1,女性,45,8,12,0.5833333333333334,3989,2,20,4550116.0180538,8.163013698630138,4.0
C-000666800,S-0102,-25.912017454982124,0,1,男性,57,10,12,0.25,0,0,16,4383474.364435211,10.484931506849314,7.5
C-001292693,S-0097,-21.067926115411606,0,1,女性,72,7,12,0.1666666666666666,6330,2,21,4592508.716501317,10.09041095890411,7.0
C-001960610,S-0099,-80.21056596911006,1,1,女性,50,4,12,0.5833333333333334,0,0,13,4464126.154078853,8.147945205479452,5.0
C-001786609,S-0115,-100.0,1,1,女性,42,5,12,0.1666666666666666,29852,2,14,4553643.099564746,10.51095890410959,7.0
C-000433501,S-0036,-66.02755408565642,1,1,男性,60,11,12,0.4166666666666667,33113,2,19,4397834.424680548,11.123287671232877,9.0
C-002524606,S-0089,-20.970960746723655,0,1,男性,50,1,12,0.3333333333333333,508,2,19,4721110.949352573,10.142465753424657,7.0
C-001229870,S-0039,-37.71732754458282,0,1,女性,53,7,12,0.1666666666666666,40365,2,16,4591288.568998441,8.193150684931506,5.0
C-001183478,S-0097,-92.29390274342508,1,1,男性,51,7,12,0.5,0,0,21,4592508.716501317,10.09041095890411,7.0
C-002077924,S-0111,-100.0,1,1,女性,31,3,12,0.5,5237,1,19,4489501.980758176,6.397260273972603,4.0
C-001992596,S-0007,-63.70396214483526,1,1,女性,55,4,12,0.25,0,0,21,4487075.727367008,3.7260273972602738,1.0
C-000900845,S-0121,-63.79625297957183,1,1,女性,46,9,12,0.0833333333333333,1012,2,14,4716268.25678644,9.856164383561644,7.0
C-001481604,S-0115,-24.030529279440927,0,1,女性,55,6,12,0.1666666666666666,22635,2,14,4553643.099564746,10.51095890410959,7.0
C-001156510,S-0017,-16.67325769854133,0,1,男性,40,7,12,0.4166666666666667,0,0,20,4640207.03550726,5.608219178082192,2.5
C-001178249,S-0036,-100.0,1,1,女性,53,7,12,0.0,5285,2,19,4397834.424680548,11.123287671232877,9.0
C-001427403,S-0005,-20.09514813056438,0,1,男性,43,6,12,0.6666666666666666,0,0,21,4733942.970761149,4.69041095890411,2.0
C-000563476,S-0102,-100.0,1,1,男性,65,10,12,0.3333333333333333,1907,1,16,4383474.364435211,10.484931506849314,7.5
C-002117300,S-0040,-47.3660938413991,0,1,男性,58,3,12,0.1666666666666666,0,0,20,4550116.0180538,8.163013698630138,4.0
C-001848523,S-0012,-52.04787215219437,1,1,男性,62,4,12,0.1666666666666666,98900,1,16,4444678.825084195,7.994520547945205,5.0
C-002117483,S-0048,-25.41801561607313,0,1,女性,46,3,12,0.25,11155,2,15,4502249.082895545,3.671232876712329,1.0
C-002430053,S-0020,-54.59031388407472,1,1,女性,38,2,12,0.25,15152,1,16,4280702.057267675,6.986301369863014,3.5
C-000812556,S-0056,-83.23756670922961,1,1,男性,46,9,12,0.3333333333333333,8111,2,15,4406070.585753419,7.528767123287671,4.0
C-000497924,S-0111,-53.65622689089042,1,1,女性,59,10,12,0.4166666666666667,0,0,19,4489501.980758176,6.397260273972603,4.0
C-002344526,S-0002,-100.0,1,1,女性,25,2,12,0.1666666666666666,0,0,15,4455566.655169959,5.663013698630137,2.0
C-000748174,S-0012,-100.0,1,1,女性,54,9,12,0.5833333333333334,0,0,16,4444678.825084195,7.994520547945205,5.0
C-000970621,S-0056,-51.0828971489867,1,1,女性,42,8,12,0.3333333333333333,34144,2,15,4406070.585753419,7.528767123287671,4.0
C-001261936,S-0102,-66.75704329388046,1,1,男性,26,7,12,0.1666666666666666,12489,1,16,4383474.364435211,10.484931506849314,7.5
C-002282107,S-0012,-40.40261244478502,0,1,男性,48,2,12,0.25,0,0,16,4444678.825084195,7.994520547945205,5.0
C-001498916,S-0115,-100.0,1,1,女性,48,6,12,0.4166666666666667,2001,1,14,4553643.099564746,10.51095890410959,7.0
C-000368625,S-0020,-85.07689175935008,1,1,男性,51,11,12,0.1666666666666666,1256,1,16,4280702.057267675,6.986301369863014,3.5
C-001604458,S-0096,-100.0,1,1,女性,58,5,12,0.25,10338,1,16,4644856.458098179,8.302739726027397,5.0
C-001022731,S-0121,-39.59809835533434,0,1,男性,45,8,12,0.3333333333333333,19055,2,14,4716268.25678644,9.856164383561644,7.0
C-002242563,S-0115,-39.575390015297764,0,1,女性,68,3,12,0.5833333333333334,0,0,14,4553643.099564746,10.51095890410959,7.0
C-001873752,S-0113,-61.15395310666639,1,1,男性,70,4,12,0.25,37926,1,16,4336633.961311346,5.77945205479452,2.5
C-001844187,S-0004,-14.224449514437756,0,1,女性,57,4,12,0.0833333333333333,2193,2,22,4423576.351309,11.806849315068494,9.0
C-000114301,S-0018,-51.81549656892389,1,1,男性,57,12,12,0.3333333333333333,5829,2,16,4493108.581950108,7.550684931506849,5.0
C-002144572,S-0111,-39.995368554374586,0,1,女性,40,3,12,0.25,10662,2,19,4489501.980758176,6.397260273972603,4.0
C-000043905,S-0100,-100.0,1,1,男性,59,12,12,0.3333333333333333,0,0,17,4535925.154217558,4.720547945205479,2.0
C-000413647,S-0074,-42.825645428629976,0,1,女性,21,11,12,0.3333333333333333,103366,2,14,4614054.39694187,8.308219178082192,6.0
C-000879969,S-0004,-67.38635380934537,1,1,男性,20,9,12,0.3333333333333333,0,0,22,4423576.351309,11.806849315068494,9.0
C-001549744,S-0079,-43.75248459945871,0,1,男性,48,6,12,0.0833333333333333,0,0,13,4256656.371085242,8.479452054794521,6.0
C-001176350,S-0056,-100.0,1,1,女性,53,7,12,0.3333333333333333,0,0,15,4406070.585753419,7.528767123287671,4.0
C-001452466,S-0079,-60.1400305949199,1,1,女性,50,6,12,0.1666666666666666,1375,1,13,4256656.371085242,8.479452054794521,6.0
C-001850805,S-0089,-60.41969093889019,1,1,女性,53,4,12,0.0,13243,2,19,4721110.949352573,10.142465753424657,7.0
C-001865315,S-0030,-100.0,1,1,女性,51,4,12,0.1666666666666666,10055,1,22,4426478.045479023,9.236986301369862,5.5
C-001011650,S-0002,-40.58532200489209,0,1,女性,53,8,12,0.25,0,0,15,4455566.655169959,5.663013698630137,2.0
C-002627373,S-0096,-84.15045250451105,1,1,男性,43,1,12,0.0,6274,1,16,4644856.458098179,8.302739726027397,5.0
C-000948622,S-0050,-31.12408138779183,0,1,女性,21,8,12,0.6666666666666666,22028,2,20,4615411.181286601,9.2013698630137,6.0
C-000934165,S-0036,-59.28217074848817,1,1,女性,75,8,12,0.25,2799,1,19,4397834.424680548,11.123287671232877,9.0
C-002150225,S-0050,-31.303148821944237,0,1,男性,59,3,12,0.3333333333333333,0,0,20,4615411.181286601,9.2013698630137,6.0
C-000388265,S-0002,-68.4934814099469,1,1,女性,51,11,12,0.1666666666666666,3459,1,15,4455566.655169959,5.663013698630137,2.0
C-002043808,S-0007,-55.96792976047854,1,1,男性,69,3,12,0.5833333333333334,5918,1,21,4487075.727367008,3.7260273972602738,1.0
C-001808168,S-0036,-100.0,1,1,女性,44,4,12,0.0833333333333333,0,0,19,4397834.424680548,11.123287671232877,9.0
C-001446890,S-0080,-100.0,1,1,男性,39,6,12,0.4166666666666667,0,0,17,4457429.264950683,11.673972602739726,9.0
C-001884010,S-0079,-50.73347809006387,1,1,女性,35,4,12,0.25,1320,2,13,4256656.371085242,8.479452054794521,6.0
C-000214235,S-0012,-44.255893789759696,0,1,男性,42,12,12,0.0833333333333333,1560,1,16,4444678.825084195,7.994520547945205,5.0
C-000524934,S-0072,-100.0,1,1,女性,60,10,12,0.25,31224,2,12,4406797.312641796,9.01917808219178,6.0
C-000574658,S-0080,-100.0,1,1,女性,50,10,12,0.4166666666666667,0,0,17,4457429.264950683,11.673972602739726,9.0
C-001494723,S-0096,-100.0,1,1,男性,51,6,12,0.3333333333333333,0,0,16,4644856.458098179,8.302739726027397,5.0
C-001555628,S-0097,-35.91362565414492,0,1,男性,40,6,12,0.25,16959,1,21,4592508.716501317,10.09041095890411,7.0
C-002277938,S-0100,-35.19873490235628,0,1,男性,60,2,12,0.5,12468,1,17,4535925.154217558,4.720547945205479,2.0
C-001438053,S-0048,-75.1862318610485,1,1,女性,53,6,12,0.0833333333333333,143900,1,15,4502249.082895545,3.671232876712329,1.0
C-002096627,S-0097,-48.93666075146366,1,1,女性,62,3,12,0.0,0,0,21,4592508.716501317,10.09041095890411,7.0
C-002449446,S-0106,-37.63222131814483,0,1,女性,73,2,12,0.25,54461,1,20,4462729.145118021,6.171232876712329,3.5
C-000905424,S-0117,-100.0,1,1,女性,53,8,12,0.1666666666666666,2495,1,20,4500859.737076383,9.593150684931507,7.0
C-001806119,S-0072,-30.676209697935924,0,1,女性,79,4,12,0.0833333333333333,0,0,12,4406797.312641796,9.01917808219178,6.0
C-002045269,S-0097,-100.0,1,1,男性,26,3,12,0.1666666666666666,0,0,21,4592508.716501317,10.09041095890411,7.0
C-001240146,S-0050,-26.630445981495853,0,1,女性,61,7,12,0.8333333333333334,0,0,20,4615411.181286601,9.2013698630137,6.0
C-000069414,S-0002,-20.644444899105537,0,1,女性,37,12,12,0.25,12300,1,15,4455566.655169959,5.663013698630137,2.0
C-001839277,S-0115,-39.82305680492612,0,1,女性,40,4,12,0.1666666666666666,17583,2,14,4553643.099564746,10.51095890410959,7.0
C-002362787,S-0018,-76.6709946934628,1,1,女性,29,2,12,0.1666666666666666,11264,2,16,4493108.581950108,7.550684931506849,5.0
C-000763071,S-0041,-100.0,1,1,女性,59,9,12,0.0833333333333333,5301,2,17,4828489.286769263,10.389041095890411,7.0
C-000002903,S-0036,-36.23747820220714,0,1,男性,47,12,12,0.4166666666666667,0,0,19,4397834.424680548,11.123287671232877,9.0
C-001087903,S-0113,-100.0,1,1,男性,41,8,12,0.5,6223,1,16,4336633.961311346,5.77945205479452,2.5
C-000134932,S-0117,-45.963230460468175,0,1,女性,39,12,12,0.1666666666666666,0,0,20,4500859.737076383,9.593150684931507,7.0
C-001154317,S-0072,-57.2521366158556,1,1,女性,56,7,12,0.1666666666666666,7532,2,12,4406797.312641796,9.01917808219178,6.0
C-001123846,S-0012,-100.0,1,1,女性,50,8,12,0.0833333333333333,0,0,16,4444678.825084195,7.994520547945205,5.0
C-000433150,S-0072,-100.0,1,1,男性,55,11,12,0.1666666666666666,2680,1,12,4406797.312641796,9.01917808219178,6.0
C-000380097,S-0096,-41.56347300514866,0,1,女性,46,11,12,0.25,34603,2,16,4644856.458098179,8.302739726027397,5.0
C-002455177,S-0072,-48.080517006474636,0,1,女性,50,2,12,0.5833333333333334,0,0,12,4406797.312641796,9.01917808219178,6.0
C-002668669,S-0014,-52.81800409960522,1,1,女性,48,1,12,0.0,8083,1,21,4730192.353344672,7.336986301369863,4.0
C-002352155,S-0018,-50.7028374216185,1,1,女性,59,2,12,0.25,46925,1,16,4493108.581950108,7.550684931506849,5.0
C-001455357,S-0012,-30.32013975126499,0,1,女性,58,6,12,0.0,0,0,16,4444678.825084195,7.994520547945205,5.0
C-001503720,S-0018,-33.1532969827281,0,1,女性,36,6,12,0.0833333333333333,2655,1,16,4493108.581950108,7.550684931506849,5.0
C-001019173,S-0036,-24.2786946031535,0,1,女性,32,8,12,0.0833333333333333,28340,1,19,4397834.424680548,11.123287671232877,9.0
C-000192285,S-0030,-97.03433360367667,1,1,女性,26,12,12,0.5833333333333334,0,0,22,4426478.045479023,9.236986301369862,5.5
C-002176747,S-0050,-68.79212717254148,1,1,女性,41,3,12,0.25,7141,2,20,4615411.181286601,9.2013698630137,6.0
C-001619173,S-0002,-58.12947085759094,1,1,女性,56,5,12,0.0833333333333333,0,0,15,4455566.655169959,5.663013698630137,2.0
C-002675971,S-0017,-58.12670682866998,1,1,女性,52,1,12,0.0833333333333333,0,0,20,4640207.03550726,5.608219178082192,2.5
C-000915014,S-0080,-64.34180184478372,1,1,女性,52,8,12,0.1666666666666666,25418,1,17,4457429.264950683,11.673972602739726,9.0
C-002029220,S-0002,-32.57022507983528,0,1,男性,33,3,12,0.1666666666666666,13003,2,15,4455566.655169959,5.663013698630137,2.0
C-002066433,S-0030,-76.28910134953648,1,1,女性,37,3,12,0.0833333333333333,9334,1,22,4426478.045479023,9.236986301369862,5.5
C-001718881,S-0080,-100.0,1,1,男性,49,5,12,0.0833333333333333,0,0,17,4457429.264950683,11.673972602739726,9.0
C-001716345,S-0074,-100.0,1,1,男性,54,5,12,0.0833333333333333,624,1,14,4614054.39694187,8.308219178082192,6.0
C-001784342,S-0072,-51.41745654092635,1,1,男性,60,5,12,0.3333333333333333,5982,2,12,4406797.312641796,9.01917808219178,6.0
C-000108268,S-0018,-100.0,1,1,女性,64,12,12,0.0833333333333333,38979,1,16,4493108.581950108,7.550684931506849,5.0
C-001235677,S-0054,-58.620689655172406,1,1,女性,54,7,12,0.1666666666666666,14728,1,23,4489160.181517739,6.358904109589041,4.0
C-000462173,S-0082,-83.52750067269267,1,1,男性,49,10,12,0.3333333333333333,0,0,17,4607261.71451126,4.758904109589041,2.0
C-002425951,S-0030,-30.297777025433923,0,1,女性,45,2,12,0.25,11144,2,22,4426478.045479023,9.236986301369862,5.5
C-002116593,S-0039,-29.010282651230252,0,1,男性,53,3,12,0.1666666666666666,0,0,16,4591288.568998441,8.193150684931506,5.0
C-000925626,S-0048,-30.041821626948828,0,1,女性,44,8,12,0.25,34109,1,15,4502249.082895545,3.671232876712329,1.0
C-001522044,S-0036,-29.64063399637158,0,1,女性,79,6,12,0.25,17877,1,19,4397834.424680548,11.123287671232877,9.0
C-000645944,S-0121,-100.0,1,1,女性,50,10,12,0.25,7333,1,14,4716268.25678644,9.856164383561644,7.0
C-001170644,S-0115,-100.0,1,1,女性,50,7,12,0.1666666666666666,5060,2,14,4553643.099564746,10.51095890410959,7.0
C-001229321,S-0048,-32.61561525975368,0,1,女性,50,7,12,0.3333333333333333,41240,1,15,4502249.082895545,3.671232876712329,1.0
C-001741524,S-0115,-100.0,1,1,女性,58,5,12,0.0833333333333333,10328,1,14,4553643.099564746,10.51095890410959,7.0
C-000213919,S-0121,-57.8813162029294,1,1,女性,49,12,12,0.1666666666666666,82728,2,14,4716268.25678644,9.856164383561644,7.0
C-002501351,S-0099,-19.020448991525097,0,1,女性,33,1,12,0.3333333333333333,0,0,13,4464126.154078853,8.147945205479452,5.0
C-000547711,S-0030,-26.70828377615847,0,1,男性,60,10,12,0.0833333333333333,34448,1,22,4426478.045479023,9.236986301369862,5.5
C-002245595,S-0097,-64.20101840689495,1,1,女性,55,3,12,0.3333333333333333,5331,1,21,4592508.716501317,10.09041095890411,7.0
C-000083359,S-0082,-26.836617448640503,0,1,女性,33,12,12,0.3333333333333333,0,0,17,4607261.71451126,4.758904109589041,2.0
C-000753622,S-0059,-32.980589666685525,0,1,男性,52,9,12,0.4166666666666667,0,0,14,4713188.969095345,6.8123287671232875,3.0
C-002070330,S-0018,-31.753200658854446,0,1,女性,80,3,12,0.1666666666666666,24928,2,16,4493108.581950108,7.550684931506849,5.0
C-001633614,S-0017,-9.385085080390304,0,1,女性,32,5,12,0.3333333333333333,36907,1,20,4640207.03550726,5.608219178082192,2.5
C-000982417,S-0012,-52.76932502808128,1,1,男性,64,8,12,0.1666666666666666,16196,2,16,4444678.825084195,7.994520547945205,5.0
C-000411982,S-0017,-58.869756336669674,1,1,男性,52,11,12,0.1666666666666666,1052,2,20,4640207.03550726,5.608219178082192,2.5
C-002102507,S-0012,-44.21686108017428,0,1,男性,40,3,12,0.3333333333333333,10123,1,16,4444678.825084195,7.994520547945205,5.0
C-002569299,S-0080,-35.3540731725869,0,1,男性,55,1,12,0.3333333333333333,3273,1,17,4457429.264950683,11.673972602739726,9.0
C-002549966,S-0018,-86.86060896284768,1,1,女性,37,1,12,0.0833333333333333,0,0,16,4493108.581950108,7.550684931506849,5.0
C-000888028,S-0048,-62.06527906351719,1,1,女性,41,9,12,0.0833333333333333,22857,1,15,4502249.082895545,3.671232876712329,1.0
C-001630152,S-0099,-100.0,1,1,女性,73,5,12,0.4166666666666667,29418,1,13,4464126.154078853,8.147945205479452,5.0
C-000485448,S-0111,-33.38043992269781,0,1,男性,41,10,12,0.1666666666666666,95465,1,19,4489501.980758176,6.397260273972603,4.0
C-001479386,S-0117,-98.86537733638544,1,1,女性,34,6,12,0.25,65514,1,20,4500859.737076383,9.593150684931507,7.0
C-000766343,S-0018,-100.0,1,1,男性,63,9,12,0.0833333333333333,7935,2,16,4493108.581950108,7.550684931506849,5.0
C-001230986,S-0056,-33.32324626307301,0,1,男性,49,7,12,0.5,9373,1,15,4406070.585753419,7.528767123287671,4.0
C-001353696,S-0099,-100.0,1,1,女性,55,6,12,0.3333333333333333,68552,1,13,4464126.154078853,8.147945205479452,5.0
C-001066798,S-0079,-100.0,1,1,女性,43,8,12,0.4166666666666667,0,0,13,4256656.371085242,8.479452054794521,6.0
C-000086210,S-0075,-2.9216596627089717,0,1,女性,22,12,12,0.3333333333333333,0,0,19,4506647.2743158825,4.526027397260274,1.0
C-002360037,S-0007,-36.50946281412989,0,1,女性,33,2,12,0.1666666666666666,40592,1,21,4487075.727367008,3.7260273972602738,1.0
C-000214254,S-0018,-100.0,1,1,男性,22,12,12,0.0833333333333333,0,0,16,4493108.581950108,7.550684931506849,5.0
C-000259893,S-0059,-100.0,1,1,女性,69,11,12,0.0833333333333333,0,0,14,4713188.969095345,6.8123287671232875,3.0
C-000815526,S-0096,-17.559212624490833,0,1,女性,62,9,12,0.1666666666666666,50948,1,16,4644856.458098179,8.302739726027397,5.0
C-000652532,S-0080,-85.71115850569466,1,1,女性,39,10,12,0.25,0,0,17,4457429.264950683,11.673972602739726,9.0
C-002335001,S-0100,-52.591386144373075,1,1,男性,58,2,12,0.5,25356,2,17,4535925.154217558,4.720547945205479,2.0
C-002372490,S-0004,-100.0,1,1,女性,47,2,12,0.5,0,0,22,4423576.351309,11.806849315068494,9.0
C-000003947,S-0082,-21.719128907530553,0,1,女性,38,12,12,0.0,2589,1,17,4607261.71451126,4.758904109589041,2.0
C-001327021,S-0018,-49.211261949006946,1,1,女性,40,7,12,0.25,3870,1,16,4493108.581950108,7.550684931506849,5.0
C-000573264,S-0131,-30.09737256053872,0,1,女性,57,10,12,0.1666666666666666,0,0,17,4569023.5643747775,5.13972602739726,2.0
C-000605797,S-0040,-100.0,1,1,女性,44,10,12,0.25,9191,1,20,4550116.0180538,8.163013698630138,4.0
C-000120914,S-0041,-100.0,1,1,女性,67,12,12,0.6666666666666666,3484,1,17,4828489.286769263,10.389041095890411,7.0
C-000070752,S-0080,-42.6383370760638,0,1,女性,54,12,12,0.0,24647,2,17,4457429.264950683,11.673972602739726,9.0
C-001763500,S-0121,-44.34345825115056,0,1,女性,45,5,12,0.4166666666666667,0,0,14,4716268.25678644,9.856164383561644,7.0
C-001179591,S-0082,-39.765263176431226,0,1,男性,59,7,12,0.5,0,0,17,4607261.71451126,4.758904109589041,2.0
C-001981299,S-0007,-100.0,1,1,男性,26,4,12,0.3333333333333333,15767,2,21,4487075.727367008,3.7260273972602738,1.0
C-002204376,S-0004,-20.865523696733625,0,1,男性,27,3,12,0.1666666666666666,0,0,22,4423576.351309,11.806849315068494,9.0
C-001716770,S-0018,-51.61109416219515,1,1,女性,42,5,12,0.25,20133,1,16,4493108.581950108,7.550684931506849,5.0
C-002651349,S-0074,-49.766503086908344,1,1,男性,33,1,12,0.0,10661,1,14,4614054.39694187,8.308219178082192,6.0
C-000518520,S-0002,-35.556005459805775,0,1,男性,30,10,12,0.0,0,0,15,4455566.655169959,5.663013698630137,2.0
C-001444201,S-0099,-100.0,1,1,男性,46,6,12,0.1666666666666666,11047,2,13,4464126.154078853,8.147945205479452,5.0
C-001272228,S-0020,-100.0,1,1,男性,58,7,12,0.5833333333333334,0,0,16,4280702.057267675,6.986301369863014,3.5
C-001233558,S-0036,-100.0,1,1,男性,53,7,12,0.0833333333333333,0,0,19,4397834.424680548,11.123287671232877,9.0
C-001696850,S-0097,-65.25076737406523,1,1,男性,48,5,12,0.4166666666666667,12655,1,21,4592508.716501317,10.09041095890411,7.0
C-002426347,S-0039,-37.081806155338334,0,1,男性,33,2,12,0.4166666666666667,7948,2,16,4591288.568998441,8.193150684931506,5.0
C-001112010,S-0014,-82.08759608045703,1,1,女性,55,8,12,0.1666666666666666,18606,1,21,4730192.353344672,7.336986301369863,4.0
C-000907147,S-0111,-100.0,1,1,男性,32,8,12,0.3333333333333333,0,0,19,4489501.980758176,6.397260273972603,4.0
C-000404321,S-0017,-32.11708810543904,0,1,男性,39,11,12,0.5,1028,2,20,4640207.03550726,5.608219178082192,2.5
C-000182254,S-0099,-69.60592500758706,1,1,男性,58,12,12,0.0833333333333333,60567,1,13,4464126.154078853,8.147945205479452,5.0
C-001308694,S-0113,-22.510279820670664,0,1,男性,44,7,12,0.25,38017,1,16,4336633.961311346,5.77945205479452,2.5
C-001281819,S-0096,-38.976960897365196,0,1,男性,34,7,12,0.0833333333333333,702,1,16,4644856.458098179,8.302739726027397,5.0
C-002145750,S-0012,-27.855843618507848,0,1,男性,50,3,12,0.25,2005,2,16,4444678.825084195,7.994520547945205,5.0
C-000166199,S-0040,-100.0,1,1,女性,53,12,12,0.75,2035,1,20,4550116.0180538,8.163013698630138,4.0
C-001557443,S-0039,-32.63386345539999,0,1,女性,43,6,12,0.0,0,0,16,4591288.568998441,8.193150684931506,5.0
C-001783875,S-0018,-100.0,1,1,女性,62,5,12,0.3333333333333333,28117,1,16,4493108.581950108,7.550684931506849,5.0
C-001340151,S-0048,-100.0,1,1,女性,55,7,12,0.25,8550,2,15,4502249.082895545,3.671232876712329,1.0
C-000352296,S-0099,-100.0,1,1,女性,21,11,12,0.3333333333333333,0,0,13,4464126.154078853,8.147945205479452,5.0
C-001837997,S-0117,-9.195929979348909,0,1,女性,39,4,12,0.0833333333333333,27973,1,20,4500859.737076383,9.593150684931507,7.0
C-001573259,S-0074,-100.0,1,1,男性,33,6,12,0.1666666666666666,10907,1,14,4614054.39694187,8.308219178082192,6.0
C-001665618,S-0117,-100.0,1,1,男性,55,5,12,0.5,0,0,20,4500859.737076383,9.593150684931507,7.0
C-000571981,S-0072,-27.483997792344006,0,1,女性,40,10,12,0.25,32532,2,12,4406797.312641796,9.01917808219178,6.0
C-001061439,S-0131,-48.04281754944395,0,1,女性,59,8,12,0.0833333333333333,0,0,17,4569023.5643747775,5.13972602739726,2.0
C-000961742,S-0080,-18.091015440119307,0,1,女性,63,8,12,0.1666666666666666,0,0,17,4457429.264950683,11.673972602739726,9.0
C-001976005,S-0004,-37.68774255621291,0,1,女性,70,4,12,0.1666666666666666,13272,1,22,4423576.351309,11.806849315068494,9.0
C-000434070,S-0072,-100.0,1,1,女性,49,11,12,0.3333333333333333,0,0,12,4406797.312641796,9.01917808219178,6.0
C-002315184,S-0099,-36.73185897294556,0,1,男性,56,2,12,0.0833333333333333,0,0,13,4464126.154078853,8.147945205479452,5.0
C-000487351,S-0008,-100.0,1,1,男性,45,10,12,0.0833333333333333,0,0,22,4498453.308937302,10.772602739726027,7.0
C-001983363,S-0072,-64.79960552059087,1,1,女性,45,4,12,0.1666666666666666,1414,2,12,4406797.312641796,9.01917808219178,6.0
C-002367460,S-0121,-31.50239730654485,0,1,女性,62,2,12,0.5,0,0,14,4716268.25678644,9.856164383561644,7.0
C-002264573,S-0079,-58.226629955358334,1,1,女性,77,2,12,0.0833333333333333,0,0,13,4256656.371085242,8.479452054794521,6.0
C-002639953,S-0004,-81.66699742012304,1,1,女性,59,1,12,0.0,34435,1,22,4423576.351309,11.806849315068494,9.0
C-001082209,S-0079,-21.30743795785858,0,1,女性,69,8,12,0.25,0,0,13,4256656.371085242,8.479452054794521,6.0
C-000917664,S-0002,-74.54518083625004,1,1,男性,44,8,12,0.3333333333333333,0,0,15,4455566.655169959,5.663013698630137,2.0
C-000431745,S-0099,-100.0,1,1,女性,42,11,12,0.5,14761,2,13,4464126.154078853,8.147945205479452,5.0
C-001910241,S-0096,-100.0,1,1,女性,40,4,12,0.4166666666666667,30035,1,16,4644856.458098179,8.302739726027397,5.0
C-002063229,S-0040,-70.36970430572367,1,1,女性,67,3,12,0.25,0,0,20,4550116.0180538,8.163013698630138,4.0
C-002226073,S-0040,-57.66047210152819,1,1,女性,26,3,12,0.1666666666666666,0,0,20,4550116.0180538,8.163013698630138,4.0
C-002682012,S-0096,-84.29246288515888,1,1,女性,41,1,12,0.0,0,0,16,4644856.458098179,8.302739726027397,5.0
C-000255990,S-0117,-100.0,1,1,男性,69,11,12,0.4166666666666667,0,0,20,4500859.737076383,9.593150684931507,7.0
C-000829008,S-0080,-17.549261730860174,0,1,女性,56,9,12,0.0833333333333333,6322,1,17,4457429.264950683,11.673972602739726,9.0
C-001916834,S-0036,-100.0,1,1,女性,35,4,12,0.3333333333333333,0,0,19,4397834.424680548,11.123287671232877,9.0
C-001660288,S-0089,-48.13811815560473,0,1,女性,56,5,12,0.0833333333333333,0,0,19,4721110.949352573,10.142465753424657,7.0
C-000857206,S-0121,-71.33861035242775,1,1,女性,32,9,12,0.25,5678,1,14,4716268.25678644,9.856164383561644,7.0
C-000889454,S-0079,-69.52717363227772,1,1,女性,47,9,12,0.1666666666666666,0,0,13,4256656.371085242,8.479452054794521,6.0
C-001010439,S-0007,-32.82862154354106,0,1,男性,51,8,12,0.5833333333333334,0,0,21,4487075.727367008,3.7260273972602738,1.0
C-002145335,S-0050,-24.241320988621542,0,1,女性,42,3,12,0.3333333333333333,0,0,20,4615411.181286601,9.2013698630137,6.0
C-002157809,S-0080,-100.0,1,1,男性,50,3,12,0.1666666666666666,0,0,17,4457429.264950683,11.673972602739726,9.0
C-001442485,S-0097,-16.259929331534654,0,1,女性,85,6,12,0.5,5603,2,21,4592508.716501317,10.09041095890411,7.0
C-001026394,S-0007,-50.954768111375294,1,1,男性,33,8,12,0.25,0,0,21,4487075.727367008,3.7260273972602738,1.0
C-001135488,S-0007,-15.472632199829015,0,1,女性,43,7,12,0.1666666666666666,0,0,21,4487075.727367008,3.7260273972602738,1.0
C-000645621,S-0018,-100.0,1,1,女性,48,10,12,0.0833333333333333,0,0,16,4493108.581950108,7.550684931506849,5.0
C-000694461,S-0072,-27.311407422408134,0,1,男性,50,9,12,0.25,40242,1,12,4406797.312641796,9.01917808219178,6.0
C-000590210,S-0012,-100.0,1,1,男性,54,10,12,0.1666666666666666,14433,2,16,4444678.825084195,7.994520547945205,5.0
C-000894759,S-0082,-100.0,1,1,男性,53,9,12,0.5,0,0,17,4607261.71451126,4.758904109589041,2.0
C-000607423,S-0017,-23.968756272447354,0,1,女性,38,10,12,0.0833333333333333,0,0,20,4640207.03550726,5.608219178082192,2.5
C-000608690,S-0099,-26.798525146530977,0,1,女性,39,10,12,0.1666666666666666,45402,1,13,4464126.154078853,8.147945205479452,5.0
C-001145743,S-0056,-58.97087436006736,1,1,女性,23,7,12,0.1666666666666666,0,0,15,4406070.585753419,7.528767123287671,4.0
C-001444175,S-0017,-100.0,1,1,男性,47,6,12,0.5833333333333334,0,0,20,4640207.03550726,5.608219178082192,2.5
C-001758475,S-0048,-100.0,1,1,女性,47,5,12,0.0,0,0,15,4502249.082895545,3.671232876712329,1.0
C-000628183,S-0054,-17.774386041317477,0,1,女性,42,10,12,0.8333333333333334,0,0,23,4489160.181517739,6.358904109589041,4.0
C-001542471,S-0014,-73.47863774503148,1,1,女性,68,6,12,0.1666666666666666,5050,1,21,4730192.353344672,7.336986301369863,4.0
C-000746105,S-0079,-100.0,1,1,女性,55,9,12,0.1666666666666666,7097,1,13,4256656.371085242,8.479452054794521,6.0
C-002031377,S-0121,-14.896643346594148,0,1,女性,42,3,12,0.4166666666666667,0,0,14,4716268.25678644,9.856164383561644,7.0
C-001518535,S-0012,-39.919014678589505,0,1,女性,49,6,12,0.25,48055,1,16,4444678.825084195,7.994520547945205,5.0
C-001966168,S-0115,-100.0,1,1,男性,55,4,12,0.3333333333333333,0,0,14,4553643.099564746,10.51095890410959,7.0
C-002166596,S-0036,-32.95388008924155,0,1,女性,45,3,12,0.0833333333333333,3197,2,19,4397834.424680548,11.123287671232877,9.0
C-000100952,S-0102,-29.575514994658196,0,1,女性,60,12,12,0.0833333333333333,37079,1,16,4383474.364435211,10.484931506849314,7.5
C-002555024,S-0007,-100.0,1,1,男性,64,1,12,0.1666666666666666,19942,1,21,4487075.727367008,3.7260273972602738,1.0
C-001738818,S-0080,-100.0,1,1,女性,38,5,12,0.0,0,0,17,4457429.264950683,11.673972602739726,9.0
C-002165785,S-0115,-91.11632453567937,1,1,女性,55,3,12,0.1666666666666666,10284,1,14,4553643.099564746,10.51095890410959,7.0
C-001011595,S-0017,-38.81218496603112,0,1,女性,51,8,12,0.4166666666666667,5769,1,20,4640207.03550726,5.608219178082192,2.5
C-002162850,S-0102,-48.31795378688891,0,1,女性,54,3,12,0.25,63926,1,16,4383474.364435211,10.484931506849314,7.5
C-002383950,S-0099,-67.38375948951405,1,1,女性,48,2,12,0.4166666666666667,0,0,13,4464126.154078853,8.147945205479452,5.0
C-000210925,S-0075,-47.83262123393842,0,1,男性,42,12,12,0.4166666666666667,62015,2,19,4506647.2743158825,4.526027397260274,1.0
C-000759510,S-0121,-93.58552944082385,1,1,男性,41,9,12,0.25,13680,2,14,4716268.25678644,9.856164383561644,7.0
C-000691909,S-0012,-92.31750959341181,1,1,女性,56,9,12,0.0833333333333333,0,0,16,4444678.825084195,7.994520547945205,5.0
C-000499345,S-0117,-25.424222293301842,0,1,女性,60,10,12,0.1666666666666666,29006,2,20,4500859.737076383,9.593150684931507,7.0
C-001445917,S-0072,-100.0,1,1,女性,35,6,12,0.0833333333333333,28079,1,12,4406797.312641796,9.01917808219178,6.0
C-000978583,S-0113,-100.0,1,1,男性,20,8,12,0.5,0,0,16,4336633.961311346,5.77945205479452,2.5
C-001436433,S-0063,-38.356035977690766,0,1,女性,42,6,12,0.1666666666666666,33909,1,18,4564012.176421695,5.749315068493151,3.0
C-000135811,S-0056,-48.01398783358105,0,1,女性,46,12,12,0.5,20131,1,15,4406070.585753419,7.528767123287671,4.0
C-002368514,S-0014,-37.67536682850935,0,1,男性,55,2,12,0.25,9215,2,21,4730192.353344672,7.336986301369863,4.0
C-000622179,S-0036,-46.35512651747843,0,1,女性,55,10,12,0.0833333333333333,58083,2,19,4397834.424680548,11.123287671232877,9.0
C-001317585,S-0007,-28.274799537798945,0,1,女性,56,7,12,0.1666666666666666,4918,1,21,4487075.727367008,3.7260273972602738,1.0
C-002286145,S-0039,-100.0,1,1,女性,41,2,12,0.25,0,0,16,4591288.568998441,8.193150684931506,5.0
C-000010004,S-0089,-100.0,1,1,男性,47,12,12,0.5,0,0,19,4721110.949352573,10.142465753424657,7.0
C-000544448,S-0018,-41.24277469105204,0,1,男性,32,10,12,0.1666666666666666,64900,1,16,4493108.581950108,7.550684931506849,5.0
C-000787319,S-0007,-23.27810303998025,0,1,女性,56,9,12,0.0833333333333333,0,0,21,4487075.727367008,3.7260273972602738,1.0
C-000747790,S-0111,-53.81453558915352,1,1,男性,31,9,12,0.0833333333333333,0,0,19,4489501.980758176,6.397260273972603,4.0
C-000501667,S-0074,-84.25834358442478,1,1,男性,44,10,12,0.0833333333333333,12493,1,14,4614054.39694187,8.308219178082192,6.0
C-000160093,S-0096,-30.21996769864198,0,1,男性,57,12,12,0.5,0,0,16,4644856.458098179,8.302739726027397,5.0
C-002512552,S-0106,-100.0,1,1,女性,47,1,12,0.1666666666666666,20321,1,20,4462729.145118021,6.171232876712329,3.5
C-000673459,S-0018,-29.36480845751736,0,1,男性,69,10,12,0.5,5010,2,16,4493108.581950108,7.550684931506849,5.0
C-001193035,S-0085,-100.0,1,1,女性,49,7,12,0.1666666666666666,7833,2,15,4606655.398026554,4.928767123287671,2.0
C-000560762,S-0080,-69.36700054828117,1,1,男性,59,10,12,0.4166666666666667,0,0,17,4457429.264950683,11.673972602739726,9.0
C-002241680,S-0096,-93.39975773914152,1,1,女性,46,3,12,0.25,0,0,16,4644856.458098179,8.302739726027397,5.0
C-000590489,S-0030,-100.0,1,1,女性,54,10,12,0.25,0,0,22,4426478.045479023,9.236986301369862,5.5
C-000888141,S-0062,-43.62375929954119,0,1,女性,54,9,12,0.25,1606,1,15,4713869.782113416,4.575342465753424,1.0
C-001259577,S-0054,-11.404040387540041,0,1,女性,66,7,12,0.5,0,0,23,4489160.181517739,6.358904109589041,4.0
C-001267314,S-0074,-29.015258991761918,0,1,女性,40,7,12,0.25,0,0,14,4614054.39694187,8.308219178082192,6.0
C-002103495,S-0041,-25.849905846690856,0,1,女性,42,3,12,0.3333333333333333,25436,1,17,4828489.286769263,10.389041095890411,7.0
C-000675468,S-0111,-69.60302628406076,1,1,女性,52,10,12,0.1666666666666666,664,2,19,4489501.980758176,6.397260273972603,4.0
C-000669713,S-0014,-100.0,1,1,女性,44,10,12,0.0833333333333333,0,0,21,4730192.353344672,7.336986301369863,4.0
C-001143457,S-0111,-8.200082155618448,0,1,女性,42,7,12,0.0,18557,1,19,4489501.980758176,6.397260273972603,4.0
C-001674969,S-0050,-26.51672763179958,0,1,女性,36,5,12,0.25,0,0,20,4615411.181286601,9.2013698630137,6.0
C-001347633,S-0113,-21.489024852812637,0,1,男性,46,7,12,0.0833333333333333,1658,2,16,4336633.961311346,5.77945205479452,2.5
C-002096611,S-0018,-38.28182707326687,0,1,女性,54,3,12,0.0833333333333333,0,0,16,4493108.581950108,7.550684931506849,5.0
C-002468214,S-0115,-100.0,1,1,男性,71,2,12,0.1666666666666666,17488,1,14,4553643.099564746,10.51095890410959,7.0
C-001757865,S-0036,-40.1572738113288,0,1,男性,80,5,12,0.5833333333333334,3178,1,19,4397834.424680548,11.123287671232877,9.0
C-002197698,S-0115,-100.0,1,1,女性,71,3,12,0.0833333333333333,1858,2,14,4553643.099564746,10.51095890410959,7.0
C-000424580,S-0089,-21.998227843198016,0,1,女性,44,11,12,0.5833333333333334,0,0,19,4721110.949352573,10.142465753424657,7.0
C-000415441,S-0097,-88.58524133663367,1,1,女性,56,11,12,0.1666666666666666,148344,2,21,4592508.716501317,10.09041095890411,7.0
C-001481080,S-0074,-67.58756863487598,1,1,女性,50,6,12,0.1666666666666666,18173,2,14,4614054.39694187,8.308219178082192,6.0
C-001789747,S-0036,-100.0,1,1,女性,43,5,12,0.3333333333333333,0,0,19,4397834.424680548,11.123287671232877,9.0
C-001059250,S-0121,-21.550091854790537,0,1,男性,57,8,12,0.6666666666666666,0,0,14,4716268.25678644,9.856164383561644,7.0
C-001355874,S-0012,-66.62548562151896,1,1,男性,44,6,12,0.0833333333333333,1738,2,16,4444678.825084195,7.994520547945205,5.0
C-001808705,S-0074,-70.65521601812287,1,1,女性,63,4,12,0.0,0,0,14,4614054.39694187,8.308219178082192,6.0
C-002303255,S-0085,-24.775606276172553,0,1,女性,47,2,12,0.0833333333333333,42300,1,15,4606655.398026554,4.928767123287671,2.0
C-002237988,S-0080,-99.24319088023388,1,1,男性,49,3,12,0.3333333333333333,0,0,17,4457429.264950683,11.673972602739726,9.0
C-000852249,S-0097,-32.137645452126186,0,1,女性,59,9,12,0.25,0,0,21,4592508.716501317,10.09041095890411,7.0
C-000187730,S-0050,-100.0,1,1,女性,56,12,12,0.3333333333333333,0,0,20,4615411.181286601,9.2013698630137,6.0
C-001596258,S-0121,-46.11068804873678,0,1,女性,49,5,12,0.3333333333333333,0,0,14,4716268.25678644,9.856164383561644,7.0
C-000086469,S-0072,-68.8428165179982,1,1,女性,50,12,12,0.5,38341,1,12,4406797.312641796,9.01917808219178,6.0
C-002269780,S-0089,-72.13805159718176,1,1,女性,31,2,12,0.4166666666666667,0,0,19,4721110.949352573,10.142465753424657,7.0
C-000755484,S-0111,-21.510894821849526,0,1,女性,55,9,12,0.1666666666666666,494,2,19,4489501.980758176,6.397260273972603,4.0
C-000821715,S-0115,-35.285548594038744,0,1,男性,26,9,12,0.3333333333333333,10656,1,14,4553643.099564746,10.51095890410959,7.0
C-000019956,S-0063,-100.0,1,1,男性,51,12,12,0.25,0,0,18,4564012.176421695,5.749315068493151,3.0
C-002371560,S-0054,-17.93584281411427,0,1,女性,55,2,12,0.25,32694,1,23,4489160.181517739,6.358904109589041,4.0
C-000214274,S-0012,-27.40315907229683,0,1,男性,41,12,12,0.1666666666666666,94407,1,16,4444678.825084195,7.994520547945205,5.0
C-002531266,S-0059,-19.728433189211447,0,1,女性,39,1,12,0.25,28364,1,14,4713188.969095345,6.8123287671232875,3.0
C-000087572,S-0115,-18.96348440937608,0,1,女性,59,12,12,0.25,4419,1,14,4553643.099564746,10.51095890410959,7.0
C-002030041,S-0111,-75.72854528955864,1,1,女性,62,3,12,0.25,28633,1,19,4489501.980758176,6.397260273972603,4.0
C-002416451,S-0097,-68.38867575076068,1,1,女性,59,2,12,0.25,0,0,21,4592508.716501317,10.09041095890411,7.0
C-002116284,S-0074,-100.0,1,1,男性,32,3,12,0.3333333333333333,0,0,14,4614054.39694187,8.308219178082192,6.0
C-001050801,S-0115,-94.55505267444809,1,1,男性,36,8,12,0.1666666666666666,21868,1,14,4553643.099564746,10.51095890410959,7.0
C-002581075,S-0072,-56.80385956002863,1,1,男性,65,1,12,0.0833333333333333,60868,1,12,4406797.312641796,9.01917808219178,6.0
C-002495949,S-0048,-100.0,1,1,女性,57,1,12,0.5,0,0,15,4502249.082895545,3.671232876712329,1.0
C-002611934,S-0056,-77.82623684189429,1,1,男性,66,1,12,0.5,3769,1,15,4406070.585753419,7.528767123287671,4.0
C-001235517,S-0131,-23.129500816048836,0,1,女性,44,7,12,0.3333333333333333,0,0,17,4569023.5643747775,5.13972602739726,2.0
C-001265402,S-0089,-100.0,1,1,男性,50,7,12,0.1666666666666666,79445,2,19,4721110.949352573,10.142465753424657,7.0
C-002672584,S-0115,-98.1159749947056,1,1,女性,29,1,12,0.0833333333333333,8036,1,14,4553643.099564746,10.51095890410959,7.0
C-002463084,S-0115,-12.595474480973811,0,1,男性,61,2,12,0.1666666666666666,0,0,14,4553643.099564746,10.51095890410959,7.0
C-000475587,S-0018,-28.67830607897175,0,1,女性,49,10,12,0.1666666666666666,5578,1,16,4493108.581950108,7.550684931506849,5.0
C-000024871,S-0102,-38.29609292708618,0,1,女性,77,12,12,0.0833333333333333,0,0,16,4383474.364435211,10.484931506849314,7.5
C-001225330,S-0097,-19.86566182632031,0,1,女性,32,7,12,0.5833333333333334,0,0,21,4592508.716501317,10.09041095890411,7.0
C-002095212,S-0039,-100.0,1,1,女性,45,3,12,0.1666666666666666,-1342,2,16,4591288.568998441,8.193150684931506,5.0
C-001945584,S-0007,-66.7783040488923,1,1,男性,43,4,12,0.3333333333333333,0,0,21,4487075.727367008,3.7260273972602738,1.0
C-000804047,S-0089,-13.46890882928727,0,1,男性,38,9,12,0.1666666666666666,0,0,19,4721110.949352573,10.142465753424657,7.0
C-001449525,S-0072,-23.79195939336311,0,1,男性,40,6,12,0.25,0,0,12,4406797.312641796,9.01917808219178,6.0
C-002587336,S-0072,-100.0,1,1,男性,49,1,12,0.5,5446,1,12,4406797.312641796,9.01917808219178,6.0
C-000319768,S-0059,-17.75915918893461,0,1,男性,46,11,12,0.0833333333333333,0,0,14,4713188.969095345,6.8123287671232875,3.0
C-001952822,S-0005,-100.0,1,1,女性,68,4,12,0.3333333333333333,0,0,21,4733942.970761149,4.69041095890411,2.0
C-000504912,S-0048,-35.54658625585188,0,1,男性,41,10,12,0.25,17270,2,15,4502249.082895545,3.671232876712329,1.0
C-001027941,S-0096,-100.0,1,1,女性,54,8,12,0.0,0,0,16,4644856.458098179,8.302739726027397,5.0
C-002429099,S-0102,-37.42624341883254,0,1,女性,45,2,12,0.1666666666666666,0,0,16,4383474.364435211,10.484931506849314,7.5
C-000768552,S-0089,-100.0,1,1,女性,47,9,12,0.25,0,0,19,4721110.949352573,10.142465753424657,7.0
C-000488603,S-0102,-66.92068671278383,1,1,男性,54,10,12,0.0833333333333333,14849,1,16,4383474.364435211,10.484931506849314,7.5
C-002589277,S-0014,-75.68499754816884,1,1,男性,53,1,12,0.3333333333333333,20194,1,21,4730192.353344672,7.336986301369863,4.0
C-001274042,S-0117,-35.754658796162005,0,1,女性,57,7,12,0.25,43778,2,20,4500859.737076383,9.593150684931507,7.0
C-000468805,S-0056,-100.0,1,1,男性,33,10,12,0.0833333333333333,12469,1,15,4406070.585753419,7.528767123287671,4.0
C-001740039,S-0113,-36.46793572875938,0,1,男性,42,5,12,0.1666666666666666,0,0,16,4336633.961311346,5.77945205479452,2.5
C-000326260,S-0102,-62.436412956212486,1,1,女性,64,11,12,0.0833333333333333,0,0,16,4383474.364435211,10.484931506849314,7.5
C-000037100,S-0036,-99.00562592391708,1,1,男性,53,12,12,0.0833333333333333,35121,1,19,4397834.424680548,11.123287671232877,9.0
C-001291506,S-0056,-47.708833988323136,0,1,女性,40,7,12,0.25,0,0,15,4406070.585753419,7.528767123287671,4.0
C-001839947,S-0059,-17.970271956545673,0,1,女性,47,4,12,0.0833333333333333,0,0,14,4713188.969095345,6.8123287671232875,3.0
C-000318405,S-0036,-59.63383537267708,1,1,女性,35,11,12,0.0833333333333333,24797,2,19,4397834.424680548,11.123287671232877,9.0
C-000135817,S-0099,-86.26107399868116,1,1,女性,59,12,12,0.3333333333333333,19979,2,13,4464126.154078853,8.147945205479452,5.0
C-000399080,S-0085,-9.066958590417205,0,1,男性,58,11,12,0.75,32597,1,15,4606655.398026554,4.928767123287671,2.0
C-000286727,S-0115,-54.877133949361934,1,1,男性,36,11,12,0.25,80662,2,14,4553643.099564746,10.51095890410959,7.0
C-001847868,S-0050,-57.30959634424981,1,1,女性,35,4,12,0.1666666666666666,53918,1,20,4615411.181286601,9.2013698630137,6.0
C-002693079,S-0062,-62.200226481566915,1,1,女性,52,1,12,0.25,8889,2,15,4713869.782113416,4.575342465753424,1.0
C-000030405,S-0089,-23.045721217368563,0,1,男性,46,12,12,0.25,939,2,19,4721110.949352573,10.142465753424657,7.0
C-000659155,S-0040,-12.529490996130782,0,1,男性,52,10,12,0.25,12603,1,20,4550116.0180538,8.163013698630138,4.0
C-000873670,S-0018,-41.449644315453476,0,1,女性,38,9,12,0.1666666666666666,0,0,16,4493108.581950108,7.550684931506849,5.0
C-001212200,S-0115,-16.35356438258276,0,1,女性,60,7,12,0.25,2404,1,14,4553643.099564746,10.51095890410959,7.0
C-000798475,S-0102,-78.53832582879112,1,1,男性,50,9,12,0.1666666666666666,25249,1,16,4383474.364435211,10.484931506849314,7.5
C-001318707,S-0039,-99.93310110959884,1,1,男性,45,7,12,0.4166666666666667,0,0,16,4591288.568998441,8.193150684931506,5.0
C-002145969,S-0036,-100.0,1,1,女性,61,3,12,0.0833333333333333,0,0,19,4397834.424680548,11.123287671232877,9.0
C-002461597,S-0002,-62.49905374165109,1,1,男性,61,2,12,0.3333333333333333,6245,1,15,4455566.655169959,5.663013698630137,2.0
C-001128670,S-0020,-100.0,1,1,男性,31,7,12,0.1666666666666666,0,0,16,4280702.057267675,6.986301369863014,3.5
C-001453124,S-0002,-24.96374576366244,0,1,女性,41,6,12,0.25,59565,1,15,4455566.655169959,5.663013698630137,2.0
C-000874198,S-0017,-55.747924420269115,1,1,女性,34,9,12,0.1666666666666666,3399,1,20,4640207.03550726,5.608219178082192,2.5
C-000167142,S-0014,-30.92522391294792,0,1,男性,55,12,12,0.25,0,0,21,4730192.353344672,7.336986301369863,4.0
C-001443471,S-0017,-100.0,1,1,女性,39,6,12,0.5833333333333334,0,0,20,4640207.03550726,5.608219178082192,2.5
C-000423283,S-0056,-63.565228213185655,1,1,女性,41,11,12,0.1666666666666666,0,0,15,4406070.585753419,7.528767123287671,4.0
C-001769104,S-0056,-100.0,1,1,女性,51,5,12,0.25,34725,1,15,4406070.585753419,7.528767123287671,4.0
C-000969268,S-0040,-26.89822870115068,0,1,女性,36,8,12,0.0833333333333333,25637,2,20,4550116.0180538,8.163013698630138,4.0
C-002526454,S-0099,-19.278517592238327,0,1,男性,66,1,12,0.1666666666666666,12,2,13,4464126.154078853,8.147945205479452,5.0
C-000606589,S-0111,-32.05042517453809,0,1,女性,25,10,12,0.3333333333333333,15277,1,19,4489501.980758176,6.397260273972603,4.0
C-001784380,S-0018,-21.51845304918992,0,1,女性,54,5,12,0.5,0,0,16,4493108.581950108,7.550684931506849,5.0
C-002014394,S-0097,-93.91654418812703,1,1,男性,66,4,12,0.1666666666666666,0,0,21,4592508.716501317,10.09041095890411,7.0
C-000770294,S-0074,-100.0,1,1,女性,38,9,12,0.25,0,0,14,4614054.39694187,8.308219178082192,6.0
C-002388368,S-0074,-42.51001376893228,0,1,女性,40,2,12,0.3333333333333333,5642,1,14,4614054.39694187,8.308219178082192,6.0
C-002300979,S-0014,-54.113100519358056,1,1,女性,65,2,12,0.1666666666666666,2424,1,21,4730192.353344672,7.336986301369863,4.0
C-001677477,S-0020,-15.764990487882896,0,1,男性,67,5,12,0.5833333333333334,16087,1,16,4280702.057267675,6.986301369863014,3.5
C-001198768,S-0056,-68.58832051971116,1,1,女性,75,7,12,0.4166666666666667,0,0,15,4406070.585753419,7.528767123287671,4.0
C-001710631,S-0020,-47.234486423365325,0,1,男性,59,5,12,0.5833333333333334,2184,1,16,4280702.057267675,6.986301369863014,3.5
C-002488357,S-0040,-100.0,1,1,男性,53,1,12,0.1666666666666666,0,0,20,4550116.0180538,8.163013698630138,4.0
C-000532356,S-0074,-100.0,1,1,女性,60,10,12,0.1666666666666666,0,0,14,4614054.39694187,8.308219178082192,6.0
C-001432581,S-0041,-33.143075171620104,0,1,女性,63,6,12,0.0833333333333333,18810,1,17,4828489.286769263,10.389041095890411,7.0
C-001420012,S-0018,-24.318886576218485,0,1,女性,76,6,12,0.1666666666666666,0,0,16,4493108.581950108,7.550684931506849,5.0
C-001652291,S-0050,-27.07123600165906,0,1,女性,28,5,12,0.4166666666666667,16245,2,20,4615411.181286601,9.2013698630137,6.0
C-002157174,S-0036,-36.71559202218457,0,1,女性,43,3,12,0.1666666666666666,0,0,19,4397834.424680548,11.123287671232877,9.0
C-001209969,S-0020,-21.387056924289855,0,1,男性,58,7,12,0.4166666666666667,0,0,16,4280702.057267675,6.986301369863014,3.5
C-001485136,S-0014,-100.0,1,1,女性,48,6,12,0.4166666666666667,0,0,21,4730192.353344672,7.336986301369863,4.0
C-000850234,S-0117,-33.112883547691865,0,1,女性,38,9,12,0.3333333333333333,18009,2,20,4500859.737076383,9.593150684931507,7.0
C-001927450,S-0012,-35.63913640503584,0,1,男性,33,4,12,0.25,34481,2,16,4444678.825084195,7.994520547945205,5.0
C-000296027,S-0113,-100.0,1,1,男性,56,11,12,0.3333333333333333,0,0,16,4336633.961311346,5.77945205479452,2.5
C-000064425,S-0089,-36.3467592554137,0,1,女性,46,12,12,0.1666666666666666,15378,1,19,4721110.949352573,10.142465753424657,7.0
C-002320577,S-0102,-30.528703611580937,0,1,女性,50,2,12,0.1666666666666666,78701,2,16,4383474.364435211,10.484931506849314,7.5
C-001317429,S-0080,-100.0,1,1,女性,31,7,12,0.6666666666666666,27351,1,17,4457429.264950683,11.673972602739726,9.0
C-000159958,S-0113,-69.99146313230698,1,1,女性,41,12,12,0.25,655,2,16,4336633.961311346,5.77945205479452,2.5
C-001137841,S-0100,-35.77530685065368,0,1,女性,39,7,12,0.4166666666666667,22298,2,17,4535925.154217558,4.720547945205479,2.0
C-000377445,S-0113,-9.496334451571501,0,1,男性,44,11,12,0.75,10034,1,16,4336633.961311346,5.77945205479452,2.5
C-002206370,S-0054,-86.83730947647449,1,1,男性,52,3,12,0.1666666666666666,0,0,23,4489160.181517739,6.358904109589041,4.0
C-002405715,S-0020,-100.0,1,1,女性,39,2,12,0.5,0,0,16,4280702.057267675,6.986301369863014,3.5
C-000480715,S-0012,-73.50822855597752,1,1,女性,31,10,12,0.3333333333333333,0,0,16,4444678.825084195,7.994520547945205,5.0
C-002237215,S-0036,-64.79406338181029,1,1,女性,56,3,12,0.25,11001,1,19,4397834.424680548,11.123287671232877,9.0
C-002618288,S-0012,-100.0,1,1,女性,42,1,12,0.6666666666666666,0,0,16,4444678.825084195,7.994520547945205,5.0
C-000060182,S-0018,-98.44013668579143,1,1,男性,42,12,12,0.25,0,0,16,4493108.581950108,7.550684931506849,5.0
C-001414207,S-0059,-71.91747198339341,1,1,男性,49,6,12,1.0,0,0,14,4713188.969095345,6.8123287671232875,3.0
C-002559852,S-0018,-28.644135970345047,0,1,女性,59,1,12,0.4166666666666667,14416,1,16,4493108.581950108,7.550684931506849,5.0
C-001178440,S-0106,-51.788579632511734,1,1,女性,50,7,12,0.1666666666666666,39163,1,20,4462729.145118021,6.171232876712329,3.5
C-001180139,S-0099,-100.0,1,1,女性,42,7,12,0.1666666666666666,12533,1,13,4464126.154078853,8.147945205479452,5.0
C-000798921,S-0074,-100.0,1,1,女性,52,9,12,0.25,0,0,14,4614054.39694187,8.308219178082192,6.0
C-002078214,S-0121,-87.65966741692546,1,1,女性,56,3,12,0.0833333333333333,12444,1,14,4716268.25678644,9.856164383561644,7.0
C-002598407,S-0012,-34.86114697528111,0,1,男性,24,1,12,0.0,88874,2,16,4444678.825084195,7.994520547945205,5.0
C-001558630,S-0082,-35.25617311411539,0,1,男性,21,6,12,0.1666666666666666,20706,1,17,4607261.71451126,4.758904109589041,2.0
C-001243566,S-0100,-34.36753555031365,0,1,男性,17,7,12,0.5,0,0,17,4535925.154217558,4.720547945205479,2.0
C-001198744,S-0131,-34.80650622042291,0,1,女性,75,7,12,0.1666666666666666,0,0,17,4569023.5643747775,5.13972602739726,2.0
C-001792917,S-0014,-45.66973592772759,0,1,女性,22,5,12,0.25,0,0,21,4730192.353344672,7.336986301369863,4.0
C-001810807,S-0075,-28.607680938606745,0,1,男性,46,4,12,0.5833333333333334,2882,2,19,4506647.2743158825,4.526027397260274,1.0
C-001855108,S-0018,-12.019293183799237,0,1,女性,34,4,12,0.1666666666666666,11086,1,16,4493108.581950108,7.550684931506849,5.0
C-000032191,S-0036,-38.485936981402766,0,1,女性,51,12,12,0.0833333333333333,2188,1,19,4397834.424680548,11.123287671232877,9.0
C-002161332,S-0004,-59.28856123947376,1,1,男性,52,3,12,0.3333333333333333,12102,2,22,4423576.351309,11.806849315068494,9.0
C-002391235,S-0014,-62.33089919536404,1,1,女性,36,2,12,0.0,20219,2,21,4730192.353344672,7.336986301369863,4.0
C-001143227,S-0111,-48.59937779480439,0,1,女性,28,7,12,0.5833333333333334,1668,1,19,4489501.980758176,6.397260273972603,4.0
C-001387892,S-0050,-34.07866037558263,0,1,女性,57,6,12,0.5,0,0,20,4615411.181286601,9.2013698630137,6.0
C-001907494,S-0080,-59.040251077418596,1,1,女性,37,4,12,0.1666666666666666,1594,1,17,4457429.264950683,11.673972602739726,9.0
C-000626782,S-0062,-52.75843870417363,1,1,女性,43,10,12,0.3333333333333333,0,0,15,4713869.782113416,4.575342465753424,1.0
C-000312458,S-0089,-59.43236811582611,1,1,女性,43,11,12,0.8333333333333334,0,0,19,4721110.949352573,10.142465753424657,7.0
C-002354220,S-0115,-82.16386163530686,1,1,男性,52,2,12,0.6666666666666666,13894,1,14,4553643.099564746,10.51095890410959,7.0
C-001925667,S-0002,-100.0,1,1,男性,42,4,12,0.5,11428,2,15,4455566.655169959,5.663013698630137,2.0
C-001348933,S-0074,-100.0,1,1,女性,52,7,12,0.25,52024,1,14,4614054.39694187,8.308219178082192,6.0
C-001524241,S-0020,-100.0,1,1,女性,80,6,12,0.0,0,0,16,4280702.057267675,6.986301369863014,3.5
C-001692720,S-0102,-100.0,1,1,男性,52,5,12,0.4166666666666667,0,0,16,4383474.364435211,10.484931506849314,7.5
C-002400704,S-0096,-100.0,1,1,女性,45,2,12,0.4166666666666667,65051,1,16,4644856.458098179,8.302739726027397,5.0
C-001647075,S-0089,-18.610527377040402,0,1,女性,51,5,12,0.25,1785,2,19,4721110.949352573,10.142465753424657,7.0
C-002056808,S-0050,-30.619866614961623,0,1,女性,56,3,12,0.6666666666666666,11905,2,20,4615411.181286601,9.2013698630137,6.0
C-000253722,S-0099,-31.636886026503962,0,1,女性,46,11,12,0.0833333333333333,2313,2,13,4464126.154078853,8.147945205479452,5.0
C-002277064,S-0005,-40.40071651297021,0,1,女性,32,2,12,0.6666666666666666,21936,2,21,4733942.970761149,4.69041095890411,2.0
C-000626075,S-0075,-11.011549586358948,0,1,女性,63,10,12,0.1666666666666666,17976,2,19,4506647.2743158825,4.526027397260274,1.0
C-002318051,S-0039,-12.45784721487614,0,1,男性,42,2,12,0.1666666666666666,5520,2,16,4591288.568998441,8.193150684931506,5.0
C-001872587,S-0121,-14.267251323463714,0,1,女性,47,4,12,0.1666666666666666,0,0,14,4716268.25678644,9.856164383561644,7.0
C-002365520,S-0121,-100.0,1,1,女性,55,2,12,0.0833333333333333,0,0,14,4716268.25678644,9.856164383561644,7.0
C-002399982,S-0072,-65.72890375759346,1,1,女性,34,2,12,0.4166666666666667,2480,1,12,4406797.312641796,9.01917808219178,6.0
C-000769218,S-0014,-100.0,1,1,女性,49,9,12,0.1666666666666666,93865,1,21,4730192.353344672,7.336986301369863,4.0
C-000961078,S-0096,-100.0,1,1,男性,51,8,12,0.3333333333333333,0,0,16,4644856.458098179,8.302739726027397,5.0
C-002342092,S-0096,-76.45744854913175,1,1,男性,56,2,12,0.0,7060,1,16,4644856.458098179,8.302739726027397,5.0
C-002422775,S-0062,-94.74686701637164,1,1,女性,59,2,12,1.0,15079,1,15,4713869.782113416,4.575342465753424,1.0
C-001311347,S-0041,-100.0,1,1,女性,45,7,12,0.25,0,0,17,4828489.286769263,10.389041095890411,7.0
C-002447763,S-0106,-93.79423627654177,1,1,女性,34,2,12,0.8333333333333334,15741,1,20,4462729.145118021,6.171232876712329,3.5
C-001288775,S-0040,-42.683281613653996,0,1,女性,47,7,12,0.25,12291,2,20,4550116.0180538,8.163013698630138,4.0
C-001190022,S-0099,-19.656591190232884,0,1,男性,49,7,12,0.5,8488,2,13,4464126.154078853,8.147945205479452,5.0
C-000787604,S-0080,-19.43630693133855,0,1,女性,62,9,12,0.1666666666666666,30408,2,17,4457429.264950683,11.673972602739726,9.0
C-000313019,S-0007,-23.159951996034145,0,1,女性,19,11,12,0.3333333333333333,0,0,21,4487075.727367008,3.7260273972602738,1.0
C-000371145,S-0080,-36.750399303034705,0,1,女性,50,11,12,0.1666666666666666,10469,1,17,4457429.264950683,11.673972602739726,9.0
C-000314854,S-0019,-21.497629450590313,0,1,男性,60,11,12,0.8333333333333334,11597,1,19,4327199.920883598,4.090410958904109,1.0
C-002233391,S-0050,-9.758988115343225,0,1,女性,48,3,12,0.25,32807,2,20,4615411.181286601,9.2013698630137,6.0
C-000987173,S-0072,-69.40186881930104,1,1,女性,62,8,12,0.0,27485,1,12,4406797.312641796,9.01917808219178,6.0
C-000181559,S-0117,-48.214680915709835,0,1,女性,50,12,12,0.1666666666666666,0,0,20,4500859.737076383,9.593150684931507,7.0
C-002642479,S-0079,-76.51699420339122,1,1,女性,53,1,12,0.25,0,0,13,4256656.371085242,8.479452054794521,6.0
C-000412105,S-0041,-48.11352440662785,0,1,女性,20,11,12,0.5,0,0,17,4828489.286769263,10.389041095890411,7.0
C-000473314,S-0106,-100.0,1,1,女性,68,10,12,0.0833333333333333,0,0,20,4462729.145118021,6.171232876712329,3.5
C-002455099,S-0048,-27.26526760083367,0,1,女性,40,2,12,0.25,26592,1,15,4502249.082895545,3.671232876712329,1.0
C-002164617,S-0012,-16.492412464218763,0,1,女性,32,3,12,0.25,0,0,16,4444678.825084195,7.994520547945205,5.0
C-002481378,S-0131,-30.29018760966392,0,1,男性,45,1,12,0.5,0,0,17,4569023.5643747775,5.13972602739726,2.0
C-001064702,S-0004,-62.473768759859325,1,1,男性,63,8,12,0.0833333333333333,0,0,22,4423576.351309,11.806849315068494,9.0
C-001393621,S-0106,-13.473459809485291,0,1,女性,35,6,12,0.25,5430,1,20,4462729.145118021,6.171232876712329,3.5
C-002645189,S-0121,-45.451191061878085,0,1,男性,50,1,12,0.4166666666666667,16832,2,14,4716268.25678644,9.856164383561644,7.0
C-001261714,S-0012,-45.01538091391844,0,1,男性,49,7,12,0.3333333333333333,0,0,16,4444678.825084195,7.994520547945205,5.0
C-000643773,S-0063,-30.88184941171159,0,1,男性,59,10,12,0.3333333333333333,0,0,18,4564012.176421695,5.749315068493151,3.0
C-001959887,S-0005,-100.0,1,1,男性,78,4,12,0.4166666666666667,25985,2,21,4733942.970761149,4.69041095890411,2.0
C-000003218,S-0059,-27.32366985250458,0,1,女性,22,12,12,0.3333333333333333,63902,2,14,4713188.969095345,6.8123287671232875,3.0
C-001071717,S-0014,-72.68428358059289,1,1,女性,58,8,12,0.0833333333333333,12111,1,21,4730192.353344672,7.336986301369863,4.0
C-001778831,S-0007,-66.93070140618046,1,1,女性,43,5,12,0.9166666666666666,58143,1,21,4487075.727367008,3.7260273972602738,1.0
C-001310651,S-0018,-19.118674652744506,0,1,女性,29,7,12,0.1666666666666666,50688,1,16,4493108.581950108,7.550684931506849,5.0
C-000577104,S-0106,-100.0,1,1,男性,45,10,12,0.25,13145,1,20,4462729.145118021,6.171232876712329,3.5
C-002215757,S-0020,-100.0,1,1,男性,59,3,12,0.1666666666666666,0,0,16,4280702.057267675,6.986301369863014,3.5
C-000384867,S-0036,-20.96010222536411,0,1,男性,38,11,12,0.4166666666666667,0,0,19,4397834.424680548,11.123287671232877,9.0
C-000168441,S-0117,-100.0,1,1,女性,40,12,12,0.25,7959,1,20,4500859.737076383,9.593150684931507,7.0
C-002013688,S-0102,-36.34488810881965,0,1,男性,57,4,12,0.3333333333333333,7994,2,16,4383474.364435211,10.484931506849314,7.5
C-000530610,S-0018,-100.0,1,1,男性,56,10,12,0.0833333333333333,0,0,16,4493108.581950108,7.550684931506849,5.0
C-000763537,S-0115,-69.44650608371005,1,1,男性,34,9,12,0.3333333333333333,0,0,14,4553643.099564746,10.51095890410959,7.0
C-001579510,S-0002,-80.37100816433217,1,1,男性,37,5,12,0.3333333333333333,7909,2,15,4455566.655169959,5.663013698630137,2.0
C-002477978,S-0100,-19.60899605484236,0,1,男性,52,1,12,0.3333333333333333,17525,1,17,4535925.154217558,4.720547945205479,2.0
C-002101424,S-0111,-53.921955474331284,1,1,女性,57,3,12,0.5,6653,2,19,4489501.980758176,6.397260273972603,4.0
C-001764127,S-0041,-37.032655612999356,0,1,男性,48,5,12,0.25,58205,1,17,4828489.286769263,10.389041095890411,7.0
C-001583123,S-0007,-100.0,1,1,女性,35,5,12,0.25,0,0,21,4487075.727367008,3.7260273972602738,1.0
C-000490621,S-0008,-23.21034520905264,0,1,女性,59,10,12,0.5,36226,1,22,4498453.308937302,10.772602739726027,7.0
C-000723022,S-0080,-100.0,1,1,女性,44,9,12,0.25,36892,1,17,4457429.264950683,11.673972602739726,9.0
C-000037837,S-0126,-21.74518975952769,0,1,女性,45,12,12,0.0833333333333333,144667,1,17,4493168.352495564,5.53972602739726,3.0
C-000234002,S-0050,-17.28559320165991,0,1,女性,44,11,12,0.25,37491,1,20,4615411.181286601,9.2013698630137,6.0
C-001665873,S-0072,-62.2579245210053,1,1,女性,64,5,12,0.0833333333333333,71257,2,12,4406797.312641796,9.01917808219178,6.0
C-002060043,S-0036,-35.12558855047626,0,1,女性,68,3,12,0.0833333333333333,0,0,19,4397834.424680548,11.123287671232877,9.0
C-001442708,S-0100,-18.545885225803982,0,1,女性,28,6,12,0.25,1812,2,17,4535925.154217558,4.720547945205479,2.0
C-001363829,S-0041,-100.0,1,1,男性,53,6,12,0.3333333333333333,48607,2,17,4828489.286769263,10.389041095890411,7.0
C-000277679,S-0008,-100.0,1,1,女性,32,11,12,0.3333333333333333,8301,1,22,4498453.308937302,10.772602739726027,7.0
C-001997334,S-0072,-75.10391261035348,1,1,女性,36,4,12,0.75,121925,1,12,4406797.312641796,9.01917808219178,6.0
C-001859901,S-0089,-52.2741521946346,1,1,男性,76,4,12,0.4166666666666667,12545,1,19,4721110.949352573,10.142465753424657,7.0
C-000863620,S-0014,-12.661327748491736,0,1,女性,47,9,12,0.1666666666666666,13025,1,21,4730192.353344672,7.336986301369863,4.0
C-001552924,S-0002,-100.0,1,1,女性,53,6,12,0.1666666666666666,14474,2,15,4455566.655169959,5.663013698630137,2.0
C-000082267,S-0063,-25.39929732531711,0,1,女性,44,12,12,0.1666666666666666,0,0,18,4564012.176421695,5.749315068493151,3.0
C-002027922,S-0014,-76.28850745915786,1,1,女性,48,3,12,0.1666666666666666,3441,2,21,4730192.353344672,7.336986301369863,4.0
C-000080737,S-0012,-100.0,1,1,女性,49,12,12,0.1666666666666666,52038,2,16,4444678.825084195,7.994520547945205,5.0
C-002008307,S-0102,-100.0,1,1,男性,68,4,12,0.3333333333333333,0,0,16,4383474.364435211,10.484931506849314,7.5
C-002231405,S-0126,-32.1170382561344,0,1,男性,50,3,12,0.9166666666666666,0,0,17,4493168.352495564,5.53972602739726,3.0
C-000716668,S-0039,-21.60769841640585,0,1,男性,24,9,12,0.25,5304,1,16,4591288.568998441,8.193150684931506,5.0
C-001896624,S-0014,-100.0,1,1,女性,45,4,12,0.25,59474,1,21,4730192.353344672,7.336986301369863,4.0
C-000438365,S-0085,-13.453927300595517,0,1,男性,56,11,12,0.1666666666666666,9597,2,15,4606655.398026554,4.928767123287671,2.0
C-001022694,S-0014,-57.40574695916288,1,1,女性,61,8,12,0.4166666666666667,19933,2,21,4730192.353344672,7.336986301369863,4.0
C-001026868,S-0018,-36.78609501009715,0,1,女性,42,8,12,0.1666666666666666,0,0,16,4493108.581950108,7.550684931506849,5.0
C-001156370,S-0056,-22.453580144958188,0,1,男性,41,7,12,0.3333333333333333,608,1,15,4406070.585753419,7.528767123287671,4.0
C-000298831,S-0040,-33.350855012340084,0,1,女性,54,11,12,0.3333333333333333,0,0,20,4550116.0180538,8.163013698630138,4.0
C-001755920,S-0121,-84.55354028601325,1,1,女性,50,5,12,0.0833333333333333,42255,2,14,4716268.25678644,9.856164383561644,7.0
C-000078751,S-0102,-91.52708804520174,1,1,女性,48,12,12,0.0,5595,1,16,4383474.364435211,10.484931506849314,7.5
C-000802318,S-0106,-52.47378899032371,1,1,女性,30,9,12,0.25,24852,2,20,4462729.145118021,6.171232876712329,3.5
C-002577798,S-0012,-39.3920116015788,0,1,男性,42,1,12,0.25,0,0,16,4444678.825084195,7.994520547945205,5.0
C-000081241,S-0041,-100.0,1,1,女性,56,12,12,0.0833333333333333,0,0,17,4828489.286769263,10.389041095890411,7.0
C-002237744,S-0097,-17.338097444632623,0,1,女性,82,3,12,0.1666666666666666,733,2,21,4592508.716501317,10.09041095890411,7.0
C-000484235,S-0004,-83.07861168245418,1,1,女性,42,10,12,0.4166666666666667,0,0,22,4423576.351309,11.806849315068494,9.0
C-001332244,S-0014,-29.824499351786226,0,1,男性,57,7,12,0.1666666666666666,0,0,21,4730192.353344672,7.336986301369863,4.0
C-001732280,S-0115,-100.0,1,1,男性,46,5,12,0.3333333333333333,0,0,14,4553643.099564746,10.51095890410959,7.0
C-002435392,S-0079,-13.333853103270165,0,1,男性,15,2,12,0.4166666666666667,21727,1,13,4256656.371085242,8.479452054794521,6.0
C-002066546,S-0102,-11.982186328159434,0,1,男性,47,3,12,0.25,3367,1,16,4383474.364435211,10.484931506849314,7.5
C-002191994,S-0018,-57.45622695400214,1,1,女性,45,3,12,0.25,6610,2,16,4493108.581950108,7.550684931506849,5.0
C-000803049,S-0089,-89.70501094937524,1,1,男性,51,9,12,0.25,7352,1,19,4721110.949352573,10.142465753424657,7.0
C-000453030,S-0115,-26.764317205077237,0,1,男性,41,10,12,0.1666666666666666,60947,1,14,4553643.099564746,10.51095890410959,7.0
C-000542563,S-0018,-56.82342929289407,1,1,女性,38,10,12,0.3333333333333333,6730,2,16,4493108.581950108,7.550684931506849,5.0
C-000596908,S-0004,-100.0,1,1,女性,32,10,12,0.0833333333333333,7988,1,22,4423576.351309,11.806849315068494,9.0
C-000351490,S-0096,-26.841675121181378,0,1,女性,49,11,12,0.3333333333333333,1099,2,16,4644856.458098179,8.302739726027397,5.0
C-002379812,S-0115,-55.00080736315195,1,1,男性,70,2,12,0.4166666666666667,29208,2,14,4553643.099564746,10.51095890410959,7.0
C-002627994,S-0115,-51.206832339331356,1,1,女性,40,1,12,0.25,32556,1,14,4553643.099564746,10.51095890410959,7.0
C-002516386,S-0106,-100.0,1,1,女性,53,1,12,0.0833333333333333,6174,1,20,4462729.145118021,6.171232876712329,3.5
C-002346288,S-0063,-43.89572566996014,0,1,男性,55,2,12,0.3333333333333333,14488,2,18,4564012.176421695,5.749315068493151,3.0
C-000509475,S-0018,-61.20533911454016,1,1,男性,29,10,12,0.1666666666666666,0,0,16,4493108.581950108,7.550684931506849,5.0
C-001071943,S-0040,-11.839566647109388,0,1,女性,54,8,12,0.0,0,0,20,4550116.0180538,8.163013698630138,4.0
C-002690169,S-0004,-52.854608586541474,1,1,女性,39,1,12,0.25,0,0,22,4423576.351309,11.806849315068494,9.0
C-001182625,S-0004,-27.204803724059694,0,1,女性,44,7,12,0.4166666666666667,68872,2,22,4423576.351309,11.806849315068494,9.0
C-001204235,S-0012,-100.0,1,1,女性,45,7,12,0.1666666666666666,17219,1,16,4444678.825084195,7.994520547945205,5.0
C-000782686,S-0040,-66.99827288428325,1,1,男性,38,9,12,0.4166666666666667,12878,2,20,4550116.0180538,8.163013698630138,4.0
C-002210403,S-0082,-19.11422258079308,0,1,男性,36,3,12,0.0833333333333333,16354,1,17,4607261.71451126,4.758904109589041,2.0
C-000384907,S-0062,-19.322698717343652,0,1,女性,51,11,12,0.1666666666666666,0,0,15,4713869.782113416,4.575342465753424,1.0
C-000957403,S-0008,-20.817564945139477,0,1,女性,49,8,12,0.3333333333333333,16668,1,22,4498453.308937302,10.772602739726027,7.0
C-001179222,S-0111,-53.297979255905624,1,1,男性,38,7,12,0.1666666666666666,24263,1,19,4489501.980758176,6.397260273972603,4.0
C-000523810,S-0039,-30.06511579229665,0,1,女性,43,10,12,0.3333333333333333,12086,1,16,4591288.568998441,8.193150684931506,5.0
C-001005261,S-0054,-32.586989174507565,0,1,女性,56,8,12,0.25,0,0,23,4489160.181517739,6.358904109589041,4.0
C-001802863,S-0131,-21.000869234056534,0,1,女性,39,4,12,0.1666666666666666,83586,1,17,4569023.5643747775,5.13972602739726,2.0
C-001114301,S-0113,-46.07592724268196,0,1,男性,58,8,12,0.0,72887,1,16,4336633.961311346,5.77945205479452,2.5
C-002531824,S-0072,-63.80813046855951,1,1,女性,67,1,12,0.3333333333333333,6370,1,12,4406797.312641796,9.01917808219178,6.0
C-001424642,S-0072,-16.58417107358301,0,1,女性,16,6,12,0.25,0,0,12,4406797.312641796,9.01917808219178,6.0
C-002509548,S-0121,-30.86042540529858,0,1,女性,41,1,12,0.5,0,0,14,4716268.25678644,9.856164383561644,7.0
C-000296470,S-0121,-31.528321953088774,0,1,男性,44,11,12,0.5833333333333334,0,0,14,4716268.25678644,9.856164383561644,7.0
C-001562854,S-0002,-59.2211100040251,1,1,男性,37,6,12,0.4166666666666667,0,0,15,4455566.655169959,5.663013698630137,2.0
C-000109562,S-0004,-68.31073123945269,1,1,女性,42,12,12,0.5,19657,2,22,4423576.351309,11.806849315068494,9.0
C-001218383,S-0007,-39.47504477722178,0,1,女性,63,7,12,0.1666666666666666,17402,2,21,4487075.727367008,3.7260273972602738,1.0
C-001598659,S-0041,-100.0,1,1,女性,58,5,12,0.1666666666666666,5018,1,17,4828489.286769263,10.389041095890411,7.0
C-001306114,S-0048,-100.0,1,1,女性,56,7,12,0.0833333333333333,0,0,15,4502249.082895545,3.671232876712329,1.0
C-000423601,S-0111,-57.36300824656924,1,1,女性,47,11,12,0.1666666666666666,6216,1,19,4489501.980758176,6.397260273972603,4.0
C-002341913,S-0097,-35.24111641879678,0,1,男性,54,2,12,0.0833333333333333,5605,1,21,4592508.716501317,10.09041095890411,7.0
C-001528064,S-0080,-72.82664423416742,1,1,男性,60,6,12,0.4166666666666667,0,0,17,4457429.264950683,11.673972602739726,9.0
C-000848263,S-0014,-67.69062841104008,1,1,女性,24,9,12,0.1666666666666666,0,0,21,4730192.353344672,7.336986301369863,4.0
C-000801841,S-0048,-50.61479571908445,1,1,女性,62,9,12,0.4166666666666667,9340,1,15,4502249.082895545,3.671232876712329,1.0
C-001965106,S-0004,-45.43448940716262,0,1,男性,57,4,12,0.25,1481,2,22,4423576.351309,11.806849315068494,9.0
C-002299297,S-0050,-65.31079938285552,1,1,女性,59,2,12,0.1666666666666666,4859,1,20,4615411.181286601,9.2013698630137,6.0
C-002000364,S-0097,-100.0,1,1,女性,35,4,12,0.0833333333333333,0,0,21,4592508.716501317,10.09041095890411,7.0
C-000587698,S-0036,-21.86118617011185,0,1,女性,59,10,12,0.6666666666666666,3894,1,19,4397834.424680548,11.123287671232877,9.0
C-002386061,S-0004,-39.37374794247872,0,1,男性,51,2,12,0.3333333333333333,12001,2,22,4423576.351309,11.806849315068494,9.0
C-002649479,S-0113,-39.35164267733815,0,1,女性,58,1,12,0.75,25695,1,16,4336633.961311346,5.77945205479452,2.5
C-001233660,S-0074,-18.225897123582875,0,1,男性,60,7,12,0.25,6233,2,14,4614054.39694187,8.308219178082192,6.0
C-001361977,S-0050,-81.25467911423804,1,1,男性,73,6,12,0.3333333333333333,0,0,20,4615411.181286601,9.2013698630137,6.0
C-000441880,S-0036,-13.69068994718908,0,1,男性,54,11,12,0.4166666666666667,1621,2,19,4397834.424680548,11.123287671232877,9.0
C-000375282,S-0012,-30.041233111466685,0,1,女性,44,11,12,0.1666666666666666,1375,1,16,4444678.825084195,7.994520547945205,5.0
C-002092373,S-0056,-100.0,1,1,男性,48,3,12,0.75,2498,1,15,4406070.585753419,7.528767123287671,4.0
C-001106317,S-0117,-53.05198134629001,1,1,女性,45,8,12,0.3333333333333333,0,0,20,4500859.737076383,9.593150684931507,7.0
C-002290460,S-0106,-85.17931962329426,1,1,男性,55,2,12,0.25,4938,1,20,4462729.145118021,6.171232876712329,3.5
C-001512261,S-0063,-30.596867617032565,0,1,女性,41,6,12,0.25,15126,1,18,4564012.176421695,5.749315068493151,3.0
C-001445122,S-0072,-12.548533709368973,0,1,女性,32,6,12,0.0833333333333333,0,0,12,4406797.312641796,9.01917808219178,6.0
C-000997272,S-0100,-45.97362988325504,0,1,男性,54,8,12,0.1666666666666666,12765,1,17,4535925.154217558,4.720547945205479,2.0
C-000594531,S-0074,-78.5153750085434,1,1,男性,58,10,12,0.3333333333333333,11192,1,14,4614054.39694187,8.308219178082192,6.0
C-001842855,S-0050,-100.0,1,1,男性,61,4,12,0.3333333333333333,7802,1,20,4615411.181286601,9.2013698630137,6.0
C-001221149,S-0002,-83.78184456626894,1,1,女性,36,7,12,0.1666666666666666,81654,2,15,4455566.655169959,5.663013698630137,2.0
C-002610309,S-0018,-100.0,1,1,男性,48,1,12,0.5,0,0,16,4493108.581950108,7.550684931506849,5.0
C-002382350,S-0075,-78.20018974247603,1,1,女性,33,2,12,0.0833333333333333,14517,1,19,4506647.2743158825,4.526027397260274,1.0
C-000842265,S-0080,-56.25225730666059,1,1,女性,33,9,12,0.1666666666666666,32126,2,17,4457429.264950683,11.673972602739726,9.0
C-001187566,S-0075,-32.708475222709566,0,1,女性,43,7,12,0.1666666666666666,24363,2,19,4506647.2743158825,4.526027397260274,1.0
C-001616095,S-0005,-36.37765884919553,0,1,男性,50,5,12,0.8333333333333334,6568,1,21,4733942.970761149,4.69041095890411,2.0
C-001090799,S-0002,-64.50444305744124,1,1,女性,58,8,12,0.25,8017,1,15,4455566.655169959,5.663013698630137,2.0
C-002217476,S-0002,-47.51728804956965,0,1,女性,41,3,12,0.1666666666666666,0,0,15,4455566.655169959,5.663013698630137,2.0
C-000785425,S-0002,-100.0,1,1,女性,52,9,12,0.3333333333333333,1196,2,15,4455566.655169959,5.663013698630137,2.0
C-000919295,S-0074,-100.0,1,1,女性,50,8,12,0.4166666666666667,0,0,14,4614054.39694187,8.308219178082192,6.0
C-002081979,S-0089,-100.0,1,1,男性,50,3,12,0.3333333333333333,0,0,19,4721110.949352573,10.142465753424657,7.0
C-002578775,S-0100,-59.31538831284763,1,1,女性,69,1,12,0.3333333333333333,0,0,17,4535925.154217558,4.720547945205479,2.0
C-001741212,S-0079,-22.294705118898346,0,1,女性,44,5,12,0.1666666666666666,10175,2,13,4256656.371085242,8.479452054794521,6.0
C-002462061,S-0014,-76.44397405737273,1,1,女性,32,2,12,0.5,0,0,21,4730192.353344672,7.336986301369863,4.0
C-000423670,S-0030,-100.0,1,1,女性,33,11,12,0.25,1986,1,22,4426478.045479023,9.236986301369862,5.5
C-000268792,S-0097,-73.01937861210969,1,1,男性,56,11,12,0.4166666666666667,54475,2,21,4592508.716501317,10.09041095890411,7.0
C-000819666,S-0085,-35.71499264322616,0,1,女性,61,9,12,0.5,0,0,15,4606655.398026554,4.928767123287671,2.0
C-000673500,S-0039,-80.80653394589076,1,1,女性,48,10,12,0.25,2850,1,16,4591288.568998441,8.193150684931506,5.0
C-002112423,S-0113,-19.147281811829238,0,1,男性,30,3,12,0.3333333333333333,0,0,16,4336633.961311346,5.77945205479452,2.5
C-001858734,S-0106,-100.0,1,1,女性,80,4,12,0.25,0,0,20,4462729.145118021,6.171232876712329,3.5
C-001149505,S-0126,-10.525788203881616,0,1,女性,79,7,12,0.1666666666666666,43249,2,17,4493168.352495564,5.53972602739726,3.0
C-001129746,S-0106,-100.0,1,1,女性,34,7,12,0.3333333333333333,0,0,20,4462729.145118021,6.171232876712329,3.5
C-000802688,S-0102,-40.97447233746177,0,1,女性,63,9,12,0.1666666666666666,0,0,16,4383474.364435211,10.484931506849314,7.5
C-000570262,S-0041,-24.724938361705753,0,1,女性,56,10,12,0.6666666666666666,0,0,17,4828489.286769263,10.389041095890411,7.0
C-001378784,S-0096,-22.549741092096284,0,1,女性,55,6,12,0.1666666666666666,0,0,16,4644856.458098179,8.302739726027397,5.0
C-001694845,S-0115,-100.0,1,1,男性,46,5,12,0.3333333333333333,14627,1,14,4553643.099564746,10.51095890410959,7.0
C-000766490,S-0008,-77.39062780537435,1,1,女性,43,9,12,0.1666666666666666,8091,1,22,4498453.308937302,10.772602739726027,7.0
C-001503609,S-0041,-52.63587374087949,1,1,女性,43,6,12,0.25,0,0,17,4828489.286769263,10.389041095890411,7.0
C-002242539,S-0102,-49.87883593570523,1,1,女性,39,3,12,0.25,24009,1,16,4383474.364435211,10.484931506849314,7.5
C-002190871,S-0089,-71.74338141384112,1,1,女性,48,3,12,0.3333333333333333,0,0,19,4721110.949352573,10.142465753424657,7.0
C-002245061,S-0102,-51.16579133092887,1,1,男性,37,3,12,0.1666666666666666,14297,2,16,4383474.364435211,10.484931506849314,7.5
C-000465341,S-0115,-34.467905503070114,0,1,男性,49,10,12,0.3333333333333333,38117,2,14,4553643.099564746,10.51095890410959,7.0
C-000527623,S-0002,-100.0,1,1,女性,56,10,12,0.6666666666666666,15393,1,15,4455566.655169959,5.663013698630137,2.0
C-001726487,S-0106,-68.48916208346813,1,1,女性,52,5,12,0.5,4546,2,20,4462729.145118021,6.171232876712329,3.5
C-002060632,S-0099,-100.0,1,1,男性,41,3,12,0.4166666666666667,0,0,13,4464126.154078853,8.147945205479452,5.0
C-002671533,S-0040,-25.594903879575416,0,1,女性,22,1,12,0.0,1533,1,20,4550116.0180538,8.163013698630138,4.0
C-000554338,S-0014,-100.0,1,1,女性,54,10,12,0.0,49173,1,21,4730192.353344672,7.336986301369863,4.0
C-002129788,S-0072,-52.34561608515415,1,1,女性,60,3,12,0.25,0,0,12,4406797.312641796,9.01917808219178,6.0
C-001085142,S-0131,-19.903264087327937,0,1,女性,49,8,12,0.4166666666666667,19255,1,17,4569023.5643747775,5.13972602739726,2.0
C-001313314,S-0099,-23.32862001537828,0,1,女性,37,7,12,0.25,13087,1,13,4464126.154078853,8.147945205479452,5.0
C-001240685,S-0117,-32.34675273200838,0,1,男性,60,7,12,0.25,3820,1,20,4500859.737076383,9.593150684931507,7.0
C-002400404,S-0012,-51.61690316220914,1,1,女性,59,2,12,0.5,16406,1,16,4444678.825084195,7.994520547945205,5.0
C-000060818,S-0121,-100.0,1,1,女性,64,12,12,0.9166666666666666,0,0,14,4716268.25678644,9.856164383561644,7.0
C-001133881,S-0004,-50.866521909180406,1,1,男性,79,7,12,0.25,0,0,22,4423576.351309,11.806849315068494,9.0
C-001331067,S-0056,-71.6415062191174,1,1,女性,59,7,12,0.5833333333333334,1116,1,15,4406070.585753419,7.528767123287671,4.0
C-002413882,S-0080,-100.0,1,1,女性,26,2,12,0.3333333333333333,0,0,17,4457429.264950683,11.673972602739726,9.0
C-001986625,S-0048,-84.64391077779922,1,1,女性,46,4,12,0.3333333333333333,15140,2,15,4502249.082895545,3.671232876712329,1.0
C-001374687,S-0115,-83.91417741767222,1,1,男性,36,6,12,0.25,13485,2,14,4553643.099564746,10.51095890410959,7.0
C-000852588,S-0075,-100.0,1,1,男性,74,9,12,0.1666666666666666,1011,1,19,4506647.2743158825,4.526027397260274,1.0
C-002616649,S-0072,-100.0,1,1,女性,32,1,12,0.25,19952,1,12,4406797.312641796,9.01917808219178,6.0
C-000123809,S-0117,-100.0,1,1,男性,42,12,12,0.75,0,0,20,4500859.737076383,9.593150684931507,7.0
C-001186101,S-0079,-8.342624552804406,0,1,男性,64,7,12,0.0833333333333333,0,0,13,4256656.371085242,8.479452054794521,6.0
C-000630572,S-0020,-46.82483002913786,0,1,男性,54,10,12,0.1666666666666666,195824,1,16,4280702.057267675,6.986301369863014,3.5
C-000699733,S-0096,-12.173894817686511,0,1,男性,40,9,12,0.3333333333333333,18502,1,16,4644856.458098179,8.302739726027397,5.0
C-002558443,S-0040,-72.5834216101695,1,1,男性,41,1,12,0.25,0,0,20,4550116.0180538,8.163013698630138,4.0
C-000899384,S-0036,-18.014939459931913,0,1,女性,45,9,12,0.1666666666666666,25452,1,19,4397834.424680548,11.123287671232877,9.0
C-002318831,S-0115,-30.395163828563366,0,1,男性,92,2,12,0.1666666666666666,5602,1,14,4553643.099564746,10.51095890410959,7.0
C-002191151,S-0036,-19.39152742272485,0,1,男性,41,3,12,0.1666666666666666,19436,1,19,4397834.424680548,11.123287671232877,9.0
C-001938866,S-0100,-26.28153976531136,0,1,女性,61,4,12,0.3333333333333333,1529,1,17,4535925.154217558,4.720547945205479,2.0
C-000139587,S-0056,-38.610452120971246,0,1,女性,67,12,12,0.0833333333333333,8136,1,15,4406070.585753419,7.528767123287671,4.0
C-001371244,S-0056,-32.264284891975905,0,1,女性,82,6,12,0.4166666666666667,10854,1,15,4406070.585753419,7.528767123287671,4.0
C-001600478,S-0059,-97.95301711390843,1,1,男性,47,5,12,0.3333333333333333,20609,1,14,4713188.969095345,6.8123287671232875,3.0
C-001277574,S-0072,-100.0,1,1,男性,48,7,12,0.0833333333333333,5980,1,12,4406797.312641796,9.01917808219178,6.0
C-000070321,S-0018,-76.06579764816505,1,1,女性,33,12,12,0.0833333333333333,14178,1,16,4493108.581950108,7.550684931506849,5.0
C-001460585,S-0072,-43.80500136137346,0,1,男性,54,6,12,0.3333333333333333,0,0,12,4406797.312641796,9.01917808219178,6.0
C-002403637,S-0072,-31.79743144292471,0,1,男性,49,2,12,0.4166666666666667,10466,1,12,4406797.312641796,9.01917808219178,6.0
C-001389111,S-0050,-25.375367976034546,0,1,女性,54,6,12,0.5,14682,1,20,4615411.181286601,9.2013698630137,6.0
C-002627617,S-0072,-67.84065671473954,1,1,女性,55,1,12,0.0833333333333333,6780,1,12,4406797.312641796,9.01917808219178,6.0
C-001020035,S-0121,-100.0,1,1,女性,52,8,12,0.8333333333333334,62347,1,14,4716268.25678644,9.856164383561644,7.0
C-002555279,S-0041,-22.47135958156356,0,1,女性,48,1,12,0.0833333333333333,15073,1,17,4828489.286769263,10.389041095890411,7.0
C-001846267,S-0018,-100.0,1,1,男性,51,4,12,0.25,61517,1,16,4493108.581950108,7.550684931506849,5.0
C-001247489,S-0036,-43.73909436297911,0,1,女性,52,7,12,0.0833333333333333,0,0,19,4397834.424680548,11.123287671232877,9.0
C-000451041,S-0096,-45.54735102051969,0,1,女性,38,11,12,0.1666666666666666,53475,2,16,4644856.458098179,8.302739726027397,5.0
C-001484495,S-0039,-43.36044158956528,0,1,男性,58,6,12,0.5,4376,1,16,4591288.568998441,8.193150684931506,5.0
C-002450199,S-0048,-57.53558477692705,1,1,女性,38,2,12,0.4166666666666667,28901,1,15,4502249.082895545,3.671232876712329,1.0
C-001778690,S-0099,-100.0,1,1,女性,32,5,12,0.25,307,2,13,4464126.154078853,8.147945205479452,5.0
C-002120584,S-0111,-36.8750813272609,0,1,女性,78,3,12,0.25,7818,2,19,4489501.980758176,6.397260273972603,4.0
C-000673855,S-0059,-27.344698508711407,0,1,男性,30,10,12,0.0,3485,1,14,4713188.969095345,6.8123287671232875,3.0
C-002258816,S-0018,-74.31782898438718,1,1,女性,54,2,12,0.5,3281,1,16,4493108.581950108,7.550684931506849,5.0
C-000215721,S-0039,-34.4322874280375,0,1,男性,46,12,12,0.4166666666666667,7636,2,16,4591288.568998441,8.193150684931506,5.0
C-000604590,S-0012,-61.43797371894604,1,1,女性,57,10,12,0.5,4054,2,16,4444678.825084195,7.994520547945205,5.0
C-001223875,S-0048,-30.289816823809403,0,1,女性,31,7,12,0.1666666666666666,6607,2,15,4502249.082895545,3.671232876712329,1.0
C-000342656,S-0012,-100.0,1,1,男性,61,11,12,0.1666666666666666,22728,1,16,4444678.825084195,7.994520547945205,5.0
C-000072916,S-0079,-56.64501301564222,1,1,男性,49,12,12,0.25,10799,2,13,4256656.371085242,8.479452054794521,6.0
C-002265970,S-0080,-94.26036122361884,1,1,男性,38,2,12,0.0833333333333333,0,0,17,4457429.264950683,11.673972602739726,9.0
C-001208056,S-0040,-35.277460903052514,0,1,女性,59,7,12,0.5,6153,1,20,4550116.0180538,8.163013698630138,4.0
C-002666092,S-0121,-94.76463041547419,1,1,女性,62,1,12,0.25,19045,1,14,4716268.25678644,9.856164383561644,7.0
C-002681166,S-0020,-26.375964101512594,0,1,女性,55,1,12,0.1666666666666666,4728,2,16,4280702.057267675,6.986301369863014,3.5
C-001994239,S-0039,-72.13429450834278,1,1,男性,42,4,12,0.3333333333333333,65901,1,16,4591288.568998441,8.193150684931506,5.0
C-002174395,S-0113,-32.26300134792033,0,1,女性,19,3,12,0.25,13505,1,16,4336633.961311346,5.77945205479452,2.5
C-002319807,S-0113,-77.42646472409318,1,1,女性,42,2,12,0.0833333333333333,2979,1,16,4336633.961311346,5.77945205479452,2.5
C-000353412,S-0111,-100.0,1,1,女性,44,11,12,0.25,2157,1,19,4489501.980758176,6.397260273972603,4.0
C-000910148,S-0079,-60.8480691283239,1,1,女性,21,8,12,0.25,31686,1,13,4256656.371085242,8.479452054794521,6.0
C-001712318,S-0113,-58.59965682618792,1,1,男性,58,5,12,0.5,139791,1,16,4336633.961311346,5.77945205479452,2.5
C-000326279,S-0117,-17.846090442238,0,1,女性,50,11,12,0.0833333333333333,49254,1,20,4500859.737076383,9.593150684931507,7.0
C-001741507,S-0054,-40.294405791807115,0,1,女性,60,5,12,0.3333333333333333,10268,1,23,4489160.181517739,6.358904109589041,4.0
C-000802924,S-0072,-38.10169012853315,0,1,女性,42,9,12,0.25,3006,1,12,4406797.312641796,9.01917808219178,6.0
C-001320450,S-0089,-42.429654429718404,0,1,女性,47,7,12,0.25,67772,1,19,4721110.949352573,10.142465753424657,7.0
C-002630784,S-0012,-50.47918710165051,1,1,女性,27,1,12,0.0,5140,1,16,4444678.825084195,7.994520547945205,5.0
C-002153418,S-0100,-25.38616924348262,0,1,女性,54,3,12,0.1666666666666666,16194,1,17,4535925.154217558,4.720547945205479,2.0
C-001640742,S-0113,-34.23860483050258,0,1,男性,40,5,12,0.5,2391,1,16,4336633.961311346,5.77945205479452,2.5
C-000042473,S-0063,-34.41737715876576,0,1,女性,69,12,12,0.1666666666666666,1399,2,18,4564012.176421695,5.749315068493151,3.0
C-000383798,S-0111,-40.1982363544529,0,1,女性,34,11,12,0.25,0,0,19,4489501.980758176,6.397260273972603,4.0
C-001926680,S-0074,-41.916851340154686,0,1,男性,49,4,12,0.3333333333333333,0,0,14,4614054.39694187,8.308219178082192,6.0
C-002149312,S-0082,-9.03932150604895,0,1,女性,54,3,12,0.0833333333333333,0,0,17,4607261.71451126,4.758904109589041,2.0
C-001101318,S-0126,-46.68150137006455,0,1,男性,21,8,12,0.4166666666666667,3457,1,17,4493168.352495564,5.53972602739726,3.0
C-002332807,S-0041,-29.82470934328447,0,1,男性,46,2,12,0.0833333333333333,5744,1,17,4828489.286769263,10.389041095890411,7.0
C-001001400,S-0056,-49.9733629682246,1,1,男性,36,8,12,0.5833333333333334,25482,2,15,4406070.585753419,7.528767123287671,4.0
C-000854580,S-0080,-100.0,1,1,女性,62,9,12,0.0833333333333333,12131,2,17,4457429.264950683,11.673972602739726,9.0
C-002517379,S-0036,-12.893069348144524,0,1,男性,50,1,12,0.5833333333333334,0,0,19,4397834.424680548,11.123287671232877,9.0
C-000038130,S-0018,-87.57271371687942,1,1,女性,45,12,12,0.0,18950,1,16,4493108.581950108,7.550684931506849,5.0
C-001580399,S-0074,-24.737306697041216,0,1,女性,49,5,12,0.25,0,0,14,4614054.39694187,8.308219178082192,6.0
C-002353415,S-0102,-41.43244671755251,0,1,男性,51,2,12,0.5,0,0,16,4383474.364435211,10.484931506849314,7.5
C-001768438,S-0059,-100.0,1,1,女性,47,5,12,0.3333333333333333,15215,2,14,4713188.969095345,6.8123287671232875,3.0
C-000039298,S-0100,-45.26267054046248,0,1,男性,67,12,12,0.0,21306,1,17,4535925.154217558,4.720547945205479,2.0
C-002582238,S-0115,-35.6149226870386,0,1,女性,46,1,12,0.0,0,0,14,4553643.099564746,10.51095890410959,7.0
C-001946336,S-0018,-100.0,1,1,女性,55,4,12,0.25,0,0,16,4493108.581950108,7.550684931506849,5.0
C-002091249,S-0041,-45.85509641533519,0,1,男性,47,3,12,0.25,86112,2,17,4828489.286769263,10.389041095890411,7.0
C-000179151,S-0113,-28.253723353368983,0,1,男性,38,12,12,0.0833333333333333,0,0,16,4336633.961311346,5.77945205479452,2.5
C-001455039,S-0004,-100.0,1,1,女性,57,6,12,0.1666666666666666,0,0,22,4423576.351309,11.806849315068494,9.0
C-001305907,S-0040,-100.0,1,1,女性,52,7,12,0.0,0,0,20,4550116.0180538,8.163013698630138,4.0
C-001828210,S-0036,-59.405455279395646,1,1,女性,22,4,12,0.3333333333333333,14642,2,19,4397834.424680548,11.123287671232877,9.0
C-000637588,S-0012,-100.0,1,1,男性,49,10,12,0.4166666666666667,0,0,16,4444678.825084195,7.994520547945205,5.0
C-002559982,S-0080,-100.0,1,1,男性,48,1,12,0.1666666666666666,0,0,17,4457429.264950683,11.673972602739726,9.0
C-000725778,S-0002,-100.0,1,1,男性,45,9,12,0.1666666666666666,0,0,15,4455566.655169959,5.663013698630137,2.0
C-000294377,S-0020,-22.788598951992803,0,1,男性,47,11,12,0.5833333333333334,0,0,16,4280702.057267675,6.986301369863014,3.5
C-000157011,S-0002,-58.693735384480576,1,1,女性,62,12,12,0.1666666666666666,0,0,15,4455566.655169959,5.663013698630137,2.0
C-000760013,S-0007,-11.849457039823864,0,1,男性,69,9,12,0.4166666666666667,7067,1,21,4487075.727367008,3.7260273972602738,1.0
C-001285837,S-0054,-100.0,1,1,男性,32,7,12,0.0833333333333333,0,0,23,4489160.181517739,6.358904109589041,4.0
C-000255136,S-0097,-46.15490904373966,0,1,女性,59,11,12,0.0833333333333333,14892,1,21,4592508.716501317,10.09041095890411,7.0
C-002616639,S-0075,-24.746133552564327,0,1,男性,42,1,12,0.4166666666666667,20737,1,19,4506647.2743158825,4.526027397260274,1.0
C-002039187,S-0036,-52.29646930841959,1,1,男性,32,3,12,0.3333333333333333,10211,1,19,4397834.424680548,11.123287671232877,9.0
C-000822538,S-0014,-48.64302699601101,0,1,女性,67,9,12,0.25,0,0,21,4730192.353344672,7.336986301369863,4.0
C-000871150,S-0039,-45.30718312482013,0,1,女性,52,9,12,0.0,30057,1,16,4591288.568998441,8.193150684931506,5.0
C-000114380,S-0004,-30.536499229815533,0,1,女性,49,12,12,0.25,19357,1,22,4423576.351309,11.806849315068494,9.0
C-002097985,S-0117,-61.634015594541914,1,1,男性,49,3,12,0.3333333333333333,164985,1,20,4500859.737076383,9.593150684931507,7.0
C-001886233,S-0072,-100.0,1,1,男性,60,4,12,0.1666666666666666,0,0,12,4406797.312641796,9.01917808219178,6.0
C-001231144,S-0050,-31.27011427546401,0,1,女性,25,7,12,0.4166666666666667,26415,2,20,4615411.181286601,9.2013698630137,6.0
C-000964081,S-0100,-10.978399226698059,0,1,女性,68,8,12,0.1666666666666666,0,0,17,4535925.154217558,4.720547945205479,2.0
C-001254835,S-0113,-71.8800636779714,1,1,女性,53,7,12,0.25,28259,1,16,4336633.961311346,5.77945205479452,2.5
C-000659779,S-0097,-100.0,1,1,女性,20,10,12,0.25,136429,2,21,4592508.716501317,10.09041095890411,7.0
C-001942545,S-0080,-19.55965170165479,0,1,女性,35,4,12,0.25,13168,2,17,4457429.264950683,11.673972602739726,9.0
C-001652218,S-0019,-6.287874847200187,0,1,女性,46,5,12,0.5833333333333334,17485,1,19,4327199.920883598,4.090410958904109,1.0
C-001069554,S-0121,-100.0,1,1,男性,68,8,12,0.4166666666666667,15782,2,14,4716268.25678644,9.856164383561644,7.0
C-002365075,S-0111,-74.12525991252599,1,1,女性,55,2,12,0.3333333333333333,1514,1,19,4489501.980758176,6.397260273972603,4.0
C-002662488,S-0072,-25.962433665394286,0,1,女性,41,1,12,0.0,17083,2,12,4406797.312641796,9.01917808219178,6.0
C-000689155,S-0018,-51.49922087733933,1,1,女性,68,9,12,0.4166666666666667,11868,2,16,4493108.581950108,7.550684931506849,5.0
C-000316279,S-0085,-27.062628156840074,0,1,女性,51,11,12,0.1666666666666666,33549,1,15,4606655.398026554,4.928767123287671,2.0
C-001527150,S-0036,-8.493686292284975,0,1,女性,60,6,12,0.1666666666666666,24490,1,19,4397834.424680548,11.123287671232877,9.0
C-002586124,S-0117,-6.685053737736781,0,1,女性,77,1,12,0.0,5929,2,20,4500859.737076383,9.593150684931507,7.0
C-001038935,S-0126,-15.84825713737213,0,1,女性,64,8,12,0.6666666666666666,106994,1,17,4493168.352495564,5.53972602739726,3.0
C-001627880,S-0020,-100.0,1,1,男性,44,5,12,0.25,17778,1,16,4280702.057267675,6.986301369863014,3.5
C-001098647,S-0131,-16.94476799681274,0,1,男性,40,8,12,0.25,572,1,17,4569023.5643747775,5.13972602739726,2.0
C-001984449,S-0100,-49.683416213715745,1,1,男性,56,4,12,0.25,7363,1,17,4535925.154217558,4.720547945205479,2.0
C-001611529,S-0017,-17.268835246725846,0,1,女性,58,5,12,0.0,0,0,20,4640207.03550726,5.608219178082192,2.5
C-002169289,S-0039,-100.0,1,1,男性,54,3,12,0.4166666666666667,0,0,16,4591288.568998441,8.193150684931506,5.0
C-000443195,S-0126,-35.671281484497705,0,1,女性,32,11,12,0.8333333333333334,2487,1,17,4493168.352495564,5.53972602739726,3.0
C-002561236,S-0018,-100.0,1,1,女性,41,1,12,0.0833333333333333,0,0,16,4493108.581950108,7.550684931506849,5.0
C-001082268,S-0020,-24.220508394907593,0,1,男性,50,8,12,0.75,0,0,16,4280702.057267675,6.986301369863014,3.5
C-001841610,S-0096,-47.33339329076356,0,1,男性,51,4,12,0.6666666666666666,0,0,16,4644856.458098179,8.302739726027397,5.0
C-000605698,S-0082,-38.646386893382406,0,1,女性,46,10,12,0.4166666666666667,92579,2,17,4607261.71451126,4.758904109589041,2.0
C-001756030,S-0005,-29.263036070211534,0,1,男性,48,5,12,0.3333333333333333,18992,2,21,4733942.970761149,4.69041095890411,2.0
C-001993890,S-0036,-32.54928705034435,0,1,女性,24,4,12,0.0,30474,2,19,4397834.424680548,11.123287671232877,9.0
C-000382461,S-0040,-100.0,1,1,女性,54,11,12,0.1666666666666666,0,0,20,4550116.0180538,8.163013698630138,4.0
C-001295609,S-0115,-19.72238799727825,0,1,女性,50,7,12,0.5833333333333334,2893,1,14,4553643.099564746,10.51095890410959,7.0
C-001906693,S-0007,-26.738555485513654,0,1,女性,49,4,12,0.0833333333333333,7156,1,21,4487075.727367008,3.7260273972602738,1.0
C-001527441,S-0017,-100.0,1,1,男性,62,6,12,0.25,1088,2,20,4640207.03550726,5.608219178082192,2.5
C-000205634,S-0075,-12.766374769635627,0,1,女性,55,12,12,0.6666666666666666,0,0,19,4506647.2743158825,4.526027397260274,1.0
C-001489514,S-0074,-14.526015058544687,0,1,女性,20,6,12,0.0833333333333333,18052,1,14,4614054.39694187,8.308219178082192,6.0
C-000711242,S-0048,-25.052265549148515,0,1,女性,51,9,12,0.1666666666666666,9798,1,15,4502249.082895545,3.671232876712329,1.0
C-001537030,S-0048,-100.0,1,1,女性,54,6,12,0.1666666666666666,0,0,15,4502249.082895545,3.671232876712329,1.0
C-001241163,S-0117,-100.0,1,1,女性,33,7,12,0.4166666666666667,16705,2,20,4500859.737076383,9.593150684931507,7.0
C-001189521,S-0008,-43.30111130710883,0,1,女性,61,7,12,0.1666666666666666,18634,1,22,4498453.308937302,10.772602739726027,7.0
C-002096115,S-0036,-84.73897089170876,1,1,女性,41,3,12,0.0833333333333333,21453,2,19,4397834.424680548,11.123287671232877,9.0
C-000059590,S-0059,-65.32584160184479,1,1,男性,41,12,12,0.4166666666666667,0,0,14,4713188.969095345,6.8123287671232875,3.0
C-000792330,S-0014,-67.15724817375994,1,1,女性,66,9,12,0.5,41398,2,21,4730192.353344672,7.336986301369863,4.0
C-001713722,S-0007,-50.55480938113441,1,1,男性,44,5,12,0.6666666666666666,0,0,21,4487075.727367008,3.7260273972602738,1.0
C-002008170,S-0102,-97.535649662179,1,1,男性,36,4,12,0.0833333333333333,21320,1,16,4383474.364435211,10.484931506849314,7.5
C-002367278,S-0099,-42.378206444202476,0,1,女性,88,2,12,0.3333333333333333,63382,2,13,4464126.154078853,8.147945205479452,5.0
C-000521159,S-0012,-19.672511787817623,0,1,男性,46,10,12,0.1666666666666666,0,0,16,4444678.825084195,7.994520547945205,5.0
C-001737115,S-0056,-50.00509947373432,1,1,男性,40,5,12,0.4166666666666667,7336,1,15,4406070.585753419,7.528767123287671,4.0
C-000205702,S-0117,-53.58905757424921,1,1,女性,44,12,12,0.25,27158,1,20,4500859.737076383,9.593150684931507,7.0
C-001781226,S-0082,-100.0,1,1,男性,50,5,12,0.3333333333333333,1016,1,17,4607261.71451126,4.758904109589041,2.0
C-000086637,S-0121,-100.0,1,1,男性,68,12,12,0.25,35040,1,14,4716268.25678644,9.856164383561644,7.0
C-002258814,S-0054,-79.70425072688678,1,1,女性,59,2,12,0.25,0,0,23,4489160.181517739,6.358904109589041,4.0
C-000319701,S-0039,-39.52256371032229,0,1,女性,60,11,12,0.0,6049,1,16,4591288.568998441,8.193150684931506,5.0
C-001428277,S-0080,-18.39985444903961,0,1,女性,49,6,12,0.0833333333333333,26010,1,17,4457429.264950683,11.673972602739726,9.0
C-000004118,S-0100,-49.966044728875794,1,1,女性,71,12,12,0.5833333333333334,0,0,17,4535925.154217558,4.720547945205479,2.0
C-000126711,S-0121,-36.73539643426584,0,1,男性,41,12,12,0.1666666666666666,39994,1,14,4716268.25678644,9.856164383561644,7.0
C-001884433,S-0048,-100.0,1,1,女性,49,4,12,0.1666666666666666,0,0,15,4502249.082895545,3.671232876712329,1.0
C-000353004,S-0117,-33.2612788141283,0,1,男性,55,11,12,0.4166666666666667,18254,1,20,4500859.737076383,9.593150684931507,7.0
C-001589851,S-0117,-96.37262913423078,1,1,女性,41,5,12,0.25,0,0,20,4500859.737076383,9.593150684931507,7.0
C-000547890,S-0099,-100.0,1,1,男性,58,10,12,0.0,4057,2,13,4464126.154078853,8.147945205479452,5.0
C-000445726,S-0075,-52.819019673375514,1,1,女性,72,11,12,0.3333333333333333,20991,2,19,4506647.2743158825,4.526027397260274,1.0
C-001832762,S-0100,-16.409220270492455,0,1,女性,45,4,12,0.25,0,0,17,4535925.154217558,4.720547945205479,2.0
C-000844796,S-0089,-100.0,1,1,男性,53,9,12,0.3333333333333333,0,0,19,4721110.949352573,10.142465753424657,7.0
C-000353041,S-0075,-25.692547012966173,0,1,女性,77,11,12,0.25,0,0,19,4506647.2743158825,4.526027397260274,1.0
C-000732769,S-0059,-64.67963728522832,1,1,女性,61,9,12,0.25,110530,2,14,4713188.969095345,6.8123287671232875,3.0
C-000074359,S-0054,-23.69322218106971,0,1,女性,43,12,12,0.6666666666666666,0,0,23,4489160.181517739,6.358904109589041,4.0
C-001309957,S-0115,-18.591781603854987,0,1,女性,51,7,12,0.0833333333333333,8153,2,14,4553643.099564746,10.51095890410959,7.0
C-001398557,S-0100,-28.37078774664968,0,1,女性,47,6,12,0.5,1952,1,17,4535925.154217558,4.720547945205479,2.0
C-000621695,S-0096,-74.71529488283579,1,1,女性,37,10,12,0.1666666666666666,0,0,16,4644856.458098179,8.302739726027397,5.0
C-001049017,S-0017,-31.341048971857234,0,1,女性,27,8,12,0.25,36663,1,20,4640207.03550726,5.608219178082192,2.5
C-001612076,S-0036,-51.72144816827156,1,1,男性,75,5,12,0.0,0,0,19,4397834.424680548,11.123287671232877,9.0
C-000505779,S-0102,-36.43769292200005,0,1,女性,43,10,12,0.25,1523,2,16,4383474.364435211,10.484931506849314,7.5
C-000568763,S-0096,-44.19070430940401,0,1,女性,47,10,12,0.3333333333333333,4350,1,16,4644856.458098179,8.302739726027397,5.0
C-001376682,S-0082,-62.82823466719021,1,1,女性,43,6,12,0.25,0,0,17,4607261.71451126,4.758904109589041,2.0
C-002438380,S-0056,-97.28915330191282,1,1,女性,31,2,12,0.0833333333333333,0,0,15,4406070.585753419,7.528767123287671,4.0
C-002304579,S-0004,-11.420531615952365,0,1,女性,32,2,12,0.0833333333333333,0,0,22,4423576.351309,11.806849315068494,9.0
C-000115954,S-0102,-67.23370740008279,1,1,女性,48,12,12,0.1666666666666666,0,0,16,4383474.364435211,10.484931506849314,7.5
C-002579488,S-0113,-100.0,1,1,男性,72,1,12,0.25,14344,1,16,4336633.961311346,5.77945205479452,2.5
C-000341353,S-0056,-61.893236885758576,1,1,女性,31,11,12,0.1666666666666666,28425,1,15,4406070.585753419,7.528767123287671,4.0
C-001352291,S-0113,-45.69550963058369,0,1,男性,71,6,12,0.25,0,0,16,4336633.961311346,5.77945205479452,2.5
C-001898307,S-0131,-13.520022733166353,0,1,女性,45,4,12,0.0833333333333333,0,0,17,4569023.5643747775,5.13972602739726,2.0
C-000680138,S-0018,-100.0,1,1,男性,51,9,12,0.0,0,0,16,4493108.581950108,7.550684931506849,5.0
C-001542206,S-0082,-82.71637100094961,1,1,女性,45,6,12,0.1666666666666666,0,0,17,4607261.71451126,4.758904109589041,2.0
C-002656248,S-0040,-78.00390856520416,1,1,女性,37,1,12,0.0,0,0,20,4550116.0180538,8.163013698630138,4.0
C-001564416,S-0004,-43.19642143450057,0,1,女性,51,6,12,0.1666666666666666,85242,2,22,4423576.351309,11.806849315068494,9.0
C-002312265,S-0106,-100.0,1,1,女性,42,2,12,0.3333333333333333,4507,1,20,4462729.145118021,6.171232876712329,3.5
C-000737605,S-0004,-21.296648474277465,0,1,男性,53,9,12,0.1666666666666666,25541,1,22,4423576.351309,11.806849315068494,9.0
C-002415165,S-0036,-59.69007209652717,1,1,女性,45,2,12,0.6666666666666666,4950,1,19,4397834.424680548,11.123287671232877,9.0
C-001234348,S-0097,-32.82694080834041,0,1,男性,43,7,12,0.1666666666666666,14161,1,21,4592508.716501317,10.09041095890411,7.0
C-000284323,S-0018,-36.88586206509666,0,1,男性,51,11,12,0.3333333333333333,0,0,16,4493108.581950108,7.550684931506849,5.0
C-000569366,S-0097,-68.31662346330914,1,1,女性,41,10,12,0.1666666666666666,0,0,21,4592508.716501317,10.09041095890411,7.0
C-000652101,S-0017,-40.752209773258045,0,1,男性,46,10,12,0.1666666666666666,35215,1,20,4640207.03550726,5.608219178082192,2.5
C-000099707,S-0018,-37.88109614299386,0,1,女性,58,12,12,0.0833333333333333,24726,1,16,4493108.581950108,7.550684931506849,5.0
C-001724572,S-0113,-71.63210623765866,1,1,男性,67,5,12,0.1666666666666666,0,0,16,4336633.961311346,5.77945205479452,2.5
C-000073039,S-0097,-29.219720557027124,0,1,男性,61,12,12,0.1666666666666666,1639,1,21,4592508.716501317,10.09041095890411,7.0
C-001201367,S-0039,-26.789602345524717,0,1,女性,23,7,12,0.1666666666666666,10877,2,16,4591288.568998441,8.193150684931506,5.0
C-002527748,S-0131,-64.60933821480393,1,1,女性,78,1,12,0.1666666666666666,0,0,17,4569023.5643747775,5.13972602739726,2.0
C-001835609,S-0040,-74.2267292353736,1,1,女性,41,4,12,0.1666666666666666,43156,1,20,4550116.0180538,8.163013698630138,4.0
C-001708856,S-0050,-100.0,1,1,女性,44,5,12,0.5833333333333334,0,0,20,4615411.181286601,9.2013698630137,6.0
C-000873088,S-0097,-100.0,1,1,女性,47,9,12,0.0833333333333333,0,0,21,4592508.716501317,10.09041095890411,7.0
C-000690276,S-0048,-100.0,1,1,女性,56,9,12,0.1666666666666666,0,0,15,4502249.082895545,3.671232876712329,1.0
C-002021240,S-0041,-27.089690930390642,0,1,女性,49,4,12,0.0,7541,2,17,4828489.286769263,10.389041095890411,7.0
C-000957641,S-0040,-55.78809281317806,1,1,男性,49,8,12,0.75,51325,1,20,4550116.0180538,8.163013698630138,4.0
C-001170462,S-0115,-43.517791707743534,0,1,女性,57,7,12,0.25,1895,1,14,4553643.099564746,10.51095890410959,7.0
C-001917051,S-0012,-54.10167062884684,1,1,男性,62,4,12,0.3333333333333333,45957,1,16,4444678.825084195,7.994520547945205,5.0
C-001166671,S-0080,-100.0,1,1,女性,53,7,12,0.1666666666666666,0,0,17,4457429.264950683,11.673972602739726,9.0
C-000936099,S-0014,-56.62792556996541,1,1,男性,55,8,12,0.0833333333333333,9836,2,21,4730192.353344672,7.336986301369863,4.0
C-002546225,S-0072,-74.01215805471124,1,1,男性,54,1,12,0.25,4361,2,12,4406797.312641796,9.01917808219178,6.0
C-001068306,S-0080,-33.41334278228458,0,1,女性,50,8,12,0.1666666666666666,6239,2,17,4457429.264950683,11.673972602739726,9.0
C-000984302,S-0115,-100.0,1,1,男性,45,8,12,0.3333333333333333,0,0,14,4553643.099564746,10.51095890410959,7.0
C-000045883,S-0102,-48.86133075449874,1,1,男性,54,12,12,0.1666666666666666,0,0,16,4383474.364435211,10.484931506849314,7.5
C-000399029,S-0100,-32.14858620697001,0,1,男性,57,11,12,0.25,979,2,17,4535925.154217558,4.720547945205479,2.0
C-000018839,S-0121,-30.777932640904233,0,1,男性,41,12,12,0.4166666666666667,36557,1,14,4716268.25678644,9.856164383561644,7.0
C-000647125,S-0012,-46.57991919413518,0,1,男性,54,10,12,0.3333333333333333,0,0,16,4444678.825084195,7.994520547945205,5.0
C-000680201,S-0115,-37.228551214881875,0,1,女性,42,9,12,0.1666666666666666,5540,2,14,4553643.099564746,10.51095890410959,7.0
C-001445130,S-0085,-36.04424595647826,0,1,男性,51,6,12,0.8333333333333334,0,0,15,4606655.398026554,4.928767123287671,2.0
C-002625307,S-0040,-47.33623977706152,0,1,女性,67,1,12,0.3333333333333333,3766,2,20,4550116.0180538,8.163013698630138,4.0
C-001788141,S-0005,-16.15426293049555,0,1,女性,34,5,12,0.3333333333333333,0,0,21,4733942.970761149,4.69041095890411,2.0
C-000817032,S-0039,-85.19818113650129,1,1,女性,47,9,12,0.3333333333333333,5120,1,16,4591288.568998441,8.193150684931506,5.0
C-001051454,S-0089,-75.86944768083826,1,1,男性,50,8,12,0.3333333333333333,58808,2,19,4721110.949352573,10.142465753424657,7.0
C-001229407,S-0039,-32.00794652373032,0,1,女性,34,7,12,0.3333333333333333,3561,1,16,4591288.568998441,8.193150684931506,5.0
C-001876648,S-0097,-65.04581576182841,1,1,男性,53,4,12,0.3333333333333333,2908,2,21,4592508.716501317,10.09041095890411,7.0
C-002578127,S-0005,-100.0,1,1,女性,38,1,12,0.1666666666666666,23086,1,21,4733942.970761149,4.69041095890411,2.0
C-000954687,S-0048,-49.70450588306799,1,1,女性,58,8,12,0.25,61069,1,15,4502249.082895545,3.671232876712329,1.0
C-002426197,S-0002,-50.61599404367696,1,1,女性,65,2,12,0.0833333333333333,32321,1,15,4455566.655169959,5.663013698630137,2.0
C-002004994,S-0018,-94.05429397005408,1,1,女性,40,4,12,0.1666666666666666,1303,1,16,4493108.581950108,7.550684931506849,5.0
C-001994473,S-0054,-30.838441032825482,0,1,男性,57,4,12,0.5,3650,1,23,4489160.181517739,6.358904109589041,4.0
C-001374602,S-0074,-52.61673944590592,1,1,男性,59,6,12,0.25,2879,2,14,4614054.39694187,8.308219178082192,6.0
C-001145664,S-0096,-100.0,1,1,女性,54,7,12,0.25,16507,1,16,4644856.458098179,8.302739726027397,5.0
C-001908376,S-0117,-67.3469511309149,1,1,女性,59,4,12,0.1666666666666666,17696,1,20,4500859.737076383,9.593150684931507,7.0
C-002232447,S-0036,-56.811117649094875,1,1,女性,40,3,12,0.1666666666666666,5099,2,19,4397834.424680548,11.123287671232877,9.0
C-001211929,S-0113,-87.07198811742612,1,1,女性,22,7,12,0.3333333333333333,0,0,16,4336633.961311346,5.77945205479452,2.5
C-000349406,S-0072,-16.473392096541925,0,1,男性,51,11,12,0.5,11882,2,12,4406797.312641796,9.01917808219178,6.0
C-001302885,S-0131,-34.4681653235308,0,1,男性,43,7,12,0.75,27179,1,17,4569023.5643747775,5.13972602739726,2.0
C-001866433,S-0117,-70.80358882929964,1,1,女性,47,4,12,0.0833333333333333,6681,2,20,4500859.737076383,9.593150684931507,7.0
C-000581010,S-0014,-21.2613793586462,0,1,女性,53,10,12,0.0833333333333333,91997,1,21,4730192.353344672,7.336986301369863,4.0
C-000646529,S-0056,-56.0425786389188,1,1,男性,43,10,12,0.3333333333333333,2238,2,15,4406070.585753419,7.528767123287671,4.0
C-001896237,S-0102,-100.0,1,1,男性,51,4,12,0.4166666666666667,0,0,16,4383474.364435211,10.484931506849314,7.5
C-000342692,S-0018,-7.022045823659201,0,1,女性,39,11,12,0.0833333333333333,14381,1,16,4493108.581950108,7.550684931506849,5.0
C-001767234,S-0040,-29.477443870110026,0,1,男性,53,5,12,0.3333333333333333,22854,2,20,4550116.0180538,8.163013698630138,4.0
C-002595577,S-0004,-54.71871101558625,1,1,男性,25,1,12,0.0,0,0,22,4423576.351309,11.806849315068494,9.0
C-001637772,S-0102,-46.9912874110916,0,1,女性,35,5,12,0.1666666666666666,1954,2,16,4383474.364435211,10.484931506849314,7.5
C-002166807,S-0115,-69.09215366549984,1,1,男性,51,3,12,0.1666666666666666,0,0,14,4553643.099564746,10.51095890410959,7.0
C-000935340,S-0036,-100.0,1,1,男性,42,8,12,0.1666666666666666,0,0,19,4397834.424680548,11.123287671232877,9.0
C-001398189,S-0036,-43.935631352169196,0,1,女性,57,6,12,0.0833333333333333,44702,1,19,4397834.424680548,11.123287671232877,9.0
C-001076047,S-0072,-54.78992357862836,1,1,女性,44,8,12,0.0833333333333333,6904,1,12,4406797.312641796,9.01917808219178,6.0
C-000303526,S-0012,-43.21386593809701,0,1,男性,27,11,12,0.5833333333333334,6296,1,16,4444678.825084195,7.994520547945205,5.0
C-002083113,S-0059,-100.0,1,1,女性,40,3,12,0.6666666666666666,34657,2,14,4713188.969095345,6.8123287671232875,3.0
C-001589828,S-0036,-100.0,1,1,女性,50,5,12,0.25,0,0,19,4397834.424680548,11.123287671232877,9.0
C-001582214,S-0106,-55.92188120007591,1,1,女性,50,5,12,0.25,0,0,20,4462729.145118021,6.171232876712329,3.5
C-000450433,S-0099,-43.75160646143504,0,1,女性,50,11,12,0.3333333333333333,0,0,13,4464126.154078853,8.147945205479452,5.0
C-001646951,S-0117,-58.293066852413524,1,1,女性,54,5,12,0.3333333333333333,0,0,20,4500859.737076383,9.593150684931507,7.0
C-000898288,S-0074,-100.0,1,1,女性,41,9,12,0.5833333333333334,0,0,14,4614054.39694187,8.308219178082192,6.0
C-000014637,S-0018,-58.73645770988924,1,1,女性,59,12,12,0.0833333333333333,8264,2,16,4493108.581950108,7.550684931506849,5.0
C-000924730,S-0131,-100.0,1,1,女性,53,8,12,0.25,0,0,17,4569023.5643747775,5.13972602739726,2.0
C-000534625,S-0072,-100.0,1,1,女性,38,10,12,0.3333333333333333,0,0,12,4406797.312641796,9.01917808219178,6.0
C-001013910,S-0079,-57.05549037717481,1,1,女性,37,8,12,0.25,16639,2,13,4256656.371085242,8.479452054794521,6.0
C-000700144,S-0048,-17.081728665505235,0,1,男性,65,9,12,0.0833333333333333,19743,2,15,4502249.082895545,3.671232876712329,1.0
C-000698599,S-0117,-59.446972101717634,1,1,男性,41,9,12,0.25,4731,2,20,4500859.737076383,9.593150684931507,7.0
C-000828619,S-0040,-50.44639159127098,1,1,男性,59,9,12,0.25,0,0,20,4550116.0180538,8.163013698630138,4.0
C-002396262,S-0121,-35.25922653380131,0,1,女性,42,2,12,0.1666666666666666,25819,2,14,4716268.25678644,9.856164383561644,7.0
C-001193702,S-0080,-78.15259322760394,1,1,女性,27,7,12,0.25,26052,1,17,4457429.264950683,11.673972602739726,9.0
C-002309384,S-0040,-34.94266182993647,0,1,女性,50,2,12,0.4166666666666667,0,0,20,4550116.0180538,8.163013698630138,4.0
C-001316810,S-0096,-21.066883313180167,0,1,女性,49,7,12,0.6666666666666666,13878,2,16,4644856.458098179,8.302739726027397,5.0
C-001567314,S-0041,-100.0,1,1,男性,55,6,12,0.5833333333333334,21007,1,17,4828489.286769263,10.389041095890411,7.0
C-001437254,S-0056,-66.20294481350473,1,1,女性,48,6,12,0.3333333333333333,28905,2,15,4406070.585753419,7.528767123287671,4.0
C-001031589,S-0074,-12.639123325891216,0,1,男性,39,8,12,0.1666666666666666,16035,1,14,4614054.39694187,8.308219178082192,6.0
C-001394591,S-0115,-36.05650888619313,0,1,男性,42,6,12,0.25,1207,1,14,4553643.099564746,10.51095890410959,7.0
C-002371027,S-0008,-22.410925882190064,0,1,男性,42,2,12,0.0833333333333333,30804,2,22,4498453.308937302,10.772602739726027,7.0
C-000892116,S-0012,-99.3705684161121,1,1,男性,46,9,12,0.1666666666666666,3541,1,16,4444678.825084195,7.994520547945205,5.0
C-000620501,S-0005,-23.376758625135754,0,1,女性,37,10,12,0.4166666666666667,14984,1,21,4733942.970761149,4.69041095890411,2.0
C-000618920,S-0106,-59.450192137156364,1,1,女性,56,10,12,0.0833333333333333,3431,2,20,4462729.145118021,6.171232876712329,3.5
C-001523116,S-0082,-96.54672839017103,1,1,男性,53,6,12,0.4166666666666667,0,0,17,4607261.71451126,4.758904109589041,2.0
C-000011631,S-0099,-44.93484583549343,0,1,男性,40,12,12,0.75,0,0,13,4464126.154078853,8.147945205479452,5.0
C-000555843,S-0072,-77.34182001512478,1,1,女性,51,10,12,0.25,17331,2,12,4406797.312641796,9.01917808219178,6.0
C-000344133,S-0072,-18.30989982948303,0,1,女性,45,11,12,0.0833333333333333,13401,2,12,4406797.312641796,9.01917808219178,6.0
C-002369471,S-0099,-18.821599748008616,0,1,男性,44,2,12,0.25,8676,1,13,4464126.154078853,8.147945205479452,5.0
C-001776828,S-0113,-48.389380232670824,0,1,男性,55,5,12,0.3333333333333333,21533,2,16,4336633.961311346,5.77945205479452,2.5
C-002669552,S-0050,-100.0,1,1,男性,64,1,12,0.25,0,0,20,4615411.181286601,9.2013698630137,6.0
C-002188504,S-0002,-59.46641014566728,1,1,女性,71,3,12,0.25,0,0,15,4455566.655169959,5.663013698630137,2.0
C-001470217,S-0040,-23.456717648470807,0,1,女性,57,6,12,0.0833333333333333,21112,2,20,4550116.0180538,8.163013698630138,4.0
C-000549110,S-0039,-37.822485129875005,0,1,男性,56,10,12,0.3333333333333333,109257,1,16,4591288.568998441,8.193150684931506,5.0
C-001230616,S-0036,-64.04105515370193,1,1,男性,55,7,12,0.3333333333333333,641,1,19,4397834.424680548,11.123287671232877,9.0
C-001624209,S-0115,-19.780856123173972,0,1,女性,43,5,12,0.0,13406,1,14,4553643.099564746,10.51095890410959,7.0
C-002133212,S-0036,-53.229914098029305,1,1,女性,47,3,12,0.4166666666666667,72241,1,19,4397834.424680548,11.123287671232877,9.0
C-000029196,S-0099,-54.40290953111466,1,1,男性,60,12,12,0.3333333333333333,0,0,13,4464126.154078853,8.147945205479452,5.0
C-002504426,S-0131,-22.833632380554977,0,1,女性,45,1,12,0.1666666666666666,1938,1,17,4569023.5643747775,5.13972602739726,2.0
C-000811509,S-0018,-36.29412599506264,0,1,女性,49,9,12,0.1666666666666666,4606,1,16,4493108.581950108,7.550684931506849,5.0
C-001753207,S-0020,-100.0,1,1,女性,51,5,12,0.25,0,0,16,4280702.057267675,6.986301369863014,3.5
C-000319043,S-0113,-25.13363054153749,0,1,男性,42,11,12,0.6666666666666666,16296,2,16,4336633.961311346,5.77945205479452,2.5
C-000217556,S-0089,-18.781554711117625,0,1,女性,37,12,12,0.25,4247,2,19,4721110.949352573,10.142465753424657,7.0
C-001115257,S-0121,-57.83305364586153,1,1,女性,47,8,12,0.25,10383,1,14,4716268.25678644,9.856164383561644,7.0
C-001053050,S-0018,-31.307008923566,0,1,男性,26,8,12,0.0833333333333333,-5242,1,16,4493108.581950108,7.550684931506849,5.0
C-001735842,S-0004,-100.0,1,1,女性,30,5,12,0.1666666666666666,5653,1,22,4423576.351309,11.806849315068494,9.0
C-000575378,S-0097,-76.83843957151532,1,1,女性,32,10,12,0.5833333333333334,12322,1,21,4592508.716501317,10.09041095890411,7.0
C-000159895,S-0117,-30.780145151627124,0,1,男性,51,12,12,0.3333333333333333,67000,2,20,4500859.737076383,9.593150684931507,7.0
C-000124688,S-0014,-100.0,1,1,女性,45,12,12,0.25,0,0,21,4730192.353344672,7.336986301369863,4.0
C-000639412,S-0115,-100.0,1,1,男性,56,10,12,0.5833333333333334,17388,1,14,4553643.099564746,10.51095890410959,7.0
C-000306339,S-0059,-51.76109914280119,1,1,女性,68,11,12,0.6666666666666666,0,0,14,4713188.969095345,6.8123287671232875,3.0
C-001328025,S-0096,-23.220046760099788,0,1,女性,52,7,12,0.25,0,0,16,4644856.458098179,8.302739726027397,5.0
C-000648126,S-0018,-80.14911463187325,1,1,男性,70,10,12,0.0833333333333333,1502,1,16,4493108.581950108,7.550684931506849,5.0
C-002093700,S-0089,-100.0,1,1,男性,33,3,12,0.25,0,0,19,4721110.949352573,10.142465753424657,7.0
C-001896386,S-0036,-69.30446056732758,1,1,女性,59,4,12,0.1666666666666666,19323,2,19,4397834.424680548,11.123287671232877,9.0
C-000916307,S-0072,-100.0,1,1,女性,50,8,12,0.25,0,0,12,4406797.312641796,9.01917808219178,6.0
C-000532565,S-0072,-66.45757966592217,1,1,男性,45,10,12,0.3333333333333333,0,0,12,4406797.312641796,9.01917808219178,6.0
C-001196331,S-0117,-50.65500530062093,1,1,女性,66,7,12,0.6666666666666666,0,0,20,4500859.737076383,9.593150684931507,7.0
C-002659661,S-0014,-100.0,1,1,女性,67,1,12,0.0833333333333333,0,0,21,4730192.353344672,7.336986301369863,4.0
C-002541602,S-0014,-38.580771722827,0,1,女性,38,1,12,0.1666666666666666,756,1,21,4730192.353344672,7.336986301369863,4.0
C-001981289,S-0097,-100.0,1,1,女性,45,4,12,0.1666666666666666,146476,1,21,4592508.716501317,10.09041095890411,7.0
C-002007271,S-0111,-28.343770307792283,0,1,女性,48,4,12,0.1666666666666666,15502,2,19,4489501.980758176,6.397260273972603,4.0
C-001426288,S-0089,-41.7814427452261,0,1,女性,49,6,12,0.3333333333333333,85561,2,19,4721110.949352573,10.142465753424657,7.0
C-002568246,S-0039,-42.989445962931185,0,1,男性,49,1,12,0.0,6588,1,16,4591288.568998441,8.193150684931506,5.0
C-000664458,S-0004,-73.62203233664441,1,1,男性,53,10,12,0.1666666666666666,92534,2,22,4423576.351309,11.806849315068494,9.0
C-002624560,S-0072,-61.942913573954314,1,1,男性,46,1,12,0.0,4869,1,12,4406797.312641796,9.01917808219178,6.0
C-002588267,S-0097,-40.460206374582164,0,1,女性,49,1,12,0.1666666666666666,10638,1,21,4592508.716501317,10.09041095890411,7.0
C-000600685,S-0036,-41.76956682274597,0,1,男性,64,10,12,0.3333333333333333,0,0,19,4397834.424680548,11.123287671232877,9.0
C-001729298,S-0007,-34.25957504577678,0,1,女性,53,5,12,0.25,0,0,21,4487075.727367008,3.7260273972602738,1.0
C-000587993,S-0056,-100.0,1,1,女性,23,10,12,0.0833333333333333,0,0,15,4406070.585753419,7.528767123287671,4.0
C-000237384,S-0102,-98.31992993072697,1,1,男性,44,11,12,0.5833333333333334,78980,2,16,4383474.364435211,10.484931506849314,7.5
C-000406570,S-0115,-61.36956136576476,1,1,男性,59,11,12,0.4166666666666667,6792,1,14,4553643.099564746,10.51095890410959,7.0
C-001489577,S-0121,-40.002445884798824,0,1,女性,65,6,12,0.1666666666666666,10329,1,14,4716268.25678644,9.856164383561644,7.0
C-002167719,S-0085,-27.883591577274537,0,1,男性,41,3,12,0.5,0,0,15,4606655.398026554,4.928767123287671,2.0
C-000179490,S-0040,-47.02636805986148,0,1,男性,42,12,12,0.9166666666666666,13038,2,20,4550116.0180538,8.163013698630138,4.0
C-001269548,S-0085,-24.437559087686125,0,1,女性,61,7,12,0.4166666666666667,4367,2,15,4606655.398026554,4.928767123287671,2.0
C-000266656,S-0074,-27.310454079767478,0,1,女性,36,11,12,0.4166666666666667,0,0,14,4614054.39694187,8.308219178082192,6.0
C-002006338,S-0072,-40.947154279226,0,1,女性,46,4,12,0.1666666666666666,5947,2,12,4406797.312641796,9.01917808219178,6.0
C-000978325,S-0040,-63.749846466135274,1,1,男性,31,8,12,0.1666666666666666,13316,2,20,4550116.0180538,8.163013698630138,4.0
C-000424886,S-0100,-23.36004845495744,0,1,女性,50,11,12,0.1666666666666666,93607,1,17,4535925.154217558,4.720547945205479,2.0
C-001462875,S-0012,-77.74131615854904,1,1,女性,40,6,12,0.25,8572,2,16,4444678.825084195,7.994520547945205,5.0
C-001626174,S-0036,-50.18310729806683,1,1,女性,36,5,12,0.3333333333333333,0,0,19,4397834.424680548,11.123287671232877,9.0
C-001305268,S-0115,-64.55721764768246,1,1,男性,71,7,12,0.1666666666666666,0,0,14,4553643.099564746,10.51095890410959,7.0
C-002362860,S-0121,-33.932552573867305,0,1,女性,42,2,12,0.0833333333333333,36106,1,14,4716268.25678644,9.856164383561644,7.0
C-000897663,S-0012,-20.820478087969363,0,1,男性,57,9,12,0.0,7721,1,16,4444678.825084195,7.994520547945205,5.0
C-000840892,S-0100,-54.60407838983051,1,1,女性,20,9,12,0.75,971,1,17,4535925.154217558,4.720547945205479,2.0
C-001559845,S-0018,-52.479098108989,1,1,男性,33,6,12,0.1666666666666666,815,2,16,4493108.581950108,7.550684931506849,5.0
C-001729600,S-0007,-100.0,1,1,男性,23,5,12,0.6666666666666666,0,0,21,4487075.727367008,3.7260273972602738,1.0
C-000760033,S-0102,-100.0,1,1,女性,33,9,12,0.3333333333333333,0,0,16,4383474.364435211,10.484931506849314,7.5
C-000436154,S-0017,-100.0,1,1,男性,53,11,12,0.1666666666666666,0,0,20,4640207.03550726,5.608219178082192,2.5
C-002462192,S-0041,-78.92622962230791,1,1,女性,44,2,12,0.5,14741,1,17,4828489.286769263,10.389041095890411,7.0
C-001599174,S-0050,-100.0,1,1,女性,58,5,12,0.0833333333333333,0,0,20,4615411.181286601,9.2013698630137,6.0
C-002655188,S-0117,-64.86259081308172,1,1,女性,56,1,12,0.0833333333333333,9803,2,20,4500859.737076383,9.593150684931507,7.0
C-002497269,S-0099,-100.0,1,1,女性,35,1,12,0.1666666666666666,327109,2,13,4464126.154078853,8.147945205479452,5.0
C-000354083,S-0117,-58.513193237478276,1,1,女性,46,11,12,0.1666666666666666,9100,2,20,4500859.737076383,9.593150684931507,7.0
C-001755369,S-0079,-100.0,1,1,男性,59,5,12,0.25,5396,1,13,4256656.371085242,8.479452054794521,6.0
C-001516345,S-0008,-62.224264200152966,1,1,女性,41,6,12,0.1666666666666666,7830,1,22,4498453.308937302,10.772602739726027,7.0
C-001231606,S-0102,-100.0,1,1,男性,35,7,12,0.1666666666666666,9829,2,16,4383474.364435211,10.484931506849314,7.5
C-000835483,S-0014,-65.92813080839372,1,1,女性,74,9,12,0.0833333333333333,12694,1,21,4730192.353344672,7.336986301369863,4.0
C-001207567,S-0072,-25.35222226833216,0,1,男性,54,7,12,0.0833333333333333,18752,1,12,4406797.312641796,9.01917808219178,6.0
C-000874273,S-0117,-100.0,1,1,男性,47,9,12,0.1666666666666666,0,0,20,4500859.737076383,9.593150684931507,7.0
C-000319039,S-0040,-76.99050066541233,1,1,女性,50,11,12,0.1666666666666666,0,0,20,4550116.0180538,8.163013698630138,4.0
C-002540051,S-0036,-100.0,1,1,女性,19,1,12,0.1666666666666666,0,0,19,4397834.424680548,11.123287671232877,9.0
C-002245093,S-0054,-33.45591793283654,0,1,男性,33,3,12,0.4166666666666667,8406,2,23,4489160.181517739,6.358904109589041,4.0
C-001052947,S-0041,-5.445054111762967,0,1,女性,50,8,12,0.1666666666666666,35907,1,17,4828489.286769263,10.389041095890411,7.0
C-001459002,S-0056,-72.96854619201058,1,1,女性,46,6,12,0.1666666666666666,105302,2,15,4406070.585753419,7.528767123287671,4.0
C-002651441,S-0096,-36.16589861751152,0,1,女性,33,1,12,0.25,0,0,16,4644856.458098179,8.302739726027397,5.0
C-000907468,S-0097,-44.385783178676505,0,1,男性,47,8,12,0.25,0,0,21,4592508.716501317,10.09041095890411,7.0
C-002467949,S-0054,-16.21029372825799,0,1,女性,39,2,12,0.0833333333333333,185232,2,23,4489160.181517739,6.358904109589041,4.0
C-002203041,S-0111,-29.347397476340692,0,1,女性,87,3,12,0.8333333333333334,0,0,19,4489501.980758176,6.397260273972603,4.0
C-000102313,S-0012,-24.24330509973401,0,1,女性,51,12,12,0.0833333333333333,0,0,16,4444678.825084195,7.994520547945205,5.0
C-001773683,S-0036,-39.174567678680766,0,1,女性,53,5,12,0.3333333333333333,0,0,19,4397834.424680548,11.123287671232877,9.0
C-002534985,S-0126,-40.24194999658701,0,1,男性,46,1,12,0.1666666666666666,0,0,17,4493168.352495564,5.53972602739726,3.0
C-000482636,S-0082,-7.826313900760121,0,1,女性,45,10,12,0.3333333333333333,0,0,17,4607261.71451126,4.758904109589041,2.0
C-000621916,S-0089,-22.566356632586132,0,1,女性,35,10,12,0.0833333333333333,8180,2,19,4721110.949352573,10.142465753424657,7.0
C-000839516,S-0115,-45.882788850044236,0,1,男性,41,9,12,0.3333333333333333,104715,2,14,4553643.099564746,10.51095890410959,7.0
C-001764353,S-0040,-100.0,1,1,男性,33,5,12,0.3333333333333333,47823,1,20,4550116.0180538,8.163013698630138,4.0
C-001019063,S-0054,-28.704566635601118,0,1,男性,17,8,12,0.3333333333333333,0,0,23,4489160.181517739,6.358904109589041,4.0
C-000184254,S-0096,-100.0,1,1,男性,41,12,12,0.5,0,0,16,4644856.458098179,8.302739726027397,5.0
C-002077743,S-0099,-39.83892217626909,0,1,男性,41,3,12,0.75,69066,2,13,4464126.154078853,8.147945205479452,5.0
C-000505725,S-0115,-23.94768244460563,0,1,男性,88,10,12,0.5833333333333334,35172,1,14,4553643.099564746,10.51095890410959,7.0
C-000875940,S-0117,-94.04290492483949,1,1,女性,59,9,12,0.25,122768,2,20,4500859.737076383,9.593150684931507,7.0
C-000088384,S-0117,-66.94703566237176,1,1,男性,52,12,12,0.1666666666666666,10671,2,20,4500859.737076383,9.593150684931507,7.0
C-001517541,S-0039,-35.168504725061105,0,1,女性,32,6,12,0.0,0,0,16,4591288.568998441,8.193150684931506,5.0
C-000269074,S-0089,-61.3340789492551,1,1,女性,41,11,12,0.1666666666666666,3621,1,19,4721110.949352573,10.142465753424657,7.0
C-001663422,S-0121,-100.0,1,1,女性,51,5,12,0.6666666666666666,0,0,14,4716268.25678644,9.856164383561644,7.0
C-000542168,S-0019,-17.660344328079443,0,1,女性,59,10,12,0.0833333333333333,28091,2,19,4327199.920883598,4.090410958904109,1.0
C-000186120,S-0018,-100.0,1,1,男性,47,12,12,0.3333333333333333,0,0,16,4493108.581950108,7.550684931506849,5.0
C-001138491,S-0113,-37.68498012114097,0,1,女性,18,7,12,0.0,34490,1,16,4336633.961311346,5.77945205479452,2.5
C-002061304,S-0017,-53.90076107952642,1,1,女性,38,3,12,0.3333333333333333,2471,1,20,4640207.03550726,5.608219178082192,2.5
C-000313564,S-0102,-36.49365430980676,0,1,女性,45,11,12,0.1666666666666666,1838,1,16,4383474.364435211,10.484931506849314,7.5
C-000831526,S-0002,-43.93140180483721,0,1,男性,69,9,12,0.1666666666666666,31071,1,15,4455566.655169959,5.663013698630137,2.0
C-001631637,S-0018,-100.0,1,1,女性,42,5,12,0.25,4143,1,16,4493108.581950108,7.550684931506849,5.0
C-002251281,S-0096,-62.27010075786173,1,1,女性,39,2,12,0.0833333333333333,30712,1,16,4644856.458098179,8.302739726027397,5.0
C-002034463,S-0048,-68.14170977168216,1,1,女性,50,3,12,0.25,0,0,15,4502249.082895545,3.671232876712329,1.0
C-001939480,S-0017,-21.986137759126052,0,1,男性,77,4,12,0.1666666666666666,0,0,20,4640207.03550726,5.608219178082192,2.5
C-001371241,S-0096,-20.181448675465763,0,1,女性,73,6,12,0.0833333333333333,0,0,16,4644856.458098179,8.302739726027397,5.0
C-001666454,S-0018,-8.590103383969147,0,1,女性,32,5,12,0.6666666666666666,0,0,16,4493108.581950108,7.550684931506849,5.0
C-000639040,S-0117,-32.847636208860806,0,1,女性,20,10,12,0.3333333333333333,1937,2,20,4500859.737076383,9.593150684931507,7.0
C-002559569,S-0072,-100.0,1,1,男性,45,1,12,0.1666666666666666,0,0,12,4406797.312641796,9.01917808219178,6.0
C-000167742,S-0097,-22.45271246727068,0,1,女性,77,12,12,0.3333333333333333,0,0,21,4592508.716501317,10.09041095890411,7.0
C-000644692,S-0056,-100.0,1,1,男性,40,10,12,0.25,5721,1,15,4406070.585753419,7.528767123287671,4.0
C-001474735,S-0039,-87.0260419728411,1,1,女性,47,6,12,0.5,8655,1,16,4591288.568998441,8.193150684931506,5.0
C-002030738,S-0100,-22.29402823449934,0,1,女性,46,3,12,0.75,2825,2,17,4535925.154217558,4.720547945205479,2.0
C-000717596,S-0074,-4.54724504294557,0,1,女性,33,9,12,0.1666666666666666,1018,1,14,4614054.39694187,8.308219178082192,6.0
C-001713922,S-0074,-99.96429442296304,1,1,女性,51,5,12,0.75,0,0,14,4614054.39694187,8.308219178082192,6.0
C-001484873,S-0040,-69.58191945707152,1,1,男性,50,6,12,0.3333333333333333,0,0,20,4550116.0180538,8.163013698630138,4.0
C-000643951,S-0080,-45.46751366011679,0,1,男性,41,10,12,0.5,3062,1,17,4457429.264950683,11.673972602739726,9.0
C-000214576,S-0115,-100.0,1,1,女性,82,12,12,0.1666666666666666,1216,1,14,4553643.099564746,10.51095890410959,7.0
C-001351472,S-0097,-38.51265172446413,0,1,女性,38,6,12,0.5,5198,1,21,4592508.716501317,10.09041095890411,7.0
C-001787023,S-0096,-100.0,1,1,男性,62,5,12,0.3333333333333333,55892,1,16,4644856.458098179,8.302739726027397,5.0
C-001358920,S-0059,-11.2610576417078,0,1,女性,27,6,12,0.0,13327,2,14,4713188.969095345,6.8123287671232875,3.0
C-001753410,S-0012,-39.878771949997535,0,1,女性,49,5,12,0.0833333333333333,7249,1,16,4444678.825084195,7.994520547945205,5.0
C-002252557,S-0072,-100.0,1,1,男性,53,2,12,0.0833333333333333,0,0,12,4406797.312641796,9.01917808219178,6.0
C-000169660,S-0106,-47.307878250208084,0,1,男性,35,12,12,0.25,8240,1,20,4462729.145118021,6.171232876712329,3.5
C-000266342,S-0126,-21.12055300088608,0,1,女性,43,11,12,0.3333333333333333,0,0,17,4493168.352495564,5.53972602739726,3.0
C-001590554,S-0014,-88.53756489372122,1,1,女性,62,5,12,0.25,1971,1,21,4730192.353344672,7.336986301369863,4.0
C-001444832,S-0096,-12.105276444335791,0,1,男性,56,6,12,0.6666666666666666,0,0,16,4644856.458098179,8.302739726027397,5.0
C-000808350,S-0020,-5.180604098904871,0,1,女性,38,9,12,0.25,6873,1,16,4280702.057267675,6.986301369863014,3.5
C-001939322,S-0039,-34.998590111718755,0,1,男性,48,4,12,0.4166666666666667,18303,1,16,4591288.568998441,8.193150684931506,5.0
C-001404551,S-0040,-83.11219718757168,1,1,女性,37,6,12,0.1666666666666666,2902,1,20,4550116.0180538,8.163013698630138,4.0
C-002211133,S-0039,-100.0,1,1,男性,47,3,12,0.25,0,0,16,4591288.568998441,8.193150684931506,5.0
C-001565950,S-0004,-62.700693211842996,1,1,女性,67,6,12,0.1666666666666666,20555,1,22,4423576.351309,11.806849315068494,9.0
C-000210731,S-0007,-72.0561600464544,1,1,女性,56,12,12,0.3333333333333333,0,0,21,4487075.727367008,3.7260273972602738,1.0
C-002351136,S-0102,-100.0,1,1,男性,41,2,12,0.6666666666666666,17735,1,16,4383474.364435211,10.484931506849314,7.5
C-001885618,S-0020,-100.0,1,1,女性,53,4,12,0.1666666666666666,17764,2,16,4280702.057267675,6.986301369863014,3.5
C-000410085,S-0004,-67.77716761242296,1,1,女性,79,11,12,0.3333333333333333,60438,1,22,4423576.351309,11.806849315068494,9.0
C-002240440,S-0054,-11.998354774581268,0,1,女性,35,3,12,0.0833333333333333,0,0,23,4489160.181517739,6.358904109589041,4.0
C-002486352,S-0014,-100.0,1,1,男性,61,1,12,0.5,0,0,21,4730192.353344672,7.336986301369863,4.0
C-001618323,S-0121,-100.0,1,1,男性,41,5,12,0.3333333333333333,0,0,14,4716268.25678644,9.856164383561644,7.0
C-000170993,S-0096,-49.963469318794125,1,1,男性,61,12,12,0.5,32983,1,16,4644856.458098179,8.302739726027397,5.0
C-001471158,S-0072,-41.646718587863326,0,1,女性,42,6,12,0.3333333333333333,25329,2,12,4406797.312641796,9.01917808219178,6.0
C-002623194,S-0036,-48.16867607565282,0,1,男性,47,1,12,0.1666666666666666,0,0,19,4397834.424680548,11.123287671232877,9.0
C-002402543,S-0097,-100.0,1,1,女性,42,2,12,0.1666666666666666,0,0,21,4592508.716501317,10.09041095890411,7.0
C-002394552,S-0012,-29.983290231737435,0,1,女性,53,2,12,0.3333333333333333,22179,1,16,4444678.825084195,7.994520547945205,5.0
C-002594059,S-0080,-20.23870403668817,0,1,男性,52,1,12,0.4166666666666667,8702,1,17,4457429.264950683,11.673972602739726,9.0
C-000644898,S-0121,-78.17167691728379,1,1,女性,49,10,12,0.5,133518,2,14,4716268.25678644,9.856164383561644,7.0
C-002669609,S-0012,-46.39939644499469,0,1,男性,42,1,12,0.1666666666666666,0,0,16,4444678.825084195,7.994520547945205,5.0
C-002125459,S-0072,-19.896929251668368,0,1,男性,46,3,12,0.5,21293,1,12,4406797.312641796,9.01917808219178,6.0
C-002618770,S-0121,-94.74313254885193,1,1,男性,49,1,12,0.3333333333333333,0,0,14,4716268.25678644,9.856164383561644,7.0
C-000461269,S-0097,-50.33491596196197,1,1,男性,28,10,12,0.0833333333333333,42961,1,21,4592508.716501317,10.09041095890411,7.0
C-002299793,S-0074,-100.0,1,1,女性,50,2,12,0.0833333333333333,27059,1,14,4614054.39694187,8.308219178082192,6.0
C-001223232,S-0039,-39.338439517532436,0,1,男性,53,7,12,0.25,22690,1,16,4591288.568998441,8.193150684931506,5.0
C-001239020,S-0054,-37.37042790566304,0,1,女性,51,7,12,0.1666666666666666,19237,1,23,4489160.181517739,6.358904109589041,4.0
C-000083999,S-0056,-16.660828043243004,0,1,女性,60,12,12,0.3333333333333333,0,0,15,4406070.585753419,7.528767123287671,4.0
C-002235853,S-0097,-100.0,1,1,女性,47,3,12,0.5,22247,1,21,4592508.716501317,10.09041095890411,7.0
C-000323103,S-0074,-37.310711960476425,0,1,男性,57,11,12,0.1666666666666666,24524,2,14,4614054.39694187,8.308219178082192,6.0
C-002652874,S-0030,-100.0,1,1,男性,45,1,12,0.0,9438,2,22,4426478.045479023,9.236986301369862,5.5
C-002527804,S-0121,-39.79799429702402,0,1,女性,55,1,12,0.1666666666666666,20341,2,14,4716268.25678644,9.856164383561644,7.0
C-000680248,S-0096,-57.0976216573586,1,1,女性,55,9,12,0.0833333333333333,12420,1,16,4644856.458098179,8.302739726027397,5.0
C-000313668,S-0117,-100.0,1,1,女性,40,11,12,0.5,0,0,20,4500859.737076383,9.593150684931507,7.0
C-001302298,S-0111,-38.21568749610616,0,1,女性,46,7,12,0.1666666666666666,141188,1,19,4489501.980758176,6.397260273972603,4.0
C-002298881,S-0039,-59.26637179184981,1,1,男性,52,2,12,0.75,14087,1,16,4591288.568998441,8.193150684931506,5.0
C-000261126,S-0097,-100.0,1,1,女性,20,11,12,0.0833333333333333,1099,1,21,4592508.716501317,10.09041095890411,7.0
C-001765868,S-0040,-33.250755361728615,0,1,男性,27,5,12,0.75,0,0,20,4550116.0180538,8.163013698630138,4.0
C-000064085,S-0054,-18.80072590414809,0,1,女性,65,12,12,0.5833333333333334,109004,1,23,4489160.181517739,6.358904109589041,4.0
C-001296446,S-0039,-25.161323441043344,0,1,女性,69,7,12,0.0,25794,1,16,4591288.568998441,8.193150684931506,5.0
C-002488742,S-0121,-21.39447117118774,0,1,女性,40,1,12,0.0833333333333333,4934,2,14,4716268.25678644,9.856164383561644,7.0
C-002253423,S-0054,-100.0,1,1,女性,47,2,12,0.1666666666666666,0,0,23,4489160.181517739,6.358904109589041,4.0
C-001604886,S-0089,-29.47348838170736,0,1,女性,53,5,12,0.25,0,0,19,4721110.949352573,10.142465753424657,7.0
C-000178970,S-0072,-36.043897036614425,0,1,女性,66,12,12,0.3333333333333333,52659,2,12,4406797.312641796,9.01917808219178,6.0
C-001777252,S-0002,-36.43019986852595,0,1,女性,39,5,12,0.1666666666666666,2306,1,15,4455566.655169959,5.663013698630137,2.0
C-001888676,S-0012,-29.217220029222062,0,1,男性,37,4,12,0.25,58394,1,16,4444678.825084195,7.994520547945205,5.0
C-000480314,S-0089,-47.77961808261886,0,1,女性,28,10,12,0.3333333333333333,82733,2,19,4721110.949352573,10.142465753424657,7.0
C-000600275,S-0039,-18.57686442309116,0,1,男性,49,10,12,0.3333333333333333,7358,1,16,4591288.568998441,8.193150684931506,5.0
C-000869107,S-0036,-100.0,1,1,男性,41,9,12,0.5833333333333334,0,0,19,4397834.424680548,11.123287671232877,9.0
C-002161631,S-0131,-17.804918684078995,0,1,男性,43,3,12,0.1666666666666666,22204,1,17,4569023.5643747775,5.13972602739726,2.0
C-000517927,S-0048,-89.12908149777857,1,1,女性,51,10,12,0.1666666666666666,28749,1,15,4502249.082895545,3.671232876712329,1.0
C-001847291,S-0039,-99.58710537788834,1,1,女性,52,4,12,0.5833333333333334,0,0,16,4591288.568998441,8.193150684931506,5.0
C-000813523,S-0089,-100.0,1,1,男性,48,9,12,0.25,2489,1,19,4721110.949352573,10.142465753424657,7.0
C-000494651,S-0074,-56.15215429426801,1,1,男性,51,10,12,0.1666666666666666,5575,1,14,4614054.39694187,8.308219178082192,6.0
C-001940536,S-0117,-81.45272933212338,1,1,女性,47,4,12,0.25,0,0,20,4500859.737076383,9.593150684931507,7.0
C-001723613,S-0018,-100.0,1,1,女性,79,5,12,0.5833333333333334,24478,2,16,4493108.581950108,7.550684931506849,5.0
C-002664255,S-0117,-100.0,1,1,男性,32,1,12,0.0833333333333333,11797,1,20,4500859.737076383,9.593150684931507,7.0
C-001540145,S-0036,-100.0,1,1,女性,62,6,12,0.5833333333333334,0,0,19,4397834.424680548,11.123287671232877,9.0
C-002268011,S-0106,-28.43436680983123,0,1,男性,58,2,12,0.6666666666666666,4749,2,20,4462729.145118021,6.171232876712329,3.5
C-000549056,S-0054,-18.61807661204583,0,1,女性,56,10,12,0.0833333333333333,0,0,23,4489160.181517739,6.358904109589041,4.0
C-001291820,S-0002,-16.868332864342175,0,1,男性,44,7,12,0.25,948,1,15,4455566.655169959,5.663013698630137,2.0
C-000124205,S-0072,-34.180132951413285,0,1,男性,45,12,12,0.25,50890,1,12,4406797.312641796,9.01917808219178,6.0
C-000518740,S-0096,-22.375106776337162,0,1,女性,35,10,12,0.25,122713,1,16,4644856.458098179,8.302739726027397,5.0
C-001713167,S-0121,-97.81505918238786,1,1,男性,59,5,12,0.25,38316,1,14,4716268.25678644,9.856164383561644,7.0
C-000839793,S-0111,-42.61079782475397,0,1,男性,47,9,12,0.4166666666666667,0,0,19,4489501.980758176,6.397260273972603,4.0
C-002176079,S-0018,-70.39212069036199,1,1,男性,71,3,12,0.25,7446,2,16,4493108.581950108,7.550684931506849,5.0
C-000955339,S-0007,-45.42601913217457,0,1,女性,53,8,12,0.0,0,0,21,4487075.727367008,3.7260273972602738,1.0
C-002359966,S-0126,-30.91589343242752,0,1,女性,41,2,12,0.0833333333333333,0,0,17,4493168.352495564,5.53972602739726,3.0
C-001837054,S-0115,-14.803775401605607,0,1,男性,41,4,12,0.0833333333333333,36675,1,14,4553643.099564746,10.51095890410959,7.0
C-000597589,S-0097,-31.62782310778524,0,1,女性,53,10,12,0.25,10793,2,21,4592508.716501317,10.09041095890411,7.0
C-001971594,S-0007,-17.90897844684892,0,1,男性,74,4,12,0.5,0,0,21,4487075.727367008,3.7260273972602738,1.0
C-000230476,S-0099,-30.097155979508923,0,1,男性,34,11,12,0.3333333333333333,36373,2,13,4464126.154078853,8.147945205479452,5.0
C-000172006,S-0106,-29.25720370588466,0,1,男性,66,12,12,0.0833333333333333,0,0,20,4462729.145118021,6.171232876712329,3.5
C-001750935,S-0005,-27.841670738276896,0,1,女性,49,5,12,0.25,4820,2,21,4733942.970761149,4.69041095890411,2.0
C-000903963,S-0019,-100.0,1,1,女性,22,8,12,0.0833333333333333,40650,2,19,4327199.920883598,4.090410958904109,1.0
C-000920208,S-0113,-100.0,1,1,男性,43,8,12,0.25,6938,1,16,4336633.961311346,5.77945205479452,2.5
C-000566110,S-0004,-100.0,1,1,男性,54,10,12,0.25,14511,1,22,4423576.351309,11.806849315068494,9.0
C-001751332,S-0113,-60.56362956990304,1,1,男性,58,5,12,0.4166666666666667,5348,1,16,4336633.961311346,5.77945205479452,2.5
C-001143431,S-0007,-45.176922100515945,0,1,男性,64,7,12,0.25,17749,1,21,4487075.727367008,3.7260273972602738,1.0
C-002036297,S-0085,-19.98565918306795,0,1,男性,38,3,12,0.25,0,0,15,4606655.398026554,4.928767123287671,2.0
C-000873417,S-0018,-36.29111638282052,0,1,男性,46,9,12,0.3333333333333333,0,0,16,4493108.581950108,7.550684931506849,5.0
C-000520616,S-0080,-30.465927190220338,0,1,男性,56,10,12,0.25,0,0,17,4457429.264950683,11.673972602739726,9.0
C-001294793,S-0004,-100.0,1,1,女性,76,7,12,0.0833333333333333,33772,1,22,4423576.351309,11.806849315068494,9.0
C-001620975,S-0074,-85.61405193344399,1,1,女性,63,5,12,0.0,0,0,14,4614054.39694187,8.308219178082192,6.0
C-001274181,S-0080,-34.57204976560363,0,1,女性,58,7,12,0.1666666666666666,2490,1,17,4457429.264950683,11.673972602739726,9.0
C-000154840,S-0126,-100.0,1,1,女性,45,12,12,0.1666666666666666,7752,1,17,4493168.352495564,5.53972602739726,3.0
C-000963525,S-0018,-82.40041787423334,1,1,女性,43,8,12,0.4166666666666667,35742,1,16,4493108.581950108,7.550684931506849,5.0
C-000259399,S-0074,-74.54039218354825,1,1,男性,18,11,12,0.1666666666666666,14055,2,14,4614054.39694187,8.308219178082192,6.0
C-000187822,S-0008,-19.960879955191043,0,1,男性,59,12,12,0.25,0,0,22,4498453.308937302,10.772602739726027,7.0
C-000789437,S-0014,-72.91824471039742,1,1,女性,41,9,12,0.4166666666666667,0,0,21,4730192.353344672,7.336986301369863,4.0
C-001895650,S-0113,-75.89344551463394,1,1,女性,49,4,12,0.5833333333333334,5150,2,16,4336633.961311346,5.77945205479452,2.5
C-001197756,S-0012,-100.0,1,1,女性,48,7,12,0.0833333333333333,0,0,16,4444678.825084195,7.994520547945205,5.0
C-001043623,S-0074,-100.0,1,1,男性,45,8,12,0.3333333333333333,4450,1,14,4614054.39694187,8.308219178082192,6.0
C-002657992,S-0005,-24.003525486328247,0,1,女性,54,1,12,0.4166666666666667,0,0,21,4733942.970761149,4.69041095890411,2.0
C-001165020,S-0005,-100.0,1,1,女性,42,7,12,0.25,680,1,21,4733942.970761149,4.69041095890411,2.0
C-002692784,S-0004,-30.998996765972297,0,1,男性,59,1,12,0.1666666666666666,1838,1,22,4423576.351309,11.806849315068494,9.0
C-000614116,S-0099,-17.783982177568415,0,1,男性,52,10,12,0.0833333333333333,0,0,13,4464126.154078853,8.147945205479452,5.0
C-002015632,S-0002,-31.7203160906553,0,1,女性,76,4,12,0.5833333333333334,-3039,1,15,4455566.655169959,5.663013698630137,2.0
C-002258394,S-0106,-28.611412809660415,0,1,男性,57,2,12,0.4166666666666667,0,0,20,4462729.145118021,6.171232876712329,3.5
C-002669246,S-0004,-69.83364853911768,1,1,女性,49,1,12,0.5,0,0,22,4423576.351309,11.806849315068494,9.0
C-000882360,S-0121,-18.36954448402956,0,1,女性,43,9,12,0.0833333333333333,13557,2,14,4716268.25678644,9.856164383561644,7.0
C-000275179,S-0020,-100.0,1,1,男性,57,11,12,0.0,0,0,16,4280702.057267675,6.986301369863014,3.5
C-001031630,S-0017,-57.08554048050306,1,1,男性,24,8,12,0.0,0,0,20,4640207.03550726,5.608219178082192,2.5
C-001939938,S-0131,-82.06882050267168,1,1,女性,51,4,12,0.5833333333333334,0,0,17,4569023.5643747775,5.13972602739726,2.0
C-002060330,S-0007,-40.355494736000956,0,1,女性,71,3,12,0.25,5773,2,21,4487075.727367008,3.7260273972602738,1.0
C-000274811,S-0099,-52.6035692762301,1,1,女性,31,11,12,0.4166666666666667,0,0,13,4464126.154078853,8.147945205479452,5.0
C-002647567,S-0102,-77.52817183910142,1,1,男性,37,1,12,0.1666666666666666,16911,1,16,4383474.364435211,10.484931506849314,7.5
C-002060472,S-0102,-14.415976868648665,0,1,男性,51,3,12,0.25,0,0,16,4383474.364435211,10.484931506849314,7.5
C-002043920,S-0008,-100.0,1,1,女性,45,3,12,0.6666666666666666,0,0,22,4498453.308937302,10.772602739726027,7.0
C-000578582,S-0002,-47.303888122349754,0,1,男性,62,10,12,0.0833333333333333,35516,1,15,4455566.655169959,5.663013698630137,2.0
C-001834178,S-0040,-98.85305407693468,1,1,女性,60,4,12,0.0,0,0,20,4550116.0180538,8.163013698630138,4.0
C-001808878,S-0096,-44.64608419410679,0,1,男性,50,4,12,0.1666666666666666,9243,1,16,4644856.458098179,8.302739726027397,5.0
C-000672699,S-0014,-39.068912243439655,0,1,男性,53,10,12,0.1666666666666666,0,0,21,4730192.353344672,7.336986301369863,4.0
C-000040676,S-0020,-100.0,1,1,女性,47,12,12,0.25,0,0,16,4280702.057267675,6.986301369863014,3.5
C-002127852,S-0002,-79.06022325755919,1,1,女性,52,3,12,0.5833333333333334,0,0,15,4455566.655169959,5.663013698630137,2.0
C-002567807,S-0099,-80.04328930258025,1,1,男性,58,1,12,0.5833333333333334,60352,1,13,4464126.154078853,8.147945205479452,5.0
C-001920560,S-0059,-100.0,1,1,女性,50,4,12,0.1666666666666666,41208,2,14,4713188.969095345,6.8123287671232875,3.0
C-000856408,S-0082,-100.0,1,1,女性,68,9,12,0.1666666666666666,11958,2,17,4607261.71451126,4.758904109589041,2.0
C-000703463,S-0050,-100.0,1,1,男性,70,9,12,0.3333333333333333,455,1,20,4615411.181286601,9.2013698630137,6.0
C-002190648,S-0075,-15.715026253717312,0,1,女性,34,3,12,0.5,20907,1,19,4506647.2743158825,4.526027397260274,1.0
C-002380214,S-0039,-53.87254575390443,1,1,女性,62,2,12,0.0,0,0,16,4591288.568998441,8.193150684931506,5.0
C-000941334,S-0085,-100.0,1,1,女性,44,8,12,0.25,5485,2,15,4606655.398026554,4.928767123287671,2.0
C-000740701,S-0036,-95.13374566656161,1,1,女性,60,9,12,0.1666666666666666,26878,1,19,4397834.424680548,11.123287671232877,9.0
C-002694138,S-0036,-100.0,1,1,男性,59,1,12,0.1666666666666666,0,0,19,4397834.424680548,11.123287671232877,9.0
C-000579799,S-0004,-100.0,1,1,女性,32,10,12,0.4166666666666667,0,0,22,4423576.351309,11.806849315068494,9.0
C-001997675,S-0036,-100.0,1,1,女性,53,4,12,0.25,8677,1,19,4397834.424680548,11.123287671232877,9.0
C-001872497,S-0056,-50.14875600745414,1,1,男性,65,4,12,0.1666666666666666,0,0,15,4406070.585753419,7.528767123287671,4.0
C-000462048,S-0121,-54.489208386037,1,1,女性,45,10,12,0.3333333333333333,4732,1,14,4716268.25678644,9.856164383561644,7.0
C-002433719,S-0004,-51.41333792799778,1,1,女性,78,2,12,0.5833333333333334,45739,1,22,4423576.351309,11.806849315068494,9.0
C-002441063,S-0079,-100.0,1,1,男性,33,2,12,0.1666666666666666,15839,1,13,4256656.371085242,8.479452054794521,6.0
C-000152789,S-0004,-100.0,1,1,女性,56,12,12,0.1666666666666666,15767,1,22,4423576.351309,11.806849315068494,9.0
C-002541841,S-0072,-71.54355497402958,1,1,女性,42,1,12,0.5,14310,1,12,4406797.312641796,9.01917808219178,6.0
C-001136948,S-0099,-78.90520965005375,1,1,女性,38,7,12,0.5,33077,1,13,4464126.154078853,8.147945205479452,5.0
C-001798190,S-0096,-100.0,1,1,女性,38,5,12,0.6666666666666666,0,0,16,4644856.458098179,8.302739726027397,5.0
C-001556696,S-0072,-48.75133094569741,0,1,男性,42,6,12,0.1666666666666666,10531,1,12,4406797.312641796,9.01917808219178,6.0
C-000868707,S-0079,-30.093944347834718,0,1,男性,14,9,12,0.1666666666666666,2285,1,13,4256656.371085242,8.479452054794521,6.0
C-000132335,S-0036,-100.0,1,1,男性,37,12,12,0.0833333333333333,24035,1,19,4397834.424680548,11.123287671232877,9.0
C-002530268,S-0102,-42.42888990782171,0,1,男性,67,1,12,0.3333333333333333,29360,1,16,4383474.364435211,10.484931506849314,7.5
C-002639108,S-0097,-100.0,1,1,女性,34,1,12,0.0,0,0,21,4592508.716501317,10.09041095890411,7.0
C-000668755,S-0059,-70.49101876377235,1,1,女性,37,10,12,0.0833333333333333,0,0,14,4713188.969095345,6.8123287671232875,3.0
C-000396523,S-0117,-100.0,1,1,女性,58,11,12,0.0,0,0,20,4500859.737076383,9.593150684931507,7.0
C-001707719,S-0097,-100.0,1,1,女性,47,5,12,0.25,0,0,21,4592508.716501317,10.09041095890411,7.0
C-000675004,S-0056,-25.010327386276778,0,1,女性,51,10,12,0.3333333333333333,11367,2,15,4406070.585753419,7.528767123287671,4.0
C-001367367,S-0012,-100.0,1,1,女性,54,6,12,0.25,9865,1,16,4444678.825084195,7.994520547945205,5.0
C-000487459,S-0007,-77.27133920235924,1,1,男性,56,10,12,0.6666666666666666,0,0,21,4487075.727367008,3.7260273972602738,1.0
C-002531196,S-0097,-81.33266617634646,1,1,女性,56,1,12,0.0833333333333333,26774,1,21,4592508.716501317,10.09041095890411,7.0
C-001869437,S-0089,-76.3645422838248,1,1,男性,50,4,12,0.25,23200,1,19,4721110.949352573,10.142465753424657,7.0
C-000596021,S-0082,-13.33292244478685,0,1,男性,35,10,12,0.25,0,0,17,4607261.71451126,4.758904109589041,2.0
C-001110413,S-0040,-40.78551206578888,0,1,男性,63,8,12,0.1666666666666666,0,0,20,4550116.0180538,8.163013698630138,4.0
C-001321246,S-0020,-100.0,1,1,女性,76,7,12,0.5833333333333334,0,0,16,4280702.057267675,6.986301369863014,3.5
C-000327927,S-0079,-100.0,1,1,男性,54,11,12,0.1666666666666666,35170,2,13,4256656.371085242,8.479452054794521,6.0
C-001033209,S-0082,-30.317935744340602,0,1,女性,48,8,12,0.3333333333333333,0,0,17,4607261.71451126,4.758904109589041,2.0
C-002249260,S-0072,-13.699366592393575,0,1,女性,47,2,12,0.5,11350,1,12,4406797.312641796,9.01917808219178,6.0
C-001056824,S-0074,-100.0,1,1,女性,47,8,12,0.25,1409,1,14,4614054.39694187,8.308219178082192,6.0
C-002282013,S-0002,-26.21244807755231,0,1,女性,46,2,12,0.5833333333333334,5878,1,15,4455566.655169959,5.663013698630137,2.0
C-001431593,S-0050,-33.44509861971501,0,1,女性,43,6,12,0.1666666666666666,0,0,20,4615411.181286601,9.2013698630137,6.0
C-000042910,S-0089,-31.028012277839444,0,1,男性,37,12,12,0.3333333333333333,37136,2,19,4721110.949352573,10.142465753424657,7.0
C-002345869,S-0117,-19.383790800566107,0,1,男性,44,2,12,0.3333333333333333,0,0,20,4500859.737076383,9.593150684931507,7.0
C-000586277,S-0080,-12.861504236285324,0,1,男性,59,10,12,0.1666666666666666,15799,2,17,4457429.264950683,11.673972602739726,9.0
C-002408475,S-0007,-100.0,1,1,女性,38,2,12,0.5,0,0,21,4487075.727367008,3.7260273972602738,1.0
C-001238602,S-0121,-15.451513488411365,0,1,女性,58,7,12,0.1666666666666666,41258,1,14,4716268.25678644,9.856164383561644,7.0
C-000647312,S-0097,-26.749702589975488,0,1,女性,63,10,12,0.25,2555,1,21,4592508.716501317,10.09041095890411,7.0
C-000500486,S-0100,-39.05314481181739,0,1,男性,38,10,12,0.5833333333333334,0,0,17,4535925.154217558,4.720547945205479,2.0
C-002354627,S-0014,-100.0,1,1,女性,50,2,12,0.0833333333333333,5675,1,21,4730192.353344672,7.336986301369863,4.0
C-002323027,S-0039,-20.622477298792084,0,1,女性,20,2,12,0.1666666666666666,1752,1,16,4591288.568998441,8.193150684931506,5.0
C-000834549,S-0018,-55.08435648870302,1,1,男性,34,9,12,0.25,19038,1,16,4493108.581950108,7.550684931506849,5.0
C-001785089,S-0059,-32.51553607905254,0,1,女性,34,5,12,0.25,31802,1,14,4713188.969095345,6.8123287671232875,3.0
C-001473291,S-0115,-100.0,1,1,女性,77,6,12,0.1666666666666666,0,0,14,4553643.099564746,10.51095890410959,7.0
C-000842850,S-0040,-100.0,1,1,男性,50,9,12,0.0833333333333333,0,0,20,4550116.0180538,8.163013698630138,4.0
C-001683168,S-0089,-19.094221404978377,0,1,女性,51,5,12,0.0,10793,2,19,4721110.949352573,10.142465753424657,7.0
C-000936614,S-0115,-41.80091182050137,0,1,男性,58,8,12,0.1666666666666666,44507,2,14,4553643.099564746,10.51095890410959,7.0
C-001421999,S-0062,-23.971554817040985,0,1,女性,57,6,12,0.75,5150,1,15,4713869.782113416,4.575342465753424,1.0
C-000096503,S-0072,-32.00482274304087,0,1,男性,14,12,12,0.25,18601,2,12,4406797.312641796,9.01917808219178,6.0
C-000767139,S-0054,-57.673895929095664,1,1,女性,43,9,12,0.4166666666666667,1671,1,23,4489160.181517739,6.358904109589041,4.0
C-001667326,S-0131,-34.035569022466085,0,1,男性,51,5,12,0.3333333333333333,0,0,17,4569023.5643747775,5.13972602739726,2.0
C-001305793,S-0004,-27.18947004387482,0,1,女性,65,7,12,0.0,0,0,22,4423576.351309,11.806849315068494,9.0
C-001971521,S-0017,-73.9244342034658,1,1,女性,50,4,12,0.6666666666666666,0,0,20,4640207.03550726,5.608219178082192,2.5
C-001823978,S-0002,-11.121784852943794,0,1,女性,17,4,12,0.1666666666666666,1125,1,15,4455566.655169959,5.663013698630137,2.0
C-000947480,S-0014,-100.0,1,1,女性,55,8,12,0.0833333333333333,2529,1,21,4730192.353344672,7.336986301369863,4.0
C-001437805,S-0036,-27.43921390489397,0,1,男性,39,6,12,0.0833333333333333,3203,1,19,4397834.424680548,11.123287671232877,9.0
C-000969444,S-0106,-24.440075816193715,0,1,女性,31,8,12,0.3333333333333333,5272,2,20,4462729.145118021,6.171232876712329,3.5
C-001635889,S-0007,-100.0,1,1,女性,56,5,12,0.0833333333333333,6516,2,21,4487075.727367008,3.7260273972602738,1.0
C-002579784,S-0018,-24.179926978911567,0,1,女性,31,1,12,0.0,0,0,16,4493108.581950108,7.550684931506849,5.0
C-000966685,S-0039,-35.71846436462956,0,1,女性,69,8,12,0.3333333333333333,0,0,16,4591288.568998441,8.193150684931506,5.0
C-001137757,S-0041,-69.31547432440905,1,1,女性,52,7,12,0.8333333333333334,0,0,17,4828489.286769263,10.389041095890411,7.0
C-001737805,S-0030,-100.0,1,1,男性,31,5,12,0.0833333333333333,0,0,22,4426478.045479023,9.236986301369862,5.5
C-001681033,S-0074,-61.24101965285887,1,1,女性,41,5,12,0.3333333333333333,2697,1,14,4614054.39694187,8.308219178082192,6.0
C-002314457,S-0113,-65.04697256115026,1,1,女性,47,2,12,0.25,0,0,16,4336633.961311346,5.77945205479452,2.5
C-002005712,S-0096,-37.67006066579208,0,1,男性,75,4,12,0.1666666666666666,27272,2,16,4644856.458098179,8.302739726027397,5.0
C-001922054,S-0089,-27.17111039487869,0,1,男性,34,4,12,0.1666666666666666,17762,1,19,4721110.949352573,10.142465753424657,7.0
C-001242988,S-0002,-100.0,1,1,女性,58,7,12,0.3333333333333333,11485,2,15,4455566.655169959,5.663013698630137,2.0
C-000191047,S-0115,-44.47028355018669,0,1,女性,58,12,12,0.5,4412,1,14,4553643.099564746,10.51095890410959,7.0
C-002118256,S-0099,-39.96763557904434,0,1,女性,35,3,12,0.0833333333333333,0,0,13,4464126.154078853,8.147945205479452,5.0
C-000330847,S-0074,-25.206041822023366,0,1,女性,45,11,12,0.1666666666666666,18335,1,14,4614054.39694187,8.308219178082192,6.0
C-001490389,S-0089,-30.68403173698214,0,1,男性,60,6,12,0.1666666666666666,4564,1,19,4721110.949352573,10.142465753424657,7.0
C-000913637,S-0075,-12.135039293094245,0,1,男性,44,8,12,0.3333333333333333,11161,1,19,4506647.2743158825,4.526027397260274,1.0
C-000695339,S-0012,-13.360163174986592,0,1,男性,78,9,12,0.4166666666666667,4556,2,16,4444678.825084195,7.994520547945205,5.0
C-000408473,S-0113,-34.80988739013932,0,1,男性,56,11,12,0.5833333333333334,0,0,16,4336633.961311346,5.77945205479452,2.5
C-001189763,S-0121,-17.090351596906334,0,1,女性,69,7,12,0.0833333333333333,44761,1,14,4716268.25678644,9.856164383561644,7.0
C-002342013,S-0002,-100.0,1,1,女性,57,2,12,0.0833333333333333,0,0,15,4455566.655169959,5.663013698630137,2.0
C-001837493,S-0097,-45.48278530271273,0,1,女性,80,4,12,0.25,25558,1,21,4592508.716501317,10.09041095890411,7.0
C-001800210,S-0096,-32.33535412910877,0,1,女性,58,4,12,0.1666666666666666,57224,1,16,4644856.458098179,8.302739726027397,5.0
C-001583731,S-0036,-100.0,1,1,男性,60,5,12,0.3333333333333333,0,0,19,4397834.424680548,11.123287671232877,9.0
C-000415965,S-0007,-24.372019162432274,0,1,男性,33,11,12,0.25,3406,1,21,4487075.727367008,3.7260273972602738,1.0
C-002502468,S-0056,-100.0,1,1,女性,44,1,12,0.8333333333333334,0,0,15,4406070.585753419,7.528767123287671,4.0
C-001571881,S-0121,-82.79117696206762,1,1,男性,16,6,12,0.25,0,0,14,4716268.25678644,9.856164383561644,7.0
C-001479188,S-0018,-100.0,1,1,男性,67,6,12,0.4166666666666667,0,0,16,4493108.581950108,7.550684931506849,5.0
C-000506783,S-0056,-17.42669432990388,0,1,女性,46,10,12,0.1666666666666666,3539,2,15,4406070.585753419,7.528767123287671,4.0
C-002338662,S-0056,-100.0,1,1,男性,26,2,12,0.5,0,0,15,4406070.585753419,7.528767123287671,4.0
C-000022236,S-0020,-54.06630841569907,1,1,女性,42,12,12,0.1666666666666666,0,0,16,4280702.057267675,6.986301369863014,3.5
C-001657927,S-0039,-39.71391977192617,0,1,男性,46,5,12,0.5,3136,1,16,4591288.568998441,8.193150684931506,5.0
C-002212833,S-0075,-96.0209083181103,1,1,男性,56,3,12,1.0,0,0,19,4506647.2743158825,4.526027397260274,1.0
C-000123698,S-0054,-14.063903658921504,0,1,男性,32,12,12,0.5,15311,1,23,4489160.181517739,6.358904109589041,4.0
C-002653593,S-0040,-19.097450921500748,0,1,男性,43,1,12,0.25,16008,1,20,4550116.0180538,8.163013698630138,4.0
C-002426541,S-0056,-71.66388103070499,1,1,女性,60,2,12,0.5,0,0,15,4406070.585753419,7.528767123287671,4.0
C-002257917,S-0100,-37.76912505726065,0,1,男性,69,2,12,0.4166666666666667,0,0,17,4535925.154217558,4.720547945205479,2.0
C-002464013,S-0014,-99.1166077738516,1,1,男性,47,2,12,0.3333333333333333,0,0,21,4730192.353344672,7.336986301369863,4.0
C-000453042,S-0036,-48.62657257103275,0,1,男性,59,10,12,0.3333333333333333,57943,1,19,4397834.424680548,11.123287671232877,9.0
C-000552122,S-0072,-100.0,1,1,男性,52,10,12,0.4166666666666667,21161,1,12,4406797.312641796,9.01917808219178,6.0
C-001826897,S-0074,-56.139412906110145,1,1,女性,51,4,12,0.25,13546,1,14,4614054.39694187,8.308219178082192,6.0
C-002322328,S-0008,-100.0,1,1,男性,54,2,12,0.25,0,0,22,4498453.308937302,10.772602739726027,7.0
C-001418945,S-0113,-23.37076591483923,0,1,女性,33,6,12,0.0833333333333333,13781,1,16,4336633.961311346,5.77945205479452,2.5
C-000234781,S-0072,-16.636510868740036,0,1,男性,32,11,12,0.0833333333333333,16706,1,12,4406797.312641796,9.01917808219178,6.0
C-001486629,S-0102,-41.000200728357186,0,1,女性,52,6,12,0.1666666666666666,6169,1,16,4383474.364435211,10.484931506849314,7.5
C-002136421,S-0096,-100.0,1,1,女性,37,3,12,0.3333333333333333,3492,1,16,4644856.458098179,8.302739726027397,5.0
C-001995878,S-0082,-86.26551181480725,1,1,男性,55,4,12,0.1666666666666666,0,0,17,4607261.71451126,4.758904109589041,2.0
C-001185748,S-0131,-9.6187845136326,0,1,男性,60,7,12,0.5,81243,1,17,4569023.5643747775,5.13972602739726,2.0
C-002215600,S-0131,-100.0,1,1,女性,22,3,12,0.3333333333333333,12092,1,17,4569023.5643747775,5.13972602739726,2.0
C-001505329,S-0017,-25.753816998715145,0,1,女性,57,6,12,0.3333333333333333,14203,2,20,4640207.03550726,5.608219178082192,2.5
C-000705441,S-0115,-81.09827629637626,1,1,女性,52,9,12,0.6666666666666666,790,1,14,4553643.099564746,10.51095890410959,7.0
C-000316486,S-0054,-100.0,1,1,女性,45,11,12,0.25,24030,1,23,4489160.181517739,6.358904109589041,4.0
C-002663267,S-0115,-93.31888239196508,1,1,女性,59,1,12,0.3333333333333333,35618,2,14,4553643.099564746,10.51095890410959,7.0
C-001980325,S-0002,-39.16149979365656,0,1,男性,60,4,12,0.25,0,0,15,4455566.655169959,5.663013698630137,2.0
C-001876388,S-0099,-100.0,1,1,男性,50,4,12,0.4166666666666667,0,0,13,4464126.154078853,8.147945205479452,5.0
C-002691148,S-0096,-9.319578603467809,0,1,女性,26,1,12,0.0833333333333333,0,0,16,4644856.458098179,8.302739726027397,5.0
C-002169454,S-0062,-22.711559660519924,0,1,女性,47,3,12,0.1666666666666666,28595,2,15,4713869.782113416,4.575342465753424,1.0
C-000905810,S-0020,-100.0,1,1,男性,47,8,12,0.1666666666666666,0,0,16,4280702.057267675,6.986301369863014,3.5
C-000826831,S-0040,-27.061853326787045,0,1,男性,42,9,12,0.4166666666666667,0,0,20,4550116.0180538,8.163013698630138,4.0
C-001869018,S-0089,-62.491535481168626,1,1,男性,22,4,12,0.1666666666666666,0,0,19,4721110.949352573,10.142465753424657,7.0
C-000693419,S-0072,-18.009857516122587,0,1,男性,59,9,12,0.25,50160,1,12,4406797.312641796,9.01917808219178,6.0
C-001162004,S-0036,-52.553609109540666,1,1,女性,31,7,12,0.1666666666666666,0,0,19,4397834.424680548,11.123287671232877,9.0
C-002608483,S-0079,-28.310179021045634,0,1,女性,48,1,12,0.0833333333333333,1262,1,13,4256656.371085242,8.479452054794521,6.0
C-001858317,S-0007,-100.0,1,1,男性,55,4,12,0.0,37523,1,21,4487075.727367008,3.7260273972602738,1.0
C-002074722,S-0017,-73.03945546647654,1,1,女性,52,3,12,0.8333333333333334,12252,1,20,4640207.03550726,5.608219178082192,2.5
C-000808448,S-0005,-9.252809395320947,0,1,女性,50,9,12,0.0833333333333333,0,0,21,4733942.970761149,4.69041095890411,2.0
C-002300259,S-0039,-11.674032370200745,0,1,女性,70,2,12,0.1666666666666666,0,0,16,4591288.568998441,8.193150684931506,5.0
C-000319913,S-0117,-42.621348033273584,0,1,男性,58,11,12,0.0,9771,1,20,4500859.737076383,9.593150684931507,7.0
C-001132209,S-0131,-11.984360999512685,0,1,女性,32,7,12,0.1666666666666666,24756,1,17,4569023.5643747775,5.13972602739726,2.0
C-000274237,S-0059,-42.56700378144547,0,1,女性,70,11,12,0.6666666666666666,7101,1,14,4713188.969095345,6.8123287671232875,3.0
C-001447116,S-0102,-100.0,1,1,女性,56,6,12,0.1666666666666666,0,0,16,4383474.364435211,10.484931506849314,7.5
C-002094831,S-0089,-100.0,1,1,男性,44,3,12,0.1666666666666666,0,0,19,4721110.949352573,10.142465753424657,7.0
C-002080776,S-0050,-21.06160687592421,0,1,女性,56,3,12,0.0833333333333333,5152,2,20,4615411.181286601,9.2013698630137,6.0
C-000203225,S-0080,-23.827428601838452,0,1,女性,56,12,12,0.25,2146,2,17,4457429.264950683,11.673972602739726,9.0
C-001363346,S-0056,-43.864433190494736,0,1,男性,58,6,12,0.25,0,0,15,4406070.585753419,7.528767123287671,4.0
C-000284776,S-0121,-30.66484686700181,0,1,女性,52,11,12,0.3333333333333333,3523,1,14,4716268.25678644,9.856164383561644,7.0
C-000396489,S-0050,-28.54450862316169,0,1,女性,48,11,12,0.25,39543,1,20,4615411.181286601,9.2013698630137,6.0
C-000227802,S-0131,-42.260154162581934,0,1,女性,20,11,12,0.0833333333333333,18226,1,17,4569023.5643747775,5.13972602739726,2.0
C-002098711,S-0018,-100.0,1,1,女性,37,3,12,0.25,6559,1,16,4493108.581950108,7.550684931506849,5.0
C-002061360,S-0097,-47.14120046387011,0,1,女性,46,3,12,0.25,4155,2,21,4592508.716501317,10.09041095890411,7.0
C-001057695,S-0074,-100.0,1,1,男性,53,8,12,0.3333333333333333,0,0,14,4614054.39694187,8.308219178082192,6.0
C-001707388,S-0004,-36.88338462004881,0,1,女性,16,5,12,0.3333333333333333,0,0,22,4423576.351309,11.806849315068494,9.0
C-000157382,S-0020,-35.77510670717573,0,1,男性,66,12,12,0.1666666666666666,28316,1,16,4280702.057267675,6.986301369863014,3.5
C-002559309,S-0097,-100.0,1,1,女性,60,1,12,0.3333333333333333,0,0,21,4592508.716501317,10.09041095890411,7.0
C-002307780,S-0036,-30.786877105104065,0,1,男性,60,2,12,0.4166666666666667,1795,2,19,4397834.424680548,11.123287671232877,9.0
C-000088213,S-0059,-64.73969579194856,1,1,女性,33,12,12,0.5,0,0,14,4713188.969095345,6.8123287671232875,3.0
C-002473366,S-0018,-9.858733816596724,0,1,女性,57,1,12,0.25,0,0,16,4493108.581950108,7.550684931506849,5.0
C-002632692,S-0020,-69.68308653755108,1,1,女性,39,1,12,0.25,0,0,16,4280702.057267675,6.986301369863014,3.5
C-002117951,S-0041,-93.37389626771537,1,1,女性,17,3,12,0.6666666666666666,22205,1,17,4828489.286769263,10.389041095890411,7.0
C-000411946,S-0030,-23.47535483804164,0,1,女性,33,11,12,0.3333333333333333,0,0,22,4426478.045479023,9.236986301369862,5.5
C-001555185,S-0111,-19.28228887837332,0,1,女性,67,6,12,0.5833333333333334,0,0,19,4489501.980758176,6.397260273972603,4.0
C-001408630,S-0115,-43.727769168327065,0,1,女性,38,6,12,0.0833333333333333,25129,1,14,4553643.099564746,10.51095890410959,7.0
C-001123460,S-0074,-100.0,1,1,男性,31,8,12,0.1666666666666666,0,0,14,4614054.39694187,8.308219178082192,6.0
C-002618084,S-0018,-34.29009179981388,0,1,女性,21,1,12,0.3333333333333333,10809,1,16,4493108.581950108,7.550684931506849,5.0
C-000403586,S-0062,-17.633481139524996,0,1,女性,39,11,12,0.4166666666666667,0,0,15,4713869.782113416,4.575342465753424,1.0
C-002349984,S-0020,-7.88675124082182,0,1,男性,51,2,12,0.8333333333333334,0,0,16,4280702.057267675,6.986301369863014,3.5
C-000143003,S-0036,-36.58594604881298,0,1,女性,60,12,12,0.4166666666666667,3590,1,19,4397834.424680548,11.123287671232877,9.0
C-002653245,S-0111,-38.02705597930118,0,1,男性,43,1,12,0.1666666666666666,0,0,19,4489501.980758176,6.397260273972603,4.0
C-001505666,S-0054,-34.48010696075516,0,1,女性,18,6,12,0.25,10198,2,23,4489160.181517739,6.358904109589041,4.0
C-001338687,S-0012,-68.8407610164233,1,1,女性,50,7,12,0.3333333333333333,70637,2,16,4444678.825084195,7.994520547945205,5.0
C-000120955,S-0131,-83.59564013668222,1,1,女性,31,12,12,0.4166666666666667,0,0,17,4569023.5643747775,5.13972602739726,2.0
C-002266819,S-0080,-94.5522080066034,1,1,女性,21,2,12,0.0833333333333333,0,0,17,4457429.264950683,11.673972602739726,9.0
C-000876885,S-0097,-99.5407454875574,1,1,女性,54,9,12,0.3333333333333333,0,0,21,4592508.716501317,10.09041095890411,7.0
C-001724647,S-0036,-40.26214314707076,0,1,女性,32,5,12,0.1666666666666666,31659,1,19,4397834.424680548,11.123287671232877,9.0
C-000977939,S-0062,-17.571620856563325,0,1,男性,43,8,12,0.0833333333333333,4674,2,15,4713869.782113416,4.575342465753424,1.0
C-001559332,S-0012,-50.07613142301553,1,1,女性,55,6,12,0.0833333333333333,6889,1,16,4444678.825084195,7.994520547945205,5.0
C-000260611,S-0030,-64.3814542028038,1,1,女性,40,11,12,0.3333333333333333,16069,1,22,4426478.045479023,9.236986301369862,5.5
C-000091564,S-0096,-38.08557335378793,0,1,女性,60,12,12,0.4166666666666667,2478,2,16,4644856.458098179,8.302739726027397,5.0
C-000881734,S-0039,-32.08322119378884,0,1,女性,43,9,12,0.25,3049,1,16,4591288.568998441,8.193150684931506,5.0
C-002101840,S-0080,-68.02080515241694,1,1,男性,50,3,12,0.1666666666666666,41465,1,17,4457429.264950683,11.673972602739726,9.0
C-002674002,S-0012,-100.0,1,1,女性,58,1,12,0.25,17246,1,16,4444678.825084195,7.994520547945205,5.0
C-002356431,S-0131,-29.02096428062385,0,1,女性,40,2,12,0.3333333333333333,18605,1,17,4569023.5643747775,5.13972602739726,2.0
C-001358917,S-0115,-100.0,1,1,女性,53,6,12,0.25,60519,2,14,4553643.099564746,10.51095890410959,7.0
C-001290346,S-0080,-30.37109012244547,0,1,女性,44,7,12,0.25,20509,2,17,4457429.264950683,11.673972602739726,9.0
C-002039409,S-0080,-31.341835042504833,0,1,女性,56,3,12,0.25,0,0,17,4457429.264950683,11.673972602739726,9.0
C-002424980,S-0113,-61.831981278345246,1,1,男性,40,2,12,0.0833333333333333,23317,1,16,4336633.961311346,5.77945205479452,2.5
C-001934305,S-0040,-100.0,1,1,男性,34,4,12,0.5833333333333334,66433,1,20,4550116.0180538,8.163013698630138,4.0
C-001186960,S-0097,-55.88716072243363,1,1,男性,58,7,12,0.0833333333333333,0,0,21,4592508.716501317,10.09041095890411,7.0
C-001550933,S-0036,-69.54361277758582,1,1,女性,42,6,12,0.1666666666666666,0,0,19,4397834.424680548,11.123287671232877,9.0
C-001924634,S-0041,-100.0,1,1,女性,48,4,12,0.1666666666666666,18521,1,17,4828489.286769263,10.389041095890411,7.0
C-000082868,S-0004,-33.7557097022459,0,1,女性,46,12,12,0.25,12587,1,22,4423576.351309,11.806849315068494,9.0
C-002501455,S-0100,-10.37922562110473,0,1,女性,48,1,12,0.3333333333333333,1000,1,17,4535925.154217558,4.720547945205479,2.0
C-002238916,S-0002,-75.67304753702109,1,1,女性,44,3,12,0.25,0,0,15,4455566.655169959,5.663013698630137,2.0
C-002490463,S-0096,-67.19888279661235,1,1,女性,46,1,12,0.3333333333333333,0,0,16,4644856.458098179,8.302739726027397,5.0
C-002477507,S-0115,-51.04619028819582,1,1,女性,50,1,12,0.0833333333333333,0,0,14,4553643.099564746,10.51095890410959,7.0
C-001705336,S-0039,-17.186879226084173,0,1,女性,59,5,12,0.25,0,0,16,4591288.568998441,8.193150684931506,5.0
C-000144901,S-0074,-27.95738918385148,0,1,男性,63,12,12,0.0833333333333333,0,0,14,4614054.39694187,8.308219178082192,6.0
C-002057523,S-0056,-59.88910101292606,1,1,女性,65,3,12,0.3333333333333333,0,0,15,4406070.585753419,7.528767123287671,4.0
C-001096146,S-0056,-29.976431347849346,0,1,女性,65,8,12,0.8333333333333334,5036,2,15,4406070.585753419,7.528767123287671,4.0
C-001812207,S-0117,-100.0,1,1,男性,58,4,12,0.25,37727,2,20,4500859.737076383,9.593150684931507,7.0
C-001226169,S-0080,-72.46767241379311,1,1,男性,39,7,12,0.5,3477,1,17,4457429.264950683,11.673972602739726,9.0
C-001234060,S-0030,-72.56145262897846,1,1,女性,44,7,12,0.0833333333333333,11484,1,22,4426478.045479023,9.236986301369862,5.5
C-001115565,S-0102,-100.0,1,1,女性,42,8,12,0.25,6315,2,16,4383474.364435211,10.484931506849314,7.5
C-000740274,S-0074,-23.906815631910128,0,1,男性,77,9,12,0.0833333333333333,8670,2,14,4614054.39694187,8.308219178082192,6.0
C-001758231,S-0041,-100.0,1,1,男性,46,5,12,0.4166666666666667,0,0,17,4828489.286769263,10.389041095890411,7.0
C-000400380,S-0017,-100.0,1,1,女性,60,11,12,0.1666666666666666,1432,1,20,4640207.03550726,5.608219178082192,2.5
C-002603705,S-0002,-30.87380021023246,0,1,女性,57,1,12,0.0,1930,1,15,4455566.655169959,5.663013698630137,2.0
C-000379389,S-0115,-55.38308079120156,1,1,女性,32,11,12,0.25,29840,1,14,4553643.099564746,10.51095890410959,7.0
C-001684184,S-0072,-32.37383591659561,0,1,女性,69,5,12,0.1666666666666666,1967,1,12,4406797.312641796,9.01917808219178,6.0
C-001168974,S-0126,-17.87735006539563,0,1,女性,55,7,12,0.0833333333333333,11189,2,17,4493168.352495564,5.53972602739726,3.0
C-000598670,S-0014,-56.21075237637848,1,1,女性,67,10,12,0.0833333333333333,0,0,21,4730192.353344672,7.336986301369863,4.0
C-000673110,S-0030,-55.518327682409165,1,1,女性,34,10,12,0.4166666666666667,0,0,22,4426478.045479023,9.236986301369862,5.5
C-002269111,S-0100,-34.4802928655712,0,1,男性,65,2,12,0.0833333333333333,9946,2,17,4535925.154217558,4.720547945205479,2.0
C-002121517,S-0062,-21.803637558208578,0,1,女性,19,3,12,0.0833333333333333,1763,2,15,4713869.782113416,4.575342465753424,1.0
C-002670193,S-0099,-7.523183884671486,0,1,男性,36,1,12,0.6666666666666666,0,0,13,4464126.154078853,8.147945205479452,5.0
C-000950705,S-0102,-27.786271908951914,0,1,男性,46,8,12,0.3333333333333333,0,0,16,4383474.364435211,10.484931506849314,7.5
C-001639367,S-0050,-30.53422740922741,0,1,女性,70,5,12,0.0833333333333333,11811,1,20,4615411.181286601,9.2013698630137,6.0
C-000533085,S-0102,-20.148025483965593,0,1,男性,74,10,12,0.0,4272,1,16,4383474.364435211,10.484931506849314,7.5
C-000503566,S-0017,-19.08776489377675,0,1,女性,39,10,12,0.0833333333333333,49128,2,20,4640207.03550726,5.608219178082192,2.5
C-000252907,S-0111,-32.105416991426345,0,1,男性,46,11,12,0.25,4719,1,19,4489501.980758176,6.397260273972603,4.0
C-001318162,S-0080,-30.41382198544952,0,1,女性,61,7,12,0.3333333333333333,138079,1,17,4457429.264950683,11.673972602739726,9.0
C-000452395,S-0004,-96.32573160610544,1,1,女性,41,10,12,0.0833333333333333,0,0,22,4423576.351309,11.806849315068494,9.0
C-001013464,S-0017,-35.33136477207206,0,1,男性,49,8,12,0.25,79540,2,20,4640207.03550726,5.608219178082192,2.5
C-002343668,S-0082,-20.308368474496042,0,1,女性,56,2,12,0.1666666666666666,33814,2,17,4607261.71451126,4.758904109589041,2.0
C-002237051,S-0018,-100.0,1,1,女性,41,3,12,0.3333333333333333,81435,1,16,4493108.581950108,7.550684931506849,5.0
C-002147394,S-0115,-21.087213069595787,0,1,男性,43,3,12,0.25,60608,1,14,4553643.099564746,10.51095890410959,7.0
C-000108158,S-0048,-100.0,1,1,女性,34,12,12,0.0833333333333333,18538,2,15,4502249.082895545,3.671232876712329,1.0
C-002588408,S-0072,-23.389281544177706,0,1,女性,43,1,12,0.0833333333333333,24105,1,12,4406797.312641796,9.01917808219178,6.0
C-001128052,S-0080,-41.93869464608362,0,1,女性,58,7,12,0.0,77649,2,17,4457429.264950683,11.673972602739726,9.0
C-002495167,S-0008,-21.365108484221036,0,1,女性,68,1,12,0.4166666666666667,0,0,22,4498453.308937302,10.772602739726027,7.0
C-002681538,S-0111,-21.653473609670975,0,1,男性,53,1,12,0.5833333333333334,8191,1,19,4489501.980758176,6.397260273972603,4.0
C-000927877,S-0121,-26.01894966788434,0,1,女性,41,8,12,0.25,1153,1,14,4716268.25678644,9.856164383561644,7.0
C-000251643,S-0099,-22.166317640766227,0,1,男性,52,11,12,0.3333333333333333,4913,2,13,4464126.154078853,8.147945205479452,5.0
C-000108502,S-0115,-96.14482181048028,1,1,男性,60,12,12,0.1666666666666666,0,0,14,4553643.099564746,10.51095890410959,7.0
C-001986218,S-0040,-88.94812405248838,1,1,男性,76,4,12,0.0833333333333333,0,0,20,4550116.0180538,8.163013698630138,4.0
C-001301952,S-0050,-9.50566046533036,0,1,女性,47,7,12,0.0833333333333333,74974,1,20,4615411.181286601,9.2013698630137,6.0
C-001601897,S-0097,-51.791715371128,1,1,女性,36,5,12,0.3333333333333333,2684,2,21,4592508.716501317,10.09041095890411,7.0
C-000834719,S-0079,-86.81107055737945,1,1,女性,49,9,12,0.0,6596,1,13,4256656.371085242,8.479452054794521,6.0
C-000497617,S-0117,-23.62532328797931,0,1,男性,46,10,12,0.25,22292,1,20,4500859.737076383,9.593150684931507,7.0
C-001445472,S-0030,-21.390208313930025,0,1,男性,41,6,12,0.1666666666666666,28778,1,22,4426478.045479023,9.236986301369862,5.5
C-002060363,S-0014,-42.20408019013792,0,1,男性,60,3,12,0.3333333333333333,15438,2,21,4730192.353344672,7.336986301369863,4.0
C-001777176,S-0080,-36.064269285690926,0,1,男性,58,5,12,0.0833333333333333,10297,1,17,4457429.264950683,11.673972602739726,9.0
C-002596879,S-0072,-62.684900441527645,1,1,女性,54,1,12,0.25,315349,1,12,4406797.312641796,9.01917808219178,6.0
C-001873617,S-0012,-54.931140174472624,1,1,女性,25,4,12,0.0833333333333333,0,0,16,4444678.825084195,7.994520547945205,5.0
C-000795731,S-0041,-100.0,1,1,女性,34,9,12,0.4166666666666667,0,0,17,4828489.286769263,10.389041095890411,7.0
C-002515485,S-0004,-35.10339790262717,0,1,男性,60,1,12,0.25,0,0,22,4423576.351309,11.806849315068494,9.0
C-001513565,S-0117,-100.0,1,1,男性,64,6,12,0.25,8267,1,20,4500859.737076383,9.593150684931507,7.0
C-001651353,S-0097,-100.0,1,1,女性,31,5,12,0.25,8235,2,21,4592508.716501317,10.09041095890411,7.0
C-000061345,S-0030,-23.769707598112408,0,1,女性,34,12,12,0.1666666666666666,0,0,22,4426478.045479023,9.236986301369862,5.5
C-002311016,S-0106,-39.0378195898249,0,1,男性,57,2,12,0.1666666666666666,0,0,20,4462729.145118021,6.171232876712329,3.5
C-001121332,S-0017,-52.86143005670648,1,1,男性,59,8,12,0.3333333333333333,0,0,20,4640207.03550726,5.608219178082192,2.5
C-002165733,S-0002,-71.89884748797135,1,1,女性,41,3,12,0.75,0,0,15,4455566.655169959,5.663013698630137,2.0
C-000433211,S-0099,-100.0,1,1,女性,42,11,12,0.5,6105,2,13,4464126.154078853,8.147945205479452,5.0
C-000702257,S-0074,-74.23768710767746,1,1,男性,26,9,12,0.25,15395,2,14,4614054.39694187,8.308219178082192,6.0
C-002674457,S-0018,-61.29030349642075,1,1,男性,45,1,12,0.25,0,0,16,4493108.581950108,7.550684931506849,5.0
C-000921040,S-0040,-10.889800312845416,0,1,男性,31,8,12,0.1666666666666666,0,0,20,4550116.0180538,8.163013698630138,4.0
C-001299835,S-0004,-26.360780078302387,0,1,男性,60,7,12,0.25,34615,1,22,4423576.351309,11.806849315068494,9.0
C-000137170,S-0039,-100.0,1,1,男性,41,12,12,0.0833333333333333,10714,2,16,4591288.568998441,8.193150684931506,5.0
C-000518613,S-0004,-45.51962177039865,0,1,男性,58,10,12,0.25,7541,2,22,4423576.351309,11.806849315068494,9.0
C-001179108,S-0017,-14.675034022284597,0,1,女性,60,7,12,0.5833333333333334,928,1,20,4640207.03550726,5.608219178082192,2.5
C-002366692,S-0036,-34.87771438967655,0,1,女性,41,2,12,0.4166666666666667,6567,2,19,4397834.424680548,11.123287671232877,9.0
C-001141689,S-0040,-37.91535073283801,0,1,女性,48,7,12,0.1666666666666666,36893,1,20,4550116.0180538,8.163013698630138,4.0
C-000974430,S-0012,-26.21389816950741,0,1,女性,42,8,12,0.9166666666666666,2825,2,16,4444678.825084195,7.994520547945205,5.0
C-002604135,S-0054,-21.119359967567636,0,1,男性,70,1,12,0.3333333333333333,5086,1,23,4489160.181517739,6.358904109589041,4.0
C-002285960,S-0100,-10.061582182853558,0,1,女性,38,2,12,0.3333333333333333,27004,2,17,4535925.154217558,4.720547945205479,2.0
C-000207831,S-0018,-54.510521144435906,1,1,女性,47,12,12,0.25,15935,1,16,4493108.581950108,7.550684931506849,5.0
C-001331686,S-0100,-30.206157561122847,0,1,女性,46,7,12,0.3333333333333333,12764,1,17,4535925.154217558,4.720547945205479,2.0
C-000761597,S-0059,-37.506026488188084,0,1,男性,30,9,12,0.4166666666666667,70066,1,14,4713188.969095345,6.8123287671232875,3.0
C-001553086,S-0050,-100.0,1,1,女性,52,6,12,0.0833333333333333,25136,1,20,4615411.181286601,9.2013698630137,6.0
C-000103100,S-0115,-58.758447548568846,1,1,女性,52,12,12,0.0,29256,2,14,4553643.099564746,10.51095890410959,7.0
C-000460748,S-0005,-29.35663115129941,0,1,女性,64,10,12,1.0,0,0,21,4733942.970761149,4.69041095890411,2.0
C-000573027,S-0082,-25.973675925317725,0,1,男性,46,10,12,0.3333333333333333,8106,1,17,4607261.71451126,4.758904109589041,2.0
C-000221342,S-0126,4.651303700516139,0,1,女性,42,12,12,0.4166666666666667,0,0,17,4493168.352495564,5.53972602739726,3.0
C-000558905,S-0096,-70.12459132278872,1,1,女性,66,10,12,0.3333333333333333,8148,1,16,4644856.458098179,8.302739726027397,5.0
C-001899761,S-0089,-26.021769116407885,0,1,男性,37,4,12,0.25,0,0,19,4721110.949352573,10.142465753424657,7.0
C-000072803,S-0036,-73.98756871229902,1,1,男性,40,12,12,0.25,22689,2,19,4397834.424680548,11.123287671232877,9.0
C-001226009,S-0097,-47.521005570016314,0,1,男性,43,7,12,0.5,0,0,21,4592508.716501317,10.09041095890411,7.0
C-001597555,S-0030,-81.22178567310847,1,1,男性,65,5,12,0.1666666666666666,0,0,22,4426478.045479023,9.236986301369862,5.5
C-001121137,S-0089,-87.22144974203228,1,1,女性,21,8,12,0.25,0,0,19,4721110.949352573,10.142465753424657,7.0
C-001357797,S-0089,-43.87771794251016,0,1,女性,59,6,12,0.1666666666666666,38943,2,19,4721110.949352573,10.142465753424657,7.0
C-000515641,S-0040,-100.0,1,1,男性,21,10,12,0.3333333333333333,11269,2,20,4550116.0180538,8.163013698630138,4.0
C-000727376,S-0018,-97.56083250211645,1,1,女性,70,9,12,0.3333333333333333,7654,1,16,4493108.581950108,7.550684931506849,5.0
C-001471677,S-0075,-21.168259160044922,0,1,男性,78,6,12,0.4166666666666667,0,0,19,4506647.2743158825,4.526027397260274,1.0
C-000891429,S-0039,-26.755201089654435,0,1,男性,75,9,12,0.1666666666666666,17506,2,16,4591288.568998441,8.193150684931506,5.0
C-000558327,S-0074,-73.23599131027333,1,1,男性,66,10,12,0.25,35736,2,14,4614054.39694187,8.308219178082192,6.0
C-001348366,S-0014,-60.43275160075011,1,1,女性,53,7,12,0.0833333333333333,0,0,21,4730192.353344672,7.336986301369863,4.0
C-000908896,S-0097,-100.0,1,1,女性,48,8,12,0.3333333333333333,0,0,21,4592508.716501317,10.09041095890411,7.0
C-000893597,S-0048,-39.79559735058796,0,1,女性,32,9,12,0.3333333333333333,0,0,15,4502249.082895545,3.671232876712329,1.0
C-000543607,S-0036,-100.0,1,1,男性,54,10,12,0.25,64365,1,19,4397834.424680548,11.123287671232877,9.0
C-002334895,S-0036,-100.0,1,1,女性,57,2,12,0.0833333333333333,0,0,19,4397834.424680548,11.123287671232877,9.0
C-001551760,S-0017,-36.247860129655095,0,1,女性,44,6,12,0.4166666666666667,22817,1,20,4640207.03550726,5.608219178082192,2.5
C-001186803,S-0040,-100.0,1,1,男性,55,7,12,0.0833333333333333,10673,1,20,4550116.0180538,8.163013698630138,4.0
C-002080867,S-0041,-100.0,1,1,女性,48,3,12,0.1666666666666666,49853,1,17,4828489.286769263,10.389041095890411,7.0
C-000620433,S-0074,-88.84904656993086,1,1,女性,60,10,12,0.0833333333333333,1454,1,14,4614054.39694187,8.308219178082192,6.0
C-000621167,S-0054,-26.309054518353246,0,1,男性,18,10,12,0.4166666666666667,3881,1,23,4489160.181517739,6.358904109589041,4.0
C-001557772,S-0102,-100.0,1,1,女性,92,6,12,0.4166666666666667,0,0,16,4383474.364435211,10.484931506849314,7.5
C-000607018,S-0039,-100.0,1,1,男性,37,10,12,0.6666666666666666,0,0,16,4591288.568998441,8.193150684931506,5.0
C-002539491,S-0115,-52.871957012380555,1,1,男性,38,1,12,0.0833333333333333,0,0,14,4553643.099564746,10.51095890410959,7.0
C-001892349,S-0115,-60.611710751841386,1,1,女性,57,4,12,0.5,1129,2,14,4553643.099564746,10.51095890410959,7.0
C-001600545,S-0079,-100.0,1,1,女性,39,5,12,0.0833333333333333,8150,1,13,4256656.371085242,8.479452054794521,6.0
C-001439186,S-0018,-99.3913731239631,1,1,女性,44,6,12,0.5,0,0,16,4493108.581950108,7.550684931506849,5.0
C-000985548,S-0056,-36.17259920347324,0,1,女性,51,8,12,0.4166666666666667,0,0,15,4406070.585753419,7.528767123287671,4.0
C-001930533,S-0062,-16.966290967641406,0,1,女性,58,4,12,0.8333333333333334,0,0,15,4713869.782113416,4.575342465753424,1.0
C-002047219,S-0039,-73.05280418356269,1,1,女性,53,3,12,0.5,0,0,16,4591288.568998441,8.193150684931506,5.0
C-001024965,S-0117,-22.436882611475028,0,1,男性,46,8,12,0.0833333333333333,4482,2,20,4500859.737076383,9.593150684931507,7.0
C-002081904,S-0020,-100.0,1,1,男性,38,3,12,0.4166666666666667,0,0,16,4280702.057267675,6.986301369863014,3.5
C-001406078,S-0014,-37.250325020683135,0,1,男性,54,6,12,0.25,0,0,21,4730192.353344672,7.336986301369863,4.0
C-000371418,S-0040,-91.97491168879218,1,1,女性,52,11,12,0.3333333333333333,4479,1,20,4550116.0180538,8.163013698630138,4.0
C-001535108,S-0039,-61.56564523911463,1,1,男性,49,6,12,0.3333333333333333,0,0,16,4591288.568998441,8.193150684931506,5.0
C-002618992,S-0117,-56.27215754442945,1,1,女性,57,1,12,0.0833333333333333,0,0,20,4500859.737076383,9.593150684931507,7.0
C-001275122,S-0014,-70.93674238900229,1,1,女性,51,7,12,0.0833333333333333,0,0,21,4730192.353344672,7.336986301369863,4.0
C-000763867,S-0019,-33.32397487994089,0,1,女性,58,9,12,0.9166666666666666,0,0,19,4327199.920883598,4.090410958904109,1.0
C-000202222,S-0102,-11.432401360955833,0,1,男性,53,12,12,0.3333333333333333,3586,1,16,4383474.364435211,10.484931506849314,7.5
C-000618628,S-0048,-100.0,1,1,女性,34,10,12,0.0833333333333333,36384,1,15,4502249.082895545,3.671232876712329,1.0
C-001601190,S-0080,-18.638399856270453,0,1,男性,49,5,12,0.25,0,0,17,4457429.264950683,11.673972602739726,9.0
C-002374200,S-0059,-9.928727592462037,0,1,女性,63,2,12,0.75,33643,1,14,4713188.969095345,6.8123287671232875,3.0
C-000376486,S-0085,-100.0,1,1,男性,60,11,12,0.4166666666666667,12202,1,15,4606655.398026554,4.928767123287671,2.0
C-001113453,S-0036,-52.0431430137353,1,1,男性,46,8,12,0.4166666666666667,0,0,19,4397834.424680548,11.123287671232877,9.0
C-002683934,S-0020,-51.69324336711716,1,1,男性,49,1,12,0.0,12780,2,16,4280702.057267675,6.986301369863014,3.5
C-000202074,S-0117,-92.84590195205698,1,1,男性,43,12,12,0.1666666666666666,29427,1,20,4500859.737076383,9.593150684931507,7.0
C-000116410,S-0100,-68.21872751567479,1,1,女性,54,12,12,0.4166666666666667,0,0,17,4535925.154217558,4.720547945205479,2.0
C-001718145,S-0106,-32.61319525266393,0,1,男性,46,5,12,0.25,27552,2,20,4462729.145118021,6.171232876712329,3.5
C-000599308,S-0115,-100.0,1,1,女性,17,10,12,0.1666666666666666,22010,1,14,4553643.099564746,10.51095890410959,7.0
C-000346785,S-0018,-36.55697258227056,0,1,女性,35,11,12,0.1666666666666666,5673,1,16,4493108.581950108,7.550684931506849,5.0
C-001305551,S-0097,-100.0,1,1,女性,79,7,12,0.1666666666666666,0,0,21,4592508.716501317,10.09041095890411,7.0
C-002417452,S-0096,-24.349773334274452,0,1,男性,45,2,12,0.1666666666666666,29062,1,16,4644856.458098179,8.302739726027397,5.0
C-000845210,S-0040,-100.0,1,1,女性,55,9,12,0.75,0,0,20,4550116.0180538,8.163013698630138,4.0
C-002231543,S-0082,-35.61418730609455,0,1,女性,56,3,12,0.0833333333333333,0,0,17,4607261.71451126,4.758904109589041,2.0
C-001906763,S-0040,-84.27546809203272,1,1,男性,56,4,12,0.4166666666666667,0,0,20,4550116.0180538,8.163013698630138,4.0
C-000430629,S-0056,-74.9246599343761,1,1,女性,48,11,12,0.0833333333333333,19734,2,15,4406070.585753419,7.528767123287671,4.0
C-002209831,S-0056,-39.725681097794165,0,1,男性,44,3,12,0.25,0,0,15,4406070.585753419,7.528767123287671,4.0
C-000226336,S-0002,-31.055592538930444,0,1,男性,45,11,12,0.3333333333333333,37760,2,15,4455566.655169959,5.663013698630137,2.0
C-002006235,S-0113,-64.20141186851974,1,1,男性,34,4,12,0.0833333333333333,0,0,16,4336633.961311346,5.77945205479452,2.5
C-000768187,S-0126,-72.13786141754993,1,1,男性,60,9,12,0.75,7538,1,17,4493168.352495564,5.53972602739726,3.0
C-001774605,S-0005,-24.00827572047333,0,1,男性,69,5,12,0.4166666666666667,35597,1,21,4733942.970761149,4.69041095890411,2.0
C-000236125,S-0002,-34.75454901282553,0,1,女性,66,11,12,0.1666666666666666,4490,1,15,4455566.655169959,5.663013698630137,2.0
C-001411615,S-0115,-23.755896641554603,0,1,男性,43,6,12,0.4166666666666667,53402,2,14,4553643.099564746,10.51095890410959,7.0
C-001459630,S-0096,-53.953308254038504,1,1,女性,62,6,12,0.0833333333333333,0,0,16,4644856.458098179,8.302739726027397,5.0
C-002039867,S-0050,-15.144915170830178,0,1,女性,55,3,12,0.25,5764,2,20,4615411.181286601,9.2013698630137,6.0
C-001535391,S-0113,-100.0,1,1,男性,58,6,12,0.1666666666666666,0,0,16,4336633.961311346,5.77945205479452,2.5
C-000049663,S-0036,-9.846778549133093,0,1,男性,52,12,12,0.25,4984,1,19,4397834.424680548,11.123287671232877,9.0
C-001083961,S-0131,-46.55136465044515,0,1,女性,51,8,12,0.25,4470,1,17,4569023.5643747775,5.13972602739726,2.0
C-001496543,S-0121,-36.654255589668914,0,1,女性,26,6,12,0.25,82156,2,14,4716268.25678644,9.856164383561644,7.0
C-002567242,S-0012,-100.0,1,1,男性,32,1,12,0.1666666666666666,3376,2,16,4444678.825084195,7.994520547945205,5.0
C-000688470,S-0012,-14.66955139046748,0,1,男性,59,9,12,0.25,36118,1,16,4444678.825084195,7.994520547945205,5.0
C-001997606,S-0039,-74.59298939146542,1,1,男性,41,4,12,0.25,0,0,16,4591288.568998441,8.193150684931506,5.0
C-002320029,S-0089,-34.549270639041865,0,1,女性,33,2,12,0.5,8306,1,19,4721110.949352573,10.142465753424657,7.0
C-001914827,S-0056,-100.0,1,1,女性,54,4,12,0.1666666666666666,0,0,15,4406070.585753419,7.528767123287671,4.0
C-000906999,S-0121,-99.58894316692482,1,1,女性,66,8,12,0.1666666666666666,169837,2,14,4716268.25678644,9.856164383561644,7.0
C-001219967,S-0117,-35.20765386425222,0,1,男性,48,7,12,0.4166666666666667,5387,1,20,4500859.737076383,9.593150684931507,7.0
C-001227298,S-0018,-100.0,1,1,女性,64,7,12,0.0833333333333333,0,0,16,4493108.581950108,7.550684931506849,5.0
C-002448689,S-0040,-66.65178946484079,1,1,女性,47,2,12,0.1666666666666666,13761,2,20,4550116.0180538,8.163013698630138,4.0
C-002103756,S-0048,-100.0,1,1,男性,33,3,12,0.0833333333333333,0,0,15,4502249.082895545,3.671232876712329,1.0
C-001831740,S-0036,-51.215864729601414,1,1,女性,55,4,12,0.1666666666666666,14066,1,19,4397834.424680548,11.123287671232877,9.0
C-001666103,S-0050,-83.7344275262013,1,1,女性,36,5,12,0.25,0,0,20,4615411.181286601,9.2013698630137,6.0
C-002692875,S-0102,-100.0,1,1,女性,36,1,12,0.1666666666666666,46066,1,16,4383474.364435211,10.484931506849314,7.5
C-000436699,S-0096,-100.0,1,1,女性,60,11,12,0.3333333333333333,45337,1,16,4644856.458098179,8.302739726027397,5.0
C-000859125,S-0126,-19.414811102360325,0,1,男性,40,9,12,0.25,7197,1,17,4493168.352495564,5.53972602739726,3.0
C-002207198,S-0014,-21.347626935429936,0,1,女性,49,3,12,0.1666666666666666,25865,1,21,4730192.353344672,7.336986301369863,4.0
C-000381046,S-0100,-100.0,1,1,女性,32,11,12,0.4166666666666667,0,0,17,4535925.154217558,4.720547945205479,2.0
C-001169476,S-0036,-52.83418479248175,1,1,男性,59,7,12,0.3333333333333333,0,0,19,4397834.424680548,11.123287671232877,9.0
C-000672784,S-0099,-87.55898950876795,1,1,男性,80,10,12,0.1666666666666666,20640,2,13,4464126.154078853,8.147945205479452,5.0
C-000583159,S-0012,-81.92014069307326,1,1,女性,56,10,12,0.0,6026,1,16,4444678.825084195,7.994520547945205,5.0
C-002114083,S-0012,-27.29147042325074,0,1,女性,46,3,12,0.25,92950,2,16,4444678.825084195,7.994520547945205,5.0
C-000783692,S-0018,-64.26651405580701,1,1,女性,69,9,12,0.5,0,0,16,4493108.581950108,7.550684931506849,5.0
C-001957722,S-0007,-22.11027629592803,0,1,女性,51,4,12,0.4166666666666667,22726,1,21,4487075.727367008,3.7260273972602738,1.0
C-001621233,S-0054,-100.0,1,1,男性,34,5,12,0.5833333333333334,48405,1,23,4489160.181517739,6.358904109589041,4.0
C-000371225,S-0099,-100.0,1,1,女性,20,11,12,0.6666666666666666,10251,1,13,4464126.154078853,8.147945205479452,5.0
C-000388881,S-0079,-21.459549674578867,0,1,女性,45,11,12,0.5833333333333334,0,0,13,4256656.371085242,8.479452054794521,6.0
C-002551304,S-0079,-100.0,1,1,男性,39,1,12,0.1666666666666666,0,0,13,4256656.371085242,8.479452054794521,6.0
C-002353673,S-0099,-100.0,1,1,女性,58,2,12,0.25,0,0,13,4464126.154078853,8.147945205479452,5.0
C-002258621,S-0036,-62.69674536481259,1,1,男性,46,2,12,0.25,24546,1,19,4397834.424680548,11.123287671232877,9.0
C-000262788,S-0014,-71.35756931637023,1,1,女性,33,11,12,0.1666666666666666,0,0,21,4730192.353344672,7.336986301369863,4.0
C-000809579,S-0100,-16.437889516831593,0,1,女性,50,9,12,0.0833333333333333,0,0,17,4535925.154217558,4.720547945205479,2.0
C-000695346,S-0036,-100.0,1,1,男性,47,9,12,0.6666666666666666,35204,2,19,4397834.424680548,11.123287671232877,9.0
C-001301727,S-0072,-100.0,1,1,女性,47,7,12,0.0,0,0,12,4406797.312641796,9.01917808219178,6.0
C-001492586,S-0072,-34.01997610678429,0,1,女性,32,6,12,0.25,19964,2,12,4406797.312641796,9.01917808219178,6.0
C-002048445,S-0121,-35.46223435922657,0,1,女性,51,3,12,0.1666666666666666,0,0,14,4716268.25678644,9.856164383561644,7.0
C-000448118,S-0039,-38.335027906373035,0,1,女性,60,11,12,0.5,2226,1,16,4591288.568998441,8.193150684931506,5.0
C-000021665,S-0121,-100.0,1,1,女性,44,12,12,0.5,920,1,14,4716268.25678644,9.856164383561644,7.0
C-001422652,S-0100,-53.065555957986234,1,1,女性,49,6,12,0.4166666666666667,8726,1,17,4535925.154217558,4.720547945205479,2.0
C-000627912,S-0115,-100.0,1,1,女性,26,10,12,0.0833333333333333,0,0,14,4553643.099564746,10.51095890410959,7.0
C-001576060,S-0054,-65.50383623646671,1,1,男性,36,6,12,0.25,0,0,23,4489160.181517739,6.358904109589041,4.0
C-001082965,S-0018,-59.19287222753397,1,1,女性,44,8,12,0.25,8427,1,16,4493108.581950108,7.550684931506849,5.0
C-000245732,S-0018,-93.10845438030036,1,1,男性,51,11,12,0.25,15012,1,16,4493108.581950108,7.550684931506849,5.0
C-001199834,S-0030,-38.30892332473266,0,1,男性,39,7,12,0.0833333333333333,9693,1,22,4426478.045479023,9.236986301369862,5.5
C-001205750,S-0126,-17.97231787529959,0,1,女性,47,7,12,0.3333333333333333,0,0,17,4493168.352495564,5.53972602739726,3.0
C-000515653,S-0111,-96.43954986501296,1,1,男性,31,10,12,0.75,0,0,19,4489501.980758176,6.397260273972603,4.0
C-000739427,S-0059,-30.025485607195723,0,1,男性,51,9,12,0.1666666666666666,19541,1,14,4713188.969095345,6.8123287671232875,3.0
C-002621928,S-0102,-30.19068590364911,0,1,男性,43,1,12,0.25,18187,1,16,4383474.364435211,10.484931506849314,7.5
C-000680905,S-0102,-53.2844982338294,1,1,男性,37,9,12,0.5,77443,1,16,4383474.364435211,10.484931506849314,7.5
C-001060286,S-0085,-9.54791714593691,0,1,女性,58,8,12,0.25,0,0,15,4606655.398026554,4.928767123287671,2.0
C-000372459,S-0113,-100.0,1,1,女性,41,11,12,0.3333333333333333,0,0,16,4336633.961311346,5.77945205479452,2.5
C-001168326,S-0041,-31.254573229438122,0,1,女性,48,7,12,0.25,0,0,17,4828489.286769263,10.389041095890411,7.0
C-001350379,S-0079,-59.696275006272955,1,1,男性,41,7,12,0.1666666666666666,0,0,13,4256656.371085242,8.479452054794521,6.0
C-001831637,S-0072,-86.38907100492476,1,1,男性,22,4,12,0.4166666666666667,2188,2,12,4406797.312641796,9.01917808219178,6.0
C-001611591,S-0131,-45.54379158921307,0,1,女性,47,5,12,0.0833333333333333,3444,1,17,4569023.5643747775,5.13972602739726,2.0
C-001748954,S-0080,-86.03093543605306,1,1,男性,16,5,12,0.0833333333333333,0,0,17,4457429.264950683,11.673972602739726,9.0
C-001437711,S-0050,-76.31304874738842,1,1,男性,45,6,12,0.3333333333333333,32452,1,20,4615411.181286601,9.2013698630137,6.0
C-002300556,S-0063,-21.6576679951233,0,1,男性,50,2,12,0.25,22345,1,18,4564012.176421695,5.749315068493151,3.0
C-001086827,S-0056,-33.14498851346119,0,1,女性,48,8,12,0.1666666666666666,0,0,15,4406070.585753419,7.528767123287671,4.0
C-002514437,S-0059,-39.20390712108429,0,1,女性,25,1,12,0.3333333333333333,0,0,14,4713188.969095345,6.8123287671232875,3.0
C-001321061,S-0056,-100.0,1,1,男性,27,7,12,0.25,29434,2,15,4406070.585753419,7.528767123287671,4.0
C-001985653,S-0040,-17.587508202971456,0,1,男性,58,4,12,0.1666666666666666,0,0,20,4550116.0180538,8.163013698630138,4.0
C-002176639,S-0056,-100.0,1,1,男性,39,3,12,0.25,0,0,15,4406070.585753419,7.528767123287671,4.0
C-000891069,S-0099,-52.565900373781545,1,1,男性,39,9,12,0.1666666666666666,18762,1,13,4464126.154078853,8.147945205479452,5.0
C-000464085,S-0012,-35.739713235833094,0,1,男性,64,10,12,0.5,38057,1,16,4444678.825084195,7.994520547945205,5.0
C-002322356,S-0100,-24.079091820734877,0,1,女性,53,2,12,0.1666666666666666,76023,1,17,4535925.154217558,4.720547945205479,2.0
C-001783934,S-0036,-28.92075841344627,0,1,女性,41,5,12,0.25,7945,2,19,4397834.424680548,11.123287671232877,9.0
C-000735844,S-0056,-100.0,1,1,女性,83,9,12,0.1666666666666666,0,0,15,4406070.585753419,7.528767123287671,4.0
C-002031381,S-0097,-100.0,1,1,女性,60,3,12,0.3333333333333333,64745,1,21,4592508.716501317,10.09041095890411,7.0
C-001311758,S-0097,-19.58821593986485,0,1,男性,46,7,12,0.4166666666666667,100709,1,21,4592508.716501317,10.09041095890411,7.0
C-000406305,S-0018,-38.41292451015304,0,1,女性,49,11,12,0.25,0,0,16,4493108.581950108,7.550684931506849,5.0
C-002527561,S-0097,-12.121763631835444,0,1,男性,47,1,12,0.3333333333333333,5542,1,21,4592508.716501317,10.09041095890411,7.0
C-000425252,S-0121,-20.468249449501634,0,1,男性,58,11,12,0.5,15010,2,14,4716268.25678644,9.856164383561644,7.0
C-000491901,S-0050,-100.0,1,1,女性,70,10,12,0.5833333333333334,97489,1,20,4615411.181286601,9.2013698630137,6.0
C-000098226,S-0115,-100.0,1,1,女性,43,12,12,0.3333333333333333,164883,1,14,4553643.099564746,10.51095890410959,7.0
C-002254954,S-0050,-31.416212404740595,0,1,男性,36,2,12,0.25,22259,1,20,4615411.181286601,9.2013698630137,6.0
C-000603687,S-0018,-58.54371880776773,1,1,男性,33,10,12,0.5,35047,1,16,4493108.581950108,7.550684931506849,5.0
C-002671722,S-0018,-29.08205706289357,0,1,男性,55,1,12,0.0,2083,1,16,4493108.581950108,7.550684931506849,5.0
C-001768429,S-0072,-27.913767423751985,0,1,男性,53,5,12,0.25,0,0,12,4406797.312641796,9.01917808219178,6.0
C-001196869,S-0050,-100.0,1,1,女性,59,7,12,0.1666666666666666,11426,1,20,4615411.181286601,9.2013698630137,6.0
C-000204172,S-0089,-100.0,1,1,女性,58,12,12,0.4166666666666667,0,0,19,4721110.949352573,10.142465753424657,7.0
C-002324434,S-0097,-95.92267067945905,1,1,女性,39,2,12,0.1666666666666666,0,0,21,4592508.716501317,10.09041095890411,7.0
C-002427250,S-0012,-53.63739536819986,1,1,男性,52,2,12,0.1666666666666666,0,0,16,4444678.825084195,7.994520547945205,5.0
C-000917434,S-0007,-77.44569121003654,1,1,男性,60,8,12,0.75,39414,1,21,4487075.727367008,3.7260273972602738,1.0
C-002455860,S-0096,-100.0,1,1,男性,36,2,12,0.4166666666666667,13653,1,16,4644856.458098179,8.302739726027397,5.0
C-002164825,S-0089,-100.0,1,1,女性,55,3,12,0.0833333333333333,0,0,19,4721110.949352573,10.142465753424657,7.0
C-002506238,S-0079,-91.12647083024767,1,1,男性,45,1,12,0.0833333333333333,0,0,13,4256656.371085242,8.479452054794521,6.0
C-001361801,S-0099,-77.77490615166924,1,1,男性,45,6,12,0.5,2987,1,13,4464126.154078853,8.147945205479452,5.0
C-001577023,S-0056,-100.0,1,1,女性,57,5,12,0.3333333333333333,0,0,15,4406070.585753419,7.528767123287671,4.0
C-001971140,S-0008,-27.821748561395975,0,1,女性,59,4,12,0.1666666666666666,25646,2,22,4498453.308937302,10.772602739726027,7.0
C-000513679,S-0007,-30.498779241365977,0,1,男性,45,10,12,0.4166666666666667,3711,1,21,4487075.727367008,3.7260273972602738,1.0
C-000202400,S-0080,-49.14443019363719,1,1,男性,48,12,12,0.25,17584,2,17,4457429.264950683,11.673972602739726,9.0
C-000443645,S-0019,0.7868379583878636,0,1,女性,65,11,12,0.5,0,0,19,4327199.920883598,4.090410958904109,1.0
C-001872671,S-0113,-40.57073961360193,0,1,男性,69,4,12,0.1666666666666666,20864,1,16,4336633.961311346,5.77945205479452,2.5
C-001845300,S-0036,-23.654100029809953,0,1,女性,65,4,12,0.25,42163,1,19,4397834.424680548,11.123287671232877,9.0
C-000113934,S-0102,-93.20323908137527,1,1,男性,44,12,12,0.3333333333333333,0,0,16,4383474.364435211,10.484931506849314,7.5
C-001092271,S-0012,-11.044043388816158,0,1,男性,60,8,12,0.4166666666666667,1762,2,16,4444678.825084195,7.994520547945205,5.0
C-000458069,S-0111,-18.132989416095654,0,1,男性,72,10,12,0.1666666666666666,0,0,19,4489501.980758176,6.397260273972603,4.0
C-002197935,S-0117,-82.31143466327408,1,1,女性,38,3,12,0.3333333333333333,14595,1,20,4500859.737076383,9.593150684931507,7.0
C-000492730,S-0100,-53.06086144404172,1,1,女性,49,10,12,0.1666666666666666,0,0,17,4535925.154217558,4.720547945205479,2.0
C-001109683,S-0096,-100.0,1,1,男性,44,8,12,0.25,23809,2,16,4644856.458098179,8.302739726027397,5.0
C-002397807,S-0089,-3.5216092248431177,0,1,男性,46,2,12,0.3333333333333333,0,0,19,4721110.949352573,10.142465753424657,7.0
C-001351706,S-0059,-33.95191491138923,0,1,女性,52,6,12,0.25,0,0,14,4713188.969095345,6.8123287671232875,3.0
C-002331223,S-0097,-100.0,1,1,女性,48,2,12,0.25,25469,2,21,4592508.716501317,10.09041095890411,7.0
C-002135658,S-0050,-84.1009822396749,1,1,女性,54,3,12,0.1666666666666666,91326,1,20,4615411.181286601,9.2013698630137,6.0
C-001470709,S-0008,-19.198417051112475,0,1,男性,59,6,12,0.5833333333333334,0,0,22,4498453.308937302,10.772602739726027,7.0
C-002126818,S-0117,-47.772361538985564,0,1,女性,74,3,12,0.3333333333333333,1333,1,20,4500859.737076383,9.593150684931507,7.0
C-000061099,S-0056,-23.11203180861372,0,1,女性,59,12,12,0.5,13863,1,15,4406070.585753419,7.528767123287671,4.0
C-002014825,S-0012,-100.0,1,1,男性,49,4,12,0.5833333333333334,0,0,16,4444678.825084195,7.994520547945205,5.0
C-000679744,S-0017,-21.93454244175357,0,1,女性,34,9,12,0.3333333333333333,2536,2,20,4640207.03550726,5.608219178082192,2.5
C-001451802,S-0004,-49.47649547399022,1,1,女性,45,6,12,0.5,64031,2,22,4423576.351309,11.806849315068494,9.0
C-001218909,S-0074,-28.614609300837145,0,1,男性,53,7,12,0.4166666666666667,3821,1,14,4614054.39694187,8.308219178082192,6.0
C-000694109,S-0097,-39.03330235558867,0,1,女性,53,9,12,0.0833333333333333,0,0,21,4592508.716501317,10.09041095890411,7.0
C-001548078,S-0036,-100.0,1,1,女性,44,6,12,0.3333333333333333,40707,2,19,4397834.424680548,11.123287671232877,9.0
C-002386366,S-0050,-100.0,1,1,女性,57,2,12,0.1666666666666666,-64,2,20,4615411.181286601,9.2013698630137,6.0
C-000878039,S-0018,-24.887217672371058,0,1,女性,39,9,12,0.0833333333333333,0,0,16,4493108.581950108,7.550684931506849,5.0
C-001918497,S-0072,-30.57072438017275,0,1,男性,48,4,12,0.25,6314,2,12,4406797.312641796,9.01917808219178,6.0
C-000209188,S-0041,-100.0,1,1,女性,20,12,12,0.0833333333333333,14171,1,17,4828489.286769263,10.389041095890411,7.0
C-001810287,S-0041,-100.0,1,1,男性,43,4,12,0.5833333333333334,0,0,17,4828489.286769263,10.389041095890411,7.0
C-001290914,S-0018,-54.293607151234,1,1,男性,42,7,12,0.5,0,0,16,4493108.581950108,7.550684931506849,5.0
C-000056110,S-0080,-100.0,1,1,男性,44,12,12,0.4166666666666667,3098,2,17,4457429.264950683,11.673972602739726,9.0
C-000553269,S-0115,-100.0,1,1,女性,20,10,12,0.3333333333333333,0,0,14,4553643.099564746,10.51095890410959,7.0
C-001548644,S-0072,-100.0,1,1,女性,48,6,12,0.25,20158,2,12,4406797.312641796,9.01917808219178,6.0
C-001752698,S-0111,-60.509360193902786,1,1,男性,42,5,12,0.0833333333333333,1818,2,19,4489501.980758176,6.397260273972603,4.0
C-000207206,S-0036,-42.11306503842658,0,1,男性,40,12,12,0.25,12719,1,19,4397834.424680548,11.123287671232877,9.0
C-001837375,S-0017,-31.879303449244972,0,1,女性,49,4,12,0.4166666666666667,0,0,20,4640207.03550726,5.608219178082192,2.5
C-002497518,S-0074,-39.268780348471864,0,1,女性,60,1,12,0.3333333333333333,10553,1,14,4614054.39694187,8.308219178082192,6.0
C-001000386,S-0082,-100.0,1,1,男性,65,8,12,0.5,9335,1,17,4607261.71451126,4.758904109589041,2.0
C-002658845,S-0002,-40.22018785733732,0,1,女性,58,1,12,0.3333333333333333,0,0,15,4455566.655169959,5.663013698630137,2.0
C-000363646,S-0004,-100.0,1,1,男性,54,11,12,0.1666666666666666,0,0,22,4423576.351309,11.806849315068494,9.0
C-000549679,S-0040,-100.0,1,1,女性,31,10,12,0.1666666666666666,8159,2,20,4550116.0180538,8.163013698630138,4.0
C-001524118,S-0075,-29.46113054571478,0,1,女性,44,6,12,0.6666666666666666,55135,2,19,4506647.2743158825,4.526027397260274,1.0
C-001729563,S-0039,-26.312357010596156,0,1,男性,47,5,12,0.0833333333333333,0,0,16,4591288.568998441,8.193150684931506,5.0
C-001070955,S-0131,-32.121771717129185,0,1,女性,48,8,12,0.3333333333333333,5668,1,17,4569023.5643747775,5.13972602739726,2.0
C-002414024,S-0080,-100.0,1,1,女性,42,2,12,0.1666666666666666,0,0,17,4457429.264950683,11.673972602739726,9.0
C-000287723,S-0039,-32.06864523932953,0,1,男性,75,11,12,0.6666666666666666,15789,1,16,4591288.568998441,8.193150684931506,5.0
C-000267833,S-0080,-91.48536198570945,1,1,女性,63,11,12,0.5833333333333334,0,0,17,4457429.264950683,11.673972602739726,9.0
C-001333486,S-0089,-13.7069710427426,0,1,女性,32,7,12,0.1666666666666666,7422,1,19,4721110.949352573,10.142465753424657,7.0
C-000528440,S-0115,-100.0,1,1,男性,67,10,12,0.3333333333333333,0,0,14,4553643.099564746,10.51095890410959,7.0
C-002612153,S-0059,-47.520676722073645,0,1,女性,34,1,12,0.1666666666666666,113725,1,14,4713188.969095345,6.8123287671232875,3.0
C-000638876,S-0099,-26.17339159358768,0,1,女性,41,10,12,0.25,35490,1,13,4464126.154078853,8.147945205479452,5.0
C-001151186,S-0131,-100.0,1,1,女性,40,7,12,0.25,27144,1,17,4569023.5643747775,5.13972602739726,2.0
C-002401015,S-0131,-24.94919207788082,0,1,男性,58,2,12,0.0833333333333333,0,0,17,4569023.5643747775,5.13972602739726,2.0
C-002100427,S-0096,-19.221041942800383,0,1,男性,60,3,12,0.5,1761,2,16,4644856.458098179,8.302739726027397,5.0
C-001387307,S-0018,-13.91561527915991,0,1,男性,60,6,12,0.0833333333333333,4689,1,16,4493108.581950108,7.550684931506849,5.0
C-000570230,S-0004,-22.911375053420098,0,1,女性,38,10,12,0.1666666666666666,28706,2,22,4423576.351309,11.806849315068494,9.0
C-000571579,S-0017,-64.20838783291126,1,1,女性,26,10,12,0.25,0,0,20,4640207.03550726,5.608219178082192,2.5
C-001513659,S-0115,-100.0,1,1,女性,59,6,12,0.0833333333333333,0,0,14,4553643.099564746,10.51095890410959,7.0
C-002420805,S-0056,-100.0,1,1,女性,42,2,12,0.25,0,0,15,4406070.585753419,7.528767123287671,4.0
C-000003694,S-0054,-15.470638304548896,0,1,女性,60,12,12,0.4166666666666667,41371,1,23,4489160.181517739,6.358904109589041,4.0
C-002330321,S-0099,-100.0,1,1,女性,49,2,12,0.4166666666666667,0,0,13,4464126.154078853,8.147945205479452,5.0
C-001080474,S-0018,-36.79527742514279,0,1,女性,55,8,12,0.25,0,0,16,4493108.581950108,7.550684931506849,5.0
C-002173386,S-0056,-58.02249056305461,1,1,女性,54,3,12,0.1666666666666666,0,0,15,4406070.585753419,7.528767123287671,4.0
C-000242834,S-0048,-100.0,1,1,女性,36,11,12,0.5,3616,1,15,4502249.082895545,3.671232876712329,1.0
C-002663761,S-0096,-100.0,1,1,男性,39,1,12,0.3333333333333333,76592,1,16,4644856.458098179,8.302739726027397,5.0
C-002508940,S-0102,-21.78244279553053,0,1,男性,43,1,12,0.75,0,0,16,4383474.364435211,10.484931506849314,7.5
C-001680381,S-0030,-84.61678420412946,1,1,女性,19,5,12,0.25,0,0,22,4426478.045479023,9.236986301369862,5.5
C-000660568,S-0079,-100.0,1,1,女性,64,10,12,0.0833333333333333,0,0,13,4256656.371085242,8.479452054794521,6.0
C-002356752,S-0041,-51.889907228341606,1,1,女性,43,2,12,0.0833333333333333,17937,2,17,4828489.286769263,10.389041095890411,7.0
C-000872359,S-0017,-100.0,1,1,男性,46,9,12,0.1666666666666666,7560,2,20,4640207.03550726,5.608219178082192,2.5
C-002021173,S-0059,-53.181518569016426,1,1,男性,44,4,12,0.5,0,0,14,4713188.969095345,6.8123287671232875,3.0
C-002255039,S-0097,-100.0,1,1,女性,38,2,12,0.4166666666666667,0,0,21,4592508.716501317,10.09041095890411,7.0
C-000648837,S-0048,-100.0,1,1,女性,51,10,12,0.0,6039,2,15,4502249.082895545,3.671232876712329,1.0
C-000518602,S-0018,-22.733817047728227,0,1,男性,54,10,12,0.0833333333333333,15773,2,16,4493108.581950108,7.550684931506849,5.0
C-001067176,S-0100,-31.732781508667813,0,1,女性,39,8,12,0.3333333333333333,27948,1,17,4535925.154217558,4.720547945205479,2.0
C-001071673,S-0054,-24.49686069831094,0,1,女性,41,8,12,0.4166666666666667,12584,1,23,4489160.181517739,6.358904109589041,4.0
C-001007876,S-0039,-25.147369051608713,0,1,女性,53,8,12,0.0833333333333333,0,0,16,4591288.568998441,8.193150684931506,5.0
C-002365790,S-0121,-20.23591443205785,0,1,女性,23,2,12,0.1666666666666666,-4203,2,14,4716268.25678644,9.856164383561644,7.0
C-000656300,S-0020,-59.627623205175404,1,1,女性,41,10,12,0.3333333333333333,0,0,16,4280702.057267675,6.986301369863014,3.5
C-001956552,S-0039,-27.47711794693015,0,1,女性,49,4,12,0.25,0,0,16,4591288.568998441,8.193150684931506,5.0
C-000667963,S-0018,-26.04350312380618,0,1,男性,58,10,12,0.3333333333333333,0,0,16,4493108.581950108,7.550684931506849,5.0
C-000360551,S-0089,-75.3057049913042,1,1,女性,22,11,12,0.5833333333333334,19994,2,19,4721110.949352573,10.142465753424657,7.0
C-000990317,S-0002,-26.653113462439894,0,1,男性,48,8,12,0.4166666666666667,0,0,15,4455566.655169959,5.663013698630137,2.0
C-002274667,S-0036,-41.20407179857848,0,1,男性,35,2,12,0.1666666666666666,0,0,19,4397834.424680548,11.123287671232877,9.0
C-001059077,S-0072,-41.00407344357976,0,1,女性,56,8,12,0.25,114806,2,12,4406797.312641796,9.01917808219178,6.0
C-000456458,S-0062,-28.757892387662302,0,1,男性,48,10,12,1.0,4780,1,15,4713869.782113416,4.575342465753424,1.0
C-000294415,S-0054,-33.681303587178114,0,1,男性,51,11,12,0.5,8403,2,23,4489160.181517739,6.358904109589041,4.0
C-001413659,S-0111,-35.24709001284123,0,1,女性,47,6,12,0.25,0,0,19,4489501.980758176,6.397260273972603,4.0
C-001551858,S-0018,-20.45187210986377,0,1,男性,35,6,12,0.25,60151,1,16,4493108.581950108,7.550684931506849,5.0
C-001034450,S-0126,-90.92575180480964,1,1,男性,51,8,12,0.3333333333333333,10494,1,17,4493168.352495564,5.53972602739726,3.0
C-002634069,S-0115,-53.765772227837374,1,1,男性,36,1,12,0.4166666666666667,0,0,14,4553643.099564746,10.51095890410959,7.0
C-002133076,S-0117,-15.936678892594196,0,1,女性,51,3,12,0.1666666666666666,65580,2,20,4500859.737076383,9.593150684931507,7.0
C-000589820,S-0113,-100.0,1,1,女性,52,10,12,0.3333333333333333,0,0,16,4336633.961311346,5.77945205479452,2.5
C-000096592,S-0036,-100.0,1,1,女性,41,12,12,0.0833333333333333,9909,1,19,4397834.424680548,11.123287671232877,9.0
C-001507088,S-0056,-79.1225126185883,1,1,女性,49,6,12,0.0,0,0,15,4406070.585753419,7.528767123287671,4.0
C-000537206,S-0080,-42.16484368271466,0,1,男性,39,10,12,0.3333333333333333,0,0,17,4457429.264950683,11.673972602739726,9.0
C-001234198,S-0072,-100.0,1,1,男性,57,7,12,0.5833333333333334,30596,2,12,4406797.312641796,9.01917808219178,6.0
C-000301580,S-0097,-45.55370635615581,0,1,男性,26,11,12,0.0833333333333333,6418,1,21,4592508.716501317,10.09041095890411,7.0
C-000377614,S-0079,-50.76627349711521,1,1,女性,40,11,12,0.1666666666666666,5365,1,13,4256656.371085242,8.479452054794521,6.0
C-001283898,S-0079,-44.73141540585579,0,1,男性,37,7,12,0.3333333333333333,6695,2,13,4256656.371085242,8.479452054794521,6.0
C-002591767,S-0050,-65.47955454903769,1,1,女性,67,1,12,0.1666666666666666,17552,1,20,4615411.181286601,9.2013698630137,6.0
C-000307449,S-0018,-100.0,1,1,男性,49,11,12,0.0833333333333333,13752,1,16,4493108.581950108,7.550684931506849,5.0
C-002299453,S-0014,-26.20105053146966,0,1,男性,56,2,12,0.3333333333333333,3973,2,21,4730192.353344672,7.336986301369863,4.0
C-001234342,S-0102,-19.684508706885747,0,1,女性,41,7,12,0.0833333333333333,1261,1,16,4383474.364435211,10.484931506849314,7.5
C-000549037,S-0097,-100.0,1,1,女性,21,10,12,0.1666666666666666,0,0,21,4592508.716501317,10.09041095890411,7.0
C-000150945,S-0115,-91.80948795180723,1,1,女性,56,12,12,0.4166666666666667,5279,1,14,4553643.099564746,10.51095890410959,7.0
C-001447778,S-0018,-63.2401561566049,1,1,男性,50,6,12,0.1666666666666666,0,0,16,4493108.581950108,7.550684931506849,5.0
C-000338368,S-0072,-64.72926979256093,1,1,女性,66,11,12,0.1666666666666666,0,0,12,4406797.312641796,9.01917808219178,6.0
C-000074310,S-0050,-73.31751584635101,1,1,女性,66,12,12,0.75,12504,2,20,4615411.181286601,9.2013698630137,6.0
C-000779250,S-0007,-85.53192350910582,1,1,男性,35,9,12,0.5,0,0,21,4487075.727367008,3.7260273972602738,1.0
C-002431178,S-0080,-61.67792530475968,1,1,女性,34,2,12,0.0833333333333333,0,0,17,4457429.264950683,11.673972602739726,9.0
C-002511894,S-0004,-98.03751318750058,1,1,女性,42,1,12,0.25,1713,2,22,4423576.351309,11.806849315068494,9.0
C-001825062,S-0004,-44.06178133811974,0,1,女性,68,4,12,0.5833333333333334,0,0,22,4423576.351309,11.806849315068494,9.0
C-000370733,S-0115,-32.89272047481767,0,1,女性,53,11,12,0.3333333333333333,6585,2,14,4553643.099564746,10.51095890410959,7.0
C-000511019,S-0096,-100.0,1,1,男性,49,10,12,0.0833333333333333,15453,1,16,4644856.458098179,8.302739726027397,5.0
C-001958221,S-0072,-100.0,1,1,女性,35,4,12,0.1666666666666666,0,0,12,4406797.312641796,9.01917808219178,6.0
C-000313039,S-0106,-100.0,1,1,女性,43,11,12,0.0833333333333333,9565,1,20,4462729.145118021,6.171232876712329,3.5
C-002516985,S-0113,-51.32332212945896,1,1,女性,56,1,12,0.0,6320,1,16,4336633.961311346,5.77945205479452,2.5
C-002427171,S-0059,-10.137666343455514,0,1,女性,56,2,12,0.0833333333333333,13805,1,14,4713188.969095345,6.8123287671232875,3.0
C-002244142,S-0004,-65.59495164174632,1,1,女性,16,3,12,0.25,2123,1,22,4423576.351309,11.806849315068494,9.0
C-000562108,S-0106,-100.0,1,1,男性,35,10,12,0.0833333333333333,0,0,20,4462729.145118021,6.171232876712329,3.5
C-000389500,S-0096,-50.76291351681442,1,1,男性,80,11,12,0.4166666666666667,3121,1,16,4644856.458098179,8.302739726027397,5.0
C-000882263,S-0097,-85.54572020795813,1,1,男性,79,9,12,0.0833333333333333,0,0,21,4592508.716501317,10.09041095890411,7.0
C-000109238,S-0079,-35.86462490242283,0,1,女性,50,12,12,0.25,66622,2,13,4256656.371085242,8.479452054794521,6.0
C-000775667,S-0080,-24.796035338705938,0,1,女性,56,9,12,0.25,5938,1,17,4457429.264950683,11.673972602739726,9.0
C-001880349,S-0111,-26.117914023366424,0,1,男性,43,4,12,0.4166666666666667,0,0,19,4489501.980758176,6.397260273972603,4.0
C-000964240,S-0004,-82.13582410435222,1,1,男性,48,8,12,0.25,0,0,22,4423576.351309,11.806849315068494,9.0
C-000084602,S-0048,-100.0,1,1,女性,44,12,12,0.1666666666666666,0,0,15,4502249.082895545,3.671232876712329,1.0
C-000291716,S-0017,-16.774956880805643,0,1,女性,68,11,12,0.1666666666666666,6165,2,20,4640207.03550726,5.608219178082192,2.5
C-001591789,S-0102,-100.0,1,1,女性,54,5,12,0.0,0,0,16,4383474.364435211,10.484931506849314,7.5
C-002434641,S-0080,-100.0,1,1,女性,57,2,12,0.4166666666666667,55448,2,17,4457429.264950683,11.673972602739726,9.0
C-000169844,S-0096,-100.0,1,1,男性,38,12,12,0.5,0,0,16,4644856.458098179,8.302739726027397,5.0
C-001336663,S-0020,-100.0,1,1,女性,52,7,12,0.5833333333333334,0,0,16,4280702.057267675,6.986301369863014,3.5
C-001043172,S-0080,-100.0,1,1,女性,58,8,12,0.25,0,0,17,4457429.264950683,11.673972602739726,9.0
C-001242717,S-0036,-77.37694547401033,1,1,女性,18,7,12,0.5833333333333334,8679,1,19,4397834.424680548,11.123287671232877,9.0
C-002302942,S-0102,-100.0,1,1,男性,46,2,12,0.5,0,0,16,4383474.364435211,10.484931506849314,7.5
C-001344432,S-0131,-35.38501839955093,0,1,女性,24,7,12,0.25,38573,2,17,4569023.5643747775,5.13972602739726,2.0
C-002002427,S-0012,-53.31761184983142,1,1,女性,37,4,12,0.0833333333333333,2597,1,16,4444678.825084195,7.994520547945205,5.0
C-000873847,S-0059,-29.87543192729684,0,1,男性,41,9,12,0.0833333333333333,2945,1,14,4713188.969095345,6.8123287671232875,3.0
C-002328145,S-0126,-26.49091018450295,0,1,男性,41,2,12,0.3333333333333333,4533,2,17,4493168.352495564,5.53972602739726,3.0
C-001582389,S-0106,-100.0,1,1,女性,33,5,12,0.0833333333333333,16578,1,20,4462729.145118021,6.171232876712329,3.5
C-001817072,S-0048,-100.0,1,1,女性,55,4,12,0.0,1604,2,15,4502249.082895545,3.671232876712329,1.0
C-001529773,S-0012,-32.34508966426934,0,1,女性,60,6,12,0.0833333333333333,113024,2,16,4444678.825084195,7.994520547945205,5.0
C-000633243,S-0004,-100.0,1,1,男性,55,10,12,0.4166666666666667,1496,1,22,4423576.351309,11.806849315068494,9.0
C-002406208,S-0036,-50.925886220697535,1,1,男性,69,2,12,0.3333333333333333,11866,2,19,4397834.424680548,11.123287671232877,9.0
C-001615404,S-0111,-41.26234051768508,0,1,女性,60,5,12,0.1666666666666666,130934,2,19,4489501.980758176,6.397260273972603,4.0
C-001309825,S-0082,-54.27754554105492,1,1,女性,32,7,12,0.3333333333333333,6620,1,17,4607261.71451126,4.758904109589041,2.0
C-000037964,S-0007,-100.0,1,1,男性,31,12,12,0.1666666666666666,3754,1,21,4487075.727367008,3.7260273972602738,1.0
C-002037155,S-0079,-51.01452153855182,1,1,男性,54,3,12,0.3333333333333333,4831,1,13,4256656.371085242,8.479452054794521,6.0
C-000687009,S-0048,-40.49744357916437,0,1,男性,39,9,12,0.25,17719,1,15,4502249.082895545,3.671232876712329,1.0
C-001111247,S-0004,-37.9754324814085,0,1,女性,34,8,12,0.25,5896,2,22,4423576.351309,11.806849315068494,9.0
C-000991838,S-0054,-97.60455582140509,1,1,女性,22,8,12,0.4166666666666667,11577,1,23,4489160.181517739,6.358904109589041,4.0
C-001752523,S-0113,-62.53250510226789,1,1,女性,52,5,12,0.1666666666666666,0,0,16,4336633.961311346,5.77945205479452,2.5
C-001414725,S-0036,-41.39323908221038,0,1,男性,31,6,12,0.25,53209,1,19,4397834.424680548,11.123287671232877,9.0
C-000513581,S-0008,-67.65322193155731,1,1,男性,60,10,12,0.5,0,0,22,4498453.308937302,10.772602739726027,7.0
C-001654422,S-0004,-100.0,1,1,女性,39,5,12,0.3333333333333333,0,0,22,4423576.351309,11.806849315068494,9.0
C-001547766,S-0056,-25.66490742438535,0,1,女性,42,6,12,0.25,0,0,15,4406070.585753419,7.528767123287671,4.0
C-002170346,S-0102,-94.33816584975769,1,1,男性,46,3,12,0.0833333333333333,10906,2,16,4383474.364435211,10.484931506849314,7.5
C-000567051,S-0002,-41.835351055914444,0,1,女性,47,10,12,0.0,14272,1,15,4455566.655169959,5.663013698630137,2.0
C-000488144,S-0096,-25.899118458293525,0,1,女性,62,10,12,0.1666666666666666,0,0,16,4644856.458098179,8.302739726027397,5.0
C-002619614,S-0018,-70.07429595909664,1,1,女性,34,1,12,0.25,8371,1,16,4493108.581950108,7.550684931506849,5.0
C-002331202,S-0111,-13.352210692000474,0,1,男性,38,2,12,0.25,0,0,19,4489501.980758176,6.397260273972603,4.0
C-002218532,S-0115,-100.0,1,1,女性,64,3,12,0.4166666666666667,0,0,14,4553643.099564746,10.51095890410959,7.0
C-002455986,S-0074,-85.33263374215693,1,1,女性,57,2,12,0.25,6733,1,14,4614054.39694187,8.308219178082192,6.0
C-000007538,S-0102,-100.0,1,1,女性,48,12,12,0.25,68939,1,16,4383474.364435211,10.484931506849314,7.5
C-002112351,S-0054,-14.501835241812493,0,1,女性,68,3,12,0.3333333333333333,21294,2,23,4489160.181517739,6.358904109589041,4.0
C-000533890,S-0111,-23.145681784700407,0,1,女性,49,10,12,0.1666666666666666,0,0,19,4489501.980758176,6.397260273972603,4.0
C-000868303,S-0082,-26.303099950667697,0,1,女性,46,9,12,0.25,0,0,17,4607261.71451126,4.758904109589041,2.0
C-001192435,S-0072,-99.30651173724686,1,1,女性,53,7,12,0.25,10792,2,12,4406797.312641796,9.01917808219178,6.0
C-000719635,S-0004,-100.0,1,1,男性,55,9,12,0.4166666666666667,15466,1,22,4423576.351309,11.806849315068494,9.0
C-002377867,S-0012,-45.9471072297884,0,1,女性,42,2,12,0.1666666666666666,58282,2,16,4444678.825084195,7.994520547945205,5.0
C-001229230,S-0062,-34.61665501639999,0,1,男性,41,7,12,0.25,0,0,15,4713869.782113416,4.575342465753424,1.0
C-000616564,S-0039,-45.270757790921586,0,1,女性,18,10,12,0.3333333333333333,8598,2,16,4591288.568998441,8.193150684931506,5.0
C-002605902,S-0074,-75.44710206544697,1,1,男性,90,1,12,0.0833333333333333,0,0,14,4614054.39694187,8.308219178082192,6.0
C-000873537,S-0014,-66.76759748843357,1,1,女性,68,9,12,0.25,12516,1,21,4730192.353344672,7.336986301369863,4.0
C-000976973,S-0036,-12.167256302357172,0,1,女性,82,8,12,0.1666666666666666,6336,2,19,4397834.424680548,11.123287671232877,9.0
C-001457380,S-0018,-87.6215160156927,1,1,女性,52,6,12,0.1666666666666666,1794,1,16,4493108.581950108,7.550684931506849,5.0
C-000377689,S-0018,-100.0,1,1,女性,20,11,12,0.1666666666666666,2443,2,16,4493108.581950108,7.550684931506849,5.0
C-002664663,S-0097,-75.87995750708215,1,1,女性,60,1,12,0.25,82618,1,21,4592508.716501317,10.09041095890411,7.0
C-000929788,S-0056,-58.37786405840627,1,1,男性,34,8,12,0.0833333333333333,0,0,15,4406070.585753419,7.528767123287671,4.0
C-001061622,S-0005,-30.506155684898893,0,1,女性,50,8,12,0.25,9719,1,21,4733942.970761149,4.69041095890411,2.0
C-001785713,S-0117,-100.0,1,1,女性,54,5,12,0.25,45462,2,20,4500859.737076383,9.593150684931507,7.0
C-000781883,S-0063,-10.564173142792098,0,1,男性,51,9,12,0.25,0,0,18,4564012.176421695,5.749315068493151,3.0
C-001171260,S-0036,-100.0,1,2,女性,46,7,12,0.3333333333333333,8721,1,19,4397834.424680548,11.123287671232877,9.0
C-002115950,S-0054,-41.85771748645325,0,2,女性,79,3,12,0.5833333333333334,0,0,23,4489160.181517739,6.358904109589041,4.0
C-001967989,S-0041,-76.96940104166666,1,2,女性,32,4,12,0.1666666666666666,11176,1,17,4828489.286769263,10.389041095890411,7.0
C-001452832,S-0002,-39.881968015166805,0,2,女性,70,6,12,0.25,0,0,15,4455566.655169959,5.663013698630137,2.0
C-002119877,S-0111,-98.10731944557024,1,2,女性,56,3,12,0.3333333333333333,0,0,19,4489501.980758176,6.397260273972603,4.0
C-001058625,S-0079,-31.344471922311357,0,2,女性,48,8,12,0.4166666666666667,0,0,13,4256656.371085242,8.479452054794521,6.0
C-002642597,S-0099,-100.0,1,2,男性,52,1,12,0.5,0,0,13,4464126.154078853,8.147945205479452,5.0
C-001480902,S-0018,-100.0,1,2,女性,48,6,12,0.9166666666666666,25472,1,16,4493108.581950108,7.550684931506849,5.0
C-000375079,S-0131,-93.66788777566903,1,2,男性,45,11,12,0.75,0,0,17,4569023.5643747775,5.13972602739726,2.0
C-000280947,S-0075,-47.22993514389947,0,2,女性,58,11,12,0.0833333333333333,43617,1,19,4506647.2743158825,4.526027397260274,1.0
C-002199492,S-0131,-7.526609224531171,0,2,男性,43,3,12,0.6666666666666666,0,0,17,4569023.5643747775,5.13972602739726,2.0
C-002284759,S-0126,-50.95306942461038,1,2,女性,64,2,12,0.6666666666666666,0,0,17,4493168.352495564,5.53972602739726,3.0
C-001461325,S-0100,-62.81747509727318,1,2,女性,76,6,12,0.5833333333333334,0,0,17,4535925.154217558,4.720547945205479,2.0
C-000920501,S-0054,-13.742254683114034,0,2,女性,50,8,12,0.5,24092,1,23,4489160.181517739,6.358904109589041,4.0
C-000542216,S-0096,-100.0,1,2,男性,41,10,12,0.3333333333333333,0,0,16,4644856.458098179,8.302739726027397,5.0
C-001345402,S-0019,-29.646541361090662,0,2,男性,79,7,12,0.75,0,0,19,4327199.920883598,4.090410958904109,1.0
C-001779873,S-0019,-20.260824644449833,0,2,女性,56,5,12,0.4166666666666667,0,0,19,4327199.920883598,4.090410958904109,1.0
C-000569975,S-0096,-100.0,1,2,女性,54,10,12,0.0833333333333333,0,0,16,4644856.458098179,8.302739726027397,5.0
C-000958456,S-0126,-11.91761518116839,0,2,女性,48,8,12,0.4166666666666667,36220,1,17,4493168.352495564,5.53972602739726,3.0
C-001898986,S-0019,-37.90493296555263,0,2,女性,60,4,12,0.5833333333333334,130662,2,19,4327199.920883598,4.090410958904109,1.0
C-001319618,S-0131,-100.0,1,2,女性,54,7,12,0.8333333333333334,0,0,17,4569023.5643747775,5.13972602739726,2.0
C-000203000,S-0075,-21.460725630279143,0,2,男性,51,12,12,0.5,33361,1,19,4506647.2743158825,4.526027397260274,1.0
C-002425955,S-0019,-54.51009930211824,1,2,女性,59,2,12,0.3333333333333333,0,0,19,4327199.920883598,4.090410958904109,1.0
C-000113884,S-0005,-16.89471771823766,0,2,女性,81,12,12,0.25,0,0,21,4733942.970761149,4.69041095890411,2.0
C-002663659,S-0040,-9.904829146344099,0,2,女性,55,1,12,0.3333333333333333,13701,2,20,4550116.0180538,8.163013698630138,4.0
C-000549001,S-0099,-93.90154087478838,1,2,女性,40,10,12,0.1666666666666666,7995,2,13,4464126.154078853,8.147945205479452,5.0
C-001043883,S-0007,-90.38515099669758,1,2,女性,39,8,12,0.1666666666666666,30028,2,21,4487075.727367008,3.7260273972602738,1.0
C-000896577,S-0019,-21.479392421653756,0,2,女性,53,9,12,0.6666666666666666,0,0,19,4327199.920883598,4.090410958904109,1.0
C-001750679,S-0017,-51.683742819976906,1,2,女性,69,5,12,0.4166666666666667,19420,1,20,4640207.03550726,5.608219178082192,2.5
C-002039322,S-0005,-23.826855107518277,0,2,男性,54,3,12,0.4166666666666667,0,0,21,4733942.970761149,4.69041095890411,2.0
C-000266292,S-0019,-13.79863472071568,0,2,男性,49,11,12,0.4166666666666667,3317,2,19,4327199.920883598,4.090410958904109,1.0
C-001790543,S-0082,-24.289562384531852,0,2,女性,42,5,12,0.5833333333333334,0,0,17,4607261.71451126,4.758904109589041,2.0
C-001886314,S-0004,-63.74859497939303,1,2,女性,56,4,12,0.5,0,0,22,4423576.351309,11.806849315068494,9.0
C-001636382,S-0075,-100.0,1,2,女性,69,5,12,0.5833333333333334,0,0,19,4506647.2743158825,4.526027397260274,1.0
C-002083439,S-0054,-47.28568447956602,0,2,女性,68,3,12,0.5,0,0,23,4489160.181517739,6.358904109589041,4.0
C-000653948,S-0111,-23.870624084475047,0,2,女性,51,10,12,0.4166666666666667,0,0,19,4489501.980758176,6.397260273972603,4.0
C-002372609,S-0100,-54.88941508388332,1,2,女性,79,2,12,0.5,0,0,17,4535925.154217558,4.720547945205479,2.0
C-000713674,S-0012,-100.0,1,2,女性,57,9,12,0.0,0,0,16,4444678.825084195,7.994520547945205,5.0
C-002293704,S-0085,-17.193674165438193,0,2,女性,36,2,12,0.6666666666666666,0,0,15,4606655.398026554,4.928767123287671,2.0
C-001764016,S-0012,-62.20704291667545,1,2,男性,25,5,12,0.1666666666666666,0,0,16,4444678.825084195,7.994520547945205,5.0
C-002312803,S-0085,-3.2351638760356565,0,2,男性,53,2,12,0.5,0,0,15,4606655.398026554,4.928767123287671,2.0
C-000793671,S-0050,-26.22652408205456,0,2,女性,58,9,12,0.75,0,0,20,4615411.181286601,9.2013698630137,6.0
C-002086137,S-0041,-46.99774610851548,0,2,男性,33,3,12,0.8333333333333334,0,0,17,4828489.286769263,10.389041095890411,7.0
C-000768609,S-0054,-70.87173597796573,1,2,女性,70,9,12,0.3333333333333333,0,0,23,4489160.181517739,6.358904109589041,4.0
C-001760983,S-0085,-24.660450252268227,0,2,女性,35,5,12,0.5,1316,1,15,4606655.398026554,4.928767123287671,2.0
C-002128103,S-0102,-20.684556456823778,0,2,男性,35,3,12,0.25,9513,2,16,4383474.364435211,10.484931506849314,7.5
C-002669330,S-0126,-28.4067104721322,0,2,男性,45,1,12,0.25,0,0,17,4493168.352495564,5.53972602739726,3.0
C-001237121,S-0075,-46.080483833449634,0,2,女性,53,7,12,0.5,0,0,19,4506647.2743158825,4.526027397260274,1.0
C-001438585,S-0097,-11.017863817420595,0,2,女性,49,6,12,0.3333333333333333,0,0,21,4592508.716501317,10.09041095890411,7.0
C-002179546,S-0017,-6.303668340775083,0,2,女性,62,3,12,0.5833333333333334,16068,2,20,4640207.03550726,5.608219178082192,2.5
C-001803292,S-0111,-26.78728531538079,0,2,男性,39,4,12,0.0,5769,1,19,4489501.980758176,6.397260273972603,4.0
C-002233859,S-0062,-56.4372091351769,1,2,女性,58,3,12,0.5833333333333334,0,0,15,4713869.782113416,4.575342465753424,1.0
C-000139499,S-0075,-58.15834406733966,1,2,男性,51,12,12,0.5833333333333334,0,0,19,4506647.2743158825,4.526027397260274,1.0
C-002201092,S-0050,-41.31369073992025,0,2,女性,74,3,12,0.0833333333333333,7639,1,20,4615411.181286601,9.2013698630137,6.0
C-002082396,S-0040,-41.82533277255522,0,2,女性,71,3,12,0.5833333333333334,0,0,20,4550116.0180538,8.163013698630138,4.0
C-001832177,S-0005,-32.9023469241432,0,2,女性,76,4,12,0.4166666666666667,0,0,21,4733942.970761149,4.69041095890411,2.0
C-000279492,S-0007,-100.0,1,2,女性,43,11,12,0.1666666666666666,0,0,21,4487075.727367008,3.7260273972602738,1.0
C-002581676,S-0097,8.509007131448426,0,2,男性,23,1,12,0.9166666666666666,0,0,21,4592508.716501317,10.09041095890411,7.0
C-002412490,S-0030,-66.83792847950708,1,2,男性,48,2,12,0.3333333333333333,49936,2,22,4426478.045479023,9.236986301369862,5.5
C-000480484,S-0019,-23.66731948594056,0,2,男性,57,10,12,0.0833333333333333,11250,1,19,4327199.920883598,4.090410958904109,1.0
C-001812344,S-0100,-100.0,1,2,女性,35,4,12,0.75,0,0,17,4535925.154217558,4.720547945205479,2.0
C-001328800,S-0054,-55.73113876839501,1,2,女性,47,7,12,0.5833333333333334,0,0,23,4489160.181517739,6.358904109589041,4.0
C-000287606,S-0017,-3.042112355429396,0,2,男性,36,11,12,0.6666666666666666,0,0,20,4640207.03550726,5.608219178082192,2.5
C-000257742,S-0085,-49.12379610054028,1,2,女性,74,11,12,0.75,0,0,15,4606655.398026554,4.928767123287671,2.0
C-002089742,S-0126,-20.566625266824957,0,2,女性,61,3,12,0.5,0,0,17,4493168.352495564,5.53972602739726,3.0
C-000008012,S-0121,-20.100223611031478,0,2,男性,45,12,12,0.5,12158,1,14,4716268.25678644,9.856164383561644,7.0
C-002252574,S-0106,-100.0,1,2,女性,49,2,12,0.0,0,0,20,4462729.145118021,6.171232876712329,3.5
C-002680601,S-0096,-39.33335807570341,0,2,女性,70,1,12,0.25,22327,1,16,4644856.458098179,8.302739726027397,5.0
C-001773869,S-0054,-63.65013371218452,1,2,女性,43,5,12,0.4166666666666667,0,0,23,4489160.181517739,6.358904109589041,4.0
C-001424593,S-0020,-10.36377893773246,0,2,男性,42,6,12,0.0833333333333333,0,0,16,4280702.057267675,6.986301369863014,3.5
C-000304321,S-0085,-51.13984577566758,1,2,女性,52,11,12,0.25,0,0,15,4606655.398026554,4.928767123287671,2.0
C-001423742,S-0036,-26.791680453516598,0,2,男性,24,6,12,0.4166666666666667,19799,1,19,4397834.424680548,11.123287671232877,9.0
C-000924115,S-0005,-60.95487672911696,1,2,女性,45,8,12,0.5,0,0,21,4733942.970761149,4.69041095890411,2.0
C-000670288,S-0082,-100.0,1,2,男性,49,10,12,0.0833333333333333,56445,1,17,4607261.71451126,4.758904109589041,2.0
C-001720053,S-0008,-82.56652352001905,1,2,女性,43,5,12,0.25,0,0,22,4498453.308937302,10.772602739726027,7.0
C-000867478,S-0007,-100.0,1,2,女性,22,9,12,0.4166666666666667,0,0,21,4487075.727367008,3.7260273972602738,1.0
C-002612012,S-0040,-100.0,1,2,女性,48,1,12,0.25,0,0,20,4550116.0180538,8.163013698630138,4.0
C-000635430,S-0085,-45.62235610819126,0,2,女性,35,10,12,0.9166666666666666,0,0,15,4606655.398026554,4.928767123287671,2.0
C-000599828,S-0059,-52.98804780876494,1,2,男性,57,10,12,0.25,22751,1,14,4713188.969095345,6.8123287671232875,3.0
C-000190253,S-0007,-8.734027361792855,0,2,女性,32,12,12,0.5,6369,1,21,4487075.727367008,3.7260273972602738,1.0
C-001871166,S-0039,-100.0,1,2,女性,47,4,12,0.9166666666666666,9217,1,16,4591288.568998441,8.193150684931506,5.0
C-002075821,S-0007,-100.0,1,2,男性,41,3,12,0.3333333333333333,0,0,21,4487075.727367008,3.7260273972602738,1.0
C-000717844,S-0004,-92.20746336368336,1,2,男性,55,9,12,0.4166666666666667,47525,2,22,4423576.351309,11.806849315068494,9.0
C-001661111,S-0005,-29.302945575134924,0,2,女性,57,5,12,0.4166666666666667,0,0,21,4733942.970761149,4.69041095890411,2.0
C-000820820,S-0121,-31.495638917922196,0,2,男性,39,9,12,0.25,4969,1,14,4716268.25678644,9.856164383561644,7.0
C-002377853,S-0059,-97.62141018450609,1,2,女性,49,2,12,0.6666666666666666,0,0,14,4713188.969095345,6.8123287671232875,3.0
C-002108303,S-0007,-100.0,1,2,男性,49,3,12,0.25,0,0,21,4487075.727367008,3.7260273972602738,1.0
C-001682107,S-0019,-3.7708801531178544,0,2,女性,42,5,12,0.4166666666666667,0,0,19,4327199.920883598,4.090410958904109,1.0
C-002130729,S-0075,-33.62556021071786,0,2,女性,54,3,12,0.0833333333333333,0,0,19,4506647.2743158825,4.526027397260274,1.0
C-001419839,S-0054,-17.60183502288919,0,2,女性,59,6,12,0.1666666666666666,0,0,23,4489160.181517739,6.358904109589041,4.0
C-001886269,S-0059,-35.78580402612474,0,2,男性,36,4,12,0.25,0,0,14,4713188.969095345,6.8123287671232875,3.0
C-001630504,S-0056,-28.706419874873447,0,2,女性,52,5,12,0.5,0,0,15,4406070.585753419,7.528767123287671,4.0
C-002103729,S-0085,-12.009403107113654,0,2,男性,43,3,12,0.4166666666666667,0,0,15,4606655.398026554,4.928767123287671,2.0
C-000008698,S-0085,-26.874755572937037,0,2,男性,17,12,12,0.0833333333333333,6973,1,15,4606655.398026554,4.928767123287671,2.0
C-001937572,S-0050,-14.6748051460231,0,2,女性,76,4,12,0.9166666666666666,0,0,20,4615411.181286601,9.2013698630137,6.0
C-001978965,S-0063,-100.0,1,2,女性,69,4,12,0.75,0,0,18,4564012.176421695,5.749315068493151,3.0
C-000675141,S-0039,-20.07345829303272,0,2,女性,21,10,12,0.9166666666666666,0,0,16,4591288.568998441,8.193150684931506,5.0
C-002415534,S-0019,-0.9699665806754222,0,2,女性,37,2,12,0.6666666666666666,0,0,19,4327199.920883598,4.090410958904109,1.0
C-001247107,S-0039,-100.0,1,2,女性,45,7,12,0.5,23737,1,16,4591288.568998441,8.193150684931506,5.0
C-001861037,S-0117,-5.773255603432668,0,2,男性,41,4,12,0.9166666666666666,10184,1,20,4500859.737076383,9.593150684931507,7.0
C-002008142,S-0085,-14.227712822416933,0,2,女性,79,4,12,0.75,44344,1,15,4606655.398026554,4.928767123287671,2.0
C-001584267,S-0131,-100.0,1,2,女性,20,5,12,0.6666666666666666,0,0,17,4569023.5643747775,5.13972602739726,2.0
C-001444789,S-0005,-95.2538131871057,1,2,男性,80,6,12,0.5,8441,1,21,4733942.970761149,4.69041095890411,2.0
C-000378180,S-0063,-25.46153956669157,0,2,女性,52,11,12,0.75,0,0,18,4564012.176421695,5.749315068493151,3.0
C-000409166,S-0005,-7.038333359492306,0,2,女性,52,11,12,0.5833333333333334,0,0,21,4733942.970761149,4.69041095890411,2.0
C-002656195,S-0100,-100.0,1,2,女性,58,1,12,0.6666666666666666,0,0,17,4535925.154217558,4.720547945205479,2.0
C-001008070,S-0019,-28.479372838121186,0,2,女性,33,8,12,0.75,162313,1,19,4327199.920883598,4.090410958904109,1.0
C-000225484,S-0111,-49.14929117747357,1,2,女性,27,11,12,0.5833333333333334,0,0,19,4489501.980758176,6.397260273972603,4.0
C-001826451,S-0085,-44.672641835187434,0,2,女性,56,4,12,0.3333333333333333,21632,1,15,4606655.398026554,4.928767123287671,2.0
C-001683649,S-0102,-53.31128498830362,1,2,女性,60,5,12,0.1666666666666666,8645,1,16,4383474.364435211,10.484931506849314,7.5
C-000835898,S-0099,-60.962974351432834,1,2,女性,77,9,12,0.25,0,0,13,4464126.154078853,8.147945205479452,5.0
C-001269452,S-0062,-83.0175819069011,1,2,女性,41,7,12,0.5833333333333334,40588,1,15,4713869.782113416,4.575342465753424,1.0
C-000095142,S-0007,-100.0,1,2,男性,83,12,12,0.6666666666666666,0,0,21,4487075.727367008,3.7260273972602738,1.0
C-001513938,S-0113,-17.825145134737024,0,2,女性,46,6,12,0.3333333333333333,0,0,16,4336633.961311346,5.77945205479452,2.5
C-001109766,S-0005,-0.874945138957711,0,2,男性,40,8,12,0.9166666666666666,0,0,21,4733942.970761149,4.69041095890411,2.0
C-000442896,S-0012,-98.7216996877884,1,2,女性,41,11,12,0.5,14774,1,16,4444678.825084195,7.994520547945205,5.0
C-001052159,S-0099,-62.15231290695472,1,2,男性,64,8,12,0.0,1855,1,13,4464126.154078853,8.147945205479452,5.0
C-000188139,S-0063,-63.50793088733327,1,2,女性,58,12,12,0.4166666666666667,22237,1,18,4564012.176421695,5.749315068493151,3.0
C-002296225,S-0111,-100.0,1,2,男性,41,2,12,0.5833333333333334,0,0,19,4489501.980758176,6.397260273972603,4.0
C-001872595,S-0126,-67.57323074939288,1,2,女性,48,4,12,0.5833333333333334,21633,1,17,4493168.352495564,5.53972602739726,3.0
C-000844999,S-0096,-68.88205128205128,1,2,男性,43,9,12,0.0,1654,1,16,4644856.458098179,8.302739726027397,5.0
C-002339453,S-0007,-47.16796492738873,0,2,男性,60,2,12,0.6666666666666666,19766,2,21,4487075.727367008,3.7260273972602738,1.0
C-001411086,S-0019,-7.512920583337129,0,2,女性,42,6,12,0.8333333333333334,18521,1,19,4327199.920883598,4.090410958904109,1.0
C-000334217,S-0131,-9.377540342063142,0,2,男性,43,11,12,0.5833333333333334,0,0,17,4569023.5643747775,5.13972602739726,2.0
C-001117123,S-0019,-1.791916408986327,0,2,女性,58,8,12,0.5,6109,1,19,4327199.920883598,4.090410958904109,1.0
C-002095714,S-0075,0.8516062991379678,0,2,女性,51,3,12,0.3333333333333333,0,0,19,4506647.2743158825,4.526027397260274,1.0
C-000971121,S-0082,-40.56098329656477,0,2,女性,23,8,12,0.25,18458,2,17,4607261.71451126,4.758904109589041,2.0
C-001253297,S-0113,-17.528718728728812,0,2,男性,57,7,12,0.75,0,0,16,4336633.961311346,5.77945205479452,2.5
C-002499448,S-0018,-29.25766487429764,0,2,男性,46,1,12,0.3333333333333333,44173,2,16,4493108.581950108,7.550684931506849,5.0
C-000011771,S-0040,-26.92343272996392,0,2,女性,25,12,12,0.4166666666666667,0,0,20,4550116.0180538,8.163013698630138,4.0
C-000482210,S-0004,-92.43356096758268,1,2,男性,53,10,12,0.75,0,0,22,4423576.351309,11.806849315068494,9.0
C-000849441,S-0100,-68.02457691771326,1,2,男性,65,9,12,0.0833333333333333,88974,1,17,4535925.154217558,4.720547945205479,2.0
C-000432516,S-0126,-80.75511769217155,1,2,女性,19,11,12,0.5,26516,1,17,4493168.352495564,5.53972602739726,3.0
C-001151133,S-0054,-15.723954140664956,0,2,男性,58,7,12,0.75,0,0,23,4489160.181517739,6.358904109589041,4.0
C-000741610,S-0020,-29.31917013951803,0,2,女性,53,9,12,0.5833333333333334,11962,1,16,4280702.057267675,6.986301369863014,3.5
C-001670078,S-0036,-100.0,1,2,女性,34,5,12,0.5,23982,1,19,4397834.424680548,11.123287671232877,9.0
C-002684591,S-0117,-36.05322591568539,0,2,女性,38,1,12,0.25,0,0,20,4500859.737076383,9.593150684931507,7.0
C-001601991,S-0008,-100.0,1,2,男性,44,5,12,0.6666666666666666,0,0,22,4498453.308937302,10.772602739726027,7.0
C-002323404,S-0059,-14.238864659853293,0,2,女性,51,2,12,0.5,0,0,14,4713188.969095345,6.8123287671232875,3.0
C-001655121,S-0085,-2.641562038233135,0,2,女性,57,5,12,0.75,34611,1,15,4606655.398026554,4.928767123287671,2.0
C-000138676,S-0019,-10.396904267172584,0,2,男性,38,12,12,0.4166666666666667,0,0,19,4327199.920883598,4.090410958904109,1.0
C-002138650,S-0048,-86.96249999999999,1,2,女性,70,3,12,0.25,1362,1,15,4502249.082895545,3.671232876712329,1.0
C-002254210,S-0005,-14.036774677365832,0,2,女性,55,2,12,0.25,0,0,21,4733942.970761149,4.69041095890411,2.0
C-000939239,S-0054,-35.01638975780621,0,2,女性,56,8,12,0.3333333333333333,18478,2,23,4489160.181517739,6.358904109589041,4.0
C-001147059,S-0002,-25.591757688434424,0,2,女性,32,7,12,0.1666666666666666,28526,1,15,4455566.655169959,5.663013698630137,2.0
C-000206534,S-0085,-6.908607009757355,0,2,男性,54,12,12,0.1666666666666666,0,0,15,4606655.398026554,4.928767123287671,2.0
C-001449265,S-0036,-100.0,1,2,男性,50,6,12,0.25,0,0,19,4397834.424680548,11.123287671232877,9.0
C-002470011,S-0050,-16.215396463120037,0,2,女性,32,2,12,0.1666666666666666,52057,1,20,4615411.181286601,9.2013698630137,6.0
C-001297227,S-0019,-12.231315390921344,0,2,男性,63,7,12,0.5833333333333334,8684,1,19,4327199.920883598,4.090410958904109,1.0
C-002533504,S-0054,-78.67791251450754,1,2,女性,57,1,12,0.0,0,0,23,4489160.181517739,6.358904109589041,4.0
C-000788176,S-0121,-68.22721026110857,1,2,女性,49,9,12,0.0,57034,1,14,4716268.25678644,9.856164383561644,7.0
C-001691511,S-0020,-25.739688502778428,0,2,男性,54,5,12,0.0833333333333333,17176,1,16,4280702.057267675,6.986301369863014,3.5
C-000143556,S-0100,-66.01633171972031,1,2,男性,59,12,12,0.3333333333333333,6842,1,17,4535925.154217558,4.720547945205479,2.0
C-001998214,S-0100,-29.345239099978055,0,2,女性,70,4,12,0.4166666666666667,0,0,17,4535925.154217558,4.720547945205479,2.0
C-000502262,S-0054,-8.942004467511989,0,2,女性,38,10,12,0.25,0,0,23,4489160.181517739,6.358904109589041,4.0
C-001496615,S-0063,-75.36002809975413,1,2,女性,46,6,12,0.3333333333333333,4255,1,18,4564012.176421695,5.749315068493151,3.0
C-001449266,S-0040,-50.3328823314649,1,2,男性,86,6,12,0.5,11508,2,20,4550116.0180538,8.163013698630138,4.0
C-001187856,S-0036,-83.01398805187236,1,2,男性,57,7,12,0.3333333333333333,76284,2,19,4397834.424680548,11.123287671232877,9.0
C-001920993,S-0056,-80.41267856283969,1,2,女性,32,4,12,0.3333333333333333,0,0,15,4406070.585753419,7.528767123287671,4.0
C-000939845,S-0121,-35.59516414201749,0,2,女性,39,8,12,0.1666666666666666,7013,1,14,4716268.25678644,9.856164383561644,7.0
C-001228708,S-0126,-12.791208791208792,0,2,男性,68,7,12,0.75,0,0,17,4493168.352495564,5.53972602739726,3.0
C-002073248,S-0131,-35.387049615266605,0,2,女性,24,3,12,1.0,18818,1,17,4569023.5643747775,5.13972602739726,2.0
C-000601279,S-0089,-34.34207975182576,0,2,女性,43,10,12,0.4166666666666667,0,0,19,4721110.949352573,10.142465753424657,7.0
C-000692195,S-0056,-100.0,1,2,女性,66,9,12,0.5833333333333334,0,0,15,4406070.585753419,7.528767123287671,4.0
C-002088311,S-0005,-38.03884139279624,0,2,女性,59,3,12,0.0,0,0,21,4733942.970761149,4.69041095890411,2.0
C-001023968,S-0017,-92.31406417620619,1,2,男性,43,8,12,0.0833333333333333,0,0,20,4640207.03550726,5.608219178082192,2.5
C-002227930,S-0100,-57.2126773395809,1,2,女性,57,3,12,0.4166666666666667,37396,1,17,4535925.154217558,4.720547945205479,2.0
C-000422608,S-0100,-100.0,1,2,女性,44,11,12,0.5,0,0,17,4535925.154217558,4.720547945205479,2.0
C-000581415,S-0059,-48.196162678716945,0,2,男性,47,10,12,0.4166666666666667,1957,1,14,4713188.969095345,6.8123287671232875,3.0
C-001124883,S-0074,-12.147237023859994,0,2,女性,49,8,12,0.6666666666666666,19321,1,14,4614054.39694187,8.308219178082192,6.0
C-001395262,S-0005,-5.632613141282119,0,2,男性,49,6,12,0.3333333333333333,38636,1,21,4733942.970761149,4.69041095890411,2.0
C-000421769,S-0096,-43.27343547130616,0,2,男性,43,11,12,0.4166666666666667,0,0,16,4644856.458098179,8.302739726027397,5.0
C-002598849,S-0063,-21.26052348258882,0,2,女性,59,1,12,0.5,4852,1,18,4564012.176421695,5.749315068493151,3.0
C-000181957,S-0082,-38.35579140388409,0,2,女性,52,12,12,0.4166666666666667,0,0,17,4607261.71451126,4.758904109589041,2.0
C-000365638,S-0019,-36.27899553096404,0,2,女性,46,11,12,0.4166666666666667,18138,1,19,4327199.920883598,4.090410958904109,1.0
C-002588111,S-0048,-100.0,1,2,男性,46,1,12,0.0,14361,1,15,4502249.082895545,3.671232876712329,1.0
C-002142875,S-0085,-18.290269710953844,0,2,女性,60,3,12,0.6666666666666666,1930,1,15,4606655.398026554,4.928767123287671,2.0
C-002390582,S-0002,-100.0,1,2,女性,47,2,12,0.25,0,0,15,4455566.655169959,5.663013698630137,2.0
C-001436953,S-0063,-42.25627902702473,0,2,女性,37,6,12,0.5,0,0,18,4564012.176421695,5.749315068493151,3.0
C-001418046,S-0062,-30.57212311807551,0,2,女性,46,6,12,0.5833333333333334,0,0,15,4713869.782113416,4.575342465753424,1.0
C-000043754,S-0082,-45.56441410644975,0,2,女性,54,12,12,0.5,0,0,17,4607261.71451126,4.758904109589041,2.0
C-001066889,S-0050,-100.0,1,2,女性,58,8,12,0.6666666666666666,0,0,20,4615411.181286601,9.2013698630137,6.0
C-001786436,S-0056,-5.838737813207879,0,2,男性,52,5,12,0.0833333333333333,0,0,15,4406070.585753419,7.528767123287671,4.0
C-002399730,S-0054,-89.92045111267748,1,2,男性,45,2,12,0.25,1389,1,23,4489160.181517739,6.358904109589041,4.0
C-001577612,S-0126,-88.86564205823592,1,2,女性,44,5,12,0.8333333333333334,0,0,17,4493168.352495564,5.53972602739726,3.0
C-002003815,S-0131,-47.337736345305245,0,2,女性,25,4,12,0.75,0,0,17,4569023.5643747775,5.13972602739726,2.0
C-000366407,S-0019,-9.452794013050067,0,2,女性,38,11,12,0.5,0,0,19,4327199.920883598,4.090410958904109,1.0
C-000579620,S-0017,-100.0,1,2,女性,63,10,12,0.75,0,0,20,4640207.03550726,5.608219178082192,2.5
C-000835453,S-0018,-100.0,1,2,女性,40,9,12,0.1666666666666666,0,0,16,4493108.581950108,7.550684931506849,5.0
C-001849777,S-0085,-3.1449579661621527,0,2,女性,70,4,12,0.5,0,0,15,4606655.398026554,4.928767123287671,2.0
C-000393043,S-0131,-41.96280611305468,0,2,男性,32,11,12,0.5,0,0,17,4569023.5643747775,5.13972602739726,2.0
C-000209428,S-0131,-20.28086171191901,0,2,女性,45,12,12,0.1666666666666666,0,0,17,4569023.5643747775,5.13972602739726,2.0
C-001044101,S-0059,-14.299294268896897,0,2,女性,62,8,12,0.6666666666666666,0,0,14,4713188.969095345,6.8123287671232875,3.0
C-001734024,S-0089,-57.14049076951198,1,2,女性,69,5,12,0.3333333333333333,21332,1,19,4721110.949352573,10.142465753424657,7.0
C-000948671,S-0097,-41.683772645983986,0,2,女性,37,8,12,0.1666666666666666,4084,2,21,4592508.716501317,10.09041095890411,7.0
C-001174124,S-0096,-33.44776135737659,0,2,女性,60,7,12,0.0833333333333333,0,0,16,4644856.458098179,8.302739726027397,5.0
C-000410326,S-0002,-42.165269278719414,0,2,男性,49,11,12,0.1666666666666666,0,0,15,4455566.655169959,5.663013698630137,2.0
C-001714923,S-0126,-16.130698172483715,0,2,女性,39,5,12,0.6666666666666666,66845,1,17,4493168.352495564,5.53972602739726,3.0
C-001494028,S-0085,-0.7945339852829559,0,2,女性,41,6,12,0.75,11293,2,15,4606655.398026554,4.928767123287671,2.0
C-000006272,S-0059,-100.0,1,2,女性,61,12,12,0.3333333333333333,0,0,14,4713188.969095345,6.8123287671232875,3.0
C-001668657,S-0020,-98.35912432476341,1,2,女性,75,5,12,0.4166666666666667,3691,1,16,4280702.057267675,6.986301369863014,3.5
C-002660408,S-0054,-85.14706777906339,1,2,女性,53,1,12,0.5,15458,1,23,4489160.181517739,6.358904109589041,4.0
C-002327097,S-0085,-18.884374106131787,0,2,男性,57,2,12,0.4166666666666667,0,0,15,4606655.398026554,4.928767123287671,2.0
C-001369322,S-0005,-21.259518683931496,0,2,女性,51,6,12,0.8333333333333334,147438,1,21,4733942.970761149,4.69041095890411,2.0
C-000055852,S-0036,-100.0,1,2,男性,48,12,12,0.5,7460,1,19,4397834.424680548,11.123287671232877,9.0
C-001005323,S-0019,-15.885657900036248,0,2,女性,57,8,12,1.0,0,0,19,4327199.920883598,4.090410958904109,1.0
C-002412893,S-0014,-31.65315268810373,0,2,女性,50,2,12,0.1666666666666666,566,1,21,4730192.353344672,7.336986301369863,4.0
C-001164470,S-0050,-100.0,1,2,女性,33,7,12,0.1666666666666666,3924,2,20,4615411.181286601,9.2013698630137,6.0
C-000339143,S-0131,-45.51088027223068,0,2,女性,53,11,12,0.4166666666666667,0,0,17,4569023.5643747775,5.13972602739726,2.0
C-000171590,S-0089,-61.882633740466154,1,2,女性,48,12,12,0.0833333333333333,0,0,19,4721110.949352573,10.142465753424657,7.0
C-000346202,S-0062,-81.1297950604309,1,2,男性,49,11,12,0.75,24317,2,15,4713869.782113416,4.575342465753424,1.0
C-002691996,S-0040,-79.6999709766362,1,2,女性,65,1,12,0.4166666666666667,0,0,20,4550116.0180538,8.163013698630138,4.0
C-000796009,S-0082,-94.45295516552137,1,2,男性,37,9,12,0.5,0,0,17,4607261.71451126,4.758904109589041,2.0
C-002069289,S-0005,-27.47157352459833,0,2,女性,36,3,12,0.3333333333333333,0,0,21,4733942.970761149,4.69041095890411,2.0
C-001696842,S-0050,-100.0,1,2,男性,41,5,12,0.0,0,0,20,4615411.181286601,9.2013698630137,6.0
C-001241456,S-0085,-17.56612316100473,0,2,男性,70,7,12,0.5833333333333334,6971,1,15,4606655.398026554,4.928767123287671,2.0
C-002356960,S-0059,-23.15382614189616,0,2,女性,48,2,12,0.3333333333333333,0,0,14,4713188.969095345,6.8123287671232875,3.0
C-002468006,S-0007,-100.0,1,2,男性,55,2,12,0.5,0,0,21,4487075.727367008,3.7260273972602738,1.0
C-001889921,S-0096,-100.0,1,2,男性,58,4,12,0.3333333333333333,0,0,16,4644856.458098179,8.302739726027397,5.0
C-002643587,S-0063,-20.160921926910298,0,2,女性,56,1,12,0.6666666666666666,24637,1,18,4564012.176421695,5.749315068493151,3.0
C-001796158,S-0082,-55.89252892204563,1,2,男性,56,5,12,0.25,0,0,17,4607261.71451126,4.758904109589041,2.0
C-000884597,S-0005,-22.21777498236987,0,2,女性,53,9,12,0.75,0,0,21,4733942.970761149,4.69041095890411,2.0
C-001881764,S-0019,-11.895692371261815,0,2,男性,33,4,12,0.75,12221,1,19,4327199.920883598,4.090410958904109,1.0
C-002644490,S-0020,-100.0,1,2,女性,40,1,12,0.8333333333333334,0,0,16,4280702.057267675,6.986301369863014,3.5
C-001897788,S-0106,-100.0,1,2,女性,38,4,12,0.0833333333333333,0,0,20,4462729.145118021,6.171232876712329,3.5
C-001035952,S-0050,2.123064043532859,0,2,男性,58,8,12,0.9166666666666666,0,0,20,4615411.181286601,9.2013698630137,6.0
C-000891547,S-0089,-7.5670645814697135,0,2,女性,29,9,12,0.6666666666666666,0,0,19,4721110.949352573,10.142465753424657,7.0
C-000755178,S-0126,-54.618772056505335,1,2,男性,24,9,12,0.5,0,0,17,4493168.352495564,5.53972602739726,3.0
C-001451823,S-0039,-38.90879030035823,0,2,男性,66,6,12,0.3333333333333333,13974,2,16,4591288.568998441,8.193150684931506,5.0
C-002619649,S-0100,-46.96477049333791,0,2,男性,59,1,12,0.6666666666666666,0,0,17,4535925.154217558,4.720547945205479,2.0
C-000472021,S-0096,-16.086266807674875,0,2,男性,51,10,12,0.25,31857,1,16,4644856.458098179,8.302739726027397,5.0
C-002386253,S-0100,-100.0,1,2,男性,75,2,12,0.0833333333333333,1512,1,17,4535925.154217558,4.720547945205479,2.0
C-000858454,S-0121,-100.0,1,2,女性,70,9,12,0.0833333333333333,7940,1,14,4716268.25678644,9.856164383561644,7.0
C-000678655,S-0039,-28.600509339306857,0,2,女性,36,9,12,0.0833333333333333,0,0,16,4591288.568998441,8.193150684931506,5.0
C-001652990,S-0005,-19.824486735169533,0,2,女性,38,5,12,0.3333333333333333,0,0,21,4733942.970761149,4.69041095890411,2.0
C-000201790,S-0075,-84.64020693979933,1,2,女性,51,12,12,0.75,0,0,19,4506647.2743158825,4.526027397260274,1.0
C-002549244,S-0059,-91.1234436970639,1,2,女性,45,1,12,0.4166666666666667,3563,2,14,4713188.969095345,6.8123287671232875,3.0
C-002638347,S-0100,-43.93901920242182,0,2,女性,77,1,12,0.25,17651,2,17,4535925.154217558,4.720547945205479,2.0
C-001181280,S-0012,-100.0,1,2,女性,44,7,12,0.0,21309,1,16,4444678.825084195,7.994520547945205,5.0
C-001268245,S-0039,-71.21353760927897,1,2,女性,48,7,12,0.75,0,0,16,4591288.568998441,8.193150684931506,5.0
C-002646567,S-0002,-38.18536660360518,0,2,女性,50,1,12,0.3333333333333333,15071,1,15,4455566.655169959,5.663013698630137,2.0
C-000462188,S-0100,-31.5885142156881,0,2,女性,60,10,12,0.5833333333333334,0,0,17,4535925.154217558,4.720547945205479,2.0
C-001240556,S-0085,-20.559785207252933,0,2,男性,47,7,12,0.75,0,0,15,4606655.398026554,4.928767123287671,2.0
C-000611527,S-0036,-20.64184963119527,0,2,女性,58,10,12,0.3333333333333333,0,0,19,4397834.424680548,11.123287671232877,9.0
C-001201540,S-0002,-37.061805468847545,0,2,男性,68,7,12,0.0,4837,1,15,4455566.655169959,5.663013698630137,2.0
C-002011086,S-0017,-16.830894315743688,0,2,女性,32,4,12,0.0833333333333333,24675,2,20,4640207.03550726,5.608219178082192,2.5
C-000903086,S-0017,-39.69215434453411,0,2,女性,52,8,12,0.5833333333333334,0,0,20,4640207.03550726,5.608219178082192,2.5
C-001770786,S-0039,-2.660639165709126,0,2,女性,54,5,12,0.3333333333333333,0,0,16,4591288.568998441,8.193150684931506,5.0
C-002524989,S-0020,-100.0,1,2,女性,58,1,12,0.3333333333333333,73456,1,16,4280702.057267675,6.986301369863014,3.5
C-001592971,S-0054,-68.73724538908783,1,2,女性,26,5,12,0.3333333333333333,32619,1,23,4489160.181517739,6.358904109589041,4.0
C-000239792,S-0017,-25.53012116320792,0,2,女性,31,11,12,0.5,0,0,20,4640207.03550726,5.608219178082192,2.5
C-000608782,S-0082,-14.306240913480417,0,2,女性,47,10,12,0.25,6222,1,17,4607261.71451126,4.758904109589041,2.0
C-000418492,S-0017,-23.66101129088026,0,2,男性,83,11,12,0.0,0,0,20,4640207.03550726,5.608219178082192,2.5
C-001819524,S-0054,-10.480811331616017,0,2,男性,52,4,12,0.5,0,0,23,4489160.181517739,6.358904109589041,4.0
C-000502528,S-0075,-13.33590252602428,0,2,男性,48,10,12,0.6666666666666666,0,0,19,4506647.2743158825,4.526027397260274,1.0
C-001717434,S-0085,-16.523036269871714,0,2,女性,49,5,12,0.6666666666666666,0,0,15,4606655.398026554,4.928767123287671,2.0
C-001973775,S-0106,-19.097202461305912,0,2,女性,35,4,12,0.1666666666666666,33434,1,20,4462729.145118021,6.171232876712329,3.5
C-002154902,S-0030,-13.50852483513966,0,2,女性,54,3,12,0.1666666666666666,0,0,22,4426478.045479023,9.236986301369862,5.5
C-001320128,S-0056,-67.98019994176452,1,2,男性,59,7,12,0.0833333333333333,2929,1,15,4406070.585753419,7.528767123287671,4.0
C-000633650,S-0004,-99.35384420465823,1,2,女性,55,10,12,0.0833333333333333,0,0,22,4423576.351309,11.806849315068494,9.0
C-000716910,S-0079,-34.14722269762489,0,2,女性,47,9,12,0.0,0,0,13,4256656.371085242,8.479452054794521,6.0
C-001291533,S-0079,-100.0,1,2,女性,34,7,12,0.4166666666666667,10492,1,13,4256656.371085242,8.479452054794521,6.0
C-001555712,S-0079,-58.84218825812712,1,2,女性,56,6,12,0.25,25815,1,13,4256656.371085242,8.479452054794521,6.0
C-002461268,S-0039,-5.65475649598016,0,2,女性,40,2,12,0.3333333333333333,0,0,16,4591288.568998441,8.193150684931506,5.0
C-002313174,S-0100,-48.283359956090045,0,2,男性,52,2,12,0.5833333333333334,1043,1,17,4535925.154217558,4.720547945205479,2.0
C-000019790,S-0131,-14.075188668096098,0,2,女性,40,12,12,0.6666666666666666,7717,1,17,4569023.5643747775,5.13972602739726,2.0
C-001041174,S-0096,-31.588929977335084,0,2,女性,58,8,12,0.5,19153,2,16,4644856.458098179,8.302739726027397,5.0
C-000759322,S-0020,-47.25394911085887,0,2,女性,43,9,12,0.4166666666666667,26328,1,16,4280702.057267675,6.986301369863014,3.5
C-001762154,S-0054,-100.0,1,2,女性,54,5,12,0.5833333333333334,0,0,23,4489160.181517739,6.358904109589041,4.0
C-002456735,S-0111,-11.183411591017572,0,2,女性,48,2,12,0.0833333333333333,0,0,19,4489501.980758176,6.397260273972603,4.0
C-000992950,S-0096,-83.35569535963107,1,2,男性,41,8,12,0.0,7927,1,16,4644856.458098179,8.302739726027397,5.0
C-002364726,S-0048,-100.0,1,2,男性,43,2,12,0.25,29446,1,15,4502249.082895545,3.671232876712329,1.0
C-000800190,S-0054,-55.24341907874998,1,2,男性,32,9,12,0.0833333333333333,0,0,23,4489160.181517739,6.358904109589041,4.0
C-001645865,S-0019,-16.128844549903988,0,2,女性,60,5,12,0.6666666666666666,6526,1,19,4327199.920883598,4.090410958904109,1.0
C-001168191,S-0002,-37.34852423612222,0,2,男性,67,7,12,0.4166666666666667,13343,1,15,4455566.655169959,5.663013698630137,2.0
C-002086367,S-0126,-20.01268168959126,0,2,女性,51,3,12,0.3333333333333333,0,0,17,4493168.352495564,5.53972602739726,3.0
C-001124074,S-0040,-27.313760617419742,0,2,女性,40,8,12,0.5,29733,2,20,4550116.0180538,8.163013698630138,4.0
C-002661489,S-0040,-100.0,1,2,女性,57,1,12,0.1666666666666666,0,0,20,4550116.0180538,8.163013698630138,4.0
C-001438508,S-0063,-41.63588285319443,0,2,女性,69,6,12,0.5,49500,1,18,4564012.176421695,5.749315068493151,3.0
C-002506543,S-0059,-100.0,1,2,女性,60,1,12,0.5833333333333334,5674,1,14,4713188.969095345,6.8123287671232875,3.0
C-001730970,S-0017,-60.42218126989446,1,2,男性,57,5,12,0.3333333333333333,0,0,20,4640207.03550726,5.608219178082192,2.5
C-000904533,S-0017,-25.675201130037127,0,2,男性,39,8,12,0.3333333333333333,1302,1,20,4640207.03550726,5.608219178082192,2.5
C-000793345,S-0019,-6.506045720135339,0,2,男性,22,9,12,0.5,6301,1,19,4327199.920883598,4.090410958904109,1.0
C-000452670,S-0005,-21.768133721821805,0,2,女性,53,10,12,0.25,0,0,21,4733942.970761149,4.69041095890411,2.0
C-000192221,S-0056,-53.35971325808636,1,2,女性,50,12,12,0.25,0,0,15,4406070.585753419,7.528767123287671,4.0
C-002299029,S-0005,-1.2082595382796242,0,2,女性,42,2,12,0.3333333333333333,11787,1,21,4733942.970761149,4.69041095890411,2.0
C-001905675,S-0063,-59.392826380198606,1,2,女性,79,4,12,0.5833333333333334,0,0,18,4564012.176421695,5.749315068493151,3.0
C-000515372,S-0019,7.402986031984164,0,2,女性,60,10,12,0.3333333333333333,0,0,19,4327199.920883598,4.090410958904109,1.0
C-000608053,S-0131,-100.0,1,2,女性,47,10,12,0.0833333333333333,0,0,17,4569023.5643747775,5.13972602739726,2.0
C-002028074,S-0059,-100.0,1,2,女性,84,3,12,0.3333333333333333,0,0,14,4713188.969095345,6.8123287671232875,3.0
C-001131787,S-0036,-80.26454756064322,1,2,男性,58,7,12,0.1666666666666666,16629,1,19,4397834.424680548,11.123287671232877,9.0
C-002308624,S-0062,-40.326985691029044,0,2,女性,54,2,12,0.0,0,0,15,4713869.782113416,4.575342465753424,1.0
C-002594877,S-0030,-9.865874316181166,0,2,男性,61,1,12,0.5,0,0,22,4426478.045479023,9.236986301369862,5.5
C-001927944,S-0075,-66.45286897396872,1,2,男性,39,4,12,0.5,0,0,19,4506647.2743158825,4.526027397260274,1.0
C-002568158,S-0040,-82.50461595273264,1,2,女性,43,1,12,0.0833333333333333,19435,1,20,4550116.0180538,8.163013698630138,4.0
C-002420845,S-0075,-100.0,1,2,男性,65,2,12,0.3333333333333333,32694,1,19,4506647.2743158825,4.526027397260274,1.0
C-001391685,S-0017,-100.0,1,2,女性,43,6,12,0.4166666666666667,0,0,20,4640207.03550726,5.608219178082192,2.5
C-002290420,S-0020,-92.87353321805705,1,2,男性,55,2,12,0.3333333333333333,0,0,16,4280702.057267675,6.986301369863014,3.5
C-002080187,S-0019,-25.923122825912937,0,2,男性,50,3,12,0.5833333333333334,0,0,19,4327199.920883598,4.090410958904109,1.0
C-001164733,S-0115,-9.288399203917322,0,2,男性,36,7,12,1.0,0,0,14,4553643.099564746,10.51095890410959,7.0
C-002080891,S-0106,-100.0,1,2,女性,23,3,12,0.0833333333333333,9911,1,20,4462729.145118021,6.171232876712329,3.5
C-000988788,S-0075,-33.90910301231256,0,2,男性,39,8,12,0.5833333333333334,24913,1,19,4506647.2743158825,4.526027397260274,1.0
C-000877337,S-0054,-10.412668851051363,0,2,男性,59,9,12,0.25,0,0,23,4489160.181517739,6.358904109589041,4.0
C-002015229,S-0048,-6.456237434640063,0,2,男性,53,4,12,0.6666666666666666,14374,1,15,4502249.082895545,3.671232876712329,1.0
C-000805828,S-0063,-84.06057108445827,1,2,女性,53,9,12,0.5833333333333334,12897,2,18,4564012.176421695,5.749315068493151,3.0
C-001438432,S-0082,-26.137137422729435,0,2,男性,37,6,12,0.0833333333333333,0,0,17,4607261.71451126,4.758904109589041,2.0
C-000687693,S-0099,-22.304025647154766,0,2,男性,46,9,12,0.25,0,0,13,4464126.154078853,8.147945205479452,5.0
C-001071848,S-0121,-24.403782267084452,0,2,男性,30,8,12,0.0833333333333333,4399,1,14,4716268.25678644,9.856164383561644,7.0
C-000198267,S-0063,-58.84290591124154,1,2,女性,38,12,12,0.0833333333333333,0,0,18,4564012.176421695,5.749315068493151,3.0
C-001521707,S-0097,-100.0,1,2,男性,69,6,12,0.25,39953,1,21,4592508.716501317,10.09041095890411,7.0
C-002030850,S-0005,-0.3404816050668424,0,2,女性,41,3,12,0.3333333333333333,0,0,21,4733942.970761149,4.69041095890411,2.0
C-002131117,S-0050,-0.6908915834576022,0,2,男性,43,3,12,0.25,0,0,20,4615411.181286601,9.2013698630137,6.0
C-002377777,S-0005,-23.010212890287793,0,2,女性,66,2,12,0.1666666666666666,77686,2,21,4733942.970761149,4.69041095890411,2.0
C-001061151,S-0111,-22.1144145547122,0,2,女性,45,8,12,0.5833333333333334,0,0,19,4489501.980758176,6.397260273972603,4.0
C-002222542,S-0131,-100.0,1,2,女性,18,3,12,0.4166666666666667,35654,1,17,4569023.5643747775,5.13972602739726,2.0
C-001060247,S-0097,-11.400902104588758,0,2,女性,51,8,12,0.6666666666666666,27173,1,21,4592508.716501317,10.09041095890411,7.0
C-001228627,S-0082,-100.0,1,2,女性,36,7,12,0.5833333333333334,0,0,17,4607261.71451126,4.758904109589041,2.0
C-001188866,S-0020,-2.62011733297109,0,2,女性,32,7,12,0.5,11347,1,16,4280702.057267675,6.986301369863014,3.5
C-000012739,S-0126,-14.86098429970823,0,2,女性,43,12,12,0.4166666666666667,0,0,17,4493168.352495564,5.53972602739726,3.0
C-000146307,S-0017,-3.0510256179235364,0,2,男性,31,12,12,0.75,6365,1,20,4640207.03550726,5.608219178082192,2.5
C-002138495,S-0115,-52.44953622511588,1,2,女性,59,3,12,0.25,0,0,14,4553643.099564746,10.51095890410959,7.0
C-000648701,S-0085,-100.0,1,2,男性,41,10,12,0.6666666666666666,38362,1,15,4606655.398026554,4.928767123287671,2.0
C-000252070,S-0082,-100.0,1,2,男性,42,11,12,0.25,0,0,17,4607261.71451126,4.758904109589041,2.0
C-001351083,S-0079,-30.44439737343783,0,2,男性,57,6,12,0.25,0,0,13,4256656.371085242,8.479452054794521,6.0
C-000995416,S-0063,-36.93262751674462,0,2,男性,51,8,12,0.1666666666666666,55074,2,18,4564012.176421695,5.749315068493151,3.0
C-002668764,S-0106,-14.2351855829463,0,2,女性,42,1,12,0.0833333333333333,0,0,20,4462729.145118021,6.171232876712329,3.5
C-001921215,S-0040,-21.31428646369532,0,2,男性,22,4,12,0.5,8526,1,20,4550116.0180538,8.163013698630138,4.0
C-000179847,S-0041,-88.89193011267734,1,2,女性,32,12,12,0.4166666666666667,0,0,17,4828489.286769263,10.389041095890411,7.0
C-000066447,S-0019,-2.649431220859792,0,2,女性,50,12,12,0.5,9326,1,19,4327199.920883598,4.090410958904109,1.0
C-001048909,S-0005,3.228782079966545,0,2,女性,31,8,12,0.9166666666666666,2696,1,21,4733942.970761149,4.69041095890411,2.0
C-001407163,S-0020,-39.41864712925943,0,2,女性,19,6,12,0.3333333333333333,0,0,16,4280702.057267675,6.986301369863014,3.5
C-002033235,S-0113,-83.35917728462967,1,2,男性,26,3,12,0.0833333333333333,1466,2,16,4336633.961311346,5.77945205479452,2.5
C-001505210,S-0131,-50.43746108726283,1,2,女性,64,6,12,0.0,0,0,17,4569023.5643747775,5.13972602739726,2.0
C-000964159,S-0040,1.0502942866012193,0,2,女性,57,8,12,0.5833333333333334,0,0,20,4550116.0180538,8.163013698630138,4.0
C-000322317,S-0063,-58.72658096989315,1,2,男性,27,11,12,0.6666666666666666,3735,1,18,4564012.176421695,5.749315068493151,3.0
C-001447679,S-0041,-16.725476483450333,0,2,男性,44,6,12,0.0833333333333333,65548,1,17,4828489.286769263,10.389041095890411,7.0
C-000339815,S-0019,-3.4123281132104526,0,2,女性,45,11,12,0.75,0,0,19,4327199.920883598,4.090410958904109,1.0
C-001240196,S-0020,-33.75784296045718,0,2,女性,48,7,12,0.5,1533,1,16,4280702.057267675,6.986301369863014,3.5
C-001239809,S-0040,-2.8631892581694207,0,2,男性,41,7,12,0.75,0,0,20,4550116.0180538,8.163013698630138,4.0
C-001548836,S-0131,-66.18512422382187,1,2,女性,49,6,12,0.25,0,0,17,4569023.5643747775,5.13972602739726,2.0
C-002683738,S-0005,-29.30322294649244,0,2,女性,60,1,12,0.0833333333333333,19531,2,21,4733942.970761149,4.69041095890411,2.0
C-000550488,S-0131,-49.3229591424394,1,2,女性,73,10,12,0.25,0,0,17,4569023.5643747775,5.13972602739726,2.0
C-001944757,S-0099,-75.30431104271659,1,2,女性,56,4,12,0.0833333333333333,2208,1,13,4464126.154078853,8.147945205479452,5.0
C-001069686,S-0075,-100.0,1,2,女性,57,8,12,0.6666666666666666,3644,1,19,4506647.2743158825,4.526027397260274,1.0
C-000867973,S-0054,-100.0,1,2,女性,45,9,12,0.25,0,0,23,4489160.181517739,6.358904109589041,4.0
C-002641389,S-0005,-9.503024661160374,0,2,女性,43,1,12,0.5833333333333334,0,0,21,4733942.970761149,4.69041095890411,2.0
C-001214615,S-0082,-78.70207944168935,1,2,男性,58,7,12,0.6666666666666666,0,0,17,4607261.71451126,4.758904109589041,2.0
C-001162762,S-0097,-100.0,1,2,女性,14,7,12,0.4166666666666667,6412,1,21,4592508.716501317,10.09041095890411,7.0
C-000987870,S-0005,-14.43634467373359,0,2,女性,44,8,12,0.1666666666666666,0,0,21,4733942.970761149,4.69041095890411,2.0
C-001366769,S-0089,-39.34434139797918,0,2,女性,42,6,12,0.0833333333333333,0,0,19,4721110.949352573,10.142465753424657,7.0
C-002236279,S-0004,-86.03270118068103,1,2,女性,79,3,12,0.0,4451,1,22,4423576.351309,11.806849315068494,9.0
C-002400718,S-0019,-21.777777777777775,0,2,女性,66,2,12,0.8333333333333334,0,0,19,4327199.920883598,4.090410958904109,1.0
C-000620635,S-0089,-22.920525682454265,0,2,男性,50,10,12,0.0833333333333333,6859,1,19,4721110.949352573,10.142465753424657,7.0
C-000539771,S-0075,-35.491387581669485,0,2,女性,44,10,12,0.3333333333333333,8669,2,19,4506647.2743158825,4.526027397260274,1.0
C-000693485,S-0054,-15.487047050278427,0,2,女性,43,9,12,0.4166666666666667,9425,1,23,4489160.181517739,6.358904109589041,4.0
C-000332305,S-0063,-93.11896710728558,1,2,男性,42,11,12,0.4166666666666667,2668,1,18,4564012.176421695,5.749315068493151,3.0
C-001068431,S-0036,-70.20721149555231,1,2,男性,44,8,12,0.25,38451,2,19,4397834.424680548,11.123287671232877,9.0
C-001434590,S-0020,-10.689094022521859,0,2,女性,70,6,12,0.4166666666666667,0,0,16,4280702.057267675,6.986301369863014,3.5
C-001299342,S-0020,-9.351335973635338,0,2,女性,56,7,12,0.4166666666666667,0,0,16,4280702.057267675,6.986301369863014,3.5
C-002273476,S-0019,-8.93628209093721,0,2,男性,32,2,12,0.4166666666666667,0,0,19,4327199.920883598,4.090410958904109,1.0
C-001026213,S-0100,-74.92388758782201,1,2,女性,48,8,12,0.4166666666666667,0,0,17,4535925.154217558,4.720547945205479,2.0
C-001764670,S-0014,-23.920904564651277,0,2,女性,72,5,12,0.5,7168,1,21,4730192.353344672,7.336986301369863,4.0
C-002687344,S-0131,-96.26133100825304,1,2,男性,71,1,12,0.8333333333333334,15830,1,17,4569023.5643747775,5.13972602739726,2.0
C-001068959,S-0039,-15.67588988886633,0,2,女性,46,8,12,0.25,0,0,16,4591288.568998441,8.193150684931506,5.0
C-002375098,S-0085,-33.40439295480608,0,2,女性,57,2,12,0.3333333333333333,0,0,15,4606655.398026554,4.928767123287671,2.0
C-000209805,S-0062,-99.42905794561025,1,2,女性,34,12,12,0.75,22586,1,15,4713869.782113416,4.575342465753424,1.0
C-002133511,S-0111,-57.350145939781314,1,2,女性,42,3,12,0.4166666666666667,34511,2,19,4489501.980758176,6.397260273972603,4.0
C-002021480,S-0005,-100.0,1,2,男性,41,4,12,0.3333333333333333,0,0,21,4733942.970761149,4.69041095890411,2.0
C-002693338,S-0050,-48.24640439694106,0,2,女性,40,1,12,0.3333333333333333,28160,1,20,4615411.181286601,9.2013698630137,6.0
C-001056029,S-0059,-30.848025387870237,0,2,女性,35,8,12,0.5833333333333334,3404,1,14,4713188.969095345,6.8123287671232875,3.0
C-002365439,S-0126,-38.881743338111725,0,2,女性,55,2,12,0.4166666666666667,68403,2,17,4493168.352495564,5.53972602739726,3.0
C-000770305,S-0050,-100.0,1,2,女性,53,9,12,0.75,3774,2,20,4615411.181286601,9.2013698630137,6.0
C-002368337,S-0059,-23.85376766889258,0,2,女性,77,2,12,0.1666666666666666,11229,2,14,4713188.969095345,6.8123287671232875,3.0
C-002585889,S-0054,-2.4248142641269625,0,2,女性,45,1,12,0.5833333333333334,0,0,23,4489160.181517739,6.358904109589041,4.0
C-000840969,S-0005,-41.11961871570432,0,2,女性,36,9,12,0.5,104883,1,21,4733942.970761149,4.69041095890411,2.0
C-001125339,S-0126,-16.305604843509958,0,2,女性,50,7,12,0.0,0,0,17,4493168.352495564,5.53972602739726,3.0
C-000424920,S-0126,-43.81562099871959,0,2,女性,64,11,12,0.25,0,0,17,4493168.352495564,5.53972602739726,3.0
C-000180007,S-0054,-100.0,1,2,男性,60,12,12,0.4166666666666667,0,0,23,4489160.181517739,6.358904109589041,4.0
C-001096424,S-0017,-16.24896446292991,0,2,女性,43,8,12,0.1666666666666666,0,0,20,4640207.03550726,5.608219178082192,2.5
C-000419371,S-0096,-100.0,1,2,女性,48,11,12,0.0833333333333333,0,0,16,4644856.458098179,8.302739726027397,5.0
C-001667995,S-0050,-100.0,1,2,女性,40,5,12,0.6666666666666666,16084,1,20,4615411.181286601,9.2013698630137,6.0
C-000838170,S-0020,-22.64766039153483,0,2,女性,37,9,12,0.1666666666666666,0,0,16,4280702.057267675,6.986301369863014,3.5
C-002357232,S-0039,-42.68234201400281,0,2,女性,64,2,12,0.3333333333333333,11670,1,16,4591288.568998441,8.193150684931506,5.0
C-001463872,S-0036,-100.0,1,2,男性,18,6,12,0.1666666666666666,0,0,19,4397834.424680548,11.123287671232877,9.0
C-000406255,S-0075,-79.06503008823805,1,2,女性,52,11,12,0.75,0,0,19,4506647.2743158825,4.526027397260274,1.0
C-001415505,S-0059,-16.57991334161703,0,2,女性,45,6,12,0.3333333333333333,60972,1,14,4713188.969095345,6.8123287671232875,3.0
C-002602734,S-0048,-96.61730372693034,1,2,女性,53,1,12,0.5833333333333334,12979,1,15,4502249.082895545,3.671232876712329,1.0
C-000508993,S-0005,-1.597925602036629,0,2,女性,34,10,12,0.5833333333333334,4177,1,21,4733942.970761149,4.69041095890411,2.0
C-000679212,S-0085,-11.071438108208115,0,2,女性,48,9,12,0.75,0,0,15,4606655.398026554,4.928767123287671,2.0
C-000196468,S-0082,-39.719487775660944,0,2,男性,55,12,12,0.5,30102,1,17,4607261.71451126,4.758904109589041,2.0
C-001084577,S-0002,-73.69398406439686,1,2,女性,50,8,12,0.0,0,0,15,4455566.655169959,5.663013698630137,2.0
C-000657333,S-0117,-60.153086151674714,1,2,男性,72,10,12,0.4166666666666667,0,0,20,4500859.737076383,9.593150684931507,7.0
C-001575338,S-0004,-100.0,1,2,女性,79,6,12,0.5833333333333334,0,0,22,4423576.351309,11.806849315068494,9.0
C-000419458,S-0054,-80.5668450344761,1,2,男性,25,11,12,0.5833333333333334,49064,1,23,4489160.181517739,6.358904109589041,4.0
C-000218891,S-0100,-8.546388832968809,0,2,女性,31,12,12,0.9166666666666666,0,0,17,4535925.154217558,4.720547945205479,2.0
C-001835962,S-0005,-2.9456463763033107,0,2,女性,78,4,12,0.75,0,0,21,4733942.970761149,4.69041095890411,2.0
C-000711960,S-0106,-100.0,1,2,女性,55,9,12,0.1666666666666666,10872,2,20,4462729.145118021,6.171232876712329,3.5
C-002356208,S-0041,-100.0,1,2,男性,38,2,12,0.4166666666666667,4749,2,17,4828489.286769263,10.389041095890411,7.0
C-000047349,S-0004,-18.32763323619026,0,2,女性,57,12,12,0.8333333333333334,0,0,22,4423576.351309,11.806849315068494,9.0
C-001637599,S-0017,-42.30544131603923,0,2,女性,47,5,12,0.25,13165,1,20,4640207.03550726,5.608219178082192,2.5
C-000910338,S-0002,-4.605429302770771,0,2,女性,80,8,12,0.4166666666666667,0,0,15,4455566.655169959,5.663013698630137,2.0
C-002439135,S-0005,-15.911942700370293,0,2,女性,56,2,12,0.5,26729,1,21,4733942.970761149,4.69041095890411,2.0
C-002406445,S-0050,-100.0,1,2,女性,58,2,12,0.25,9729,1,20,4615411.181286601,9.2013698630137,6.0
C-000681551,S-0041,-8.9848990170338,0,2,男性,36,9,12,0.5,0,0,17,4828489.286769263,10.389041095890411,7.0
C-000173534,S-0050,-100.0,1,2,女性,60,12,12,0.5,11561,1,20,4615411.181286601,9.2013698630137,6.0
C-000057694,S-0089,-47.67777751361118,0,2,男性,57,12,12,0.6666666666666666,44815,1,19,4721110.949352573,10.142465753424657,7.0
C-002670184,S-0002,-51.56758423933997,1,2,女性,48,1,12,0.5,14353,1,15,4455566.655169959,5.663013698630137,2.0
C-000911047,S-0056,-93.47489427601406,1,2,女性,65,8,12,0.75,10481,2,15,4406070.585753419,7.528767123287671,4.0
C-001905297,S-0004,-100.0,1,2,女性,53,4,12,0.1666666666666666,-106,1,22,4423576.351309,11.806849315068494,9.0
C-001389846,S-0131,-77.2240657913721,1,2,男性,48,6,12,0.25,0,0,17,4569023.5643747775,5.13972602739726,2.0
C-002184321,S-0004,-52.69372928206052,1,2,男性,34,3,12,0.25,8846,1,22,4423576.351309,11.806849315068494,9.0
C-000116767,S-0050,-80.92823712948518,1,2,女性,60,12,12,0.6666666666666666,6905,1,20,4615411.181286601,9.2013698630137,6.0
C-000022895,S-0054,-40.453866178172,0,2,男性,50,12,12,0.1666666666666666,6828,1,23,4489160.181517739,6.358904109589041,4.0
C-001133250,S-0062,-16.316581993985782,0,2,男性,43,7,12,0.3333333333333333,0,0,15,4713869.782113416,4.575342465753424,1.0
C-001029198,S-0131,-31.001068688388678,0,2,女性,80,8,12,0.6666666666666666,44813,1,17,4569023.5643747775,5.13972602739726,2.0
C-001725945,S-0017,-100.0,1,2,男性,70,5,12,1.0,16885,1,20,4640207.03550726,5.608219178082192,2.5
C-000966649,S-0039,-38.85419264162492,0,2,女性,62,8,12,0.0,11681,1,16,4591288.568998441,8.193150684931506,5.0
C-000353441,S-0041,-36.12905932701183,0,2,女性,46,11,12,0.25,0,0,17,4828489.286769263,10.389041095890411,7.0
C-002451360,S-0111,-13.15485184121474,0,2,男性,56,2,12,0.1666666666666666,2149,1,19,4489501.980758176,6.397260273972603,4.0
C-001255957,S-0089,-85.95755829185224,1,2,男性,63,7,12,0.5,9835,2,19,4721110.949352573,10.142465753424657,7.0
C-002241196,S-0113,-50.96386838317034,1,2,女性,60,3,12,0.25,27019,1,16,4336633.961311346,5.77945205479452,2.5
C-000106339,S-0056,-33.89829055065107,0,2,女性,45,12,12,0.25,0,0,15,4406070.585753419,7.528767123287671,4.0
C-001822947,S-0056,-22.249298053738066,0,2,女性,78,4,12,0.0833333333333333,0,0,15,4406070.585753419,7.528767123287671,4.0
C-000258157,S-0075,-100.0,1,2,女性,52,11,12,0.0833333333333333,962,1,19,4506647.2743158825,4.526027397260274,1.0
C-001396872,S-0019,-22.09130236794171,0,2,女性,37,6,12,0.5833333333333334,15311,2,19,4327199.920883598,4.090410958904109,1.0
C-000328978,S-0017,-78.00290613193839,1,2,男性,37,11,12,0.0833333333333333,0,0,20,4640207.03550726,5.608219178082192,2.5
C-002591709,S-0050,-50.675052510695515,1,2,女性,44,1,12,0.5833333333333334,527,2,20,4615411.181286601,9.2013698630137,6.0
C-001497006,S-0050,-100.0,1,2,女性,67,6,12,0.4166666666666667,0,0,20,4615411.181286601,9.2013698630137,6.0
C-001175255,S-0017,-27.52213336482502,0,2,女性,19,7,12,0.75,51453,1,20,4640207.03550726,5.608219178082192,2.5
C-000035790,S-0082,-74.48636665927732,1,2,男性,19,12,12,0.0833333333333333,58907,2,17,4607261.71451126,4.758904109589041,2.0
C-001752462,S-0079,-100.0,1,2,男性,46,5,12,0.4166666666666667,0,0,13,4256656.371085242,8.479452054794521,6.0
C-001429079,S-0018,-0.6167878380492468,0,2,女性,68,6,12,0.5,0,0,16,4493108.581950108,7.550684931506849,5.0
C-000167773,S-0100,-51.55752381733437,1,2,男性,41,12,12,0.5833333333333334,9823,1,17,4535925.154217558,4.720547945205479,2.0
C-000458324,S-0062,-77.54302736098853,1,2,男性,44,10,12,0.1666666666666666,0,0,15,4713869.782113416,4.575342465753424,1.0
C-000274626,S-0054,-97.69943145184925,1,2,女性,20,11,12,0.5,0,0,23,4489160.181517739,6.358904109589041,4.0
C-002002237,S-0062,-76.76418941039913,1,2,男性,42,4,12,0.4166666666666667,0,0,15,4713869.782113416,4.575342465753424,1.0
C-001267683,S-0063,-11.340527471734383,0,2,女性,44,7,12,0.4166666666666667,0,0,18,4564012.176421695,5.749315068493151,3.0
C-002139624,S-0121,-100.0,1,2,男性,43,3,12,0.5833333333333334,0,0,14,4716268.25678644,9.856164383561644,7.0
C-000653764,S-0040,-8.803553203301872,0,2,男性,56,10,12,0.4166666666666667,2300,1,20,4550116.0180538,8.163013698630138,4.0
C-001631055,S-0111,-46.72411017160877,0,2,女性,41,5,12,0.1666666666666666,147610,1,19,4489501.980758176,6.397260273972603,4.0
C-001931677,S-0085,-10.212537597929492,0,2,男性,61,4,12,0.0833333333333333,0,0,15,4606655.398026554,4.928767123287671,2.0
C-001699040,S-0117,-100.0,1,2,女性,36,5,12,0.25,11534,2,20,4500859.737076383,9.593150684931507,7.0
C-002662111,S-0017,-99.20468130623546,1,2,女性,53,1,12,0.5833333333333334,0,0,20,4640207.03550726,5.608219178082192,2.5
C-001571052,S-0050,-16.822464884223738,0,2,女性,31,6,12,0.4166666666666667,5292,1,20,4615411.181286601,9.2013698630137,6.0
C-001388039,S-0059,-18.41182313945709,0,2,女性,50,6,12,0.5,13846,1,14,4713188.969095345,6.8123287671232875,3.0
C-000440114,S-0056,-33.73039640822428,0,2,男性,60,11,12,0.1666666666666666,0,0,15,4406070.585753419,7.528767123287671,4.0
C-002540814,S-0074,-100.0,1,2,女性,58,1,12,0.1666666666666666,0,0,14,4614054.39694187,8.308219178082192,6.0
C-001074472,S-0115,-26.6170688150171,0,2,女性,48,8,12,0.3333333333333333,0,0,14,4553643.099564746,10.51095890410959,7.0
C-001412377,S-0072,-31.62035774131951,0,2,女性,41,6,12,0.25,0,0,12,4406797.312641796,9.01917808219178,6.0
C-001534861,S-0121,-89.44594340214594,1,2,女性,31,6,12,0.5833333333333334,0,0,14,4716268.25678644,9.856164383561644,7.0
C-000274869,S-0005,-8.74881574524006,0,2,男性,51,11,12,0.4166666666666667,0,0,21,4733942.970761149,4.69041095890411,2.0
C-002556600,S-0018,-29.647187070817182,0,2,男性,34,1,12,0.3333333333333333,4156,1,16,4493108.581950108,7.550684931506849,5.0
C-000972911,S-0089,-100.0,1,2,女性,77,8,12,0.75,17271,1,19,4721110.949352573,10.142465753424657,7.0
C-000063716,S-0017,-100.0,1,2,女性,33,12,12,0.5833333333333334,0,0,20,4640207.03550726,5.608219178082192,2.5
C-000021667,S-0050,-30.455398708514792,0,2,男性,32,12,12,0.3333333333333333,0,0,20,4615411.181286601,9.2013698630137,6.0
C-000412954,S-0007,-20.03902700916825,0,2,男性,53,11,12,0.3333333333333333,6439,1,21,4487075.727367008,3.7260273972602738,1.0
C-002688322,S-0019,-1.9960681261360942,0,2,男性,44,1,12,0.1666666666666666,0,0,19,4327199.920883598,4.090410958904109,1.0
C-002074364,S-0054,-97.47781862406369,1,2,男性,50,3,12,0.5833333333333334,0,0,23,4489160.181517739,6.358904109589041,4.0
C-000243001,S-0007,-16.54611947977648,0,2,男性,74,11,12,0.4166666666666667,3279,1,21,4487075.727367008,3.7260273972602738,1.0
C-000370074,S-0085,-45.86220472440945,0,2,男性,44,11,12,0.25,0,0,15,4606655.398026554,4.928767123287671,2.0
C-001586888,S-0030,-67.4953273757374,1,2,男性,56,5,12,0.4166666666666667,3790,1,22,4426478.045479023,9.236986301369862,5.5
C-002208031,S-0017,-18.555505278736657,0,2,女性,36,3,12,0.6666666666666666,47742,2,20,4640207.03550726,5.608219178082192,2.5
C-000609731,S-0036,-6.979717673392248,0,2,女性,60,10,12,0.1666666666666666,0,0,19,4397834.424680548,11.123287671232877,9.0
C-001267223,S-0054,-66.19671458196204,1,2,男性,59,7,12,0.1666666666666666,26394,1,23,4489160.181517739,6.358904109589041,4.0
C-002550619,S-0121,-14.440186279617595,0,2,女性,34,1,12,0.5,0,0,14,4716268.25678644,9.856164383561644,7.0
C-000222734,S-0056,-100.0,1,2,男性,38,12,12,0.3333333333333333,0,0,15,4406070.585753419,7.528767123287671,4.0
C-001553070,S-0131,-36.15639954345072,0,2,男性,50,6,12,0.4166666666666667,11669,1,17,4569023.5643747775,5.13972602739726,2.0
C-001949573,S-0059,-31.62478362486445,0,2,男性,54,4,12,0.8333333333333334,0,0,14,4713188.969095345,6.8123287671232875,3.0
C-002185495,S-0131,-21.361120548611964,0,2,男性,35,3,12,0.0833333333333333,0,0,17,4569023.5643747775,5.13972602739726,2.0
C-002430417,S-0099,-70.73740731982139,1,2,女性,36,2,12,0.1666666666666666,3248,1,13,4464126.154078853,8.147945205479452,5.0
C-001281041,S-0102,-53.018309659246,1,2,女性,44,7,12,0.5833333333333334,0,0,16,4383474.364435211,10.484931506849314,7.5
C-002154710,S-0002,-77.34605133959882,1,2,男性,60,3,12,0.6666666666666666,0,0,15,4455566.655169959,5.663013698630137,2.0
C-001685751,S-0002,-42.06891278862327,0,2,女性,37,5,12,0.0,0,0,15,4455566.655169959,5.663013698630137,2.0
C-001791310,S-0019,-17.397938085528097,0,2,女性,49,5,12,0.0833333333333333,62885,1,19,4327199.920883598,4.090410958904109,1.0
C-000689917,S-0019,-8.046316496056386,0,2,女性,41,9,12,0.4166666666666667,14170,2,19,4327199.920883598,4.090410958904109,1.0
C-000937103,S-0079,-100.0,1,2,女性,40,8,12,0.5833333333333334,0,0,13,4256656.371085242,8.479452054794521,6.0
C-001888320,S-0082,-66.84044958284055,1,2,男性,87,4,12,0.0833333333333333,0,0,17,4607261.71451126,4.758904109589041,2.0
C-001912724,S-0017,-6.298609239426678,0,2,女性,56,4,12,0.5833333333333334,0,0,20,4640207.03550726,5.608219178082192,2.5
C-001663989,S-0074,-74.11319872144695,1,2,男性,71,5,12,0.0833333333333333,26683,1,14,4614054.39694187,8.308219178082192,6.0
C-001561392,S-0036,-52.93501258100902,1,2,男性,47,6,12,0.0833333333333333,0,0,19,4397834.424680548,11.123287671232877,9.0
C-000721914,S-0085,-27.793219708288465,0,2,女性,26,9,12,0.5,16959,1,15,4606655.398026554,4.928767123287671,2.0
C-000909077,S-0100,-84.65051314750713,1,2,女性,48,8,12,0.5833333333333334,23705,1,17,4535925.154217558,4.720547945205479,2.0
C-001649111,S-0131,-28.827951126643487,0,2,女性,34,5,12,0.9166666666666666,2848,1,17,4569023.5643747775,5.13972602739726,2.0
C-000414127,S-0039,-71.67184265010353,1,2,女性,47,11,12,0.4166666666666667,0,0,16,4591288.568998441,8.193150684931506,5.0
C-002205150,S-0054,-47.20513707385295,0,2,女性,62,3,12,0.4166666666666667,1433,2,23,4489160.181517739,6.358904109589041,4.0
C-001973520,S-0054,-55.46412894259613,1,2,女性,33,4,12,0.3333333333333333,0,0,23,4489160.181517739,6.358904109589041,4.0
C-001102725,S-0040,-22.18127394962567,0,2,女性,57,8,12,0.6666666666666666,0,0,20,4550116.0180538,8.163013698630138,4.0
C-001729248,S-0063,-60.74467366715063,1,2,男性,59,5,12,0.1666666666666666,51159,1,18,4564012.176421695,5.749315068493151,3.0
C-002508116,S-0131,-22.494726998450524,0,2,女性,55,1,12,0.5833333333333334,12980,1,17,4569023.5643747775,5.13972602739726,2.0
C-000043345,S-0117,-86.63054970326982,1,2,女性,47,12,12,0.25,0,0,20,4500859.737076383,9.593150684931507,7.0
C-001742902,S-0005,-10.85493916876681,0,2,男性,42,5,12,1.0,19094,1,21,4733942.970761149,4.69041095890411,2.0
C-001492344,S-0063,-100.0,1,2,男性,59,6,12,0.4166666666666667,3443,1,18,4564012.176421695,5.749315068493151,3.0
C-000439737,S-0020,-50.97559440449403,1,2,女性,34,11,12,0.5,0,0,16,4280702.057267675,6.986301369863014,3.5
C-001334136,S-0063,-100.0,1,2,男性,43,7,12,0.5833333333333334,0,0,18,4564012.176421695,5.749315068493151,3.0
C-002214293,S-0030,-12.159514732325578,0,2,女性,53,3,12,0.4166666666666667,0,0,22,4426478.045479023,9.236986301369862,5.5
C-000126435,S-0131,-14.715252551643927,0,2,女性,42,12,12,0.0833333333333333,35035,1,17,4569023.5643747775,5.13972602739726,2.0
C-001119882,S-0075,-77.2752637987013,1,2,男性,50,8,12,0.9166666666666666,0,0,19,4506647.2743158825,4.526027397260274,1.0
C-001849524,S-0039,-76.1313182692059,1,2,男性,21,4,12,0.3333333333333333,61695,2,16,4591288.568998441,8.193150684931506,5.0
C-000791884,S-0056,-35.157616144430264,0,2,女性,63,9,12,0.5833333333333334,13079,2,15,4406070.585753419,7.528767123287671,4.0
C-000744565,S-0007,-13.73348388106729,0,2,女性,48,9,12,0.0833333333333333,0,0,21,4487075.727367008,3.7260273972602738,1.0
C-000296425,S-0075,-34.484762771954976,0,2,女性,33,11,12,0.25,0,0,19,4506647.2743158825,4.526027397260274,1.0
C-001210048,S-0111,-73.47808736032506,1,2,男性,51,7,12,0.3333333333333333,0,0,19,4489501.980758176,6.397260273972603,4.0
C-001163873,S-0063,-19.194730271265918,0,2,男性,55,7,12,0.4166666666666667,3319,2,18,4564012.176421695,5.749315068493151,3.0
C-002284361,S-0131,-7.7877410637513815,0,2,女性,34,2,12,0.6666666666666666,0,0,17,4569023.5643747775,5.13972602739726,2.0
C-000042045,S-0063,-83.77638249842722,1,2,男性,29,12,12,0.0833333333333333,0,0,18,4564012.176421695,5.749315068493151,3.0
C-000365419,S-0050,-68.97328129690784,1,2,男性,36,11,12,0.0833333333333333,0,0,20,4615411.181286601,9.2013698630137,6.0
C-001554293,S-0030,-100.0,1,2,女性,51,6,12,0.3333333333333333,43092,1,22,4426478.045479023,9.236986301369862,5.5
C-001858701,S-0126,-26.459419560190124,0,2,女性,31,4,12,0.5,48130,2,17,4493168.352495564,5.53972602739726,3.0
C-001321295,S-0085,-15.914473579637272,0,2,女性,83,7,12,0.5,1179,2,15,4606655.398026554,4.928767123287671,2.0
C-001523653,S-0063,-70.49258827448368,1,2,女性,46,6,12,0.1666666666666666,20025,1,18,4564012.176421695,5.749315068493151,3.0
C-000052419,S-0089,-51.20121926763726,1,2,女性,43,12,12,0.5,22582,1,19,4721110.949352573,10.142465753424657,7.0
C-000611934,S-0085,7.8805287017680445,0,2,女性,58,10,12,0.25,0,0,15,4606655.398026554,4.928767123287671,2.0
C-001677625,S-0020,-100.0,1,2,男性,31,5,12,0.0833333333333333,6618,1,16,4280702.057267675,6.986301369863014,3.5
C-001293273,S-0050,-100.0,1,2,男性,55,7,12,0.25,0,0,20,4615411.181286601,9.2013698630137,6.0
C-002629109,S-0059,-27.925324526397873,0,2,男性,58,1,12,0.5,0,0,14,4713188.969095345,6.8123287671232875,3.0
C-000137776,S-0008,-100.0,1,2,女性,50,12,12,0.25,0,0,22,4498453.308937302,10.772602739726027,7.0
C-001162950,S-0039,-26.070130867625775,0,2,男性,51,7,12,0.0833333333333333,3885,2,16,4591288.568998441,8.193150684931506,5.0
C-002635441,S-0097,-100.0,1,2,女性,57,1,12,0.0833333333333333,0,0,21,4592508.716501317,10.09041095890411,7.0
C-000990897,S-0131,-58.45113301627528,1,2,女性,51,8,12,0.8333333333333334,14084,1,17,4569023.5643747775,5.13972602739726,2.0
C-002201154,S-0019,-15.901877275214732,0,2,女性,38,3,12,0.3333333333333333,0,0,19,4327199.920883598,4.090410958904109,1.0
C-002454298,S-0007,-85.47940280832347,1,2,男性,39,2,12,0.0,0,0,21,4487075.727367008,3.7260273972602738,1.0
C-002394928,S-0019,-10.501803348170426,0,2,女性,24,2,12,0.4166666666666667,19058,1,19,4327199.920883598,4.090410958904109,1.0
C-000936066,S-0048,-100.0,1,2,女性,60,8,12,0.0,0,0,15,4502249.082895545,3.671232876712329,1.0
C-000855499,S-0040,-16.724665597756946,0,2,男性,44,9,12,0.5833333333333334,2696,1,20,4550116.0180538,8.163013698630138,4.0
C-001924334,S-0018,-34.39579822051503,0,2,女性,59,4,12,0.25,3980,2,16,4493108.581950108,7.550684931506849,5.0
C-001117883,S-0059,-98.68859813084111,1,2,女性,76,8,12,0.5833333333333334,11007,1,14,4713188.969095345,6.8123287671232875,3.0
C-000056804,S-0005,-24.449923245103967,0,2,男性,53,12,12,0.75,0,0,21,4733942.970761149,4.69041095890411,2.0
C-000972149,S-0059,-100.0,1,2,女性,60,8,12,0.4166666666666667,4546,1,14,4713188.969095345,6.8123287671232875,3.0
C-000018139,S-0059,-49.1247257893182,1,2,男性,52,12,12,0.25,0,0,14,4713188.969095345,6.8123287671232875,3.0
C-000576857,S-0007,-56.04835159306172,1,2,女性,53,10,12,0.8333333333333334,0,0,21,4487075.727367008,3.7260273972602738,1.0
C-000455040,S-0131,-100.0,1,2,女性,59,10,12,0.5,0,0,17,4569023.5643747775,5.13972602739726,2.0
C-002214252,S-0063,-13.938385385740018,0,2,女性,56,3,12,0.1666666666666666,0,0,18,4564012.176421695,5.749315068493151,3.0
C-000085792,S-0085,-20.729953664604782,0,2,男性,44,12,12,0.5,0,0,15,4606655.398026554,4.928767123287671,2.0
C-001202358,S-0062,-1.4878776790763297,0,2,男性,53,7,12,0.5833333333333334,0,0,15,4713869.782113416,4.575342465753424,1.0
C-001227092,S-0089,-5.9806365726733635,0,2,女性,33,7,12,0.1666666666666666,28489,1,19,4721110.949352573,10.142465753424657,7.0
C-000764717,S-0017,-47.50071072766152,0,2,男性,58,9,12,0.6666666666666666,0,0,20,4640207.03550726,5.608219178082192,2.5
C-002584045,S-0089,-1.8752451579855742,0,2,女性,34,1,12,1.0,38658,1,19,4721110.949352573,10.142465753424657,7.0
C-001015665,S-0020,-100.0,1,2,女性,38,8,12,0.25,0,0,16,4280702.057267675,6.986301369863014,3.5
C-001040297,S-0007,-56.35555871481376,1,2,男性,28,8,12,0.1666666666666666,27400,1,21,4487075.727367008,3.7260273972602738,1.0
C-001475243,S-0100,-100.0,1,2,男性,55,6,12,0.3333333333333333,0,0,17,4535925.154217558,4.720547945205479,2.0
C-000540932,S-0131,-56.04575633029633,1,2,女性,33,10,12,0.0833333333333333,0,0,17,4569023.5643747775,5.13972602739726,2.0
C-000015918,S-0054,-45.68310353881198,0,2,女性,41,12,12,0.25,0,0,23,4489160.181517739,6.358904109589041,4.0
C-001517661,S-0005,-23.716093632461615,0,2,女性,41,6,12,0.5,0,0,21,4733942.970761149,4.69041095890411,2.0
C-001742998,S-0004,-100.0,1,2,女性,39,5,12,0.3333333333333333,0,0,22,4423576.351309,11.806849315068494,9.0
C-002303480,S-0121,-100.0,1,2,女性,66,2,12,0.5,0,0,14,4716268.25678644,9.856164383561644,7.0
C-002416383,S-0008,-52.01275935398586,1,2,男性,37,2,12,0.1666666666666666,0,0,22,4498453.308937302,10.772602739726027,7.0
C-001581764,S-0050,-100.0,1,2,男性,44,5,12,0.0833333333333333,0,0,20,4615411.181286601,9.2013698630137,6.0
C-001213960,S-0082,-21.00341214307946,0,2,女性,51,7,12,0.5,0,0,17,4607261.71451126,4.758904109589041,2.0
C-001168485,S-0111,-59.09421483067128,1,2,女性,47,7,12,0.0,0,0,19,4489501.980758176,6.397260273972603,4.0
C-001670021,S-0111,-21.699182847521513,0,2,女性,46,5,12,0.3333333333333333,3887,1,19,4489501.980758176,6.397260273972603,4.0
C-001178080,S-0007,-66.20126210476951,1,2,男性,37,7,12,0.3333333333333333,0,0,21,4487075.727367008,3.7260273972602738,1.0
C-002412840,S-0097,-58.86437576885369,1,2,男性,49,2,12,0.1666666666666666,8407,2,21,4592508.716501317,10.09041095890411,7.0
C-002674792,S-0100,-98.00760973949406,1,2,男性,18,1,12,0.25,0,0,17,4535925.154217558,4.720547945205479,2.0
C-001064875,S-0059,-74.73194416346348,1,2,女性,41,8,12,0.0833333333333333,0,0,14,4713188.969095345,6.8123287671232875,3.0
C-000251524,S-0005,-40.538742530904514,0,2,女性,34,11,12,0.3333333333333333,0,0,21,4733942.970761149,4.69041095890411,2.0
C-002430620,S-0085,-7.246866012763027,0,2,男性,23,2,12,0.5,0,0,15,4606655.398026554,4.928767123287671,2.0
C-002541115,S-0062,-100.0,1,2,女性,27,1,12,0.5,33821,2,15,4713869.782113416,4.575342465753424,1.0
C-002523756,S-0059,-51.96831113849265,1,2,男性,32,1,12,0.25,0,0,14,4713188.969095345,6.8123287671232875,3.0
C-001193493,S-0126,-100.0,1,2,女性,30,7,12,0.4166666666666667,1859,1,17,4493168.352495564,5.53972602739726,3.0
C-001406172,S-0054,-21.461163504663496,0,2,男性,56,6,12,0.9166666666666666,4403,1,23,4489160.181517739,6.358904109589041,4.0
C-002229765,S-0100,-100.0,1,2,男性,46,3,12,0.5833333333333334,0,0,17,4535925.154217558,4.720547945205479,2.0
C-002592557,S-0096,-100.0,1,2,女性,76,1,12,0.0,13913,1,16,4644856.458098179,8.302739726027397,5.0
C-001514436,S-0131,-30.023406599544057,0,2,男性,44,6,12,0.5,0,0,17,4569023.5643747775,5.13972602739726,2.0
C-001561298,S-0050,-29.576898707243032,0,2,男性,25,6,12,0.1666666666666666,0,0,20,4615411.181286601,9.2013698630137,6.0
C-001363756,S-0040,-83.59530791788856,1,2,女性,46,6,12,0.9166666666666666,9529,1,20,4550116.0180538,8.163013698630138,4.0
C-000809946,S-0121,-100.0,1,2,男性,62,9,12,0.0833333333333333,0,0,14,4716268.25678644,9.856164383561644,7.0
C-001257301,S-0096,-42.97890994106473,0,2,男性,35,7,12,0.25,173820,1,16,4644856.458098179,8.302739726027397,5.0
C-001201221,S-0054,-95.14563106796116,1,2,女性,56,7,12,0.5833333333333334,35056,1,23,4489160.181517739,6.358904109589041,4.0
C-000624875,S-0079,-87.05281413178419,1,2,女性,56,10,12,0.1666666666666666,0,0,13,4256656.371085242,8.479452054794521,6.0
C-000185254,S-0036,-100.0,1,2,女性,59,12,12,0.0,0,0,19,4397834.424680548,11.123287671232877,9.0
C-000908788,S-0075,-29.74899371705737,0,2,男性,49,8,12,0.1666666666666666,0,0,19,4506647.2743158825,4.526027397260274,1.0
C-000141717,S-0102,0.21360605296165863,0,2,女性,56,12,12,0.4166666666666667,0,0,16,4383474.364435211,10.484931506849314,7.5
C-001765389,S-0111,-75.95690412618254,1,2,男性,54,5,12,0.0,0,0,19,4489501.980758176,6.397260273972603,4.0
C-000689000,S-0079,-39.50628461866212,0,2,男性,31,9,12,0.0833333333333333,52045,2,13,4256656.371085242,8.479452054794521,6.0
C-001596111,S-0085,-40.37027038547335,0,2,女性,45,5,12,0.9166666666666666,22040,1,15,4606655.398026554,4.928767123287671,2.0
C-000875086,S-0097,-75.44324260386136,1,2,男性,42,9,12,0.1666666666666666,24087,2,21,4592508.716501317,10.09041095890411,7.0
C-001121807,S-0117,-74.67884001989876,1,2,男性,45,8,12,0.0,0,0,20,4500859.737076383,9.593150684931507,7.0
C-000271364,S-0097,-89.16916355478148,1,2,男性,77,11,12,0.5,5265,2,21,4592508.716501317,10.09041095890411,7.0
C-001280971,S-0030,-100.0,1,2,男性,47,7,12,0.25,8501,1,22,4426478.045479023,9.236986301369862,5.5
C-002416070,S-0036,-43.292375846224466,0,2,女性,45,2,12,0.1666666666666666,8067,1,19,4397834.424680548,11.123287671232877,9.0
C-001521262,S-0008,-15.810904336351218,0,2,男性,51,6,12,0.6666666666666666,0,0,22,4498453.308937302,10.772602739726027,7.0
C-001514509,S-0113,-72.08794828509079,1,2,男性,41,6,12,0.1666666666666666,0,0,16,4336633.961311346,5.77945205479452,2.5
C-001797729,S-0111,-96.01540285870938,1,2,女性,43,5,12,0.5833333333333334,0,0,19,4489501.980758176,6.397260273972603,4.0
C-001390549,S-0008,-19.20720574512111,0,2,女性,52,6,12,0.5,0,0,22,4498453.308937302,10.772602739726027,7.0
C-001527739,S-0111,-100.0,1,2,女性,23,6,12,0.0833333333333333,0,0,19,4489501.980758176,6.397260273972603,4.0
C-002288918,S-0019,-6.678827525474902,0,2,女性,36,2,12,0.75,24049,1,19,4327199.920883598,4.090410958904109,1.0
C-000220383,S-0097,-100.0,1,2,男性,56,12,12,0.5833333333333334,0,0,21,4592508.716501317,10.09041095890411,7.0
C-001496059,S-0059,-39.714969160873245,0,2,男性,75,6,12,0.25,0,0,14,4713188.969095345,6.8123287671232875,3.0
C-000999423,S-0041,-77.98803118567557,1,2,男性,20,8,12,0.25,0,0,17,4828489.286769263,10.389041095890411,7.0
C-002430256,S-0012,-100.0,1,2,男性,58,2,12,0.3333333333333333,0,0,16,4444678.825084195,7.994520547945205,5.0
C-001020687,S-0039,-11.329328131158208,0,2,女性,34,8,12,0.3333333333333333,0,0,16,4591288.568998441,8.193150684931506,5.0
C-002225536,S-0020,-3.052827183435094,0,2,男性,35,3,12,0.1666666666666666,0,0,16,4280702.057267675,6.986301369863014,3.5
C-002536568,S-0131,-100.0,1,2,女性,42,1,12,0.6666666666666666,0,0,17,4569023.5643747775,5.13972602739726,2.0
C-002113252,S-0020,-100.0,1,2,女性,31,3,12,0.8333333333333334,0,0,16,4280702.057267675,6.986301369863014,3.5
C-001068867,S-0082,-42.41424309144529,0,2,女性,61,8,12,0.5,16530,1,17,4607261.71451126,4.758904109589041,2.0
C-000893366,S-0131,-82.6549973910156,1,2,女性,45,9,12,0.6666666666666666,0,0,17,4569023.5643747775,5.13972602739726,2.0
C-001483617,S-0096,-41.63891802219626,0,2,男性,58,6,12,0.4166666666666667,0,0,16,4644856.458098179,8.302739726027397,5.0
C-000614328,S-0020,-100.0,1,2,男性,47,10,12,0.0,25296,1,16,4280702.057267675,6.986301369863014,3.5
C-002523408,S-0005,-21.93753291205898,0,2,男性,37,1,12,0.6666666666666666,0,0,21,4733942.970761149,4.69041095890411,2.0
C-000755441,S-0082,-26.066050650239564,0,2,女性,32,9,12,0.4166666666666667,0,0,17,4607261.71451126,4.758904109589041,2.0
C-001510001,S-0089,-69.52578798952128,1,2,女性,64,6,12,0.75,2713,1,19,4721110.949352573,10.142465753424657,7.0
C-000435927,S-0018,-6.006817374457386,0,2,男性,78,11,12,0.5,11005,1,16,4493108.581950108,7.550684931506849,5.0
C-002466161,S-0113,-39.66173604887314,0,2,女性,57,2,12,0.0833333333333333,2042,1,16,4336633.961311346,5.77945205479452,2.5
C-002067944,S-0050,-31.012117250741618,0,2,男性,74,3,12,0.5833333333333334,0,0,20,4615411.181286601,9.2013698630137,6.0
C-001108072,S-0017,-51.82350619113987,1,2,女性,80,8,12,0.5833333333333334,10027,1,20,4640207.03550726,5.608219178082192,2.5
C-000425773,S-0082,-41.85799236009924,0,2,女性,28,11,12,0.3333333333333333,15925,1,17,4607261.71451126,4.758904109589041,2.0
C-002404631,S-0050,-10.138668186276883,0,2,女性,60,2,12,0.25,0,0,20,4615411.181286601,9.2013698630137,6.0
C-002301194,S-0019,-8.714007360900627,0,2,男性,53,2,12,0.75,75814,1,19,4327199.920883598,4.090410958904109,1.0
C-000072537,S-0096,-41.03651292843828,0,2,男性,37,12,12,0.1666666666666666,102402,1,16,4644856.458098179,8.302739726027397,5.0
C-001261886,S-0059,-29.262192749205525,0,2,女性,39,7,12,0.3333333333333333,0,0,14,4713188.969095345,6.8123287671232875,3.0
C-000707240,S-0126,-37.046734012787525,0,2,男性,47,9,12,0.25,0,0,17,4493168.352495564,5.53972602739726,3.0
C-001277860,S-0111,-53.11159692526653,1,2,女性,60,7,12,0.75,0,0,19,4489501.980758176,6.397260273972603,4.0
C-002178256,S-0012,-14.102849101845516,0,2,男性,51,3,12,0.5833333333333334,6829,2,16,4444678.825084195,7.994520547945205,5.0
C-001007541,S-0030,-91.6373522853293,1,2,女性,43,8,12,0.1666666666666666,24179,1,22,4426478.045479023,9.236986301369862,5.5
C-001982895,S-0002,-83.81803363415895,1,2,女性,64,4,12,0.3333333333333333,57304,1,15,4455566.655169959,5.663013698630137,2.0
C-002585983,S-0030,-75.56984549913852,1,2,男性,46,1,12,0.5833333333333334,0,0,22,4426478.045479023,9.236986301369862,5.5
C-002168059,S-0075,-64.4417630497268,1,2,女性,41,3,12,0.9166666666666666,5885,1,19,4506647.2743158825,4.526027397260274,1.0
C-002382575,S-0017,-100.0,1,2,女性,70,2,12,0.3333333333333333,4443,1,20,4640207.03550726,5.608219178082192,2.5
C-002080069,S-0050,-100.0,1,2,女性,37,3,12,0.25,25847,1,20,4615411.181286601,9.2013698630137,6.0
C-001263894,S-0050,-40.64994872921702,0,2,女性,43,7,12,0.3333333333333333,2610,1,20,4615411.181286601,9.2013698630137,6.0
C-002147660,S-0020,-14.831064802894064,0,2,男性,50,3,12,0.5833333333333334,60011,1,16,4280702.057267675,6.986301369863014,3.5
C-000608814,S-0036,-54.745778295381406,1,2,男性,56,10,12,0.1666666666666666,39403,1,19,4397834.424680548,11.123287671232877,9.0
C-001095574,S-0082,-22.572495679065486,0,2,男性,57,8,12,0.75,2197,2,17,4607261.71451126,4.758904109589041,2.0
C-000589566,S-0085,-17.63851530721943,0,2,男性,74,10,12,0.5833333333333334,0,0,15,4606655.398026554,4.928767123287671,2.0
C-000138306,S-0005,-8.472170209801172,0,2,女性,38,12,12,0.1666666666666666,0,0,21,4733942.970761149,4.69041095890411,2.0
C-000158672,S-0100,-100.0,1,2,女性,50,12,12,0.3333333333333333,0,0,17,4535925.154217558,4.720547945205479,2.0
C-001592983,S-0054,-97.06344659409751,1,2,女性,41,5,12,0.3333333333333333,8809,1,23,4489160.181517739,6.358904109589041,4.0
C-001176772,S-0100,-23.051738976053347,0,2,男性,60,7,12,0.5,31952,1,17,4535925.154217558,4.720547945205479,2.0
C-002171867,S-0050,-11.259924286240077,0,2,女性,37,3,12,0.5,0,0,20,4615411.181286601,9.2013698630137,6.0
C-001344899,S-0002,-67.43602722006636,1,2,男性,38,7,12,0.4166666666666667,0,0,15,4455566.655169959,5.663013698630137,2.0
C-002423480,S-0019,-22.61448539589828,0,2,男性,55,2,12,0.5833333333333334,0,0,19,4327199.920883598,4.090410958904109,1.0
C-001447595,S-0007,-44.261340309537225,0,2,男性,51,6,12,0.0833333333333333,0,0,21,4487075.727367008,3.7260273972602738,1.0
C-002334552,S-0117,-20.152782830120046,0,2,女性,51,2,12,0.3333333333333333,0,0,20,4500859.737076383,9.593150684931507,7.0
C-002188545,S-0063,-22.55013637092893,0,2,女性,73,3,12,0.1666666666666666,0,0,18,4564012.176421695,5.749315068493151,3.0
C-001462307,S-0040,-9.64039191364123,0,2,男性,53,6,12,0.0,28056,2,20,4550116.0180538,8.163013698630138,4.0
C-000891470,S-0019,-8.312526050717835,0,2,女性,58,9,12,0.4166666666666667,36996,1,19,4327199.920883598,4.090410958904109,1.0
C-000144755,S-0082,-63.183797238460485,1,2,女性,48,12,12,0.0833333333333333,433389,2,17,4607261.71451126,4.758904109589041,2.0
C-000496806,S-0008,-100.0,1,2,女性,39,10,12,0.8333333333333334,4576,1,22,4498453.308937302,10.772602739726027,7.0
C-000441874,S-0041,-100.0,1,2,男性,53,11,12,0.0,18105,1,17,4828489.286769263,10.389041095890411,7.0
C-000713905,S-0050,-100.0,1,2,女性,55,9,12,0.6666666666666666,40066,1,20,4615411.181286601,9.2013698630137,6.0
C-000463177,S-0126,-54.54065593769061,1,2,女性,46,10,12,1.0,20632,2,17,4493168.352495564,5.53972602739726,3.0
C-000727365,S-0014,-22.728133055734016,0,2,男性,41,9,12,0.1666666666666666,10112,1,21,4730192.353344672,7.336986301369863,4.0
C-001090850,S-0059,-14.865849740215298,0,2,男性,51,8,12,0.25,0,0,14,4713188.969095345,6.8123287671232875,3.0
C-001309189,S-0005,-64.7413939291165,1,2,女性,45,7,12,0.5,0,0,21,4733942.970761149,4.69041095890411,2.0
C-001089596,S-0020,-72.93504307272119,1,2,女性,33,8,12,0.25,0,0,16,4280702.057267675,6.986301369863014,3.5
C-002621605,S-0007,-100.0,1,2,男性,64,1,12,0.0833333333333333,25273,1,21,4487075.727367008,3.7260273972602738,1.0
C-002011204,S-0056,-100.0,1,2,男性,60,4,12,0.4166666666666667,31460,1,15,4406070.585753419,7.528767123287671,4.0
C-000188399,S-0007,-67.95631263555858,1,2,女性,55,12,12,0.9166666666666666,0,0,21,4487075.727367008,3.7260273972602738,1.0
C-000125203,S-0017,-100.0,1,2,女性,59,12,12,0.4166666666666667,0,0,20,4640207.03550726,5.608219178082192,2.5
C-000496226,S-0059,-78.38998282541839,1,2,女性,68,10,12,0.1666666666666666,5627,1,14,4713188.969095345,6.8123287671232875,3.0
C-001724403,S-0004,-90.7885561183293,1,2,女性,27,5,12,0.1666666666666666,67215,1,22,4423576.351309,11.806849315068494,9.0
C-001952140,S-0048,-15.152202634353356,0,2,女性,19,4,12,0.25,0,0,15,4502249.082895545,3.671232876712329,1.0
C-001403460,S-0100,-100.0,1,2,女性,46,6,12,0.4166666666666667,0,0,17,4535925.154217558,4.720547945205479,2.0
C-000461256,S-0085,-24.8334844894337,0,2,男性,48,10,12,1.0,53970,1,15,4606655.398026554,4.928767123287671,2.0
C-000074425,S-0019,-19.24430231282644,0,2,女性,35,12,12,0.25,0,0,19,4327199.920883598,4.090410958904109,1.0
C-001996177,S-0002,-27.230722777352558,0,2,男性,52,4,12,0.4166666666666667,0,0,15,4455566.655169959,5.663013698630137,2.0
C-001346640,S-0059,-100.0,1,2,男性,54,7,12,0.8333333333333334,16297,1,14,4713188.969095345,6.8123287671232875,3.0
C-000174229,S-0121,-42.855378474246365,0,2,男性,47,12,12,0.3333333333333333,0,0,14,4716268.25678644,9.856164383561644,7.0
C-001381445,S-0131,3.3590261164338475,0,2,男性,37,6,12,0.75,0,0,17,4569023.5643747775,5.13972602739726,2.0
C-000470361,S-0100,-56.210867420738154,1,2,男性,56,10,12,0.5,41504,1,17,4535925.154217558,4.720547945205479,2.0
C-001908972,S-0002,-60.587657866205646,1,2,女性,61,4,12,0.4166666666666667,0,0,15,4455566.655169959,5.663013698630137,2.0
C-002342773,S-0039,-42.05305272388469,0,2,女性,41,2,12,0.3333333333333333,0,0,16,4591288.568998441,8.193150684931506,5.0
C-002012546,S-0017,-82.19433120405739,1,2,女性,22,4,12,0.3333333333333333,32089,2,20,4640207.03550726,5.608219178082192,2.5
C-000436743,S-0050,-100.0,1,2,男性,56,11,12,0.5833333333333334,0,0,20,4615411.181286601,9.2013698630137,6.0
C-001415660,S-0012,-11.218001291548632,0,2,男性,64,6,12,0.25,0,0,16,4444678.825084195,7.994520547945205,5.0
C-001174810,S-0041,-100.0,1,2,女性,52,7,12,0.5,0,0,17,4828489.286769263,10.389041095890411,7.0
C-002507679,S-0097,-38.6997993006559,0,2,女性,47,1,12,0.6666666666666666,0,0,21,4592508.716501317,10.09041095890411,7.0
C-001762768,S-0063,-64.18564185641856,1,2,女性,38,5,12,0.3333333333333333,0,0,18,4564012.176421695,5.749315068493151,3.0
C-000472532,S-0097,-100.0,1,2,男性,50,10,12,0.1666666666666666,5027,1,21,4592508.716501317,10.09041095890411,7.0
C-001097879,S-0050,-100.0,1,2,男性,50,8,12,1.0,0,0,20,4615411.181286601,9.2013698630137,6.0
C-001322880,S-0012,-31.772489416824477,0,2,女性,72,7,12,0.3333333333333333,17310,1,16,4444678.825084195,7.994520547945205,5.0
C-000451560,S-0004,-95.18081862516264,1,2,女性,77,11,12,0.1666666666666666,0,0,22,4423576.351309,11.806849315068494,9.0
C-001186948,S-0005,-41.526572994487196,0,2,女性,60,7,12,0.25,28336,2,21,4733942.970761149,4.69041095890411,2.0
C-002216698,S-0102,-15.456411592153652,0,2,女性,42,3,12,0.4166666666666667,36925,1,16,4383474.364435211,10.484931506849314,7.5
C-001507663,S-0111,-36.54284135952628,0,2,女性,55,6,12,0.25,11638,2,19,4489501.980758176,6.397260273972603,4.0
C-002683508,S-0036,-6.139827473269737,0,2,女性,81,1,12,0.5,0,0,19,4397834.424680548,11.123287671232877,9.0
C-002462900,S-0075,-58.62039844271225,1,2,女性,62,2,12,0.3333333333333333,0,0,19,4506647.2743158825,4.526027397260274,1.0
C-000962323,S-0089,-61.887084392841714,1,2,女性,30,8,12,0.1666666666666666,0,0,19,4721110.949352573,10.142465753424657,7.0
C-001837754,S-0007,-97.7744375484872,1,2,女性,46,4,12,0.4166666666666667,0,0,21,4487075.727367008,3.7260273972602738,1.0
C-000825922,S-0007,-67.83527424515584,1,2,男性,64,9,12,0.25,0,0,21,4487075.727367008,3.7260273972602738,1.0
C-001950878,S-0097,-30.693585420846865,0,2,男性,19,4,12,0.0,0,0,21,4592508.716501317,10.09041095890411,7.0
C-000599211,S-0096,-100.0,1,2,女性,49,10,12,0.5,0,0,16,4644856.458098179,8.302739726027397,5.0
C-001751206,S-0050,-31.911559757429657,0,2,女性,32,5,12,0.0833333333333333,0,0,20,4615411.181286601,9.2013698630137,6.0
C-002074374,S-0050,-8.445366267559159,0,2,女性,43,3,12,0.5,0,0,20,4615411.181286601,9.2013698630137,6.0
C-001839114,S-0019,-22.310117829285833,0,2,男性,38,4,12,0.4166666666666667,42412,1,19,4327199.920883598,4.090410958904109,1.0
C-001990934,S-0039,-33.951073553137505,0,2,女性,48,4,12,0.4166666666666667,15012,2,16,4591288.568998441,8.193150684931506,5.0
C-000686051,S-0100,-45.31308237048081,0,2,女性,58,9,12,0.0833333333333333,0,0,17,4535925.154217558,4.720547945205479,2.0
C-002649335,S-0019,-7.3469500490257005,0,2,女性,53,1,12,0.8333333333333334,0,0,19,4327199.920883598,4.090410958904109,1.0
C-001491505,S-0017,-36.65629161385551,0,2,男性,34,6,12,0.5,0,0,20,4640207.03550726,5.608219178082192,2.5
C-002023537,S-0085,-9.899596234125548,0,2,男性,58,3,12,0.5,0,0,15,4606655.398026554,4.928767123287671,2.0
C-001484242,S-0019,-4.342862310239976,0,2,女性,31,6,12,0.6666666666666666,457,1,19,4327199.920883598,4.090410958904109,1.0
C-001210768,S-0131,-100.0,1,2,女性,51,7,12,0.75,20218,1,17,4569023.5643747775,5.13972602739726,2.0
C-000843756,S-0097,-100.0,1,2,女性,56,9,12,0.5,27963,1,21,4592508.716501317,10.09041095890411,7.0
C-000784382,S-0079,-22.549061611877207,0,2,女性,49,9,12,0.25,55121,1,13,4256656.371085242,8.479452054794521,6.0
C-001203785,S-0039,-39.21262562613151,0,2,男性,39,7,12,0.5,14089,1,16,4591288.568998441,8.193150684931506,5.0
C-002641135,S-0019,2.1545051794095795,0,2,女性,66,1,12,0.4166666666666667,33563,1,19,4327199.920883598,4.090410958904109,1.0
C-002521012,S-0115,-9.662305820283498,0,2,男性,59,1,12,0.6666666666666666,0,0,14,4553643.099564746,10.51095890410959,7.0
C-001484854,S-0121,-23.776268274446796,0,2,男性,68,6,12,0.4166666666666667,0,0,14,4716268.25678644,9.856164383561644,7.0
C-002612612,S-0074,-14.917500703607939,0,2,女性,50,1,12,0.75,9456,1,14,4614054.39694187,8.308219178082192,6.0
C-000603312,S-0075,-82.74681991347582,1,2,女性,57,10,12,0.5,7672,1,19,4506647.2743158825,4.526027397260274,1.0
C-000816273,S-0017,-100.0,1,2,女性,40,9,12,0.4166666666666667,0,0,20,4640207.03550726,5.608219178082192,2.5
C-001317934,S-0020,-91.02264636446532,1,2,女性,38,7,12,0.8333333333333334,23850,1,16,4280702.057267675,6.986301369863014,3.5
C-001995680,S-0054,-71.02703557590083,1,2,女性,46,4,12,0.0833333333333333,0,0,23,4489160.181517739,6.358904109589041,4.0
C-000297070,S-0099,-100.0,1,2,男性,49,11,12,0.25,0,0,13,4464126.154078853,8.147945205479452,5.0
C-001693812,S-0096,-35.422495599949194,0,2,女性,55,5,12,0.3333333333333333,7944,1,16,4644856.458098179,8.302739726027397,5.0
C-000271582,S-0080,-40.136757160949,0,2,女性,49,11,12,0.4166666666666667,34426,2,17,4457429.264950683,11.673972602739726,9.0
C-000142844,S-0063,-100.0,1,2,女性,44,12,12,0.25,45645,2,18,4564012.176421695,5.749315068493151,3.0
C-001362685,S-0075,-47.4168414965936,0,2,男性,50,6,12,0.3333333333333333,0,0,19,4506647.2743158825,4.526027397260274,1.0
C-002514413,S-0008,-16.09468883171768,0,2,女性,48,1,12,0.25,0,0,22,4498453.308937302,10.772602739726027,7.0
C-000780892,S-0019,-38.10320132037197,0,2,男性,16,9,12,0.8333333333333334,0,0,19,4327199.920883598,4.090410958904109,1.0
C-000211697,S-0085,-21.287976651834843,0,2,女性,46,12,12,0.5,0,0,15,4606655.398026554,4.928767123287671,2.0
C-001249423,S-0082,-42.34282586060691,0,2,女性,42,7,12,0.25,24715,1,17,4607261.71451126,4.758904109589041,2.0
C-001350846,S-0131,-53.36813299182922,1,2,男性,19,6,12,0.6666666666666666,0,0,17,4569023.5643747775,5.13972602739726,2.0
C-001508394,S-0126,-83.67047154427718,1,2,男性,38,6,12,0.5833333333333334,0,0,17,4493168.352495564,5.53972602739726,3.0
C-000713019,S-0017,-89.45495817180166,1,2,女性,42,9,12,0.1666666666666666,0,0,20,4640207.03550726,5.608219178082192,2.5
C-001405347,S-0096,-79.14559422502158,1,2,女性,28,6,12,0.3333333333333333,0,0,16,4644856.458098179,8.302739726027397,5.0
C-000782584,S-0111,-73.63786233234751,1,2,女性,54,9,12,0.25,0,0,19,4489501.980758176,6.397260273972603,4.0
C-001156515,S-0099,-78.7708736542146,1,2,男性,60,7,12,0.1666666666666666,0,0,13,4464126.154078853,8.147945205479452,5.0
C-002026134,S-0111,-96.46469925554278,1,2,男性,85,3,12,0.25,2587,1,19,4489501.980758176,6.397260273972603,4.0
C-002036425,S-0082,-48.407302675998906,0,2,女性,31,3,12,0.3333333333333333,39082,1,17,4607261.71451126,4.758904109589041,2.0
C-001188387,S-0017,-72.50042314481225,1,2,女性,35,7,12,0.5,20471,1,20,4640207.03550726,5.608219178082192,2.5
C-002096310,S-0131,-54.8963637092571,1,2,男性,35,3,12,0.25,0,0,17,4569023.5643747775,5.13972602739726,2.0
C-000832491,S-0008,-100.0,1,2,男性,47,9,12,0.1666666666666666,0,0,22,4498453.308937302,10.772602739726027,7.0
C-001403829,S-0020,-32.372225259704756,0,2,女性,58,6,12,0.4166666666666667,19623,1,16,4280702.057267675,6.986301369863014,3.5
C-001079359,S-0089,-35.24346619944517,0,2,女性,54,8,12,0.1666666666666666,120339,2,19,4721110.949352573,10.142465753424657,7.0
C-001893490,S-0019,-6.534829790777824,0,2,女性,46,4,12,0.8333333333333334,49740,1,19,4327199.920883598,4.090410958904109,1.0
C-002322060,S-0017,-31.92896616848422,0,2,女性,60,2,12,0.25,1978,1,20,4640207.03550726,5.608219178082192,2.5
C-001224428,S-0007,-36.66230423381352,0,2,女性,39,7,12,0.75,0,0,21,4487075.727367008,3.7260273972602738,1.0
C-000568576,S-0131,-22.135670236936058,0,2,男性,54,10,12,0.0833333333333333,0,0,17,4569023.5643747775,5.13972602739726,2.0
C-000034128,S-0085,-30.034937535920626,0,2,男性,54,12,12,0.6666666666666666,0,0,15,4606655.398026554,4.928767123287671,2.0
C-002403153,S-0050,-31.45563861483292,0,2,女性,38,2,12,0.4166666666666667,23534,2,20,4615411.181286601,9.2013698630137,6.0
C-001756705,S-0030,-100.0,1,2,男性,18,5,12,0.25,0,0,22,4426478.045479023,9.236986301369862,5.5
C-000200151,S-0005,-48.97334293948127,1,2,男性,25,12,12,0.5833333333333334,0,0,21,4733942.970761149,4.69041095890411,2.0
C-001636804,S-0030,-100.0,1,2,女性,43,5,12,0.3333333333333333,0,0,22,4426478.045479023,9.236986301369862,5.5
C-002217538,S-0040,-97.11083833424259,1,2,女性,47,3,12,0.1666666666666666,11099,1,20,4550116.0180538,8.163013698630138,4.0
C-002145797,S-0117,-92.08471187382881,1,2,男性,64,3,12,0.3333333333333333,7194,1,20,4500859.737076383,9.593150684931507,7.0
C-002598177,S-0005,-100.0,1,2,男性,36,1,12,0.3333333333333333,0,0,21,4733942.970761149,4.69041095890411,2.0
C-002490261,S-0059,-100.0,1,2,女性,79,1,12,0.6666666666666666,0,0,14,4713188.969095345,6.8123287671232875,3.0
C-002213640,S-0131,-37.78450905522729,0,2,男性,19,3,12,0.6666666666666666,2170,1,17,4569023.5643747775,5.13972602739726,2.0
C-000810503,S-0019,3.674476553176624,0,2,男性,55,9,12,1.0,0,0,19,4327199.920883598,4.090410958904109,1.0
C-000589502,S-0040,-92.86306260359555,1,2,男性,47,10,12,0.5833333333333334,0,0,20,4550116.0180538,8.163013698630138,4.0
C-000175869,S-0099,-54.671237682568794,1,2,男性,39,12,12,0.5833333333333334,4385,2,13,4464126.154078853,8.147945205479452,5.0
C-002494615,S-0017,-46.87501991143394,0,2,男性,57,1,12,0.3333333333333333,26773,2,20,4640207.03550726,5.608219178082192,2.5
C-001307483,S-0005,-24.874558908923067,0,2,女性,44,7,12,0.4166666666666667,0,0,21,4733942.970761149,4.69041095890411,2.0
C-002677019,S-0085,-32.83163709315428,0,2,女性,57,1,12,0.4166666666666667,0,0,15,4606655.398026554,4.928767123287671,2.0
C-002452488,S-0075,-26.170813135019483,0,2,女性,78,2,12,0.4166666666666667,0,0,19,4506647.2743158825,4.526027397260274,1.0
C-001997163,S-0131,-26.13718657612909,0,2,男性,68,4,12,0.5,14272,1,17,4569023.5643747775,5.13972602739726,2.0
C-001959977,S-0050,-79.8737984433109,1,2,女性,69,4,12,0.0,0,0,20,4615411.181286601,9.2013698630137,6.0
C-001110354,S-0079,-39.284255811226615,0,2,女性,44,8,12,0.0833333333333333,0,0,13,4256656.371085242,8.479452054794521,6.0
C-000896099,S-0040,-63.87687611294835,1,2,男性,63,9,12,0.25,3765,2,20,4550116.0180538,8.163013698630138,4.0
C-002433710,S-0019,-5.523661701838346,0,2,女性,52,2,12,0.4166666666666667,0,0,19,4327199.920883598,4.090410958904109,1.0
C-000805283,S-0005,-7.4565987342507105,0,2,女性,58,9,12,0.1666666666666666,0,0,21,4733942.970761149,4.69041095890411,2.0
C-000646482,S-0131,-97.6359489518733,1,2,女性,51,10,12,0.3333333333333333,253423,1,17,4569023.5643747775,5.13972602739726,2.0
C-000432131,S-0005,-29.70926454383635,0,2,男性,56,11,12,0.75,1879,1,21,4733942.970761149,4.69041095890411,2.0
C-000833611,S-0017,-58.28748061439103,1,2,女性,56,9,12,0.75,9142,1,20,4640207.03550726,5.608219178082192,2.5
C-000542790,S-0050,-89.76408959106476,1,2,女性,50,10,12,0.5,0,0,20,4615411.181286601,9.2013698630137,6.0
C-001707533,S-0019,-9.653953488372093,0,2,女性,53,5,12,0.4166666666666667,0,0,19,4327199.920883598,4.090410958904109,1.0
C-000465086,S-0019,-18.799832749398043,0,2,女性,36,10,12,0.5,0,0,19,4327199.920883598,4.090410958904109,1.0
C-000649919,S-0017,-93.0051993067591,1,2,女性,52,10,12,0.5833333333333334,0,0,20,4640207.03550726,5.608219178082192,2.5
C-002256558,S-0059,-17.317605177327586,0,2,男性,37,2,12,0.5,1266,1,14,4713188.969095345,6.8123287671232875,3.0
C-002133316,S-0019,-19.28275782222351,0,2,女性,27,3,12,0.0833333333333333,0,0,19,4327199.920883598,4.090410958904109,1.0
C-002589722,S-0062,-51.22447547540524,1,2,男性,31,1,12,0.1666666666666666,2019,1,15,4713869.782113416,4.575342465753424,1.0
C-002559042,S-0050,-39.26476529045811,0,2,男性,56,1,12,0.3333333333333333,11656,1,20,4615411.181286601,9.2013698630137,6.0
C-001427412,S-0019,14.56553277797383,0,2,女性,48,6,12,0.5833333333333334,0,0,19,4327199.920883598,4.090410958904109,1.0
C-000805501,S-0039,-74.43888588426177,1,2,男性,43,9,12,0.1666666666666666,2855,1,16,4591288.568998441,8.193150684931506,5.0
C-000443808,S-0048,-26.3638426604031,0,2,女性,67,11,12,0.4166666666666667,0,0,15,4502249.082895545,3.671232876712329,1.0
C-000449415,S-0050,-47.166557253012584,0,2,女性,44,11,12,0.0833333333333333,0,0,20,4615411.181286601,9.2013698630137,6.0
C-000134158,S-0048,-61.149099642655194,1,2,男性,34,12,12,0.1666666666666666,0,0,15,4502249.082895545,3.671232876712329,1.0
C-000313094,S-0097,-23.001697003761514,0,2,男性,44,11,12,0.25,0,0,21,4592508.716501317,10.09041095890411,7.0
C-000058981,S-0054,9.873710488637615,0,2,男性,34,12,12,1.0,29961,1,23,4489160.181517739,6.358904109589041,4.0
C-001980596,S-0005,-13.192858066462653,0,2,男性,48,4,12,1.0,0,0,21,4733942.970761149,4.69041095890411,2.0
C-002384453,S-0020,-40.947886460840614,0,2,女性,52,2,12,0.6666666666666666,0,0,16,4280702.057267675,6.986301369863014,3.5
C-002203571,S-0121,-53.60269120974143,1,2,男性,40,3,12,0.0,7372,1,14,4716268.25678644,9.856164383561644,7.0
C-000038008,S-0089,-71.26209116903507,1,2,男性,59,12,12,0.1666666666666666,62693,1,19,4721110.949352573,10.142465753424657,7.0
C-002600344,S-0050,-94.09763651595541,1,2,女性,44,1,12,0.25,0,0,20,4615411.181286601,9.2013698630137,6.0
C-001612061,S-0050,-100.0,1,2,女性,41,5,12,0.5,0,0,20,4615411.181286601,9.2013698630137,6.0
C-001868282,S-0085,-22.720428308515977,0,2,男性,51,4,12,0.5,11623,1,15,4606655.398026554,4.928767123287671,2.0
C-000006475,S-0002,-43.937378158379175,0,2,女性,60,12,12,0.3333333333333333,49864,1,15,4455566.655169959,5.663013698630137,2.0
C-000815891,S-0062,-43.31007248728768,0,2,女性,15,9,12,0.1666666666666666,10495,1,15,4713869.782113416,4.575342465753424,1.0
C-000961187,S-0017,-23.486506454041095,0,2,女性,36,8,12,0.5,25386,1,20,4640207.03550726,5.608219178082192,2.5
C-001721182,S-0089,-49.34331212677101,1,2,女性,32,5,12,0.25,9701,1,19,4721110.949352573,10.142465753424657,7.0
C-002089910,S-0072,-70.35671416700009,1,2,女性,57,3,12,0.1666666666666666,21846,1,12,4406797.312641796,9.01917808219178,6.0
C-001528937,S-0126,-85.78454510848877,1,2,女性,54,6,12,0.75,12595,1,17,4493168.352495564,5.53972602739726,3.0
C-000756928,S-0075,-50.399784385949154,1,2,男性,45,9,12,0.75,22184,1,19,4506647.2743158825,4.526027397260274,1.0
C-000439959,S-0020,-90.39567739295771,1,2,女性,49,11,12,0.3333333333333333,0,0,16,4280702.057267675,6.986301369863014,3.5
C-000047245,S-0126,-52.76993423569489,1,2,男性,26,12,12,0.5,0,0,17,4493168.352495564,5.53972602739726,3.0
C-002158392,S-0063,-83.16397203045179,1,2,女性,45,3,12,0.4166666666666667,0,0,18,4564012.176421695,5.749315068493151,3.0
C-000818447,S-0017,-14.902240142749449,0,2,男性,43,9,12,0.4166666666666667,0,0,20,4640207.03550726,5.608219178082192,2.5
C-001472901,S-0079,-28.512568203369497,0,2,女性,42,6,12,0.4166666666666667,16496,1,13,4256656.371085242,8.479452054794521,6.0
C-002315482,S-0072,-4.874156670639564,0,2,女性,44,2,12,0.0833333333333333,0,0,12,4406797.312641796,9.01917808219178,6.0
C-000082775,S-0017,-37.67453391883821,0,2,男性,36,12,12,0.0,0,0,20,4640207.03550726,5.608219178082192,2.5
C-001609732,S-0097,-24.35332317834666,0,2,女性,42,5,12,0.3333333333333333,0,0,21,4592508.716501317,10.09041095890411,7.0
C-000348478,S-0131,-100.0,1,2,女性,37,11,12,0.5,0,0,17,4569023.5643747775,5.13972602739726,2.0
C-001965313,S-0062,-87.92210993344835,1,2,女性,51,4,12,0.3333333333333333,0,0,15,4713869.782113416,4.575342465753424,1.0
C-002146052,S-0113,-100.0,1,2,男性,45,3,12,0.25,64668,1,16,4336633.961311346,5.77945205479452,2.5
C-000475328,S-0059,-23.410906892838927,0,2,女性,34,10,12,0.75,120268,1,14,4713188.969095345,6.8123287671232875,3.0
C-001850574,S-0121,-22.994238069218337,0,2,女性,21,4,12,0.4166666666666667,9764,1,14,4716268.25678644,9.856164383561644,7.0
C-001460270,S-0062,-27.357149420813943,0,2,女性,36,6,12,0.9166666666666666,0,0,15,4713869.782113416,4.575342465753424,1.0
C-001026692,S-0099,-90.08195836481853,1,2,女性,40,8,12,0.0833333333333333,1268,1,13,4464126.154078853,8.147945205479452,5.0
C-000332112,S-0020,-47.14612851495733,0,2,女性,39,11,12,0.0833333333333333,33525,1,16,4280702.057267675,6.986301369863014,3.5
C-002390905,S-0002,-100.0,1,2,女性,58,2,12,0.5,0,0,15,4455566.655169959,5.663013698630137,2.0
C-000991595,S-0004,-69.02605362093503,1,2,男性,46,8,12,0.6666666666666666,0,0,22,4423576.351309,11.806849315068494,9.0
C-002159839,S-0131,-65.74385328851264,1,2,女性,56,3,12,0.8333333333333334,12190,2,17,4569023.5643747775,5.13972602739726,2.0
C-000252688,S-0121,-100.0,1,2,男性,78,11,12,0.1666666666666666,0,0,14,4716268.25678644,9.856164383561644,7.0
C-000641931,S-0075,-31.622856355747373,0,2,男性,47,10,12,0.25,2988,2,19,4506647.2743158825,4.526027397260274,1.0
C-002315657,S-0097,-100.0,1,2,女性,68,2,12,0.3333333333333333,1560,1,21,4592508.716501317,10.09041095890411,7.0
C-001959420,S-0005,-27.79426579900346,0,2,男性,36,4,12,0.5,2447,1,21,4733942.970761149,4.69041095890411,2.0
C-000767317,S-0050,-5.200884904425351,0,2,女性,47,9,12,0.6666666666666666,32018,1,20,4615411.181286601,9.2013698630137,6.0
C-000292212,S-0012,-100.0,1,2,男性,38,11,12,0.1666666666666666,601,1,16,4444678.825084195,7.994520547945205,5.0
C-002501720,S-0131,-13.927768838086783,0,2,女性,51,1,12,0.1666666666666666,0,0,17,4569023.5643747775,5.13972602739726,2.0
C-001795553,S-0017,-100.0,1,2,女性,59,5,12,0.9166666666666666,0,0,20,4640207.03550726,5.608219178082192,2.5
C-001454706,S-0111,-53.65104035397239,1,2,女性,37,6,12,0.25,4940,1,19,4489501.980758176,6.397260273972603,4.0
C-000257175,S-0080,-100.0,1,2,女性,23,11,12,0.4166666666666667,18869,1,17,4457429.264950683,11.673972602739726,9.0
C-000281258,S-0082,-35.70106761565836,0,2,女性,62,11,12,0.0833333333333333,18596,1,17,4607261.71451126,4.758904109589041,2.0
C-002575245,S-0085,-98.54609056871908,1,2,女性,60,1,12,0.75,0,0,15,4606655.398026554,4.928767123287671,2.0
C-000579926,S-0054,-32.795134455132754,0,2,女性,72,10,12,0.25,0,0,23,4489160.181517739,6.358904109589041,4.0
C-002528059,S-0131,-100.0,1,2,男性,36,1,12,0.0,0,0,17,4569023.5643747775,5.13972602739726,2.0
C-000509234,S-0005,-16.90975245137995,0,2,女性,34,10,12,0.6666666666666666,4230,1,21,4733942.970761149,4.69041095890411,2.0
C-000933005,S-0085,-28.309777557843407,0,2,女性,54,8,12,0.8333333333333334,25040,2,15,4606655.398026554,4.928767123287671,2.0
C-001759146,S-0099,-57.50231455059671,1,2,男性,41,5,12,0.3333333333333333,1225,2,13,4464126.154078853,8.147945205479452,5.0
C-001434874,S-0079,-81.61036420653896,1,2,男性,32,6,12,0.5,37168,2,13,4256656.371085242,8.479452054794521,6.0
C-001781875,S-0002,-26.483404800356407,0,2,男性,39,5,12,0.3333333333333333,98025,1,15,4455566.655169959,5.663013698630137,2.0
C-000924885,S-0074,-4.479457062130052,0,2,女性,49,8,12,0.5,35223,1,14,4614054.39694187,8.308219178082192,6.0
C-001629981,S-0017,-100.0,1,2,女性,71,5,12,0.5833333333333334,15494,1,20,4640207.03550726,5.608219178082192,2.5
C-000674126,S-0017,-8.742546142439773,0,2,女性,37,10,12,0.4166666666666667,0,0,20,4640207.03550726,5.608219178082192,2.5
C-002620177,S-0007,-22.464955300469043,0,2,女性,29,1,12,0.75,9714,2,21,4487075.727367008,3.7260273972602738,1.0
C-001778023,S-0131,-22.070576523888437,0,2,女性,42,5,12,0.5833333333333334,0,0,17,4569023.5643747775,5.13972602739726,2.0
C-001217088,S-0017,-75.29848587134728,1,2,女性,68,7,12,0.1666666666666666,0,0,20,4640207.03550726,5.608219178082192,2.5
C-002021877,S-0085,-16.769657705242743,0,2,女性,58,4,12,0.5,0,0,15,4606655.398026554,4.928767123287671,2.0
C-002414577,S-0020,-98.52576223115102,1,2,女性,56,2,12,0.4166666666666667,15362,1,16,4280702.057267675,6.986301369863014,3.5
C-001794418,S-0126,-76.48794667762868,1,2,男性,53,5,12,0.6666666666666666,12675,1,17,4493168.352495564,5.53972602739726,3.0
C-002515438,S-0017,-21.861939584833944,0,2,女性,53,1,12,0.4166666666666667,25932,1,20,4640207.03550726,5.608219178082192,2.5
C-000661146,S-0111,-67.55713726596704,1,2,男性,34,10,12,0.75,0,0,19,4489501.980758176,6.397260273972603,4.0
C-000950909,S-0005,-16.756224749779744,0,2,女性,31,8,12,0.0833333333333333,0,0,21,4733942.970761149,4.69041095890411,2.0
C-002414043,S-0075,1.2578303132623325,0,2,女性,31,2,12,0.5,0,0,19,4506647.2743158825,4.526027397260274,1.0
C-000443560,S-0131,-31.91109835359728,0,2,女性,45,11,12,0.6666666666666666,7918,1,17,4569023.5643747775,5.13972602739726,2.0
C-002467880,S-0019,-24.6601235914213,0,2,男性,37,2,12,0.25,0,0,19,4327199.920883598,4.090410958904109,1.0
C-002366709,S-0039,-90.8756590223688,1,2,女性,51,2,12,0.1666666666666666,0,0,16,4591288.568998441,8.193150684931506,5.0
C-000563660,S-0099,-100.0,1,2,男性,39,10,12,0.5,38710,1,13,4464126.154078853,8.147945205479452,5.0
C-000300870,S-0019,-6.322656843170889,0,2,女性,68,11,12,0.6666666666666666,0,0,19,4327199.920883598,4.090410958904109,1.0
C-000421533,S-0082,-100.0,1,2,男性,48,11,12,0.0,0,0,17,4607261.71451126,4.758904109589041,2.0
C-000248383,S-0082,-21.853414402117714,0,2,女性,51,11,12,0.6666666666666666,9370,2,17,4607261.71451126,4.758904109589041,2.0
C-000616204,S-0054,-24.739421690833545,0,2,男性,58,10,12,0.75,2530,1,23,4489160.181517739,6.358904109589041,4.0
C-002331566,S-0126,-54.26546410260092,1,2,男性,66,2,12,0.4166666666666667,0,0,17,4493168.352495564,5.53972602739726,3.0
C-002037456,S-0017,-71.47841487042868,1,2,男性,52,3,12,0.5,9636,1,20,4640207.03550726,5.608219178082192,2.5
C-000431275,S-0113,-100.0,1,2,女性,33,11,12,0.1666666666666666,0,0,16,4336633.961311346,5.77945205479452,2.5
C-000657737,S-0131,-40.87916105870004,0,2,男性,58,10,12,0.0833333333333333,16559,1,17,4569023.5643747775,5.13972602739726,2.0
C-000827551,S-0019,-11.634463990180741,0,2,女性,43,9,12,0.25,0,0,19,4327199.920883598,4.090410958904109,1.0
C-001232505,S-0089,-47.80152889434836,0,2,男性,42,7,12,0.0833333333333333,24990,1,19,4721110.949352573,10.142465753424657,7.0
C-000377861,S-0039,-100.0,1,2,男性,45,11,12,0.4166666666666667,0,0,16,4591288.568998441,8.193150684931506,5.0
C-002058709,S-0004,-100.0,1,2,女性,54,3,12,0.25,0,0,22,4423576.351309,11.806849315068494,9.0
C-001804087,S-0097,-74.53987510640276,1,2,男性,52,4,12,0.0833333333333333,0,0,21,4592508.716501317,10.09041095890411,7.0
C-000722123,S-0054,-22.700083787498706,0,2,男性,58,9,12,0.25,4823,2,23,4489160.181517739,6.358904109589041,4.0
C-001214571,S-0131,-21.64142348572814,0,2,男性,36,7,12,0.3333333333333333,0,0,17,4569023.5643747775,5.13972602739726,2.0
C-001835133,S-0050,-100.0,1,2,男性,46,4,12,0.3333333333333333,48284,1,20,4615411.181286601,9.2013698630137,6.0
C-002286114,S-0012,-50.493230750879704,1,2,女性,33,2,12,0.5,1707,1,16,4444678.825084195,7.994520547945205,5.0
C-001376747,S-0097,-66.33779926837532,1,2,女性,44,6,12,0.1666666666666666,3183,2,21,4592508.716501317,10.09041095890411,7.0
C-000427895,S-0039,-36.80121789003586,0,2,女性,41,11,12,0.5833333333333334,0,0,16,4591288.568998441,8.193150684931506,5.0
C-001816814,S-0050,-9.024528963096444,0,2,男性,55,4,12,0.3333333333333333,0,0,20,4615411.181286601,9.2013698630137,6.0
C-001076379,S-0019,3.4721612764436296,0,2,女性,76,8,12,0.6666666666666666,22694,1,19,4327199.920883598,4.090410958904109,1.0
C-000786140,S-0050,-92.7264482484979,1,2,女性,56,9,12,0.25,0,0,20,4615411.181286601,9.2013698630137,6.0
C-002047456,S-0054,-21.54595216314709,0,2,男性,58,3,12,0.1666666666666666,16717,1,23,4489160.181517739,6.358904109589041,4.0
C-000427443,S-0036,-100.0,1,2,女性,48,11,12,0.1666666666666666,0,0,19,4397834.424680548,11.123287671232877,9.0
C-002153129,S-0075,-51.16802225380219,1,2,女性,29,3,12,0.1666666666666666,0,0,19,4506647.2743158825,4.526027397260274,1.0
C-001884424,S-0002,-100.0,1,2,女性,47,4,12,0.3333333333333333,10299,1,15,4455566.655169959,5.663013698630137,2.0
C-000840994,S-0039,-35.13826964632512,0,2,女性,46,9,12,0.3333333333333333,115057,2,16,4591288.568998441,8.193150684931506,5.0
C-000361261,S-0036,-33.13928641556071,0,2,女性,42,11,12,0.4166666666666667,0,0,19,4397834.424680548,11.123287671232877,9.0
C-001164670,S-0036,-62.26151089054315,1,2,女性,54,7,12,0.25,0,0,19,4397834.424680548,11.123287671232877,9.0
C-000829871,S-0113,-100.0,1,2,男性,57,9,12,0.0833333333333333,0,0,16,4336633.961311346,5.77945205479452,2.5
C-002206980,S-0075,-86.98730794923179,1,2,男性,34,3,12,0.4166666666666667,0,0,19,4506647.2743158825,4.526027397260274,1.0
C-001562083,S-0074,-19.26716911039516,0,2,女性,65,6,12,0.5,32029,1,14,4614054.39694187,8.308219178082192,6.0
C-000793280,S-0050,-100.0,1,2,男性,31,9,12,0.0,0,0,20,4615411.181286601,9.2013698630137,6.0
C-000783216,S-0007,-5.81290054071981,0,2,女性,20,9,12,0.3333333333333333,8737,1,21,4487075.727367008,3.7260273972602738,1.0
C-001216686,S-0126,5.569841568220932,0,2,女性,53,7,12,0.8333333333333334,0,0,17,4493168.352495564,5.53972602739726,3.0
C-001012964,S-0048,-35.8528963180126,0,2,女性,36,8,12,0.25,0,0,15,4502249.082895545,3.671232876712329,1.0
C-001638512,S-0017,-17.281134674307193,0,2,男性,31,5,12,0.8333333333333334,0,0,20,4640207.03550726,5.608219178082192,2.5
C-000866350,S-0012,-100.0,1,2,女性,69,9,12,0.25,0,0,16,4444678.825084195,7.994520547945205,5.0
C-002390096,S-0115,-6.343615380626526,0,2,女性,50,2,12,0.1666666666666666,0,0,14,4553643.099564746,10.51095890410959,7.0
C-000913886,S-0041,-49.39015329750613,1,2,女性,53,8,12,0.1666666666666666,0,0,17,4828489.286769263,10.389041095890411,7.0
C-001162006,S-0089,-73.12665687639463,1,2,女性,46,7,12,0.75,0,0,19,4721110.949352573,10.142465753424657,7.0
C-000890358,S-0102,-36.610441825202386,0,2,女性,54,9,12,0.0833333333333333,112848,1,16,4383474.364435211,10.484931506849314,7.5
C-001323548,S-0059,-22.347054427391374,0,2,男性,34,7,12,0.3333333333333333,0,0,14,4713188.969095345,6.8123287671232875,3.0
C-000730135,S-0005,-91.60263589716875,1,2,女性,72,9,12,0.6666666666666666,0,0,21,4733942.970761149,4.69041095890411,2.0
C-000079407,S-0074,-91.26277464357167,1,2,男性,34,12,12,0.5,13854,1,14,4614054.39694187,8.308219178082192,6.0
C-000805151,S-0059,-25.100607526464376,0,2,女性,33,9,12,0.5,20360,2,14,4713188.969095345,6.8123287671232875,3.0
C-001656324,S-0020,-9.241978669575142,0,2,女性,56,5,12,0.1666666666666666,8415,2,16,4280702.057267675,6.986301369863014,3.5
C-001656969,S-0039,-0.4892720027894471,0,2,男性,48,5,12,0.6666666666666666,0,0,16,4591288.568998441,8.193150684931506,5.0
C-000363490,S-0039,-24.114048817039393,0,2,男性,42,11,12,1.0,4266,1,16,4591288.568998441,8.193150684931506,5.0
C-002222233,S-0018,-98.16828697133126,1,2,男性,52,3,12,0.4166666666666667,19164,1,16,4493108.581950108,7.550684931506849,5.0
C-001556542,S-0117,-19.57458621609748,0,2,女性,22,6,12,0.25,1161,1,20,4500859.737076383,9.593150684931507,7.0
C-000266187,S-0075,-64.12182719959988,1,2,男性,36,11,12,0.1666666666666666,13974,2,19,4506647.2743158825,4.526027397260274,1.0
C-000410450,S-0005,-36.43524304413602,0,2,男性,41,11,12,0.25,0,0,21,4733942.970761149,4.69041095890411,2.0
C-000658729,S-0106,-71.97031585740078,1,2,女性,43,10,12,0.0,0,0,20,4462729.145118021,6.171232876712329,3.5
C-001459177,S-0040,-18.59981554862182,0,2,女性,48,6,12,0.1666666666666666,101034,1,20,4550116.0180538,8.163013698630138,4.0
C-002075000,S-0054,-24.636927167810885,0,2,女性,37,3,12,0.1666666666666666,0,0,23,4489160.181517739,6.358904109589041,4.0
C-002582834,S-0036,-82.61722697567878,1,2,女性,41,1,12,0.3333333333333333,0,0,19,4397834.424680548,11.123287671232877,9.0
C-000631068,S-0126,-49.603758453679205,1,2,女性,57,10,12,0.0,0,0,17,4493168.352495564,5.53972602739726,3.0
C-001491830,S-0100,-23.787470156512512,0,2,男性,47,6,12,0.5833333333333334,0,0,17,4535925.154217558,4.720547945205479,2.0
C-002077993,S-0020,-86.28570804577619,1,2,女性,32,3,12,0.1666666666666666,10666,1,16,4280702.057267675,6.986301369863014,3.5
C-001802631,S-0056,-57.49031814397916,1,2,女性,51,4,12,0.0833333333333333,0,0,15,4406070.585753419,7.528767123287671,4.0
C-001658839,S-0002,-67.64711501719526,1,2,女性,33,5,12,0.4166666666666667,5435,1,15,4455566.655169959,5.663013698630137,2.0
C-000877109,S-0121,1.8120522219082749,0,2,女性,31,9,12,0.5,0,0,14,4716268.25678644,9.856164383561644,7.0
C-000694479,S-0030,-100.0,1,2,男性,45,9,12,0.3333333333333333,0,0,22,4426478.045479023,9.236986301369862,5.5
C-001779098,S-0059,-37.58709646310003,0,2,女性,38,5,12,0.0833333333333333,8342,1,14,4713188.969095345,6.8123287671232875,3.0
C-001050758,S-0019,-18.36458462684714,0,2,男性,47,8,12,0.1666666666666666,4575,1,19,4327199.920883598,4.090410958904109,1.0
C-002377325,S-0075,-35.81502522744428,0,2,男性,22,2,12,0.25,0,0,19,4506647.2743158825,4.526027397260274,1.0
C-002173257,S-0100,-24.4989488437281,0,2,女性,41,3,12,0.5833333333333334,9598,1,17,4535925.154217558,4.720547945205479,2.0
C-002612982,S-0007,-15.188531051339197,0,2,女性,55,1,12,0.5833333333333334,0,0,21,4487075.727367008,3.7260273972602738,1.0
C-000185788,S-0121,-22.48055962893108,0,2,男性,62,12,12,0.5,55561,1,14,4716268.25678644,9.856164383561644,7.0
C-001929244,S-0002,-48.78125198881856,0,2,女性,40,4,12,0.5,34291,2,15,4455566.655169959,5.663013698630137,2.0
C-001087272,S-0097,-100.0,1,2,男性,54,8,12,0.4166666666666667,468,1,21,4592508.716501317,10.09041095890411,7.0
C-002268287,S-0085,-37.58037235761027,0,2,女性,56,2,12,0.4166666666666667,1445,2,15,4606655.398026554,4.928767123287671,2.0
C-001809815,S-0131,-33.962773860658615,0,2,女性,74,4,12,0.4166666666666667,15108,1,17,4569023.5643747775,5.13972602739726,2.0
C-000695169,S-0019,-14.391858770038937,0,2,女性,36,9,12,0.4166666666666667,23842,1,19,4327199.920883598,4.090410958904109,1.0
C-001201781,S-0020,-62.25934170504171,1,2,女性,36,7,12,0.5,82469,2,16,4280702.057267675,6.986301369863014,3.5
C-000658371,S-0008,-93.25689049157745,1,2,女性,59,10,12,0.3333333333333333,4601,1,22,4498453.308937302,10.772602739726027,7.0
C-001688901,S-0097,-100.0,1,2,男性,46,5,12,0.1666666666666666,0,0,21,4592508.716501317,10.09041095890411,7.0
C-000241736,S-0004,-100.0,1,2,女性,65,11,12,0.25,0,0,22,4423576.351309,11.806849315068494,9.0
C-001305166,S-0004,-100.0,1,2,女性,53,7,12,0.3333333333333333,0,0,22,4423576.351309,11.806849315068494,9.0
C-000429694,S-0100,-23.39391311541347,0,2,女性,32,11,12,0.25,36756,1,17,4535925.154217558,4.720547945205479,2.0
C-002525219,S-0030,-19.97853783277775,0,2,女性,38,1,12,0.4166666666666667,0,0,22,4426478.045479023,9.236986301369862,5.5
C-000222346,S-0040,-75.77907524517852,1,2,女性,41,12,12,0.4166666666666667,0,0,20,4550116.0180538,8.163013698630138,4.0
C-000254196,S-0075,-33.215022401917665,0,2,女性,37,11,12,0.1666666666666666,56730,1,19,4506647.2743158825,4.526027397260274,1.0
C-002488469,S-0062,-62.26837060702876,1,2,女性,16,1,12,1.0,68908,1,15,4713869.782113416,4.575342465753424,1.0
C-000240763,S-0039,-16.976898292171928,0,2,男性,54,11,12,0.1666666666666666,3159,1,16,4591288.568998441,8.193150684931506,5.0
C-001211092,S-0062,-13.614757460773255,0,2,女性,69,7,12,0.5833333333333334,5414,1,15,4713869.782113416,4.575342465753424,1.0
C-002265694,S-0050,-42.44800625032797,0,2,女性,57,2,12,0.5,0,0,20,4615411.181286601,9.2013698630137,6.0
C-002413428,S-0002,-73.64725614924122,1,2,女性,43,2,12,0.5833333333333334,5373,1,15,4455566.655169959,5.663013698630137,2.0
C-001812142,S-0085,-54.5438423962985,1,2,女性,58,4,12,0.4166666666666667,0,0,15,4606655.398026554,4.928767123287671,2.0
C-002266535,S-0050,-100.0,1,2,男性,44,2,12,0.0833333333333333,2254,2,20,4615411.181286601,9.2013698630137,6.0
C-000749897,S-0017,-35.778587808683895,0,2,女性,48,9,12,0.9166666666666666,0,0,20,4640207.03550726,5.608219178082192,2.5
C-000429693,S-0074,-81.60540874695798,1,2,男性,33,11,12,0.3333333333333333,0,0,14,4614054.39694187,8.308219178082192,6.0
C-002033537,S-0117,-100.0,1,2,女性,49,3,12,0.3333333333333333,0,0,20,4500859.737076383,9.593150684931507,7.0
C-002688003,S-0017,-54.11171081007018,1,2,男性,32,1,12,0.4166666666666667,13861,1,20,4640207.03550726,5.608219178082192,2.5
C-000283612,S-0100,-54.56701638876829,1,2,女性,35,11,12,0.1666666666666666,35531,1,17,4535925.154217558,4.720547945205479,2.0
C-001142472,S-0075,-35.0606394707828,0,2,女性,57,7,12,0.5,7012,1,19,4506647.2743158825,4.526027397260274,1.0
C-002639612,S-0019,-7.639853777954214,0,2,女性,33,1,12,0.9166666666666666,4936,1,19,4327199.920883598,4.090410958904109,1.0
C-001527566,S-0075,-3.3552546440630113,0,2,女性,50,6,12,0.25,9145,1,19,4506647.2743158825,4.526027397260274,1.0
C-002241046,S-0002,-44.519236998168466,0,2,男性,41,3,12,0.1666666666666666,33536,2,15,4455566.655169959,5.663013698630137,2.0
C-002470449,S-0097,-64.19011424794637,1,2,女性,19,2,12,0.4166666666666667,6981,1,21,4592508.716501317,10.09041095890411,7.0
C-001823775,S-0100,0.6161326838459584,0,2,男性,44,4,12,0.4166666666666667,46787,2,17,4535925.154217558,4.720547945205479,2.0
C-000663407,S-0063,-100.0,1,2,女性,56,10,12,0.75,0,0,18,4564012.176421695,5.749315068493151,3.0
C-000588368,S-0097,-27.681697500502437,0,2,女性,53,10,12,0.1666666666666666,0,0,21,4592508.716501317,10.09041095890411,7.0
C-001139974,S-0063,-38.25466000331589,0,2,男性,58,7,12,0.5,0,0,18,4564012.176421695,5.749315068493151,3.0
C-000819047,S-0082,-96.44167801335668,1,2,女性,52,9,12,0.5,0,0,17,4607261.71451126,4.758904109589041,2.0
C-001182758,S-0004,-14.24361409455995,0,2,男性,60,7,12,0.6666666666666666,0,0,22,4423576.351309,11.806849315068494,9.0
C-001644633,S-0085,-22.495188983173502,0,2,男性,39,5,12,0.25,6473,1,15,4606655.398026554,4.928767123287671,2.0
C-001608998,S-0100,-6.792920582092211,0,2,女性,57,5,12,0.3333333333333333,7089,1,17,4535925.154217558,4.720547945205479,2.0
C-001363454,S-0062,-44.65050956102129,0,2,女性,57,6,12,0.8333333333333334,0,0,15,4713869.782113416,4.575342465753424,1.0
C-000551391,S-0115,-25.126671405388734,0,2,男性,73,10,12,0.25,18050,1,14,4553643.099564746,10.51095890410959,7.0
C-000747093,S-0075,-26.84890738656535,0,2,女性,46,9,12,0.8333333333333334,0,0,19,4506647.2743158825,4.526027397260274,1.0
C-001521544,S-0121,-44.53869527886542,0,2,男性,38,6,12,0.3333333333333333,0,0,14,4716268.25678644,9.856164383561644,7.0
C-002230619,S-0019,-28.90279679248973,0,2,女性,51,3,12,0.75,0,0,19,4327199.920883598,4.090410958904109,1.0
C-001913558,S-0072,-93.70094735092611,1,2,女性,19,4,12,0.0,25843,1,12,4406797.312641796,9.01917808219178,6.0
C-001522922,S-0004,-100.0,1,2,女性,44,6,12,0.4166666666666667,5273,1,22,4423576.351309,11.806849315068494,9.0
C-001379582,S-0054,-22.868260680805903,0,2,男性,58,6,12,0.4166666666666667,0,0,23,4489160.181517739,6.358904109589041,4.0
C-001359757,S-0007,-40.01748965195593,0,2,男性,75,6,12,1.0,0,0,21,4487075.727367008,3.7260273972602738,1.0
C-001753152,S-0085,-21.554874022334072,0,2,男性,38,5,12,0.5833333333333334,25358,1,15,4606655.398026554,4.928767123287671,2.0
C-001257156,S-0005,-5.6837916163248,0,2,女性,18,7,12,0.5833333333333334,14453,1,21,4733942.970761149,4.69041095890411,2.0
C-000791213,S-0002,-29.958966199108016,0,2,女性,69,9,12,0.4166666666666667,7194,1,15,4455566.655169959,5.663013698630137,2.0
C-002464173,S-0039,-60.16380799087906,1,2,女性,33,2,12,0.3333333333333333,0,0,16,4591288.568998441,8.193150684931506,5.0
C-001523933,S-0040,-100.0,1,2,男性,47,6,12,0.0,0,0,20,4550116.0180538,8.163013698630138,4.0
C-001481182,S-0039,-57.36947084359967,1,2,男性,24,6,12,0.5,0,0,16,4591288.568998441,8.193150684931506,5.0
C-002375312,S-0019,-23.557311153455636,0,2,男性,42,2,12,0.5,2976,1,19,4327199.920883598,4.090410958904109,1.0
C-001036646,S-0082,-98.48281496177862,1,2,女性,33,8,12,0.6666666666666666,0,0,17,4607261.71451126,4.758904109589041,2.0
C-001732170,S-0096,-100.0,1,2,女性,45,5,12,0.1666666666666666,9747,1,16,4644856.458098179,8.302739726027397,5.0
C-000790065,S-0131,-40.97591866773923,0,2,女性,59,9,12,0.0,2309,1,17,4569023.5643747775,5.13972602739726,2.0
C-000941859,S-0072,-100.0,1,2,女性,80,8,12,0.4166666666666667,111199,1,12,4406797.312641796,9.01917808219178,6.0
C-001681374,S-0131,-82.15211587324107,1,2,男性,41,5,12,0.5,17206,1,17,4569023.5643747775,5.13972602739726,2.0
C-002245690,S-0059,-47.97041427612498,0,2,女性,54,3,12,0.1666666666666666,27227,1,14,4713188.969095345,6.8123287671232875,3.0
C-001465910,S-0062,-97.79353524686003,1,2,女性,57,6,12,0.1666666666666666,26659,1,15,4713869.782113416,4.575342465753424,1.0
C-000698929,S-0089,-45.012860164555285,0,2,男性,47,9,12,0.1666666666666666,0,0,19,4721110.949352573,10.142465753424657,7.0
C-000146100,S-0017,-66.34802867741904,1,2,女性,58,12,12,1.0,0,0,20,4640207.03550726,5.608219178082192,2.5
C-000768745,S-0056,-36.413502109704645,0,2,男性,50,9,12,0.3333333333333333,0,0,15,4406070.585753419,7.528767123287671,4.0
C-002609985,S-0096,-21.624490230689634,0,2,男性,61,1,12,0.25,0,0,16,4644856.458098179,8.302739726027397,5.0
C-001544239,S-0019,-3.771147402607429,0,2,女性,56,6,12,0.8333333333333334,0,0,19,4327199.920883598,4.090410958904109,1.0
C-000816721,S-0056,-11.588708777904378,0,2,男性,20,9,12,0.4166666666666667,0,0,15,4406070.585753419,7.528767123287671,4.0
C-000843543,S-0062,-100.0,1,2,男性,42,9,12,0.3333333333333333,0,0,15,4713869.782113416,4.575342465753424,1.0
C-000210072,S-0126,-44.310932126548984,0,2,男性,84,12,12,0.4166666666666667,0,0,17,4493168.352495564,5.53972602739726,3.0
C-001012917,S-0041,-44.21567023799787,0,2,女性,54,8,12,0.25,0,0,17,4828489.286769263,10.389041095890411,7.0
C-000976712,S-0017,-63.942307692307686,1,2,女性,58,8,12,0.4166666666666667,0,0,20,4640207.03550726,5.608219178082192,2.5
C-001262001,S-0050,-48.37430610626487,0,2,女性,43,7,12,0.5,0,0,20,4615411.181286601,9.2013698630137,6.0
C-001375159,S-0019,-35.83369755244755,0,2,女性,57,6,12,0.4166666666666667,9664,1,19,4327199.920883598,4.090410958904109,1.0
C-000465197,S-0085,-12.056637968542837,0,2,男性,33,10,12,0.5,0,0,15,4606655.398026554,4.928767123287671,2.0
C-002036724,S-0050,-28.86415452369826,0,2,女性,86,3,12,0.3333333333333333,8313,2,20,4615411.181286601,9.2013698630137,6.0
C-001190720,S-0113,-5.748475668179189,0,2,男性,33,7,12,0.5,5006,1,16,4336633.961311346,5.77945205479452,2.5
C-002675733,S-0048,-38.785186013152256,0,2,女性,71,1,12,0.4166666666666667,0,0,15,4502249.082895545,3.671232876712329,1.0
C-002539280,S-0075,1.6028609389021569,0,2,男性,52,1,12,0.75,1899,1,19,4506647.2743158825,4.526027397260274,1.0
C-001610406,S-0121,-53.683893000657164,1,2,男性,42,5,12,0.5833333333333334,20949,2,14,4716268.25678644,9.856164383561644,7.0
C-002227386,S-0056,-20.052370035966664,0,2,男性,85,3,12,0.1666666666666666,4756,2,15,4406070.585753419,7.528767123287671,4.0
C-001591412,S-0030,-43.12240231145996,0,2,女性,32,5,12,0.25,1339,1,22,4426478.045479023,9.236986301369862,5.5
C-000691288,S-0059,-15.329517803900064,0,2,女性,70,9,12,0.3333333333333333,0,0,14,4713188.969095345,6.8123287671232875,3.0
C-000859351,S-0059,-68.36694388975445,1,2,女性,22,9,12,0.4166666666666667,64558,1,14,4713188.969095345,6.8123287671232875,3.0
C-001394261,S-0005,-11.89945044271633,0,2,女性,74,6,12,0.1666666666666666,0,0,21,4733942.970761149,4.69041095890411,2.0
C-001131522,S-0002,-100.0,1,2,女性,34,7,12,0.4166666666666667,0,0,15,4455566.655169959,5.663013698630137,2.0
C-000556643,S-0075,-34.119502093118804,0,2,女性,31,10,12,0.4166666666666667,0,0,19,4506647.2743158825,4.526027397260274,1.0
C-001090257,S-0126,-100.0,1,2,女性,35,8,12,0.1666666666666666,0,0,17,4493168.352495564,5.53972602739726,3.0
C-000418104,S-0050,-100.0,1,2,男性,60,11,12,0.4166666666666667,10785,1,20,4615411.181286601,9.2013698630137,6.0
C-001815548,S-0063,-74.91861791766542,1,2,女性,45,4,12,0.3333333333333333,0,0,18,4564012.176421695,5.749315068493151,3.0
C-000607870,S-0075,-100.0,1,2,女性,31,10,12,0.75,0,0,19,4506647.2743158825,4.526027397260274,1.0
C-002198240,S-0019,-6.558283187454412,0,2,女性,34,3,12,0.4166666666666667,0,0,19,4327199.920883598,4.090410958904109,1.0
C-002455651,S-0019,-2.443424288353768,0,2,女性,44,2,12,0.5,68834,1,19,4327199.920883598,4.090410958904109,1.0
C-002168239,S-0036,-100.0,1,2,男性,19,3,12,0.5833333333333334,0,0,19,4397834.424680548,11.123287671232877,9.0
C-001977368,S-0063,-86.40193157299908,1,2,女性,49,4,12,0.5,61343,1,18,4564012.176421695,5.749315068493151,3.0
C-000835389,S-0050,-27.924213658987124,0,2,女性,47,9,12,0.1666666666666666,33240,1,20,4615411.181286601,9.2013698630137,6.0
C-002629932,S-0126,-100.0,1,2,男性,42,1,12,0.3333333333333333,65175,1,17,4493168.352495564,5.53972602739726,3.0
C-001812120,S-0072,-94.69705363458932,1,2,女性,44,4,12,0.3333333333333333,6762,2,12,4406797.312641796,9.01917808219178,6.0
C-000645669,S-0059,-19.125904931745325,0,2,女性,57,10,12,0.5833333333333334,0,0,14,4713188.969095345,6.8123287671232875,3.0
C-001703429,S-0100,-67.18031168913863,1,2,男性,50,5,12,0.0,0,0,17,4535925.154217558,4.720547945205479,2.0
C-002089699,S-0075,-8.742057911366423,0,2,男性,37,3,12,0.5,0,0,19,4506647.2743158825,4.526027397260274,1.0
C-001128983,S-0050,-100.0,1,2,女性,49,7,12,0.75,0,0,20,4615411.181286601,9.2013698630137,6.0
C-002485048,S-0059,-43.4437149435339,0,2,女性,37,1,12,0.3333333333333333,0,0,14,4713188.969095345,6.8123287671232875,3.0
C-000333565,S-0030,-85.96323626301225,1,2,男性,56,11,12,0.75,0,0,22,4426478.045479023,9.236986301369862,5.5
C-002144384,S-0019,-27.192883202192043,0,2,女性,21,3,12,0.25,3394,1,19,4327199.920883598,4.090410958904109,1.0
C-000144347,S-0040,-30.107298261306276,0,2,男性,64,12,12,0.25,0,0,20,4550116.0180538,8.163013698630138,4.0
C-000273568,S-0113,-11.73736275399581,0,2,男性,46,11,12,0.4166666666666667,0,0,16,4336633.961311346,5.77945205479452,2.5
C-001559586,S-0100,-30.450002849923052,0,2,女性,57,6,12,0.8333333333333334,0,0,17,4535925.154217558,4.720547945205479,2.0
C-001302044,S-0126,-23.167988845862233,0,2,女性,50,7,12,0.4166666666666667,0,0,17,4493168.352495564,5.53972602739726,3.0
C-000254188,S-0062,-40.73918604269832,0,2,女性,48,11,12,0.6666666666666666,0,0,15,4713869.782113416,4.575342465753424,1.0
C-001030297,S-0080,-59.26863446835695,1,2,女性,58,8,12,0.25,0,0,17,4457429.264950683,11.673972602739726,9.0
C-000824020,S-0100,1.2313135602803373,0,2,男性,61,9,12,0.5,17278,1,17,4535925.154217558,4.720547945205479,2.0
C-000013435,S-0007,-87.89866314880018,1,2,女性,48,12,12,0.9166666666666666,25588,1,21,4487075.727367008,3.7260273972602738,1.0
C-000537785,S-0085,-28.598012758447837,0,2,女性,51,10,12,0.5,66237,1,15,4606655.398026554,4.928767123287671,2.0
C-001905648,S-0111,-31.185282522996054,0,2,女性,58,4,12,0.5,0,0,19,4489501.980758176,6.397260273972603,4.0
C-001314743,S-0085,-33.45751107531213,0,2,男性,49,7,12,0.25,0,0,15,4606655.398026554,4.928767123287671,2.0
C-002547395,S-0115,-74.68629927183814,1,2,男性,58,1,12,0.0,15369,1,14,4553643.099564746,10.51095890410959,7.0
C-000387334,S-0017,-100.0,1,2,男性,65,11,12,0.75,0,0,20,4640207.03550726,5.608219178082192,2.5
C-001873221,S-0040,-22.09078883754261,0,2,女性,42,4,12,0.25,0,0,20,4550116.0180538,8.163013698630138,4.0
C-002173451,S-0005,-24.94978391868038,0,2,男性,42,3,12,0.0833333333333333,0,0,21,4733942.970761149,4.69041095890411,2.0
C-000101504,S-0030,-29.157551181881118,0,2,女性,60,12,12,0.25,0,0,22,4426478.045479023,9.236986301369862,5.5
C-000875602,S-0012,-12.354523007774048,0,2,女性,93,9,12,0.3333333333333333,9691,2,16,4444678.825084195,7.994520547945205,5.0
C-000845313,S-0085,-37.090451254757205,0,2,男性,52,9,12,0.25,22704,2,15,4606655.398026554,4.928767123287671,2.0
C-000018031,S-0063,-37.69602769394021,0,2,女性,43,12,12,0.0833333333333333,1278,1,18,4564012.176421695,5.749315068493151,3.0
C-000783712,S-0075,-21.591079965386633,0,2,男性,44,9,12,0.3333333333333333,6003,2,19,4506647.2743158825,4.526027397260274,1.0
C-001234072,S-0020,-28.286416817218946,0,2,男性,58,7,12,0.25,0,0,16,4280702.057267675,6.986301369863014,3.5
C-001632967,S-0085,-36.172773322538646,0,2,女性,34,5,12,0.1666666666666666,21111,1,15,4606655.398026554,4.928767123287671,2.0
C-000700767,S-0054,-24.809564903207313,0,2,女性,43,9,12,0.4166666666666667,0,0,23,4489160.181517739,6.358904109589041,4.0
C-000795804,S-0072,-83.1058869654382,1,2,女性,43,9,12,0.4166666666666667,15725,1,12,4406797.312641796,9.01917808219178,6.0
C-000154645,S-0100,-44.90957730243483,0,2,女性,68,12,12,0.1666666666666666,0,0,17,4535925.154217558,4.720547945205479,2.0
C-001486290,S-0019,-8.500516018215803,0,2,女性,63,6,12,0.5,0,0,19,4327199.920883598,4.090410958904109,1.0
C-002496899,S-0036,-61.86405256077012,1,2,男性,49,1,12,0.4166666666666667,0,0,19,4397834.424680548,11.123287671232877,9.0
C-002220442,S-0017,-48.92124591338618,1,2,女性,41,3,12,0.1666666666666666,0,0,20,4640207.03550726,5.608219178082192,2.5
C-000221955,S-0005,-52.89963443004321,1,2,男性,60,12,12,1.0,0,0,21,4733942.970761149,4.69041095890411,2.0
C-000894229,S-0096,-63.55264231108606,1,2,女性,57,9,12,0.4166666666666667,9909,1,16,4644856.458098179,8.302739726027397,5.0
C-002459550,S-0019,-10.51168970228279,0,2,女性,33,2,12,0.3333333333333333,0,0,19,4327199.920883598,4.090410958904109,1.0
C-002467730,S-0017,-69.36163851098819,1,2,女性,33,2,12,0.1666666666666666,40140,1,20,4640207.03550726,5.608219178082192,2.5
C-002158443,S-0075,-12.583261124083053,0,2,男性,77,3,12,0.4166666666666667,20971,1,19,4506647.2743158825,4.526027397260274,1.0
C-002329433,S-0085,-54.00608005404492,1,2,女性,38,2,12,0.8333333333333334,0,0,15,4606655.398026554,4.928767123287671,2.0
C-001018277,S-0072,-53.74747411143104,1,2,女性,32,8,12,0.0833333333333333,5153,1,12,4406797.312641796,9.01917808219178,6.0
C-002177976,S-0050,-38.442848766696386,0,2,女性,37,3,12,0.1666666666666666,0,0,20,4615411.181286601,9.2013698630137,6.0
C-001988021,S-0019,-3.7481616482121276,0,2,男性,42,4,12,0.9166666666666666,0,0,19,4327199.920883598,4.090410958904109,1.0
C-000601013,S-0019,-9.200422401028455,0,2,男性,46,10,12,0.3333333333333333,4219,1,19,4327199.920883598,4.090410958904109,1.0
C-001315826,S-0111,-100.0,1,2,男性,39,7,12,0.5,0,0,19,4489501.980758176,6.397260273972603,4.0
C-001501313,S-0100,-68.81338497886497,1,2,女性,63,6,12,0.25,0,0,17,4535925.154217558,4.720547945205479,2.0
C-002392449,S-0004,-46.85827157617848,0,2,男性,61,2,12,0.1666666666666666,4732,1,22,4423576.351309,11.806849315068494,9.0
C-000895090,S-0020,-40.34712695019621,0,2,男性,50,9,12,0.5833333333333334,0,0,16,4280702.057267675,6.986301369863014,3.5
C-000320161,S-0039,-32.294544630128456,0,2,女性,35,11,12,0.4166666666666667,0,0,16,4591288.568998441,8.193150684931506,5.0
C-000363559,S-0005,-17.201606479022836,0,2,女性,53,11,12,0.4166666666666667,0,0,21,4733942.970761149,4.69041095890411,2.0
C-001521734,S-0096,-100.0,1,2,女性,44,6,12,0.4166666666666667,28670,1,16,4644856.458098179,8.302739726027397,5.0
C-000463831,S-0100,-60.305681458838414,1,2,女性,59,10,12,0.4166666666666667,0,0,17,4535925.154217558,4.720547945205479,2.0
C-001060201,S-0005,-29.97795530100583,0,2,女性,48,8,12,0.5833333333333334,1011,1,21,4733942.970761149,4.69041095890411,2.0
C-000127480,S-0100,-100.0,1,2,女性,19,12,12,0.5833333333333334,1590,1,17,4535925.154217558,4.720547945205479,2.0
C-001482083,S-0085,-35.88489481931716,0,2,女性,64,6,12,0.25,0,0,15,4606655.398026554,4.928767123287671,2.0
C-001254648,S-0054,-15.52368418914857,0,2,女性,56,7,12,0.5833333333333334,65206,1,23,4489160.181517739,6.358904109589041,4.0
C-002249292,S-0111,-12.746878547105561,0,2,女性,49,2,12,0.6666666666666666,0,0,19,4489501.980758176,6.397260273972603,4.0
C-002227263,S-0131,-18.758631253103545,0,2,女性,35,3,12,0.5,0,0,17,4569023.5643747775,5.13972602739726,2.0
C-001008253,S-0008,-58.76491595870458,1,2,女性,40,8,12,0.3333333333333333,0,0,22,4498453.308937302,10.772602739726027,7.0
C-002462630,S-0062,-42.65888905066977,0,2,女性,46,2,12,0.4166666666666667,0,0,15,4713869.782113416,4.575342465753424,1.0
C-000186582,S-0014,-6.7826268191456585,0,2,男性,59,12,12,0.5833333333333334,0,0,21,4730192.353344672,7.336986301369863,4.0
C-000100652,S-0062,-59.04885911396259,1,2,男性,51,12,12,0.3333333333333333,15031,2,15,4713869.782113416,4.575342465753424,1.0
C-001200477,S-0054,-42.2474802565557,0,2,女性,31,7,12,0.4166666666666667,78203,1,23,4489160.181517739,6.358904109589041,4.0
C-000304435,S-0063,-74.70861244578496,1,2,男性,54,11,12,0.5,18168,1,18,4564012.176421695,5.749315068493151,3.0
C-002472938,S-0085,-11.705494379032316,0,2,男性,39,1,12,0.4166666666666667,0,0,15,4606655.398026554,4.928767123287671,2.0
C-000402566,S-0100,-100.0,1,2,男性,47,11,12,0.1666666666666666,0,0,17,4535925.154217558,4.720547945205479,2.0
C-000721474,S-0018,-100.0,1,2,男性,24,9,12,0.0833333333333333,0,0,16,4493108.581950108,7.550684931506849,5.0
C-001691775,S-0059,-73.27721092183265,1,2,女性,32,5,12,0.6666666666666666,0,0,14,4713188.969095345,6.8123287671232875,3.0
C-001178275,S-0002,-17.139212518071265,0,2,男性,65,7,12,0.5833333333333334,0,0,15,4455566.655169959,5.663013698630137,2.0
C-002411744,S-0017,-35.142580453494965,0,2,女性,39,2,12,0.25,16921,2,20,4640207.03550726,5.608219178082192,2.5
C-000030235,S-0018,-100.0,1,2,男性,43,12,12,0.5833333333333334,0,0,16,4493108.581950108,7.550684931506849,5.0
C-002527333,S-0089,-20.58039589845429,0,2,男性,45,1,12,0.75,822,1,19,4721110.949352573,10.142465753424657,7.0
C-001529597,S-0056,-97.6576055523424,1,2,女性,44,6,12,0.1666666666666666,0,0,15,4406070.585753419,7.528767123287671,4.0
C-002236720,S-0099,-9.031339926210673,0,2,男性,57,3,12,0.3333333333333333,0,0,13,4464126.154078853,8.147945205479452,5.0
C-002348924,S-0036,-55.119725962413604,1,2,女性,46,2,12,0.5,5603,1,19,4397834.424680548,11.123287671232877,9.0
C-002342261,S-0059,-32.492417387387036,0,2,男性,40,2,12,0.9166666666666666,0,0,14,4713188.969095345,6.8123287671232875,3.0
C-000128943,S-0063,-30.239694210707935,0,2,女性,68,12,12,0.0833333333333333,0,0,18,4564012.176421695,5.749315068493151,3.0
C-000277707,S-0056,-26.263112718599913,0,2,男性,40,11,12,0.1666666666666666,0,0,15,4406070.585753419,7.528767123287671,4.0
C-001027623,S-0075,-43.84344111657478,0,2,女性,53,8,12,0.3333333333333333,0,0,19,4506647.2743158825,4.526027397260274,1.0
C-000122631,S-0059,-8.8940622730257,0,2,女性,41,12,12,0.5,8499,1,14,4713188.969095345,6.8123287671232875,3.0
C-002606220,S-0111,-96.74859525534872,1,2,女性,73,1,12,0.1666666666666666,0,0,19,4489501.980758176,6.397260273972603,4.0
C-000853222,S-0075,-48.40082082919434,0,2,女性,56,9,12,0.25,33665,1,19,4506647.2743158825,4.526027397260274,1.0
C-001893855,S-0019,-28.66886991646011,0,2,男性,50,4,12,0.75,0,0,19,4327199.920883598,4.090410958904109,1.0
C-002097038,S-0036,-26.64358553115323,0,2,女性,46,3,12,0.8333333333333334,0,0,19,4397834.424680548,11.123287671232877,9.0
C-000820756,S-0007,-9.216915379478593,0,2,男性,37,9,12,0.8333333333333334,0,0,21,4487075.727367008,3.7260273972602738,1.0
C-002044304,S-0039,-88.5215140731155,1,2,女性,48,3,12,0.5833333333333334,0,0,16,4591288.568998441,8.193150684931506,5.0
C-000428263,S-0054,4.2191921790584,0,2,女性,66,11,12,1.0,0,0,23,4489160.181517739,6.358904109589041,4.0
C-002254426,S-0005,-100.0,1,2,女性,34,2,12,0.5,47465,1,21,4733942.970761149,4.69041095890411,2.0
C-001607228,S-0041,-90.5599339797813,1,2,女性,60,5,12,0.1666666666666666,0,0,17,4828489.286769263,10.389041095890411,7.0
C-002658511,S-0062,-43.23031057775765,0,2,女性,70,1,12,0.9166666666666666,25686,1,15,4713869.782113416,4.575342465753424,1.0
C-002164532,S-0079,-100.0,1,2,女性,73,3,12,0.6666666666666666,0,0,13,4256656.371085242,8.479452054794521,6.0
C-001521680,S-0085,-11.69507644681233,0,2,女性,50,6,12,1.0,0,0,15,4606655.398026554,4.928767123287671,2.0
C-001480082,S-0097,-98.47583465057241,1,2,女性,45,6,12,0.5,6032,1,21,4592508.716501317,10.09041095890411,7.0
C-002492668,S-0008,-100.0,1,2,男性,31,1,12,0.25,2813,2,22,4498453.308937302,10.772602739726027,7.0
C-001156233,S-0004,-100.0,1,2,女性,48,7,12,0.1666666666666666,0,0,22,4423576.351309,11.806849315068494,9.0
C-001288391,S-0131,-39.09918428945307,0,2,女性,34,7,12,0.3333333333333333,4211,1,17,4569023.5643747775,5.13972602739726,2.0
C-001611203,S-0054,-59.61938478354855,1,2,女性,43,5,12,0.25,0,0,23,4489160.181517739,6.358904109589041,4.0
C-002383982,S-0099,-24.33610090436812,0,2,男性,71,2,12,0.1666666666666666,0,0,13,4464126.154078853,8.147945205479452,5.0
C-001357485,S-0056,-100.0,1,2,男性,45,6,12,0.3333333333333333,8522,1,15,4406070.585753419,7.528767123287671,4.0
C-001452669,S-0085,-8.141264265112069,0,2,男性,42,6,12,0.6666666666666666,36164,1,15,4606655.398026554,4.928767123287671,2.0
C-001071412,S-0082,-54.64865459282506,1,2,男性,44,8,12,0.1666666666666666,25835,1,17,4607261.71451126,4.758904109589041,2.0
C-001322497,S-0050,-53.37776238701334,1,2,女性,47,7,12,0.5833333333333334,0,0,20,4615411.181286601,9.2013698630137,6.0
C-001525918,S-0074,-24.73973813368964,0,2,女性,47,6,12,0.25,18613,1,14,4614054.39694187,8.308219178082192,6.0
C-001033878,S-0019,2.0785592969023803,0,2,男性,65,8,12,0.5,0,0,19,4327199.920883598,4.090410958904109,1.0
C-000242706,S-0050,-34.36166698296888,0,2,女性,59,11,12,0.5,15446,2,20,4615411.181286601,9.2013698630137,6.0
C-002314905,S-0111,-96.85347337427626,1,2,女性,50,2,12,0.25,81681,1,19,4489501.980758176,6.397260273972603,4.0
C-002398333,S-0096,-100.0,1,2,女性,70,2,12,0.6666666666666666,0,0,16,4644856.458098179,8.302739726027397,5.0
C-000689916,S-0089,-27.32379645959893,0,2,女性,32,9,12,0.5833333333333334,48759,1,19,4721110.949352573,10.142465753424657,7.0
C-001191296,S-0005,-14.563624047675225,0,2,女性,63,7,12,0.25,25993,1,21,4733942.970761149,4.69041095890411,2.0
C-000531261,S-0079,-19.283280316830247,0,2,女性,48,10,12,0.5,36892,1,13,4256656.371085242,8.479452054794521,6.0
C-000359102,S-0007,-87.78605910036559,1,2,男性,52,11,12,0.75,0,0,21,4487075.727367008,3.7260273972602738,1.0
C-002414122,S-0126,-100.0,1,2,女性,59,2,12,0.0833333333333333,0,0,17,4493168.352495564,5.53972602739726,3.0
C-001159561,S-0075,-83.99663355478762,1,2,女性,57,7,12,0.1666666666666666,0,0,19,4506647.2743158825,4.526027397260274,1.0
C-001410321,S-0056,-100.0,1,2,女性,51,6,12,0.6666666666666666,0,0,15,4406070.585753419,7.528767123287671,4.0
C-000575570,S-0019,-27.64818920916482,0,2,女性,60,10,12,0.4166666666666667,0,0,19,4327199.920883598,4.090410958904109,1.0
C-000699356,S-0131,-22.984792137069995,0,2,男性,56,9,12,0.5833333333333334,0,0,17,4569023.5643747775,5.13972602739726,2.0
C-001777438,S-0007,-64.63090254931332,1,2,男性,53,5,12,0.1666666666666666,0,0,21,4487075.727367008,3.7260273972602738,1.0
C-000885515,S-0100,-14.26769087050557,0,2,女性,55,9,12,0.1666666666666666,0,0,17,4535925.154217558,4.720547945205479,2.0
C-000756945,S-0005,-16.40309830715803,0,2,男性,56,9,12,0.3333333333333333,12853,1,21,4733942.970761149,4.69041095890411,2.0
C-001861737,S-0039,5.77241295017464,0,2,女性,63,4,12,0.1666666666666666,0,0,16,4591288.568998441,8.193150684931506,5.0
C-000185550,S-0036,-78.63735448263067,1,2,男性,58,12,12,0.1666666666666666,0,0,19,4397834.424680548,11.123287671232877,9.0
C-001863343,S-0131,-100.0,1,2,男性,17,4,12,0.6666666666666666,0,0,17,4569023.5643747775,5.13972602739726,2.0
C-002206742,S-0012,-11.120722337022976,0,2,男性,35,3,12,0.75,1799,1,16,4444678.825084195,7.994520547945205,5.0
C-001469959,S-0020,-97.70388657068577,1,2,男性,64,6,12,0.25,77630,1,16,4280702.057267675,6.986301369863014,3.5
C-001119859,S-0089,-51.916294241990656,1,2,女性,41,8,12,0.5,0,0,19,4721110.949352573,10.142465753424657,7.0
C-000493931,S-0099,-100.0,1,2,女性,65,10,12,0.0833333333333333,21243,1,13,4464126.154078853,8.147945205479452,5.0
C-002188894,S-0131,-100.0,1,2,女性,37,3,12,0.0,38544,1,17,4569023.5643747775,5.13972602739726,2.0
C-002487291,S-0039,-100.0,1,2,女性,49,1,12,0.1666666666666666,2310,1,16,4591288.568998441,8.193150684931506,5.0
C-000494006,S-0005,-34.75967109982893,0,2,女性,46,10,12,0.3333333333333333,0,0,21,4733942.970761149,4.69041095890411,2.0
C-001392393,S-0082,-36.09670883247597,0,2,男性,47,6,12,0.6666666666666666,0,0,17,4607261.71451126,4.758904109589041,2.0
C-001004793,S-0040,-4.902147246924751,0,2,男性,58,8,12,0.5,0,0,20,4550116.0180538,8.163013698630138,4.0
C-000504091,S-0012,-99.27852831273356,1,2,男性,45,10,12,0.25,0,0,16,4444678.825084195,7.994520547945205,5.0
C-001428557,S-0111,-68.91911075778656,1,2,男性,59,6,12,0.25,0,0,19,4489501.980758176,6.397260273972603,4.0
C-001410133,S-0115,-100.0,1,2,男性,37,6,12,0.0833333333333333,769,1,14,4553643.099564746,10.51095890410959,7.0
C-001200988,S-0019,-4.952881494565927,0,2,男性,68,7,12,0.25,0,0,19,4327199.920883598,4.090410958904109,1.0
C-001665838,S-0054,-40.67567114656299,0,2,男性,47,5,12,0.3333333333333333,3907,1,23,4489160.181517739,6.358904109589041,4.0
C-001626344,S-0017,-97.6867444013579,1,2,男性,58,5,12,0.25,0,0,20,4640207.03550726,5.608219178082192,2.5
C-001312552,S-0054,-95.46374887699962,1,2,男性,59,7,12,0.5,0,0,23,4489160.181517739,6.358904109589041,4.0
C-001215016,S-0041,-100.0,1,2,男性,51,7,12,0.25,0,0,17,4828489.286769263,10.389041095890411,7.0
C-000996422,S-0039,-28.458084107366417,0,2,女性,59,8,12,0.1666666666666666,0,0,16,4591288.568998441,8.193150684931506,5.0
C-002073236,S-0017,-31.23170897027982,0,2,女性,51,3,12,0.75,0,0,20,4640207.03550726,5.608219178082192,2.5
C-000204680,S-0039,-92.03514167591005,1,2,男性,50,12,12,0.5,0,0,16,4591288.568998441,8.193150684931506,5.0
C-001179937,S-0019,-14.192485585756828,0,2,女性,42,7,12,0.5,12018,1,19,4327199.920883598,4.090410958904109,1.0
C-002371828,S-0102,-56.33866024518389,1,2,女性,58,2,12,0.4166666666666667,0,0,16,4383474.364435211,10.484931506849314,7.5
C-002278365,S-0085,-38.48214677851465,0,2,女性,35,2,12,0.3333333333333333,14998,2,15,4606655.398026554,4.928767123287671,2.0
C-001771023,S-0039,-100.0,1,2,男性,50,5,12,0.4166666666666667,0,0,16,4591288.568998441,8.193150684931506,5.0
C-002393999,S-0020,-68.89674080939142,1,2,男性,25,2,12,0.3333333333333333,0,0,16,4280702.057267675,6.986301369863014,3.5
C-001388017,S-0017,-18.558328063013857,0,2,男性,57,6,12,1.0,141010,2,20,4640207.03550726,5.608219178082192,2.5
C-000218139,S-0005,-7.64310318423585,0,2,男性,31,12,12,0.9166666666666666,0,0,21,4733942.970761149,4.69041095890411,2.0
C-000667586,S-0017,-100.0,1,2,男性,51,10,12,0.6666666666666666,0,0,20,4640207.03550726,5.608219178082192,2.5
C-001623160,S-0054,-30.493897697836164,0,2,男性,58,5,12,0.3333333333333333,44788,1,23,4489160.181517739,6.358904109589041,4.0
C-001420564,S-0126,-7.845789226852472,0,2,女性,62,6,12,1.0,0,0,17,4493168.352495564,5.53972602739726,3.0
C-001332266,S-0080,-100.0,1,2,男性,17,7,12,0.0833333333333333,12002,2,17,4457429.264950683,11.673972602739726,9.0
C-001446079,S-0085,7.373035403604994,0,2,女性,50,6,12,0.4166666666666667,46840,1,15,4606655.398026554,4.928767123287671,2.0
C-001857247,S-0062,-42.88368135569185,0,2,女性,49,4,12,0.1666666666666666,0,0,15,4713869.782113416,4.575342465753424,1.0
C-002554107,S-0059,-55.43729754743174,1,2,男性,63,1,12,0.25,14418,1,14,4713188.969095345,6.8123287671232875,3.0
C-001919027,S-0004,-100.0,1,2,男性,53,4,12,0.75,0,0,22,4423576.351309,11.806849315068494,9.0
C-002623307,S-0017,-84.65661437030705,1,2,女性,46,1,12,0.75,0,0,20,4640207.03550726,5.608219178082192,2.5
C-001696851,S-0131,-92.49083698852371,1,2,女性,48,5,12,0.75,0,0,17,4569023.5643747775,5.13972602739726,2.0
C-000415129,S-0075,-16.990335454580162,0,2,女性,43,11,12,0.5833333333333334,0,0,19,4506647.2743158825,4.526027397260274,1.0
C-000220439,S-0111,-19.14356458203582,0,2,男性,53,12,12,0.6666666666666666,0,0,19,4489501.980758176,6.397260273972603,4.0
C-000561992,S-0111,-68.23534967181376,1,2,女性,43,10,12,0.8333333333333334,0,0,19,4489501.980758176,6.397260273972603,4.0
C-000215235,S-0020,-100.0,1,2,女性,49,12,12,0.4166666666666667,0,0,16,4280702.057267675,6.986301369863014,3.5
C-002133229,S-0007,-49.42834842870866,1,2,男性,31,3,12,0.0833333333333333,7242,1,21,4487075.727367008,3.7260273972602738,1.0
C-001068393,S-0039,-100.0,1,2,男性,47,8,12,0.3333333333333333,0,0,16,4591288.568998441,8.193150684931506,5.0
C-002244881,S-0030,-100.0,1,2,女性,48,3,12,0.0833333333333333,134999,1,22,4426478.045479023,9.236986301369862,5.5
C-000810254,S-0085,-51.97508804191315,1,2,男性,66,9,12,0.5,0,0,15,4606655.398026554,4.928767123287671,2.0
C-000072049,S-0100,-30.32106607747014,0,2,男性,49,12,12,0.25,0,0,17,4535925.154217558,4.720547945205479,2.0
C-002139229,S-0005,-7.911924134835599,0,2,男性,56,3,12,0.5,9568,1,21,4733942.970761149,4.69041095890411,2.0
C-001683853,S-0050,-100.0,1,2,女性,38,5,12,0.25,22600,1,20,4615411.181286601,9.2013698630137,6.0
C-002209640,S-0074,-14.915585923929688,0,2,男性,42,3,12,0.1666666666666666,0,0,14,4614054.39694187,8.308219178082192,6.0
C-002484244,S-0017,-10.41070041598963,0,2,男性,77,1,12,0.4166666666666667,0,0,20,4640207.03550726,5.608219178082192,2.5
C-000521023,S-0121,-14.89882088674544,0,2,女性,34,10,12,0.4166666666666667,0,0,14,4716268.25678644,9.856164383561644,7.0
C-002230364,S-0062,-15.761206737670577,0,2,女性,50,3,12,0.5,11284,1,15,4713869.782113416,4.575342465753424,1.0
C-001567839,S-0059,-100.0,1,2,男性,54,6,12,0.25,0,0,14,4713188.969095345,6.8123287671232875,3.0
C-001240597,S-0005,-26.16916648068769,0,2,女性,36,7,12,0.5,0,0,21,4733942.970761149,4.69041095890411,2.0
C-001002081,S-0004,-71.47743779579214,1,2,男性,45,8,12,0.1666666666666666,0,0,22,4423576.351309,11.806849315068494,9.0
C-000240556,S-0117,-100.0,1,2,男性,49,11,12,0.3333333333333333,0,0,20,4500859.737076383,9.593150684931507,7.0
C-000543911,S-0100,-29.0028370051864,0,2,女性,40,10,12,0.3333333333333333,0,0,17,4535925.154217558,4.720547945205479,2.0
C-000373062,S-0002,-17.898704868940136,0,2,女性,53,11,12,1.0,0,0,15,4455566.655169959,5.663013698630137,2.0
C-001197735,S-0059,-40.37867422512912,0,2,女性,54,7,12,1.0,0,0,14,4713188.969095345,6.8123287671232875,3.0
C-002421040,S-0099,-59.61758405631347,1,2,女性,51,2,12,0.25,34945,1,13,4464126.154078853,8.147945205479452,5.0
C-000011760,S-0040,-97.73844755668445,1,2,女性,49,12,12,0.5,8530,1,20,4550116.0180538,8.163013698630138,4.0
C-001727577,S-0075,-6.475369415922059,0,2,女性,40,5,12,0.9166666666666666,5806,2,19,4506647.2743158825,4.526027397260274,1.0
C-000456915,S-0062,-1.265356451349719,0,2,女性,50,10,12,0.6666666666666666,0,0,15,4713869.782113416,4.575342465753424,1.0
C-002105500,S-0007,-69.50071026463934,1,2,男性,68,3,12,0.25,0,0,21,4487075.727367008,3.7260273972602738,1.0
C-002224254,S-0085,-3.6032855710980694,0,2,女性,54,3,12,0.6666666666666666,0,0,15,4606655.398026554,4.928767123287671,2.0
C-001763543,S-0007,-5.947877259352669,0,2,女性,58,5,12,0.4166666666666667,0,0,21,4487075.727367008,3.7260273972602738,1.0
C-001369294,S-0085,-32.93733265024021,0,2,女性,44,6,12,0.25,0,0,15,4606655.398026554,4.928767123287671,2.0
C-000250733,S-0056,-100.0,1,2,女性,53,11,12,0.9166666666666666,7795,1,15,4406070.585753419,7.528767123287671,4.0
C-001091015,S-0111,-11.423573836209808,0,2,女性,43,8,12,0.4166666666666667,0,0,19,4489501.980758176,6.397260273972603,4.0
C-001626834,S-0004,-27.48383560867172,0,2,男性,37,5,12,0.0833333333333333,10669,1,22,4423576.351309,11.806849315068494,9.0
C-000762574,S-0100,-96.59005956543758,1,2,男性,60,9,12,0.5,58319,1,17,4535925.154217558,4.720547945205479,2.0
C-001078484,S-0126,-12.624742540896552,0,2,男性,46,8,12,0.9166666666666666,0,0,17,4493168.352495564,5.53972602739726,3.0
C-001471546,S-0121,-52.23272782119324,1,2,男性,48,6,12,0.5833333333333334,4001,2,14,4716268.25678644,9.856164383561644,7.0
C-002413327,S-0019,-24.76855634578357,0,2,女性,37,2,12,0.4166666666666667,7662,2,19,4327199.920883598,4.090410958904109,1.0
C-000725155,S-0054,-1.1433488473807567,0,2,女性,63,9,12,0.75,5052,1,23,4489160.181517739,6.358904109589041,4.0
C-001241576,S-0039,-24.769888128297957,0,2,女性,46,7,12,0.25,0,0,16,4591288.568998441,8.193150684931506,5.0
C-000947948,S-0085,-5.854900576848868,0,2,女性,58,8,12,0.1666666666666666,59818,1,15,4606655.398026554,4.928767123287671,2.0
C-002370698,S-0039,-46.68238505925421,0,2,女性,38,2,12,0.4166666666666667,0,0,16,4591288.568998441,8.193150684931506,5.0
C-000458155,S-0004,-100.0,1,2,男性,51,10,12,0.3333333333333333,0,0,22,4423576.351309,11.806849315068494,9.0
C-001275645,S-0007,-24.301990603146088,0,2,女性,31,7,12,0.1666666666666666,0,0,21,4487075.727367008,3.7260273972602738,1.0
C-001599868,S-0106,-25.815563930665487,0,2,男性,30,5,12,0.0833333333333333,18324,1,20,4462729.145118021,6.171232876712329,3.5
C-000401528,S-0054,-59.435097714933896,1,2,女性,44,11,12,0.3333333333333333,0,0,23,4489160.181517739,6.358904109589041,4.0
C-000948681,S-0002,-100.0,1,2,女性,49,8,12,0.5833333333333334,24413,1,15,4455566.655169959,5.663013698630137,2.0
C-001718153,S-0063,-85.9162003994907,1,2,女性,66,5,12,0.5,2366,1,18,4564012.176421695,5.749315068493151,3.0
C-000885607,S-0100,-26.351448816075322,0,2,女性,42,9,12,0.4166666666666667,2813,2,17,4535925.154217558,4.720547945205479,2.0
C-000953859,S-0008,-69.43414758851746,1,2,男性,50,8,12,0.4166666666666667,0,0,22,4498453.308937302,10.772602739726027,7.0
C-001699594,S-0062,-40.38665843113033,0,2,女性,42,5,12,0.8333333333333334,0,0,15,4713869.782113416,4.575342465753424,1.0
C-000036874,S-0004,-9.779110868986837,0,2,男性,45,12,12,0.75,0,0,22,4423576.351309,11.806849315068494,9.0
C-000734289,S-0020,-22.880642213342412,0,2,女性,36,9,12,0.4166666666666667,13629,1,16,4280702.057267675,6.986301369863014,3.5
C-000670812,S-0005,-7.648248156301306,0,2,男性,73,10,12,0.5,0,0,21,4733942.970761149,4.69041095890411,2.0
C-000942730,S-0002,-27.744944884656164,0,2,女性,72,8,12,0.0833333333333333,0,0,15,4455566.655169959,5.663013698630137,2.0
C-000461812,S-0096,-58.22400352555132,1,2,女性,60,10,12,0.6666666666666666,2535,2,16,4644856.458098179,8.302739726027397,5.0
C-000241716,S-0002,-100.0,1,2,女性,53,11,12,0.5833333333333334,10633,1,15,4455566.655169959,5.663013698630137,2.0
C-002323992,S-0111,-100.0,1,2,女性,46,2,12,0.25,0,0,19,4489501.980758176,6.397260273972603,4.0
C-000478074,S-0039,-100.0,1,2,男性,41,10,12,0.3333333333333333,0,0,16,4591288.568998441,8.193150684931506,5.0
C-001246114,S-0019,-35.56055507993708,0,2,男性,35,7,12,1.0,1250,1,19,4327199.920883598,4.090410958904109,1.0
C-000497606,S-0117,-16.8153773516961,0,2,男性,54,10,12,0.5833333333333334,0,0,20,4500859.737076383,9.593150684931507,7.0
C-000683314,S-0040,-14.599092120984277,0,2,女性,57,9,12,0.0833333333333333,0,0,20,4550116.0180538,8.163013698630138,4.0
C-000689526,S-0036,-100.0,1,2,女性,69,9,12,0.1666666666666666,18012,1,19,4397834.424680548,11.123287671232877,9.0
C-000444679,S-0085,-34.8947339294326,0,2,女性,47,11,12,0.5833333333333334,0,0,15,4606655.398026554,4.928767123287671,2.0
C-000207700,S-0100,-50.788326065078834,1,2,男性,57,12,12,0.4166666666666667,0,0,17,4535925.154217558,4.720547945205479,2.0
C-001526744,S-0074,-100.0,1,2,女性,54,6,12,0.3333333333333333,18029,1,14,4614054.39694187,8.308219178082192,6.0
C-000068174,S-0063,-47.846697679487264,0,2,女性,27,12,12,0.5833333333333334,626,1,18,4564012.176421695,5.749315068493151,3.0
C-002380399,S-0099,-67.09940887461254,1,2,女性,54,2,12,0.25,14515,1,13,4464126.154078853,8.147945205479452,5.0
C-000259862,S-0072,-100.0,1,2,男性,47,11,12,0.1666666666666666,0,0,12,4406797.312641796,9.01917808219178,6.0
C-002170492,S-0039,-27.817693444296065,0,2,女性,59,3,12,0.5,0,0,16,4591288.568998441,8.193150684931506,5.0
C-001802932,S-0117,-20.134712080618264,0,2,女性,40,4,12,0.25,12158,2,20,4500859.737076383,9.593150684931507,7.0
C-001789609,S-0007,-30.370682117736102,0,2,男性,45,5,12,0.1666666666666666,0,0,21,4487075.727367008,3.7260273972602738,1.0
C-001553502,S-0082,-96.1380635778101,1,2,女性,43,6,12,0.75,0,0,17,4607261.71451126,4.758904109589041,2.0
C-002613797,S-0019,-17.952880767197765,0,2,女性,34,1,12,0.6666666666666666,44325,1,19,4327199.920883598,4.090410958904109,1.0
C-001161566,S-0050,-77.47136190072126,1,2,女性,27,7,12,0.1666666666666666,0,0,20,4615411.181286601,9.2013698630137,6.0
C-002206745,S-0074,-100.0,1,2,女性,41,3,12,0.1666666666666666,2886,2,14,4614054.39694187,8.308219178082192,6.0
C-000168048,S-0096,-47.50610201745798,0,2,女性,39,12,12,0.8333333333333334,11442,1,16,4644856.458098179,8.302739726027397,5.0
C-000586715,S-0020,-73.34274771159492,1,2,男性,40,10,12,0.8333333333333334,0,0,16,4280702.057267675,6.986301369863014,3.5
C-001057822,S-0002,-20.234132934838833,0,2,女性,64,8,12,0.1666666666666666,0,0,15,4455566.655169959,5.663013698630137,2.0
C-000467786,S-0131,-28.58246555082805,0,2,女性,46,10,12,0.25,0,0,17,4569023.5643747775,5.13972602739726,2.0
C-001234107,S-0020,-10.053198413345521,0,2,女性,57,7,12,0.6666666666666666,0,0,16,4280702.057267675,6.986301369863014,3.5
C-001448155,S-0100,-87.19028595044576,1,2,男性,39,6,12,0.8333333333333334,0,0,17,4535925.154217558,4.720547945205479,2.0
C-001986691,S-0079,-20.909492960347585,0,2,女性,43,4,12,0.25,9356,2,13,4256656.371085242,8.479452054794521,6.0
C-002179194,S-0075,-20.40966962775322,0,2,男性,58,3,12,0.25,0,0,19,4506647.2743158825,4.526027397260274,1.0
C-000805242,S-0030,-100.0,1,2,女性,43,9,12,0.3333333333333333,0,0,22,4426478.045479023,9.236986301369862,5.5
C-000393445,S-0020,-97.8683719690914,1,2,女性,39,11,12,0.3333333333333333,0,0,16,4280702.057267675,6.986301369863014,3.5
C-001604411,S-0062,-88.84346959122632,1,2,女性,60,5,12,0.6666666666666666,14607,1,15,4713869.782113416,4.575342465753424,1.0
C-000543444,S-0131,-100.0,1,2,女性,54,10,12,0.6666666666666666,56386,1,17,4569023.5643747775,5.13972602739726,2.0
C-000640820,S-0002,-20.669563376949988,0,2,女性,53,10,12,0.3333333333333333,0,0,15,4455566.655169959,5.663013698630137,2.0
C-002195878,S-0056,-100.0,1,2,男性,58,3,12,0.0,98932,1,15,4406070.585753419,7.528767123287671,4.0
C-000410232,S-0012,-9.148531214140048,0,2,男性,48,11,12,0.5833333333333334,33830,1,16,4444678.825084195,7.994520547945205,5.0
C-000959502,S-0121,-26.889446301297802,0,2,男性,34,8,12,0.0833333333333333,0,0,14,4716268.25678644,9.856164383561644,7.0
C-001909396,S-0002,-58.03204564620602,1,2,女性,45,4,12,0.5,5312,1,15,4455566.655169959,5.663013698630137,2.0
C-002049697,S-0002,-18.024193358814873,0,2,女性,33,3,12,0.6666666666666666,0,0,15,4455566.655169959,5.663013698630137,2.0
C-001897969,S-0050,-63.733629239958354,1,2,男性,56,4,12,0.3333333333333333,0,0,20,4615411.181286601,9.2013698630137,6.0
C-002169218,S-0054,-31.59471740132544,0,2,女性,54,3,12,0.3333333333333333,0,0,23,4489160.181517739,6.358904109589041,4.0
C-000971256,S-0117,-77.72780384665319,1,2,男性,46,8,12,0.25,0,0,20,4500859.737076383,9.593150684931507,7.0
C-000225223,S-0040,-100.0,1,2,女性,60,12,12,0.3333333333333333,19637,2,20,4550116.0180538,8.163013698630138,4.0
C-002032484,S-0017,-94.55308920410707,1,2,男性,64,3,12,0.5,0,0,20,4640207.03550726,5.608219178082192,2.5
C-000780036,S-0131,-100.0,1,2,女性,67,9,12,0.8333333333333334,0,0,17,4569023.5643747775,5.13972602739726,2.0
C-001576932,S-0085,-36.82220551772111,0,2,女性,44,5,12,0.5833333333333334,0,0,15,4606655.398026554,4.928767123287671,2.0
C-002527361,S-0019,-46.9164628270699,0,2,女性,55,1,12,0.6666666666666666,0,0,19,4327199.920883598,4.090410958904109,1.0
C-001996331,S-0082,-75.13835632683717,1,2,女性,53,4,12,0.1666666666666666,0,0,17,4607261.71451126,4.758904109589041,2.0
C-001549689,S-0106,-5.062256662077839,0,2,女性,47,6,12,0.5833333333333334,0,0,20,4462729.145118021,6.171232876712329,3.5
C-001823808,S-0131,-39.583475335072464,0,2,女性,85,4,12,0.5,133843,2,17,4569023.5643747775,5.13972602739726,2.0
C-001617398,S-0096,-100.0,1,2,男性,49,5,12,0.0833333333333333,0,0,16,4644856.458098179,8.302739726027397,5.0
C-001675759,S-0085,-50.73165821558439,1,2,女性,23,5,12,0.5833333333333334,26856,1,15,4606655.398026554,4.928767123287671,2.0
C-002220489,S-0007,-16.112641103166382,0,2,女性,17,3,12,0.9166666666666666,0,0,21,4487075.727367008,3.7260273972602738,1.0
C-001617994,S-0036,-83.0050258202751,1,2,女性,44,5,12,0.4166666666666667,0,0,19,4397834.424680548,11.123287671232877,9.0
C-001894730,S-0059,-50.8484360520759,1,2,女性,70,4,12,0.5833333333333334,36741,1,14,4713188.969095345,6.8123287671232875,3.0
C-000481345,S-0019,-6.559051256787823,0,2,女性,25,10,12,0.75,21095,1,19,4327199.920883598,4.090410958904109,1.0
C-000727725,S-0100,-15.43363865214886,0,2,男性,21,9,12,0.3333333333333333,0,0,17,4535925.154217558,4.720547945205479,2.0
C-000747635,S-0089,3.9226164914644266,0,2,男性,45,9,12,0.4166666666666667,15801,2,19,4721110.949352573,10.142465753424657,7.0
C-001826321,S-0100,-14.250011065047726,0,2,男性,45,4,12,0.4166666666666667,16247,1,17,4535925.154217558,4.720547945205479,2.0
C-001084965,S-0062,-20.921686719522924,0,2,女性,59,8,12,0.0833333333333333,0,0,15,4713869.782113416,4.575342465753424,1.0
C-000804557,S-0059,-69.79762550206358,1,2,女性,50,9,12,0.5833333333333334,0,0,14,4713188.969095345,6.8123287671232875,3.0
C-000986580,S-0005,-3.3500955350437747,0,2,男性,58,8,12,0.8333333333333334,0,0,21,4733942.970761149,4.69041095890411,2.0
C-002304700,S-0039,-36.72116707356196,0,2,女性,38,2,12,0.1666666666666666,0,0,16,4591288.568998441,8.193150684931506,5.0
C-002387987,S-0063,-4.756651333221698,0,2,男性,34,2,12,0.0833333333333333,0,0,18,4564012.176421695,5.749315068493151,3.0
C-002326598,S-0106,-100.0,1,2,女性,37,2,12,0.5833333333333334,0,0,20,4462729.145118021,6.171232876712329,3.5
C-000161048,S-0007,-68.25313176591598,1,2,女性,60,12,12,0.0833333333333333,7670,1,21,4487075.727367008,3.7260273972602738,1.0
C-002581848,S-0019,-10.596557000152202,0,2,女性,67,1,12,0.3333333333333333,0,0,19,4327199.920883598,4.090410958904109,1.0
C-001378940,S-0019,-6.077384955098031,0,2,女性,58,6,12,1.0,18125,1,19,4327199.920883598,4.090410958904109,1.0
C-000565208,S-0054,-56.65002874832301,1,2,男性,42,10,12,0.5833333333333334,14753,1,23,4489160.181517739,6.358904109589041,4.0
C-001198002,S-0085,-32.2841223549068,0,2,女性,56,7,12,0.5,7928,2,15,4606655.398026554,4.928767123287671,2.0
C-002291333,S-0019,3.092041632143765,0,2,男性,53,2,12,0.0833333333333333,0,0,19,4327199.920883598,4.090410958904109,1.0
C-001754584,S-0054,-100.0,1,2,男性,57,5,12,0.5833333333333334,0,0,23,4489160.181517739,6.358904109589041,4.0
C-001695571,S-0036,-100.0,1,2,女性,34,5,12,0.0,4821,1,19,4397834.424680548,11.123287671232877,9.0
C-001668187,S-0017,-14.584603710177921,0,2,女性,45,5,12,0.5833333333333334,0,0,20,4640207.03550726,5.608219178082192,2.5
C-001700225,S-0131,-62.56615111475298,1,2,男性,70,5,12,0.5833333333333334,0,0,17,4569023.5643747775,5.13972602739726,2.0
C-001722893,S-0096,-100.0,1,2,女性,37,5,12,0.5,0,0,16,4644856.458098179,8.302739726027397,5.0
C-001076729,S-0005,-59.44221655122129,1,2,男性,70,8,12,0.75,0,0,21,4733942.970761149,4.69041095890411,2.0
C-001655069,S-0059,-7.671608117280745,0,2,男性,41,5,12,0.1666666666666666,0,0,14,4713188.969095345,6.8123287671232875,3.0
C-000484524,S-0002,-100.0,1,2,男性,86,10,12,0.5,0,0,15,4455566.655169959,5.663013698630137,2.0
C-001319377,S-0005,-38.84063460363098,0,2,女性,36,7,12,0.5833333333333334,4079,2,21,4733942.970761149,4.69041095890411,2.0
C-000093188,S-0131,-18.765647762172936,0,2,男性,49,12,12,0.3333333333333333,0,0,17,4569023.5643747775,5.13972602739726,2.0
C-000930656,S-0039,-9.974579268715972,0,2,女性,27,8,12,0.6666666666666666,58753,1,16,4591288.568998441,8.193150684931506,5.0
C-001673664,S-0063,-14.850419542788048,0,2,女性,56,5,12,0.0833333333333333,0,0,18,4564012.176421695,5.749315068493151,3.0
C-000307243,S-0017,-100.0,1,2,男性,50,11,12,0.1666666666666666,37013,2,20,4640207.03550726,5.608219178082192,2.5
C-002639333,S-0019,-9.645221956666536,0,2,男性,31,1,12,0.4166666666666667,4173,1,19,4327199.920883598,4.090410958904109,1.0
C-000540511,S-0005,-11.126072449952336,0,2,女性,56,10,12,0.5,0,0,21,4733942.970761149,4.69041095890411,2.0
C-000651291,S-0096,-28.818005694862904,0,2,女性,39,10,12,0.0833333333333333,0,0,16,4644856.458098179,8.302739726027397,5.0
C-000831100,S-0059,-99.64797982451532,1,2,男性,34,9,12,0.5,0,0,14,4713188.969095345,6.8123287671232875,3.0
C-000734707,S-0096,-61.05378026164734,1,2,女性,41,9,12,0.3333333333333333,0,0,16,4644856.458098179,8.302739726027397,5.0
C-000710230,S-0089,-100.0,1,2,女性,33,9,12,0.5833333333333334,17961,1,19,4721110.949352573,10.142465753424657,7.0
C-000787142,S-0039,-25.330894295831598,0,2,男性,61,9,12,0.0833333333333333,8964,1,16,4591288.568998441,8.193150684931506,5.0
C-000880212,S-0020,-75.7751032872283,1,2,女性,53,9,12,0.4166666666666667,9888,1,16,4280702.057267675,6.986301369863014,3.5
C-002362054,S-0059,-100.0,1,2,女性,49,2,12,0.0833333333333333,11177,1,14,4713188.969095345,6.8123287671232875,3.0
C-002088884,S-0039,-64.36567974361424,1,2,男性,41,3,12,0.3333333333333333,14202,1,16,4591288.568998441,8.193150684931506,5.0
C-000964863,S-0100,-100.0,1,2,女性,32,8,12,0.25,5495,1,17,4535925.154217558,4.720547945205479,2.0
C-000552815,S-0039,-91.57504348682266,1,2,男性,40,10,12,0.6666666666666666,10902,1,16,4591288.568998441,8.193150684931506,5.0
C-001818376,S-0030,-41.255570235349445,0,2,女性,32,4,12,0.1666666666666666,0,0,22,4426478.045479023,9.236986301369862,5.5
C-001537695,S-0075,-45.012792453993406,0,2,女性,53,6,12,0.5,6787,1,19,4506647.2743158825,4.526027397260274,1.0
C-000795418,S-0085,-33.77094349561377,0,2,男性,34,9,12,0.75,85970,2,15,4606655.398026554,4.928767123287671,2.0
C-000019476,S-0039,-48.59944061115319,0,2,女性,42,12,12,0.3333333333333333,0,0,16,4591288.568998441,8.193150684931506,5.0
C-001254713,S-0082,-57.65160469762009,1,2,女性,35,7,12,0.3333333333333333,0,0,17,4607261.71451126,4.758904109589041,2.0
C-000806969,S-0085,-57.75432826275638,1,2,男性,46,9,12,0.5,0,0,15,4606655.398026554,4.928767123287671,2.0
C-000458877,S-0126,-39.064380925602116,0,2,男性,40,10,12,0.6666666666666666,0,0,17,4493168.352495564,5.53972602739726,3.0
C-002407114,S-0126,-100.0,1,2,男性,41,2,12,0.3333333333333333,9765,1,17,4493168.352495564,5.53972602739726,3.0
C-002006270,S-0126,-35.2831264022855,0,2,女性,45,4,12,0.8333333333333334,0,0,17,4493168.352495564,5.53972602739726,3.0
C-001034916,S-0099,-26.13784004607616,0,2,男性,56,8,12,0.5833333333333334,11535,1,13,4464126.154078853,8.147945205479452,5.0
C-000692795,S-0005,-64.09095273146222,1,2,男性,33,9,12,0.5,0,0,21,4733942.970761149,4.69041095890411,2.0
C-002007680,S-0126,-17.795478989014367,0,2,男性,49,4,12,0.5833333333333334,0,0,17,4493168.352495564,5.53972602739726,3.0
C-001425820,S-0002,-100.0,1,2,女性,47,6,12,0.25,7307,1,15,4455566.655169959,5.663013698630137,2.0
C-000792620,S-0097,-100.0,1,2,男性,49,9,12,0.1666666666666666,8154,1,21,4592508.716501317,10.09041095890411,7.0
C-000866524,S-0040,-48.19094771768695,0,2,男性,31,9,12,0.25,0,0,20,4550116.0180538,8.163013698630138,4.0
C-002389874,S-0054,-37.11685162161748,0,2,女性,47,2,12,0.5,0,0,23,4489160.181517739,6.358904109589041,4.0
C-001864590,S-0131,-50.81945483293726,1,2,男性,39,4,12,0.5,0,0,17,4569023.5643747775,5.13972602739726,2.0
C-000724516,S-0100,-14.112685170206374,0,2,男性,68,9,12,0.75,0,0,17,4535925.154217558,4.720547945205479,2.0
C-000390946,S-0039,-100.0,1,2,女性,22,11,12,0.3333333333333333,0,0,16,4591288.568998441,8.193150684931506,5.0
C-001462687,S-0040,-100.0,1,2,女性,37,6,12,0.0,0,0,20,4550116.0180538,8.163013698630138,4.0
C-001408704,S-0019,-22.216452409600404,0,2,男性,36,6,12,0.4166666666666667,0,0,19,4327199.920883598,4.090410958904109,1.0
C-001801169,S-0106,-36.283016846684454,0,2,女性,68,4,12,0.25,22150,2,20,4462729.145118021,6.171232876712329,3.5
C-001141073,S-0007,-99.67838491911859,1,2,男性,58,7,12,0.4166666666666667,17398,2,21,4487075.727367008,3.7260273972602738,1.0
C-002643802,S-0054,-100.0,1,2,男性,52,1,12,0.5833333333333334,0,0,23,4489160.181517739,6.358904109589041,4.0
C-000349199,S-0075,-15.215214504342638,0,2,女性,59,11,12,0.4166666666666667,0,0,19,4506647.2743158825,4.526027397260274,1.0
C-001478793,S-0111,-22.14631545893367,0,2,女性,78,6,12,0.3333333333333333,6044,2,19,4489501.980758176,6.397260273972603,4.0
C-000969351,S-0020,-28.555271981184006,0,2,男性,44,8,12,0.3333333333333333,0,0,16,4280702.057267675,6.986301369863014,3.5
C-001309891,S-0100,-9.92511069404712,0,2,男性,28,7,12,0.3333333333333333,0,0,17,4535925.154217558,4.720547945205479,2.0
C-002527556,S-0050,-100.0,1,2,女性,40,1,12,0.6666666666666666,0,0,20,4615411.181286601,9.2013698630137,6.0
C-000069174,S-0005,-44.361251918336976,0,2,男性,49,12,12,0.6666666666666666,0,0,21,4733942.970761149,4.69041095890411,2.0
C-002258057,S-0096,-100.0,1,2,女性,45,2,12,0.1666666666666666,1451,1,16,4644856.458098179,8.302739726027397,5.0
C-002352341,S-0100,-100.0,1,2,女性,57,2,12,0.1666666666666666,26683,1,17,4535925.154217558,4.720547945205479,2.0
C-001927562,S-0059,-26.315507977388485,0,2,女性,40,4,12,0.3333333333333333,0,0,14,4713188.969095345,6.8123287671232875,3.0
C-000065627,S-0017,-100.0,1,2,女性,69,12,12,0.5,0,0,20,4640207.03550726,5.608219178082192,2.5
C-000490932,S-0020,-15.018235424442286,0,2,女性,25,10,12,0.25,21471,2,16,4280702.057267675,6.986301369863014,3.5
C-002237624,S-0004,1.1085998329112465,0,2,女性,54,3,12,0.5833333333333334,9331,1,22,4423576.351309,11.806849315068494,9.0
C-001186112,S-0019,-27.50453296233365,0,2,女性,75,7,12,0.25,0,0,19,4327199.920883598,4.090410958904109,1.0
C-002611325,S-0131,-35.8711346755842,0,2,女性,68,1,12,0.5833333333333334,4333,2,17,4569023.5643747775,5.13972602739726,2.0
C-000726732,S-0039,-71.56224503671471,1,2,男性,72,9,12,0.6666666666666666,7249,1,16,4591288.568998441,8.193150684931506,5.0
C-001398057,S-0085,-9.965047357831082,0,2,女性,33,6,12,0.8333333333333334,0,0,15,4606655.398026554,4.928767123287671,2.0
C-000467037,S-0131,16.670692202433592,0,2,女性,43,10,12,0.3333333333333333,0,0,17,4569023.5643747775,5.13972602739726,2.0
C-000694149,S-0079,-39.969805623702584,0,2,女性,42,9,12,0.6666666666666666,0,0,13,4256656.371085242,8.479452054794521,6.0
C-000774298,S-0054,-47.356792693573304,0,2,女性,34,9,12,0.25,0,0,23,4489160.181517739,6.358904109589041,4.0
C-001981643,S-0075,-17.43737228487096,0,2,女性,57,4,12,0.0833333333333333,25112,1,19,4506647.2743158825,4.526027397260274,1.0
C-002198905,S-0062,-40.73395626557698,0,2,女性,36,3,12,0.75,6966,1,15,4713869.782113416,4.575342465753424,1.0
C-001968351,S-0131,-8.884079717985967,0,2,男性,43,4,12,0.5833333333333334,0,0,17,4569023.5643747775,5.13972602739726,2.0
C-000809567,S-0113,-100.0,1,2,男性,45,9,12,0.0833333333333333,0,0,16,4336633.961311346,5.77945205479452,2.5
C-000507951,S-0054,-20.263135313031583,0,2,男性,56,10,12,0.75,0,0,23,4489160.181517739,6.358904109589041,4.0
C-002236683,S-0096,-91.18195623592243,1,2,男性,56,3,12,0.1666666666666666,7990,1,16,4644856.458098179,8.302739726027397,5.0
C-000426340,S-0040,-61.064811740487414,1,2,男性,34,11,12,0.4166666666666667,0,0,20,4550116.0180538,8.163013698630138,4.0
C-002300962,S-0100,-33.20093340011571,0,2,男性,64,2,12,0.5,6110,1,17,4535925.154217558,4.720547945205479,2.0
C-002055167,S-0080,-42.2760312765128,0,2,女性,59,3,12,0.1666666666666666,4579,1,17,4457429.264950683,11.673972602739726,9.0
C-001092958,S-0121,-41.14268258052302,0,2,男性,22,8,12,0.4166666666666667,37802,2,14,4716268.25678644,9.856164383561644,7.0
C-001570349,S-0075,-42.896167088751675,0,2,女性,77,6,12,0.4166666666666667,9434,1,19,4506647.2743158825,4.526027397260274,1.0
C-001777463,S-0019,-24.57541376874765,0,2,男性,64,5,12,0.4166666666666667,0,0,19,4327199.920883598,4.090410958904109,1.0
C-001598035,S-0063,-75.32115474095204,1,2,男性,26,5,12,0.9166666666666666,0,0,18,4564012.176421695,5.749315068493151,3.0
C-002022288,S-0054,-39.45235739744407,0,2,女性,29,4,12,0.25,29806,1,23,4489160.181517739,6.358904109589041,4.0
C-001703629,S-0002,-100.0,1,2,女性,49,5,12,0.3333333333333333,0,0,15,4455566.655169959,5.663013698630137,2.0
C-002247101,S-0085,-12.72849679538967,0,2,男性,44,3,12,0.6666666666666666,6263,1,15,4606655.398026554,4.928767123287671,2.0
C-000130034,S-0111,-23.273662328449966,0,2,女性,40,12,12,0.4166666666666667,0,0,19,4489501.980758176,6.397260273972603,4.0
C-000672568,S-0113,-21.345113100730728,0,2,女性,41,10,12,0.9166666666666666,0,0,16,4336633.961311346,5.77945205479452,2.5
C-002564273,S-0007,-100.0,1,2,女性,46,1,12,0.0833333333333333,0,0,21,4487075.727367008,3.7260273972602738,1.0
C-000374952,S-0111,-26.184762374683203,0,2,女性,58,11,12,0.5,4047,2,19,4489501.980758176,6.397260273972603,4.0
C-000384961,S-0113,-14.23587577912811,0,2,男性,43,11,12,0.5833333333333334,34972,1,16,4336633.961311346,5.77945205479452,2.5
C-000603515,S-0039,-27.318170457385655,0,2,男性,52,10,12,0.6666666666666666,0,0,16,4591288.568998441,8.193150684931506,5.0
C-001138673,S-0007,-100.0,1,2,男性,46,7,12,0.4166666666666667,0,0,21,4487075.727367008,3.7260273972602738,1.0
C-000794354,S-0050,-19.99963842228145,0,2,女性,58,9,12,0.5833333333333334,7431,1,20,4615411.181286601,9.2013698630137,6.0
C-001727773,S-0111,-100.0,1,2,男性,60,5,12,1.0,0,0,19,4489501.980758176,6.397260273972603,4.0
C-001783775,S-0085,-3.809421198851787,0,2,女性,31,5,12,0.75,13146,1,15,4606655.398026554,4.928767123287671,2.0
C-001098412,S-0085,-54.76099727943012,1,2,男性,46,8,12,0.5833333333333334,0,0,15,4606655.398026554,4.928767123287671,2.0
C-000769731,S-0019,-25.334618774138985,0,2,男性,27,9,12,0.25,7794,1,19,4327199.920883598,4.090410958904109,1.0
C-001624963,S-0030,-44.52424267395204,0,2,男性,38,5,12,0.3333333333333333,4708,1,22,4426478.045479023,9.236986301369862,5.5
C-001967064,S-0062,-23.99728750109055,0,2,男性,77,4,12,0.3333333333333333,0,0,15,4713869.782113416,4.575342465753424,1.0
C-002537209,S-0020,-100.0,1,2,女性,33,1,12,0.3333333333333333,0,0,16,4280702.057267675,6.986301369863014,3.5
C-001307637,S-0036,-100.0,1,2,女性,45,7,12,0.1666666666666666,27161,1,19,4397834.424680548,11.123287671232877,9.0
C-001319294,S-0059,-37.66411552041269,0,2,女性,42,7,12,0.4166666666666667,0,0,14,4713188.969095345,6.8123287671232875,3.0
C-000765195,S-0131,-23.32011234484633,0,2,女性,46,9,12,0.0,0,0,17,4569023.5643747775,5.13972602739726,2.0
C-000957270,S-0005,-10.758794089043858,0,2,女性,63,8,12,0.6666666666666666,0,0,21,4733942.970761149,4.69041095890411,2.0
C-000345899,S-0040,-16.215081510608666,0,2,女性,55,11,12,0.4166666666666667,62459,1,20,4550116.0180538,8.163013698630138,4.0
C-001408173,S-0002,-100.0,1,2,男性,41,6,12,0.3333333333333333,0,0,15,4455566.655169959,5.663013698630137,2.0
C-000433562,S-0063,-6.425629894941859,0,2,男性,45,11,12,0.25,11756,1,18,4564012.176421695,5.749315068493151,3.0
C-001309171,S-0085,-11.862709032323831,0,2,女性,45,7,12,0.1666666666666666,0,0,15,4606655.398026554,4.928767123287671,2.0
C-001699266,S-0085,-31.83014790491426,0,2,男性,50,5,12,0.75,0,0,15,4606655.398026554,4.928767123287671,2.0
C-000789395,S-0100,-24.627296460852627,0,2,男性,41,9,12,0.5833333333333334,0,0,17,4535925.154217558,4.720547945205479,2.0
C-000884248,S-0002,-100.0,1,2,男性,62,9,12,0.0,0,0,15,4455566.655169959,5.663013698630137,2.0
C-001433412,S-0056,-93.10786207773829,1,2,女性,26,6,12,0.0833333333333333,65406,1,15,4406070.585753419,7.528767123287671,4.0
C-000659313,S-0075,-11.777038113543668,0,2,女性,42,10,12,0.4166666666666667,0,0,19,4506647.2743158825,4.526027397260274,1.0
C-000512539,S-0100,-100.0,1,2,女性,54,10,12,0.3333333333333333,0,0,17,4535925.154217558,4.720547945205479,2.0
C-000637845,S-0089,-68.68425007514277,1,2,男性,41,10,12,0.25,35122,1,19,4721110.949352573,10.142465753424657,7.0
C-001651477,S-0007,-21.386787460822337,0,2,男性,52,5,12,0.25,0,0,21,4487075.727367008,3.7260273972602738,1.0
C-000970658,S-0039,-57.455859681782485,1,2,男性,69,8,12,0.1666666666666666,0,0,16,4591288.568998441,8.193150684931506,5.0
C-000657128,S-0018,-7.459642197806349,0,2,男性,66,10,12,0.1666666666666666,0,0,16,4493108.581950108,7.550684931506849,5.0
C-002129522,S-0039,-44.377741968535474,0,2,女性,46,3,12,0.3333333333333333,6757,1,16,4591288.568998441,8.193150684931506,5.0
C-001128771,S-0131,-71.11011690560018,1,2,女性,43,7,12,0.4166666666666667,98950,2,17,4569023.5643747775,5.13972602739726,2.0
C-000766419,S-0054,-39.02447602868609,0,2,女性,50,9,12,0.3333333333333333,0,0,23,4489160.181517739,6.358904109589041,4.0
C-001750350,S-0075,-61.303173788198606,1,2,男性,54,5,12,0.0833333333333333,0,0,19,4506647.2743158825,4.526027397260274,1.0
C-000566101,S-0039,-40.78846485310637,0,2,男性,49,10,12,0.1666666666666666,28176,1,16,4591288.568998441,8.193150684931506,5.0
C-000194364,S-0085,-100.0,1,2,女性,41,12,12,0.75,0,0,15,4606655.398026554,4.928767123287671,2.0
C-002003490,S-0018,-8.964253929511191,0,2,男性,60,4,12,0.3333333333333333,0,0,16,4493108.581950108,7.550684931506849,5.0
C-001532709,S-0017,-37.094235433761675,0,2,女性,48,6,12,0.0833333333333333,49643,2,20,4640207.03550726,5.608219178082192,2.5
C-000931923,S-0005,-60.585173723449145,1,2,女性,46,8,12,0.5,0,0,21,4733942.970761149,4.69041095890411,2.0
C-001148656,S-0113,-31.757802499592714,0,2,男性,41,7,12,0.1666666666666666,6938,1,16,4336633.961311346,5.77945205479452,2.5
C-001272721,S-0019,-3.7413116011336243,0,2,女性,35,7,12,0.5,2128,1,19,4327199.920883598,4.090410958904109,1.0
C-000912037,S-0041,-17.910706211699967,0,2,女性,47,8,12,0.1666666666666666,0,0,17,4828489.286769263,10.389041095890411,7.0
C-000465892,S-0079,-58.61983537616361,1,2,男性,54,10,12,0.3333333333333333,6750,2,13,4256656.371085242,8.479452054794521,6.0
C-002496497,S-0131,-50.33601489024707,1,2,女性,44,1,12,0.9166666666666666,24361,1,17,4569023.5643747775,5.13972602739726,2.0
C-002502017,S-0131,-46.213272442298056,0,2,女性,43,1,12,0.75,0,0,17,4569023.5643747775,5.13972602739726,2.0
C-001540696,S-0126,-56.93357891538812,1,2,男性,49,6,12,0.6666666666666666,0,0,17,4493168.352495564,5.53972602739726,3.0
C-001606813,S-0041,-15.2930168031706,0,2,女性,38,5,12,0.25,0,0,17,4828489.286769263,10.389041095890411,7.0
C-001372892,S-0089,-62.35864419046471,1,2,女性,68,6,12,0.5,12818,1,19,4721110.949352573,10.142465753424657,7.0
C-002620147,S-0040,-100.0,1,2,男性,19,1,12,0.0,0,0,20,4550116.0180538,8.163013698630138,4.0
C-001537919,S-0002,-49.6514057183788,1,2,女性,59,6,12,0.5833333333333334,0,0,15,4455566.655169959,5.663013698630137,2.0
C-001423003,S-0082,-26.03196861714874,0,2,女性,59,6,12,0.25,0,0,17,4607261.71451126,4.758904109589041,2.0
C-001225156,S-0030,-15.47551944958129,0,2,男性,52,7,12,0.0833333333333333,0,0,22,4426478.045479023,9.236986301369862,5.5
C-000944137,S-0074,-10.989061641285657,0,2,女性,33,8,12,0.3333333333333333,1991,2,14,4614054.39694187,8.308219178082192,6.0
C-001586342,S-0102,-9.46970078074694,0,2,女性,62,5,12,0.75,14895,1,16,4383474.364435211,10.484931506849314,7.5
C-002241137,S-0014,-5.1090323785385845,0,2,女性,54,3,12,0.5833333333333334,7270,1,21,4730192.353344672,7.336986301369863,4.0
C-001865973,S-0115,-100.0,1,2,男性,44,4,12,0.8333333333333334,16017,2,14,4553643.099564746,10.51095890410959,7.0
C-000307943,S-0063,-3.7980102369174937,0,2,女性,38,11,12,0.3333333333333333,159514,1,18,4564012.176421695,5.749315068493151,3.0
C-002071372,S-0075,-17.890775021122973,0,2,女性,55,3,12,0.4166666666666667,0,0,19,4506647.2743158825,4.526027397260274,1.0
C-001853449,S-0004,4.004490265827182,0,2,男性,34,4,12,0.5,5615,2,22,4423576.351309,11.806849315068494,9.0
C-000458908,S-0059,-45.024158776244235,0,2,女性,63,10,12,0.5,8060,2,14,4713188.969095345,6.8123287671232875,3.0
C-000638249,S-0039,-41.91481240918435,0,2,女性,53,10,12,0.4166666666666667,1559,1,16,4591288.568998441,8.193150684931506,5.0
C-001123219,S-0036,-64.26731597375941,1,2,女性,43,8,12,0.4166666666666667,0,0,19,4397834.424680548,11.123287671232877,9.0
C-000857804,S-0131,-100.0,1,2,女性,56,9,12,0.6666666666666666,6077,1,17,4569023.5643747775,5.13972602739726,2.0
C-002632712,S-0017,-26.780480060714247,0,2,女性,42,1,12,0.4166666666666667,42816,1,20,4640207.03550726,5.608219178082192,2.5
C-001578882,S-0017,-37.873320092510156,0,2,女性,59,5,12,0.1666666666666666,0,0,20,4640207.03550726,5.608219178082192,2.5
C-000850065,S-0100,-36.78816030701129,0,2,男性,54,9,12,0.4166666666666667,0,0,17,4535925.154217558,4.720547945205479,2.0
C-002376224,S-0100,-100.0,1,2,男性,56,2,12,0.75,0,0,17,4535925.154217558,4.720547945205479,2.0
C-002018996,S-0004,-20.112101395029118,0,2,男性,38,4,12,0.4166666666666667,0,0,22,4423576.351309,11.806849315068494,9.0
C-002255434,S-0007,-8.937074953763707,0,2,男性,49,2,12,0.0,0,0,21,4487075.727367008,3.7260273972602738,1.0
C-001017638,S-0089,-11.853773066250994,0,2,男性,59,8,12,0.6666666666666666,1274,1,19,4721110.949352573,10.142465753424657,7.0
C-002072097,S-0041,-99.70192927098232,1,2,女性,31,3,12,0.3333333333333333,4130,1,17,4828489.286769263,10.389041095890411,7.0
C-000718774,S-0082,-100.0,1,2,女性,59,9,12,0.1666666666666666,0,0,17,4607261.71451126,4.758904109589041,2.0
C-002443726,S-0062,-23.401376678399515,0,2,女性,43,2,12,0.75,0,0,15,4713869.782113416,4.575342465753424,1.0
C-002358242,S-0039,-28.314794888610155,0,2,男性,58,2,12,0.3333333333333333,0,0,16,4591288.568998441,8.193150684931506,5.0
C-002545838,S-0131,-100.0,1,2,女性,39,1,12,0.3333333333333333,0,0,17,4569023.5643747775,5.13972602739726,2.0
C-001862999,S-0017,-64.78000302768552,1,2,女性,32,4,12,0.25,0,0,20,4640207.03550726,5.608219178082192,2.5
C-000192264,S-0113,-13.64698332119499,0,2,男性,70,12,12,0.5,29352,1,16,4336633.961311346,5.77945205479452,2.5
C-002571997,S-0096,-46.10549487235663,0,2,女性,53,1,12,0.0833333333333333,0,0,16,4644856.458098179,8.302739726027397,5.0
C-000025383,S-0113,-100.0,1,2,男性,77,12,12,0.5,0,0,16,4336633.961311346,5.77945205479452,2.5
C-000759182,S-0063,-81.31185891668167,1,2,女性,67,9,12,0.5833333333333334,0,0,18,4564012.176421695,5.749315068493151,3.0
C-002296161,S-0002,-52.61514739782911,1,2,女性,18,2,12,0.75,0,0,15,4455566.655169959,5.663013698630137,2.0
C-001872356,S-0121,-31.366634507472092,0,2,女性,51,4,12,0.8333333333333334,0,0,14,4716268.25678644,9.856164383561644,7.0
C-001779600,S-0117,-17.19511497032228,0,2,女性,55,5,12,0.25,30794,2,20,4500859.737076383,9.593150684931507,7.0
C-000955008,S-0063,-68.56122191943942,1,2,男性,67,8,12,0.25,0,0,18,4564012.176421695,5.749315068493151,3.0
C-001531076,S-0041,-14.750694601479813,0,2,男性,55,6,12,0.1666666666666666,0,0,17,4828489.286769263,10.389041095890411,7.0
C-001948354,S-0115,-12.566060891739761,0,2,男性,45,4,12,0.0833333333333333,6045,2,14,4553643.099564746,10.51095890410959,7.0
C-000231615,S-0008,-100.0,1,2,男性,49,11,12,0.25,15892,2,22,4498453.308937302,10.772602739726027,7.0
C-000100068,S-0017,-100.0,1,2,男性,35,12,12,0.6666666666666666,0,0,20,4640207.03550726,5.608219178082192,2.5
C-001876038,S-0017,-20.159749575819376,0,2,女性,69,4,12,0.3333333333333333,956,1,20,4640207.03550726,5.608219178082192,2.5
C-001979498,S-0048,-31.862439522696835,0,2,女性,69,4,12,0.75,81267,1,15,4502249.082895545,3.671232876712329,1.0
C-001657499,S-0113,-33.93428089524437,0,2,男性,21,5,12,0.0833333333333333,6032,1,16,4336633.961311346,5.77945205479452,2.5
C-001863532,S-0089,-60.86872970644755,1,2,女性,45,4,12,0.0833333333333333,554,1,19,4721110.949352573,10.142465753424657,7.0
C-000876819,S-0085,-18.699119135057398,0,2,女性,55,9,12,0.5,27489,1,15,4606655.398026554,4.928767123287671,2.0
C-002087282,S-0005,-34.49423136217294,0,2,女性,44,3,12,0.6666666666666666,0,0,21,4733942.970761149,4.69041095890411,2.0
C-001134587,S-0012,-32.683687641586346,0,2,女性,31,7,12,0.25,37274,1,16,4444678.825084195,7.994520547945205,5.0
C-000563122,S-0085,-16.378370903056286,0,2,男性,54,10,12,0.4166666666666667,0,0,15,4606655.398026554,4.928767123287671,2.0
C-001847197,S-0075,-21.895076229743985,0,2,男性,45,4,12,1.0,0,0,19,4506647.2743158825,4.526027397260274,1.0
C-001656182,S-0131,-2.0055384326548493,0,2,女性,63,5,12,1.0,0,0,17,4569023.5643747775,5.13972602739726,2.0
C-001705832,S-0121,-25.13111596902078,0,2,女性,51,5,12,0.5833333333333334,0,0,14,4716268.25678644,9.856164383561644,7.0
C-000279198,S-0019,1.9810127923486072,0,2,女性,46,11,12,0.1666666666666666,0,0,19,4327199.920883598,4.090410958904109,1.0
C-001320242,S-0085,-41.03184387429927,0,2,女性,37,7,12,0.9166666666666666,46533,1,15,4606655.398026554,4.928767123287671,2.0
C-002104912,S-0059,-34.53411086029596,0,2,女性,40,3,12,0.4166666666666667,0,0,14,4713188.969095345,6.8123287671232875,3.0
C-002191357,S-0121,-26.93213259736243,0,2,女性,33,3,12,0.25,59404,1,14,4716268.25678644,9.856164383561644,7.0
C-001112987,S-0063,-22.027600629879604,0,2,男性,54,8,12,0.25,2490,2,18,4564012.176421695,5.749315068493151,3.0
C-002168249,S-0050,-43.28266946191475,0,2,男性,42,3,12,0.4166666666666667,37290,1,20,4615411.181286601,9.2013698630137,6.0
C-000102961,S-0089,-100.0,1,2,女性,46,12,12,0.5,0,0,19,4721110.949352573,10.142465753424657,7.0
C-002137052,S-0054,-67.67010069262558,1,2,女性,39,3,12,0.5833333333333334,0,0,23,4489160.181517739,6.358904109589041,4.0
C-001144539,S-0096,-20.782923270281877,0,2,男性,58,7,12,0.25,5636,2,16,4644856.458098179,8.302739726027397,5.0
C-001838361,S-0054,-70.99671064927297,1,2,女性,40,4,12,0.5,0,0,23,4489160.181517739,6.358904109589041,4.0
C-002391762,S-0004,-42.98136240138081,0,2,女性,46,2,12,0.8333333333333334,11577,1,22,4423576.351309,11.806849315068494,9.0
C-000961299,S-0054,-87.8216605750307,1,2,女性,42,8,12,0.5,0,0,23,4489160.181517739,6.358904109589041,4.0
C-001805261,S-0126,-42.19972702456779,0,2,女性,50,4,12,0.75,0,0,17,4493168.352495564,5.53972602739726,3.0
C-001299249,S-0005,-18.09655659160932,0,2,女性,56,7,12,0.1666666666666666,0,0,21,4733942.970761149,4.69041095890411,2.0
C-000555441,S-0005,-25.542019881685675,0,2,女性,24,10,12,0.75,0,0,21,4733942.970761149,4.69041095890411,2.0
C-002358297,S-0050,-49.700456695009926,1,2,男性,72,2,12,0.8333333333333334,0,0,20,4615411.181286601,9.2013698630137,6.0
C-000087297,S-0012,-78.39906222467783,1,2,男性,44,12,12,0.5,0,0,16,4444678.825084195,7.994520547945205,5.0
C-001650788,S-0100,-24.137600257451233,0,2,女性,59,5,12,0.8333333333333334,0,0,17,4535925.154217558,4.720547945205479,2.0
C-002205477,S-0040,-100.0,1,2,男性,85,3,12,0.3333333333333333,0,0,20,4550116.0180538,8.163013698630138,4.0
C-001054581,S-0054,-100.0,1,2,女性,48,8,12,0.5,0,0,23,4489160.181517739,6.358904109589041,4.0
C-000408337,S-0085,-18.00971282008157,0,2,男性,51,11,12,0.75,0,0,15,4606655.398026554,4.928767123287671,2.0
C-001085894,S-0059,-55.52921663315181,1,2,男性,46,8,12,0.3333333333333333,12490,2,14,4713188.969095345,6.8123287671232875,3.0
C-001345044,S-0020,-19.696096697270086,0,2,女性,75,7,12,0.5,0,0,16,4280702.057267675,6.986301369863014,3.5
C-001673174,S-0019,-11.151546735839887,0,2,男性,38,5,12,0.8333333333333334,0,0,19,4327199.920883598,4.090410958904109,1.0
C-001729210,S-0040,-63.08312832100689,1,2,男性,35,5,12,0.5833333333333334,0,0,20,4550116.0180538,8.163013698630138,4.0
C-002363793,S-0002,-14.627571800947397,0,2,男性,59,2,12,0.25,4910,2,15,4455566.655169959,5.663013698630137,2.0
C-000081329,S-0020,-100.0,1,2,男性,60,12,12,0.5,0,0,16,4280702.057267675,6.986301369863014,3.5
C-001906125,S-0039,-100.0,1,2,女性,48,4,12,0.5833333333333334,0,0,16,4591288.568998441,8.193150684931506,5.0
C-000293706,S-0085,-37.69572316594574,0,2,女性,37,11,12,0.4166666666666667,0,0,15,4606655.398026554,4.928767123287671,2.0
C-001684074,S-0048,-100.0,1,2,女性,47,5,12,0.0,45517,1,15,4502249.082895545,3.671232876712329,1.0
C-000226831,S-0111,-100.0,1,2,女性,33,11,12,0.4166666666666667,0,0,19,4489501.980758176,6.397260273972603,4.0
C-000607475,S-0079,-34.07288566409182,0,2,女性,43,10,12,0.6666666666666666,34182,1,13,4256656.371085242,8.479452054794521,6.0
C-001223401,S-0059,-65.83458048826115,1,2,女性,47,7,12,0.3333333333333333,0,0,14,4713188.969095345,6.8123287671232875,3.0
C-001580851,S-0012,-2.062472584684421,0,2,女性,32,5,12,0.4166666666666667,17766,1,16,4444678.825084195,7.994520547945205,5.0
C-001134828,S-0113,-65.6553794681187,1,2,女性,50,7,12,0.25,4174,1,16,4336633.961311346,5.77945205479452,2.5
C-001683993,S-0082,-26.61410788381743,0,2,女性,56,5,12,0.5,0,0,17,4607261.71451126,4.758904109589041,2.0
C-000292446,S-0131,-45.10031641444367,0,2,女性,51,11,12,0.6666666666666666,0,0,17,4569023.5643747775,5.13972602739726,2.0
C-001976987,S-0036,-100.0,1,2,男性,17,4,12,0.0833333333333333,0,0,19,4397834.424680548,11.123287671232877,9.0
C-000202291,S-0004,-64.00231163189255,1,2,女性,50,12,12,0.6666666666666666,26986,1,22,4423576.351309,11.806849315068494,9.0
C-001244957,S-0005,-21.230899407694988,0,2,男性,36,7,12,0.6666666666666666,0,0,21,4733942.970761149,4.69041095890411,2.0
C-001547154,S-0019,-17.179954930786565,0,2,男性,70,6,12,0.5,0,0,19,4327199.920883598,4.090410958904109,1.0
C-001654690,S-0099,-8.714760582344526,0,2,女性,25,5,12,0.4166666666666667,0,0,13,4464126.154078853,8.147945205479452,5.0
C-000530752,S-0096,2.3784285490329617,0,2,男性,66,10,12,0.6666666666666666,0,0,16,4644856.458098179,8.302739726027397,5.0
C-001736619,S-0019,-39.554268446235206,0,2,男性,58,5,12,0.1666666666666666,0,0,19,4327199.920883598,4.090410958904109,1.0
C-002215015,S-0082,-19.254060946741646,0,2,女性,33,3,12,0.1666666666666666,29541,1,17,4607261.71451126,4.758904109589041,2.0
C-000967154,S-0085,-25.846428049264446,0,2,女性,55,8,12,0.4166666666666667,2990,1,15,4606655.398026554,4.928767123287671,2.0
C-001346524,S-0089,-100.0,1,2,女性,59,7,12,0.25,59770,1,19,4721110.949352573,10.142465753424657,7.0
C-001210168,S-0019,-11.701675584535456,0,2,女性,45,7,12,0.75,0,0,19,4327199.920883598,4.090410958904109,1.0
C-001437731,S-0019,-16.162170479023487,0,2,女性,77,6,12,0.9166666666666666,0,0,19,4327199.920883598,4.090410958904109,1.0
C-000769290,S-0040,-100.0,1,2,女性,38,9,12,0.1666666666666666,11471,2,20,4550116.0180538,8.163013698630138,4.0
C-001786543,S-0063,-60.09262396927595,1,2,女性,64,5,12,0.4166666666666667,54930,1,18,4564012.176421695,5.749315068493151,3.0
C-000730108,S-0096,-11.689497288252536,0,2,男性,45,9,12,0.5833333333333334,17086,2,16,4644856.458098179,8.302739726027397,5.0
C-001542745,S-0030,-78.95162971157393,1,2,女性,51,6,12,0.0,0,0,22,4426478.045479023,9.236986301369862,5.5
C-001271119,S-0099,-100.0,1,2,女性,50,7,12,0.3333333333333333,0,0,13,4464126.154078853,8.147945205479452,5.0
C-001950668,S-0062,-28.041860921373956,0,2,女性,53,4,12,0.3333333333333333,18894,2,15,4713869.782113416,4.575342465753424,1.0
C-000743537,S-0004,-61.42093083054769,1,2,女性,51,9,12,0.0833333333333333,16254,1,22,4423576.351309,11.806849315068494,9.0
C-000990137,S-0018,-99.91879375809319,1,2,女性,57,8,12,0.0833333333333333,0,0,16,4493108.581950108,7.550684931506849,5.0
C-001764880,S-0072,-85.4294886406808,1,2,女性,55,5,12,0.4166666666666667,0,0,12,4406797.312641796,9.01917808219178,6.0
C-001818354,S-0111,-100.0,1,2,男性,45,4,12,0.5,0,0,19,4489501.980758176,6.397260273972603,4.0
C-000051071,S-0017,-59.15250081079585,1,2,男性,60,12,12,1.0,0,0,20,4640207.03550726,5.608219178082192,2.5
C-000941257,S-0063,-18.057279048238097,0,2,女性,35,8,12,0.3333333333333333,6776,1,18,4564012.176421695,5.749315068493151,3.0
C-001618915,S-0004,-51.08481262327417,1,2,男性,44,5,12,0.25,0,0,22,4423576.351309,11.806849315068494,9.0
C-000371815,S-0079,-61.370480937413696,1,2,女性,51,11,12,0.3333333333333333,4479,2,13,4256656.371085242,8.479452054794521,6.0
C-002322464,S-0005,-23.28333074826616,0,2,女性,41,2,12,0.5,0,0,21,4733942.970761149,4.69041095890411,2.0
C-000738825,S-0089,-100.0,1,2,男性,23,9,12,0.5,0,0,19,4721110.949352573,10.142465753424657,7.0
C-001531696,S-0121,-72.66455356264798,1,2,女性,51,6,12,0.4166666666666667,0,0,14,4716268.25678644,9.856164383561644,7.0
C-002371258,S-0113,-44.985408419775204,0,2,男性,47,2,12,0.1666666666666666,0,0,16,4336633.961311346,5.77945205479452,2.5
C-001018066,S-0106,-22.674151426750655,0,2,女性,43,8,12,0.25,0,0,20,4462729.145118021,6.171232876712329,3.5
C-002281914,S-0054,-29.45823883555232,0,2,男性,66,2,12,0.25,0,0,23,4489160.181517739,6.358904109589041,4.0
C-002601951,S-0089,-8.315217760507599,0,2,女性,33,1,12,0.6666666666666666,0,0,19,4721110.949352573,10.142465753424657,7.0
C-000389238,S-0056,-24.817358834292595,0,2,女性,43,11,12,0.3333333333333333,0,0,15,4406070.585753419,7.528767123287671,4.0
C-001505601,S-0019,-15.548533393112724,0,2,男性,58,6,12,0.6666666666666666,20067,2,19,4327199.920883598,4.090410958904109,1.0
C-001223280,S-0036,-100.0,1,2,女性,46,7,12,0.5,0,0,19,4397834.424680548,11.123287671232877,9.0
C-002501998,S-0036,-74.15910865517449,1,2,女性,49,1,12,0.1666666666666666,9893,1,19,4397834.424680548,11.123287671232877,9.0
C-000591502,S-0048,-90.44491290358371,1,2,男性,47,10,12,0.4166666666666667,3156,1,15,4502249.082895545,3.671232876712329,1.0
C-001288968,S-0039,-97.38767525268992,1,2,女性,58,7,12,0.0833333333333333,3168,1,16,4591288.568998441,8.193150684931506,5.0
C-002132939,S-0036,-99.39195150957148,1,2,女性,88,3,12,0.3333333333333333,40575,1,19,4397834.424680548,11.123287671232877,9.0
C-002366368,S-0059,-100.0,1,2,男性,41,2,12,0.5,0,0,14,4713188.969095345,6.8123287671232875,3.0
C-000225088,S-0041,-13.659048864284424,0,2,男性,44,12,12,0.3333333333333333,0,0,17,4828489.286769263,10.389041095890411,7.0
C-000191754,S-0005,-17.646511357356832,0,2,女性,70,12,12,0.5,7180,1,21,4733942.970761149,4.69041095890411,2.0
C-000327530,S-0082,-20.179149042050263,0,2,女性,57,11,12,0.6666666666666666,5544,2,17,4607261.71451126,4.758904109589041,2.0
C-001939326,S-0040,-29.801905163243873,0,2,女性,40,4,12,0.0,965,1,20,4550116.0180538,8.163013698630138,4.0
C-001438486,S-0036,-47.68425597737636,0,2,男性,41,6,12,0.0833333333333333,61822,1,19,4397834.424680548,11.123287671232877,9.0
C-002419136,S-0079,-39.189462109822045,0,2,女性,54,2,12,0.5833333333333334,2450,1,13,4256656.371085242,8.479452054794521,6.0
C-002585623,S-0039,-18.109893338509885,0,2,男性,56,1,12,0.5,0,0,16,4591288.568998441,8.193150684931506,5.0
C-001012595,S-0030,-11.287841025853274,0,2,女性,85,8,12,0.5,0,0,22,4426478.045479023,9.236986301369862,5.5
C-002132465,S-0054,-18.65596557231706,0,2,女性,75,3,12,0.8333333333333334,0,0,23,4489160.181517739,6.358904109589041,4.0
C-001443199,S-0059,-29.17205576715518,0,2,女性,36,6,12,0.25,0,0,14,4713188.969095345,6.8123287671232875,3.0
C-001901896,S-0089,-46.59621383241906,0,2,男性,28,4,12,0.6666666666666666,0,0,19,4721110.949352573,10.142465753424657,7.0
C-001177483,S-0050,-17.248176774917408,0,2,女性,54,7,12,0.1666666666666666,0,0,20,4615411.181286601,9.2013698630137,6.0
C-001357278,S-0019,-20.80287119500199,0,2,男性,47,6,12,0.4166666666666667,0,0,19,4327199.920883598,4.090410958904109,1.0
C-000075237,S-0007,-24.687310066856465,0,2,女性,57,12,12,0.1666666666666666,0,0,21,4487075.727367008,3.7260273972602738,1.0
C-001377483,S-0008,-57.92427937001566,1,2,女性,41,6,12,0.5833333333333334,0,0,22,4498453.308937302,10.772602739726027,7.0
C-000441695,S-0085,-9.082536865867766,0,2,女性,76,11,12,0.5,16079,1,15,4606655.398026554,4.928767123287671,2.0
C-000400417,S-0054,-67.26866167746094,1,2,男性,56,11,12,0.5,0,0,23,4489160.181517739,6.358904109589041,4.0
C-000544808,S-0039,-96.35900545785324,1,2,女性,37,10,12,0.3333333333333333,0,0,16,4591288.568998441,8.193150684931506,5.0
C-000619271,S-0059,-11.716046771742473,0,2,女性,22,10,12,0.5,2911,1,14,4713188.969095345,6.8123287671232875,3.0
C-001475166,S-0019,-9.389733940049659,0,2,男性,47,6,12,0.1666666666666666,0,0,19,4327199.920883598,4.090410958904109,1.0
C-000051912,S-0106,-100.0,1,2,男性,39,12,12,0.5833333333333334,0,0,20,4462729.145118021,6.171232876712329,3.5
C-002639813,S-0039,-13.119414870085825,0,2,男性,57,1,12,0.4166666666666667,146931,1,16,4591288.568998441,8.193150684931506,5.0
C-000612921,S-0072,-100.0,1,2,女性,32,10,12,0.0833333333333333,163807,1,12,4406797.312641796,9.01917808219178,6.0
C-002320660,S-0039,-68.07665842182588,1,2,女性,64,2,12,0.25,0,0,16,4591288.568998441,8.193150684931506,5.0
C-001157491,S-0017,-20.251757360702495,0,2,女性,56,7,12,0.75,3681,1,20,4640207.03550726,5.608219178082192,2.5
C-000815761,S-0054,-42.848584567354344,0,2,女性,50,9,12,0.8333333333333334,0,0,23,4489160.181517739,6.358904109589041,4.0
C-001676964,S-0002,-49.84108540377977,1,2,女性,68,5,12,0.1666666666666666,0,0,15,4455566.655169959,5.663013698630137,2.0
C-001620309,S-0089,-69.03237711317085,1,2,女性,50,5,12,0.3333333333333333,6454,1,19,4721110.949352573,10.142465753424657,7.0
C-002513840,S-0036,-100.0,1,2,男性,73,1,12,0.5,0,0,19,4397834.424680548,11.123287671232877,9.0
C-000013061,S-0005,-20.281230169171476,0,2,男性,63,12,12,0.3333333333333333,0,0,21,4733942.970761149,4.69041095890411,2.0
C-000207360,S-0079,-50.86642747670247,1,2,女性,78,12,12,0.0,40817,1,13,4256656.371085242,8.479452054794521,6.0
C-000151572,S-0075,-82.89274574596213,1,2,女性,57,12,12,0.4166666666666667,0,0,19,4506647.2743158825,4.526027397260274,1.0
C-002325949,S-0054,-23.287237501925414,0,2,男性,62,2,12,0.5,0,0,23,4489160.181517739,6.358904109589041,4.0
C-002681820,S-0039,-17.95794843419996,0,2,女性,55,1,12,0.8333333333333334,0,0,16,4591288.568998441,8.193150684931506,5.0
C-001129489,S-0075,-16.839597263853662,0,2,女性,52,7,12,0.5833333333333334,0,0,19,4506647.2743158825,4.526027397260274,1.0
C-001881975,S-0014,-16.256435573735807,0,2,女性,42,4,12,0.3333333333333333,63505,1,21,4730192.353344672,7.336986301369863,4.0
C-002672284,S-0082,-100.0,1,2,男性,35,1,12,0.5833333333333334,5881,1,17,4607261.71451126,4.758904109589041,2.0
C-002414228,S-0100,-11.33197020007034,0,2,女性,37,2,12,0.1666666666666666,10115,2,17,4535925.154217558,4.720547945205479,2.0
C-002468249,S-0040,-21.96180817259281,0,2,女性,18,2,12,0.4166666666666667,0,0,20,4550116.0180538,8.163013698630138,4.0
C-002031664,S-0097,-17.905754305680098,0,2,女性,56,3,12,0.5,0,0,21,4592508.716501317,10.09041095890411,7.0
C-000814369,S-0002,-100.0,1,2,女性,50,9,12,0.3333333333333333,0,0,15,4455566.655169959,5.663013698630137,2.0
C-002164668,S-0039,-42.808564660009296,0,2,男性,19,3,12,0.25,0,0,16,4591288.568998441,8.193150684931506,5.0
C-001602407,S-0039,-100.0,1,2,男性,53,5,12,0.4166666666666667,0,0,16,4591288.568998441,8.193150684931506,5.0
C-001897991,S-0039,-27.34933732478531,0,2,女性,24,4,12,0.25,0,0,16,4591288.568998441,8.193150684931506,5.0
C-001069266,S-0007,-37.480996576153665,0,2,男性,36,8,12,0.25,0,0,21,4487075.727367008,3.7260273972602738,1.0
C-002598548,S-0039,-38.538201142940345,0,2,女性,49,1,12,0.75,15628,1,16,4591288.568998441,8.193150684931506,5.0
C-002226144,S-0063,-46.769479817358366,0,2,男性,31,3,12,0.5,0,0,18,4564012.176421695,5.749315068493151,3.0
C-001780874,S-0063,-10.480495164040978,0,2,男性,34,5,12,0.5,0,0,18,4564012.176421695,5.749315068493151,3.0
C-000292416,S-0019,-9.814671846552086,0,2,女性,51,11,12,0.6666666666666666,0,0,19,4327199.920883598,4.090410958904109,1.0
C-002194454,S-0111,-2.0331335473789913,0,2,女性,35,3,12,0.5833333333333334,855,1,19,4489501.980758176,6.397260273972603,4.0
C-002299014,S-0019,-15.418948639441114,0,2,女性,42,2,12,0.9166666666666666,5582,1,19,4327199.920883598,4.090410958904109,1.0
C-001768944,S-0082,-72.76256604312438,1,2,女性,48,5,12,0.5,0,0,17,4607261.71451126,4.758904109589041,2.0
C-000983877,S-0059,-37.482875299166466,0,2,女性,31,8,12,0.6666666666666666,25709,1,14,4713188.969095345,6.8123287671232875,3.0
C-000449753,S-0113,-100.0,1,2,女性,46,11,12,0.1666666666666666,2504,1,16,4336633.961311346,5.77945205479452,2.5
C-000003914,S-0131,-100.0,1,2,女性,66,12,12,0.6666666666666666,6432,1,17,4569023.5643747775,5.13972602739726,2.0
C-002055153,S-0019,-9.927984171264947,0,2,女性,46,3,12,0.25,0,0,19,4327199.920883598,4.090410958904109,1.0
C-001666836,S-0131,-23.731421975861036,0,2,男性,67,5,12,0.1666666666666666,0,0,17,4569023.5643747775,5.13972602739726,2.0
C-002326834,S-0040,-100.0,1,2,女性,79,2,12,0.4166666666666667,0,0,20,4550116.0180538,8.163013698630138,4.0
C-000835412,S-0100,-100.0,1,2,女性,59,9,12,0.1666666666666666,0,0,17,4535925.154217558,4.720547945205479,2.0
C-001179864,S-0036,-27.402630575535575,0,2,女性,25,7,12,0.0833333333333333,0,0,19,4397834.424680548,11.123287671232877,9.0
C-000134180,S-0007,-41.559879071581825,0,2,女性,45,12,12,0.1666666666666666,35589,1,21,4487075.727367008,3.7260273972602738,1.0
C-002583639,S-0005,-20.341440067213696,0,2,女性,53,1,12,0.3333333333333333,0,0,21,4733942.970761149,4.69041095890411,2.0
C-001100111,S-0089,-28.208367688911352,0,2,男性,47,8,12,0.0,0,0,19,4721110.949352573,10.142465753424657,7.0
C-001809007,S-0030,-56.5578009117507,1,2,女性,41,4,12,0.9166666666666666,7285,1,22,4426478.045479023,9.236986301369862,5.5
C-002094089,S-0050,-46.658663703193064,0,2,女性,58,3,12,0.3333333333333333,0,0,20,4615411.181286601,9.2013698630137,6.0
C-000208346,S-0100,-97.14470484036497,1,2,女性,56,12,12,0.25,2172,1,17,4535925.154217558,4.720547945205479,2.0
C-000210976,S-0131,-100.0,1,2,女性,56,12,12,0.5,6022,2,17,4569023.5643747775,5.13972602739726,2.0
C-001431314,S-0018,-22.903097550078495,0,2,女性,66,6,12,0.0833333333333333,0,0,16,4493108.581950108,7.550684931506849,5.0
C-001275304,S-0036,-100.0,1,2,男性,67,7,12,0.8333333333333334,0,0,19,4397834.424680548,11.123287671232877,9.0
C-000104296,S-0062,-27.785274649095943,0,2,女性,31,12,12,0.6666666666666666,7723,2,15,4713869.782113416,4.575342465753424,1.0
C-001176785,S-0089,-79.79505877915383,1,2,男性,45,7,12,0.4166666666666667,0,0,19,4721110.949352573,10.142465753424657,7.0
C-000383974,S-0050,-100.0,1,2,男性,57,11,12,0.3333333333333333,89318,1,20,4615411.181286601,9.2013698630137,6.0
C-001015151,S-0005,-30.767560122894373,0,2,女性,31,8,12,0.5,0,0,21,4733942.970761149,4.69041095890411,2.0
C-002331895,S-0005,-32.10432919275454,0,2,女性,47,2,12,0.6666666666666666,16041,1,21,4733942.970761149,4.69041095890411,2.0
C-000788185,S-0097,-19.854665128548866,0,2,女性,51,9,12,0.3333333333333333,2103,1,21,4592508.716501317,10.09041095890411,7.0
C-001550967,S-0082,-33.42920961341685,0,2,女性,60,6,12,0.1666666666666666,21850,1,17,4607261.71451126,4.758904109589041,2.0
C-001230398,S-0005,-15.956197898682978,0,2,男性,70,7,12,0.5833333333333334,0,0,21,4733942.970761149,4.69041095890411,2.0
C-000876657,S-0030,-85.17796895482189,1,2,女性,56,9,12,0.0,0,0,22,4426478.045479023,9.236986301369862,5.5
C-002185701,S-0030,-3.999947315790167,0,2,男性,58,3,12,0.4166666666666667,0,0,22,4426478.045479023,9.236986301369862,5.5
C-001474777,S-0054,-25.34719805081796,0,2,女性,50,6,12,0.4166666666666667,0,0,23,4489160.181517739,6.358904109589041,4.0
C-001752302,S-0126,-14.53944772347553,0,2,女性,62,5,12,0.5833333333333334,0,0,17,4493168.352495564,5.53972602739726,3.0
C-002211905,S-0056,-100.0,1,2,女性,48,3,12,0.5833333333333334,0,0,15,4406070.585753419,7.528767123287671,4.0
C-001985419,S-0082,-58.251748251748246,1,2,女性,59,4,12,0.4166666666666667,5381,1,17,4607261.71451126,4.758904109589041,2.0
C-000141698,S-0005,-17.483671247788816,0,2,女性,43,12,12,0.5833333333333334,0,0,21,4733942.970761149,4.69041095890411,2.0
C-002486714,S-0054,-81.03718463630042,1,2,女性,59,1,12,0.3333333333333333,0,0,23,4489160.181517739,6.358904109589041,4.0
C-002210404,S-0030,-67.56407863630707,1,2,男性,40,3,12,0.0833333333333333,0,0,22,4426478.045479023,9.236986301369862,5.5
C-000001628,S-0054,-51.20077606807947,1,2,男性,59,13,12,0.8333333333333334,12468,1,23,4489160.181517739,6.358904109589041,4.0
C-001817838,S-0115,-100.0,1,2,女性,66,4,12,0.75,17988,1,14,4553643.099564746,10.51095890410959,7.0
C-001207747,S-0121,-100.0,1,2,女性,65,7,12,0.0833333333333333,27848,1,14,4716268.25678644,9.856164383561644,7.0
C-001225415,S-0063,-9.591210261293035,0,2,男性,62,7,12,0.4166666666666667,0,0,18,4564012.176421695,5.749315068493151,3.0
C-001131000,S-0059,-100.0,1,2,女性,52,7,12,0.8333333333333334,0,0,14,4713188.969095345,6.8123287671232875,3.0
C-001460228,S-0018,-87.79862642378619,1,2,女性,53,6,12,0.1666666666666666,31130,1,16,4493108.581950108,7.550684931506849,5.0
C-000448253,S-0004,-100.0,1,2,男性,56,11,12,0.3333333333333333,0,0,22,4423576.351309,11.806849315068494,9.0
C-000629158,S-0005,-41.50824398594468,0,2,女性,32,10,12,0.75,0,0,21,4733942.970761149,4.69041095890411,2.0
C-000333308,S-0056,-60.51375,1,2,男性,47,11,12,0.4166666666666667,0,0,15,4406070.585753419,7.528767123287671,4.0
C-000274345,S-0030,-5.351104442135953,0,2,女性,46,11,12,0.25,0,0,22,4426478.045479023,9.236986301369862,5.5
C-000277576,S-0002,-46.65965064937356,0,2,男性,34,11,12,0.0,0,0,15,4455566.655169959,5.663013698630137,2.0
C-001346291,S-0099,-100.0,1,2,女性,47,7,12,1.0,71049,1,13,4464126.154078853,8.147945205479452,5.0
C-002099508,S-0099,-61.80362708982715,1,2,男性,48,3,12,0.25,6653,1,13,4464126.154078853,8.147945205479452,5.0
C-001578308,S-0121,-59.991002521828385,1,2,男性,51,5,12,0.1666666666666666,0,0,14,4716268.25678644,9.856164383561644,7.0
C-000648916,S-0085,-26.479242233007778,0,2,女性,53,10,12,1.0,9288,1,15,4606655.398026554,4.928767123287671,2.0
C-002340458,S-0039,-100.0,1,2,男性,44,2,12,0.3333333333333333,0,0,16,4591288.568998441,8.193150684931506,5.0
C-001788004,S-0085,-35.11542760581231,0,2,女性,53,5,12,0.3333333333333333,0,0,15,4606655.398026554,4.928767123287671,2.0
C-000289427,S-0012,-41.708056505192545,0,2,女性,58,11,12,0.6666666666666666,0,0,16,4444678.825084195,7.994520547945205,5.0
C-000482182,S-0113,-16.19762851344213,0,2,男性,71,10,12,0.75,0,0,16,4336633.961311346,5.77945205479452,2.5
C-001828695,S-0062,-49.6410635302575,1,2,男性,42,4,12,0.75,0,0,15,4713869.782113416,4.575342465753424,1.0
C-001744100,S-0002,-66.51612952276685,1,2,女性,31,5,12,0.5,0,0,15,4455566.655169959,5.663013698630137,2.0
C-000846032,S-0059,-50.56908460066799,1,2,男性,52,9,12,1.0,0,0,14,4713188.969095345,6.8123287671232875,3.0
C-001611747,S-0020,-100.0,1,2,男性,48,5,12,0.1666666666666666,74838,1,16,4280702.057267675,6.986301369863014,3.5
C-001128346,S-0131,-100.0,1,2,男性,45,7,12,0.5,0,0,17,4569023.5643747775,5.13972602739726,2.0
C-000151439,S-0017,-51.03412751765744,1,2,女性,53,12,12,0.3333333333333333,0,0,20,4640207.03550726,5.608219178082192,2.5
C-002211828,S-0131,-48.46775133232349,0,2,女性,77,3,12,0.25,0,0,17,4569023.5643747775,5.13972602739726,2.0
C-001887475,S-0004,-11.833555958701211,0,2,女性,38,4,12,0.0833333333333333,50059,1,22,4423576.351309,11.806849315068494,9.0
C-000022585,S-0040,-6.270928798026083,0,2,女性,47,12,12,0.3333333333333333,21096,1,20,4550116.0180538,8.163013698630138,4.0
C-001724082,S-0007,-68.1576744918337,1,2,男性,53,5,12,0.4166666666666667,0,0,21,4487075.727367008,3.7260273972602738,1.0
C-002508087,S-0131,-95.74172671776748,1,2,女性,49,1,12,0.3333333333333333,0,0,17,4569023.5643747775,5.13972602739726,2.0
C-001368777,S-0063,-37.57150195243344,0,2,女性,18,6,12,0.6666666666666666,7141,2,18,4564012.176421695,5.749315068493151,3.0
C-002658919,S-0100,-47.12889431887599,0,2,女性,52,1,12,0.1666666666666666,0,0,17,4535925.154217558,4.720547945205479,2.0
C-001867842,S-0017,-21.828620540383405,0,2,女性,41,4,12,0.3333333333333333,9206,1,20,4640207.03550726,5.608219178082192,2.5
C-000975120,S-0054,-47.318471386525886,0,2,女性,51,8,12,0.75,0,0,23,4489160.181517739,6.358904109589041,4.0
C-002376642,S-0062,-31.37736380040061,0,2,男性,37,2,12,0.4166666666666667,3007,1,15,4713869.782113416,4.575342465753424,1.0
C-001698372,S-0059,-100.0,1,2,男性,68,5,12,0.6666666666666666,0,0,14,4713188.969095345,6.8123287671232875,3.0
C-000846236,S-0040,-7.251927787202608,0,2,男性,49,9,12,0.3333333333333333,13335,2,20,4550116.0180538,8.163013698630138,4.0
C-000811999,S-0017,-100.0,1,2,女性,59,9,12,0.5,0,0,20,4640207.03550726,5.608219178082192,2.5
C-002592264,S-0111,-96.44799856439474,1,2,女性,57,1,12,0.0833333333333333,10766,2,19,4489501.980758176,6.397260273972603,4.0
C-001281967,S-0063,-33.4521646389635,0,2,女性,30,7,12,0.75,0,0,18,4564012.176421695,5.749315068493151,3.0
C-001414076,S-0062,-51.011351286076554,1,2,男性,61,6,12,0.4166666666666667,0,0,15,4713869.782113416,4.575342465753424,1.0
C-001696100,S-0005,-1.8516123846237187,0,2,女性,68,5,12,0.1666666666666666,0,0,21,4733942.970761149,4.69041095890411,2.0
C-001748013,S-0063,-61.174756136597196,1,2,女性,66,5,12,0.25,1970,1,18,4564012.176421695,5.749315068493151,3.0
C-001529334,S-0056,-83.9546059240355,1,2,男性,42,6,12,0.25,0,0,15,4406070.585753419,7.528767123287671,4.0
C-002296208,S-0039,-40.07716834239662,0,2,女性,58,2,12,0.3333333333333333,0,0,16,4591288.568998441,8.193150684931506,5.0
C-000183926,S-0059,-36.54092443823495,0,2,男性,48,12,12,0.4166666666666667,0,0,14,4713188.969095345,6.8123287671232875,3.0
C-000431693,S-0113,-60.812403168437825,1,2,男性,36,11,12,0.25,0,0,16,4336633.961311346,5.77945205479452,2.5
C-000943237,S-0059,-19.398282935545428,0,2,女性,79,8,12,0.25,14428,2,14,4713188.969095345,6.8123287671232875,3.0
C-000864553,S-0085,-43.19908727895037,0,2,女性,65,9,12,0.5833333333333334,0,0,15,4606655.398026554,4.928767123287671,2.0
C-000033439,S-0050,-67.87255130597015,1,2,男性,58,12,12,0.3333333333333333,2230,1,20,4615411.181286601,9.2013698630137,6.0
C-002424794,S-0050,-100.0,1,2,女性,50,2,12,0.0833333333333333,0,0,20,4615411.181286601,9.2013698630137,6.0
C-002015117,S-0004,-75.99198036986056,1,2,男性,49,4,12,0.1666666666666666,0,0,22,4423576.351309,11.806849315068494,9.0
C-000631015,S-0039,-69.13452091867944,1,2,女性,44,10,12,0.3333333333333333,0,0,16,4591288.568998441,8.193150684931506,5.0
C-001907164,S-0113,-33.902133993288885,0,2,男性,49,4,12,0.3333333333333333,0,0,16,4336633.961311346,5.77945205479452,2.5
C-001434561,S-0063,-33.33601174214423,0,2,女性,52,6,12,0.6666666666666666,0,0,18,4564012.176421695,5.749315068493151,3.0
C-001096622,S-0050,-23.755450505656853,0,2,女性,84,8,12,0.5,0,0,20,4615411.181286601,9.2013698630137,6.0
C-001230322,S-0008,-50.083234537111544,1,2,男性,37,7,12,0.5,16564,1,22,4498453.308937302,10.772602739726027,7.0
C-002559052,S-0085,-1.1081541233449594,0,2,男性,50,1,12,0.5833333333333334,0,0,15,4606655.398026554,4.928767123287671,2.0
C-002367311,S-0019,-2.2471384096814213,0,2,女性,35,2,12,0.8333333333333334,0,0,19,4327199.920883598,4.090410958904109,1.0
C-002469309,S-0096,-100.0,1,2,男性,34,2,12,0.25,0,0,16,4644856.458098179,8.302739726027397,5.0
C-002399794,S-0063,-77.61931463515272,1,2,女性,62,2,12,0.0833333333333333,0,0,18,4564012.176421695,5.749315068493151,3.0
C-000939875,S-0004,-100.0,1,2,女性,80,8,12,0.0833333333333333,0,0,22,4423576.351309,11.806849315068494,9.0
C-000154857,S-0096,-100.0,1,2,男性,39,12,12,0.25,0,0,16,4644856.458098179,8.302739726027397,5.0
C-000392262,S-0040,-100.0,1,2,男性,49,11,12,0.3333333333333333,0,0,20,4550116.0180538,8.163013698630138,4.0
C-000760774,S-0121,-100.0,1,2,男性,42,9,12,0.3333333333333333,10498,1,14,4716268.25678644,9.856164383561644,7.0
C-002328282,S-0005,-9.605338284244992,0,2,男性,56,2,12,0.5,0,0,21,4733942.970761149,4.69041095890411,2.0
C-002605698,S-0063,-96.14863387978141,1,2,女性,61,1,12,0.0833333333333333,0,0,18,4564012.176421695,5.749315068493151,3.0
C-000915972,S-0059,-100.0,1,2,女性,46,8,12,0.8333333333333334,0,0,14,4713188.969095345,6.8123287671232875,3.0
C-002312706,S-0005,-30.12348484848485,0,2,女性,68,2,12,0.6666666666666666,7792,1,21,4733942.970761149,4.69041095890411,2.0
C-001965560,S-0040,-100.0,1,2,男性,42,4,12,0.5833333333333334,0,0,20,4550116.0180538,8.163013698630138,4.0
C-001934505,S-0100,-41.60690071203552,0,2,女性,27,4,12,0.5,0,0,17,4535925.154217558,4.720547945205479,2.0
C-000493401,S-0036,-34.501254004122075,0,2,男性,43,10,12,0.25,0,0,19,4397834.424680548,11.123287671232877,9.0
C-000011334,S-0039,-79.28276444167562,1,2,女性,47,12,12,0.0833333333333333,6261,1,16,4591288.568998441,8.193150684931506,5.0
C-000554581,S-0085,-19.423466924191214,0,2,女性,36,10,12,0.3333333333333333,0,0,15,4606655.398026554,4.928767123287671,2.0
C-001207966,S-0113,-13.239087723429913,0,2,男性,39,7,12,0.5,0,0,16,4336633.961311346,5.77945205479452,2.5
C-000173451,S-0115,-84.11388500711308,1,2,男性,33,12,12,0.0,0,0,14,4553643.099564746,10.51095890410959,7.0
C-001608574,S-0020,-59.122384743566,1,2,女性,38,5,12,0.6666666666666666,0,0,16,4280702.057267675,6.986301369863014,3.5
C-002305901,S-0005,-100.0,1,2,女性,62,2,12,0.6666666666666666,0,0,21,4733942.970761149,4.69041095890411,2.0
C-001547780,S-0126,-97.58298304102043,1,2,女性,50,6,12,0.4166666666666667,0,0,17,4493168.352495564,5.53972602739726,3.0
C-000658854,S-0082,-18.2904836770554,0,2,男性,38,10,12,0.25,68154,1,17,4607261.71451126,4.758904109589041,2.0
C-002471110,S-0002,-24.538040471494867,0,2,男性,42,1,12,0.4166666666666667,0,0,15,4455566.655169959,5.663013698630137,2.0
C-000175049,S-0005,-8.691908440766342,0,2,男性,25,12,12,0.1666666666666666,9627,1,21,4733942.970761149,4.69041095890411,2.0
C-000723909,S-0085,-45.58582668736285,0,2,女性,32,9,12,0.6666666666666666,0,0,15,4606655.398026554,4.928767123287671,2.0
C-000136379,S-0030,-29.28434024565278,0,2,男性,31,12,12,0.1666666666666666,0,0,22,4426478.045479023,9.236986301369862,5.5
C-001837555,S-0039,-80.10970851952166,1,2,女性,44,4,12,0.5833333333333334,0,0,16,4591288.568998441,8.193150684931506,5.0
C-001957580,S-0062,-50.20734637830415,1,2,女性,51,4,12,0.5833333333333334,15935,1,15,4713869.782113416,4.575342465753424,1.0
C-000203920,S-0002,-61.45806206406294,1,2,女性,21,12,12,0.5,5776,2,15,4455566.655169959,5.663013698630137,2.0
C-002494466,S-0005,-12.538689562499686,0,2,女性,48,1,12,0.8333333333333334,0,0,21,4733942.970761149,4.69041095890411,2.0
C-000229261,S-0089,-22.296002222818743,0,2,女性,43,11,12,0.0833333333333333,0,0,19,4721110.949352573,10.142465753424657,7.0
C-000218164,S-0020,-73.94939062477303,1,2,女性,45,12,12,0.3333333333333333,0,0,16,4280702.057267675,6.986301369863014,3.5
C-002350399,S-0054,-22.827036809435484,0,2,女性,59,2,12,0.8333333333333334,0,0,23,4489160.181517739,6.358904109589041,4.0
C-001217280,S-0007,-100.0,1,2,男性,49,7,12,0.4166666666666667,0,0,21,4487075.727367008,3.7260273972602738,1.0
C-000688309,S-0131,-29.689248407484044,0,2,男性,32,9,12,0.0833333333333333,16510,2,17,4569023.5643747775,5.13972602739726,2.0
C-002357988,S-0050,-31.28453061264544,0,2,女性,51,2,12,0.5,0,0,20,4615411.181286601,9.2013698630137,6.0
C-000044433,S-0054,-53.38425928520588,1,2,男性,36,12,12,0.5,0,0,23,4489160.181517739,6.358904109589041,4.0
C-002296950,S-0085,-17.38919176311672,0,2,男性,56,2,12,0.25,1299,1,15,4606655.398026554,4.928767123287671,2.0
C-001611031,S-0050,-76.9259494756815,1,2,女性,50,5,12,0.5,0,0,20,4615411.181286601,9.2013698630137,6.0
C-001126698,S-0131,-51.88282913541406,1,2,男性,68,7,12,0.3333333333333333,17307,2,17,4569023.5643747775,5.13972602739726,2.0
C-000190631,S-0063,-13.587765925244282,0,2,女性,28,12,12,0.5,4320,2,18,4564012.176421695,5.749315068493151,3.0
C-001395125,S-0079,-76.96444129819211,1,2,男性,48,6,12,0.1666666666666666,0,0,13,4256656.371085242,8.479452054794521,6.0
C-000925548,S-0062,-29.250105716211632,0,2,女性,42,8,12,0.5833333333333334,0,0,15,4713869.782113416,4.575342465753424,1.0
C-001243686,S-0018,-44.72711893279448,0,2,女性,44,7,12,0.3333333333333333,12986,1,16,4493108.581950108,7.550684931506849,5.0
C-001076542,S-0111,-30.556622013772877,0,2,男性,47,8,12,0.1666666666666666,0,0,19,4489501.980758176,6.397260273972603,4.0
C-001166091,S-0072,-5.219400317042734,0,2,女性,59,7,12,0.9166666666666666,0,0,12,4406797.312641796,9.01917808219178,6.0
C-001719973,S-0099,-12.29406564170501,0,2,男性,42,5,12,0.3333333333333333,1368,2,13,4464126.154078853,8.147945205479452,5.0
C-000957760,S-0100,-100.0,1,2,女性,39,8,12,0.5833333333333334,0,0,17,4535925.154217558,4.720547945205479,2.0
C-002100634,S-0017,-100.0,1,2,女性,57,3,12,0.5833333333333334,0,0,20,4640207.03550726,5.608219178082192,2.5
C-002373673,S-0004,-20.233406774993114,0,2,女性,70,2,12,0.25,671,1,22,4423576.351309,11.806849315068494,9.0
C-001472904,S-0030,-52.86122828340603,1,2,女性,53,6,12,0.1666666666666666,9913,1,22,4426478.045479023,9.236986301369862,5.5
C-001816629,S-0075,-53.59903724813425,1,2,女性,62,4,12,0.4166666666666667,9824,2,19,4506647.2743158825,4.526027397260274,1.0
C-000096008,S-0050,-43.47575907612841,0,2,女性,52,12,12,0.4166666666666667,16949,2,20,4615411.181286601,9.2013698630137,6.0
C-000861894,S-0097,-100.0,1,2,男性,31,9,12,0.5,55874,1,21,4592508.716501317,10.09041095890411,7.0
C-002606577,S-0041,-26.193907725876375,0,2,女性,41,1,12,0.5,1762,1,17,4828489.286769263,10.389041095890411,7.0
C-001432692,S-0113,-31.52219430485762,0,2,男性,50,6,12,0.3333333333333333,9735,1,16,4336633.961311346,5.77945205479452,2.5
C-001639306,S-0019,-12.749671248470735,0,2,女性,49,5,12,0.75,0,0,19,4327199.920883598,4.090410958904109,1.0
C-000129797,S-0111,-100.0,1,2,女性,27,12,12,0.1666666666666666,15460,1,19,4489501.980758176,6.397260273972603,4.0
C-000983543,S-0100,-28.750205435448446,0,2,男性,37,8,12,0.1666666666666666,26614,1,17,4535925.154217558,4.720547945205479,2.0
C-001221799,S-0002,-12.796984062980782,0,2,女性,45,7,12,0.5,4675,1,15,4455566.655169959,5.663013698630137,2.0
C-000006372,S-0079,-18.46196567480138,0,2,女性,64,12,12,0.5,0,0,13,4256656.371085242,8.479452054794521,6.0
C-000341743,S-0018,-97.96993987975952,1,2,女性,38,11,12,0.5833333333333334,31989,2,16,4493108.581950108,7.550684931506849,5.0
C-002219747,S-0131,-16.329985231502672,0,2,女性,58,3,12,0.8333333333333334,0,0,17,4569023.5643747775,5.13972602739726,2.0
C-000275012,S-0002,-77.50383435582822,1,2,女性,38,11,12,0.4166666666666667,0,0,15,4455566.655169959,5.663013698630137,2.0
C-000257099,S-0085,-36.20880043559459,0,2,女性,50,11,12,0.75,0,0,15,4606655.398026554,4.928767123287671,2.0
C-001360618,S-0018,-57.94837150986712,1,2,男性,50,6,12,0.3333333333333333,4794,1,16,4493108.581950108,7.550684931506849,5.0
C-000006179,S-0111,-40.33574536539615,0,2,男性,40,12,12,0.1666666666666666,5571,1,19,4489501.980758176,6.397260273972603,4.0
C-000978998,S-0075,-71.29805822180637,1,2,男性,16,8,12,1.0,0,0,19,4506647.2743158825,4.526027397260274,1.0
C-001600250,S-0017,-100.0,1,2,女性,40,5,12,0.4166666666666667,3475,2,20,4640207.03550726,5.608219178082192,2.5
C-000301419,S-0020,-35.87224578224394,0,2,女性,42,11,12,0.3333333333333333,28204,1,16,4280702.057267675,6.986301369863014,3.5
C-000988761,S-0039,-22.120139773164738,0,2,男性,50,8,12,0.5,0,0,16,4591288.568998441,8.193150684931506,5.0
C-001759343,S-0079,-66.47540105519698,1,2,女性,73,5,12,0.25,0,0,13,4256656.371085242,8.479452054794521,6.0
C-002562547,S-0131,-17.91669397346715,0,2,男性,34,1,12,0.5833333333333334,42001,1,17,4569023.5643747775,5.13972602739726,2.0
C-000465957,S-0020,-15.907355745398363,0,2,男性,34,10,12,0.6666666666666666,0,0,16,4280702.057267675,6.986301369863014,3.5
C-001689986,S-0002,-22.99771656914514,0,2,女性,40,5,12,0.75,0,0,15,4455566.655169959,5.663013698630137,2.0
C-000130808,S-0126,-59.33809819763829,1,2,女性,36,12,12,0.9166666666666666,0,0,17,4493168.352495564,5.53972602739726,3.0
C-002379863,S-0007,-28.698616525261787,0,2,男性,58,2,12,0.0833333333333333,20814,2,21,4487075.727367008,3.7260273972602738,1.0
C-000023379,S-0036,-83.81791163221324,1,2,男性,36,12,12,0.0833333333333333,0,0,19,4397834.424680548,11.123287671232877,9.0
C-001429423,S-0056,-68.52296721935684,1,2,男性,69,6,12,0.0,26154,1,15,4406070.585753419,7.528767123287671,4.0
C-000859681,S-0056,-100.0,1,2,女性,47,9,12,0.1666666666666666,0,0,15,4406070.585753419,7.528767123287671,4.0
C-002039843,S-0082,-24.063060062489097,0,2,女性,35,3,12,0.3333333333333333,0,0,17,4607261.71451126,4.758904109589041,2.0
C-001673972,S-0074,-100.0,1,2,男性,46,5,12,0.4166666666666667,0,0,14,4614054.39694187,8.308219178082192,6.0
C-001358896,S-0041,-49.61120356162607,1,2,女性,60,6,12,0.0833333333333333,6633,1,17,4828489.286769263,10.389041095890411,7.0
C-001090353,S-0019,-17.115433836703353,0,2,女性,31,8,12,0.3333333333333333,9591,1,19,4327199.920883598,4.090410958904109,1.0
C-001595569,S-0131,-34.30873376341598,0,2,女性,26,5,12,0.4166666666666667,0,0,17,4569023.5643747775,5.13972602739726,2.0
C-002434876,S-0056,-100.0,1,2,女性,50,2,12,0.5833333333333334,3768,1,15,4406070.585753419,7.528767123287671,4.0
C-001499414,S-0002,-100.0,1,2,男性,45,6,12,0.0833333333333333,98684,1,15,4455566.655169959,5.663013698630137,2.0
C-000292339,S-0002,-33.98737321968999,0,2,女性,51,11,12,0.0833333333333333,43402,2,15,4455566.655169959,5.663013698630137,2.0
C-001435245,S-0017,-100.0,1,2,男性,60,6,12,0.6666666666666666,5227,1,20,4640207.03550726,5.608219178082192,2.5
C-002560851,S-0005,-20.92246141256166,0,2,男性,34,1,12,0.5833333333333334,103157,2,21,4733942.970761149,4.69041095890411,2.0
C-002677544,S-0089,-39.13357085091037,0,2,男性,50,1,12,0.5833333333333334,0,0,19,4721110.949352573,10.142465753424657,7.0
C-002063584,S-0036,-11.341648426733371,0,2,女性,37,3,12,0.1666666666666666,38353,1,19,4397834.424680548,11.123287671232877,9.0
C-000014634,S-0074,-58.03496023379733,1,2,女性,44,12,12,0.0,11064,1,14,4614054.39694187,8.308219178082192,6.0
C-000622887,S-0054,-75.33824950628177,1,2,女性,34,10,12,0.75,0,0,23,4489160.181517739,6.358904109589041,4.0
C-001360544,S-0063,-54.02619755914102,1,2,男性,65,6,12,0.5,1178,1,18,4564012.176421695,5.749315068493151,3.0
C-001798294,S-0002,-71.42391189647068,1,2,女性,37,5,12,0.25,10846,1,15,4455566.655169959,5.663013698630137,2.0
C-000903827,S-0126,-77.16384121301463,1,2,女性,72,8,12,0.9166666666666666,0,0,17,4493168.352495564,5.53972602739726,3.0
C-001995831,S-0075,-59.64957432133334,1,2,男性,46,4,12,0.1666666666666666,0,0,19,4506647.2743158825,4.526027397260274,1.0
C-000219293,S-0126,-30.460663174515652,0,2,女性,35,12,12,0.4166666666666667,0,0,17,4493168.352495564,5.53972602739726,3.0
C-001658320,S-0074,-44.36115283300539,0,2,男性,43,5,12,0.0833333333333333,3326,1,14,4614054.39694187,8.308219178082192,6.0
C-001430906,S-0017,-51.60479668077785,1,2,女性,54,6,12,0.0833333333333333,0,0,20,4640207.03550726,5.608219178082192,2.5
C-001248466,S-0062,-100.0,1,2,女性,42,7,12,0.75,0,0,15,4713869.782113416,4.575342465753424,1.0
C-002432727,S-0014,-100.0,1,2,女性,52,2,12,0.0833333333333333,42811,1,21,4730192.353344672,7.336986301369863,4.0
C-000882067,S-0082,-46.917895942260465,0,2,男性,46,9,12,0.75,0,0,17,4607261.71451126,4.758904109589041,2.0
C-001034556,S-0126,-16.146256966410604,0,2,男性,53,8,12,0.0833333333333333,0,0,17,4493168.352495564,5.53972602739726,3.0
C-000598186,S-0075,-8.151217541867565,0,2,女性,54,10,12,0.0833333333333333,41032,1,19,4506647.2743158825,4.526027397260274,1.0
C-000412390,S-0040,-100.0,1,2,女性,75,11,12,0.1666666666666666,2404,2,20,4550116.0180538,8.163013698630138,4.0
C-000643608,S-0075,-1.7947902095802992,0,2,女性,54,10,12,0.25,0,0,19,4506647.2743158825,4.526027397260274,1.0
C-001359630,S-0039,-34.32481106551648,0,2,女性,14,6,12,0.1666666666666666,0,0,16,4591288.568998441,8.193150684931506,5.0
C-001805700,S-0050,-100.0,1,2,女性,49,4,12,0.5833333333333334,0,0,20,4615411.181286601,9.2013698630137,6.0
C-001908920,S-0075,-18.138911678675893,0,2,女性,60,4,12,0.0833333333333333,18758,1,19,4506647.2743158825,4.526027397260274,1.0
C-000728167,S-0036,-8.250875384547507,0,2,男性,48,9,12,0.3333333333333333,41072,1,19,4397834.424680548,11.123287671232877,9.0
C-001757198,S-0063,-91.9341407471256,1,2,男性,53,5,12,1.0,0,0,18,4564012.176421695,5.749315068493151,3.0
C-002139201,S-0039,-53.44275265829136,1,2,女性,44,3,12,0.5,0,0,16,4591288.568998441,8.193150684931506,5.0
C-002031163,S-0056,-34.880454044540606,0,2,女性,49,3,12,1.0,0,0,15,4406070.585753419,7.528767123287671,4.0
C-000013385,S-0012,-28.193989405676845,0,2,女性,21,12,12,0.4166666666666667,1556,1,16,4444678.825084195,7.994520547945205,5.0
C-001065457,S-0019,-12.732761939497092,0,2,男性,67,8,12,0.75,0,0,19,4327199.920883598,4.090410958904109,1.0
C-001099372,S-0072,-71.28911403092185,1,2,女性,41,8,12,0.4166666666666667,9362,1,12,4406797.312641796,9.01917808219178,6.0
C-001548419,S-0019,-28.129786316525152,0,2,男性,43,6,12,0.6666666666666666,0,0,19,4327199.920883598,4.090410958904109,1.0
C-002364394,S-0121,-43.58890649929178,0,2,男性,49,2,12,0.25,12629,2,14,4716268.25678644,9.856164383561644,7.0
C-002376182,S-0017,-100.0,1,2,男性,56,2,12,0.8333333333333334,0,0,20,4640207.03550726,5.608219178082192,2.5
C-000701270,S-0005,-7.326738916256158,0,2,男性,49,9,12,0.75,5532,2,21,4733942.970761149,4.69041095890411,2.0
C-002585350,S-0005,-2.644135443183708,0,2,男性,69,1,12,0.3333333333333333,0,0,21,4733942.970761149,4.69041095890411,2.0
C-000776763,S-0085,-23.53806717417736,0,2,女性,52,9,12,0.4166666666666667,0,0,15,4606655.398026554,4.928767123287671,2.0
C-001930087,S-0030,-97.83191327653105,1,2,女性,45,4,12,0.4166666666666667,0,0,22,4426478.045479023,9.236986301369862,5.5
C-001216180,S-0050,-57.36645090229945,1,2,女性,34,7,12,0.4166666666666667,0,0,20,4615411.181286601,9.2013698630137,6.0
C-000486237,S-0030,-45.91220732180587,0,2,男性,49,10,12,0.3333333333333333,2547,1,22,4426478.045479023,9.236986301369862,5.5
C-000736740,S-0036,-58.22202397682973,1,2,男性,62,9,12,0.3333333333333333,0,0,19,4397834.424680548,11.123287671232877,9.0
C-000522176,S-0036,-100.0,1,2,男性,39,10,12,0.0833333333333333,46047,2,19,4397834.424680548,11.123287671232877,9.0
C-002657740,S-0036,-48.65908278231989,0,2,女性,36,1,12,0.25,0,0,19,4397834.424680548,11.123287671232877,9.0
C-002404589,S-0111,-33.472929870345055,0,2,男性,43,2,12,0.0,0,0,19,4489501.980758176,6.397260273972603,4.0
C-001021939,S-0074,-6.044181510199398,0,2,男性,43,8,12,0.0,43528,1,14,4614054.39694187,8.308219178082192,6.0
C-002117088,S-0121,-100.0,1,2,女性,64,3,12,0.25,0,0,14,4716268.25678644,9.856164383561644,7.0
C-002497814,S-0019,-19.556315111276128,0,2,男性,54,1,12,0.5,0,0,19,4327199.920883598,4.090410958904109,1.0
C-002062744,S-0054,-90.24716569255686,1,2,女性,47,3,12,0.75,0,0,23,4489160.181517739,6.358904109589041,4.0
C-001138592,S-0085,-22.614013349854112,0,2,男性,62,7,12,0.9166666666666666,0,0,15,4606655.398026554,4.928767123287671,2.0
C-001359250,S-0005,3.6357336631796926,0,2,男性,56,6,12,0.4166666666666667,0,0,21,4733942.970761149,4.69041095890411,2.0
C-001689677,S-0113,-69.72833210895524,1,2,男性,76,5,12,0.25,0,0,16,4336633.961311346,5.77945205479452,2.5
C-002506141,S-0019,-13.677561887497875,0,2,男性,51,1,12,0.3333333333333333,0,0,19,4327199.920883598,4.090410958904109,1.0
C-000958530,S-0089,-44.45329743747092,0,2,女性,28,8,12,0.25,216138,2,19,4721110.949352573,10.142465753424657,7.0
C-000002345,S-0085,-35.94679489665335,0,2,女性,57,12,12,0.8333333333333334,951,1,15,4606655.398026554,4.928767123287671,2.0
C-000454002,S-0007,-16.353675620954462,0,2,男性,46,10,12,0.25,0,0,21,4487075.727367008,3.7260273972602738,1.0
C-001257509,S-0121,-42.47804037749018,0,2,女性,34,7,12,0.3333333333333333,30222,2,14,4716268.25678644,9.856164383561644,7.0
C-001429655,S-0126,-34.422347446663885,0,2,女性,59,6,12,0.25,0,0,17,4493168.352495564,5.53972602739726,3.0
C-001121067,S-0059,-100.0,1,2,女性,47,8,12,0.25,0,0,14,4713188.969095345,6.8123287671232875,3.0
C-001935094,S-0012,-23.86468062725121,0,2,女性,72,4,12,0.5833333333333334,187917,1,16,4444678.825084195,7.994520547945205,5.0
C-000565641,S-0020,-27.44100162132949,0,2,女性,46,10,12,0.25,2152,2,16,4280702.057267675,6.986301369863014,3.5
C-000467874,S-0063,-100.0,1,2,女性,31,10,12,0.5,16834,2,18,4564012.176421695,5.749315068493151,3.0
C-002421424,S-0005,-14.37073224893133,0,2,女性,58,2,12,0.1666666666666666,1815,1,21,4733942.970761149,4.69041095890411,2.0
C-001259825,S-0056,-100.0,1,2,女性,46,7,12,0.0833333333333333,0,0,15,4406070.585753419,7.528767123287671,4.0
C-002494027,S-0020,-100.0,1,2,女性,58,1,12,0.75,26765,2,16,4280702.057267675,6.986301369863014,3.5
C-000237976,S-0039,-15.878552425995524,0,2,女性,35,11,12,0.4166666666666667,1675,2,16,4591288.568998441,8.193150684931506,5.0
C-001346241,S-0082,-72.23929226898727,1,2,女性,44,7,12,0.5,0,0,17,4607261.71451126,4.758904109589041,2.0
C-001116684,S-0020,-51.043150851911044,1,2,女性,23,8,12,0.0833333333333333,0,0,16,4280702.057267675,6.986301369863014,3.5
C-000672474,S-0126,-71.32540815469693,1,2,男性,69,10,12,0.6666666666666666,2023,1,17,4493168.352495564,5.53972602739726,3.0
C-002112101,S-0059,-100.0,1,2,男性,57,3,12,0.5,0,0,14,4713188.969095345,6.8123287671232875,3.0
C-002068732,S-0019,-4.214159308153,0,2,男性,54,3,12,0.4166666666666667,10587,1,19,4327199.920883598,4.090410958904109,1.0
C-000596809,S-0126,-10.89651551856092,0,2,男性,62,10,12,0.5,0,0,17,4493168.352495564,5.53972602739726,3.0
C-002227141,S-0002,-47.121202538317206,0,2,男性,60,3,12,0.6666666666666666,0,0,15,4455566.655169959,5.663013698630137,2.0
C-000354381,S-0005,-13.50899736402375,0,2,男性,35,11,12,0.6666666666666666,0,0,21,4733942.970761149,4.69041095890411,2.0
C-001311263,S-0020,-79.91887708811443,1,2,男性,45,7,12,0.4166666666666667,18658,1,16,4280702.057267675,6.986301369863014,3.5
C-002220679,S-0017,-97.54508487899264,1,2,女性,51,3,12,0.5,0,0,20,4640207.03550726,5.608219178082192,2.5
C-002348915,S-0075,-26.16386279222198,0,2,女性,58,2,12,0.9166666666666666,47489,1,19,4506647.2743158825,4.526027397260274,1.0
C-001329709,S-0121,-94.56044800327807,1,2,男性,32,7,12,0.1666666666666666,39095,1,14,4716268.25678644,9.856164383561644,7.0
C-002445492,S-0111,-49.604083260699355,1,2,男性,59,2,12,0.5,0,0,19,4489501.980758176,6.397260273972603,4.0
C-001996386,S-0117,-23.59084488222044,0,2,男性,51,4,12,0.25,3170,2,20,4500859.737076383,9.593150684931507,7.0
C-001488948,S-0054,-93.78318205172118,1,2,男性,40,6,12,0.5,0,0,23,4489160.181517739,6.358904109589041,4.0
C-001642812,S-0063,-11.93114161247801,0,2,女性,51,5,12,0.5,2944,2,18,4564012.176421695,5.749315068493151,3.0
C-001034481,S-0111,-12.47191828860645,0,2,女性,22,8,12,0.5,27086,1,19,4489501.980758176,6.397260273972603,4.0
C-000831737,S-0059,-42.771262973446554,0,2,女性,76,9,12,0.9166666666666666,0,0,14,4713188.969095345,6.8123287671232875,3.0
C-001368584,S-0050,-31.494756112354843,0,2,女性,47,6,12,0.8333333333333334,0,0,20,4615411.181286601,9.2013698630137,6.0
C-001111560,S-0019,-31.018937293921972,0,2,女性,55,8,12,0.8333333333333334,52478,1,19,4327199.920883598,4.090410958904109,1.0
C-000777521,S-0017,-45.79780609312129,0,2,女性,75,9,12,0.5,0,0,20,4640207.03550726,5.608219178082192,2.5
C-002568817,S-0002,-30.707916534648984,0,2,男性,20,1,12,0.6666666666666666,0,0,15,4455566.655169959,5.663013698630137,2.0
C-002142887,S-0054,-12.31869100442208,0,2,男性,53,3,12,0.5833333333333334,0,0,23,4489160.181517739,6.358904109589041,4.0
C-000368572,S-0039,-100.0,1,2,男性,75,11,12,0.4166666666666667,54744,1,16,4591288.568998441,8.193150684931506,5.0
C-001442235,S-0005,-37.92997748934336,0,2,女性,35,6,12,0.75,0,0,21,4733942.970761149,4.69041095890411,2.0
C-000760932,S-0030,-38.199296857833446,0,2,男性,59,9,12,0.4166666666666667,0,0,22,4426478.045479023,9.236986301369862,5.5
C-002431005,S-0039,-78.85756112399712,1,2,女性,62,2,12,0.25,12110,2,16,4591288.568998441,8.193150684931506,5.0
C-001353710,S-0005,-55.03108207775787,1,2,男性,35,6,12,0.4166666666666667,0,0,21,4733942.970761149,4.69041095890411,2.0
C-002158884,S-0121,-25.387618832050702,0,2,男性,42,3,12,1.0,0,0,14,4716268.25678644,9.856164383561644,7.0
C-000781736,S-0020,-2.018657843683232,0,2,女性,51,9,12,0.3333333333333333,4695,1,16,4280702.057267675,6.986301369863014,3.5
C-001534346,S-0126,-9.927135808722344,0,2,女性,32,6,12,0.8333333333333334,0,0,17,4493168.352495564,5.53972602739726,3.0
C-002418695,S-0039,-59.08647009440266,1,2,女性,36,2,12,0.5,0,0,16,4591288.568998441,8.193150684931506,5.0
C-002694988,S-0089,-100.0,1,2,男性,34,1,12,0.25,0,0,19,4721110.949352573,10.142465753424657,7.0
C-001882146,S-0005,-12.020627891966875,0,2,女性,37,4,12,0.1666666666666666,0,0,21,4733942.970761149,4.69041095890411,2.0
C-000605040,S-0099,-100.0,1,2,男性,44,10,12,0.0833333333333333,0,0,13,4464126.154078853,8.147945205479452,5.0
C-002423471,S-0079,-32.99794520547945,0,2,女性,56,2,12,0.5,3245,2,13,4256656.371085242,8.479452054794521,6.0
C-000899579,S-0017,-76.5186865132122,1,2,男性,55,9,12,0.4166666666666667,10413,1,20,4640207.03550726,5.608219178082192,2.5
C-000318954,S-0099,-100.0,1,2,女性,43,11,12,0.1666666666666666,9828,1,13,4464126.154078853,8.147945205479452,5.0
C-001661763,S-0085,-27.320839382341294,0,2,女性,47,5,12,0.3333333333333333,0,0,15,4606655.398026554,4.928767123287671,2.0
C-000780295,S-0002,-10.025077849813671,0,2,女性,38,9,12,0.5833333333333334,43626,1,15,4455566.655169959,5.663013698630137,2.0
C-000427495,S-0056,-43.710794975701084,0,2,男性,44,11,12,0.0833333333333333,0,0,15,4406070.585753419,7.528767123287671,4.0
C-000567056,S-0054,-100.0,1,2,女性,65,10,12,0.25,1668,1,23,4489160.181517739,6.358904109589041,4.0
C-001946670,S-0126,-22.62474117237462,0,2,男性,49,4,12,0.5833333333333334,0,0,17,4493168.352495564,5.53972602739726,3.0
C-002373909,S-0002,-72.74511312913653,1,2,男性,36,2,12,0.6666666666666666,0,0,15,4455566.655169959,5.663013698630137,2.0
C-000962427,S-0019,-3.1376394951573308,0,2,女性,64,8,12,0.5,22726,1,19,4327199.920883598,4.090410958904109,1.0
C-001928786,S-0062,-51.48605892105969,1,2,女性,46,4,12,1.0,0,0,15,4713869.782113416,4.575342465753424,1.0
C-001892566,S-0079,-100.0,1,2,女性,34,4,12,0.0833333333333333,0,0,13,4256656.371085242,8.479452054794521,6.0
C-001164630,S-0039,-13.466215607578594,0,2,女性,49,7,12,0.5,0,0,16,4591288.568998441,8.193150684931506,5.0
C-000829217,S-0040,-73.15071129335485,1,2,女性,52,9,12,0.0833333333333333,0,0,20,4550116.0180538,8.163013698630138,4.0
C-002157346,S-0005,-31.685140099094482,0,2,男性,40,3,12,0.3333333333333333,19984,2,21,4733942.970761149,4.69041095890411,2.0
C-001389136,S-0020,-100.0,1,2,男性,36,6,12,0.1666666666666666,91695,1,16,4280702.057267675,6.986301369863014,3.5
C-001096791,S-0074,-0.0992524944149999,0,2,女性,33,8,12,0.5,31430,1,14,4614054.39694187,8.308219178082192,6.0
C-002149963,S-0085,-31.844837232433328,0,2,男性,57,3,12,0.8333333333333334,0,0,15,4606655.398026554,4.928767123287671,2.0
C-000349625,S-0017,-69.70003535928967,1,2,女性,80,11,12,0.0,160224,1,20,4640207.03550726,5.608219178082192,2.5
C-001814937,S-0002,-34.49744224942092,0,2,女性,34,4,12,0.0833333333333333,1540,1,15,4455566.655169959,5.663013698630137,2.0
C-001578470,S-0111,-26.685156155794044,0,2,男性,51,5,12,0.4166666666666667,2872,2,19,4489501.980758176,6.397260273972603,4.0
C-001254127,S-0005,-61.993375046006626,1,2,女性,44,7,12,0.5,10116,1,21,4733942.970761149,4.69041095890411,2.0
C-000908451,S-0039,-100.0,1,2,女性,69,8,12,0.3333333333333333,0,0,16,4591288.568998441,8.193150684931506,5.0
C-000599604,S-0012,-100.0,1,2,女性,47,10,12,0.0833333333333333,13051,1,16,4444678.825084195,7.994520547945205,5.0
C-000248084,S-0089,-36.76974900076695,0,2,男性,54,11,12,0.5833333333333334,75381,1,19,4721110.949352573,10.142465753424657,7.0
C-002470782,S-0017,-100.0,1,2,女性,50,2,12,0.5833333333333334,9366,1,20,4640207.03550726,5.608219178082192,2.5
C-000397479,S-0063,-100.0,1,2,男性,39,11,12,0.75,0,0,18,4564012.176421695,5.749315068493151,3.0
C-000742332,S-0050,-10.360067293662924,0,2,女性,60,9,12,0.4166666666666667,0,0,20,4615411.181286601,9.2013698630137,6.0
C-002161936,S-0007,-62.75668301849292,1,2,女性,31,3,12,0.8333333333333334,0,0,21,4487075.727367008,3.7260273972602738,1.0
C-000030569,S-0005,-75.2323729257818,1,2,男性,54,12,12,1.0,0,0,21,4733942.970761149,4.69041095890411,2.0
C-002581871,S-0096,-100.0,1,2,女性,49,1,12,0.1666666666666666,0,0,16,4644856.458098179,8.302739726027397,5.0
C-000191174,S-0041,-100.0,1,2,女性,26,12,12,0.4166666666666667,0,0,17,4828489.286769263,10.389041095890411,7.0
C-002563096,S-0019,-0.7065758152071236,0,2,女性,58,1,12,0.3333333333333333,0,0,19,4327199.920883598,4.090410958904109,1.0
C-001691566,S-0007,-100.0,1,2,女性,39,5,12,0.1666666666666666,8574,1,21,4487075.727367008,3.7260273972602738,1.0
C-001167901,S-0048,-80.69280032778417,1,2,女性,56,7,12,0.1666666666666666,0,0,15,4502249.082895545,3.671232876712329,1.0
C-001433456,S-0111,-100.0,1,2,女性,44,6,12,0.3333333333333333,10055,1,19,4489501.980758176,6.397260273972603,4.0
C-001117165,S-0019,-23.652650746143703,0,2,女性,60,8,12,0.5,0,0,19,4327199.920883598,4.090410958904109,1.0
C-001530613,S-0085,-24.439469044638066,0,2,男性,34,6,12,0.4166666666666667,9420,1,15,4606655.398026554,4.928767123287671,2.0
C-001493381,S-0005,-2.0312920219582034,0,2,男性,44,6,12,0.25,0,0,21,4733942.970761149,4.69041095890411,2.0
C-001518032,S-0019,-1.7379796315448122,0,2,男性,60,6,12,0.5,11311,2,19,4327199.920883598,4.090410958904109,1.0
C-000235820,S-0062,-100.0,1,2,男性,33,11,12,0.5,0,0,15,4713869.782113416,4.575342465753424,1.0
C-000647449,S-0063,-100.0,1,2,女性,66,10,12,0.3333333333333333,0,0,18,4564012.176421695,5.749315068493151,3.0
C-001405552,S-0020,-44.79028564541401,0,2,女性,33,6,12,1.0,2650,1,16,4280702.057267675,6.986301369863014,3.5
C-002092211,S-0111,-70.81427779162011,1,2,男性,31,3,12,0.1666666666666666,13934,2,19,4489501.980758176,6.397260273972603,4.0
C-002191955,S-0041,-99.4454179776176,1,2,女性,40,3,12,0.5,0,0,17,4828489.286769263,10.389041095890411,7.0
C-000317344,S-0039,-100.0,1,2,女性,42,11,12,0.5833333333333334,0,0,16,4591288.568998441,8.193150684931506,5.0
C-002380643,S-0072,-21.786608840355406,0,2,女性,33,2,12,0.0833333333333333,0,0,12,4406797.312641796,9.01917808219178,6.0
C-000643237,S-0002,-100.0,1,2,女性,48,10,12,0.0833333333333333,0,0,15,4455566.655169959,5.663013698630137,2.0
C-001556964,S-0050,-36.734417401538465,0,2,女性,18,6,12,0.0,67046,1,20,4615411.181286601,9.2013698630137,6.0
C-001238814,S-0012,-64.80849397084744,1,2,女性,53,7,12,0.3333333333333333,0,0,16,4444678.825084195,7.994520547945205,5.0
C-000563797,S-0008,-63.16234411349093,1,2,男性,22,10,12,0.25,11903,2,22,4498453.308937302,10.772602739726027,7.0
C-000661437,S-0111,-100.0,1,2,女性,59,10,12,0.0833333333333333,28818,1,19,4489501.980758176,6.397260273972603,4.0
C-001305287,S-0115,-1.1703626350892056,0,2,男性,57,7,12,0.6666666666666666,11814,1,14,4553643.099564746,10.51095890410959,7.0
C-002030163,S-0004,-74.64282277185276,1,2,男性,28,3,12,0.0,0,0,22,4423576.351309,11.806849315068494,9.0
C-000753055,S-0126,-31.616037565468663,0,2,男性,47,9,12,0.4166666666666667,3671,1,17,4493168.352495564,5.53972602739726,3.0
C-001674277,S-0041,-100.0,1,2,女性,53,5,12,0.4166666666666667,0,0,17,4828489.286769263,10.389041095890411,7.0
C-000093039,S-0008,-54.036038552870515,1,2,男性,56,12,12,0.3333333333333333,5150,2,22,4498453.308937302,10.772602739726027,7.0
C-000471659,S-0056,-100.0,1,2,女性,59,10,12,0.0833333333333333,0,0,15,4406070.585753419,7.528767123287671,4.0
C-000440397,S-0075,-93.53467233543469,1,2,男性,55,11,12,0.3333333333333333,5161,2,19,4506647.2743158825,4.526027397260274,1.0
C-000149525,S-0063,-19.463470319634705,0,2,女性,43,12,12,0.3333333333333333,0,0,18,4564012.176421695,5.749315068493151,3.0
C-001608887,S-0005,-33.92570498915401,0,2,女性,64,5,12,0.4166666666666667,0,0,21,4733942.970761149,4.69041095890411,2.0
C-001809314,S-0131,-61.71483980920105,1,2,男性,55,4,12,0.25,0,0,17,4569023.5643747775,5.13972602739726,2.0
C-001540403,S-0041,-22.601999078505674,0,2,男性,53,6,12,0.25,0,0,17,4828489.286769263,10.389041095890411,7.0
C-001979737,S-0019,-8.96597725277474,0,2,女性,56,4,12,0.8333333333333334,70724,1,19,4327199.920883598,4.090410958904109,1.0
C-002691745,S-0020,-96.94105943795076,1,2,男性,44,1,12,0.0833333333333333,0,0,16,4280702.057267675,6.986301369863014,3.5
C-002647397,S-0005,-16.534747643616868,0,2,女性,58,1,12,0.3333333333333333,0,0,21,4733942.970761149,4.69041095890411,2.0
C-000238554,S-0079,-22.133283512086518,0,2,男性,37,11,12,0.0833333333333333,10822,2,13,4256656.371085242,8.479452054794521,6.0
C-000717858,S-0113,-19.936094552575973,0,2,女性,61,9,12,0.0833333333333333,54680,1,16,4336633.961311346,5.77945205479452,2.5
C-000236060,S-0019,-0.18235568694569784,0,2,女性,42,11,12,0.4166666666666667,0,0,19,4327199.920883598,4.090410958904109,1.0
C-000489424,S-0111,-100.0,1,2,女性,39,10,12,0.0833333333333333,0,0,19,4489501.980758176,6.397260273972603,4.0
C-002540904,S-0020,-60.97539854359378,1,2,男性,62,1,12,0.0833333333333333,0,0,16,4280702.057267675,6.986301369863014,3.5
C-002284783,S-0131,-29.30542762428762,0,2,男性,70,2,12,0.4166666666666667,10763,1,17,4569023.5643747775,5.13972602739726,2.0
C-001139043,S-0121,-36.2040610618178,0,2,男性,60,7,12,0.0833333333333333,12985,1,14,4716268.25678644,9.856164383561644,7.0
C-001295062,S-0126,-80.84198216634995,1,2,女性,39,7,12,0.5833333333333334,3245,1,17,4493168.352495564,5.53972602739726,3.0
C-002489033,S-0111,-29.046741560421673,0,2,女性,53,1,12,0.1666666666666666,7157,1,19,4489501.980758176,6.397260273972603,4.0
C-000872066,S-0075,-45.92497433944238,0,2,女性,49,9,12,0.6666666666666666,13981,2,19,4506647.2743158825,4.526027397260274,1.0
C-000899598,S-0018,-16.238392920972572,0,2,女性,36,9,12,0.25,6162,1,16,4493108.581950108,7.550684931506849,5.0
C-002676587,S-0004,-57.117834984149695,1,2,男性,39,1,12,0.25,0,0,22,4423576.351309,11.806849315068494,9.0
C-000857845,S-0005,-16.804298709674867,0,2,男性,38,9,12,0.25,4545,1,21,4733942.970761149,4.69041095890411,2.0
C-001518223,S-0075,-68.45262004747124,1,2,女性,45,6,12,0.4166666666666667,0,0,19,4506647.2743158825,4.526027397260274,1.0
C-000810263,S-0054,-52.63906733696074,1,2,女性,56,9,12,0.5,2757,1,23,4489160.181517739,6.358904109589041,4.0
C-002413932,S-0054,-100.0,1,2,女性,60,2,12,0.5,8528,2,23,4489160.181517739,6.358904109589041,4.0
C-002651227,S-0005,-20.648529118558663,0,2,男性,38,1,12,0.3333333333333333,0,0,21,4733942.970761149,4.69041095890411,2.0
C-000202088,S-0019,-1.3744387708352421,0,2,女性,57,12,12,0.75,0,0,19,4327199.920883598,4.090410958904109,1.0
C-001162045,S-0048,-13.802839731710629,0,2,女性,54,7,12,0.5833333333333334,0,0,15,4502249.082895545,3.671232876712329,1.0
C-000689299,S-0111,-76.66431491732698,1,2,女性,21,9,12,0.4166666666666667,0,0,19,4489501.980758176,6.397260273972603,4.0
C-002160538,S-0007,-51.664196697448986,1,2,女性,47,3,12,0.1666666666666666,5785,1,21,4487075.727367008,3.7260273972602738,1.0
C-002437215,S-0018,-9.167475827179633,0,2,女性,38,2,12,0.1666666666666666,0,0,16,4493108.581950108,7.550684931506849,5.0
C-002296445,S-0007,-62.412605716545876,1,2,女性,57,2,12,0.3333333333333333,0,0,21,4487075.727367008,3.7260273972602738,1.0
C-000852628,S-0019,-22.75843722415023,0,2,女性,47,9,12,0.4166666666666667,0,0,19,4327199.920883598,4.090410958904109,1.0
C-001912336,S-0075,-82.90316192487953,1,2,女性,46,4,12,0.75,0,0,19,4506647.2743158825,4.526027397260274,1.0
C-001752141,S-0030,-96.14276707011015,1,2,男性,45,5,12,0.0833333333333333,0,0,22,4426478.045479023,9.236986301369862,5.5
C-000089754,S-0131,-28.58711257495144,0,2,女性,49,12,12,0.5833333333333334,0,0,17,4569023.5643747775,5.13972602739726,2.0
C-000395176,S-0117,-7.378903241141474,0,2,女性,53,11,12,0.25,5893,1,20,4500859.737076383,9.593150684931507,7.0
C-000443886,S-0085,-25.84088790985343,0,2,女性,44,11,12,0.75,0,0,15,4606655.398026554,4.928767123287671,2.0
C-001542551,S-0005,-14.883434676645086,0,2,女性,55,6,12,0.4166666666666667,17220,1,21,4733942.970761149,4.69041095890411,2.0
C-001096616,S-0007,-47.07167248077197,0,2,女性,52,8,12,0.25,0,0,21,4487075.727367008,3.7260273972602738,1.0
C-000684467,S-0075,-15.029339621032939,0,2,男性,37,9,12,0.25,53124,1,19,4506647.2743158825,4.526027397260274,1.0
C-000431612,S-0075,-85.07684200337697,1,2,男性,28,11,12,0.4166666666666667,0,0,19,4506647.2743158825,4.526027397260274,1.0
C-002432205,S-0115,-100.0,1,2,男性,39,2,12,0.4166666666666667,0,0,14,4553643.099564746,10.51095890410959,7.0
C-000966643,S-0131,-72.26114502404735,1,2,男性,32,8,12,0.5,17246,2,17,4569023.5643747775,5.13972602739726,2.0
C-001299754,S-0002,-72.37623762376238,1,2,男性,55,7,12,0.1666666666666666,0,0,15,4455566.655169959,5.663013698630137,2.0
C-000312975,S-0062,-21.670508915950613,0,2,男性,48,11,12,0.3333333333333333,0,0,15,4713869.782113416,4.575342465753424,1.0
C-000197447,S-0005,-30.739922582737165,0,2,男性,24,12,12,0.25,0,0,21,4733942.970761149,4.69041095890411,2.0
C-000521188,S-0099,-52.25783890896375,1,2,女性,43,10,12,0.25,17783,1,13,4464126.154078853,8.147945205479452,5.0
C-001513496,S-0054,-39.90064282268264,0,2,女性,54,6,12,0.1666666666666666,0,0,23,4489160.181517739,6.358904109589041,4.0
C-002523494,S-0085,-9.402998203088677,0,2,女性,56,1,12,0.25,90444,2,15,4606655.398026554,4.928767123287671,2.0
C-000961595,S-0099,-0.15011772250348132,0,2,女性,41,8,12,0.9166666666666666,22088,2,13,4464126.154078853,8.147945205479452,5.0
C-002621929,S-0085,-100.0,1,2,女性,50,1,12,0.6666666666666666,22565,1,15,4606655.398026554,4.928767123287671,2.0
C-002452390,S-0085,-12.040837970703466,0,2,男性,45,2,12,0.0833333333333333,2634,1,15,4606655.398026554,4.928767123287671,2.0
C-000087117,S-0126,-18.899714516193626,0,2,女性,48,12,12,0.3333333333333333,0,0,17,4493168.352495564,5.53972602739726,3.0
C-001124437,S-0050,-15.573951804806113,0,2,女性,46,8,12,0.5833333333333334,21618,1,20,4615411.181286601,9.2013698630137,6.0
C-001810442,S-0017,-100.0,1,2,女性,39,4,12,0.5,0,0,20,4640207.03550726,5.608219178082192,2.5
C-002453538,S-0102,-28.357370294062555,0,2,女性,43,2,12,0.1666666666666666,34654,2,16,4383474.364435211,10.484931506849314,7.5
C-002215105,S-0121,-83.64661081492764,1,2,女性,38,3,12,0.3333333333333333,0,0,14,4716268.25678644,9.856164383561644,7.0
C-000302295,S-0089,-100.0,1,2,男性,47,11,12,0.0833333333333333,0,0,19,4721110.949352573,10.142465753424657,7.0
C-002129210,S-0059,-37.98141515903795,0,2,女性,29,3,12,0.25,0,0,14,4713188.969095345,6.8123287671232875,3.0
C-000048300,S-0007,-100.0,1,2,女性,53,12,12,0.5,6783,1,21,4487075.727367008,3.7260273972602738,1.0
C-000084184,S-0054,-78.39159515396264,1,2,男性,45,12,12,0.25,12083,2,23,4489160.181517739,6.358904109589041,4.0
C-000537922,S-0017,-24.535665749033,0,2,女性,40,10,12,1.0,8376,1,20,4640207.03550726,5.608219178082192,2.5
C-002237709,S-0111,-31.86979173928603,0,2,女性,50,3,12,0.1666666666666666,40604,1,19,4489501.980758176,6.397260273972603,4.0
C-001931544,S-0007,-5.7077265572175735,0,2,女性,61,4,12,0.3333333333333333,0,0,21,4487075.727367008,3.7260273972602738,1.0
C-002656364,S-0036,-6.157130401651871,0,2,女性,47,1,12,0.6666666666666666,0,0,19,4397834.424680548,11.123287671232877,9.0
C-000887108,S-0017,-69.83135218641377,1,2,女性,61,9,12,0.0,0,0,20,4640207.03550726,5.608219178082192,2.5
C-000989155,S-0106,-83.60131248414628,1,2,女性,64,8,12,0.5833333333333334,0,0,20,4462729.145118021,6.171232876712329,3.5
C-000751287,S-0050,-47.30231102766975,0,2,男性,47,9,12,0.3333333333333333,17346,1,20,4615411.181286601,9.2013698630137,6.0
C-001211390,S-0005,-80.71663761379043,1,2,女性,54,7,12,0.6666666666666666,0,0,21,4733942.970761149,4.69041095890411,2.0
C-000908194,S-0050,-67.32759761747187,1,2,女性,50,8,12,0.8333333333333334,0,0,20,4615411.181286601,9.2013698630137,6.0
C-000059441,S-0126,-63.41159729633582,1,2,女性,54,12,12,0.3333333333333333,0,0,17,4493168.352495564,5.53972602739726,3.0
C-000186257,S-0082,-100.0,1,2,男性,43,12,12,0.6666666666666666,0,0,17,4607261.71451126,4.758904109589041,2.0
C-001076265,S-0012,-56.156403625927084,1,2,女性,41,8,12,0.25,0,0,16,4444678.825084195,7.994520547945205,5.0
C-001696958,S-0063,0.5757582495484314,0,2,男性,35,5,12,0.75,0,0,18,4564012.176421695,5.749315068493151,3.0
C-002592953,S-0005,-24.169241956007998,0,2,女性,51,1,12,0.75,32403,1,21,4733942.970761149,4.69041095890411,2.0
C-001329015,S-0075,-100.0,1,2,女性,56,7,12,0.3333333333333333,9862,1,19,4506647.2743158825,4.526027397260274,1.0
C-000472237,S-0056,-73.56598301582065,1,2,男性,55,10,12,0.25,0,0,15,4406070.585753419,7.528767123287671,4.0
C-000979750,S-0005,-17.470722114733245,0,2,女性,45,8,12,0.5833333333333334,0,0,21,4733942.970761149,4.69041095890411,2.0
C-001213745,S-0074,-100.0,1,2,女性,55,7,12,0.1666666666666666,1719,2,14,4614054.39694187,8.308219178082192,6.0
C-001730949,S-0131,-66.0925708104024,1,2,男性,53,5,12,0.5,0,0,17,4569023.5643747775,5.13972602739726,2.0
C-001759098,S-0019,-22.803325265705567,0,2,女性,47,5,12,0.6666666666666666,12083,1,19,4327199.920883598,4.090410958904109,1.0
C-001172495,S-0085,-20.468267617015105,0,2,女性,32,7,12,0.6666666666666666,0,0,15,4606655.398026554,4.928767123287671,2.0
C-000606703,S-0012,-40.496349217127765,0,2,男性,60,10,12,0.0833333333333333,0,0,16,4444678.825084195,7.994520547945205,5.0
C-000693942,S-0056,-23.61880971482751,0,2,男性,57,9,12,0.1666666666666666,23743,1,15,4406070.585753419,7.528767123287671,4.0
C-001891811,S-0019,-11.724366027012616,0,2,女性,75,4,12,0.1666666666666666,29799,1,19,4327199.920883598,4.090410958904109,1.0
C-001535895,S-0005,-27.282365618808154,0,2,男性,54,6,12,0.75,0,0,21,4733942.970761149,4.69041095890411,2.0
C-002585835,S-0072,-80.49229918769099,1,2,女性,70,1,12,0.5,30737,1,12,4406797.312641796,9.01917808219178,6.0
C-000769612,S-0115,-38.989351772784865,0,2,男性,34,9,12,0.3333333333333333,0,0,14,4553643.099564746,10.51095890410959,7.0
C-000803821,S-0040,-100.0,1,2,女性,55,9,12,0.1666666666666666,0,0,20,4550116.0180538,8.163013698630138,4.0
C-000606990,S-0096,-19.203506120357392,0,2,女性,66,10,12,0.1666666666666666,2800,1,16,4644856.458098179,8.302739726027397,5.0
C-000768242,S-0111,-43.44891989991895,0,2,女性,49,9,12,0.25,0,0,19,4489501.980758176,6.397260273972603,4.0
C-000440336,S-0089,-100.0,1,2,男性,55,11,12,0.75,0,0,19,4721110.949352573,10.142465753424657,7.0
C-000903350,S-0131,-0.45660791056661293,0,2,女性,43,8,12,0.8333333333333334,0,0,17,4569023.5643747775,5.13972602739726,2.0
C-000380143,S-0059,-16.021861566560414,0,2,男性,62,11,12,0.5,0,0,14,4713188.969095345,6.8123287671232875,3.0
C-000489643,S-0131,-74.58789929531555,1,2,女性,57,10,12,0.5,10395,2,17,4569023.5643747775,5.13972602739726,2.0
C-002424493,S-0059,-55.10670158428434,1,2,女性,45,2,12,0.1666666666666666,0,0,14,4713188.969095345,6.8123287671232875,3.0
C-000365996,S-0039,-45.108750786211374,0,2,女性,55,11,12,0.0,0,0,16,4591288.568998441,8.193150684931506,5.0
C-001646845,S-0019,-16.47011515262292,0,2,男性,31,5,12,0.75,0,0,19,4327199.920883598,4.090410958904109,1.0
C-000156519,S-0111,-17.73442351480025,0,2,女性,52,12,12,0.4166666666666667,0,0,19,4489501.980758176,6.397260273972603,4.0
C-002053785,S-0100,-17.90063051945548,0,2,女性,48,3,12,0.75,0,0,17,4535925.154217558,4.720547945205479,2.0
C-002020666,S-0002,-28.7796465111454,0,2,女性,39,4,12,0.6666666666666666,0,0,15,4455566.655169959,5.663013698630137,2.0
C-001912474,S-0059,-44.447229410916925,0,2,男性,32,4,12,0.5,0,0,14,4713188.969095345,6.8123287671232875,3.0
C-000557658,S-0075,-6.930643702231625,0,2,女性,47,10,12,0.75,0,0,19,4506647.2743158825,4.526027397260274,1.0
C-001173418,S-0020,-79.39730733807292,1,2,女性,58,7,12,0.3333333333333333,0,0,16,4280702.057267675,6.986301369863014,3.5
C-000280990,S-0075,-28.801299842653805,0,2,女性,56,11,12,0.1666666666666666,2042,1,19,4506647.2743158825,4.526027397260274,1.0
C-002684281,S-0075,-100.0,1,2,男性,47,1,12,0.3333333333333333,1550,1,19,4506647.2743158825,4.526027397260274,1.0
C-000760659,S-0007,-32.84611101342242,0,2,男性,31,9,12,0.4166666666666667,11914,1,21,4487075.727367008,3.7260273972602738,1.0
C-000817101,S-0115,-84.465940135408,1,2,女性,36,9,12,0.1666666666666666,2344,1,14,4553643.099564746,10.51095890410959,7.0
C-001253180,S-0020,-49.48969404462396,1,2,女性,19,7,12,0.5833333333333334,0,0,16,4280702.057267675,6.986301369863014,3.5
C-002156427,S-0072,-100.0,1,2,男性,56,3,12,0.1666666666666666,5215,2,12,4406797.312641796,9.01917808219178,6.0
C-002455155,S-0005,-42.35542117694124,0,2,女性,36,2,12,0.75,0,0,21,4733942.970761149,4.69041095890411,2.0
C-001883772,S-0126,-33.3115246837206,0,2,男性,62,4,12,0.25,0,0,17,4493168.352495564,5.53972602739726,3.0
C-001327259,S-0097,-100.0,1,2,男性,41,7,12,0.1666666666666666,0,0,21,4592508.716501317,10.09041095890411,7.0
C-001307828,S-0099,-100.0,1,2,女性,41,7,12,0.0833333333333333,24720,2,13,4464126.154078853,8.147945205479452,5.0
C-002048180,S-0056,-16.414417528806506,0,2,男性,49,3,12,0.3333333333333333,7407,1,15,4406070.585753419,7.528767123287671,4.0
C-000500758,S-0004,-100.0,1,2,女性,48,10,12,0.25,0,0,22,4423576.351309,11.806849315068494,9.0
C-001739662,S-0126,-25.219068501010494,0,2,男性,42,5,12,0.4166666666666667,0,0,17,4493168.352495564,5.53972602739726,3.0
C-001369957,S-0085,-86.43919116489349,1,2,女性,35,6,12,0.5,0,0,15,4606655.398026554,4.928767123287671,2.0
C-001082225,S-0039,-79.84256482173383,1,2,男性,48,8,12,0.5833333333333334,0,0,16,4591288.568998441,8.193150684931506,5.0
C-000181218,S-0040,-100.0,1,2,男性,25,12,12,0.8333333333333334,1059,1,20,4550116.0180538,8.163013698630138,4.0
C-001960772,S-0063,-10.037773163255217,0,2,男性,48,4,12,0.5,79963,1,18,4564012.176421695,5.749315068493151,3.0
C-000747020,S-0012,-58.481356161221484,1,2,男性,53,9,12,0.1666666666666666,0,0,16,4444678.825084195,7.994520547945205,5.0
C-002601975,S-0019,-12.224300175141746,0,2,男性,59,1,12,0.3333333333333333,0,0,19,4327199.920883598,4.090410958904109,1.0
C-002309690,S-0002,-71.18163203210447,1,2,女性,48,2,12,0.25,0,0,15,4455566.655169959,5.663013698630137,2.0
C-000905840,S-0002,-72.92978761922004,1,2,女性,58,8,12,0.3333333333333333,0,0,15,4455566.655169959,5.663013698630137,2.0
C-000271455,S-0039,-100.0,1,2,女性,46,11,12,0.1666666666666666,7840,1,16,4591288.568998441,8.193150684931506,5.0
C-000094402,S-0002,-86.12920128752151,1,2,女性,27,12,12,0.5833333333333334,114113,1,15,4455566.655169959,5.663013698630137,2.0
C-000999766,S-0062,-100.0,1,2,男性,44,8,12,0.4166666666666667,0,0,15,4713869.782113416,4.575342465753424,1.0
C-001498068,S-0100,-40.25505816125305,0,2,女性,70,6,12,0.1666666666666666,7409,1,17,4535925.154217558,4.720547945205479,2.0
C-000268865,S-0004,-100.0,1,2,男性,44,11,12,0.25,16193,1,22,4423576.351309,11.806849315068494,9.0
C-002099556,S-0039,-23.738537223369946,0,2,女性,78,3,12,0.6666666666666666,0,0,16,4591288.568998441,8.193150684931506,5.0
C-002618369,S-0063,-69.92527907814188,1,2,女性,18,1,12,0.5,0,0,18,4564012.176421695,5.749315068493151,3.0
C-000882096,S-0005,-21.487805336693057,0,2,女性,40,9,12,0.8333333333333334,10069,1,21,4733942.970761149,4.69041095890411,2.0
C-000801274,S-0040,-94.67244516808735,1,2,女性,45,9,12,0.1666666666666666,16215,1,20,4550116.0180538,8.163013698630138,4.0
C-002518898,S-0017,-22.317080913704096,0,2,男性,65,1,12,0.3333333333333333,19937,1,20,4640207.03550726,5.608219178082192,2.5
C-000701060,S-0017,-100.0,1,2,女性,41,9,12,0.0,23834,1,20,4640207.03550726,5.608219178082192,2.5
C-000054033,S-0089,-97.3899612276849,1,2,男性,34,12,12,0.25,0,0,19,4721110.949352573,10.142465753424657,7.0
C-000340433,S-0017,-77.8786240280138,1,2,女性,92,11,12,0.0833333333333333,0,0,20,4640207.03550726,5.608219178082192,2.5
C-001455457,S-0082,-55.518532868397266,1,2,男性,54,6,12,0.1666666666666666,0,0,17,4607261.71451126,4.758904109589041,2.0
C-000280373,S-0111,-73.0824574025655,1,2,女性,67,11,12,0.6666666666666666,0,0,19,4489501.980758176,6.397260273972603,4.0
C-000262488,S-0117,-95.0008287445441,1,2,女性,48,11,12,0.4166666666666667,61759,1,20,4500859.737076383,9.593150684931507,7.0
C-001193289,S-0089,-51.87867937791055,1,2,女性,68,7,12,0.4166666666666667,2382,1,19,4721110.949352573,10.142465753424657,7.0
C-001927770,S-0008,-100.0,1,2,女性,49,4,12,0.1666666666666666,0,0,22,4498453.308937302,10.772602739726027,7.0
C-001852169,S-0040,-100.0,1,2,女性,51,4,12,0.1666666666666666,0,0,20,4550116.0180538,8.163013698630138,4.0
C-001200296,S-0039,-72.56777936325996,1,2,男性,60,7,12,0.5,4129,1,16,4591288.568998441,8.193150684931506,5.0
C-002002372,S-0085,-44.54199381394242,0,2,男性,59,4,12,0.25,0,0,15,4606655.398026554,4.928767123287671,2.0
C-001268093,S-0036,-46.89349555732031,0,2,男性,40,7,12,0.1666666666666666,1104,1,19,4397834.424680548,11.123287671232877,9.0
C-001833040,S-0019,-6.455750076951432,0,2,男性,45,4,12,0.4166666666666667,31524,1,19,4327199.920883598,4.090410958904109,1.0
C-002336678,S-0089,-37.36476111473905,0,2,女性,49,2,12,0.0,0,0,19,4721110.949352573,10.142465753424657,7.0
C-001741232,S-0131,-46.846255423505,0,2,女性,45,5,12,0.5,0,0,17,4569023.5643747775,5.13972602739726,2.0
C-002494443,S-0063,-78.00924543402176,1,2,男性,74,1,12,0.1666666666666666,0,0,18,4564012.176421695,5.749315068493151,3.0
C-001822225,S-0063,-62.98838483453868,1,2,男性,41,4,12,0.1666666666666666,1980,2,18,4564012.176421695,5.749315068493151,3.0
C-001259157,S-0100,-100.0,1,2,女性,55,7,12,0.0833333333333333,0,0,17,4535925.154217558,4.720547945205479,2.0
C-000702817,S-0117,-1.232347570503445,0,2,男性,34,9,12,0.5833333333333334,0,0,20,4500859.737076383,9.593150684931507,7.0
C-000771238,S-0019,-3.8417990250039313,0,2,女性,58,9,12,0.4166666666666667,0,0,19,4327199.920883598,4.090410958904109,1.0
C-002600520,S-0054,-14.188134687332976,0,2,男性,51,1,12,0.6666666666666666,1087,1,23,4489160.181517739,6.358904109589041,4.0
C-002669122,S-0008,-24.38020727494412,0,2,男性,50,1,12,0.0,24588,2,22,4498453.308937302,10.772602739726027,7.0
C-001780130,S-0106,-58.03223702599459,1,2,男性,46,5,12,0.1666666666666666,40442,1,20,4462729.145118021,6.171232876712329,3.5
C-001860964,S-0100,-100.0,1,2,女性,55,4,12,0.1666666666666666,3186,1,17,4535925.154217558,4.720547945205479,2.0
C-001571702,S-0036,-88.45346133653341,1,2,女性,21,6,12,0.1666666666666666,1551,1,19,4397834.424680548,11.123287671232877,9.0
C-000552116,S-0082,-47.58532325305659,0,2,男性,56,10,12,0.5,10368,2,17,4607261.71451126,4.758904109589041,2.0
C-001065380,S-0017,-67.40700862619408,1,2,女性,45,8,12,0.25,0,0,20,4640207.03550726,5.608219178082192,2.5
C-000370227,S-0079,-100.0,1,2,男性,66,11,12,0.4166666666666667,0,0,13,4256656.371085242,8.479452054794521,6.0
C-000862317,S-0059,-100.0,1,2,男性,51,9,12,0.4166666666666667,0,0,14,4713188.969095345,6.8123287671232875,3.0
C-002163426,S-0002,-76.72195915521598,1,2,男性,85,3,12,0.3333333333333333,22132,2,15,4455566.655169959,5.663013698630137,2.0
C-002248545,S-0062,-33.10827769690277,0,2,女性,66,2,12,0.5,5247,2,15,4713869.782113416,4.575342465753424,1.0
C-001325464,S-0059,-15.180991599517668,0,2,男性,59,7,12,0.1666666666666666,35862,1,14,4713188.969095345,6.8123287671232875,3.0
C-002192490,S-0062,-49.43735185750158,1,2,女性,39,3,12,0.0833333333333333,3124,1,15,4713869.782113416,4.575342465753424,1.0
C-002211730,S-0099,-40.99555458532616,0,2,女性,36,3,12,0.1666666666666666,0,0,13,4464126.154078853,8.147945205479452,5.0
C-002498417,S-0062,-30.92821459433755,0,2,男性,41,1,12,0.6666666666666666,0,0,15,4713869.782113416,4.575342465753424,1.0
C-000927440,S-0100,-22.807526829149044,0,2,女性,39,8,12,0.6666666666666666,18189,1,17,4535925.154217558,4.720547945205479,2.0
C-000181556,S-0050,-100.0,1,2,女性,37,12,12,0.4166666666666667,0,0,20,4615411.181286601,9.2013698630137,6.0
C-000363726,S-0030,-28.681028945752885,0,2,女性,49,11,12,0.5,0,0,22,4426478.045479023,9.236986301369862,5.5
C-000309208,S-0004,-28.1771733892684,0,2,男性,54,11,12,0.5,0,0,22,4423576.351309,11.806849315068494,9.0
C-001798781,S-0131,-62.9522989699902,1,2,女性,38,5,12,0.4166666666666667,33765,1,17,4569023.5643747775,5.13972602739726,2.0
C-002491598,S-0036,-100.0,1,2,女性,38,1,12,0.1666666666666666,4296,1,19,4397834.424680548,11.123287671232877,9.0
C-001988957,S-0056,-10.038523415790198,0,2,女性,35,4,12,0.3333333333333333,0,0,15,4406070.585753419,7.528767123287671,4.0
C-000923011,S-0005,-42.26410305222413,0,2,男性,51,8,12,0.8333333333333334,0,0,21,4733942.970761149,4.69041095890411,2.0
C-001847242,S-0075,-14.678980980850568,0,2,男性,50,4,12,0.5,17228,2,19,4506647.2743158825,4.526027397260274,1.0
C-000033127,S-0063,-33.34565244171975,0,2,女性,34,12,12,0.3333333333333333,0,0,18,4564012.176421695,5.749315068493151,3.0
C-001491717,S-0019,-21.747949020676295,0,2,女性,78,6,12,0.0,0,0,19,4327199.920883598,4.090410958904109,1.0
C-001101603,S-0005,-9.471261240306674,0,2,男性,60,8,12,0.8333333333333334,37208,1,21,4733942.970761149,4.69041095890411,2.0
C-000913734,S-0019,-22.552064968573525,0,2,男性,58,8,12,0.6666666666666666,0,0,19,4327199.920883598,4.090410958904109,1.0
C-001353556,S-0100,-55.66057477678571,1,2,男性,42,6,12,0.1666666666666666,6985,1,17,4535925.154217558,4.720547945205479,2.0
C-002078929,S-0050,-100.0,1,2,女性,66,3,12,0.25,0,0,20,4615411.181286601,9.2013698630137,6.0
C-001698824,S-0040,-22.81419956641724,0,2,男性,34,5,12,0.0833333333333333,0,0,20,4550116.0180538,8.163013698630138,4.0
C-001577590,S-0121,-59.44897219350421,1,2,女性,42,5,12,0.0833333333333333,5096,1,14,4716268.25678644,9.856164383561644,7.0
C-001956472,S-0020,-100.0,1,2,女性,50,4,12,0.25,7103,2,16,4280702.057267675,6.986301369863014,3.5
C-002534923,S-0096,-100.0,1,2,男性,24,1,12,0.0833333333333333,0,0,16,4644856.458098179,8.302739726027397,5.0
C-001291918,S-0036,-100.0,1,2,女性,53,7,12,0.6666666666666666,0,0,19,4397834.424680548,11.123287671232877,9.0
C-002528937,S-0005,-55.391215338079526,1,2,男性,50,1,12,0.75,19864,1,21,4733942.970761149,4.69041095890411,2.0
C-000170552,S-0121,-3.7761434952618176,0,2,女性,49,12,12,0.25,0,0,14,4716268.25678644,9.856164383561644,7.0
C-000096381,S-0030,-48.49530884754555,0,2,女性,55,12,12,0.0833333333333333,1656,2,22,4426478.045479023,9.236986301369862,5.5
C-000300589,S-0131,-25.69517870511148,0,2,女性,62,11,12,0.6666666666666666,0,0,17,4569023.5643747775,5.13972602739726,2.0
C-000777275,S-0041,-100.0,1,2,男性,24,9,12,0.25,4049,2,17,4828489.286769263,10.389041095890411,7.0
C-000794919,S-0005,-10.366886302608744,0,2,女性,55,9,12,0.25,18621,1,21,4733942.970761149,4.69041095890411,2.0
C-002223607,S-0089,-100.0,1,2,男性,24,3,12,0.3333333333333333,26523,1,19,4721110.949352573,10.142465753424657,7.0
C-002501646,S-0062,-37.19107200369468,0,2,女性,55,1,12,0.4166666666666667,3052,1,15,4713869.782113416,4.575342465753424,1.0
C-001635733,S-0085,-4.096799826627176,0,2,女性,36,5,12,0.6666666666666666,0,0,15,4606655.398026554,4.928767123287671,2.0
C-001390979,S-0017,-100.0,1,2,男性,52,6,12,0.0,0,0,20,4640207.03550726,5.608219178082192,2.5
C-001146993,S-0100,-94.87198785734894,1,2,女性,50,7,12,0.1666666666666666,0,0,17,4535925.154217558,4.720547945205479,2.0
C-002586795,S-0100,-34.49722406731859,0,2,男性,57,1,12,0.9166666666666666,2912,2,17,4535925.154217558,4.720547945205479,2.0
C-000970862,S-0075,-100.0,1,2,女性,48,8,12,0.5833333333333334,0,0,19,4506647.2743158825,4.526027397260274,1.0
C-001551345,S-0113,-19.794408173592327,0,2,男性,66,6,12,0.1666666666666666,0,0,16,4336633.961311346,5.77945205479452,2.5
C-001988348,S-0019,-9.598701562182999,0,2,男性,44,4,12,0.4166666666666667,2470,1,19,4327199.920883598,4.090410958904109,1.0
C-000734445,S-0056,-20.90186303446214,0,2,女性,44,9,12,1.0,0,0,15,4406070.585753419,7.528767123287671,4.0
C-000160465,S-0012,-21.687937404019266,0,2,女性,42,12,12,0.1666666666666666,96283,1,16,4444678.825084195,7.994520547945205,5.0
C-001474776,S-0111,-98.9079513464705,1,2,女性,39,6,12,0.4166666666666667,0,0,19,4489501.980758176,6.397260273972603,4.0
C-001206154,S-0082,-14.128172278669018,0,2,女性,20,7,12,0.5833333333333334,24420,1,17,4607261.71451126,4.758904109589041,2.0
C-001538275,S-0089,-23.100237690046555,0,2,女性,51,6,12,0.6666666666666666,0,0,19,4721110.949352573,10.142465753424657,7.0
C-000560544,S-0059,-28.644015493317443,0,2,男性,52,10,12,0.0833333333333333,0,0,14,4713188.969095345,6.8123287671232875,3.0
C-002332608,S-0131,-6.892199501500585,0,2,男性,17,2,12,0.5,8350,2,17,4569023.5643747775,5.13972602739726,2.0
C-000156855,S-0040,-54.50730435222928,1,2,男性,33,12,12,0.25,12594,2,20,4550116.0180538,8.163013698630138,4.0
C-000252160,S-0131,-41.341670274451914,0,2,女性,78,11,12,0.5833333333333334,0,0,17,4569023.5643747775,5.13972602739726,2.0
C-000810437,S-0005,-41.00356494249008,0,2,男性,63,9,12,0.5833333333333334,0,0,21,4733942.970761149,4.69041095890411,2.0
C-000378856,S-0041,-21.86165303801,0,2,女性,55,11,12,0.6666666666666666,5711,2,17,4828489.286769263,10.389041095890411,7.0
C-002587285,S-0007,-41.56241127200454,0,2,女性,35,1,12,0.0833333333333333,11572,1,21,4487075.727367008,3.7260273972602738,1.0
C-001042807,S-0018,-100.0,1,2,女性,25,8,12,0.1666666666666666,0,0,16,4493108.581950108,7.550684931506849,5.0
C-000965745,S-0121,-59.57359980588093,1,2,女性,41,8,12,0.1666666666666666,2898,2,14,4716268.25678644,9.856164383561644,7.0
C-002254640,S-0039,-100.0,1,2,女性,42,2,12,0.9166666666666666,0,0,16,4591288.568998441,8.193150684931506,5.0
C-001579972,S-0002,-56.21186191636848,1,2,女性,72,5,12,0.5833333333333334,0,0,15,4455566.655169959,5.663013698630137,2.0
C-001933162,S-0131,-32.06634623637456,0,2,男性,74,4,12,0.4166666666666667,0,0,17,4569023.5643747775,5.13972602739726,2.0
C-000945850,S-0054,-30.760475269891607,0,2,女性,19,8,12,0.4166666666666667,21535,1,23,4489160.181517739,6.358904109589041,4.0
C-001271719,S-0054,-52.219393998727305,1,2,男性,50,7,12,0.25,10204,1,23,4489160.181517739,6.358904109589041,4.0
C-002119945,S-0039,-100.0,1,2,女性,46,3,12,0.5,1847,1,16,4591288.568998441,8.193150684931506,5.0
C-000520339,S-0050,-100.0,1,2,女性,37,10,12,0.25,0,0,20,4615411.181286601,9.2013698630137,6.0
C-001464389,S-0019,-6.945101021519743,0,2,男性,63,6,12,0.5833333333333334,0,0,19,4327199.920883598,4.090410958904109,1.0
C-001445912,S-0002,-62.76400638939833,1,2,男性,50,6,12,0.5833333333333334,0,0,15,4455566.655169959,5.663013698630137,2.0
C-002573637,S-0040,-61.63283763547675,1,2,男性,35,1,12,0.3333333333333333,0,0,20,4550116.0180538,8.163013698630138,4.0
C-001339347,S-0082,-2.407302964208887,0,2,男性,41,7,12,0.25,0,0,17,4607261.71451126,4.758904109589041,2.0
C-000623884,S-0005,-15.409509256331894,0,2,男性,45,10,12,0.4166666666666667,42549,1,21,4733942.970761149,4.69041095890411,2.0
C-001605780,S-0019,-15.815035662975346,0,2,女性,60,5,12,0.6666666666666666,0,0,19,4327199.920883598,4.090410958904109,1.0
C-000478671,S-0121,-100.0,1,2,男性,45,10,12,0.25,0,0,14,4716268.25678644,9.856164383561644,7.0
C-002279234,S-0117,-10.350704313390963,0,2,女性,48,2,12,0.6666666666666666,0,0,20,4500859.737076383,9.593150684931507,7.0
C-001332810,S-0085,-22.99070711717171,0,2,男性,37,7,12,0.5833333333333334,0,0,15,4606655.398026554,4.928767123287671,2.0
C-000878759,S-0036,-86.07469110645023,1,2,女性,42,9,12,0.5,3900,1,19,4397834.424680548,11.123287671232877,9.0
C-002363783,S-0017,-11.351510344212375,0,2,女性,44,2,12,0.8333333333333334,0,0,20,4640207.03550726,5.608219178082192,2.5
C-001142873,S-0039,-43.58145839498277,0,2,女性,40,7,12,0.5,0,0,16,4591288.568998441,8.193150684931506,5.0
C-002539260,S-0019,-38.414276956610586,0,2,男性,51,1,12,0.5833333333333334,0,0,19,4327199.920883598,4.090410958904109,1.0
C-001602511,S-0005,-8.81294275027314,0,2,男性,39,5,12,0.5,0,0,21,4733942.970761149,4.69041095890411,2.0
C-001114633,S-0117,-24.19009355449693,0,2,女性,41,8,12,0.3333333333333333,6177,1,20,4500859.737076383,9.593150684931507,7.0
C-002110456,S-0039,-47.99764771642173,0,2,女性,42,3,12,0.4166666666666667,19643,1,16,4591288.568998441,8.193150684931506,5.0
C-000360924,S-0075,-78.56517722565275,1,2,男性,46,11,12,0.5,32899,2,19,4506647.2743158825,4.526027397260274,1.0
C-002016818,S-0002,-16.503857052896727,0,2,女性,65,4,12,0.5833333333333334,24481,1,15,4455566.655169959,5.663013698630137,2.0
C-001705168,S-0005,-42.25738817891374,0,2,女性,54,5,12,0.4166666666666667,6813,1,21,4733942.970761149,4.69041095890411,2.0
C-001114634,S-0100,-2.299402281463453,0,2,女性,33,8,12,0.25,18001,1,17,4535925.154217558,4.720547945205479,2.0
C-001338363,S-0005,-37.27184627163746,0,2,男性,46,7,12,0.4166666666666667,0,0,21,4733942.970761149,4.69041095890411,2.0
C-002128652,S-0019,-27.828895849647612,0,2,男性,40,3,12,0.25,0,0,19,4327199.920883598,4.090410958904109,1.0
C-001724535,S-0019,-9.485676954447369,0,2,女性,80,5,12,0.1666666666666666,3204,1,19,4327199.920883598,4.090410958904109,1.0
C-001396883,S-0020,-100.0,1,2,男性,63,6,12,0.0833333333333333,61190,1,16,4280702.057267675,6.986301369863014,3.5
C-001289285,S-0039,-90.43248373101952,1,2,男性,47,7,12,0.6666666666666666,783,1,16,4591288.568998441,8.193150684931506,5.0
C-001290101,S-0059,-5.053056090149695,0,2,女性,48,7,12,0.4166666666666667,0,0,14,4713188.969095345,6.8123287671232875,3.0
C-001595239,S-0121,-100.0,1,2,女性,15,5,12,0.4166666666666667,0,0,14,4716268.25678644,9.856164383561644,7.0
C-002493221,S-0054,-17.191862229063386,0,2,女性,45,1,12,0.5,0,0,23,4489160.181517739,6.358904109589041,4.0
C-002558838,S-0097,-11.256791798487258,0,2,男性,43,1,12,0.4166666666666667,0,0,21,4592508.716501317,10.09041095890411,7.0
C-001411115,S-0017,-64.68130530143189,1,2,男性,40,6,12,0.3333333333333333,11154,1,20,4640207.03550726,5.608219178082192,2.5
C-002677946,S-0018,-56.12045007525144,1,2,女性,51,1,12,0.1666666666666666,2300,2,16,4493108.581950108,7.550684931506849,5.0
C-000480739,S-0075,-62.77199060342168,1,2,女性,43,10,12,0.5833333333333334,7481,1,19,4506647.2743158825,4.526027397260274,1.0
C-000884664,S-0019,-23.658705434406368,0,2,女性,53,9,12,0.8333333333333334,0,0,19,4327199.920883598,4.090410958904109,1.0
C-002064216,S-0099,-40.69433433295417,0,2,男性,32,3,12,0.1666666666666666,0,0,13,4464126.154078853,8.147945205479452,5.0
C-002623481,S-0050,-100.0,1,2,女性,50,1,12,0.5833333333333334,20430,1,20,4615411.181286601,9.2013698630137,6.0
C-000888648,S-0019,-11.787081534576851,0,2,女性,53,9,12,0.5833333333333334,0,0,19,4327199.920883598,4.090410958904109,1.0
C-000718519,S-0089,-100.0,1,2,女性,19,9,12,0.1666666666666666,0,0,19,4721110.949352573,10.142465753424657,7.0
C-001553055,S-0050,-52.25739101956155,1,2,女性,44,6,12,0.5,0,0,20,4615411.181286601,9.2013698630137,6.0
C-001104540,S-0002,-100.0,1,2,女性,40,8,12,0.1666666666666666,27132,1,15,4455566.655169959,5.663013698630137,2.0
C-001753273,S-0019,-12.847564806327693,0,2,男性,40,5,12,0.5833333333333334,1561,1,19,4327199.920883598,4.090410958904109,1.0
C-000756672,S-0089,-57.116109076474864,1,2,女性,19,9,12,0.1666666666666666,0,0,19,4721110.949352573,10.142465753424657,7.0
C-000142557,S-0100,-100.0,1,2,女性,48,12,12,0.6666666666666666,49577,2,17,4535925.154217558,4.720547945205479,2.0
C-002574276,S-0117,-57.20789163376531,1,2,女性,54,1,12,0.1666666666666666,7220,2,20,4500859.737076383,9.593150684931507,7.0
C-001343781,S-0126,1.8664628701472408,0,2,男性,24,7,12,0.75,0,0,17,4493168.352495564,5.53972602739726,3.0
C-001022996,S-0096,-2.0521671864746587,0,2,女性,59,8,12,1.0,0,0,16,4644856.458098179,8.302739726027397,5.0
C-000616027,S-0019,-1.3114223601453725,0,2,男性,58,10,12,0.5,0,0,19,4327199.920883598,4.090410958904109,1.0
C-000884107,S-0097,-23.19808003271693,0,2,女性,38,9,12,0.5833333333333334,4707,1,21,4592508.716501317,10.09041095890411,7.0
C-001581671,S-0062,-9.322538433107912,0,2,女性,56,5,12,0.75,42299,1,15,4713869.782113416,4.575342465753424,1.0
C-001753445,S-0080,-8.936359236166497,0,2,男性,45,5,12,0.0,15522,2,17,4457429.264950683,11.673972602739726,9.0
C-000761814,S-0063,-100.0,1,2,男性,61,9,12,0.8333333333333334,0,0,18,4564012.176421695,5.749315068493151,3.0
C-001277130,S-0039,-19.41109289843838,0,2,女性,51,7,12,0.25,0,0,16,4591288.568998441,8.193150684931506,5.0
C-000683250,S-0019,-5.357015184763539,0,2,男性,54,9,12,0.5833333333333334,52175,1,19,4327199.920883598,4.090410958904109,1.0
C-002260025,S-0005,-4.817460306169917,0,2,男性,46,2,12,0.4166666666666667,14758,2,21,4733942.970761149,4.69041095890411,2.0
C-001299917,S-0007,-15.218679280101789,0,2,男性,42,7,12,0.5833333333333334,0,0,21,4487075.727367008,3.7260273972602738,1.0
C-000202011,S-0002,-100.0,1,2,男性,23,12,12,0.1666666666666666,0,0,15,4455566.655169959,5.663013698630137,2.0
C-001287053,S-0126,-25.226704054471437,0,2,男性,48,7,12,0.25,0,0,17,4493168.352495564,5.53972602739726,3.0
C-000929415,S-0089,-57.56999881225503,1,2,女性,73,8,12,0.25,7246,1,19,4721110.949352573,10.142465753424657,7.0
C-000048349,S-0054,-81.09308308063751,1,2,女性,51,12,12,0.75,0,0,23,4489160.181517739,6.358904109589041,4.0
C-000664112,S-0074,-3.6362912020875555,0,2,男性,30,10,12,0.8333333333333334,0,0,14,4614054.39694187,8.308219178082192,6.0
C-000535538,S-0017,-6.88619306774544,0,2,女性,38,10,12,0.6666666666666666,0,0,20,4640207.03550726,5.608219178082192,2.5
C-001554695,S-0075,-66.9226488592098,1,2,男性,43,6,12,0.3333333333333333,0,0,19,4506647.2743158825,4.526027397260274,1.0
C-000410328,S-0059,-100.0,1,2,女性,56,11,12,0.5,0,0,14,4713188.969095345,6.8123287671232875,3.0
C-000486680,S-0036,-8.260456832749481,0,2,女性,55,10,12,0.3333333333333333,23406,1,19,4397834.424680548,11.123287671232877,9.0
C-001852762,S-0097,-3.147170987935625,0,2,女性,44,4,12,0.5833333333333334,0,0,21,4592508.716501317,10.09041095890411,7.0
C-001675431,S-0018,-32.981842341051916,0,2,女性,65,5,12,0.25,0,0,16,4493108.581950108,7.550684931506849,5.0
C-001847983,S-0056,-44.63556988639527,0,2,女性,53,4,12,0.0,2776,2,15,4406070.585753419,7.528767123287671,4.0
C-001670086,S-0018,-6.243394364652999,0,2,女性,53,5,12,0.5,0,0,16,4493108.581950108,7.550684931506849,5.0
C-000564749,S-0085,-22.369194815906642,0,2,女性,51,10,12,0.8333333333333334,6902,1,15,4606655.398026554,4.928767123287671,2.0
C-001220155,S-0017,-5.382330295368788,0,2,女性,45,7,12,0.8333333333333334,35753,1,20,4640207.03550726,5.608219178082192,2.5
C-000003526,S-0005,-19.261862516331107,0,2,男性,27,12,12,0.4166666666666667,0,0,21,4733942.970761149,4.69041095890411,2.0
C-000577352,S-0007,-100.0,1,2,男性,46,10,12,0.25,0,0,21,4487075.727367008,3.7260273972602738,1.0
C-002337851,S-0082,-20.265228493983166,0,2,女性,51,2,12,0.6666666666666666,6656,1,17,4607261.71451126,4.758904109589041,2.0
C-000958008,S-0075,-69.85246743926209,1,2,女性,79,8,12,0.5,0,0,19,4506647.2743158825,4.526027397260274,1.0
C-000471946,S-0050,-100.0,1,2,女性,41,10,12,0.5833333333333334,0,0,20,4615411.181286601,9.2013698630137,6.0
C-000890123,S-0080,-14.535462994386684,0,2,男性,43,9,12,0.1666666666666666,0,0,17,4457429.264950683,11.673972602739726,9.0
C-001342836,S-0121,-53.39725327433031,1,2,男性,52,7,12,0.25,46740,2,14,4716268.25678644,9.856164383561644,7.0
C-001054968,S-0131,-4.509335465512481,0,2,女性,59,8,12,0.5,5474,1,17,4569023.5643747775,5.13972602739726,2.0
C-000070072,S-0100,-97.62880599909496,1,2,女性,42,12,12,0.5,0,0,17,4535925.154217558,4.720547945205479,2.0
C-002586454,S-0005,-89.28848440974197,1,2,男性,57,1,12,0.6666666666666666,0,0,21,4733942.970761149,4.69041095890411,2.0
C-001928409,S-0050,-38.15418423516804,0,2,女性,49,4,12,0.1666666666666666,0,0,20,4615411.181286601,9.2013698630137,6.0
C-002357206,S-0063,-31.00722297198255,0,2,男性,28,2,12,0.4166666666666667,0,0,18,4564012.176421695,5.749315068493151,3.0
C-001531767,S-0007,-100.0,1,2,女性,32,6,12,0.25,4382,1,21,4487075.727367008,3.7260273972602738,1.0
C-000860277,S-0020,-100.0,1,2,女性,36,9,12,0.0833333333333333,76313,1,16,4280702.057267675,6.986301369863014,3.5
C-001958450,S-0007,-24.5976384949735,0,2,女性,72,4,12,0.4166666666666667,0,0,21,4487075.727367008,3.7260273972602738,1.0
C-000227141,S-0041,-45.00327301743538,0,2,女性,71,11,12,0.0,67962,1,17,4828489.286769263,10.389041095890411,7.0
C-001716675,S-0131,-41.84114794958359,0,2,男性,28,5,12,0.5,8647,1,17,4569023.5643747775,5.13972602739726,2.0
C-000692079,S-0062,-8.730763521203425,0,2,男性,66,9,12,0.6666666666666666,22767,2,15,4713869.782113416,4.575342465753424,1.0
C-001879520,S-0082,-13.303862168468623,0,2,男性,60,4,12,0.3333333333333333,13962,1,17,4607261.71451126,4.758904109589041,2.0
C-001260637,S-0017,-26.318579781271772,0,2,女性,33,7,12,0.5,70272,1,20,4640207.03550726,5.608219178082192,2.5
C-001835245,S-0048,-100.0,1,2,女性,38,4,12,0.25,3721,1,15,4502249.082895545,3.671232876712329,1.0
C-001177368,S-0113,-83.20392281146559,1,2,男性,68,7,12,0.25,20299,1,16,4336633.961311346,5.77945205479452,2.5
C-000202513,S-0085,4.983937111437864,0,2,女性,44,12,12,1.0,0,0,15,4606655.398026554,4.928767123287671,2.0
C-000149719,S-0082,-8.74977603775527,0,2,男性,45,12,12,0.1666666666666666,0,0,17,4607261.71451126,4.758904109589041,2.0
C-000585253,S-0039,-23.475767340071044,0,2,男性,37,10,12,0.3333333333333333,25692,1,16,4591288.568998441,8.193150684931506,5.0
C-001335919,S-0085,-71.24463519313305,1,2,女性,39,7,12,0.5833333333333334,45647,1,15,4606655.398026554,4.928767123287671,2.0
C-001477475,S-0019,-14.068025382787832,0,2,男性,54,6,12,0.3333333333333333,0,0,19,4327199.920883598,4.090410958904109,1.0
C-000343093,S-0113,-26.715543421577348,0,2,男性,21,11,12,0.3333333333333333,11509,1,16,4336633.961311346,5.77945205479452,2.5
C-001276642,S-0020,-24.277530597449857,0,2,女性,33,7,12,0.5,16429,1,16,4280702.057267675,6.986301369863014,3.5
C-000375858,S-0036,-31.179501529376573,0,2,女性,52,11,12,1.0,0,0,19,4397834.424680548,11.123287671232877,9.0
C-001512247,S-0117,-100.0,1,2,女性,52,6,12,0.4166666666666667,0,0,20,4500859.737076383,9.593150684931507,7.0
C-002208803,S-0075,-44.86719356120576,0,2,男性,42,3,12,0.3333333333333333,0,0,19,4506647.2743158825,4.526027397260274,1.0
C-001144551,S-0062,-22.960447829677893,0,2,女性,37,7,12,0.6666666666666666,0,0,15,4713869.782113416,4.575342465753424,1.0
C-002197286,S-0018,-79.0399659585611,1,2,男性,20,3,12,0.1666666666666666,7448,1,16,4493108.581950108,7.550684931506849,5.0
C-002636290,S-0039,-49.9308580515799,1,2,男性,41,1,12,0.5833333333333334,0,0,16,4591288.568998441,8.193150684931506,5.0
C-000743308,S-0039,-32.98025661580785,0,2,男性,59,9,12,1.0,19599,1,16,4591288.568998441,8.193150684931506,5.0
C-000937234,S-0075,-58.60832272080305,1,2,男性,20,8,12,0.1666666666666666,0,0,19,4506647.2743158825,4.526027397260274,1.0
C-000777045,S-0100,-29.130900560053156,0,2,男性,20,9,12,0.5833333333333334,0,0,17,4535925.154217558,4.720547945205479,2.0
C-001663861,S-0050,-48.092549557839575,0,2,女性,25,5,12,0.6666666666666666,91340,2,20,4615411.181286601,9.2013698630137,6.0
C-002160182,S-0059,-100.0,1,2,男性,20,3,12,0.3333333333333333,0,0,14,4713188.969095345,6.8123287671232875,3.0
C-001088881,S-0075,-59.57736877982277,1,2,男性,41,8,12,0.75,0,0,19,4506647.2743158825,4.526027397260274,1.0
C-000070348,S-0017,-100.0,1,2,女性,74,12,12,0.6666666666666666,0,0,20,4640207.03550726,5.608219178082192,2.5
C-000914010,S-0102,-21.08263744196348,0,2,男性,66,8,12,0.1666666666666666,8076,2,16,4383474.364435211,10.484931506849314,7.5
C-000223748,S-0041,-100.0,1,2,男性,67,12,12,0.1666666666666666,9449,1,17,4828489.286769263,10.389041095890411,7.0
C-001757863,S-0121,-36.908010083929,0,2,男性,65,5,12,0.0833333333333333,0,0,14,4716268.25678644,9.856164383561644,7.0
C-000133835,S-0089,-9.648625189869493,0,2,女性,60,12,12,0.75,0,0,19,4721110.949352573,10.142465753424657,7.0
C-000281145,S-0041,-100.0,1,2,女性,33,11,12,0.1666666666666666,98945,1,17,4828489.286769263,10.389041095890411,7.0
C-002082081,S-0082,-43.496272760601244,0,2,男性,28,3,12,0.3333333333333333,0,0,17,4607261.71451126,4.758904109589041,2.0
C-001045562,S-0075,-47.38686233893902,0,2,男性,58,8,12,0.3333333333333333,0,0,19,4506647.2743158825,4.526027397260274,1.0
C-000859552,S-0005,-18.273978969383606,0,2,女性,35,9,12,0.5833333333333334,4447,1,21,4733942.970761149,4.69041095890411,2.0
C-000569769,S-0019,-10.8433944933341,0,2,女性,39,10,12,0.25,3531,2,19,4327199.920883598,4.090410958904109,1.0
C-000362155,S-0059,-33.633016302580046,0,2,男性,46,11,12,0.25,0,0,14,4713188.969095345,6.8123287671232875,3.0
C-001959530,S-0062,-40.36377036300556,0,2,女性,30,4,12,0.5,0,0,15,4713869.782113416,4.575342465753424,1.0
C-001013394,S-0004,-16.597002261080014,0,2,男性,60,8,12,0.25,2018,2,22,4423576.351309,11.806849315068494,9.0
C-000230817,S-0014,-100.0,1,2,男性,60,11,12,0.5,32862,1,21,4730192.353344672,7.336986301369863,4.0
C-002667156,S-0048,-75.99282177395234,1,2,男性,29,1,12,0.5,0,0,15,4502249.082895545,3.671232876712329,1.0
C-000092013,S-0005,-63.144533915654435,1,2,男性,42,12,12,0.3333333333333333,0,0,21,4733942.970761149,4.69041095890411,2.0
C-002053194,S-0050,-12.368903911154032,0,2,男性,71,3,12,0.5,0,0,20,4615411.181286601,9.2013698630137,6.0
C-002431966,S-0075,-36.76537138308371,0,2,女性,53,2,12,0.9166666666666666,9126,2,19,4506647.2743158825,4.526027397260274,1.0
C-000079784,S-0072,-100.0,1,2,男性,44,12,12,0.5833333333333334,183040,1,12,4406797.312641796,9.01917808219178,6.0
C-001155929,S-0020,-64.12577223927003,1,2,女性,59,7,12,0.0833333333333333,38194,1,16,4280702.057267675,6.986301369863014,3.5
C-000557403,S-0005,-51.18294596449936,1,2,女性,40,10,12,0.75,0,0,21,4733942.970761149,4.69041095890411,2.0
C-000847244,S-0005,-30.97086648106219,0,2,女性,51,9,12,0.5833333333333334,0,0,21,4733942.970761149,4.69041095890411,2.0
C-001530189,S-0007,-95.47560396845127,1,2,男性,51,6,12,0.0833333333333333,3178,2,21,4487075.727367008,3.7260273972602738,1.0
C-000126872,S-0099,-16.50644213131782,0,2,男性,23,12,12,0.3333333333333333,0,0,13,4464126.154078853,8.147945205479452,5.0
C-000902252,S-0074,-12.305729255685938,0,2,女性,44,8,12,0.8333333333333334,28956,1,14,4614054.39694187,8.308219178082192,6.0
C-001531127,S-0017,-100.0,1,2,女性,75,6,12,0.5,0,0,20,4640207.03550726,5.608219178082192,2.5
C-000478582,S-0005,-100.0,1,2,女性,33,10,12,0.5,47175,1,21,4733942.970761149,4.69041095890411,2.0
C-002575757,S-0059,-32.82183853524334,0,2,男性,42,1,12,0.9166666666666666,0,0,14,4713188.969095345,6.8123287671232875,3.0
C-001784667,S-0075,-23.911719890084758,0,2,男性,33,5,12,0.25,0,0,19,4506647.2743158825,4.526027397260274,1.0
C-001069916,S-0126,-47.68148796949869,0,2,女性,30,8,12,0.5,13572,1,17,4493168.352495564,5.53972602739726,3.0
C-001081001,S-0131,-100.0,1,2,女性,53,8,12,0.4166666666666667,0,0,17,4569023.5643747775,5.13972602739726,2.0
C-000712037,S-0111,-84.4274724666556,1,2,女性,52,9,12,0.5,0,0,19,4489501.980758176,6.397260273972603,4.0
C-001438345,S-0085,-17.94684450800856,0,2,女性,36,6,12,0.6666666666666666,0,0,15,4606655.398026554,4.928767123287671,2.0
C-002053116,S-0050,-88.53920366179018,1,2,女性,30,3,12,0.75,16761,2,20,4615411.181286601,9.2013698630137,6.0
C-001826039,S-0030,-37.72605730740629,0,2,男性,45,4,12,0.5,0,0,22,4426478.045479023,9.236986301369862,5.5
C-000716299,S-0111,-61.67936392289782,1,2,男性,42,9,12,0.5,26784,2,19,4489501.980758176,6.397260273972603,4.0
C-000378024,S-0002,-29.600181508186218,0,2,女性,39,11,12,0.25,0,0,15,4455566.655169959,5.663013698630137,2.0
C-001856768,S-0020,-100.0,1,2,男性,36,4,12,0.25,5177,1,16,4280702.057267675,6.986301369863014,3.5
C-001019060,S-0017,-60.44822772777487,1,2,女性,32,8,12,0.4166666666666667,0,0,20,4640207.03550726,5.608219178082192,2.5
C-001135816,S-0017,-49.43357297140462,1,2,男性,58,7,12,0.3333333333333333,0,0,20,4640207.03550726,5.608219178082192,2.5
C-000142658,S-0039,-89.58453548759377,1,2,男性,34,12,12,0.1666666666666666,105893,1,16,4591288.568998441,8.193150684931506,5.0
C-000757842,S-0018,-69.1096490959146,1,2,男性,34,9,12,0.0833333333333333,13058,2,16,4493108.581950108,7.550684931506849,5.0
C-002471290,S-0100,-100.0,1,2,女性,59,1,12,0.5,0,0,17,4535925.154217558,4.720547945205479,2.0
C-002446159,S-0019,-28.402420850947358,0,2,男性,39,2,12,1.0,64852,2,19,4327199.920883598,4.090410958904109,1.0
C-001565256,S-0131,-77.53682027707337,1,2,男性,76,6,12,0.75,0,0,17,4569023.5643747775,5.13972602739726,2.0
C-001784941,S-0080,-26.607390324115247,0,2,男性,65,5,12,0.3333333333333333,0,0,17,4457429.264950683,11.673972602739726,9.0
C-002153450,S-0113,-20.34161850380477,0,2,男性,46,3,12,0.6666666666666666,96169,1,16,4336633.961311346,5.77945205479452,2.5
C-000708311,S-0131,-26.789324286901135,0,2,女性,26,9,12,0.5,122573,1,17,4569023.5643747775,5.13972602739726,2.0
C-002474789,S-0004,-100.0,1,2,女性,61,1,12,0.0833333333333333,0,0,22,4423576.351309,11.806849315068494,9.0
C-001580814,S-0121,-11.421608505222526,0,2,女性,48,5,12,0.0833333333333333,0,0,14,4716268.25678644,9.856164383561644,7.0
C-001464358,S-0017,-1.4590674198415123,0,2,女性,35,6,12,0.9166666666666666,0,0,20,4640207.03550726,5.608219178082192,2.5
C-001125971,S-0007,-1.4318987225257567,0,2,女性,46,7,12,0.5,0,0,21,4487075.727367008,3.7260273972602738,1.0
C-001996723,S-0074,-75.51287647315583,1,2,男性,56,4,12,0.4166666666666667,0,0,14,4614054.39694187,8.308219178082192,6.0
C-000820822,S-0126,-5.845277679573416,0,2,女性,48,9,12,0.3333333333333333,0,0,17,4493168.352495564,5.53972602739726,3.0
C-000050024,S-0054,-28.225616803678555,0,2,女性,46,12,12,0.4166666666666667,9502,2,23,4489160.181517739,6.358904109589041,4.0
C-000068547,S-0100,-35.486610293150264,0,2,男性,24,12,12,0.25,0,0,17,4535925.154217558,4.720547945205479,2.0
C-002048262,S-0080,-100.0,1,2,女性,49,3,12,0.0833333333333333,77907,2,17,4457429.264950683,11.673972602739726,9.0
C-001763468,S-0080,-34.52828469231996,0,2,男性,36,5,12,0.3333333333333333,27269,2,17,4457429.264950683,11.673972602739726,9.0
C-001243946,S-0059,-100.0,1,2,女性,54,7,12,0.1666666666666666,0,0,14,4713188.969095345,6.8123287671232875,3.0
C-000745871,S-0074,-100.0,1,2,女性,87,9,12,0.0,2903,1,14,4614054.39694187,8.308219178082192,6.0
C-000147550,S-0054,-7.893786400901151,0,2,女性,56,12,12,0.25,17101,1,23,4489160.181517739,6.358904109589041,4.0
C-001654445,S-0039,-51.16316370262016,1,2,女性,33,5,12,0.1666666666666666,0,0,16,4591288.568998441,8.193150684931506,5.0
C-001949337,S-0019,-3.941015106190186,0,2,男性,56,4,12,0.4166666666666667,17874,1,19,4327199.920883598,4.090410958904109,1.0
C-002500722,S-0007,-25.934324296907167,0,2,女性,57,1,12,0.25,7000,1,21,4487075.727367008,3.7260273972602738,1.0
C-000495689,S-0085,-37.63378398809571,0,2,女性,68,10,12,0.5,0,0,15,4606655.398026554,4.928767123287671,2.0
C-002676360,S-0019,-23.485165064772254,0,2,男性,45,1,12,0.0,0,0,19,4327199.920883598,4.090410958904109,1.0
C-002662021,S-0039,-100.0,1,2,女性,54,1,12,0.25,0,0,16,4591288.568998441,8.193150684931506,5.0
C-001293661,S-0008,-50.836041604590086,1,2,男性,45,7,12,0.5833333333333334,45001,1,22,4498453.308937302,10.772602739726027,7.0
C-000324187,S-0082,-14.09697724285813,0,2,女性,54,11,12,0.6666666666666666,37383,1,17,4607261.71451126,4.758904109589041,2.0
C-000514029,S-0096,-100.0,1,2,女性,45,10,12,0.5,0,0,16,4644856.458098179,8.302739726027397,5.0
C-001831783,S-0113,-63.3358199914561,1,2,女性,61,4,12,0.5,42373,1,16,4336633.961311346,5.77945205479452,2.5
C-001083398,S-0131,-33.02048650554272,0,2,女性,40,8,12,0.25,31473,1,17,4569023.5643747775,5.13972602739726,2.0
C-000174358,S-0056,-100.0,1,2,女性,73,12,12,0.4166666666666667,0,0,15,4406070.585753419,7.528767123287671,4.0
C-001887810,S-0039,-28.368175928844064,0,2,女性,48,4,12,0.4166666666666667,11797,1,16,4591288.568998441,8.193150684931506,5.0
C-000126244,S-0131,-57.30784638292404,1,2,女性,52,12,12,0.5,0,0,17,4569023.5643747775,5.13972602739726,2.0
C-000455475,S-0096,-100.0,1,2,男性,58,10,12,0.1666666666666666,0,0,16,4644856.458098179,8.302739726027397,5.0
C-001105117,S-0050,-38.212290502793294,0,2,女性,48,8,12,0.3333333333333333,0,0,20,4615411.181286601,9.2013698630137,6.0
C-000483006,S-0002,-68.11569559339902,1,2,男性,42,10,12,0.25,50727,2,15,4455566.655169959,5.663013698630137,2.0
C-002648051,S-0019,-3.925814960758133,0,2,女性,51,1,12,0.3333333333333333,48414,1,19,4327199.920883598,4.090410958904109,1.0
C-001132443,S-0005,-52.76294520929714,1,2,女性,68,7,12,0.3333333333333333,0,0,21,4733942.970761149,4.69041095890411,2.0
C-002355310,S-0097,-28.58837057786825,0,2,女性,41,2,12,0.3333333333333333,0,0,21,4592508.716501317,10.09041095890411,7.0
C-001815195,S-0113,-18.405244045054474,0,2,女性,36,4,12,0.1666666666666666,17910,2,16,4336633.961311346,5.77945205479452,2.5
C-002600159,S-0030,-100.0,1,2,女性,69,1,12,0.1666666666666666,78794,1,22,4426478.045479023,9.236986301369862,5.5
C-000684891,S-0131,-100.0,1,2,男性,38,9,12,0.9166666666666666,19628,1,17,4569023.5643747775,5.13972602739726,2.0
C-001249714,S-0056,-96.50406426408642,1,2,女性,57,7,12,0.0833333333333333,0,0,15,4406070.585753419,7.528767123287671,4.0
C-002240708,S-0019,-3.133428981348637,0,2,女性,32,3,12,0.4166666666666667,13343,2,19,4327199.920883598,4.090410958904109,1.0
C-001817841,S-0100,-22.82734311799376,0,2,女性,46,4,12,0.25,4129,1,17,4535925.154217558,4.720547945205479,2.0
C-001286413,S-0050,-91.00352504420944,1,2,男性,44,7,12,0.8333333333333334,28222,1,20,4615411.181286601,9.2013698630137,6.0
C-001221512,S-0075,-92.38590217588944,1,2,男性,57,7,12,0.25,0,0,19,4506647.2743158825,4.526027397260274,1.0
C-001138728,S-0054,2.0131006888915,0,2,女性,59,7,12,0.4166666666666667,0,0,23,4489160.181517739,6.358904109589041,4.0
C-002308091,S-0012,-32.99172647389536,0,2,男性,49,2,12,0.3333333333333333,41461,1,16,4444678.825084195,7.994520547945205,5.0
C-000583254,S-0040,-100.0,1,2,女性,46,10,12,0.0833333333333333,0,0,20,4550116.0180538,8.163013698630138,4.0
C-001227244,S-0019,-19.270429809998156,0,2,女性,52,7,12,0.25,0,0,19,4327199.920883598,4.090410958904109,1.0
C-000741698,S-0059,-87.88791426671185,1,2,女性,52,9,12,0.5,0,0,14,4713188.969095345,6.8123287671232875,3.0
C-002677404,S-0089,-69.33907242303731,1,2,男性,19,1,12,0.3333333333333333,10914,1,19,4721110.949352573,10.142465753424657,7.0
C-000202898,S-0096,-69.2774489592339,1,2,女性,36,12,12,0.75,0,0,16,4644856.458098179,8.302739726027397,5.0
C-000976450,S-0131,-51.075961368703936,1,2,女性,48,8,12,0.25,0,0,17,4569023.5643747775,5.13972602739726,2.0
C-001771524,S-0017,-26.65081880612784,0,2,男性,36,5,12,0.5,37237,1,20,4640207.03550726,5.608219178082192,2.5
C-002069448,S-0063,-100.0,1,2,男性,59,3,12,0.75,0,0,18,4564012.176421695,5.749315068493151,3.0
C-000729450,S-0097,-60.96023564064801,1,2,女性,58,9,12,0.3333333333333333,0,0,21,4592508.716501317,10.09041095890411,7.0
C-001181386,S-0040,-22.052875750907035,0,2,女性,50,7,12,0.4166666666666667,9782,1,20,4550116.0180538,8.163013698630138,4.0
C-001925262,S-0017,-53.15423328475328,1,2,女性,41,4,12,0.25,72708,1,20,4640207.03550726,5.608219178082192,2.5
C-000327820,S-0096,-80.39163909129168,1,2,女性,33,11,12,0.4166666666666667,0,0,16,4644856.458098179,8.302739726027397,5.0
C-000874728,S-0131,-19.1282303629957,0,2,女性,49,9,12,0.5,0,0,17,4569023.5643747775,5.13972602739726,2.0
C-000909561,S-0079,-84.9699413489736,1,2,女性,43,8,12,0.25,32205,2,13,4256656.371085242,8.479452054794521,6.0
C-000433159,S-0082,-23.833951021437883,0,2,男性,53,11,12,0.5,1867,1,17,4607261.71451126,4.758904109589041,2.0
C-002247996,S-0085,-18.632441732339277,0,2,男性,62,3,12,0.1666666666666666,0,0,15,4606655.398026554,4.928767123287671,2.0
C-001534661,S-0007,-100.0,1,2,男性,46,6,12,0.5,0,0,21,4487075.727367008,3.7260273972602738,1.0
C-001068841,S-0039,-57.998554088505,1,2,男性,34,8,12,0.4166666666666667,5208,2,16,4591288.568998441,8.193150684931506,5.0
C-002330152,S-0121,-100.0,1,2,女性,45,2,12,1.0,21109,2,14,4716268.25678644,9.856164383561644,7.0
C-000913675,S-0131,-31.906207517743507,0,2,男性,63,8,12,0.6666666666666666,40625,1,17,4569023.5643747775,5.13972602739726,2.0
C-000141642,S-0050,-34.347652320116865,0,2,男性,45,12,12,0.25,0,0,20,4615411.181286601,9.2013698630137,6.0
C-000054352,S-0019,-7.703257237809925,0,2,男性,57,12,12,0.5,24652,1,19,4327199.920883598,4.090410958904109,1.0
C-001328657,S-0056,-80.97308185629309,1,2,男性,53,7,12,0.25,22647,1,15,4406070.585753419,7.528767123287671,4.0
C-002474392,S-0059,-7.251034017152132,0,2,女性,32,1,12,0.5,56368,1,14,4713188.969095345,6.8123287671232875,3.0
C-001357816,S-0115,-95.44857226782926,1,2,女性,79,6,12,0.0833333333333333,39446,2,14,4553643.099564746,10.51095890410959,7.0
C-000538658,S-0079,-51.99737813714596,1,2,女性,52,10,12,0.0833333333333333,0,0,13,4256656.371085242,8.479452054794521,6.0
C-002433181,S-0085,-34.87362177709682,0,2,男性,56,2,12,0.6666666666666666,5941,1,15,4606655.398026554,4.928767123287671,2.0
C-000496311,S-0020,-100.0,1,2,女性,53,10,12,0.5833333333333334,18058,1,16,4280702.057267675,6.986301369863014,3.5
C-001063232,S-0063,-100.0,1,2,女性,57,8,12,0.5,0,0,18,4564012.176421695,5.749315068493151,3.0
C-001285234,S-0039,-81.92394378645925,1,2,女性,45,7,12,0.4166666666666667,20745,2,16,4591288.568998441,8.193150684931506,5.0
C-002663312,S-0063,-7.829700207055714,0,2,女性,64,1,12,0.5,0,0,18,4564012.176421695,5.749315068493151,3.0
C-001162199,S-0002,-100.0,1,2,男性,60,7,12,0.1666666666666666,11046,1,15,4455566.655169959,5.663013698630137,2.0
C-001609451,S-0008,-100.0,1,2,男性,33,5,12,0.0,0,0,22,4498453.308937302,10.772602739726027,7.0
C-002390377,S-0059,-42.793400347796585,0,2,男性,60,2,12,0.8333333333333334,0,0,14,4713188.969095345,6.8123287671232875,3.0
C-002499985,S-0100,-56.15624565377203,1,2,男性,42,1,12,0.4166666666666667,0,0,17,4535925.154217558,4.720547945205479,2.0
C-001576574,S-0079,-100.0,1,2,男性,43,5,12,0.3333333333333333,8574,1,13,4256656.371085242,8.479452054794521,6.0
C-001798805,S-0074,-45.80141087687639,0,2,男性,42,5,12,0.5,58255,1,14,4614054.39694187,8.308219178082192,6.0
C-000596946,S-0039,-91.78973925668518,1,2,女性,68,10,12,0.5,0,0,16,4591288.568998441,8.193150684931506,5.0
C-000858209,S-0020,-46.495726495726494,0,2,男性,59,9,12,0.3333333333333333,2909,2,16,4280702.057267675,6.986301369863014,3.5
C-000655891,S-0050,-35.694575074089194,0,2,女性,41,10,12,0.25,8075,1,20,4615411.181286601,9.2013698630137,6.0
C-002303254,S-0100,-18.660931160354444,0,2,女性,58,2,12,0.5833333333333334,-198,2,17,4535925.154217558,4.720547945205479,2.0
C-000678002,S-0054,-10.866602687140116,0,2,女性,54,9,12,0.1666666666666666,0,0,23,4489160.181517739,6.358904109589041,4.0
C-001765614,S-0002,-70.80918334798541,1,2,男性,73,5,12,0.25,10674,1,15,4455566.655169959,5.663013698630137,2.0
C-002151529,S-0017,-84.37278525868179,1,2,女性,54,3,12,0.8333333333333334,4350,1,20,4640207.03550726,5.608219178082192,2.5
C-000279905,S-0041,-39.2871853269692,0,2,女性,55,11,12,0.1666666666666666,30353,1,17,4828489.286769263,10.389041095890411,7.0
C-001824012,S-0059,-91.20240568299025,1,2,女性,34,4,12,0.5833333333333334,27457,1,14,4713188.969095345,6.8123287671232875,3.0
C-001030029,S-0005,-100.0,1,2,男性,33,8,12,0.5,0,0,21,4733942.970761149,4.69041095890411,2.0
C-000367142,S-0096,-100.0,1,2,女性,52,11,12,0.3333333333333333,0,0,16,4644856.458098179,8.302739726027397,5.0
C-001501109,S-0020,-100.0,1,2,男性,59,6,12,0.8333333333333334,88716,1,16,4280702.057267675,6.986301369863014,3.5
C-000803688,S-0004,-56.65655823388774,1,2,男性,75,9,12,0.4166666666666667,0,0,22,4423576.351309,11.806849315068494,9.0
C-000848071,S-0019,-6.768657709192497,0,2,女性,59,9,12,0.5833333333333334,28135,1,19,4327199.920883598,4.090410958904109,1.0
C-001010870,S-0097,-100.0,1,2,女性,59,8,12,0.1666666666666666,5076,1,21,4592508.716501317,10.09041095890411,7.0
C-001277247,S-0019,0.12131596196083391,0,2,女性,62,7,12,0.25,23997,1,19,4327199.920883598,4.090410958904109,1.0
C-002009333,S-0002,-100.0,1,2,女性,47,4,12,0.3333333333333333,0,0,15,4455566.655169959,5.663013698630137,2.0
C-000562170,S-0126,-39.65018623307786,0,2,女性,37,10,12,0.1666666666666666,4727,1,17,4493168.352495564,5.53972602739726,3.0
C-002550153,S-0131,-36.694585027769634,0,2,女性,48,1,12,0.0,0,0,17,4569023.5643747775,5.13972602739726,2.0
C-002246080,S-0017,-58.326508133755084,1,2,女性,54,3,12,0.1666666666666666,68564,2,20,4640207.03550726,5.608219178082192,2.5
C-001533367,S-0096,-100.0,1,2,女性,49,6,12,0.4166666666666667,0,0,16,4644856.458098179,8.302739726027397,5.0
C-000861929,S-0089,-57.82629310945933,1,2,女性,44,9,12,0.6666666666666666,0,0,19,4721110.949352573,10.142465753424657,7.0
C-000042441,S-0072,-8.367613643053087,0,2,男性,59,12,12,0.4166666666666667,0,0,12,4406797.312641796,9.01917808219178,6.0
C-001460105,S-0131,-74.06162410082518,1,2,男性,31,6,12,0.1666666666666666,0,0,17,4569023.5643747775,5.13972602739726,2.0
C-002461700,S-0019,-19.718575880630844,0,2,女性,36,2,12,0.6666666666666666,0,0,19,4327199.920883598,4.090410958904109,1.0
C-001014894,S-0054,-49.06697516497358,1,2,女性,52,8,12,0.1666666666666666,1956,1,23,4489160.181517739,6.358904109589041,4.0
C-001806618,S-0106,-100.0,1,2,男性,49,4,12,0.1666666666666666,0,0,20,4462729.145118021,6.171232876712329,3.5
C-002135805,S-0041,-51.52310899202147,1,2,女性,50,3,12,0.4166666666666667,58572,1,17,4828489.286769263,10.389041095890411,7.0
C-001310502,S-0014,-75.23933273460341,1,2,女性,45,7,12,0.0833333333333333,0,0,21,4730192.353344672,7.336986301369863,4.0
C-001018392,S-0085,-9.953088942627634,0,2,男性,38,8,12,0.3333333333333333,0,0,15,4606655.398026554,4.928767123287671,2.0
C-001142533,S-0054,-17.94082092721867,0,2,男性,26,7,12,0.5833333333333334,0,0,23,4489160.181517739,6.358904109589041,4.0
C-002097756,S-0040,-100.0,1,2,女性,48,3,12,0.3333333333333333,0,0,20,4550116.0180538,8.163013698630138,4.0
C-000484638,S-0054,-44.342847555732654,0,2,女性,56,10,12,0.5,0,0,23,4489160.181517739,6.358904109589041,4.0
C-001628540,S-0007,-53.352342252903284,1,2,男性,45,5,12,0.0833333333333333,0,0,21,4487075.727367008,3.7260273972602738,1.0
C-002152803,S-0111,-53.13247890162489,1,2,女性,34,3,12,0.75,7349,1,19,4489501.980758176,6.397260273972603,4.0
C-002418079,S-0062,-100.0,1,2,女性,56,2,12,0.6666666666666666,0,0,15,4713869.782113416,4.575342465753424,1.0
C-001376452,S-0131,-25.870954651516687,0,2,男性,79,6,12,0.1666666666666666,0,0,17,4569023.5643747775,5.13972602739726,2.0
C-002531511,S-0096,-52.22996515679442,1,2,女性,53,1,12,0.25,1642,2,16,4644856.458098179,8.302739726027397,5.0
C-001481025,S-0002,-23.82881895118874,0,2,女性,32,6,12,0.25,0,0,15,4455566.655169959,5.663013698630137,2.0
C-000138561,S-0020,-65.77968080965356,1,2,男性,51,12,12,0.4166666666666667,0,0,16,4280702.057267675,6.986301369863014,3.5
C-000879573,S-0005,-15.915015275948091,0,2,女性,53,9,12,0.5833333333333334,0,0,21,4733942.970761149,4.69041095890411,2.0
C-002355467,S-0085,1.3133128899228086,0,2,女性,36,2,12,0.4166666666666667,51248,1,15,4606655.398026554,4.928767123287671,2.0
C-000549696,S-0115,-22.2353598411915,0,2,男性,64,10,12,0.25,48514,1,14,4553643.099564746,10.51095890410959,7.0
C-000274179,S-0100,-84.13538147746829,1,2,女性,42,11,12,0.75,9892,2,17,4535925.154217558,4.720547945205479,2.0
C-002049427,S-0012,-4.507812444922792,0,2,男性,32,3,12,0.5833333333333334,0,0,16,4444678.825084195,7.994520547945205,5.0
C-001494489,S-0036,-9.271509967575266,0,2,男性,51,6,12,0.1666666666666666,0,0,19,4397834.424680548,11.123287671232877,9.0
C-002414282,S-0005,-34.33697537620575,0,2,男性,44,2,12,0.6666666666666666,0,0,21,4733942.970761149,4.69041095890411,2.0
C-000742737,S-0007,-68.9524549999548,1,2,男性,58,9,12,0.75,0,0,21,4487075.727367008,3.7260273972602738,1.0
C-000958730,S-0079,-41.25302601867486,0,2,女性,49,8,12,0.0833333333333333,0,0,13,4256656.371085242,8.479452054794521,6.0
C-000128485,S-0019,-4.722417884065109,0,2,男性,36,12,12,0.5833333333333334,0,0,19,4327199.920883598,4.090410958904109,1.0
C-000295857,S-0062,-11.341625995525208,0,2,女性,53,11,12,0.4166666666666667,0,0,15,4713869.782113416,4.575342465753424,1.0
C-001053625,S-0019,3.364249244693062,0,2,女性,42,8,12,0.75,39425,1,19,4327199.920883598,4.090410958904109,1.0
C-002395407,S-0017,-73.28973390866594,1,2,女性,56,2,12,0.0833333333333333,1985,1,20,4640207.03550726,5.608219178082192,2.5
C-002266840,S-0085,0.4592740553899091,0,2,男性,53,2,12,0.8333333333333334,99887,1,15,4606655.398026554,4.928767123287671,2.0
C-001763760,S-0121,-27.969212590036065,0,2,男性,34,5,12,0.25,159358,1,14,4716268.25678644,9.856164383561644,7.0
C-000549521,S-0002,-83.46286071465777,1,2,女性,33,10,12,0.5833333333333334,0,0,15,4455566.655169959,5.663013698630137,2.0
C-002321568,S-0059,-55.6267029972752,1,2,女性,44,2,12,0.75,26773,1,14,4713188.969095345,6.8123287671232875,3.0
C-001679517,S-0080,-26.392092257001647,0,2,女性,42,5,12,0.1666666666666666,5748,1,17,4457429.264950683,11.673972602739726,9.0
C-001457077,S-0054,-42.93627178147879,0,2,女性,68,6,12,0.6666666666666666,0,0,23,4489160.181517739,6.358904109589041,4.0
C-001507666,S-0096,-100.0,1,2,女性,50,6,12,0.4166666666666667,57220,1,16,4644856.458098179,8.302739726027397,5.0
C-000024368,S-0041,-97.5197020688491,1,2,男性,17,12,12,0.3333333333333333,5864,1,17,4828489.286769263,10.389041095890411,7.0
C-000074471,S-0005,-26.777792515954076,0,2,男性,59,12,12,0.3333333333333333,0,0,21,4733942.970761149,4.69041095890411,2.0
C-002567474,S-0131,-79.41912034412618,1,2,女性,78,1,12,0.25,146091,2,17,4569023.5643747775,5.13972602739726,2.0
C-001574880,S-0126,-13.768008865903214,0,2,男性,78,6,12,0.4166666666666667,9587,1,17,4493168.352495564,5.53972602739726,3.0
C-000309756,S-0040,-36.16474072673709,0,2,男性,48,11,12,0.0833333333333333,24035,2,20,4550116.0180538,8.163013698630138,4.0
C-001935833,S-0017,-77.81298558849518,1,2,男性,53,4,12,0.1666666666666666,0,0,20,4640207.03550726,5.608219178082192,2.5
C-001278568,S-0041,-13.665050964434606,0,2,男性,34,7,12,0.3333333333333333,0,0,17,4828489.286769263,10.389041095890411,7.0
C-001245010,S-0099,-92.7996739035492,1,2,男性,31,7,12,0.3333333333333333,0,0,13,4464126.154078853,8.147945205479452,5.0
C-000477422,S-0085,3.9059447526764086,0,2,女性,69,10,12,0.9166666666666666,0,0,15,4606655.398026554,4.928767123287671,2.0
C-002211060,S-0019,-8.646423506944975,0,2,女性,43,3,12,0.0833333333333333,0,0,19,4327199.920883598,4.090410958904109,1.0
C-000043610,S-0056,-21.47126162317049,0,2,女性,47,12,12,0.4166666666666667,0,0,15,4406070.585753419,7.528767123287671,4.0
C-000319692,S-0002,-99.3777217510887,1,2,女性,52,11,12,0.4166666666666667,0,0,15,4455566.655169959,5.663013698630137,2.0
C-001026690,S-0099,-100.0,1,2,女性,67,8,12,0.5833333333333334,54817,1,13,4464126.154078853,8.147945205479452,5.0
C-001540151,S-0030,-25.540387526876245,0,2,女性,49,6,12,0.1666666666666666,52719,1,22,4426478.045479023,9.236986301369862,5.5
C-000949433,S-0126,-86.93757855048177,1,2,女性,41,8,12,0.75,0,0,17,4493168.352495564,5.53972602739726,3.0
C-000799240,S-0018,-42.99089957602313,0,2,女性,36,9,12,0.1666666666666666,2249,1,16,4493108.581950108,7.550684931506849,5.0
C-000802016,S-0121,-25.429399526163245,0,2,男性,69,9,12,0.1666666666666666,7065,1,14,4716268.25678644,9.856164383561644,7.0
C-002441977,S-0126,-28.99755092953356,0,2,男性,47,2,12,0.6666666666666666,13898,1,17,4493168.352495564,5.53972602739726,3.0
C-000507212,S-0039,-59.051117768399266,1,2,女性,50,10,12,0.5833333333333334,64034,2,16,4591288.568998441,8.193150684931506,5.0
C-000618469,S-0005,-75.32531737203595,1,2,男性,56,10,12,0.6666666666666666,0,0,21,4733942.970761149,4.69041095890411,2.0
C-002595139,S-0111,-36.02108934907684,0,2,女性,44,1,12,0.0833333333333333,0,0,19,4489501.980758176,6.397260273972603,4.0
C-002499530,S-0005,-65.01309119269122,1,2,女性,35,1,12,0.8333333333333334,0,0,21,4733942.970761149,4.69041095890411,2.0
C-001662599,S-0059,-20.513215214814586,0,2,女性,59,5,12,0.5,0,0,14,4713188.969095345,6.8123287671232875,3.0
C-000680280,S-0099,-77.71966610592446,1,2,女性,49,9,12,0.5,0,0,13,4464126.154078853,8.147945205479452,5.0
C-002324824,S-0074,-100.0,1,2,女性,56,2,12,1.0,2984,1,14,4614054.39694187,8.308219178082192,6.0
C-001191913,S-0039,-7.641095023066298,0,2,男性,49,7,12,0.5833333333333334,0,0,16,4591288.568998441,8.193150684931506,5.0
C-000383138,S-0017,-100.0,1,2,女性,33,11,12,0.5833333333333334,15154,2,20,4640207.03550726,5.608219178082192,2.5
C-000452211,S-0121,-54.281315534380404,1,2,女性,52,10,12,0.4166666666666667,38031,1,14,4716268.25678644,9.856164383561644,7.0
C-000881665,S-0020,-72.78042982304788,1,2,女性,49,9,12,0.5,1207,1,16,4280702.057267675,6.986301369863014,3.5
C-000938694,S-0113,-28.44494939348385,0,2,男性,32,8,12,0.9166666666666666,0,0,16,4336633.961311346,5.77945205479452,2.5
C-001686646,S-0089,0.4842589984572966,0,2,女性,44,5,12,0.4166666666666667,12136,1,19,4721110.949352573,10.142465753424657,7.0
C-001153185,S-0131,-39.65652469884867,0,2,女性,55,7,12,0.25,0,0,17,4569023.5643747775,5.13972602739726,2.0
C-002048467,S-0126,-75.30555885889457,1,2,男性,40,3,12,0.25,0,0,17,4493168.352495564,5.53972602739726,3.0
C-001187923,S-0131,-50.99824364005598,1,2,女性,21,7,12,0.4166666666666667,0,0,17,4569023.5643747775,5.13972602739726,2.0
C-002686330,S-0079,-45.408103484639,0,2,男性,51,1,12,0.5833333333333334,19865,1,13,4256656.371085242,8.479452054794521,6.0
C-000446152,S-0131,-6.953502504965464,0,2,男性,41,11,12,0.4166666666666667,0,0,17,4569023.5643747775,5.13972602739726,2.0
C-001736172,S-0082,-38.51788732328059,0,2,女性,52,5,12,0.4166666666666667,0,0,17,4607261.71451126,4.758904109589041,2.0
C-002144264,S-0030,-11.695890104981014,0,2,女性,34,3,12,0.75,0,0,22,4426478.045479023,9.236986301369862,5.5
C-000854781,S-0050,-27.89091312767506,0,2,女性,51,9,12,0.75,27701,2,20,4615411.181286601,9.2013698630137,6.0
C-001003516,S-0018,-67.58755250664878,1,2,男性,67,8,12,0.4166666666666667,15254,1,16,4493108.581950108,7.550684931506849,5.0
C-001958490,S-0059,-68.69526890483755,1,2,男性,48,4,12,0.5,35514,1,14,4713188.969095345,6.8123287671232875,3.0
C-001782196,S-0050,-24.083290885993605,0,2,女性,70,5,12,0.25,0,0,20,4615411.181286601,9.2013698630137,6.0
C-001990338,S-0005,-67.11862278925976,1,2,男性,38,4,12,0.1666666666666666,0,0,21,4733942.970761149,4.69041095890411,2.0
C-001331025,S-0097,-35.218835009729226,0,2,女性,57,7,12,0.0833333333333333,0,0,21,4592508.716501317,10.09041095890411,7.0
C-002549343,S-0039,-47.11697524577867,0,2,男性,47,1,12,0.0833333333333333,23003,1,16,4591288.568998441,8.193150684931506,5.0
C-001944217,S-0072,-52.68191114960108,1,2,女性,78,4,12,0.0,14994,2,12,4406797.312641796,9.01917808219178,6.0
C-001296244,S-0097,-100.0,1,2,男性,36,7,12,0.5833333333333334,0,0,21,4592508.716501317,10.09041095890411,7.0
C-001748778,S-0041,-100.0,1,2,男性,33,5,12,0.5,0,0,17,4828489.286769263,10.389041095890411,7.0
C-000610865,S-0111,-4.634453966069363,0,2,男性,53,10,12,0.8333333333333334,81615,2,19,4489501.980758176,6.397260273972603,4.0
C-001823565,S-0111,-11.423680552168188,0,2,女性,47,4,12,0.5833333333333334,16682,1,19,4489501.980758176,6.397260273972603,4.0
C-001505542,S-0050,-14.9429499119566,0,2,女性,37,6,12,0.9166666666666666,15004,1,20,4615411.181286601,9.2013698630137,6.0
C-002414585,S-0075,-77.74452945047713,1,2,男性,37,2,12,0.6666666666666666,87372,2,19,4506647.2743158825,4.526027397260274,1.0
C-002332363,S-0040,-100.0,1,2,女性,52,2,12,0.0833333333333333,185467,1,20,4550116.0180538,8.163013698630138,4.0
C-002675346,S-0050,-29.688107520933794,0,2,女性,42,1,12,0.4166666666666667,5545,1,20,4615411.181286601,9.2013698630137,6.0
C-002130045,S-0085,-33.63345826741556,0,2,女性,42,3,12,0.6666666666666666,0,0,15,4606655.398026554,4.928767123287671,2.0
C-002471788,S-0019,-14.049156254870915,0,2,女性,21,1,12,0.5,0,0,19,4327199.920883598,4.090410958904109,1.0
C-000462628,S-0041,-22.85063310950522,0,2,女性,61,10,12,0.3333333333333333,40283,1,17,4828489.286769263,10.389041095890411,7.0
C-002551564,S-0017,-100.0,1,2,男性,47,1,12,0.5833333333333334,21507,1,20,4640207.03550726,5.608219178082192,2.5
C-001206820,S-0131,-35.16120020115103,0,2,男性,58,7,12,0.8333333333333334,21154,1,17,4569023.5643747775,5.13972602739726,2.0
C-002119617,S-0115,-16.156014485661153,0,2,男性,69,3,12,0.0833333333333333,0,0,14,4553643.099564746,10.51095890410959,7.0
C-001690465,S-0097,-100.0,1,2,男性,42,5,12,0.0833333333333333,0,0,21,4592508.716501317,10.09041095890411,7.0
C-000119071,S-0111,-79.09838750432837,1,2,女性,77,12,12,0.4166666666666667,0,0,19,4489501.980758176,6.397260273972603,4.0
C-001107218,S-0056,-54.29935761050262,1,2,女性,57,8,12,0.3333333333333333,0,0,15,4406070.585753419,7.528767123287671,4.0
C-002253700,S-0063,-46.683867810691034,0,2,男性,60,2,12,0.4166666666666667,5050,2,18,4564012.176421695,5.749315068493151,3.0
C-000586076,S-0054,-67.274625105576,1,2,女性,46,10,12,0.4166666666666667,106996,2,23,4489160.181517739,6.358904109589041,4.0
C-001129129,S-0115,-8.110800424630554,0,2,男性,44,7,12,0.5,0,0,14,4553643.099564746,10.51095890410959,7.0
C-001799388,S-0039,-31.102143482810213,0,2,男性,33,5,12,0.1666666666666666,1189,2,16,4591288.568998441,8.193150684931506,5.0
C-001754961,S-0121,-91.91553242594075,1,2,女性,41,5,12,0.1666666666666666,0,0,14,4716268.25678644,9.856164383561644,7.0
C-000474323,S-0050,-54.40730996821392,1,2,男性,58,10,12,0.6666666666666666,34024,1,20,4615411.181286601,9.2013698630137,6.0
C-001805337,S-0126,-91.59883577524542,1,2,女性,43,4,12,0.5,0,0,17,4493168.352495564,5.53972602739726,3.0
C-002437732,S-0036,-95.85306839307567,1,2,女性,78,2,12,0.0,6075,2,19,4397834.424680548,11.123287671232877,9.0
C-002028604,S-0111,-5.6101589534569705,0,2,男性,40,3,12,1.0,0,0,19,4489501.980758176,6.397260273972603,4.0
C-000623203,S-0089,-100.0,1,2,男性,49,10,12,0.5833333333333334,16880,1,19,4721110.949352573,10.142465753424657,7.0
C-001613170,S-0085,-21.95541776822565,0,2,女性,58,5,12,0.5,0,0,15,4606655.398026554,4.928767123287671,2.0
C-002291512,S-0002,-18.073843051272732,0,2,女性,57,2,12,0.1666666666666666,0,0,15,4455566.655169959,5.663013698630137,2.0
C-001215137,S-0019,-32.80097063338781,0,2,男性,47,7,12,0.6666666666666666,0,0,19,4327199.920883598,4.090410958904109,1.0
C-002451039,S-0007,-33.74854538401862,0,2,男性,80,2,12,0.6666666666666666,0,0,21,4487075.727367008,3.7260273972602738,1.0
C-002024148,S-0111,-60.52093336492773,1,2,女性,56,3,12,0.0833333333333333,0,0,19,4489501.980758176,6.397260273972603,4.0
C-001808299,S-0126,-29.551785458307023,0,2,女性,25,4,12,0.8333333333333334,7375,1,17,4493168.352495564,5.53972602739726,3.0
C-002023715,S-0117,-100.0,1,2,女性,54,3,12,0.25,0,0,20,4500859.737076383,9.593150684931507,7.0
C-000371455,S-0075,-100.0,1,2,男性,49,11,12,0.25,0,0,19,4506647.2743158825,4.526027397260274,1.0
C-000044406,S-0099,-61.52884622252698,1,2,女性,35,12,12,0.5,0,0,13,4464126.154078853,8.147945205479452,5.0
C-001330226,S-0059,-8.898160814407257,0,2,女性,67,7,12,0.75,11646,1,14,4713188.969095345,6.8123287671232875,3.0
C-002547437,S-0102,-20.143259796130287,0,2,男性,44,1,12,0.1666666666666666,0,0,16,4383474.364435211,10.484931506849314,7.5
C-001242660,S-0082,-38.763974797341426,0,2,男性,75,7,12,0.0,0,0,17,4607261.71451126,4.758904109589041,2.0
C-000730329,S-0126,-100.0,1,2,女性,65,9,12,0.1666666666666666,17442,1,17,4493168.352495564,5.53972602739726,3.0
C-001151083,S-0019,7.014091429123898,0,2,女性,73,7,12,0.5,6193,1,19,4327199.920883598,4.090410958904109,1.0
C-002164351,S-0002,-58.090545558411876,1,2,女性,69,3,12,0.1666666666666666,0,0,15,4455566.655169959,5.663013698630137,2.0
C-001859238,S-0075,-21.88226028745816,0,2,女性,79,4,12,0.4166666666666667,0,0,19,4506647.2743158825,4.526027397260274,1.0
C-000339835,S-0062,-55.463695481091825,1,2,女性,47,11,12,0.6666666666666666,3774,1,15,4713869.782113416,4.575342465753424,1.0
C-001662089,S-0131,-51.512368789116024,1,2,男性,47,5,12,0.25,10946,1,17,4569023.5643747775,5.13972602739726,2.0
C-001164045,S-0111,-18.936773069515368,0,2,男性,59,7,12,0.5833333333333334,0,0,19,4489501.980758176,6.397260273972603,4.0
C-001759370,S-0018,-100.0,1,2,女性,46,5,12,0.25,0,0,16,4493108.581950108,7.550684931506849,5.0
C-001722705,S-0121,-38.00067665022525,0,2,女性,46,5,12,0.1666666666666666,2338,2,14,4716268.25678644,9.856164383561644,7.0
C-000527691,S-0089,-51.59174837641666,1,2,男性,31,10,12,0.4166666666666667,0,0,19,4721110.949352573,10.142465753424657,7.0
C-001776628,S-0036,-100.0,1,2,女性,57,5,12,0.25,5693,1,19,4397834.424680548,11.123287671232877,9.0
C-001922334,S-0019,5.370946852850449,0,2,女性,19,4,12,0.1666666666666666,17782,2,19,4327199.920883598,4.090410958904109,1.0
C-000749301,S-0113,-100.0,1,2,男性,67,9,12,0.0833333333333333,13775,1,16,4336633.961311346,5.77945205479452,2.5
C-000483174,S-0004,-36.264507395536796,0,2,男性,29,10,12,0.6666666666666666,15621,1,22,4423576.351309,11.806849315068494,9.0
C-002492662,S-0050,-100.0,1,2,女性,58,1,12,0.25,0,0,20,4615411.181286601,9.2013698630137,6.0
C-002230334,S-0018,-59.19329262963379,1,2,女性,56,3,12,0.5,3014,2,16,4493108.581950108,7.550684931506849,5.0
C-002236311,S-0079,-49.859930180582325,1,2,女性,70,3,12,0.3333333333333333,0,0,13,4256656.371085242,8.479452054794521,6.0
C-000844102,S-0050,-100.0,1,2,女性,49,9,12,0.5833333333333334,10768,1,20,4615411.181286601,9.2013698630137,6.0
C-000419382,S-0019,-4.772816405662262,0,2,女性,77,11,12,0.4166666666666667,0,0,19,4327199.920883598,4.090410958904109,1.0
C-001834268,S-0062,-28.872663520180453,0,2,女性,41,4,12,0.5,0,0,15,4713869.782113416,4.575342465753424,1.0
C-000907975,S-0082,-28.95558442150361,0,2,女性,68,8,12,0.25,13312,2,17,4607261.71451126,4.758904109589041,2.0
C-002511482,S-0097,-100.0,1,2,女性,60,1,12,0.6666666666666666,10838,1,21,4592508.716501317,10.09041095890411,7.0
C-002589644,S-0039,-79.56527598621513,1,2,男性,62,1,12,0.3333333333333333,11161,1,16,4591288.568998441,8.193150684931506,5.0
C-000876794,S-0039,-32.00956192813899,0,2,男性,39,9,12,0.6666666666666666,8260,1,16,4591288.568998441,8.193150684931506,5.0
C-000683764,S-0017,-100.0,1,2,女性,49,9,12,0.1666666666666666,0,0,20,4640207.03550726,5.608219178082192,2.5
C-000133728,S-0075,-37.531481481481485,0,2,女性,78,12,12,0.25,0,0,19,4506647.2743158825,4.526027397260274,1.0
C-001789407,S-0062,-65.80751364271862,1,2,男性,53,5,12,0.5833333333333334,25299,1,15,4713869.782113416,4.575342465753424,1.0
C-000791924,S-0085,-6.140348551414383,0,2,男性,65,9,12,0.4166666666666667,0,0,15,4606655.398026554,4.928767123287671,2.0
C-002012351,S-0017,-33.9617297161201,0,2,女性,51,4,12,0.8333333333333334,6149,1,20,4640207.03550726,5.608219178082192,2.5
C-000674855,S-0126,-25.681414273688148,0,2,女性,50,10,12,0.6666666666666666,0,0,17,4493168.352495564,5.53972602739726,3.0
C-001668763,S-0100,-100.0,1,2,女性,41,5,12,0.5,5824,2,17,4535925.154217558,4.720547945205479,2.0
C-000939738,S-0126,-47.37077663575618,0,2,女性,48,8,12,0.25,0,0,17,4493168.352495564,5.53972602739726,3.0
C-000809218,S-0063,-90.91723040191006,1,2,女性,56,9,12,0.5833333333333334,0,0,18,4564012.176421695,5.749315068493151,3.0
C-001265675,S-0096,-100.0,1,2,女性,31,7,12,0.4166666666666667,0,0,16,4644856.458098179,8.302739726027397,5.0
C-001501506,S-0075,-55.72981827984489,1,2,女性,47,6,12,0.5,0,0,19,4506647.2743158825,4.526027397260274,1.0
C-000349013,S-0063,-24.754854029892442,0,2,男性,41,11,12,0.5,0,0,18,4564012.176421695,5.749315068493151,3.0
C-000772118,S-0121,-4.965417137707383,0,2,女性,33,9,12,0.4166666666666667,0,0,14,4716268.25678644,9.856164383561644,7.0
C-001369886,S-0020,-68.86220012135743,1,2,女性,45,6,12,0.1666666666666666,35103,1,16,4280702.057267675,6.986301369863014,3.5
C-002654401,S-0099,-8.457472143556005,0,2,女性,63,1,12,0.75,2819,1,13,4464126.154078853,8.147945205479452,5.0
C-001421900,S-0121,-49.85063681032586,1,2,女性,34,6,12,0.1666666666666666,540,1,14,4716268.25678644,9.856164383561644,7.0
C-001770952,S-0012,-100.0,1,2,男性,57,5,12,0.0833333333333333,0,0,16,4444678.825084195,7.994520547945205,5.0
C-001701393,S-0012,-77.09428152174699,1,2,男性,48,5,12,0.0,1692,1,16,4444678.825084195,7.994520547945205,5.0
C-002546980,S-0117,-100.0,1,2,男性,52,1,12,0.6666666666666666,0,0,20,4500859.737076383,9.593150684931507,7.0
C-001826454,S-0005,-6.9621744694890495,0,2,男性,67,4,12,0.8333333333333334,0,0,21,4733942.970761149,4.69041095890411,2.0
C-001371123,S-0099,-100.0,1,2,女性,39,6,12,0.0833333333333333,0,0,13,4464126.154078853,8.147945205479452,5.0
C-001026037,S-0056,-77.7421901432277,1,2,女性,39,8,12,0.0833333333333333,18459,1,15,4406070.585753419,7.528767123287671,4.0
C-000315492,S-0040,-72.75085964363863,1,2,女性,71,11,12,0.1666666666666666,39653,1,20,4550116.0180538,8.163013698630138,4.0
C-000655549,S-0007,-26.544690963068284,0,2,男性,47,10,12,0.8333333333333334,33585,1,21,4487075.727367008,3.7260273972602738,1.0
C-001926614,S-0040,-62.85798882268033,1,2,男性,49,4,12,0.5833333333333334,0,0,20,4550116.0180538,8.163013698630138,4.0
C-000123467,S-0113,-26.101841484545663,0,2,女性,46,12,12,0.9166666666666666,0,0,16,4336633.961311346,5.77945205479452,2.5
C-000411640,S-0075,-78.76531683977127,1,2,女性,42,11,12,0.3333333333333333,0,0,19,4506647.2743158825,4.526027397260274,1.0
C-000592319,S-0017,-85.47505091123355,1,2,女性,52,10,12,0.25,1103,1,20,4640207.03550726,5.608219178082192,2.5
C-001574976,S-0075,-55.84567493632676,1,2,男性,59,6,12,0.5,3644,2,19,4506647.2743158825,4.526027397260274,1.0
C-002130202,S-0040,-42.620639060971634,0,2,女性,33,3,12,0.0,13220,1,20,4550116.0180538,8.163013698630138,4.0
C-000683140,S-0054,-35.5793702198931,0,2,女性,57,9,12,0.4166666666666667,15177,1,23,4489160.181517739,6.358904109589041,4.0
C-000260553,S-0121,-100.0,1,2,女性,50,11,12,0.0,0,0,14,4716268.25678644,9.856164383561644,7.0
C-000350988,S-0007,-30.30297822612521,0,2,男性,60,11,12,0.25,6065,1,21,4487075.727367008,3.7260273972602738,1.0
C-000337434,S-0085,-89.34451545461025,1,2,女性,47,11,12,0.3333333333333333,17455,2,15,4606655.398026554,4.928767123287671,2.0
C-002128208,S-0040,-55.373511587538445,1,2,女性,61,3,12,0.0833333333333333,34612,1,20,4550116.0180538,8.163013698630138,4.0
C-001895842,S-0131,-39.28356462600341,0,2,女性,56,4,12,0.4166666666666667,0,0,17,4569023.5643747775,5.13972602739726,2.0
C-000812538,S-0050,-95.80382516126123,1,2,女性,54,9,12,0.1666666666666666,38763,2,20,4615411.181286601,9.2013698630137,6.0
C-000959366,S-0019,-27.061418391584663,0,2,女性,69,8,12,0.5,0,0,19,4327199.920883598,4.090410958904109,1.0
C-001988508,S-0082,-73.74421583447767,1,2,女性,46,4,12,0.5,0,0,17,4607261.71451126,4.758904109589041,2.0
C-000236684,S-0131,0.9209652715237012,0,2,男性,33,11,12,0.3333333333333333,0,0,17,4569023.5643747775,5.13972602739726,2.0
C-002086045,S-0005,-100.0,1,2,男性,20,3,12,0.1666666666666666,0,0,21,4733942.970761149,4.69041095890411,2.0
C-001944419,S-0019,1.1619031011958885,0,2,女性,70,4,12,0.6666666666666666,15765,1,19,4327199.920883598,4.090410958904109,1.0
C-000306258,S-0019,-12.291908134792875,0,2,女性,54,11,12,0.6666666666666666,1280,2,19,4327199.920883598,4.090410958904109,1.0
C-002574391,S-0059,-44.00597551624759,0,2,男性,37,1,12,1.0,18837,2,14,4713188.969095345,6.8123287671232875,3.0
C-000991266,S-0002,-7.307536825889516,0,2,女性,41,8,12,0.5,0,0,15,4455566.655169959,5.663013698630137,2.0
C-001860587,S-0085,-47.29015327273419,0,2,女性,55,4,12,0.5,30475,2,15,4606655.398026554,4.928767123287671,2.0
C-002634531,S-0002,-25.95752598624906,0,2,男性,62,1,12,0.25,56218,1,15,4455566.655169959,5.663013698630137,2.0
C-000936148,S-0099,-99.81702941879934,1,2,女性,38,8,12,0.5833333333333334,35391,1,13,4464126.154078853,8.147945205479452,5.0
C-000460960,S-0020,-29.391887932684607,0,2,女性,35,10,12,0.25,0,0,16,4280702.057267675,6.986301369863014,3.5
C-000782181,S-0008,-100.0,1,2,女性,69,9,12,0.0833333333333333,0,0,22,4498453.308937302,10.772602739726027,7.0
C-001282437,S-0005,-16.221051389926476,0,2,女性,60,7,12,0.5833333333333334,2272,2,21,4733942.970761149,4.69041095890411,2.0
C-002563956,S-0014,-9.042116858462043,0,2,女性,52,1,12,0.8333333333333334,2209,1,21,4730192.353344672,7.336986301369863,4.0
C-001531784,S-0039,-30.657001150191576,0,2,女性,57,6,12,0.1666666666666666,10214,1,16,4591288.568998441,8.193150684931506,5.0
C-001110803,S-0059,-65.05609916498933,1,2,女性,46,8,12,0.5833333333333334,73291,1,14,4713188.969095345,6.8123287671232875,3.0
C-001717839,S-0074,-6.599568309632323,0,2,女性,46,5,12,0.5,0,0,14,4614054.39694187,8.308219178082192,6.0
C-002167064,S-0075,-92.79529576780946,1,2,女性,56,3,12,0.3333333333333333,1822,1,19,4506647.2743158825,4.526027397260274,1.0
C-000955912,S-0020,-3.5329271020916257,0,2,女性,50,8,12,0.3333333333333333,0,0,16,4280702.057267675,6.986301369863014,3.5
C-002220470,S-0039,-55.055819577627176,1,2,男性,58,3,12,0.1666666666666666,0,0,16,4591288.568998441,8.193150684931506,5.0
C-001683216,S-0089,-100.0,1,2,女性,50,5,12,0.6666666666666666,0,0,19,4721110.949352573,10.142465753424657,7.0
C-000011172,S-0131,-59.29293417807225,1,2,男性,51,12,12,0.5,0,0,17,4569023.5643747775,5.13972602739726,2.0
C-001655819,S-0082,-36.8398616549548,0,2,男性,32,5,12,0.25,0,0,17,4607261.71451126,4.758904109589041,2.0
C-001471802,S-0063,-22.17554685749131,0,2,女性,24,6,12,0.4166666666666667,0,0,18,4564012.176421695,5.749315068493151,3.0
C-001398331,S-0080,-2.4788313832697266,0,2,女性,67,6,12,0.0,0,0,17,4457429.264950683,11.673972602739726,9.0
C-001911469,S-0111,-37.70504146543471,0,2,女性,59,4,12,0.3333333333333333,0,0,19,4489501.980758176,6.397260273972603,4.0
C-002673385,S-0082,-73.59528686790026,1,2,女性,57,1,12,0.3333333333333333,7128,2,17,4607261.71451126,4.758904109589041,2.0
C-002336677,S-0036,-98.79068294172879,1,2,女性,44,2,12,0.0,210288,2,19,4397834.424680548,11.123287671232877,9.0
C-002250818,S-0005,-10.952049045869167,0,2,男性,57,2,12,0.0833333333333333,0,0,21,4733942.970761149,4.69041095890411,2.0
C-001356936,S-0111,-47.00747497782846,0,2,男性,49,6,12,0.1666666666666666,0,0,19,4489501.980758176,6.397260273972603,4.0
C-000282025,S-0089,-43.73896752255228,0,2,男性,51,11,12,0.5,0,0,19,4721110.949352573,10.142465753424657,7.0
C-000725632,S-0019,-19.778460284420895,0,2,女性,60,9,12,0.0833333333333333,0,0,19,4327199.920883598,4.090410958904109,1.0
C-000288196,S-0007,-84.38682117156232,1,2,女性,36,11,12,0.1666666666666666,22672,1,21,4487075.727367008,3.7260273972602738,1.0
C-002248798,S-0106,-33.52709188595694,0,2,男性,19,2,12,0.5,0,0,20,4462729.145118021,6.171232876712329,3.5
C-001943301,S-0074,-85.91047710090682,1,2,男性,47,4,12,0.25,0,0,14,4614054.39694187,8.308219178082192,6.0
C-002293380,S-0005,13.677984273920735,0,2,女性,59,2,12,0.3333333333333333,0,0,21,4733942.970761149,4.69041095890411,2.0
C-001613275,S-0089,-54.69673167351645,1,2,男性,28,5,12,0.0833333333333333,0,0,19,4721110.949352573,10.142465753424657,7.0
C-002165213,S-0115,-8.395007405106043,0,2,男性,48,3,12,0.1666666666666666,0,0,14,4553643.099564746,10.51095890410959,7.0
C-001166911,S-0020,-100.0,1,2,女性,67,7,12,0.5,0,0,16,4280702.057267675,6.986301369863014,3.5
C-001173770,S-0002,-43.23440045987146,0,2,男性,34,7,12,0.1666666666666666,0,0,15,4455566.655169959,5.663013698630137,2.0
C-000832343,S-0008,-12.66293901243683,0,2,女性,34,9,12,0.3333333333333333,0,0,22,4498453.308937302,10.772602739726027,7.0
C-002140878,S-0131,-57.37252376907691,1,2,女性,48,3,12,0.3333333333333333,16690,2,17,4569023.5643747775,5.13972602739726,2.0
C-000057247,S-0106,-51.9180420349182,1,2,男性,52,12,12,0.4166666666666667,24788,2,20,4462729.145118021,6.171232876712329,3.5
C-002462687,S-0054,-90.37050540035547,1,2,女性,32,2,12,1.0,96505,1,23,4489160.181517739,6.358904109589041,4.0
C-001238436,S-0050,-22.908812972348983,0,2,男性,73,7,12,0.0833333333333333,0,0,20,4615411.181286601,9.2013698630137,6.0
C-002669871,S-0054,-39.9910213527407,0,2,男性,17,1,12,0.25,0,0,23,4489160.181517739,6.358904109589041,4.0
C-002650243,S-0007,-100.0,1,2,女性,21,1,12,0.25,5847,1,21,4487075.727367008,3.7260273972602738,1.0
C-001050354,S-0117,-100.0,1,2,女性,35,8,12,0.1666666666666666,0,0,20,4500859.737076383,9.593150684931507,7.0
C-000803102,S-0054,-64.79574142033312,1,2,女性,31,9,12,0.3333333333333333,17354,1,23,4489160.181517739,6.358904109589041,4.0
C-002134311,S-0005,-14.059243604655805,0,2,女性,50,3,12,0.8333333333333334,0,0,21,4733942.970761149,4.69041095890411,2.0
C-000647115,S-0039,-11.051190556831417,0,2,男性,45,10,12,0.3333333333333333,6170,1,16,4591288.568998441,8.193150684931506,5.0
C-002399075,S-0096,-45.295673772137256,0,2,女性,57,2,12,0.25,13131,1,16,4644856.458098179,8.302739726027397,5.0
C-001599565,S-0056,-14.438769977810514,0,2,女性,41,5,12,0.0833333333333333,0,0,15,4406070.585753419,7.528767123287671,4.0
C-002516111,S-0062,-100.0,1,2,女性,26,1,12,0.9166666666666666,0,0,15,4713869.782113416,4.575342465753424,1.0
C-002057044,S-0079,-61.658338481110206,1,2,男性,49,3,12,0.4166666666666667,34586,2,13,4256656.371085242,8.479452054794521,6.0
C-002321230,S-0050,-100.0,1,2,女性,60,2,12,0.5833333333333334,0,0,20,4615411.181286601,9.2013698630137,6.0
C-001109807,S-0019,-1.0848718454873196,0,2,女性,52,8,12,0.3333333333333333,42715,1,19,4327199.920883598,4.090410958904109,1.0
C-000802754,S-0036,-24.986779082241664,0,2,女性,59,9,12,0.0833333333333333,23978,2,19,4397834.424680548,11.123287671232877,9.0
C-000150535,S-0131,-25.66333387170009,0,2,男性,29,12,12,0.25,0,0,17,4569023.5643747775,5.13972602739726,2.0
C-002566408,S-0072,-18.99378500366283,0,2,女性,74,1,12,0.5833333333333334,0,0,12,4406797.312641796,9.01917808219178,6.0
C-000372964,S-0005,-2.5044797449568517,0,2,男性,57,11,12,0.9166666666666666,13134,1,21,4733942.970761149,4.69041095890411,2.0
C-000191761,S-0063,-28.00738536682249,0,2,男性,60,12,12,0.75,0,0,18,4564012.176421695,5.749315068493151,3.0
C-001499985,S-0056,-47.62595628269028,0,2,女性,47,6,12,0.4166666666666667,79715,1,15,4406070.585753419,7.528767123287671,4.0
C-000150373,S-0097,-23.25679873101036,0,2,女性,61,12,12,0.0,0,0,21,4592508.716501317,10.09041095890411,7.0
C-000055655,S-0019,-2.167929690535296,0,2,女性,64,12,12,0.5833333333333334,0,0,19,4327199.920883598,4.090410958904109,1.0
C-000610032,S-0063,-53.150529861840404,1,2,女性,58,10,12,0.6666666666666666,0,0,18,4564012.176421695,5.749315068493151,3.0
C-002142233,S-0089,-100.0,1,2,女性,57,3,12,0.4166666666666667,0,0,19,4721110.949352573,10.142465753424657,7.0
C-002607414,S-0089,-9.484785465286752,0,2,女性,59,1,12,1.0,0,0,19,4721110.949352573,10.142465753424657,7.0
C-002365184,S-0020,-52.4978317432784,1,2,男性,59,2,12,0.1666666666666666,56026,1,16,4280702.057267675,6.986301369863014,3.5
C-000636952,S-0106,-82.90913992990025,1,2,男性,55,10,12,0.4166666666666667,6427,1,20,4462729.145118021,6.171232876712329,3.5
C-001211654,S-0040,-100.0,1,2,女性,52,7,12,0.8333333333333334,0,0,20,4550116.0180538,8.163013698630138,4.0
C-002681370,S-0041,-76.76501393548845,1,2,女性,68,1,12,0.5,4149,1,17,4828489.286769263,10.389041095890411,7.0
C-000378842,S-0063,-33.78234642190371,0,2,男性,51,11,12,0.5833333333333334,0,0,18,4564012.176421695,5.749315068493151,3.0
C-000651942,S-0074,-100.0,1,2,男性,58,10,12,0.0,2706,1,14,4614054.39694187,8.308219178082192,6.0
C-002556648,S-0089,-77.69735523943098,1,2,男性,42,1,12,0.5,1138,2,19,4721110.949352573,10.142465753424657,7.0
C-001818150,S-0002,-35.13723046334524,0,2,女性,41,4,12,0.3333333333333333,0,0,15,4455566.655169959,5.663013698630137,2.0
C-000336894,S-0121,-100.0,1,2,男性,53,11,12,0.0833333333333333,0,0,14,4716268.25678644,9.856164383561644,7.0
C-002337928,S-0131,-20.236063708759954,0,2,男性,33,2,12,0.4166666666666667,22866,1,17,4569023.5643747775,5.13972602739726,2.0
C-002382792,S-0030,-1.299039782345346,0,2,女性,70,2,12,0.4166666666666667,0,0,22,4426478.045479023,9.236986301369862,5.5
C-001698240,S-0050,-45.84558484897867,0,2,女性,57,5,12,0.4166666666666667,5668,1,20,4615411.181286601,9.2013698630137,6.0
C-001825163,S-0020,-100.0,1,2,女性,49,4,12,0.5833333333333334,0,0,16,4280702.057267675,6.986301369863014,3.5
C-001107491,S-0062,-8.281328417660001,0,2,男性,27,8,12,0.3333333333333333,6240,1,15,4713869.782113416,4.575342465753424,1.0
C-000573607,S-0054,-96.95195212710115,1,2,女性,84,10,12,0.5833333333333334,0,0,23,4489160.181517739,6.358904109589041,4.0
C-001907102,S-0039,-74.20006703073557,1,2,男性,62,4,12,0.4166666666666667,0,0,16,4591288.568998441,8.193150684931506,5.0
C-000335469,S-0005,-14.00872608716498,0,2,女性,36,11,12,0.8333333333333334,9978,1,21,4733942.970761149,4.69041095890411,2.0
C-002610550,S-0017,-86.45880121774717,1,2,男性,52,1,12,0.5833333333333334,0,0,20,4640207.03550726,5.608219178082192,2.5
C-002362843,S-0050,-23.823980087333734,0,2,男性,29,2,12,0.6666666666666666,0,0,20,4615411.181286601,9.2013698630137,6.0
C-001321532,S-0020,-100.0,1,2,女性,21,7,12,0.25,18394,2,16,4280702.057267675,6.986301369863014,3.5
C-001777760,S-0111,-52.746837832735515,1,2,女性,60,5,12,0.5,10718,1,19,4489501.980758176,6.397260273972603,4.0
C-001163853,S-0126,-32.43052056774404,0,2,女性,47,7,12,0.75,0,0,17,4493168.352495564,5.53972602739726,3.0
C-000067036,S-0018,-100.0,1,2,男性,62,12,12,0.0833333333333333,4282,1,16,4493108.581950108,7.550684931506849,5.0
C-001187173,S-0030,-19.849137531442558,0,2,女性,31,7,12,0.6666666666666666,46456,1,22,4426478.045479023,9.236986301369862,5.5
C-001962906,S-0063,-40.475727777993704,0,2,女性,66,4,12,0.4166666666666667,0,0,18,4564012.176421695,5.749315068493151,3.0
C-000335345,S-0113,-92.26565232598811,1,2,男性,41,11,12,0.0833333333333333,12295,1,16,4336633.961311346,5.77945205479452,2.5
C-002364456,S-0019,-33.95743859479805,0,2,男性,54,2,12,0.25,0,0,19,4327199.920883598,4.090410958904109,1.0
C-001816729,S-0036,-46.81588434236444,0,2,女性,70,4,12,0.5,4429,1,19,4397834.424680548,11.123287671232877,9.0
C-002589913,S-0121,-100.0,1,2,男性,59,1,12,0.3333333333333333,6078,1,14,4716268.25678644,9.856164383561644,7.0
C-001712016,S-0059,-43.18666916307807,0,2,男性,68,5,12,0.5,0,0,14,4713188.969095345,6.8123287671232875,3.0
C-002684684,S-0014,-24.939764201500537,0,2,男性,68,1,12,0.4166666666666667,0,0,21,4730192.353344672,7.336986301369863,4.0
C-000152456,S-0059,-77.28805307041567,1,2,男性,59,12,12,0.5,2187,2,14,4713188.969095345,6.8123287671232875,3.0
C-000182796,S-0039,-61.154411943986155,1,2,女性,41,12,12,0.1666666666666666,3992,2,16,4591288.568998441,8.193150684931506,5.0
C-000536261,S-0007,-18.69680110945776,0,2,女性,44,10,12,0.25,33786,1,21,4487075.727367008,3.7260273972602738,1.0
C-001472369,S-0059,-28.132387706855795,0,2,男性,49,6,12,0.3333333333333333,1203,1,14,4713188.969095345,6.8123287671232875,3.0
C-002522963,S-0115,-92.54650132860938,1,2,女性,57,1,12,0.0833333333333333,0,0,14,4553643.099564746,10.51095890410959,7.0
C-001874861,S-0050,-100.0,1,2,女性,42,4,12,0.3333333333333333,0,0,20,4615411.181286601,9.2013698630137,6.0
C-000502074,S-0082,-14.320821977572889,0,2,女性,49,10,12,1.0,18591,1,17,4607261.71451126,4.758904109589041,2.0
C-001915224,S-0054,-15.567474506687857,0,2,女性,60,4,12,0.5,0,0,23,4489160.181517739,6.358904109589041,4.0
C-002593634,S-0019,-1.399864930510302,0,2,男性,52,1,12,0.75,102115,1,19,4327199.920883598,4.090410958904109,1.0
C-002264943,S-0007,-45.437049884297366,0,2,男性,62,2,12,0.0833333333333333,107551,1,21,4487075.727367008,3.7260273972602738,1.0
C-002143495,S-0096,-10.55388619107665,0,2,女性,48,3,12,0.5833333333333334,64440,1,16,4644856.458098179,8.302739726027397,5.0
C-002440671,S-0040,-46.88953128793883,0,2,女性,42,2,12,0.6666666666666666,4460,1,20,4550116.0180538,8.163013698630138,4.0
C-000948129,S-0007,-51.50535474393904,1,2,男性,41,8,12,0.0833333333333333,0,0,21,4487075.727367008,3.7260273972602738,1.0
C-000717894,S-0005,-8.696220481173702,0,2,女性,77,9,12,0.6666666666666666,0,0,21,4733942.970761149,4.69041095890411,2.0
C-002339086,S-0097,-35.352847268077,0,2,男性,39,2,12,0.3333333333333333,3510,1,21,4592508.716501317,10.09041095890411,7.0
C-000450114,S-0117,-100.0,1,2,女性,54,11,12,0.1666666666666666,0,0,20,4500859.737076383,9.593150684931507,7.0
C-000904109,S-0020,-100.0,1,2,男性,73,8,12,0.5833333333333334,0,0,16,4280702.057267675,6.986301369863014,3.5
C-002032837,S-0075,-78.76441599349693,1,2,女性,34,3,12,0.6666666666666666,29094,1,19,4506647.2743158825,4.526027397260274,1.0
C-002064816,S-0111,-93.58773711609115,1,2,女性,60,3,12,0.5833333333333334,43419,1,19,4489501.980758176,6.397260273972603,4.0
C-002253672,S-0085,-28.344291691572028,0,2,男性,33,2,12,0.6666666666666666,41428,1,15,4606655.398026554,4.928767123287671,2.0
C-002459356,S-0036,-100.0,1,2,女性,52,2,12,0.1666666666666666,0,0,19,4397834.424680548,11.123287671232877,9.0
C-000099956,S-0020,-93.70667597115609,1,2,女性,53,12,12,0.5833333333333334,0,0,16,4280702.057267675,6.986301369863014,3.5
C-000831067,S-0005,-63.984923316870294,1,2,男性,41,9,12,0.9166666666666666,0,0,21,4733942.970761149,4.69041095890411,2.0
C-000694387,S-0074,-57.892100744132804,1,2,男性,72,9,12,0.0833333333333333,0,0,14,4614054.39694187,8.308219178082192,6.0
C-000448792,S-0018,-100.0,1,2,女性,55,11,12,0.1666666666666666,4844,1,16,4493108.581950108,7.550684931506849,5.0
C-001483989,S-0111,-81.49169526135192,1,2,女性,64,6,12,0.6666666666666666,0,0,19,4489501.980758176,6.397260273972603,4.0
C-000251782,S-0004,-100.0,1,2,女性,69,11,12,0.5,7005,1,22,4423576.351309,11.806849315068494,9.0
C-000124324,S-0020,-100.0,1,2,女性,47,12,12,0.6666666666666666,34495,1,16,4280702.057267675,6.986301369863014,3.5
C-000270682,S-0072,-100.0,1,2,女性,47,11,12,0.0833333333333333,0,0,12,4406797.312641796,9.01917808219178,6.0
C-000090565,S-0056,-27.81804632573146,0,2,男性,40,12,12,0.25,1747,2,15,4406070.585753419,7.528767123287671,4.0
C-000956051,S-0062,-31.49996611449428,0,2,女性,38,8,12,0.4166666666666667,21401,2,15,4713869.782113416,4.575342465753424,1.0
C-002200715,S-0131,-6.217464987772631,0,2,女性,35,3,12,0.5,0,0,17,4569023.5643747775,5.13972602739726,2.0
C-000798639,S-0040,-100.0,1,2,男性,45,9,12,0.4166666666666667,0,0,20,4550116.0180538,8.163013698630138,4.0
C-001068615,S-0005,-16.744093052794994,0,2,男性,24,8,12,0.5833333333333334,0,0,21,4733942.970761149,4.69041095890411,2.0
C-001759852,S-0097,-5.408786260111572,0,2,女性,80,5,12,0.5833333333333334,0,0,21,4592508.716501317,10.09041095890411,7.0
C-000315929,S-0085,-29.233403411430675,0,2,男性,49,11,12,0.3333333333333333,5225,2,15,4606655.398026554,4.928767123287671,2.0
C-001756573,S-0050,-33.17394314743337,0,2,女性,58,5,12,0.4166666666666667,0,0,20,4615411.181286601,9.2013698630137,6.0
C-002505666,S-0079,-100.0,1,2,男性,28,1,12,0.0,655,1,13,4256656.371085242,8.479452054794521,6.0
C-000929598,S-0075,-50.140196666579726,1,2,女性,46,8,12,0.4166666666666667,0,0,19,4506647.2743158825,4.526027397260274,1.0
C-000516425,S-0085,-5.7073557207405745,0,2,女性,56,10,12,0.6666666666666666,0,0,15,4606655.398026554,4.928767123287671,2.0
C-001892661,S-0131,-95.09299371355982,1,2,男性,36,4,12,0.75,0,0,17,4569023.5643747775,5.13972602739726,2.0
C-001199930,S-0019,-13.696702590896894,0,2,女性,47,7,12,0.3333333333333333,7865,2,19,4327199.920883598,4.090410958904109,1.0
C-001271847,S-0075,-4.91223047958406,0,2,女性,36,7,12,0.5833333333333334,0,0,19,4506647.2743158825,4.526027397260274,1.0
C-000646841,S-0039,-39.11219956330773,0,2,女性,43,10,12,0.0833333333333333,0,0,16,4591288.568998441,8.193150684931506,5.0
C-002213638,S-0075,-41.75895878826897,0,2,女性,36,3,12,0.5,7283,1,19,4506647.2743158825,4.526027397260274,1.0
C-001376628,S-0007,-23.711564938044972,0,2,女性,48,6,12,0.5833333333333334,12614,1,21,4487075.727367008,3.7260273972602738,1.0
C-000063382,S-0059,-28.131545638854348,0,2,男性,29,12,12,0.5,244,1,14,4713188.969095345,6.8123287671232875,3.0
C-002181504,S-0019,-36.05149100724092,0,2,女性,45,3,12,0.25,88392,1,19,4327199.920883598,4.090410958904109,1.0
C-001152714,S-0018,-13.233394945638574,0,2,男性,64,7,12,0.5833333333333334,5644,2,16,4493108.581950108,7.550684931506849,5.0
C-001644829,S-0004,-100.0,1,2,女性,53,5,12,0.6666666666666666,25000,1,22,4423576.351309,11.806849315068494,9.0
C-002499423,S-0074,-74.2119456789444,1,2,女性,41,1,12,0.1666666666666666,3378,1,14,4614054.39694187,8.308219178082192,6.0
C-002205965,S-0039,-58.967907221447035,1,2,女性,47,3,12,0.0,14763,1,16,4591288.568998441,8.193150684931506,5.0
C-000174714,S-0004,-65.2688134830683,1,2,女性,49,12,12,0.5833333333333334,143253,1,22,4423576.351309,11.806849315068494,9.0
C-001582843,S-0075,-62.827304231230464,1,2,女性,37,5,12,0.9166666666666666,19427,1,19,4506647.2743158825,4.526027397260274,1.0
C-000561851,S-0017,-75.33404302180456,1,2,男性,50,10,12,0.5833333333333334,29687,1,20,4640207.03550726,5.608219178082192,2.5
C-002491566,S-0126,-5.444093982568403,0,2,男性,64,1,12,0.5833333333333334,0,0,17,4493168.352495564,5.53972602739726,3.0
C-001255569,S-0074,-36.01404078091803,0,2,女性,48,7,12,0.6666666666666666,0,0,14,4614054.39694187,8.308219178082192,6.0
C-001374963,S-0097,-100.0,1,2,男性,26,6,12,0.25,1528,1,21,4592508.716501317,10.09041095890411,7.0
C-001596908,S-0121,-64.91744780221582,1,2,男性,51,5,12,0.25,7421,1,14,4716268.25678644,9.856164383561644,7.0
C-001121688,S-0100,-7.57372102592237,0,2,女性,30,8,12,0.5833333333333334,0,0,17,4535925.154217558,4.720547945205479,2.0
C-000666759,S-0036,-100.0,1,2,男性,39,10,12,0.25,18061,1,19,4397834.424680548,11.123287671232877,9.0
C-001067079,S-0050,-44.26394849785408,0,2,女性,47,8,12,0.0833333333333333,0,0,20,4615411.181286601,9.2013698630137,6.0
C-000919067,S-0059,-43.08574061806976,0,2,女性,30,8,12,0.5,0,0,14,4713188.969095345,6.8123287671232875,3.0
C-001325831,S-0097,-43.992720781169446,0,2,女性,42,7,12,0.25,0,0,21,4592508.716501317,10.09041095890411,7.0
C-000019888,S-0005,-20.75112081308828,0,2,女性,70,12,12,0.4166666666666667,0,0,21,4733942.970761149,4.69041095890411,2.0
C-002605363,S-0002,-21.27744360027458,0,2,女性,50,1,12,0.5833333333333334,10951,1,15,4455566.655169959,5.663013698630137,2.0
C-002139399,S-0063,-42.687197818091654,0,2,女性,43,3,12,0.0833333333333333,6862,2,18,4564012.176421695,5.749315068493151,3.0
C-000886512,S-0008,-100.0,1,2,男性,54,9,12,0.5833333333333334,8228,1,22,4498453.308937302,10.772602739726027,7.0
C-001550169,S-0050,-100.0,1,2,男性,45,6,12,0.8333333333333334,0,0,20,4615411.181286601,9.2013698630137,6.0
C-001036491,S-0063,-44.177089736673736,0,2,女性,35,8,12,0.4166666666666667,56098,2,18,4564012.176421695,5.749315068493151,3.0
C-000821941,S-0004,-86.32698386368453,1,2,女性,35,9,12,0.3333333333333333,38776,1,22,4423576.351309,11.806849315068494,9.0
C-000917955,S-0079,-100.0,1,2,女性,51,8,12,0.4166666666666667,0,0,13,4256656.371085242,8.479452054794521,6.0
C-001141668,S-0040,-100.0,1,2,男性,33,7,12,0.25,0,0,20,4550116.0180538,8.163013698630138,4.0
C-000239324,S-0005,5.26579480977478,0,2,女性,31,11,12,0.6666666666666666,0,0,21,4733942.970761149,4.69041095890411,2.0
C-002608377,S-0111,-53.19937596039929,1,2,女性,57,1,12,0.25,0,0,19,4489501.980758176,6.397260273972603,4.0
C-002684910,S-0100,-80.40066742702658,1,2,男性,60,1,12,0.0,9506,1,17,4535925.154217558,4.720547945205479,2.0
C-002467977,S-0063,-11.941661525862509,0,2,女性,50,2,12,0.25,4603,1,18,4564012.176421695,5.749315068493151,3.0
C-001674650,S-0117,-52.72672364008202,1,2,女性,37,5,12,0.4166666666666667,1248,1,20,4500859.737076383,9.593150684931507,7.0
C-001781587,S-0050,1.8334682445485109,0,2,女性,57,5,12,0.75,78497,1,20,4615411.181286601,9.2013698630137,6.0
C-001181225,S-0036,-26.90705179523855,0,2,男性,50,7,12,0.5,0,0,19,4397834.424680548,11.123287671232877,9.0
C-000855839,S-0041,-72.30187542870526,1,2,男性,25,9,12,0.3333333333333333,18201,1,17,4828489.286769263,10.389041095890411,7.0
C-001029118,S-0054,-15.753080604031524,0,2,女性,42,8,12,0.75,0,0,23,4489160.181517739,6.358904109589041,4.0
C-001138926,S-0097,-36.35475431281171,0,2,男性,58,7,12,0.25,0,0,21,4592508.716501317,10.09041095890411,7.0
C-002220735,S-0111,-100.0,1,2,男性,15,3,12,0.4166666666666667,0,0,19,4489501.980758176,6.397260273972603,4.0
C-002667319,S-0020,-61.52265561341977,1,2,男性,19,1,12,0.25,100036,1,16,4280702.057267675,6.986301369863014,3.5
C-000094647,S-0100,-32.39346564853491,0,2,男性,22,12,12,0.4166666666666667,4894,1,17,4535925.154217558,4.720547945205479,2.0
C-000364826,S-0075,-63.401808620972,1,2,女性,43,11,12,0.75,0,0,19,4506647.2743158825,4.526027397260274,1.0
C-000400027,S-0100,-57.447202256256894,1,2,女性,43,11,12,0.5,0,0,17,4535925.154217558,4.720547945205479,2.0
C-001287208,S-0085,-40.67325230708107,0,2,男性,21,7,12,0.3333333333333333,0,0,15,4606655.398026554,4.928767123287671,2.0
C-001538372,S-0085,-6.141850797616366,0,2,女性,51,6,12,0.4166666666666667,31079,1,15,4606655.398026554,4.928767123287671,2.0
C-000358754,S-0019,-13.25743771534588,0,2,女性,35,11,12,0.1666666666666666,0,0,19,4327199.920883598,4.090410958904109,1.0
C-001541761,S-0059,-54.84505998425124,1,2,男性,61,6,12,0.8333333333333334,0,0,14,4713188.969095345,6.8123287671232875,3.0
C-002035940,S-0004,-48.821803095335966,0,2,女性,28,3,12,0.4166666666666667,0,0,22,4423576.351309,11.806849315068494,9.0
C-002246277,S-0096,-66.31163053222218,1,2,男性,54,3,12,0.1666666666666666,0,0,16,4644856.458098179,8.302739726027397,5.0
C-002041864,S-0131,-7.420012748594411,0,2,女性,73,3,12,0.6666666666666666,0,0,17,4569023.5643747775,5.13972602739726,2.0
C-002631061,S-0126,-7.893602656234104,0,2,女性,42,1,12,0.0833333333333333,0,0,17,4493168.352495564,5.53972602739726,3.0
C-002165531,S-0102,-29.319263949618595,0,2,男性,26,3,12,0.75,35757,1,16,4383474.364435211,10.484931506849314,7.5
C-001979776,S-0111,-100.0,1,2,男性,31,4,12,0.1666666666666666,10945,1,19,4489501.980758176,6.397260273972603,4.0
C-002345837,S-0059,-22.76611541581743,0,2,男性,41,2,12,0.5833333333333334,0,0,14,4713188.969095345,6.8123287671232875,3.0
C-002084485,S-0111,-100.0,1,2,男性,58,3,12,0.1666666666666666,13623,1,19,4489501.980758176,6.397260273972603,4.0
C-002098875,S-0082,-42.25899334850561,0,2,女性,43,3,12,0.25,26184,1,17,4607261.71451126,4.758904109589041,2.0
C-000940386,S-0075,-69.44506459847992,1,2,女性,57,8,12,0.1666666666666666,0,0,19,4506647.2743158825,4.526027397260274,1.0
C-001708691,S-0004,-31.255439416982412,0,2,男性,33,5,12,0.5833333333333334,8556,2,22,4423576.351309,11.806849315068494,9.0
C-001580143,S-0002,-52.61228474468213,1,2,女性,23,5,12,0.4166666666666667,0,0,15,4455566.655169959,5.663013698630137,2.0
C-000708651,S-0030,-36.20803433945887,0,2,女性,35,9,12,0.5833333333333334,0,0,22,4426478.045479023,9.236986301369862,5.5
C-002632219,S-0039,-49.573922963276964,1,2,男性,71,1,12,0.5,0,0,16,4591288.568998441,8.193150684931506,5.0
C-001370634,S-0062,-100.0,1,2,男性,62,6,12,0.8333333333333334,2256,1,15,4713869.782113416,4.575342465753424,1.0
C-002518870,S-0007,-63.69690493454948,1,2,男性,39,1,12,0.4166666666666667,2516,2,21,4487075.727367008,3.7260273972602738,1.0
C-002361047,S-0020,-100.0,1,2,女性,65,2,12,0.4166666666666667,9972,1,16,4280702.057267675,6.986301369863014,3.5
C-001973336,S-0019,-24.070772687310736,0,2,女性,58,4,12,0.6666666666666666,50945,1,19,4327199.920883598,4.090410958904109,1.0
C-000322529,S-0054,-41.703461292054094,0,2,男性,60,11,12,0.3333333333333333,0,0,23,4489160.181517739,6.358904109589041,4.0
C-001219697,S-0085,-13.94847621688387,0,2,女性,44,7,12,0.25,0,0,15,4606655.398026554,4.928767123287671,2.0
C-002171433,S-0106,-24.87038648883891,0,2,女性,69,3,12,0.1666666666666666,5643,2,20,4462729.145118021,6.171232876712329,3.5
C-002097334,S-0126,-21.23231941649534,0,2,女性,31,3,12,0.3333333333333333,0,0,17,4493168.352495564,5.53972602739726,3.0
C-002588510,S-0085,-26.52163137906321,0,2,女性,67,1,12,0.9166666666666666,1220,1,15,4606655.398026554,4.928767123287671,2.0
C-002660701,S-0059,-96.59481618619414,1,2,女性,51,1,12,0.3333333333333333,0,0,14,4713188.969095345,6.8123287671232875,3.0
C-001970833,S-0017,-80.20973295263688,1,2,女性,61,4,12,0.5833333333333334,16039,1,20,4640207.03550726,5.608219178082192,2.5
C-000615332,S-0020,-35.907891743598974,0,2,女性,56,10,12,0.3333333333333333,73967,1,16,4280702.057267675,6.986301369863014,3.5
C-001739096,S-0131,-43.37239545842811,0,2,男性,63,5,12,0.25,0,0,17,4569023.5643747775,5.13972602739726,2.0
C-000836645,S-0005,-27.129041531293563,0,2,女性,35,9,12,0.3333333333333333,0,0,21,4733942.970761149,4.69041095890411,2.0
C-000315745,S-0007,-85.16425987166065,1,2,女性,37,11,12,0.4166666666666667,0,0,21,4487075.727367008,3.7260273972602738,1.0
C-000817686,S-0005,-46.44974156937868,0,2,女性,57,9,12,0.9166666666666666,0,0,21,4733942.970761149,4.69041095890411,2.0
C-001100843,S-0131,-38.78584921861583,0,2,女性,29,8,12,0.1666666666666666,85616,1,17,4569023.5643747775,5.13972602739726,2.0
C-001124807,S-0002,-38.68846832712297,0,2,女性,58,8,12,0.5833333333333334,87500,2,15,4455566.655169959,5.663013698630137,2.0
C-002058285,S-0131,-48.458843617522376,0,2,女性,54,3,12,0.4166666666666667,17348,1,17,4569023.5643747775,5.13972602739726,2.0
C-000860646,S-0019,-18.59667448803798,0,2,女性,58,9,12,0.4166666666666667,9650,1,19,4327199.920883598,4.090410958904109,1.0
C-001295088,S-0085,-21.419997072170986,0,2,男性,55,7,12,0.5833333333333334,0,0,15,4606655.398026554,4.928767123287671,2.0
C-002135846,S-0102,-100.0,1,2,男性,53,3,12,0.0833333333333333,33712,1,16,4383474.364435211,10.484931506849314,7.5
C-001878093,S-0017,-100.0,1,2,女性,37,4,12,0.5,39827,1,20,4640207.03550726,5.608219178082192,2.5
C-002528226,S-0082,-25.553621777051056,0,2,女性,58,1,12,0.3333333333333333,0,0,17,4607261.71451126,4.758904109589041,2.0
C-001580365,S-0100,-100.0,1,2,女性,26,5,12,0.6666666666666666,0,0,17,4535925.154217558,4.720547945205479,2.0
C-001179354,S-0059,-23.875044100195645,0,2,女性,49,7,12,0.4166666666666667,0,0,14,4713188.969095345,6.8123287671232875,3.0
C-000590089,S-0131,-42.13218485166147,0,2,女性,56,10,12,0.5,26447,2,17,4569023.5643747775,5.13972602739726,2.0
C-002407609,S-0072,-58.16852215673434,1,2,女性,58,2,12,0.4166666666666667,12629,2,12,4406797.312641796,9.01917808219178,6.0
C-000697970,S-0054,-90.45200806326562,1,2,女性,63,9,12,0.1666666666666666,0,0,23,4489160.181517739,6.358904109589041,4.0
C-001022291,S-0059,-24.99401359694329,0,2,男性,41,8,12,0.5833333333333334,11561,1,14,4713188.969095345,6.8123287671232875,3.0
C-001956097,S-0059,-67.45626323162318,1,2,女性,21,4,12,0.25,0,0,14,4713188.969095345,6.8123287671232875,3.0
C-001025874,S-0082,-36.71573789000412,0,2,女性,53,8,12,0.3333333333333333,18360,1,17,4607261.71451126,4.758904109589041,2.0
C-002563942,S-0096,-69.99255986673602,1,2,女性,56,1,12,0.6666666666666666,59945,1,16,4644856.458098179,8.302739726027397,5.0
C-001673105,S-0111,-27.16728755966138,0,2,男性,75,5,12,0.0833333333333333,9033,1,19,4489501.980758176,6.397260273972603,4.0
C-000712032,S-0126,-2.434161037789405,0,2,女性,31,9,12,0.3333333333333333,0,0,17,4493168.352495564,5.53972602739726,3.0
C-001231367,S-0007,-47.30676369571871,0,2,男性,58,7,12,0.6666666666666666,23388,1,21,4487075.727367008,3.7260273972602738,1.0
C-000787240,S-0099,-44.382643219656536,0,2,男性,48,9,12,0.1666666666666666,46646,1,13,4464126.154078853,8.147945205479452,5.0
C-002685337,S-0121,-38.14961883720468,0,2,女性,40,1,12,0.25,0,0,14,4716268.25678644,9.856164383561644,7.0
C-000037294,S-0113,-53.871045712622646,1,2,男性,62,12,12,0.0,5839,1,16,4336633.961311346,5.77945205479452,2.5
C-002608653,S-0004,-42.34990473227826,0,2,男性,56,1,12,0.8333333333333334,0,0,22,4423576.351309,11.806849315068494,9.0
C-000567765,S-0131,-34.3115303675427,0,2,女性,45,10,12,0.3333333333333333,0,0,17,4569023.5643747775,5.13972602739726,2.0
C-002452579,S-0036,-62.11231007513792,1,2,男性,48,2,12,0.0833333333333333,50904,1,19,4397834.424680548,11.123287671232877,9.0
C-002660365,S-0075,-44.6533580562044,0,2,男性,45,1,12,0.1666666666666666,17338,1,19,4506647.2743158825,4.526027397260274,1.0
C-000890659,S-0131,-58.032496797323574,1,2,男性,43,9,12,0.8333333333333334,0,0,17,4569023.5643747775,5.13972602739726,2.0
C-001938746,S-0039,-31.522061300101043,0,2,女性,23,4,12,0.1666666666666666,28529,1,16,4591288.568998441,8.193150684931506,5.0
C-002123687,S-0111,-35.767602541691865,0,2,女性,40,3,12,0.8333333333333334,0,0,19,4489501.980758176,6.397260273972603,4.0
C-000121952,S-0117,-100.0,1,2,男性,44,12,12,0.0833333333333333,0,0,20,4500859.737076383,9.593150684931507,7.0
C-001176685,S-0039,-52.37157492871985,1,2,男性,38,7,12,0.0,0,0,16,4591288.568998441,8.193150684931506,5.0
C-002693649,S-0004,-15.052209512711215,0,2,女性,50,1,12,0.5,0,0,22,4423576.351309,11.806849315068494,9.0
C-001377607,S-0005,-14.464193500024988,0,2,男性,45,6,12,0.5833333333333334,0,0,21,4733942.970761149,4.69041095890411,2.0
C-000092541,S-0054,-100.0,1,2,女性,59,12,12,0.6666666666666666,3057,1,23,4489160.181517739,6.358904109589041,4.0
C-000116220,S-0005,-15.385801693068476,0,2,女性,72,12,12,0.6666666666666666,0,0,21,4733942.970761149,4.69041095890411,2.0
C-000635786,S-0059,-82.68473032442944,1,2,女性,42,10,12,0.0,3997,1,14,4713188.969095345,6.8123287671232875,3.0
C-001731326,S-0121,-100.0,1,2,女性,41,5,12,0.5833333333333334,36844,1,14,4716268.25678644,9.856164383561644,7.0
C-002629446,S-0115,-100.0,1,2,男性,73,1,12,0.25,0,0,14,4553643.099564746,10.51095890410959,7.0
C-002237766,S-0050,-62.564484791638755,1,2,女性,60,3,12,0.75,6512,2,20,4615411.181286601,9.2013698630137,6.0
C-001200842,S-0040,-28.581072468830993,0,2,女性,49,7,12,0.3333333333333333,34161,1,20,4550116.0180538,8.163013698630138,4.0
C-000603518,S-0126,-75.10132158590308,1,2,男性,82,10,12,0.3333333333333333,0,0,17,4493168.352495564,5.53972602739726,3.0
C-000423438,S-0121,-16.470389934238412,0,2,男性,49,11,12,0.3333333333333333,0,0,14,4716268.25678644,9.856164383561644,7.0
C-000565676,S-0054,-100.0,1,2,男性,55,10,12,0.5,54454,1,23,4489160.181517739,6.358904109589041,4.0
C-002373666,S-0002,-36.90431422862241,0,2,女性,40,2,12,0.3333333333333333,9705,1,15,4455566.655169959,5.663013698630137,2.0
C-000550709,S-0017,-42.170979111149315,0,2,男性,63,10,12,0.8333333333333334,49628,2,20,4640207.03550726,5.608219178082192,2.5
C-002369716,S-0082,-50.383810188415914,1,2,女性,56,2,12,0.1666666666666666,0,0,17,4607261.71451126,4.758904109589041,2.0
C-000909598,S-0106,-100.0,1,2,男性,56,8,12,0.1666666666666666,0,0,20,4462729.145118021,6.171232876712329,3.5
C-000952983,S-0075,-100.0,1,2,女性,43,8,12,0.5,84600,1,19,4506647.2743158825,4.526027397260274,1.0
C-002621347,S-0121,-29.392520988258198,0,2,女性,33,1,12,0.1666666666666666,0,0,14,4716268.25678644,9.856164383561644,7.0
C-001354452,S-0102,-82.20728305555379,1,2,女性,32,6,12,0.4166666666666667,0,0,16,4383474.364435211,10.484931506849314,7.5
C-001047606,S-0062,-61.81886670612926,1,2,女性,49,8,12,0.3333333333333333,0,0,15,4713869.782113416,4.575342465753424,1.0
C-001060305,S-0126,-53.88320467323495,1,2,男性,43,8,12,0.25,25451,1,17,4493168.352495564,5.53972602739726,3.0
C-002196297,S-0018,-100.0,1,2,男性,52,3,12,0.0833333333333333,0,0,16,4493108.581950108,7.550684931506849,5.0
C-000628838,S-0102,-100.0,1,2,男性,37,10,12,0.1666666666666666,0,0,16,4383474.364435211,10.484931506849314,7.5
C-001515264,S-0017,-28.54632946786334,0,2,男性,62,6,12,0.25,27336,1,20,4640207.03550726,5.608219178082192,2.5
C-001790586,S-0121,-100.0,1,2,男性,55,5,12,0.25,0,0,14,4716268.25678644,9.856164383561644,7.0
C-002383040,S-0059,-16.471897742070816,0,2,女性,46,2,12,0.5,6365,1,14,4713188.969095345,6.8123287671232875,3.0
C-001324562,S-0099,-53.50509436074792,1,2,女性,58,7,12,0.5,72176,1,13,4464126.154078853,8.147945205479452,5.0
C-002532049,S-0019,-17.56094723111876,0,2,女性,39,1,12,0.25,0,0,19,4327199.920883598,4.090410958904109,1.0
C-002291795,S-0050,-94.62170538910645,1,2,女性,40,2,12,0.25,0,0,20,4615411.181286601,9.2013698630137,6.0
C-000386734,S-0005,-35.83209704162667,0,2,女性,51,11,12,0.3333333333333333,0,0,21,4733942.970761149,4.69041095890411,2.0
C-001290555,S-0050,-55.95218280388055,1,2,女性,49,7,12,0.0833333333333333,0,0,20,4615411.181286601,9.2013698630137,6.0
C-001808364,S-0062,-52.628957731930235,1,2,女性,46,4,12,0.5833333333333334,0,0,15,4713869.782113416,4.575342465753424,1.0
C-002021187,S-0056,-3.676288582055666,0,2,男性,45,4,12,0.25,0,0,15,4406070.585753419,7.528767123287671,4.0
C-001632852,S-0075,-54.24512864964311,1,2,女性,31,5,12,0.3333333333333333,3308,1,19,4506647.2743158825,4.526027397260274,1.0
C-001419331,S-0050,-100.0,1,2,男性,46,6,12,0.1666666666666666,0,0,20,4615411.181286601,9.2013698630137,6.0
C-001560056,S-0017,-30.625407676050827,0,2,男性,32,6,12,0.5,0,0,20,4640207.03550726,5.608219178082192,2.5
C-001985858,S-0014,-100.0,1,2,女性,37,4,12,0.1666666666666666,0,0,21,4730192.353344672,7.336986301369863,4.0
C-001685738,S-0075,-30.570646539211214,0,2,女性,43,5,12,0.6666666666666666,0,0,19,4506647.2743158825,4.526027397260274,1.0
C-002323570,S-0131,-48.125458500109396,0,2,女性,73,2,12,0.0833333333333333,0,0,17,4569023.5643747775,5.13972602739726,2.0
C-001893934,S-0018,-34.21854711952436,0,2,女性,33,4,12,0.5833333333333334,4526,1,16,4493108.581950108,7.550684931506849,5.0
C-000226288,S-0113,-13.839691279515273,0,2,男性,33,11,12,0.1666666666666666,33220,1,16,4336633.961311346,5.77945205479452,2.5
C-001818697,S-0099,-79.6241580048893,1,2,男性,44,4,12,0.25,0,0,13,4464126.154078853,8.147945205479452,5.0
C-000237400,S-0019,-9.380000209159075,0,2,男性,46,11,12,0.5833333333333334,28727,1,19,4327199.920883598,4.090410958904109,1.0
C-001525018,S-0050,-35.60269574404792,0,2,女性,46,6,12,0.9166666666666666,9271,1,20,4615411.181286601,9.2013698630137,6.0
C-001966901,S-0111,-90.15542742541992,1,2,男性,70,4,12,0.25,0,0,19,4489501.980758176,6.397260273972603,4.0
C-002273711,S-0080,-46.35553336832089,0,2,女性,45,2,12,0.1666666666666666,7352,1,17,4457429.264950683,11.673972602739726,9.0
C-002656628,S-0126,-44.44536191435602,0,2,女性,68,1,12,0.9166666666666666,30071,1,17,4493168.352495564,5.53972602739726,3.0
C-001999652,S-0082,-63.16300647801529,1,2,男性,58,4,12,0.4166666666666667,0,0,17,4607261.71451126,4.758904109589041,2.0
C-002437735,S-0054,-100.0,1,2,女性,60,2,12,0.4166666666666667,8700,1,23,4489160.181517739,6.358904109589041,4.0
C-001215864,S-0072,-13.843975049281223,0,2,男性,43,7,12,0.25,3488,1,12,4406797.312641796,9.01917808219178,6.0
C-002366210,S-0050,-100.0,1,2,女性,55,2,12,0.0,17284,2,20,4615411.181286601,9.2013698630137,6.0
C-002141938,S-0054,-10.495912691625527,0,2,女性,41,3,12,0.25,0,0,23,4489160.181517739,6.358904109589041,4.0
C-001808756,S-0019,-5.000684400237259,0,2,女性,33,4,12,0.1666666666666666,18761,1,19,4327199.920883598,4.090410958904109,1.0
C-000275219,S-0082,-55.25879488109424,1,2,女性,31,11,12,0.5833333333333334,7898,1,17,4607261.71451126,4.758904109589041,2.0
C-000138845,S-0063,-20.29283501280909,0,2,男性,61,12,12,0.9166666666666666,0,0,18,4564012.176421695,5.749315068493151,3.0
C-002579197,S-0018,-11.37697240812903,0,2,男性,62,1,12,0.5,0,0,16,4493108.581950108,7.550684931506849,5.0
C-001629264,S-0082,-63.29238147943184,1,2,男性,53,5,12,0.5,7344,2,17,4607261.71451126,4.758904109589041,2.0
C-000644192,S-0121,-46.926835983206,0,2,女性,50,10,12,0.3333333333333333,0,0,14,4716268.25678644,9.856164383561644,7.0
C-000744867,S-0054,-6.460865456497579,0,2,男性,58,9,12,0.5,0,0,23,4489160.181517739,6.358904109589041,4.0
C-000997337,S-0005,-5.682866264632849,0,2,女性,35,8,12,0.3333333333333333,0,0,21,4733942.970761149,4.69041095890411,2.0
C-001997025,S-0131,-29.118651481250946,0,2,女性,64,4,12,0.3333333333333333,0,0,17,4569023.5643747775,5.13972602739726,2.0
C-002194501,S-0075,-91.77162183926558,1,2,男性,53,3,12,0.5,0,0,19,4506647.2743158825,4.526027397260274,1.0
C-000592788,S-0062,-62.929027223641654,1,2,男性,58,10,12,0.4166666666666667,0,0,15,4713869.782113416,4.575342465753424,1.0
C-002472817,S-0062,-67.4411881617461,1,2,女性,38,1,12,0.25,23656,1,15,4713869.782113416,4.575342465753424,1.0
C-001514333,S-0005,-54.756565811703275,1,2,男性,40,6,12,0.5833333333333334,29472,1,21,4733942.970761149,4.69041095890411,2.0
C-000936267,S-0019,-14.582201701973565,0,2,女性,55,8,12,0.5833333333333334,10042,1,19,4327199.920883598,4.090410958904109,1.0
C-001357157,S-0019,-18.0889220599211,0,2,男性,44,6,12,0.4166666666666667,0,0,19,4327199.920883598,4.090410958904109,1.0
C-001014101,S-0040,-100.0,1,2,女性,31,8,12,0.25,0,0,20,4550116.0180538,8.163013698630138,4.0
C-002265359,S-0020,-35.762564834727925,0,2,女性,40,2,12,0.4166666666666667,21100,1,16,4280702.057267675,6.986301369863014,3.5
C-001241339,S-0131,-48.23123426467647,0,2,女性,39,7,12,0.3333333333333333,0,0,17,4569023.5643747775,5.13972602739726,2.0
C-001064921,S-0111,-66.74934994979151,1,2,女性,54,8,12,0.0,5985,1,19,4489501.980758176,6.397260273972603,4.0
C-002079108,S-0062,-100.0,1,2,女性,54,3,12,0.9166666666666666,0,0,15,4713869.782113416,4.575342465753424,1.0
C-001061406,S-0111,0.09174609329843719,0,2,女性,62,8,12,0.5,0,0,19,4489501.980758176,6.397260273972603,4.0
C-002345924,S-0054,-53.34277440764305,1,2,男性,52,2,12,0.0833333333333333,15077,1,23,4489160.181517739,6.358904109589041,4.0
C-002036913,S-0012,-39.48895019286607,0,2,女性,44,3,12,0.1666666666666666,6217,1,16,4444678.825084195,7.994520547945205,5.0
C-002177728,S-0126,-100.0,1,2,男性,46,3,12,0.8333333333333334,0,0,17,4493168.352495564,5.53972602739726,3.0
C-001319777,S-0017,-71.22832678185087,1,2,女性,57,7,12,0.3333333333333333,53826,1,20,4640207.03550726,5.608219178082192,2.5
C-000075569,S-0111,-72.08411736338965,1,2,男性,42,12,12,0.3333333333333333,0,0,19,4489501.980758176,6.397260273972603,4.0
C-001031599,S-0121,-55.62889346354992,1,2,男性,30,8,12,0.1666666666666666,22933,2,14,4716268.25678644,9.856164383561644,7.0
C-000172841,S-0072,-100.0,1,2,女性,16,12,12,0.1666666666666666,0,0,12,4406797.312641796,9.01917808219178,6.0
C-000025591,S-0063,-44.0297904851824,0,2,女性,44,12,12,0.5833333333333334,0,0,18,4564012.176421695,5.749315068493151,3.0
C-002605258,S-0056,-52.73188374112223,1,2,女性,66,1,12,0.5833333333333334,0,0,15,4406070.585753419,7.528767123287671,4.0
C-000380173,S-0050,-37.571309225444566,0,2,女性,49,11,12,0.0833333333333333,8513,1,20,4615411.181286601,9.2013698630137,6.0
C-000646661,S-0020,-86.06747360288438,1,2,女性,49,10,12,0.5,11425,1,16,4280702.057267675,6.986301369863014,3.5
C-001137698,S-0113,-100.0,1,2,男性,36,7,12,0.5,1345,2,16,4336633.961311346,5.77945205479452,2.5
C-002020165,S-0063,-52.773112323111405,1,2,男性,79,4,12,0.25,113134,2,18,4564012.176421695,5.749315068493151,3.0
C-001767652,S-0019,-3.4375947944748972,0,2,女性,53,5,12,0.4166666666666667,0,0,19,4327199.920883598,4.090410958904109,1.0
C-001070708,S-0072,-100.0,1,2,女性,44,8,12,0.0833333333333333,0,0,12,4406797.312641796,9.01917808219178,6.0
C-001287753,S-0005,-6.103623173762807,0,2,男性,56,7,12,0.5,16441,2,21,4733942.970761149,4.69041095890411,2.0
C-001190123,S-0050,-75.13020700099254,1,2,女性,35,7,12,0.0833333333333333,0,0,20,4615411.181286601,9.2013698630137,6.0
C-002297311,S-0002,-15.766088127784563,0,2,男性,58,2,12,0.5,0,0,15,4455566.655169959,5.663013698630137,2.0
C-002658160,S-0050,-30.890548395771706,0,2,女性,61,1,12,0.5833333333333334,0,0,20,4615411.181286601,9.2013698630137,6.0
C-002512015,S-0113,-60.771764189263365,1,2,女性,61,1,12,0.25,0,0,16,4336633.961311346,5.77945205479452,2.5
C-000245000,S-0062,-27.471986208595002,0,2,女性,46,11,12,0.3333333333333333,0,0,15,4713869.782113416,4.575342465753424,1.0
C-001727828,S-0019,-36.424114279820536,0,2,女性,49,5,12,0.5,31347,1,19,4327199.920883598,4.090410958904109,1.0
C-000756204,S-0004,-10.097305803553777,0,2,女性,47,9,12,0.8333333333333334,1625,2,22,4423576.351309,11.806849315068494,9.0
C-000293844,S-0007,-85.68195784278343,1,2,女性,32,11,12,0.0833333333333333,14907,2,21,4487075.727367008,3.7260273972602738,1.0
C-002010972,S-0089,-100.0,1,2,女性,63,4,12,0.1666666666666666,7679,1,19,4721110.949352573,10.142465753424657,7.0
C-002227826,S-0097,-5.4073165080536505,0,2,女性,46,3,12,0.5,0,0,21,4592508.716501317,10.09041095890411,7.0
C-000111368,S-0063,-56.413872315987625,1,2,女性,24,12,12,0.5,3740,1,18,4564012.176421695,5.749315068493151,3.0
C-001710995,S-0005,-21.72012529925321,0,2,女性,32,5,12,0.4166666666666667,0,0,21,4733942.970761149,4.69041095890411,2.0
C-000940791,S-0096,-37.17655670820759,0,2,女性,69,8,12,0.0833333333333333,7652,2,16,4644856.458098179,8.302739726027397,5.0
C-001895766,S-0063,-77.05500894454383,1,2,女性,59,4,12,0.6666666666666666,0,0,18,4564012.176421695,5.749315068493151,3.0
C-001297863,S-0039,-100.0,1,2,女性,19,7,12,0.75,68765,1,16,4591288.568998441,8.193150684931506,5.0
C-001432888,S-0075,-42.167897760581546,0,2,男性,47,6,12,0.6666666666666666,0,0,19,4506647.2743158825,4.526027397260274,1.0
C-002642437,S-0100,-96.21270133814424,1,2,女性,58,1,12,0.6666666666666666,0,0,17,4535925.154217558,4.720547945205479,2.0
C-000889631,S-0131,-48.20944393382353,0,2,女性,42,9,12,0.6666666666666666,0,0,17,4569023.5643747775,5.13972602739726,2.0
C-001282670,S-0054,-36.395453841098174,0,2,女性,82,7,12,0.25,0,0,23,4489160.181517739,6.358904109589041,4.0
C-002610678,S-0005,-86.85488401958423,1,2,男性,39,1,12,0.5,3082,2,21,4733942.970761149,4.69041095890411,2.0
C-000357581,S-0062,-73.83286460425875,1,2,女性,20,11,12,0.5833333333333334,27445,1,15,4713869.782113416,4.575342465753424,1.0
C-000072076,S-0050,-49.62035272408264,1,2,女性,56,12,12,0.4166666666666667,0,0,20,4615411.181286601,9.2013698630137,6.0
C-002681596,S-0059,-25.692122204781732,0,2,女性,31,1,12,0.5833333333333334,32939,2,14,4713188.969095345,6.8123287671232875,3.0
C-001604932,S-0062,-56.28002819803698,1,2,男性,45,5,12,0.0,0,0,15,4713869.782113416,4.575342465753424,1.0
C-000409674,S-0089,-88.2549281394801,1,2,男性,51,11,12,0.3333333333333333,0,0,19,4721110.949352573,10.142465753424657,7.0
C-002622824,S-0059,-28.255031262083314,0,2,女性,32,1,12,0.25,0,0,14,4713188.969095345,6.8123287671232875,3.0
C-001032660,S-0017,-76.54513647297378,1,2,女性,60,8,12,0.6666666666666666,0,0,20,4640207.03550726,5.608219178082192,2.5
C-002239719,S-0007,-33.207066372170914,0,2,女性,40,3,12,0.5,41145,1,21,4487075.727367008,3.7260273972602738,1.0
C-001445755,S-0039,-49.732082007290366,1,2,男性,48,6,12,0.1666666666666666,0,0,16,4591288.568998441,8.193150684931506,5.0
C-000902218,S-0017,-34.60195945665842,0,2,男性,34,8,12,0.0833333333333333,33959,1,20,4640207.03550726,5.608219178082192,2.5
C-001956424,S-0008,-61.508551645739686,1,2,女性,48,4,12,0.1666666666666666,18265,1,22,4498453.308937302,10.772602739726027,7.0
C-000555722,S-0039,-15.658588830438175,0,2,男性,48,10,12,0.5,23192,1,16,4591288.568998441,8.193150684931506,5.0
C-002507197,S-0050,-68.91929499072357,1,2,女性,55,1,12,0.6666666666666666,0,0,20,4615411.181286601,9.2013698630137,6.0
C-000187049,S-0062,-98.79259878737194,1,2,女性,58,12,12,0.6666666666666666,2134,1,15,4713869.782113416,4.575342465753424,1.0
C-001872751,S-0131,-72.45856112173854,1,2,女性,42,4,12,0.5,75919,1,17,4569023.5643747775,5.13972602739726,2.0
C-002087198,S-0085,-32.11644897055568,0,2,男性,34,3,12,0.6666666666666666,13409,2,15,4606655.398026554,4.928767123287671,2.0
C-001849145,S-0075,-17.779906235821947,0,2,女性,41,4,12,0.5833333333333334,0,0,19,4506647.2743158825,4.526027397260274,1.0
C-002497155,S-0005,-32.06047216138773,0,2,男性,40,1,12,0.5833333333333334,0,0,21,4733942.970761149,4.69041095890411,2.0
C-000953422,S-0020,-46.32840226631646,0,2,男性,41,8,12,0.5,0,0,16,4280702.057267675,6.986301369863014,3.5
C-000064740,S-0020,-44.98469248673698,0,2,男性,72,12,12,0.5,19363,1,16,4280702.057267675,6.986301369863014,3.5
C-002397515,S-0036,-58.51764369050175,1,2,女性,29,2,12,0.5,3937,1,19,4397834.424680548,11.123287671232877,9.0
C-002453369,S-0017,-27.858671142315377,0,2,女性,40,2,12,0.0833333333333333,62479,2,20,4640207.03550726,5.608219178082192,2.5
C-002303540,S-0126,-66.87012195822845,1,2,男性,18,2,12,0.5833333333333334,0,0,17,4493168.352495564,5.53972602739726,3.0
C-001330698,S-0074,-100.0,1,2,女性,39,7,12,0.1666666666666666,0,0,14,4614054.39694187,8.308219178082192,6.0
C-000975355,S-0004,-100.0,1,2,男性,43,8,12,0.0833333333333333,0,0,22,4423576.351309,11.806849315068494,9.0
C-000602366,S-0004,-8.549426732414988,0,2,男性,68,10,12,0.0,0,0,22,4423576.351309,11.806849315068494,9.0
C-001007597,S-0100,-100.0,1,2,女性,47,8,12,0.6666666666666666,17087,1,17,4535925.154217558,4.720547945205479,2.0
C-000950457,S-0054,0.13876070977412114,0,2,女性,56,8,12,0.5,0,0,23,4489160.181517739,6.358904109589041,4.0
C-002448128,S-0099,-100.0,1,2,男性,44,2,12,0.3333333333333333,0,0,13,4464126.154078853,8.147945205479452,5.0
C-002152044,S-0099,-33.08615972553958,0,2,男性,59,3,12,0.0833333333333333,4690,1,13,4464126.154078853,8.147945205479452,5.0
C-000643798,S-0075,-100.0,1,2,男性,57,10,12,0.5,20778,1,19,4506647.2743158825,4.526027397260274,1.0
C-000432544,S-0082,-61.148771504499045,1,2,男性,48,11,12,0.4166666666666667,7833,2,17,4607261.71451126,4.758904109589041,2.0
C-000482834,S-0059,-100.0,1,2,女性,40,10,12,0.4166666666666667,0,0,14,4713188.969095345,6.8123287671232875,3.0
C-002118060,S-0085,-22.887188074820834,0,2,女性,45,3,12,0.1666666666666666,26005,2,15,4606655.398026554,4.928767123287671,2.0
C-000370442,S-0005,-100.0,1,2,男性,43,11,12,0.5833333333333334,0,0,21,4733942.970761149,4.69041095890411,2.0
C-000271659,S-0074,-100.0,1,2,女性,46,11,12,0.0833333333333333,12504,2,14,4614054.39694187,8.308219178082192,6.0
C-002667317,S-0017,-10.399805130043523,0,2,男性,41,1,12,0.5833333333333334,0,0,20,4640207.03550726,5.608219178082192,2.5
C-002674722,S-0089,-70.45900100914659,1,2,男性,63,1,12,0.1666666666666666,2743,1,19,4721110.949352573,10.142465753424657,7.0
C-001581111,S-0062,-100.0,1,2,女性,68,5,12,0.6666666666666666,0,0,15,4713869.782113416,4.575342465753424,1.0
C-002324799,S-0050,-100.0,1,2,女性,47,2,12,0.5833333333333334,0,0,20,4615411.181286601,9.2013698630137,6.0
C-002181494,S-0121,-85.34840815554189,1,2,女性,59,3,12,0.25,2163,1,14,4716268.25678644,9.856164383561644,7.0
C-000886552,S-0082,-74.95255392526988,1,2,女性,31,9,12,0.1666666666666666,24537,1,17,4607261.71451126,4.758904109589041,2.0
C-002379394,S-0040,-83.21555647496896,1,2,女性,46,2,12,0.1666666666666666,0,0,20,4550116.0180538,8.163013698630138,4.0
C-000700298,S-0050,-15.565628709978748,0,2,男性,42,9,12,0.4166666666666667,0,0,20,4615411.181286601,9.2013698630137,6.0
C-000678417,S-0121,-20.383888048411496,0,2,女性,45,9,12,0.3333333333333333,10075,1,14,4716268.25678644,9.856164383561644,7.0
C-001350174,S-0036,0.6800788973002294,0,2,女性,38,7,12,0.75,0,0,19,4397834.424680548,11.123287671232877,9.0
C-000456222,S-0074,-100.0,1,2,男性,47,10,12,0.5833333333333334,1197,1,14,4614054.39694187,8.308219178082192,6.0
C-000428857,S-0106,-100.0,1,2,女性,45,11,12,0.1666666666666666,0,0,20,4462729.145118021,6.171232876712329,3.5
C-000497885,S-0005,-9.286853793741942,0,2,女性,42,10,12,0.4166666666666667,5439,2,21,4733942.970761149,4.69041095890411,2.0
C-002288188,S-0102,-63.1154393232351,1,2,男性,67,2,12,0.1666666666666666,6678,1,16,4383474.364435211,10.484931506849314,7.5
C-002467416,S-0050,-22.058019574993388,0,2,女性,45,2,12,0.1666666666666666,0,0,20,4615411.181286601,9.2013698630137,6.0
C-000232757,S-0050,-100.0,1,2,女性,38,11,12,0.4166666666666667,0,0,20,4615411.181286601,9.2013698630137,6.0
C-001827280,S-0096,-54.10603428242611,1,2,男性,31,4,12,0.5,33823,1,16,4644856.458098179,8.302739726027397,5.0
C-000906928,S-0075,-93.6434519827447,1,2,女性,44,8,12,0.5,0,0,19,4506647.2743158825,4.526027397260274,1.0
C-001139336,S-0121,-83.67113420433124,1,2,女性,49,7,12,0.3333333333333333,37899,2,14,4716268.25678644,9.856164383561644,7.0
C-000890490,S-0008,-100.0,1,2,男性,31,9,12,0.0833333333333333,0,0,22,4498453.308937302,10.772602739726027,7.0
C-001982887,S-0048,-50.16337381568623,1,2,男性,35,4,12,0.5,1626,2,15,4502249.082895545,3.671232876712329,1.0
C-001047724,S-0082,-29.76582596484598,0,2,男性,23,8,12,0.4166666666666667,0,0,17,4607261.71451126,4.758904109589041,2.0
C-001733486,S-0085,-58.19797592122998,1,2,女性,43,5,12,0.5833333333333334,0,0,15,4606655.398026554,4.928767123287671,2.0
C-000488539,S-0089,-100.0,1,2,男性,56,10,12,0.5,1200,1,19,4721110.949352573,10.142465753424657,7.0
C-001665682,S-0121,-100.0,1,2,男性,49,5,12,0.25,0,0,14,4716268.25678644,9.856164383561644,7.0
C-001556704,S-0005,-100.0,1,2,男性,37,6,12,0.25,20609,2,21,4733942.970761149,4.69041095890411,2.0
C-000492727,S-0056,-41.4870699491561,0,2,女性,42,10,12,0.0833333333333333,13474,2,15,4406070.585753419,7.528767123287671,4.0
C-000126216,S-0113,-34.77003400542713,0,2,女性,29,12,12,0.5833333333333334,-955,1,16,4336633.961311346,5.77945205479452,2.5
C-002125597,S-0059,-51.309116324080215,1,2,女性,42,3,12,0.5833333333333334,4730,1,14,4713188.969095345,6.8123287671232875,3.0
C-002334277,S-0075,-27.77073822707469,0,2,女性,60,2,12,0.6666666666666666,0,0,19,4506647.2743158825,4.526027397260274,1.0
C-002513263,S-0004,-15.774012283834995,0,2,女性,52,1,12,0.3333333333333333,0,0,22,4423576.351309,11.806849315068494,9.0
C-001618482,S-0100,-59.62348604528699,1,2,女性,21,5,12,0.75,0,0,17,4535925.154217558,4.720547945205479,2.0
C-000415315,S-0063,-28.418757837010983,0,2,男性,67,11,12,0.4166666666666667,5801,1,18,4564012.176421695,5.749315068493151,3.0
C-002298200,S-0019,-18.673605691660246,0,2,女性,64,2,12,1.0,0,0,19,4327199.920883598,4.090410958904109,1.0
C-001638190,S-0020,-43.42159006270873,0,2,女性,41,5,12,0.3333333333333333,0,0,16,4280702.057267675,6.986301369863014,3.5
C-000766006,S-0121,-65.40334836443358,1,2,男性,61,9,12,0.5,0,0,14,4716268.25678644,9.856164383561644,7.0
C-000495847,S-0074,-47.15526123484584,0,2,女性,56,10,12,0.0,60264,1,14,4614054.39694187,8.308219178082192,6.0
C-000365689,S-0099,-43.39176799604134,0,2,男性,32,11,12,0.8333333333333334,0,0,13,4464126.154078853,8.147945205479452,5.0
C-001136357,S-0079,-7.024220878003364,0,2,女性,44,7,12,1.0,0,0,13,4256656.371085242,8.479452054794521,6.0
C-000285406,S-0097,-44.351901892548504,0,2,男性,29,11,12,0.0,31953,1,21,4592508.716501317,10.09041095890411,7.0
C-000779602,S-0012,-100.0,1,2,女性,48,9,12,0.4166666666666667,0,0,16,4444678.825084195,7.994520547945205,5.0
C-000423837,S-0082,-51.431815114442,1,2,男性,65,11,12,0.0,34898,1,17,4607261.71451126,4.758904109589041,2.0
C-001486170,S-0056,-100.0,1,2,女性,68,6,12,0.3333333333333333,21318,1,15,4406070.585753419,7.528767123287671,4.0
C-000013634,S-0018,-100.0,1,2,女性,35,12,12,0.1666666666666666,8925,1,16,4493108.581950108,7.550684931506849,5.0
C-000371355,S-0099,-48.07867921628195,0,2,女性,24,11,12,0.4166666666666667,0,0,13,4464126.154078853,8.147945205479452,5.0
C-002573069,S-0019,9.786085365223444,0,2,女性,55,1,12,0.8333333333333334,0,0,19,4327199.920883598,4.090410958904109,1.0
C-002448758,S-0075,-100.0,1,2,女性,53,2,12,0.5,4813,1,19,4506647.2743158825,4.526027397260274,1.0
C-000472869,S-0012,-34.243929979437794,0,2,女性,79,10,12,0.0,24840,2,16,4444678.825084195,7.994520547945205,5.0
C-002085061,S-0085,-100.0,1,2,女性,38,3,12,0.4166666666666667,12738,1,15,4606655.398026554,4.928767123287671,2.0
C-000120642,S-0048,-20.717954434224666,0,2,男性,41,12,12,0.0833333333333333,6655,1,15,4502249.082895545,3.671232876712329,1.0
C-000505279,S-0113,-5.311088481594506,0,2,男性,46,10,12,0.4166666666666667,4317,1,16,4336633.961311346,5.77945205479452,2.5
C-001218484,S-0017,-38.838146265319466,0,2,男性,46,7,12,0.3333333333333333,0,0,20,4640207.03550726,5.608219178082192,2.5
C-002330499,S-0039,-32.07834572229357,0,2,男性,79,2,12,0.75,0,0,16,4591288.568998441,8.193150684931506,5.0
C-001270568,S-0131,-23.563810564858866,0,2,女性,48,7,12,0.1666666666666666,2367,1,17,4569023.5643747775,5.13972602739726,2.0
C-001728952,S-0050,-29.21493519775377,0,2,女性,25,5,12,0.4166666666666667,37427,1,20,4615411.181286601,9.2013698630137,6.0
C-001335298,S-0036,-76.21607478413928,1,2,女性,45,7,12,1.0,8877,1,19,4397834.424680548,11.123287671232877,9.0
C-002365663,S-0039,-50.18368689272364,1,2,男性,47,2,12,0.25,13716,1,16,4591288.568998441,8.193150684931506,5.0
C-000735897,S-0062,-24.963717679116193,0,2,女性,33,9,12,0.25,20531,1,15,4713869.782113416,4.575342465753424,1.0
C-000304401,S-0056,-43.207674372875644,0,2,女性,52,11,12,0.4166666666666667,26351,1,15,4406070.585753419,7.528767123287671,4.0
C-000205457,S-0062,-56.21016975101908,1,2,男性,41,12,12,0.0833333333333333,0,0,15,4713869.782113416,4.575342465753424,1.0
C-002662159,S-0050,-51.083626851458796,1,2,女性,44,1,12,0.0,0,0,20,4615411.181286601,9.2013698630137,6.0
C-001502999,S-0072,-11.78691011674411,0,2,女性,49,6,12,0.8333333333333334,0,0,12,4406797.312641796,9.01917808219178,6.0
C-000058987,S-0059,-21.439640385639084,0,2,女性,46,12,12,0.4166666666666667,5138,1,14,4713188.969095345,6.8123287671232875,3.0
C-001792337,S-0005,-100.0,1,2,男性,50,5,12,0.8333333333333334,12468,1,21,4733942.970761149,4.69041095890411,2.0
C-001852963,S-0131,-49.677831737798385,1,2,女性,36,4,12,0.5833333333333334,0,0,17,4569023.5643747775,5.13972602739726,2.0
C-002635849,S-0085,-7.647504969139031,0,2,女性,58,1,12,1.0,0,0,15,4606655.398026554,4.928767123287671,2.0
C-000139767,S-0131,-47.75629101329048,0,2,女性,53,12,12,0.5,0,0,17,4569023.5643747775,5.13972602739726,2.0
C-001991471,S-0062,-13.500101040629062,0,2,男性,53,4,12,0.3333333333333333,0,0,15,4713869.782113416,4.575342465753424,1.0
C-002686719,S-0126,7.4320589567519395,0,2,女性,44,1,12,0.1666666666666666,5259,1,17,4493168.352495564,5.53972602739726,3.0
C-002684397,S-0072,-42.59168060591137,0,2,男性,41,1,12,0.3333333333333333,0,0,12,4406797.312641796,9.01917808219178,6.0
C-001757939,S-0005,-31.08475578216212,0,2,女性,53,5,12,0.8333333333333334,0,0,21,4733942.970761149,4.69041095890411,2.0
C-001691709,S-0099,-59.57872256493617,1,2,男性,28,5,12,0.1666666666666666,10910,1,13,4464126.154078853,8.147945205479452,5.0
C-000091059,S-0085,-16.97672813166433,0,2,女性,32,12,12,0.6666666666666666,550,1,15,4606655.398026554,4.928767123287671,2.0
C-000800049,S-0050,-95.733173912439,1,2,男性,41,9,12,0.6666666666666666,0,0,20,4615411.181286601,9.2013698630137,6.0
C-001696488,S-0100,-66.23099066616265,1,2,女性,46,5,12,0.0833333333333333,0,0,17,4535925.154217558,4.720547945205479,2.0
C-001944108,S-0126,-54.668643592694224,1,2,女性,62,4,12,0.5,13607,1,17,4493168.352495564,5.53972602739726,3.0
C-000027252,S-0019,-19.81778601951141,0,2,男性,37,12,12,0.4166666666666667,0,0,19,4327199.920883598,4.090410958904109,1.0
C-000725119,S-0020,-100.0,1,2,女性,54,9,12,0.0833333333333333,2739,2,16,4280702.057267675,6.986301369863014,3.5
C-002566877,S-0082,-39.060979069211214,0,2,男性,41,1,12,0.5,0,0,17,4607261.71451126,4.758904109589041,2.0
C-002675284,S-0075,-53.38983050847458,1,2,女性,68,1,12,0.3333333333333333,0,0,19,4506647.2743158825,4.526027397260274,1.0
C-000515346,S-0020,-58.42509901374544,1,2,女性,52,10,12,0.1666666666666666,8874,1,16,4280702.057267675,6.986301369863014,3.5
C-001978143,S-0008,-51.21505665528318,1,2,男性,62,4,12,0.4166666666666667,4484,1,22,4498453.308937302,10.772602739726027,7.0
C-000333717,S-0007,-53.67575077231507,1,2,男性,73,11,12,0.1666666666666666,5382,1,21,4487075.727367008,3.7260273972602738,1.0
C-000464944,S-0100,-64.66784640124882,1,2,女性,52,10,12,0.0833333333333333,28099,2,17,4535925.154217558,4.720547945205479,2.0
C-000178338,S-0056,-18.655517311532858,0,2,男性,59,12,12,0.1666666666666666,0,0,15,4406070.585753419,7.528767123287671,4.0
C-001747538,S-0082,-53.173086112969514,1,2,男性,33,5,12,0.25,6028,1,17,4607261.71451126,4.758904109589041,2.0
C-002388681,S-0111,-4.263854045533874,0,2,女性,45,2,12,0.6666666666666666,0,0,19,4489501.980758176,6.397260273972603,4.0
C-000451520,S-0131,-100.0,1,2,男性,70,11,12,0.5,0,0,17,4569023.5643747775,5.13972602739726,2.0
C-001777807,S-0019,-5.400130682990577,0,2,男性,63,5,12,0.5833333333333334,6259,1,19,4327199.920883598,4.090410958904109,1.0
C-002015571,S-0089,-56.294536817102134,1,2,女性,58,4,12,0.6666666666666666,0,0,19,4721110.949352573,10.142465753424657,7.0
C-000026695,S-0126,-34.71078003499416,0,2,女性,60,12,12,0.0833333333333333,0,0,17,4493168.352495564,5.53972602739726,3.0
C-000240503,S-0126,-27.577366648893825,0,2,男性,43,11,12,0.25,0,0,17,4493168.352495564,5.53972602739726,3.0
C-001147419,S-0018,-30.81270512955776,0,2,女性,23,7,12,0.3333333333333333,24318,1,16,4493108.581950108,7.550684931506849,5.0
C-000240707,S-0030,-76.44879860122212,1,2,女性,75,11,12,0.3333333333333333,27488,1,22,4426478.045479023,9.236986301369862,5.5
C-002049748,S-0097,-72.69357622834598,1,2,男性,47,3,12,0.25,0,0,21,4592508.716501317,10.09041095890411,7.0
C-001760648,S-0030,-26.269874484105515,0,2,男性,62,5,12,0.3333333333333333,11446,1,22,4426478.045479023,9.236986301369862,5.5
C-000201696,S-0036,-48.14225990696579,0,2,女性,62,12,12,0.0833333333333333,0,0,19,4397834.424680548,11.123287671232877,9.0
C-001966948,S-0082,-25.103695692774092,0,2,男性,60,4,12,0.4166666666666667,0,0,17,4607261.71451126,4.758904109589041,2.0
C-002603334,S-0036,-29.55011239491845,0,2,男性,52,1,12,0.25,0,0,19,4397834.424680548,11.123287671232877,9.0
C-000051827,S-0131,-30.669003155553256,0,2,女性,41,12,12,0.3333333333333333,0,0,17,4569023.5643747775,5.13972602739726,2.0
C-001897387,S-0079,-26.25288335628723,0,2,女性,58,4,12,0.0833333333333333,14151,1,13,4256656.371085242,8.479452054794521,6.0
C-002101707,S-0017,-60.61646995365475,1,2,女性,51,3,12,0.8333333333333334,0,0,20,4640207.03550726,5.608219178082192,2.5
C-000056466,S-0075,2.7536629394092094,0,2,男性,46,12,12,0.75,0,0,19,4506647.2743158825,4.526027397260274,1.0
C-001543581,S-0059,-100.0,1,2,女性,41,6,12,0.8333333333333334,0,0,14,4713188.969095345,6.8123287671232875,3.0
C-000604317,S-0054,-100.0,1,2,女性,74,10,12,0.3333333333333333,0,0,23,4489160.181517739,6.358904109589041,4.0
C-001522252,S-0075,-33.52236574995203,0,2,女性,36,6,12,0.4166666666666667,0,0,19,4506647.2743158825,4.526027397260274,1.0
C-000779563,S-0020,-52.474154823306826,1,2,女性,29,9,12,0.6666666666666666,11750,1,16,4280702.057267675,6.986301369863014,3.5
C-000163314,S-0018,-24.742285512305898,0,2,女性,41,12,12,0.25,0,0,16,4493108.581950108,7.550684931506849,5.0
C-000545858,S-0096,-28.615305023198857,0,2,男性,66,10,12,0.1666666666666666,2460,2,16,4644856.458098179,8.302739726027397,5.0
C-000548121,S-0126,-31.772996228984713,0,2,男性,31,10,12,0.6666666666666666,2775,1,17,4493168.352495564,5.53972602739726,3.0
C-000246403,S-0126,-98.25235109717867,1,2,男性,70,11,12,0.75,0,0,17,4493168.352495564,5.53972602739726,3.0
C-000564948,S-0039,-18.158132537028628,0,2,男性,55,10,12,0.1666666666666666,0,0,16,4591288.568998441,8.193150684931506,5.0
C-000036067,S-0085,-84.55159456438996,1,2,男性,41,12,12,0.6666666666666666,0,0,15,4606655.398026554,4.928767123287671,2.0
C-000970370,S-0113,-27.462520082243554,0,2,男性,58,8,12,0.3333333333333333,0,0,16,4336633.961311346,5.77945205479452,2.5
C-000291334,S-0131,-80.76559918168226,1,2,女性,22,11,12,0.25,3722,2,17,4569023.5643747775,5.13972602739726,2.0
C-000060258,S-0062,-16.88994403934204,0,2,男性,42,12,12,0.25,0,0,15,4713869.782113416,4.575342465753424,1.0
C-002599718,S-0039,-100.0,1,2,女性,43,1,12,0.25,30358,2,16,4591288.568998441,8.193150684931506,5.0
C-002417713,S-0075,-17.232786814815608,0,2,女性,80,2,12,0.4166666666666667,0,0,19,4506647.2743158825,4.526027397260274,1.0
C-000983944,S-0039,-26.678154747782507,0,2,男性,43,8,12,0.25,6161,1,16,4591288.568998441,8.193150684931506,5.0
C-001123124,S-0007,-100.0,1,2,男性,33,8,12,0.0,0,0,21,4487075.727367008,3.7260273972602738,1.0
C-000450106,S-0063,-21.52270858765789,0,2,女性,34,11,12,0.5,17317,1,18,4564012.176421695,5.749315068493151,3.0
C-001337539,S-0039,-13.049824069191285,0,2,男性,33,7,12,0.0833333333333333,19866,1,16,4591288.568998441,8.193150684931506,5.0
C-001882519,S-0039,-64.61284207456374,1,2,女性,54,4,12,0.4166666666666667,0,0,16,4591288.568998441,8.193150684931506,5.0
C-002455570,S-0111,-5.540067421364958,0,2,女性,59,2,12,0.25,0,0,19,4489501.980758176,6.397260273972603,4.0
C-002133261,S-0059,-100.0,1,2,女性,51,3,12,0.25,15413,1,14,4713188.969095345,6.8123287671232875,3.0
C-000417152,S-0113,-25.389532761605615,0,2,女性,49,11,12,0.25,0,0,16,4336633.961311346,5.77945205479452,2.5
C-001454962,S-0041,-77.8647461691813,1,2,女性,39,6,12,0.1666666666666666,3414,1,17,4828489.286769263,10.389041095890411,7.0
C-000052120,S-0063,-59.93854531310774,1,2,男性,36,12,12,0.5833333333333334,18046,2,18,4564012.176421695,5.749315068493151,3.0
C-000663212,S-0096,-49.20311512000562,1,2,女性,51,10,12,0.1666666666666666,0,0,16,4644856.458098179,8.302739726027397,5.0
C-001712003,S-0004,-83.22211155378486,1,2,女性,65,5,12,0.5833333333333334,0,0,22,4423576.351309,11.806849315068494,9.0
C-000554249,S-0106,-37.662521160741655,0,2,女性,83,10,12,0.0833333333333333,168645,2,20,4462729.145118021,6.171232876712329,3.5
C-001513110,S-0121,-68.376210026743,1,2,女性,57,6,12,0.4166666666666667,0,0,14,4716268.25678644,9.856164383561644,7.0
C-000178138,S-0019,-11.912757677916016,0,2,女性,39,12,12,0.4166666666666667,0,0,19,4327199.920883598,4.090410958904109,1.0
C-000712384,S-0039,-54.74709597968742,1,2,女性,50,9,12,0.1666666666666666,0,0,16,4591288.568998441,8.193150684931506,5.0
C-002675128,S-0085,3.7396369201989708,0,2,女性,43,1,12,0.1666666666666666,44593,1,15,4606655.398026554,4.928767123287671,2.0
C-002015589,S-0111,-34.43242729131708,0,2,女性,43,4,12,0.4166666666666667,32039,1,19,4489501.980758176,6.397260273972603,4.0
C-002544590,S-0111,-52.6431382118781,1,2,女性,46,1,12,0.3333333333333333,0,0,19,4489501.980758176,6.397260273972603,4.0
C-002057492,S-0079,-98.14981720963675,1,2,女性,20,3,12,0.25,0,0,13,4256656.371085242,8.479452054794521,6.0
C-002670378,S-0085,-100.0,1,2,女性,92,1,12,0.9166666666666666,0,0,15,4606655.398026554,4.928767123287671,2.0
C-001196556,S-0004,-25.219100129457672,0,2,男性,26,7,12,0.3333333333333333,3760,1,22,4423576.351309,11.806849315068494,9.0
C-002419901,S-0111,-100.0,1,2,男性,59,2,12,0.75,0,0,19,4489501.980758176,6.397260273972603,4.0
C-001697574,S-0005,-72.9113924050633,1,2,男性,48,5,12,0.9166666666666666,23679,1,21,4733942.970761149,4.69041095890411,2.0
C-001679545,S-0050,-18.316529078430733,0,2,女性,45,5,12,0.25,0,0,20,4615411.181286601,9.2013698630137,6.0
C-000241386,S-0075,-84.14632667660932,1,2,女性,24,11,12,0.3333333333333333,0,0,19,4506647.2743158825,4.526027397260274,1.0
C-000183384,S-0004,-45.35182650253025,0,2,女性,70,12,12,0.6666666666666666,4461,1,22,4423576.351309,11.806849315068494,9.0
C-002694321,S-0100,-56.13639103585925,1,2,女性,41,1,12,0.5,4543,2,17,4535925.154217558,4.720547945205479,2.0
C-001346522,S-0063,-8.102912577955607,0,2,女性,55,7,12,0.5,11780,1,18,4564012.176421695,5.749315068493151,3.0
C-000549130,S-0019,-28.550819257824017,0,2,男性,52,10,12,0.5,31352,1,19,4327199.920883598,4.090410958904109,1.0
C-002507997,S-0059,-99.84930933444957,1,2,男性,59,1,12,0.3333333333333333,0,0,14,4713188.969095345,6.8123287671232875,3.0
C-002091879,S-0040,-49.460807209385386,1,2,女性,41,3,12,0.6666666666666666,3039,2,20,4550116.0180538,8.163013698630138,4.0
C-000138141,S-0062,-100.0,1,2,男性,51,12,12,0.4166666666666667,9475,2,15,4713869.782113416,4.575342465753424,1.0
C-000698924,S-0005,-14.866284133408476,0,2,男性,57,9,12,0.9166666666666666,5707,1,21,4733942.970761149,4.69041095890411,2.0
C-001294338,S-0050,-55.58211295748286,1,2,男性,25,7,12,0.4166666666666667,0,0,20,4615411.181286601,9.2013698630137,6.0
C-000806636,S-0100,-9.080853604788377,0,2,男性,46,9,12,0.5833333333333334,0,0,17,4535925.154217558,4.720547945205479,2.0
C-002262296,S-0059,-100.0,1,2,男性,45,2,12,1.0,2560,1,14,4713188.969095345,6.8123287671232875,3.0
C-000581550,S-0008,-12.40282417371284,0,2,女性,47,10,12,0.3333333333333333,24918,1,22,4498453.308937302,10.772602739726027,7.0
C-002352545,S-0100,-28.446290221260558,0,2,女性,48,2,12,0.5,0,0,17,4535925.154217558,4.720547945205479,2.0
C-002378624,S-0056,-9.849991748243244,0,2,男性,62,2,12,0.6666666666666666,0,0,15,4406070.585753419,7.528767123287671,4.0
C-001562522,S-0100,-93.43062187166751,1,2,男性,54,6,12,0.4166666666666667,5236,1,17,4535925.154217558,4.720547945205479,2.0
C-002585150,S-0063,-49.174438687392055,1,2,男性,70,1,12,0.1666666666666666,0,0,18,4564012.176421695,5.749315068493151,3.0
C-000496399,S-0131,-97.77841674359479,1,2,女性,65,10,12,0.8333333333333334,0,0,17,4569023.5643747775,5.13972602739726,2.0
C-000350391,S-0059,-21.729563460832154,0,2,女性,50,11,12,0.25,0,0,14,4713188.969095345,6.8123287671232875,3.0
C-000520414,S-0075,-12.63222330093302,0,2,女性,58,10,12,0.3333333333333333,14258,1,19,4506647.2743158825,4.526027397260274,1.0
C-000263268,S-0085,-100.0,1,2,女性,47,11,12,0.5833333333333334,48355,2,15,4606655.398026554,4.928767123287671,2.0
C-001448012,S-0131,-63.305254034857796,1,2,女性,76,6,12,0.25,0,0,17,4569023.5643747775,5.13972602739726,2.0
C-000251287,S-0102,-100.0,1,2,女性,54,11,12,0.1666666666666666,0,0,16,4383474.364435211,10.484931506849314,7.5
C-000952618,S-0017,-47.0467414233374,0,2,女性,59,8,12,0.5833333333333334,1109,2,20,4640207.03550726,5.608219178082192,2.5
C-000146764,S-0005,-30.946224043486346,0,2,男性,30,12,12,0.4166666666666667,11818,1,21,4733942.970761149,4.69041095890411,2.0
C-001680323,S-0050,-45.20242776931645,0,2,女性,44,5,12,0.4166666666666667,0,0,20,4615411.181286601,9.2013698630137,6.0
C-002524354,S-0019,-1.2655220058259775,0,2,女性,54,1,12,0.5833333333333334,6652,1,19,4327199.920883598,4.090410958904109,1.0
C-000369836,S-0126,-25.036196477420912,0,2,男性,57,11,12,0.1666666666666666,0,0,17,4493168.352495564,5.53972602739726,3.0
C-000615477,S-0002,-44.58081154234866,0,2,女性,33,10,12,0.25,91650,1,15,4455566.655169959,5.663013698630137,2.0
C-001940969,S-0039,-36.82287239535752,0,2,女性,78,4,12,0.3333333333333333,20699,1,16,4591288.568998441,8.193150684931506,5.0
C-000598847,S-0096,-100.0,1,2,女性,58,10,12,0.5833333333333334,16889,2,16,4644856.458098179,8.302739726027397,5.0
C-001005899,S-0121,-100.0,1,2,男性,86,8,12,0.0833333333333333,0,0,14,4716268.25678644,9.856164383561644,7.0
C-002255133,S-0007,-79.92327142732584,1,2,男性,59,2,12,0.0833333333333333,47884,1,21,4487075.727367008,3.7260273972602738,1.0
C-000132778,S-0106,-71.2764905276976,1,2,男性,58,12,12,0.75,0,0,20,4462729.145118021,6.171232876712329,3.5
C-000861167,S-0036,-9.981471389645776,0,2,女性,31,9,12,0.5833333333333334,13869,1,19,4397834.424680548,11.123287671232877,9.0
C-002241094,S-0050,1.2221710807303006,0,2,女性,76,3,12,0.4166666666666667,13357,1,20,4615411.181286601,9.2013698630137,6.0
C-002606437,S-0050,-52.93397776570804,1,2,女性,50,1,12,0.4166666666666667,18989,1,20,4615411.181286601,9.2013698630137,6.0
C-000037412,S-0063,-49.762435444414244,1,2,女性,49,12,12,0.1666666666666666,0,0,18,4564012.176421695,5.749315068493151,3.0
C-000148592,S-0063,-43.94361390607455,0,2,女性,50,12,12,0.3333333333333333,0,0,18,4564012.176421695,5.749315068493151,3.0
C-001436206,S-0054,-42.48490230905861,0,2,女性,53,6,12,0.3333333333333333,5528,2,23,4489160.181517739,6.358904109589041,4.0
C-000128477,S-0131,-100.0,1,2,女性,36,12,12,0.3333333333333333,0,0,17,4569023.5643747775,5.13972602739726,2.0
C-002600543,S-0020,-71.41263152070673,1,2,女性,43,1,12,0.25,0,0,16,4280702.057267675,6.986301369863014,3.5
C-000202407,S-0005,-48.43646946032869,0,2,女性,39,12,12,0.75,0,0,21,4733942.970761149,4.69041095890411,2.0
C-002312292,S-0102,-63.32589424090261,1,2,女性,50,2,12,0.5833333333333334,3621,1,16,4383474.364435211,10.484931506849314,7.5
C-002620076,S-0131,-24.504847338536763,0,2,女性,64,1,12,0.1666666666666666,55572,2,17,4569023.5643747775,5.13972602739726,2.0
C-000003462,S-0005,-26.05261386331167,0,2,女性,36,12,12,0.3333333333333333,0,0,21,4733942.970761149,4.69041095890411,2.0
C-001757116,S-0018,-47.27373559470775,0,2,女性,59,5,12,0.8333333333333334,126022,1,16,4493108.581950108,7.550684931506849,5.0
C-001270199,S-0131,-41.719298049328984,0,2,女性,65,7,12,0.1666666666666666,0,0,17,4569023.5643747775,5.13972602739726,2.0
C-000932256,S-0106,-80.24642257087896,1,2,女性,49,8,12,0.0,0,0,20,4462729.145118021,6.171232876712329,3.5
C-002607108,S-0017,-64.356960950764,1,2,男性,64,1,12,0.25,0,0,20,4640207.03550726,5.608219178082192,2.5
C-000255234,S-0063,-73.35336164922822,1,2,女性,54,11,12,0.75,3505,1,18,4564012.176421695,5.749315068493151,3.0
C-002131828,S-0005,-9.20020743594357,0,2,男性,33,3,12,0.6666666666666666,9033,1,21,4733942.970761149,4.69041095890411,2.0
C-000357251,S-0126,-47.703307145009155,0,2,女性,68,11,12,0.8333333333333334,0,0,17,4493168.352495564,5.53972602739726,3.0
C-001986807,S-0099,-15.56236631079031,0,2,女性,38,4,12,0.1666666666666666,0,0,13,4464126.154078853,8.147945205479452,5.0
C-001207029,S-0005,-13.571580056598648,0,2,男性,52,7,12,0.0833333333333333,0,0,21,4733942.970761149,4.69041095890411,2.0
C-000082923,S-0041,-44.858963695751555,0,2,女性,62,12,12,0.4166666666666667,11606,2,17,4828489.286769263,10.389041095890411,7.0
C-000717279,S-0017,-89.7621010146946,1,2,女性,59,9,12,0.4166666666666667,0,0,20,4640207.03550726,5.608219178082192,2.5
C-000408946,S-0082,-36.652012572891174,0,2,女性,50,11,12,0.75,11438,2,17,4607261.71451126,4.758904109589041,2.0
C-000682814,S-0075,-49.888787667262164,1,2,男性,50,9,12,0.25,0,0,19,4506647.2743158825,4.526027397260274,1.0
C-000157065,S-0089,-84.9758618489611,1,2,女性,17,12,12,0.25,0,0,19,4721110.949352573,10.142465753424657,7.0
C-001602248,S-0004,-9.064487860848953,0,2,女性,43,5,12,0.5,0,0,22,4423576.351309,11.806849315068494,9.0
C-000393547,S-0079,-50.117032769175374,1,2,男性,44,11,12,0.3333333333333333,0,0,13,4256656.371085242,8.479452054794521,6.0
C-001426721,S-0079,-17.049941974388833,0,2,男性,56,6,12,0.4166666666666667,19661,1,13,4256656.371085242,8.479452054794521,6.0
C-000483864,S-0020,-12.441526034513238,0,2,女性,88,10,12,0.6666666666666666,0,0,16,4280702.057267675,6.986301369863014,3.5
C-002566612,S-0020,-11.812493264140405,0,2,男性,40,1,12,0.25,0,0,16,4280702.057267675,6.986301369863014,3.5
C-001494291,S-0020,-53.61480952921524,1,2,女性,49,6,12,0.25,0,0,16,4280702.057267675,6.986301369863014,3.5
C-000738176,S-0041,-100.0,1,2,男性,42,9,12,0.5833333333333334,0,0,17,4828489.286769263,10.389041095890411,7.0
C-000910240,S-0008,-23.0831338667277,0,2,女性,50,8,12,0.5833333333333334,0,0,22,4498453.308937302,10.772602739726027,7.0
C-000554849,S-0113,3.3685610511836486,0,2,女性,50,10,12,0.3333333333333333,0,0,16,4336633.961311346,5.77945205479452,2.5
C-001471035,S-0040,-18.80410201204253,0,2,男性,45,6,12,0.1666666666666666,0,0,20,4550116.0180538,8.163013698630138,4.0
C-001319139,S-0017,-100.0,1,2,男性,41,7,12,0.5833333333333334,0,0,20,4640207.03550726,5.608219178082192,2.5
C-001665797,S-0085,-13.59992506498271,0,2,女性,47,5,12,0.3333333333333333,0,0,15,4606655.398026554,4.928767123287671,2.0
C-000715714,S-0008,-100.0,1,2,女性,69,9,12,0.25,29779,1,22,4498453.308937302,10.772602739726027,7.0
C-000447793,S-0017,-57.55525881154022,1,2,女性,47,11,12,0.5,10225,1,20,4640207.03550726,5.608219178082192,2.5
C-001202506,S-0019,-2.9865783470174745,0,2,女性,68,7,12,0.1666666666666666,33545,1,19,4327199.920883598,4.090410958904109,1.0
C-000869315,S-0036,-100.0,1,2,女性,60,9,12,0.0833333333333333,8734,1,19,4397834.424680548,11.123287671232877,9.0
C-001179971,S-0017,-41.91885163935007,0,2,男性,68,7,12,0.5,0,0,20,4640207.03550726,5.608219178082192,2.5
C-002396077,S-0131,-32.41346546106139,0,2,男性,54,2,12,0.5833333333333334,0,0,17,4569023.5643747775,5.13972602739726,2.0
C-000839419,S-0113,-33.78519859016145,0,2,女性,42,9,12,0.4166666666666667,33533,1,16,4336633.961311346,5.77945205479452,2.5
C-000725872,S-0085,-8.298397565491264,0,2,男性,34,9,12,0.4166666666666667,12040,1,15,4606655.398026554,4.928767123287671,2.0
C-001163254,S-0020,-74.93601020501747,1,2,男性,65,7,12,0.5833333333333334,0,0,16,4280702.057267675,6.986301369863014,3.5
C-002050335,S-0111,-100.0,1,2,女性,59,3,12,0.25,5203,1,19,4489501.980758176,6.397260273972603,4.0
C-000773769,S-0019,-21.228401817397938,0,2,女性,57,9,12,0.0833333333333333,0,0,19,4327199.920883598,4.090410958904109,1.0
C-001145096,S-0004,-100.0,1,2,男性,49,7,12,0.0833333333333333,2038,1,22,4423576.351309,11.806849315068494,9.0
C-002543562,S-0075,-100.0,1,2,女性,40,1,12,0.3333333333333333,0,0,19,4506647.2743158825,4.526027397260274,1.0
C-001648585,S-0041,-12.748502339997156,0,2,女性,57,5,12,0.3333333333333333,60618,1,17,4828489.286769263,10.389041095890411,7.0
C-002566845,S-0017,-16.605767547698232,0,2,女性,58,1,12,0.0,0,0,20,4640207.03550726,5.608219178082192,2.5
C-001123988,S-0019,-81.99035197427193,1,2,女性,39,8,12,0.6666666666666666,6650,1,19,4327199.920883598,4.090410958904109,1.0
C-001024660,S-0019,-13.522047327400754,0,2,女性,67,8,12,0.75,19694,1,19,4327199.920883598,4.090410958904109,1.0
C-002343561,S-0019,-10.427515774556007,0,2,女性,59,2,12,0.4166666666666667,0,0,19,4327199.920883598,4.090410958904109,1.0
C-002228732,S-0039,-7.500921489126429,0,2,女性,50,3,12,0.8333333333333334,0,0,16,4591288.568998441,8.193150684931506,5.0
C-002306065,S-0017,-100.0,1,2,男性,37,2,12,0.0833333333333333,3773,2,20,4640207.03550726,5.608219178082192,2.5
C-000146982,S-0059,-27.541785736312985,0,2,女性,33,12,12,0.6666666666666666,0,0,14,4713188.969095345,6.8123287671232875,3.0
C-000828661,S-0085,-31.923593537806212,0,2,女性,48,9,12,0.1666666666666666,0,0,15,4606655.398026554,4.928767123287671,2.0
C-002492424,S-0054,-100.0,1,2,女性,54,1,12,0.0833333333333333,16309,1,23,4489160.181517739,6.358904109589041,4.0
C-001326153,S-0089,-29.072915495568314,0,2,女性,58,7,12,0.0,18245,1,19,4721110.949352573,10.142465753424657,7.0
C-000357898,S-0002,-100.0,1,2,女性,52,11,12,0.0833333333333333,0,0,15,4455566.655169959,5.663013698630137,2.0
C-001322960,S-0075,-10.320626529338766,0,2,男性,50,7,12,0.8333333333333334,2664,1,19,4506647.2743158825,4.526027397260274,1.0
C-001930983,S-0050,-37.29513207897839,0,2,女性,45,4,12,0.5833333333333334,5234,1,20,4615411.181286601,9.2013698630137,6.0
C-000488780,S-0072,-38.71222521792348,0,2,女性,45,10,12,0.75,0,0,12,4406797.312641796,9.01917808219178,6.0
C-001043043,S-0019,-16.16178411817204,0,2,女性,57,8,12,0.5833333333333334,0,0,19,4327199.920883598,4.090410958904109,1.0
C-000838850,S-0111,-98.93487965838509,1,2,女性,57,9,12,0.1666666666666666,0,0,19,4489501.980758176,6.397260273972603,4.0
C-002397784,S-0054,-100.0,1,2,女性,47,2,12,0.0833333333333333,0,0,23,4489160.181517739,6.358904109589041,4.0
C-000767063,S-0075,-24.209028177113286,0,2,女性,45,9,12,0.0833333333333333,91500,1,19,4506647.2743158825,4.526027397260274,1.0
C-000962297,S-0017,-23.116829217680017,0,2,男性,30,8,12,0.3333333333333333,10770,2,20,4640207.03550726,5.608219178082192,2.5
C-001397229,S-0050,-100.0,1,2,女性,46,6,12,0.0833333333333333,0,0,20,4615411.181286601,9.2013698630137,6.0
C-001618927,S-0100,-100.0,1,2,男性,48,5,12,0.25,0,0,17,4535925.154217558,4.720547945205479,2.0
C-000290223,S-0002,-63.92215013901761,1,2,男性,31,11,12,0.0833333333333333,1947,1,15,4455566.655169959,5.663013698630137,2.0
C-002104811,S-0039,-52.61239706209659,1,2,男性,41,3,12,0.1666666666666666,0,0,16,4591288.568998441,8.193150684931506,5.0
C-001160094,S-0007,-51.2640925287692,1,2,女性,49,7,12,0.0833333333333333,11414,2,21,4487075.727367008,3.7260273972602738,1.0
C-001314614,S-0050,-33.74216989467205,0,2,女性,22,7,12,0.6666666666666666,22212,1,20,4615411.181286601,9.2013698630137,6.0
C-000627943,S-0036,-95.67711175870912,1,2,男性,74,10,12,0.1666666666666666,13567,2,19,4397834.424680548,11.123287671232877,9.0
C-002117160,S-0059,-38.93972985379289,0,2,男性,55,3,12,0.0833333333333333,41840,1,14,4713188.969095345,6.8123287671232875,3.0
C-000560021,S-0097,-100.0,1,2,女性,68,10,12,0.6666666666666666,13464,1,21,4592508.716501317,10.09041095890411,7.0
C-001149265,S-0040,-59.50530520677143,1,2,女性,62,7,12,0.0833333333333333,8369,1,20,4550116.0180538,8.163013698630138,4.0
C-000793573,S-0059,-13.567844133258989,0,2,女性,59,9,12,0.6666666666666666,0,0,14,4713188.969095345,6.8123287671232875,3.0
C-000325038,S-0004,-100.0,1,2,女性,51,11,12,0.0,6031,1,22,4423576.351309,11.806849315068494,9.0
C-000152322,S-0050,-63.26856931692203,1,2,女性,49,12,12,0.3333333333333333,0,0,20,4615411.181286601,9.2013698630137,6.0
C-000600864,S-0040,-100.0,1,2,女性,31,10,12,0.1666666666666666,0,0,20,4550116.0180538,8.163013698630138,4.0
C-001510082,S-0019,-56.03629049514273,1,2,女性,33,6,12,0.5,0,0,19,4327199.920883598,4.090410958904109,1.0
C-000695960,S-0079,-15.344621627258764,0,2,男性,32,9,12,0.5833333333333334,0,0,13,4256656.371085242,8.479452054794521,6.0
C-002219007,S-0002,-18.520476376123046,0,2,女性,42,3,12,0.3333333333333333,0,0,15,4455566.655169959,5.663013698630137,2.0
C-001136628,S-0017,-28.83542938449534,0,2,女性,53,7,12,0.0833333333333333,9183,2,20,4640207.03550726,5.608219178082192,2.5
C-000329489,S-0005,-100.0,1,2,女性,61,11,12,0.3333333333333333,4638,2,21,4733942.970761149,4.69041095890411,2.0
C-002404938,S-0121,-50.59747279632526,1,2,女性,44,2,12,0.3333333333333333,7559,2,14,4716268.25678644,9.856164383561644,7.0
C-001558296,S-0117,-67.57230395078801,1,2,女性,53,6,12,0.1666666666666666,0,0,20,4500859.737076383,9.593150684931507,7.0
C-000615484,S-0002,-23.271709828672176,0,2,女性,49,10,12,0.0833333333333333,0,0,15,4455566.655169959,5.663013698630137,2.0
C-002621868,S-0085,-25.013326922473894,0,2,女性,38,1,12,0.6666666666666666,0,0,15,4606655.398026554,4.928767123287671,2.0
C-001532184,S-0131,-26.493680302228057,0,2,女性,41,6,12,0.1666666666666666,10534,1,17,4569023.5643747775,5.13972602739726,2.0
C-002258343,S-0002,-52.46607387811092,1,2,男性,56,2,12,0.6666666666666666,100330,1,15,4455566.655169959,5.663013698630137,2.0
C-001956479,S-0002,-15.984702275730832,0,2,女性,57,4,12,0.3333333333333333,20705,2,15,4455566.655169959,5.663013698630137,2.0
C-000359972,S-0089,-100.0,1,2,女性,49,11,12,0.6666666666666666,0,0,19,4721110.949352573,10.142465753424657,7.0
C-001673938,S-0017,-4.329615494325751,0,2,女性,50,5,12,0.9166666666666666,40912,1,20,4640207.03550726,5.608219178082192,2.5
C-000040432,S-0131,2.0400218820115597,0,2,女性,50,12,12,0.6666666666666666,0,0,17,4569023.5643747775,5.13972602739726,2.0
C-001194199,S-0017,-100.0,1,2,女性,29,7,12,0.75,0,0,20,4640207.03550726,5.608219178082192,2.5
C-001073314,S-0059,-49.06268203562161,1,2,女性,36,8,12,0.75,22425,2,14,4713188.969095345,6.8123287671232875,3.0
C-002406342,S-0002,-100.0,1,2,女性,40,2,12,0.6666666666666666,0,0,15,4455566.655169959,5.663013698630137,2.0
C-002238425,S-0017,-63.05808986708453,1,2,女性,18,3,12,0.5,0,0,20,4640207.03550726,5.608219178082192,2.5
C-000832592,S-0079,-1.4215368044437116,0,2,男性,49,9,12,0.4166666666666667,17811,2,13,4256656.371085242,8.479452054794521,6.0
C-000216723,S-0012,-100.0,1,2,男性,33,12,12,0.25,0,0,16,4444678.825084195,7.994520547945205,5.0
C-001998363,S-0100,-38.637461925960636,0,2,男性,53,4,12,0.1666666666666666,15882,1,17,4535925.154217558,4.720547945205479,2.0
C-000928228,S-0121,-55.53946342812603,1,2,男性,16,8,12,0.0833333333333333,57827,1,14,4716268.25678644,9.856164383561644,7.0
C-002518005,S-0126,-22.33085167307535,0,2,女性,25,1,12,0.5833333333333334,0,0,17,4493168.352495564,5.53972602739726,3.0
C-002583053,S-0075,-16.556821989992642,0,2,男性,64,1,12,0.8333333333333334,9787,1,19,4506647.2743158825,4.526027397260274,1.0
C-002273628,S-0089,-18.98102864029969,0,2,女性,46,2,12,0.25,37452,2,19,4721110.949352573,10.142465753424657,7.0
C-000383855,S-0126,-32.86556928009296,0,2,男性,51,11,12,0.4166666666666667,0,0,17,4493168.352495564,5.53972602739726,3.0
C-000795024,S-0030,-58.254315421111066,1,2,女性,50,9,12,0.75,0,0,22,4426478.045479023,9.236986301369862,5.5
C-002504462,S-0059,-53.140278047897205,1,2,男性,65,1,12,0.5,26018,2,14,4713188.969095345,6.8123287671232875,3.0
C-001093953,S-0054,-100.0,1,2,女性,51,8,12,0.25,0,0,23,4489160.181517739,6.358904109589041,4.0
C-000354384,S-0007,-100.0,1,2,男性,71,11,12,0.4166666666666667,0,0,21,4487075.727367008,3.7260273972602738,1.0
C-001760869,S-0085,-49.28635568788695,1,2,男性,57,5,12,0.4166666666666667,4300,1,15,4606655.398026554,4.928767123287671,2.0
C-000215123,S-0059,-54.398253961100416,1,2,女性,68,12,12,0.5,0,0,14,4713188.969095345,6.8123287671232875,3.0
C-000991988,S-0017,-39.781269396105834,0,2,女性,48,8,12,0.8333333333333334,26371,1,20,4640207.03550726,5.608219178082192,2.5
C-000477000,S-0097,-100.0,1,2,女性,49,10,12,0.0,21056,1,21,4592508.716501317,10.09041095890411,7.0
C-000498920,S-0099,-100.0,1,2,女性,72,10,12,0.5,0,0,13,4464126.154078853,8.147945205479452,5.0
C-001887289,S-0075,-22.15329395049727,0,2,女性,54,4,12,0.6666666666666666,11821,1,19,4506647.2743158825,4.526027397260274,1.0
C-001635049,S-0126,-29.492407809110627,0,2,女性,34,5,12,0.4166666666666667,0,0,17,4493168.352495564,5.53972602739726,3.0
C-000074208,S-0131,-31.404383742110674,0,2,男性,60,12,12,0.4166666666666667,0,0,17,4569023.5643747775,5.13972602739726,2.0
C-000513374,S-0019,5.868510860235808,0,2,女性,62,10,12,0.4166666666666667,0,0,19,4327199.920883598,4.090410958904109,1.0
C-000679223,S-0079,-37.028356035295126,0,2,男性,31,9,12,0.5833333333333334,0,0,13,4256656.371085242,8.479452054794521,6.0
C-000741819,S-0004,-17.008159431505074,0,2,女性,43,9,12,0.5833333333333334,25961,1,22,4423576.351309,11.806849315068494,9.0
C-002443044,S-0085,-47.83106210340164,0,2,女性,37,2,12,0.5,0,0,15,4606655.398026554,4.928767123287671,2.0
C-001908830,S-0017,-38.69799868104063,0,2,女性,38,4,12,0.0833333333333333,3429,1,20,4640207.03550726,5.608219178082192,2.5
C-000284742,S-0018,-90.41235207100591,1,2,男性,52,11,12,0.9166666666666666,0,0,16,4493108.581950108,7.550684931506849,5.0
C-001866138,S-0039,-11.79522633414993,0,2,男性,43,4,12,0.9166666666666666,0,0,16,4591288.568998441,8.193150684931506,5.0
C-001832129,S-0131,-100.0,1,2,女性,35,4,12,0.8333333333333334,75646,1,17,4569023.5643747775,5.13972602739726,2.0
C-002579302,S-0036,-100.0,1,2,男性,42,1,12,0.3333333333333333,7693,1,19,4397834.424680548,11.123287671232877,9.0
C-001692645,S-0085,-3.927462932622345,0,2,女性,46,5,12,0.8333333333333334,11497,1,15,4606655.398026554,4.928767123287671,2.0
C-002088560,S-0115,-100.0,1,2,男性,61,3,12,0.75,0,0,14,4553643.099564746,10.51095890410959,7.0
C-001125776,S-0075,-19.818274142918693,0,2,女性,34,7,12,0.5833333333333334,0,0,19,4506647.2743158825,4.526027397260274,1.0
C-000053177,S-0063,-22.921691839159557,0,2,女性,68,12,12,0.5833333333333334,12541,1,18,4564012.176421695,5.749315068493151,3.0
C-002004961,S-0005,-18.392192523466655,0,2,男性,44,4,12,0.5,0,0,21,4733942.970761149,4.69041095890411,2.0
C-000905556,S-0020,-28.124337249194305,0,2,男性,42,8,12,0.75,0,0,16,4280702.057267675,6.986301369863014,3.5
C-000501530,S-0075,-63.649408902573455,1,2,女性,51,10,12,0.5,0,0,19,4506647.2743158825,4.526027397260274,1.0
C-001009104,S-0054,-7.3908519256159515,0,2,女性,46,8,12,0.3333333333333333,0,0,23,4489160.181517739,6.358904109589041,4.0
C-001946413,S-0063,-32.457331222484875,0,2,男性,32,4,12,0.5833333333333334,9894,1,18,4564012.176421695,5.749315068493151,3.0
C-000718566,S-0040,-56.11006204478014,1,2,男性,47,9,12,0.8333333333333334,11175,2,20,4550116.0180538,8.163013698630138,4.0
C-002390960,S-0005,-30.170162136284596,0,2,女性,69,2,12,0.75,19547,2,21,4733942.970761149,4.69041095890411,2.0
C-001908028,S-0102,-22.068215814027468,0,2,男性,39,4,12,0.1666666666666666,0,0,16,4383474.364435211,10.484931506849314,7.5
C-001011125,S-0097,-48.17950810117729,0,2,女性,42,8,12,0.1666666666666666,0,0,21,4592508.716501317,10.09041095890411,7.0
C-000657206,S-0039,-60.95134430593879,1,2,女性,60,10,12,0.5,13092,2,16,4591288.568998441,8.193150684931506,5.0
C-000949742,S-0002,-45.3507274977152,0,2,女性,44,8,12,0.25,0,0,15,4455566.655169959,5.663013698630137,2.0
C-001969178,S-0075,-16.018916745340746,0,2,男性,33,4,12,0.4166666666666667,0,0,19,4506647.2743158825,4.526027397260274,1.0
C-001405430,S-0111,-27.81965082244686,0,2,女性,53,6,12,0.3333333333333333,0,0,19,4489501.980758176,6.397260273972603,4.0
C-002627772,S-0002,-6.608250488202286,0,2,女性,80,1,12,0.3333333333333333,3252,1,15,4455566.655169959,5.663013698630137,2.0
C-000955358,S-0111,-8.539433612875488,0,2,男性,66,8,12,0.75,0,0,19,4489501.980758176,6.397260273972603,4.0
C-001626399,S-0126,-42.229411071154864,0,2,女性,55,5,12,0.1666666666666666,11007,1,17,4493168.352495564,5.53972602739726,3.0
C-002195507,S-0007,-100.0,1,2,男性,59,3,12,0.5,3848,1,21,4487075.727367008,3.7260273972602738,1.0
C-002684191,S-0100,-33.79792271269284,0,2,女性,56,1,12,0.5,0,0,17,4535925.154217558,4.720547945205479,2.0
C-001351221,S-0017,-100.0,1,2,男性,40,6,12,0.3333333333333333,0,0,20,4640207.03550726,5.608219178082192,2.5
C-000883694,S-0113,-77.51237339103324,1,2,女性,69,9,12,0.3333333333333333,0,0,16,4336633.961311346,5.77945205479452,2.5
C-000748759,S-0039,-57.194494414927,1,2,男性,38,9,12,0.3333333333333333,0,0,16,4591288.568998441,8.193150684931506,5.0
C-002457927,S-0085,-8.353714740409993,0,2,女性,45,2,12,0.3333333333333333,0,0,15,4606655.398026554,4.928767123287671,2.0
C-001102734,S-0126,-12.293623618862267,0,2,女性,65,8,12,0.5833333333333334,0,0,17,4493168.352495564,5.53972602739726,3.0
C-000117642,S-0063,-29.586526569667654,0,2,女性,43,12,12,0.3333333333333333,11608,2,18,4564012.176421695,5.749315068493151,3.0
C-001863221,S-0097,-100.0,1,2,女性,35,4,12,0.4166666666666667,0,0,21,4592508.716501317,10.09041095890411,7.0
C-001159354,S-0089,-100.0,1,2,女性,41,7,12,0.5833333333333334,0,0,19,4721110.949352573,10.142465753424657,7.0
C-002056670,S-0099,-100.0,1,2,女性,45,3,12,0.3333333333333333,0,0,13,4464126.154078853,8.147945205479452,5.0
C-000266341,S-0075,-71.43508388037928,1,2,女性,46,11,12,0.1666666666666666,3516,2,19,4506647.2743158825,4.526027397260274,1.0
C-001650103,S-0059,-23.629696747316057,0,2,男性,31,5,12,0.4166666666666667,8816,1,14,4713188.969095345,6.8123287671232875,3.0
C-001665223,S-0008,-100.0,1,2,女性,68,5,12,0.0833333333333333,0,0,22,4498453.308937302,10.772602739726027,7.0
C-002586068,S-0111,-29.829606570239044,0,2,男性,44,1,12,0.3333333333333333,0,0,19,4489501.980758176,6.397260273972603,4.0
C-000105755,S-0082,-57.55552480453885,1,2,女性,46,12,12,0.4166666666666667,0,0,17,4607261.71451126,4.758904109589041,2.0
C-000519971,S-0041,-27.402052772501545,0,2,女性,50,10,12,0.1666666666666666,0,0,17,4828489.286769263,10.389041095890411,7.0
C-001886014,S-0102,-48.71378236924024,0,2,女性,59,4,12,0.0833333333333333,43630,1,16,4383474.364435211,10.484931506849314,7.5
C-001240846,S-0075,-29.912992415783773,0,2,女性,45,7,12,0.75,0,0,19,4506647.2743158825,4.526027397260274,1.0
C-001030127,S-0019,-29.056494726195638,0,2,男性,54,8,12,0.5833333333333334,0,0,19,4327199.920883598,4.090410958904109,1.0
C-001036393,S-0039,-65.67016477952683,1,2,女性,65,8,12,0.25,0,0,16,4591288.568998441,8.193150684931506,5.0
C-002515966,S-0079,-100.0,1,2,男性,59,1,12,0.6666666666666666,0,0,13,4256656.371085242,8.479452054794521,6.0
C-002030350,S-0005,-45.61971577621875,0,2,男性,38,3,12,0.75,0,0,21,4733942.970761149,4.69041095890411,2.0
C-001224487,S-0019,-16.8653187279834,0,2,男性,32,7,12,1.0,0,0,19,4327199.920883598,4.090410958904109,1.0
C-001731186,S-0062,-19.252197778219568,0,2,女性,57,5,12,0.25,25552,1,15,4713869.782113416,4.575342465753424,1.0
C-000114506,S-0054,-100.0,1,2,男性,60,12,12,0.5,0,0,23,4489160.181517739,6.358904109589041,4.0
C-001175476,S-0111,-18.50705242114616,0,2,女性,60,7,12,1.0,0,0,19,4489501.980758176,6.397260273972603,4.0
C-000609936,S-0072,-54.00150203652032,1,2,男性,48,10,12,0.5,7477,2,12,4406797.312641796,9.01917808219178,6.0
C-002152741,S-0017,-83.65932452276064,1,2,男性,66,3,12,0.5833333333333334,24445,2,20,4640207.03550726,5.608219178082192,2.5
C-002656964,S-0059,-31.064625482046626,0,2,女性,50,1,12,0.3333333333333333,6017,2,14,4713188.969095345,6.8123287671232875,3.0
C-002619311,S-0111,-26.136413508590987,0,2,男性,56,1,12,0.0,12003,2,19,4489501.980758176,6.397260273972603,4.0
C-001218780,S-0121,-14.345504693944685,0,2,男性,52,7,12,0.6666666666666666,0,0,14,4716268.25678644,9.856164383561644,7.0
C-002056823,S-0039,-18.53362270658061,0,2,男性,44,3,12,0.6666666666666666,14039,1,16,4591288.568998441,8.193150684931506,5.0
C-002347315,S-0007,-48.979863901058614,1,2,女性,33,2,12,0.5,0,0,21,4487075.727367008,3.7260273972602738,1.0
C-002609124,S-0059,-28.42117885396386,0,2,女性,29,1,12,0.5833333333333334,24891,1,14,4713188.969095345,6.8123287671232875,3.0
C-001846388,S-0054,-18.70213813170428,0,2,男性,50,4,12,1.0,28287,1,23,4489160.181517739,6.358904109589041,4.0
C-001198945,S-0059,-52.60610874537578,1,2,女性,60,7,12,0.25,0,0,14,4713188.969095345,6.8123287671232875,3.0
C-000943215,S-0050,-100.0,1,2,女性,54,8,12,0.5,0,0,20,4615411.181286601,9.2013698630137,6.0
C-000004440,S-0030,-37.08607398548734,0,2,女性,54,12,12,0.0833333333333333,8771,1,22,4426478.045479023,9.236986301369862,5.5
C-001904798,S-0126,-23.852964400315845,0,2,男性,59,4,12,0.4166666666666667,17821,1,17,4493168.352495564,5.53972602739726,3.0
C-000506589,S-0082,-7.496440834100997,0,2,女性,69,10,12,0.6666666666666666,10476,1,17,4607261.71451126,4.758904109589041,2.0
C-001398964,S-0041,-99.3286196159834,1,2,男性,73,6,12,0.0,0,0,17,4828489.286769263,10.389041095890411,7.0
C-000676464,S-0117,-100.0,1,2,男性,43,10,12,0.3333333333333333,1901,1,20,4500859.737076383,9.593150684931507,7.0
C-002477725,S-0030,-31.424306088800364,0,2,女性,31,1,12,0.5833333333333334,6617,2,22,4426478.045479023,9.236986301369862,5.5
C-002001441,S-0075,-52.000099014802714,1,2,女性,45,4,12,0.0833333333333333,0,0,19,4506647.2743158825,4.526027397260274,1.0
C-000861644,S-0131,-38.175500901833026,0,2,女性,44,9,12,0.1666666666666666,1208,1,17,4569023.5643747775,5.13972602739726,2.0
C-001162525,S-0056,-76.53536989660758,1,2,男性,46,7,12,0.75,18665,1,15,4406070.585753419,7.528767123287671,4.0
C-000307686,S-0111,-35.373318341064476,0,2,女性,52,11,12,0.5,0,0,19,4489501.980758176,6.397260273972603,4.0
C-002205600,S-0072,-12.353307910310091,0,2,女性,41,3,12,0.1666666666666666,0,0,12,4406797.312641796,9.01917808219178,6.0
C-000101441,S-0005,-25.40454168331131,0,2,男性,50,12,12,0.5833333333333334,0,0,21,4733942.970761149,4.69041095890411,2.0
C-001917715,S-0059,-15.163656376170076,0,2,男性,29,4,12,0.8333333333333334,5801,1,14,4713188.969095345,6.8123287671232875,3.0
C-002649540,S-0126,-9.436499902574411,0,2,女性,20,1,12,0.4166666666666667,4398,1,17,4493168.352495564,5.53972602739726,3.0
C-001739650,S-0017,-54.71478672701657,1,2,男性,40,5,12,0.3333333333333333,1716,1,20,4640207.03550726,5.608219178082192,2.5
C-002374315,S-0039,-82.36788956211022,1,2,女性,81,2,12,0.6666666666666666,0,0,16,4591288.568998441,8.193150684931506,5.0
C-001505779,S-0089,-96.02255040985024,1,2,女性,43,6,12,0.3333333333333333,0,0,19,4721110.949352573,10.142465753424657,7.0
C-002002337,S-0039,-18.602926101088936,0,2,男性,45,4,12,0.3333333333333333,0,0,16,4591288.568998441,8.193150684931506,5.0
C-000053120,S-0020,-9.339373548449768,0,2,男性,68,12,12,0.3333333333333333,73699,2,16,4280702.057267675,6.986301369863014,3.5
C-001010307,S-0059,-70.87571500370964,1,2,男性,63,8,12,0.1666666666666666,0,0,14,4713188.969095345,6.8123287671232875,3.0
C-002580348,S-0131,-58.560317410334726,1,2,女性,48,1,12,0.3333333333333333,0,0,17,4569023.5643747775,5.13972602739726,2.0
C-000176154,S-0018,-13.226822620896023,0,2,男性,54,12,12,0.5,0,0,16,4493108.581950108,7.550684931506849,5.0
C-002394279,S-0059,-100.0,1,2,女性,61,2,12,0.6666666666666666,0,0,14,4713188.969095345,6.8123287671232875,3.0
C-001657915,S-0097,-40.91590799910952,0,2,男性,20,5,12,0.3333333333333333,0,0,21,4592508.716501317,10.09041095890411,7.0
C-001460400,S-0063,-21.190695969257156,0,2,男性,46,6,12,0.3333333333333333,0,0,18,4564012.176421695,5.749315068493151,3.0
C-002249892,S-0063,-35.78730621753793,0,2,男性,43,2,12,0.4166666666666667,12083,1,18,4564012.176421695,5.749315068493151,3.0
C-000495878,S-0099,-100.0,1,2,女性,50,10,12,0.25,0,0,13,4464126.154078853,8.147945205479452,5.0
C-000216980,S-0131,-11.080134504799434,0,2,女性,47,12,12,0.3333333333333333,1450,1,17,4569023.5643747775,5.13972602739726,2.0
C-002462504,S-0111,-25.759503975703847,0,2,男性,23,2,12,0.0833333333333333,0,0,19,4489501.980758176,6.397260273972603,4.0
C-002523534,S-0126,-86.20743463485678,1,2,女性,53,1,12,0.75,11152,1,17,4493168.352495564,5.53972602739726,3.0
C-001781126,S-0007,-72.13048639435077,1,2,女性,32,5,12,0.1666666666666666,5525,2,21,4487075.727367008,3.7260273972602738,1.0
C-002645433,S-0017,-100.0,1,2,女性,49,1,12,0.75,54339,1,20,4640207.03550726,5.608219178082192,2.5
C-000061865,S-0100,-21.360595163238923,0,2,女性,58,12,12,0.8333333333333334,41505,1,17,4535925.154217558,4.720547945205479,2.0
C-000963796,S-0100,-30.527410232977047,0,2,男性,44,8,12,0.4166666666666667,40960,2,17,4535925.154217558,4.720547945205479,2.0
C-000195931,S-0017,-56.277952558493126,1,2,女性,18,12,12,0.75,0,0,20,4640207.03550726,5.608219178082192,2.5
C-001099079,S-0050,-40.855794866068315,0,2,女性,57,8,12,0.5833333333333334,0,0,20,4615411.181286601,9.2013698630137,6.0
C-002336588,S-0041,-100.0,1,2,女性,43,2,12,0.4166666666666667,13570,1,17,4828489.286769263,10.389041095890411,7.0
C-000118736,S-0059,-100.0,1,2,女性,60,12,12,0.4166666666666667,0,0,14,4713188.969095345,6.8123287671232875,3.0
C-000640660,S-0082,-54.82232009588024,1,2,女性,60,10,12,0.3333333333333333,0,0,17,4607261.71451126,4.758904109589041,2.0
C-001924220,S-0039,-37.731327516726004,0,2,女性,46,4,12,0.25,0,0,16,4591288.568998441,8.193150684931506,5.0
C-001177853,S-0089,-73.12972644760394,1,2,女性,44,7,12,0.0,0,0,19,4721110.949352573,10.142465753424657,7.0
C-002630627,S-0018,-100.0,1,2,女性,29,1,12,0.1666666666666666,35022,1,16,4493108.581950108,7.550684931506849,5.0
C-001580289,S-0063,-42.79959892123643,0,2,女性,31,5,12,0.1666666666666666,38177,1,18,4564012.176421695,5.749315068493151,3.0
C-000948966,S-0017,-29.547492113855633,0,2,女性,53,8,12,0.4166666666666667,4997,1,20,4640207.03550726,5.608219178082192,2.5
C-000463288,S-0100,-100.0,1,2,男性,36,10,12,0.0833333333333333,0,0,17,4535925.154217558,4.720547945205479,2.0
C-001511409,S-0131,-18.344425259416962,0,2,男性,33,6,12,0.3333333333333333,7539,1,17,4569023.5643747775,5.13972602739726,2.0
C-000504130,S-0117,-94.44761378425115,1,2,女性,41,10,12,0.0,0,0,20,4500859.737076383,9.593150684931507,7.0
C-000974665,S-0126,-12.868764610298946,0,2,男性,59,8,12,0.4166666666666667,2667,1,17,4493168.352495564,5.53972602739726,3.0
C-000928856,S-0020,-18.936779423765117,0,2,男性,31,8,12,0.25,0,0,16,4280702.057267675,6.986301369863014,3.5
C-002365582,S-0075,-3.5413642199464674,0,2,女性,43,2,12,0.25,0,0,19,4506647.2743158825,4.526027397260274,1.0
C-000403823,S-0004,-57.28555015034102,1,2,女性,48,11,12,0.3333333333333333,7041,1,22,4423576.351309,11.806849315068494,9.0
C-002197526,S-0040,-30.352077492557527,0,2,男性,52,3,12,0.3333333333333333,14358,1,20,4550116.0180538,8.163013698630138,4.0
C-000434058,S-0002,-71.50048110755267,1,2,女性,43,11,12,0.3333333333333333,2152,1,15,4455566.655169959,5.663013698630137,2.0
C-001470908,S-0111,-28.23054908164374,0,2,男性,33,6,12,0.4166666666666667,0,0,19,4489501.980758176,6.397260273972603,4.0
C-000790349,S-0100,-11.822507700369115,0,2,男性,67,9,12,0.75,14154,1,17,4535925.154217558,4.720547945205479,2.0
C-000518689,S-0085,-13.5586847678546,0,2,男性,43,10,12,0.5,19927,2,15,4606655.398026554,4.928767123287671,2.0
C-002215820,S-0004,-65.63617922394769,1,2,男性,53,3,12,0.5833333333333334,0,0,22,4423576.351309,11.806849315068494,9.0
C-000893269,S-0100,-19.26156346584248,0,2,女性,50,9,12,0.8333333333333334,0,0,17,4535925.154217558,4.720547945205479,2.0
C-001140369,S-0020,-79.38580065272056,1,2,女性,29,7,12,0.0833333333333333,1566,2,16,4280702.057267675,6.986301369863014,3.5
C-001730491,S-0019,-11.200409289313146,0,2,男性,38,5,12,0.75,12969,1,19,4327199.920883598,4.090410958904109,1.0
C-000410192,S-0050,-19.373897345423213,0,2,女性,50,11,12,0.5,0,0,20,4615411.181286601,9.2013698630137,6.0
C-000678755,S-0056,-2.0604722132270292,0,2,女性,70,9,12,0.6666666666666666,0,0,15,4406070.585753419,7.528767123287671,4.0
C-001641722,S-0121,-100.0,1,2,女性,42,5,12,0.5833333333333334,2335,1,14,4716268.25678644,9.856164383561644,7.0
C-000854771,S-0019,-31.233996029576776,0,2,女性,32,9,12,0.0833333333333333,113219,1,19,4327199.920883598,4.090410958904109,1.0
C-001282566,S-0075,-23.13873978728455,0,2,女性,38,7,12,0.0833333333333333,5882,1,19,4506647.2743158825,4.526027397260274,1.0
C-000539204,S-0131,-32.14975509510345,0,2,女性,50,10,12,0.5,0,0,17,4569023.5643747775,5.13972602739726,2.0
C-001002935,S-0005,-31.260462447576852,0,2,男性,60,8,12,0.6666666666666666,5138,2,21,4733942.970761149,4.69041095890411,2.0
C-002511334,S-0079,-19.387539130948397,0,2,女性,69,1,12,0.25,2540,1,13,4256656.371085242,8.479452054794521,6.0
C-001072663,S-0039,-25.4983666061706,0,2,男性,43,8,12,0.75,0,0,16,4591288.568998441,8.193150684931506,5.0
C-001900813,S-0050,-55.01322813260911,1,2,女性,48,4,12,0.3333333333333333,0,0,20,4615411.181286601,9.2013698630137,6.0
C-001639574,S-0089,-98.853135395958,1,2,男性,53,5,12,0.1666666666666666,2856,1,19,4721110.949352573,10.142465753424657,7.0
C-000854298,S-0030,-57.72160588952754,1,2,女性,67,9,12,0.0833333333333333,15106,1,22,4426478.045479023,9.236986301369862,5.5
C-000384764,S-0111,-41.971029694278336,0,2,女性,52,11,12,0.3333333333333333,0,0,19,4489501.980758176,6.397260273972603,4.0
C-001021454,S-0039,-96.91769136473354,1,2,女性,18,8,12,0.25,0,0,16,4591288.568998441,8.193150684931506,5.0
C-001257195,S-0062,-53.18368299923285,1,2,男性,54,7,12,0.6666666666666666,0,0,15,4713869.782113416,4.575342465753424,1.0
C-001191473,S-0002,-58.064408051676544,1,2,男性,52,7,12,0.1666666666666666,0,0,15,4455566.655169959,5.663013698630137,2.0
C-001934611,S-0017,-29.948646722345075,0,2,女性,62,4,12,0.25,14524,2,20,4640207.03550726,5.608219178082192,2.5
C-000956444,S-0019,-15.39042795437604,0,2,女性,34,8,12,0.8333333333333334,0,0,19,4327199.920883598,4.090410958904109,1.0
C-001500807,S-0085,-14.023429304683422,0,2,女性,48,6,12,0.5,68413,1,15,4606655.398026554,4.928767123287671,2.0
C-002322535,S-0121,-30.774054111745556,0,2,男性,31,2,12,0.5,0,0,14,4716268.25678644,9.856164383561644,7.0
C-002284165,S-0039,-32.53073539109148,0,2,男性,26,2,12,0.0,0,0,16,4591288.568998441,8.193150684931506,5.0
C-001153155,S-0085,-35.01908835840118,0,2,男性,22,7,12,0.25,0,0,15,4606655.398026554,4.928767123287671,2.0
C-000891780,S-0126,-17.28017985704619,0,2,男性,31,9,12,1.0,11450,1,17,4493168.352495564,5.53972602739726,3.0
C-001774128,S-0085,-24.1197217531896,0,2,女性,60,5,12,0.75,0,0,15,4606655.398026554,4.928767123287671,2.0
C-001530075,S-0040,-43.54685695429797,0,2,男性,59,6,12,0.5833333333333334,0,0,20,4550116.0180538,8.163013698630138,4.0
C-001175839,S-0019,-100.0,1,2,女性,57,7,12,0.1666666666666666,16042,1,19,4327199.920883598,4.090410958904109,1.0
C-001532884,S-0099,-100.0,1,2,女性,62,6,12,0.5,0,0,13,4464126.154078853,8.147945205479452,5.0
C-000941229,S-0019,-28.50352987968579,0,2,女性,64,8,12,0.75,0,0,19,4327199.920883598,4.090410958904109,1.0
C-001139836,S-0111,-83.52245266763327,1,2,女性,40,7,12,0.25,0,0,19,4489501.980758176,6.397260273972603,4.0
C-002282887,S-0030,-14.896031868999597,0,2,女性,54,2,12,0.5,0,0,22,4426478.045479023,9.236986301369862,5.5
C-001854079,S-0126,-30.086140852439414,0,2,女性,51,4,12,0.0,0,0,17,4493168.352495564,5.53972602739726,3.0
C-000781104,S-0085,-14.912261704304889,0,2,女性,45,9,12,0.5,23009,2,15,4606655.398026554,4.928767123287671,2.0
C-000162446,S-0079,-39.80877175741529,0,2,男性,44,12,12,0.4166666666666667,67096,1,13,4256656.371085242,8.479452054794521,6.0
C-001265761,S-0111,-48.103699451391556,0,2,男性,46,7,12,0.25,13988,1,19,4489501.980758176,6.397260273972603,4.0
C-001095058,S-0097,-2.2993229549505543,0,2,女性,38,8,12,0.75,0,0,21,4592508.716501317,10.09041095890411,7.0
C-000872996,S-0131,-29.381466486729646,0,2,女性,64,9,12,0.25,0,0,17,4569023.5643747775,5.13972602739726,2.0
C-001296205,S-0019,-2.2170273735012445,0,2,男性,42,7,12,0.5,0,0,19,4327199.920883598,4.090410958904109,1.0
C-002132528,S-0005,-42.95866697422041,0,2,女性,66,3,12,0.75,0,0,21,4733942.970761149,4.69041095890411,2.0
C-002088672,S-0106,-99.14055089913087,1,2,女性,53,3,12,0.25,34945,1,20,4462729.145118021,6.171232876712329,3.5
C-002109101,S-0048,-100.0,1,2,女性,31,3,12,0.0833333333333333,5682,1,15,4502249.082895545,3.671232876712329,1.0
C-000947415,S-0089,-100.0,1,2,男性,66,8,12,0.25,5993,2,19,4721110.949352573,10.142465753424657,7.0
C-000083122,S-0040,-33.62534292027831,0,2,男性,33,12,12,0.25,20204,1,20,4550116.0180538,8.163013698630138,4.0
C-001026119,S-0074,-100.0,1,2,女性,20,8,12,0.3333333333333333,0,0,14,4614054.39694187,8.308219178082192,6.0
C-000977444,S-0018,-7.154089077643472,0,2,男性,60,8,12,0.1666666666666666,31054,1,16,4493108.581950108,7.550684931506849,5.0
C-001539302,S-0019,4.9377668912303365,0,2,男性,58,6,12,0.25,0,0,19,4327199.920883598,4.090410958904109,1.0
C-002440949,S-0004,-1.684955782310515,0,2,女性,30,2,12,0.75,6413,1,22,4423576.351309,11.806849315068494,9.0
C-002214340,S-0050,-100.0,1,2,女性,41,3,12,0.6666666666666666,0,0,20,4615411.181286601,9.2013698630137,6.0
C-002191817,S-0131,-100.0,1,2,女性,56,3,12,0.25,0,0,17,4569023.5643747775,5.13972602739726,2.0
C-000187847,S-0126,-31.252606570666767,0,2,男性,32,12,12,0.4166666666666667,0,0,17,4493168.352495564,5.53972602739726,3.0
C-001575921,S-0012,-27.755983207549427,0,2,女性,56,6,12,0.0833333333333333,4718,1,16,4444678.825084195,7.994520547945205,5.0
C-000968081,S-0085,-18.85936091202225,0,2,男性,59,8,12,0.5833333333333334,0,0,15,4606655.398026554,4.928767123287671,2.0
C-000837452,S-0019,-10.670908819052428,0,2,女性,42,9,12,0.5833333333333334,0,0,19,4327199.920883598,4.090410958904109,1.0
C-001711940,S-0131,-47.56537629682747,0,2,女性,79,5,12,0.1666666666666666,20830,1,17,4569023.5643747775,5.13972602739726,2.0
C-002441110,S-0040,-28.372675855996203,0,2,男性,31,2,12,0.0833333333333333,7867,1,20,4550116.0180538,8.163013698630138,4.0
C-002020076,S-0007,-16.669180254403805,0,2,女性,36,4,12,0.3333333333333333,0,0,21,4487075.727367008,3.7260273972602738,1.0
C-000763363,S-0056,-53.91770962196553,1,2,女性,52,9,12,0.0833333333333333,0,0,15,4406070.585753419,7.528767123287671,4.0
C-002629589,S-0075,-100.0,1,2,女性,92,1,12,0.5,21174,2,19,4506647.2743158825,4.526027397260274,1.0
C-000925891,S-0131,-91.71923660464745,1,2,女性,57,8,12,0.4166666666666667,0,0,17,4569023.5643747775,5.13972602739726,2.0
C-002378400,S-0030,-80.76232125075708,1,2,男性,72,2,12,0.4166666666666667,0,0,22,4426478.045479023,9.236986301369862,5.5
C-001249561,S-0002,-38.94883956484899,0,2,女性,40,7,12,0.3333333333333333,6460,1,15,4455566.655169959,5.663013698630137,2.0
C-000647386,S-0036,-29.479823936495013,0,2,女性,56,10,12,0.3333333333333333,7723,1,19,4397834.424680548,11.123287671232877,9.0
C-000572525,S-0054,-98.87703774674877,1,2,女性,25,10,12,0.0833333333333333,68474,2,23,4489160.181517739,6.358904109589041,4.0
C-000005766,S-0054,-30.061393625756676,0,2,女性,57,12,12,0.5,24651,1,23,4489160.181517739,6.358904109589041,4.0
C-001215592,S-0048,-28.786838857280472,0,2,男性,37,7,12,0.75,0,0,15,4502249.082895545,3.671232876712329,1.0
C-002665502,S-0014,-6.039558901267434,0,2,女性,41,1,12,0.0833333333333333,0,0,21,4730192.353344672,7.336986301369863,4.0
C-001550943,S-0079,-18.775714331405577,0,2,女性,46,6,12,0.5,0,0,13,4256656.371085242,8.479452054794521,6.0
C-000742536,S-0097,-7.210723462388699,0,2,女性,60,9,12,0.0,20897,1,21,4592508.716501317,10.09041095890411,7.0
C-002574940,S-0039,-64.6837451517535,1,2,女性,53,1,12,0.0833333333333333,6068,1,16,4591288.568998441,8.193150684931506,5.0
C-001900243,S-0121,-100.0,1,2,男性,49,4,12,0.1666666666666666,0,0,14,4716268.25678644,9.856164383561644,7.0
C-001047077,S-0005,-13.131940385739332,0,2,女性,53,8,12,0.5833333333333334,7985,1,21,4733942.970761149,4.69041095890411,2.0
C-002668011,S-0075,-67.33540831880539,1,2,女性,65,1,12,0.6666666666666666,0,0,19,4506647.2743158825,4.526027397260274,1.0
C-000790115,S-0040,-97.00307489567318,1,2,女性,45,9,12,0.25,0,0,20,4550116.0180538,8.163013698630138,4.0
C-000913366,S-0048,-100.0,1,2,女性,45,8,12,0.4166666666666667,5497,1,15,4502249.082895545,3.671232876712329,1.0
C-002298684,S-0039,-52.64065546537901,1,2,女性,31,2,12,0.5833333333333334,8368,1,16,4591288.568998441,8.193150684931506,5.0
C-000427062,S-0075,-74.42239825999808,1,2,女性,56,11,12,0.4166666666666667,76196,1,19,4506647.2743158825,4.526027397260274,1.0
C-000943002,S-0050,-27.867521897439946,0,2,女性,43,8,12,0.4166666666666667,1331,1,20,4615411.181286601,9.2013698630137,6.0
C-002551360,S-0017,-19.65434267468138,0,2,女性,48,1,12,0.3333333333333333,8576,1,20,4640207.03550726,5.608219178082192,2.5
C-000557351,S-0054,-7.708975072407885,0,2,男性,43,10,12,0.3333333333333333,1198,2,23,4489160.181517739,6.358904109589041,4.0
C-002432744,S-0005,-6.709255447425795,0,2,女性,40,2,12,1.0,0,0,21,4733942.970761149,4.69041095890411,2.0
C-002399240,S-0082,-50.974913442264466,1,2,女性,19,2,12,0.4166666666666667,0,0,17,4607261.71451126,4.758904109589041,2.0
C-001855908,S-0004,-100.0,1,2,男性,52,4,12,0.3333333333333333,0,0,22,4423576.351309,11.806849315068494,9.0
C-002657940,S-0085,-36.175927824482265,0,2,男性,31,1,12,0.75,10429,1,15,4606655.398026554,4.928767123287671,2.0
C-001997790,S-0005,-63.98951514479086,1,2,男性,52,4,12,0.75,4861,1,21,4733942.970761149,4.69041095890411,2.0
C-001630660,S-0004,-100.0,1,2,男性,35,5,12,0.6666666666666666,0,0,22,4423576.351309,11.806849315068494,9.0
C-001179304,S-0085,-18.513678231694293,0,2,女性,74,7,12,1.0,0,0,15,4606655.398026554,4.928767123287671,2.0
C-001078487,S-0131,-63.43207058004102,1,2,女性,34,8,12,0.6666666666666666,0,0,17,4569023.5643747775,5.13972602739726,2.0
C-002512335,S-0079,-59.1784238833892,1,2,女性,64,1,12,0.1666666666666666,0,0,13,4256656.371085242,8.479452054794521,6.0
C-001880503,S-0117,-100.0,1,2,女性,42,4,12,0.25,0,0,20,4500859.737076383,9.593150684931507,7.0
C-000183906,S-0059,-25.77690873327722,0,2,男性,61,12,12,0.1666666666666666,0,0,14,4713188.969095345,6.8123287671232875,3.0
C-001503006,S-0089,-53.85933552952299,1,2,男性,54,6,12,0.3333333333333333,0,0,19,4721110.949352573,10.142465753424657,7.0
C-002153713,S-0085,-8.070342471507379,0,2,男性,68,3,12,0.8333333333333334,0,0,15,4606655.398026554,4.928767123287671,2.0
C-000314994,S-0039,-100.0,1,2,女性,48,11,12,0.5,29078,1,16,4591288.568998441,8.193150684931506,5.0
C-000551482,S-0121,-66.75441999667461,1,2,男性,41,10,12,0.6666666666666666,10869,1,14,4716268.25678644,9.856164383561644,7.0
C-001466668,S-0117,-100.0,1,2,男性,50,6,12,0.0833333333333333,14354,1,20,4500859.737076383,9.593150684931507,7.0
C-001536543,S-0017,-13.179227110115185,0,2,女性,60,6,12,0.75,0,0,20,4640207.03550726,5.608219178082192,2.5
C-001160839,S-0131,-44.64324368201743,0,2,女性,19,7,12,0.1666666666666666,1283,1,17,4569023.5643747775,5.13972602739726,2.0
C-000772163,S-0039,-38.99145891155998,0,2,男性,31,9,12,0.5833333333333334,38673,2,16,4591288.568998441,8.193150684931506,5.0
C-000623396,S-0056,-100.0,1,2,女性,55,10,12,0.3333333333333333,0,0,15,4406070.585753419,7.528767123287671,4.0
C-002171040,S-0062,-70.91888825865003,1,2,女性,41,3,12,0.1666666666666666,0,0,15,4713869.782113416,4.575342465753424,1.0
C-002511675,S-0012,-46.84805958479266,0,2,女性,43,1,12,0.1666666666666666,41000,1,16,4444678.825084195,7.994520547945205,5.0
C-000656197,S-0059,-55.02960688048226,1,2,女性,33,10,12,0.5833333333333334,136313,1,14,4713188.969095345,6.8123287671232875,3.0
C-000666583,S-0007,-100.0,1,2,女性,62,10,12,0.6666666666666666,0,0,21,4487075.727367008,3.7260273972602738,1.0
C-001201068,S-0020,-52.48833592534993,1,2,女性,55,7,12,0.25,0,0,16,4280702.057267675,6.986301369863014,3.5
C-001361378,S-0004,-69.98746917176813,1,2,男性,29,6,12,0.25,0,0,22,4423576.351309,11.806849315068494,9.0
C-002194350,S-0111,-29.923141172880158,0,2,男性,56,3,12,0.4166666666666667,0,0,19,4489501.980758176,6.397260273972603,4.0
C-002500549,S-0017,-41.80906915828505,0,2,女性,48,1,12,0.25,0,0,20,4640207.03550726,5.608219178082192,2.5
C-002152909,S-0126,-79.85940299413926,1,2,女性,30,3,12,0.9166666666666666,7393,1,17,4493168.352495564,5.53972602739726,3.0
C-001087679,S-0040,-63.49853569127989,1,2,女性,65,8,12,0.0833333333333333,10413,1,20,4550116.0180538,8.163013698630138,4.0
C-002476199,S-0036,-87.60516497183409,1,2,女性,68,1,12,0.0833333333333333,4195,2,19,4397834.424680548,11.123287671232877,9.0
C-000137041,S-0096,-42.79811966055224,0,2,男性,46,12,12,0.25,0,0,16,4644856.458098179,8.302739726027397,5.0
C-001444788,S-0054,-31.215412706587387,0,2,男性,72,6,12,0.75,0,0,23,4489160.181517739,6.358904109589041,4.0
C-001679123,S-0048,9.503272729064346,0,2,女性,60,5,12,0.6666666666666666,0,0,15,4502249.082895545,3.671232876712329,1.0
C-001536764,S-0075,-100.0,1,2,男性,70,6,12,0.6666666666666666,0,0,19,4506647.2743158825,4.526027397260274,1.0
C-001324926,S-0036,-19.980786262177457,0,2,女性,47,7,12,0.25,39152,1,19,4397834.424680548,11.123287671232877,9.0
C-002021594,S-0019,-1.7884932001172784,0,2,男性,52,4,12,0.8333333333333334,7148,1,19,4327199.920883598,4.090410958904109,1.0
C-002574321,S-0096,-69.4109356530173,1,2,女性,52,1,12,0.1666666666666666,39937,2,16,4644856.458098179,8.302739726027397,5.0
C-002494260,S-0054,-14.167028419161614,0,2,男性,42,1,12,0.5,8637,1,23,4489160.181517739,6.358904109589041,4.0
C-000558035,S-0002,-48.06793124518477,0,2,男性,32,10,12,0.0833333333333333,0,0,15,4455566.655169959,5.663013698630137,2.0
C-000027606,S-0054,-15.676684692358286,0,2,男性,62,12,12,0.1666666666666666,6897,1,23,4489160.181517739,6.358904109589041,4.0
C-001088064,S-0017,-3.5150828359683555,0,2,女性,55,8,12,0.4166666666666667,0,0,20,4640207.03550726,5.608219178082192,2.5
C-002133036,S-0054,-85.2139681677809,1,2,女性,39,3,12,0.5833333333333334,0,0,23,4489160.181517739,6.358904109589041,4.0
C-002117518,S-0050,-11.056917162425444,0,2,女性,46,3,12,0.1666666666666666,86082,1,20,4615411.181286601,9.2013698630137,6.0
C-000272459,S-0074,-43.74949331171463,0,2,女性,42,11,12,0.0833333333333333,0,0,14,4614054.39694187,8.308219178082192,6.0
C-002622917,S-0126,-10.001408105235427,0,2,女性,39,1,12,0.5,0,0,17,4493168.352495564,5.53972602739726,3.0
C-000904062,S-0079,-53.25387909278888,1,2,男性,50,8,12,0.1666666666666666,56167,1,13,4256656.371085242,8.479452054794521,6.0
C-001560512,S-0075,-58.69790513308827,1,2,男性,43,6,12,0.4166666666666667,3124,1,19,4506647.2743158825,4.526027397260274,1.0
C-000753662,S-0005,-27.43999084385654,0,2,男性,61,9,12,0.4166666666666667,0,0,21,4733942.970761149,4.69041095890411,2.0
C-002580795,S-0131,-29.778495731038834,0,2,男性,35,1,12,0.25,17311,1,17,4569023.5643747775,5.13972602739726,2.0
C-000631678,S-0036,-25.539984358344885,0,2,女性,39,10,12,0.1666666666666666,4706,2,19,4397834.424680548,11.123287671232877,9.0
C-001618364,S-0039,-32.6705380429234,0,2,男性,54,5,12,0.0833333333333333,1562,1,16,4591288.568998441,8.193150684931506,5.0
C-000826353,S-0008,-15.038969888341347,0,2,女性,49,9,12,0.1666666666666666,25862,1,22,4498453.308937302,10.772602739726027,7.0
C-001825655,S-0014,-100.0,1,2,男性,50,4,12,0.1666666666666666,0,0,21,4730192.353344672,7.336986301369863,4.0
C-000961167,S-0004,-57.59237514677593,1,2,男性,43,8,12,0.4166666666666667,3530,1,22,4423576.351309,11.806849315068494,9.0
C-002482025,S-0062,-44.507959191774844,0,2,女性,47,1,12,0.5,0,0,15,4713869.782113416,4.575342465753424,1.0
C-001357396,S-0019,-33.927448877713275,0,2,男性,52,6,12,0.5833333333333334,0,0,19,4327199.920883598,4.090410958904109,1.0
C-000006377,S-0085,-100.0,1,2,男性,54,12,12,0.6666666666666666,11006,1,15,4606655.398026554,4.928767123287671,2.0
C-002315314,S-0019,-38.89506270836641,0,2,男性,49,2,12,0.5833333333333334,0,0,19,4327199.920883598,4.090410958904109,1.0
C-002482907,S-0005,-29.667718794835007,0,2,男性,63,1,12,0.5,0,0,21,4733942.970761149,4.69041095890411,2.0
C-001660962,S-0039,-1.3890408698887386,0,2,男性,72,5,12,0.5,1008,1,16,4591288.568998441,8.193150684931506,5.0
C-001768622,S-0089,-36.05835439978825,0,2,男性,36,5,12,0.1666666666666666,3276,1,19,4721110.949352573,10.142465753424657,7.0
C-000907167,S-0085,-26.40160011963511,0,2,女性,23,8,12,0.5,0,0,15,4606655.398026554,4.928767123287671,2.0
C-001988388,S-0075,-25.70655715877476,0,2,男性,47,4,12,0.25,0,0,19,4506647.2743158825,4.526027397260274,1.0
C-001211543,S-0085,-26.07736858598637,0,2,女性,72,7,12,0.8333333333333334,0,0,15,4606655.398026554,4.928767123287671,2.0
C-001645581,S-0020,-12.08468997839181,0,2,男性,18,5,12,0.9166666666666666,0,0,16,4280702.057267675,6.986301369863014,3.5
C-002625772,S-0111,-32.38089769525004,0,2,男性,31,1,12,0.3333333333333333,209643,1,19,4489501.980758176,6.397260273972603,4.0
C-001483287,S-0082,-40.14586150181157,0,2,男性,51,6,12,0.5,0,0,17,4607261.71451126,4.758904109589041,2.0
C-002637544,S-0059,-11.706506389281163,0,2,女性,68,1,12,0.75,0,0,14,4713188.969095345,6.8123287671232875,3.0
C-002263301,S-0115,-20.803031556007415,0,2,女性,51,2,12,0.5833333333333334,0,0,14,4553643.099564746,10.51095890410959,7.0
C-002194378,S-0089,-8.38500620074409,0,2,男性,64,3,12,0.5,0,0,19,4721110.949352573,10.142465753424657,7.0
C-000365950,S-0030,-100.0,1,2,女性,44,11,12,0.9166666666666666,-481,1,22,4426478.045479023,9.236986301369862,5.5
C-001016266,S-0019,-24.685402004345995,0,2,男性,57,8,12,0.6666666666666666,0,0,19,4327199.920883598,4.090410958904109,1.0
C-000519333,S-0005,-26.840807287734663,0,2,女性,52,10,12,0.25,14186,1,21,4733942.970761149,4.69041095890411,2.0
C-002637180,S-0131,-81.22393147060143,1,2,女性,50,1,12,0.1666666666666666,51009,1,17,4569023.5643747775,5.13972602739726,2.0
C-002301978,S-0002,-72.90237421192491,1,2,男性,39,2,12,0.6666666666666666,3559,1,15,4455566.655169959,5.663013698630137,2.0
C-002461603,S-0002,-34.01254115196212,0,2,女性,37,2,12,0.5833333333333334,0,0,15,4455566.655169959,5.663013698630137,2.0
C-001934643,S-0019,-3.3513180463272882,0,2,女性,50,4,12,0.6666666666666666,5260,2,19,4327199.920883598,4.090410958904109,1.0
C-000570693,S-0075,-62.93086412782656,1,2,女性,26,10,12,0.5833333333333334,29649,1,19,4506647.2743158825,4.526027397260274,1.0
C-000951014,S-0017,-100.0,1,2,男性,30,8,12,0.0833333333333333,0,0,20,4640207.03550726,5.608219178082192,2.5
C-002295977,S-0054,-39.621200889547815,0,2,女性,76,2,12,0.9166666666666666,0,0,23,4489160.181517739,6.358904109589041,4.0
C-000179740,S-0074,-14.127976453372579,0,2,女性,61,12,12,0.5,0,0,14,4614054.39694187,8.308219178082192,6.0
C-000968504,S-0126,-24.368270324147513,0,2,女性,57,8,12,0.0833333333333333,1731,2,17,4493168.352495564,5.53972602739726,3.0
C-002392973,S-0004,-100.0,1,2,女性,40,2,12,0.0,6174,1,22,4423576.351309,11.806849315068494,9.0
C-000538387,S-0056,-100.0,1,2,男性,57,10,12,0.1666666666666666,57739,2,15,4406070.585753419,7.528767123287671,4.0
C-000125115,S-0039,-100.0,1,2,女性,46,12,12,0.5,0,0,16,4591288.568998441,8.193150684931506,5.0
C-001183951,S-0002,-9.444890750427739,0,2,女性,39,7,12,0.8333333333333334,0,0,15,4455566.655169959,5.663013698630137,2.0
C-000001695,S-0018,-42.727715386846796,0,2,女性,48,13,12,0.3333333333333333,24222,1,16,4493108.581950108,7.550684931506849,5.0
C-002242580,S-0072,-13.057997224208268,0,2,男性,42,3,12,0.1666666666666666,0,0,12,4406797.312641796,9.01917808219178,6.0
C-000272761,S-0005,-28.238791181570473,0,2,男性,57,11,12,0.5833333333333334,0,0,21,4733942.970761149,4.69041095890411,2.0
C-000184220,S-0075,-66.59072611726819,1,2,女性,17,12,12,0.6666666666666666,0,0,19,4506647.2743158825,4.526027397260274,1.0
C-002189123,S-0085,-91.26157126932584,1,2,男性,47,3,12,0.25,14833,2,15,4606655.398026554,4.928767123287671,2.0
C-000452682,S-0082,-48.56430763249608,0,2,女性,56,10,12,0.4166666666666667,3250,2,17,4607261.71451126,4.758904109589041,2.0
C-001956445,S-0050,-82.19560276200838,1,2,女性,42,4,12,0.3333333333333333,26023,1,20,4615411.181286601,9.2013698630137,6.0
C-001576294,S-0100,-21.509113645431395,0,2,女性,21,5,12,0.75,0,0,17,4535925.154217558,4.720547945205479,2.0
C-002549976,S-0075,-48.4659905757017,0,2,女性,60,1,12,0.6666666666666666,0,0,19,4506647.2743158825,4.526027397260274,1.0
C-000832032,S-0117,-25.5934066819163,0,2,女性,35,9,12,0.0833333333333333,33642,1,20,4500859.737076383,9.593150684931507,7.0
C-001599101,S-0126,-59.97406580801217,1,2,女性,66,5,12,0.5833333333333334,0,0,17,4493168.352495564,5.53972602739726,3.0
C-001567418,S-0020,-54.55282948540858,1,2,女性,20,6,12,0.25,0,0,16,4280702.057267675,6.986301369863014,3.5
C-000703798,S-0050,-100.0,1,2,女性,33,9,12,0.6666666666666666,0,0,20,4615411.181286601,9.2013698630137,6.0
C-001283676,S-0126,-33.45750104619157,0,2,女性,66,7,12,0.3333333333333333,0,0,17,4493168.352495564,5.53972602739726,3.0
C-001997445,S-0017,-100.0,1,2,女性,25,4,12,0.5833333333333334,0,0,20,4640207.03550726,5.608219178082192,2.5
C-001417837,S-0054,-54.02990213748097,1,2,女性,72,6,12,0.1666666666666666,6060,1,23,4489160.181517739,6.358904109589041,4.0
C-001787025,S-0054,-80.06744604316548,1,2,男性,37,5,12,0.6666666666666666,4046,1,23,4489160.181517739,6.358904109589041,4.0
C-000337978,S-0075,-36.65663422995425,0,2,女性,43,11,12,0.1666666666666666,0,0,19,4506647.2743158825,4.526027397260274,1.0
C-001848739,S-0100,-70.92556124458447,1,2,男性,42,4,12,0.5833333333333334,0,0,17,4535925.154217558,4.720547945205479,2.0
C-001550380,S-0008,-51.454952759012926,1,2,男性,32,6,12,0.25,8941,2,22,4498453.308937302,10.772602739726027,7.0
C-002682070,S-0100,-100.0,1,2,女性,51,1,12,0.25,25061,1,17,4535925.154217558,4.720547945205479,2.0
C-000269124,S-0131,-49.1883677557505,1,2,男性,59,11,12,0.25,0,0,17,4569023.5643747775,5.13972602739726,2.0
C-001491515,S-0075,-59.630485413655656,1,2,男性,31,6,12,0.6666666666666666,0,0,19,4506647.2743158825,4.526027397260274,1.0
C-000770546,S-0097,-23.75380191714957,0,2,女性,41,9,12,0.4166666666666667,0,0,21,4592508.716501317,10.09041095890411,7.0
C-000437841,S-0008,-100.0,1,2,女性,45,11,12,0.0833333333333333,13002,1,22,4498453.308937302,10.772602739726027,7.0
C-000458803,S-0048,-100.0,1,2,女性,52,10,12,0.4166666666666667,31186,1,15,4502249.082895545,3.671232876712329,1.0
C-000848188,S-0100,-94.74402058521633,1,2,男性,45,9,12,0.1666666666666666,0,0,17,4535925.154217558,4.720547945205479,2.0
C-002048753,S-0072,-3.7673490313838944,0,2,女性,44,3,12,0.8333333333333334,8233,1,12,4406797.312641796,9.01917808219178,6.0
C-000203963,S-0075,-36.266869174540005,0,2,男性,41,12,12,0.5,1787,1,19,4506647.2743158825,4.526027397260274,1.0
C-002128333,S-0018,-2.7823052260238774,0,2,男性,39,3,12,0.5833333333333334,0,0,16,4493108.581950108,7.550684931506849,5.0
C-001439349,S-0085,-46.004216967091125,0,2,女性,70,6,12,0.1666666666666666,0,0,15,4606655.398026554,4.928767123287671,2.0
C-000411107,S-0082,-14.16803696363034,0,2,男性,69,11,12,0.25,20587,1,17,4607261.71451126,4.758904109589041,2.0
C-002468694,S-0063,-40.53916206816031,0,2,女性,52,2,12,0.6666666666666666,0,0,18,4564012.176421695,5.749315068493151,3.0
C-001821041,S-0036,-1.2564880394403362,0,2,女性,61,4,12,0.9166666666666666,0,0,19,4397834.424680548,11.123287671232877,9.0
C-002569801,S-0063,-33.65862097436885,0,2,女性,50,1,12,0.6666666666666666,14221,1,18,4564012.176421695,5.749315068493151,3.0
C-002448838,S-0040,-28.775624497175656,0,2,女性,43,2,12,0.3333333333333333,7392,1,20,4550116.0180538,8.163013698630138,4.0
C-000188979,S-0059,-29.39161809348944,0,2,男性,58,12,12,0.5833333333333334,16643,1,14,4713188.969095345,6.8123287671232875,3.0
C-000464798,S-0017,-100.0,1,2,男性,58,10,12,0.4166666666666667,0,0,20,4640207.03550726,5.608219178082192,2.5
C-001403331,S-0100,-43.62862813469741,0,2,女性,36,6,12,0.25,37564,2,17,4535925.154217558,4.720547945205479,2.0
C-002519429,S-0100,-57.188091025562805,1,2,男性,38,1,12,0.0,0,0,17,4535925.154217558,4.720547945205479,2.0
C-002027486,S-0050,-51.7924984875983,1,2,男性,57,3,12,0.4166666666666667,43612,2,20,4615411.181286601,9.2013698630137,6.0
C-000525287,S-0075,-76.76693811977175,1,2,女性,67,10,12,0.4166666666666667,5621,1,19,4506647.2743158825,4.526027397260274,1.0
C-002665979,S-0082,-100.0,1,2,男性,59,1,12,0.4166666666666667,0,0,17,4607261.71451126,4.758904109589041,2.0
C-002095822,S-0004,-27.548025250313746,0,2,男性,44,3,12,0.25,13257,1,22,4423576.351309,11.806849315068494,9.0
C-002353200,S-0059,-16.883107120170497,0,2,女性,34,2,12,0.4166666666666667,0,0,14,4713188.969095345,6.8123287671232875,3.0
C-001180381,S-0004,-73.32551946173305,1,2,男性,38,7,12,0.1666666666666666,2840,1,22,4423576.351309,11.806849315068494,9.0
C-001585753,S-0041,-41.063694013480635,0,2,男性,69,5,12,0.5,0,0,17,4828489.286769263,10.389041095890411,7.0
C-000849613,S-0126,-17.16687653899292,0,2,男性,92,9,12,0.6666666666666666,0,0,17,4493168.352495564,5.53972602739726,3.0
C-001907999,S-0117,-100.0,1,2,男性,50,4,12,0.1666666666666666,44508,2,20,4500859.737076383,9.593150684931507,7.0
C-000708007,S-0113,-28.841038810771913,0,2,男性,22,9,12,0.25,0,0,16,4336633.961311346,5.77945205479452,2.5
C-000749983,S-0085,-17.23308887252938,0,2,男性,63,9,12,0.3333333333333333,29628,1,15,4606655.398026554,4.928767123287671,2.0
C-001034829,S-0054,-100.0,1,2,女性,50,8,12,0.25,48119,1,23,4489160.181517739,6.358904109589041,4.0
C-002601570,S-0100,-59.75174131846263,1,2,女性,60,1,12,0.5833333333333334,0,0,17,4535925.154217558,4.720547945205479,2.0
C-002606685,S-0014,-60.80629124107385,1,2,女性,47,1,12,0.0833333333333333,0,0,21,4730192.353344672,7.336986301369863,4.0
C-000779301,S-0126,-54.50302610580832,1,2,女性,51,9,12,0.5,10568,1,17,4493168.352495564,5.53972602739726,3.0
C-000744927,S-0075,-58.3461982976067,1,2,男性,39,9,12,0.5833333333333334,19232,1,19,4506647.2743158825,4.526027397260274,1.0
C-001103771,S-0082,-47.63934381295654,0,2,女性,80,8,12,0.0833333333333333,0,0,17,4607261.71451126,4.758904109589041,2.0
C-002655043,S-0131,-100.0,1,2,男性,66,1,12,0.4166666666666667,14738,1,17,4569023.5643747775,5.13972602739726,2.0
C-000743356,S-0030,-51.94239073540958,1,2,女性,47,9,12,0.5833333333333334,0,0,22,4426478.045479023,9.236986301369862,5.5
C-001823618,S-0050,-16.803933718763975,0,2,女性,59,4,12,0.4166666666666667,0,0,20,4615411.181286601,9.2013698630137,6.0
C-000440958,S-0082,-56.51617863400138,1,2,男性,41,11,12,0.4166666666666667,0,0,17,4607261.71451126,4.758904109589041,2.0
C-002616965,S-0082,-87.23528268894502,1,2,女性,53,1,12,0.4166666666666667,111743,2,17,4607261.71451126,4.758904109589041,2.0
C-002427894,S-0082,-49.79244684227229,1,2,女性,41,2,12,0.25,0,0,17,4607261.71451126,4.758904109589041,2.0
C-001287043,S-0039,-7.614016990790291,0,2,男性,43,7,12,0.1666666666666666,0,0,16,4591288.568998441,8.193150684931506,5.0
C-000098962,S-0054,-8.75207828182469,0,2,女性,68,12,12,0.8333333333333334,0,0,23,4489160.181517739,6.358904109589041,4.0
C-000740803,S-0121,-41.655631339380214,0,2,男性,42,9,12,0.1666666666666666,0,0,14,4716268.25678644,9.856164383561644,7.0
C-000064466,S-0075,-100.0,1,2,女性,61,12,12,0.8333333333333334,13618,2,19,4506647.2743158825,4.526027397260274,1.0
C-001190735,S-0002,-100.0,1,2,女性,40,7,12,0.1666666666666666,0,0,15,4455566.655169959,5.663013698630137,2.0
C-000115629,S-0100,-41.32032055859716,0,2,男性,24,12,12,0.3333333333333333,0,0,17,4535925.154217558,4.720547945205479,2.0
C-000565450,S-0100,-100.0,1,2,女性,22,10,12,0.0833333333333333,0,0,17,4535925.154217558,4.720547945205479,2.0
C-000203892,S-0050,-100.0,1,2,女性,18,12,12,0.25,0,0,20,4615411.181286601,9.2013698630137,6.0
C-002082498,S-0005,-33.61381481188398,0,2,女性,39,3,12,0.4166666666666667,12941,1,21,4733942.970761149,4.69041095890411,2.0
C-002382252,S-0126,-29.08587046722853,0,2,女性,35,2,12,0.0833333333333333,0,0,17,4493168.352495564,5.53972602739726,3.0
C-001638619,S-0019,1.0549392909331756,0,2,男性,52,5,12,0.5,0,0,19,4327199.920883598,4.090410958904109,1.0
C-000105594,S-0131,-13.521545797901286,0,2,男性,80,12,12,0.5833333333333334,11668,1,17,4569023.5643747775,5.13972602739726,2.0
C-000929487,S-0050,-100.0,1,2,女性,44,8,12,0.3333333333333333,0,0,20,4615411.181286601,9.2013698630137,6.0
C-000129916,S-0075,-16.842604282331706,0,2,女性,28,12,12,0.25,0,0,19,4506647.2743158825,4.526027397260274,1.0
C-000258103,S-0020,-47.43030563463501,0,2,女性,26,11,12,0.0833333333333333,99513,1,16,4280702.057267675,6.986301369863014,3.5
C-001872224,S-0062,-37.88768146943898,0,2,女性,38,4,12,0.4166666666666667,0,0,15,4713869.782113416,4.575342465753424,1.0
C-000665556,S-0082,-61.51702508960574,1,2,男性,19,10,12,0.4166666666666667,0,0,17,4607261.71451126,4.758904109589041,2.0
C-000186813,S-0041,-70.41445079909543,1,2,男性,68,12,12,0.0833333333333333,4980,2,17,4828489.286769263,10.389041095890411,7.0
C-001234449,S-0113,-100.0,1,2,男性,64,7,12,0.0,1741,1,16,4336633.961311346,5.77945205479452,2.5
C-000314597,S-0054,-36.863176518622694,0,2,男性,57,11,12,0.25,0,0,23,4489160.181517739,6.358904109589041,4.0
C-000106488,S-0111,-25.787256121430275,0,2,男性,78,12,12,0.1666666666666666,51248,2,19,4489501.980758176,6.397260273972603,4.0
C-000870709,S-0040,-75.38177588996764,1,2,女性,46,9,12,0.0833333333333333,32760,2,20,4550116.0180538,8.163013698630138,4.0
C-000834712,S-0019,-18.98890135226518,0,2,女性,50,9,12,0.1666666666666666,0,0,19,4327199.920883598,4.090410958904109,1.0
C-000184596,S-0039,-41.91479382229782,0,2,男性,19,12,12,0.8333333333333334,13121,1,16,4591288.568998441,8.193150684931506,5.0
C-002035605,S-0072,-6.968763712764472,0,2,男性,48,3,12,0.4166666666666667,10602,1,12,4406797.312641796,9.01917808219178,6.0
C-000956138,S-0131,-27.65949613616031,0,2,女性,57,8,12,0.3333333333333333,24628,1,17,4569023.5643747775,5.13972602739726,2.0
C-002422843,S-0050,-9.321510776313035,0,2,女性,48,2,12,0.5,0,0,20,4615411.181286601,9.2013698630137,6.0
C-002358768,S-0002,-100.0,1,2,女性,34,2,12,0.4166666666666667,4690,2,15,4455566.655169959,5.663013698630137,2.0
C-001020268,S-0121,-18.366096893363704,0,2,女性,47,8,12,0.1666666666666666,0,0,14,4716268.25678644,9.856164383561644,7.0
C-000524545,S-0004,-30.058054976975416,0,2,男性,69,10,12,0.25,0,0,22,4423576.351309,11.806849315068494,9.0
C-001196890,S-0018,-100.0,1,2,女性,59,7,12,0.25,0,0,16,4493108.581950108,7.550684931506849,5.0
C-002222255,S-0040,-100.0,1,2,男性,42,3,12,0.1666666666666666,7731,1,20,4550116.0180538,8.163013698630138,4.0
C-001999025,S-0131,-85.35784774188102,1,2,女性,43,4,12,0.0833333333333333,0,0,17,4569023.5643747775,5.13972602739726,2.0
C-002156174,S-0062,-33.25354707651607,0,2,女性,42,3,12,0.75,0,0,15,4713869.782113416,4.575342465753424,1.0
C-001013792,S-0054,-32.00606789768269,0,2,男性,48,8,12,0.6666666666666666,9269,2,23,4489160.181517739,6.358904109589041,4.0
C-001986445,S-0041,-4.426480789920784,0,2,男性,57,4,12,1.0,0,0,17,4828489.286769263,10.389041095890411,7.0
C-000443822,S-0063,-100.0,1,2,女性,55,11,12,0.4166666666666667,0,0,18,4564012.176421695,5.749315068493151,3.0
C-000189782,S-0117,-2.5103554418679175,0,2,女性,61,12,12,0.3333333333333333,20059,2,20,4500859.737076383,9.593150684931507,7.0
C-000847774,S-0080,-100.0,1,2,男性,51,9,12,0.75,0,0,17,4457429.264950683,11.673972602739726,9.0
C-001319877,S-0111,-18.770615474166767,0,2,女性,53,7,12,0.3333333333333333,58874,1,19,4489501.980758176,6.397260273972603,4.0
C-000253107,S-0002,-69.09865516887383,1,2,女性,76,11,12,0.25,0,0,15,4455566.655169959,5.663013698630137,2.0
C-002072459,S-0085,-45.71901259643892,0,2,女性,63,3,12,0.8333333333333334,0,0,15,4606655.398026554,4.928767123287671,2.0
C-001639218,S-0099,-20.75816580710802,0,2,女性,43,5,12,0.9166666666666666,9530,2,13,4464126.154078853,8.147945205479452,5.0
C-002630347,S-0036,-100.0,1,2,女性,60,1,12,0.9166666666666666,0,0,19,4397834.424680548,11.123287671232877,9.0
C-001902534,S-0121,-26.3186391073715,0,2,男性,48,4,12,0.5,0,0,14,4716268.25678644,9.856164383561644,7.0
C-001471796,S-0039,-36.31350596944735,0,2,男性,49,6,12,0.3333333333333333,75059,2,16,4591288.568998441,8.193150684931506,5.0
C-002421047,S-0121,-100.0,1,2,男性,32,2,12,0.6666666666666666,0,0,14,4716268.25678644,9.856164383561644,7.0
C-001846718,S-0036,-100.0,1,2,女性,30,4,12,0.4166666666666667,16272,2,19,4397834.424680548,11.123287671232877,9.0
C-000734602,S-0005,-78.35740500666459,1,2,女性,59,9,12,0.8333333333333334,70940,1,21,4733942.970761149,4.69041095890411,2.0
C-001460704,S-0040,-96.72561641607214,1,2,女性,48,6,12,0.4166666666666667,0,0,20,4550116.0180538,8.163013698630138,4.0
C-002043502,S-0050,-100.0,1,2,女性,45,3,12,0.5833333333333334,2595,2,20,4615411.181286601,9.2013698630137,6.0
C-002565797,S-0054,-53.83817013292882,1,2,女性,54,1,12,0.3333333333333333,15121,1,23,4489160.181517739,6.358904109589041,4.0
C-002412138,S-0075,-29.47990786520151,0,2,女性,57,2,12,0.0833333333333333,0,0,19,4506647.2743158825,4.526027397260274,1.0
C-002286423,S-0039,-13.993492586257272,0,2,女性,65,2,12,1.0,28306,2,16,4591288.568998441,8.193150684931506,5.0
C-001309922,S-0063,-81.25640187425086,1,2,女性,55,7,12,0.1666666666666666,55476,1,18,4564012.176421695,5.749315068493151,3.0
C-001399551,S-0111,-11.438522687804515,0,2,男性,50,6,12,0.5,0,0,19,4489501.980758176,6.397260273972603,4.0
C-001200334,S-0126,-58.78885355185689,1,2,女性,46,7,12,0.3333333333333333,2597,1,17,4493168.352495564,5.53972602739726,3.0
C-000733904,S-0100,-100.0,1,2,男性,28,9,12,0.5833333333333334,0,0,17,4535925.154217558,4.720547945205479,2.0
C-001586693,S-0002,-100.0,1,2,女性,49,5,12,0.5833333333333334,0,0,15,4455566.655169959,5.663013698630137,2.0
C-000058458,S-0005,-5.375520559092433,0,2,女性,51,12,12,0.5,0,0,21,4733942.970761149,4.69041095890411,2.0
C-001144066,S-0117,-100.0,1,2,女性,37,7,12,0.0833333333333333,0,0,20,4500859.737076383,9.593150684931507,7.0
C-001668323,S-0019,-15.50632224256856,0,2,男性,50,5,12,0.8333333333333334,0,0,19,4327199.920883598,4.090410958904109,1.0
C-001117632,S-0111,-56.02924609573458,1,2,男性,35,8,12,0.4166666666666667,0,0,19,4489501.980758176,6.397260273972603,4.0
C-001190164,S-0115,-100.0,1,2,女性,57,7,12,0.3333333333333333,0,0,14,4553643.099564746,10.51095890410959,7.0
C-000431423,S-0085,-9.073340535349898,0,2,女性,35,11,12,0.5,0,0,15,4606655.398026554,4.928767123287671,2.0
C-000691085,S-0111,-48.63785599755669,0,2,男性,45,9,12,0.3333333333333333,12901,2,19,4489501.980758176,6.397260273972603,4.0
C-000387910,S-0007,-100.0,1,2,女性,32,11,12,0.4166666666666667,0,0,21,4487075.727367008,3.7260273972602738,1.0
C-000670112,S-0017,-23.02612535995106,0,2,女性,59,10,12,0.4166666666666667,0,0,20,4640207.03550726,5.608219178082192,2.5
C-002553297,S-0121,-100.0,1,2,男性,44,1,12,0.4166666666666667,37872,2,14,4716268.25678644,9.856164383561644,7.0
C-000098048,S-0075,-18.463125659794624,0,2,男性,53,12,12,0.6666666666666666,0,0,19,4506647.2743158825,4.526027397260274,1.0
C-002534317,S-0121,-36.54705693358223,0,2,男性,56,1,12,0.5833333333333334,0,0,14,4716268.25678644,9.856164383561644,7.0
C-000569330,S-0039,-13.687288321434663,0,2,男性,65,10,12,0.5,0,0,16,4591288.568998441,8.193150684931506,5.0
C-002016837,S-0111,-100.0,1,2,女性,19,4,12,0.25,0,0,19,4489501.980758176,6.397260273972603,4.0
C-001052426,S-0041,-64.73154700445743,1,2,男性,44,8,12,0.4166666666666667,0,0,17,4828489.286769263,10.389041095890411,7.0
C-000038396,S-0050,-100.0,1,2,男性,52,12,12,0.5,0,0,20,4615411.181286601,9.2013698630137,6.0
C-002147395,S-0019,-14.876106863411852,0,2,女性,51,3,12,0.25,111713,2,19,4327199.920883598,4.090410958904109,1.0
C-002577432,S-0111,-100.0,1,2,男性,51,1,12,0.3333333333333333,0,0,19,4489501.980758176,6.397260273972603,4.0
C-001667261,S-0085,-33.151139452381486,0,2,男性,54,5,12,0.8333333333333334,3047,1,15,4606655.398026554,4.928767123287671,2.0
C-001915485,S-0102,-82.64169845489924,1,2,男性,49,4,12,0.4166666666666667,4332,2,16,4383474.364435211,10.484931506849314,7.5
C-000879564,S-0062,-4.680250892472613,0,2,女性,46,9,12,0.75,0,0,15,4713869.782113416,4.575342465753424,1.0
C-001350571,S-0063,-26.192827572447502,0,2,女性,48,6,12,0.4166666666666667,19602,1,18,4564012.176421695,5.749315068493151,3.0
C-002328338,S-0005,-19.040077445981005,0,2,女性,45,2,12,0.8333333333333334,0,0,21,4733942.970761149,4.69041095890411,2.0
C-001358359,S-0131,-0.8415636051772677,0,2,男性,24,6,12,0.4166666666666667,0,0,17,4569023.5643747775,5.13972602739726,2.0
C-002518962,S-0074,-33.97374429223745,0,2,男性,48,1,12,0.0833333333333333,3707,1,14,4614054.39694187,8.308219178082192,6.0
C-000769594,S-0004,-69.34524252205084,1,2,女性,47,9,12,0.5,0,0,22,4423576.351309,11.806849315068494,9.0
C-002525887,S-0079,-43.772801212906074,0,2,女性,31,1,12,0.3333333333333333,34348,1,13,4256656.371085242,8.479452054794521,6.0
C-000488671,S-0008,-72.47063602206953,1,2,女性,31,10,12,0.5,0,0,22,4498453.308937302,10.772602739726027,7.0
C-002431591,S-0126,-7.5749104463161965,0,2,男性,61,2,12,0.75,0,0,17,4493168.352495564,5.53972602739726,3.0
C-001049979,S-0075,-100.0,1,2,男性,38,8,12,0.9166666666666666,0,0,19,4506647.2743158825,4.526027397260274,1.0
C-002214893,S-0062,-84.68703427719821,1,2,女性,59,3,12,0.5833333333333334,0,0,15,4713869.782113416,4.575342465753424,1.0
C-000534180,S-0126,-50.2088812184966,1,2,女性,51,10,12,0.8333333333333334,3838,1,17,4493168.352495564,5.53972602739726,3.0
C-002422901,S-0005,-76.85180740242907,1,2,女性,55,2,12,0.25,11893,1,21,4733942.970761149,4.69041095890411,2.0
C-001122878,S-0019,-9.449267207887898,0,2,女性,47,8,12,0.3333333333333333,0,0,19,4327199.920883598,4.090410958904109,1.0
C-000550983,S-0036,-100.0,1,2,女性,52,10,12,0.3333333333333333,0,0,19,4397834.424680548,11.123287671232877,9.0
C-000812691,S-0063,-93.42134519177321,1,2,女性,45,9,12,0.4166666666666667,0,0,18,4564012.176421695,5.749315068493151,3.0
C-001257807,S-0005,-2.334593198590628,0,2,女性,60,7,12,1.0,0,0,21,4733942.970761149,4.69041095890411,2.0
C-000639436,S-0121,-39.97721241923152,0,2,女性,68,10,12,0.4166666666666667,-4169,1,14,4716268.25678644,9.856164383561644,7.0
C-001176983,S-0020,-100.0,1,2,男性,57,7,12,0.0,0,0,16,4280702.057267675,6.986301369863014,3.5
C-001632290,S-0019,-20.17029487803964,0,2,女性,20,5,12,0.1666666666666666,98013,1,19,4327199.920883598,4.090410958904109,1.0
C-000899752,S-0039,-100.0,1,2,女性,70,9,12,0.8333333333333334,9122,1,16,4591288.568998441,8.193150684931506,5.0
C-001395961,S-0062,-32.056499202175374,0,2,女性,67,6,12,0.3333333333333333,0,0,15,4713869.782113416,4.575342465753424,1.0
C-002233696,S-0030,-29.915148808574436,0,2,女性,45,3,12,0.3333333333333333,135831,1,22,4426478.045479023,9.236986301369862,5.5
C-001269628,S-0131,-100.0,1,2,女性,44,7,12,0.0833333333333333,50283,1,17,4569023.5643747775,5.13972602739726,2.0
C-001843332,S-0131,-56.01840719704821,1,2,女性,51,4,12,0.5833333333333334,0,0,17,4569023.5643747775,5.13972602739726,2.0
C-002641628,S-0099,-100.0,1,2,女性,43,1,12,0.4166666666666667,42587,1,13,4464126.154078853,8.147945205479452,5.0
C-002507227,S-0075,-18.19322689511346,0,2,女性,70,1,12,0.5,14604,1,19,4506647.2743158825,4.526027397260274,1.0
C-000858658,S-0059,-24.080495828528793,0,2,女性,59,9,12,0.1666666666666666,0,0,14,4713188.969095345,6.8123287671232875,3.0
C-001276389,S-0062,-100.0,1,2,男性,59,7,12,0.25,0,0,15,4713869.782113416,4.575342465753424,1.0
C-001837103,S-0036,-53.17916374678814,1,2,男性,36,4,12,0.5833333333333334,0,0,19,4397834.424680548,11.123287671232877,9.0
C-000808620,S-0097,-100.0,1,2,女性,71,9,12,0.4166666666666667,0,0,21,4592508.716501317,10.09041095890411,7.0
C-002014598,S-0002,-100.0,1,2,男性,23,4,12,0.4166666666666667,0,0,15,4455566.655169959,5.663013698630137,2.0
C-000805926,S-0099,-93.75690490354381,1,2,男性,31,9,12,0.4166666666666667,0,0,13,4464126.154078853,8.147945205479452,5.0
C-000916341,S-0131,-19.92630871890919,0,2,男性,78,8,12,0.3333333333333333,128879,1,17,4569023.5643747775,5.13972602739726,2.0
C-002547908,S-0050,-5.964958019541503,0,2,男性,48,1,12,0.5,0,0,20,4615411.181286601,9.2013698630137,6.0
C-002510113,S-0005,-26.803292249152122,0,2,女性,40,1,12,0.5,0,0,21,4733942.970761149,4.69041095890411,2.0
C-001088845,S-0019,-17.39535758211972,0,2,女性,70,8,12,0.8333333333333334,9051,1,19,4327199.920883598,4.090410958904109,1.0
C-002043285,S-0020,-14.052095702749599,0,2,女性,19,3,12,0.5,0,0,16,4280702.057267675,6.986301369863014,3.5
C-001508242,S-0041,-96.22413793103448,1,2,男性,20,6,12,0.1666666666666666,16018,1,17,4828489.286769263,10.389041095890411,7.0
C-000387370,S-0050,-98.97913474006837,1,2,女性,64,11,12,0.5833333333333334,30213,1,20,4615411.181286601,9.2013698630137,6.0
C-001233514,S-0004,-50.889072703078995,1,2,男性,54,7,12,0.0833333333333333,14657,1,22,4423576.351309,11.806849315068494,9.0
C-000603638,S-0111,-28.956470215375283,0,2,男性,66,10,12,0.25,81318,1,19,4489501.980758176,6.397260273972603,4.0
C-000086441,S-0040,-80.88434198082027,1,2,女性,89,12,12,0.1666666666666666,0,0,20,4550116.0180538,8.163013698630138,4.0
C-002591200,S-0020,-5.871085510389375,0,2,女性,32,1,12,0.5,2527,1,16,4280702.057267675,6.986301369863014,3.5
C-001377506,S-0041,-60.825514143232,1,2,女性,35,6,12,0.75,0,0,17,4828489.286769263,10.389041095890411,7.0
C-001275393,S-0005,0.41467387159681446,0,2,女性,37,7,12,0.5833333333333334,0,0,21,4733942.970761149,4.69041095890411,2.0
C-000710327,S-0012,-54.658460965721034,1,2,男性,46,9,12,0.1666666666666666,0,0,16,4444678.825084195,7.994520547945205,5.0
C-000240356,S-0131,-94.57594112003666,1,2,女性,67,11,12,0.75,16735,1,17,4569023.5643747775,5.13972602739726,2.0
C-000236922,S-0063,-32.339204493421654,0,2,女性,46,11,12,0.3333333333333333,0,0,18,4564012.176421695,5.749315068493151,3.0
C-002134606,S-0115,-99.88236447407117,1,2,女性,57,3,12,0.0833333333333333,18259,2,14,4553643.099564746,10.51095890410959,7.0
C-001121450,S-0062,-20.955346306417848,0,2,女性,37,8,12,0.6666666666666666,0,0,15,4713869.782113416,4.575342465753424,1.0
C-000119649,S-0050,-100.0,1,2,男性,39,12,12,0.25,0,0,20,4615411.181286601,9.2013698630137,6.0
C-001456901,S-0019,-10.51630890658827,0,2,女性,59,6,12,0.6666666666666666,4226,1,19,4327199.920883598,4.090410958904109,1.0
C-000459438,S-0113,-100.0,1,2,女性,54,10,12,0.3333333333333333,1745,1,16,4336633.961311346,5.77945205479452,2.5
C-001158745,S-0004,-91.77164219171,1,2,女性,52,7,12,0.5,6322,2,22,4423576.351309,11.806849315068494,9.0
C-000599206,S-0075,-58.09267059814659,1,2,女性,47,10,12,0.4166666666666667,36020,1,19,4506647.2743158825,4.526027397260274,1.0
C-001850201,S-0089,-79.9000701262272,1,2,女性,37,4,12,0.0833333333333333,6414,1,19,4721110.949352573,10.142465753424657,7.0
C-000224758,S-0012,-29.25863769712653,0,2,女性,36,12,12,0.1666666666666666,2018,2,16,4444678.825084195,7.994520547945205,5.0
C-001848340,S-0131,-100.0,1,2,女性,46,4,12,0.5833333333333334,1091,2,17,4569023.5643747775,5.13972602739726,2.0
C-001619340,S-0040,-19.03153350106561,0,2,男性,31,5,12,0.75,0,0,20,4550116.0180538,8.163013698630138,4.0
C-001491398,S-0059,-49.31447623323606,1,2,女性,40,6,12,0.3333333333333333,0,0,14,4713188.969095345,6.8123287671232875,3.0
C-002693317,S-0079,-5.7782521475232755,0,2,女性,30,1,12,0.25,10415,1,13,4256656.371085242,8.479452054794521,6.0
C-000940586,S-0085,-19.182293789917107,0,2,男性,50,8,12,0.1666666666666666,14319,1,15,4606655.398026554,4.928767123287671,2.0
C-001901318,S-0085,-6.554263269035089,0,2,男性,32,4,12,0.4166666666666667,0,0,15,4606655.398026554,4.928767123287671,2.0
C-001190512,S-0019,4.506120607954854,0,2,女性,49,7,12,0.6666666666666666,0,0,19,4327199.920883598,4.090410958904109,1.0
C-000582148,S-0121,-100.0,1,2,女性,49,10,12,0.5833333333333334,0,0,14,4716268.25678644,9.856164383561644,7.0
C-002236511,S-0126,-37.20009443520859,0,2,男性,29,3,12,0.75,0,0,17,4493168.352495564,5.53972602739726,3.0
C-000914066,S-0054,-32.12953342890084,0,2,女性,30,8,12,1.0,0,0,23,4489160.181517739,6.358904109589041,4.0
C-000360029,S-0050,-36.87353462627417,0,2,女性,43,11,12,0.4166666666666667,13158,1,20,4615411.181286601,9.2013698630137,6.0
C-001324328,S-0131,-100.0,1,2,男性,63,7,12,0.5,0,0,17,4569023.5643747775,5.13972602739726,2.0
C-002576694,S-0059,-28.836923832320625,0,2,男性,42,1,12,0.75,0,0,14,4713188.969095345,6.8123287671232875,3.0
C-002357701,S-0126,-10.588522229276677,0,2,女性,47,2,12,0.4166666666666667,22148,1,17,4493168.352495564,5.53972602739726,3.0
C-002469683,S-0100,-34.319809512316255,0,2,女性,50,2,12,0.4166666666666667,0,0,17,4535925.154217558,4.720547945205479,2.0
C-002482792,S-0102,-73.27167516913177,1,2,男性,48,1,12,0.1666666666666666,8388,1,16,4383474.364435211,10.484931506849314,7.5
C-001359642,S-0082,-26.65177832439355,0,2,女性,49,6,12,0.4166666666666667,0,0,17,4607261.71451126,4.758904109589041,2.0
C-001287003,S-0039,-100.0,1,2,女性,63,7,12,0.75,18053,1,16,4591288.568998441,8.193150684931506,5.0
C-001864450,S-0019,-16.110572433033724,0,2,男性,52,4,12,0.5833333333333334,0,0,19,4327199.920883598,4.090410958904109,1.0
C-002113782,S-0085,-15.762836869812904,0,2,男性,55,3,12,0.6666666666666666,0,0,15,4606655.398026554,4.928767123287671,2.0
C-000044918,S-0036,-24.647206855176954,0,2,男性,58,12,12,0.25,0,0,19,4397834.424680548,11.123287671232877,9.0
C-001792649,S-0030,-100.0,1,2,女性,45,5,12,0.75,0,0,22,4426478.045479023,9.236986301369862,5.5
C-000755109,S-0111,-89.51290458521342,1,2,女性,33,9,12,0.0,0,0,19,4489501.980758176,6.397260273972603,4.0
C-000920228,S-0056,-25.034302983026684,0,2,女性,76,8,12,0.75,8423,1,15,4406070.585753419,7.528767123287671,4.0
C-001495738,S-0050,-97.98057961608548,1,2,女性,59,6,12,0.1666666666666666,23095,1,20,4615411.181286601,9.2013698630137,6.0
C-000793863,S-0117,-100.0,1,2,女性,47,9,12,0.75,138305,1,20,4500859.737076383,9.593150684931507,7.0
C-000579399,S-0005,-31.68554826303248,0,2,男性,46,10,12,0.75,0,0,21,4733942.970761149,4.69041095890411,2.0
C-002549641,S-0096,-83.35378130111992,1,2,女性,18,1,12,0.0833333333333333,33428,2,16,4644856.458098179,8.302739726027397,5.0
C-000272468,S-0117,-53.16174555675123,1,2,女性,53,11,12,0.6666666666666666,0,0,20,4500859.737076383,9.593150684931507,7.0
C-002513886,S-0121,-56.55244602413242,1,2,男性,41,1,12,0.4166666666666667,0,0,14,4716268.25678644,9.856164383561644,7.0
C-001687216,S-0054,-70.30285064967146,1,2,男性,57,5,12,0.25,0,0,23,4489160.181517739,6.358904109589041,4.0
C-000549746,S-0004,-30.620636659418278,0,2,女性,55,10,12,0.5,0,0,22,4423576.351309,11.806849315068494,9.0
C-000775367,S-0054,-32.878143558911944,0,2,女性,54,9,12,0.5,0,0,23,4489160.181517739,6.358904109589041,4.0
C-000391466,S-0050,0.6942331707854165,0,2,女性,57,11,12,0.6666666666666666,1326,2,20,4615411.181286601,9.2013698630137,6.0
C-000295791,S-0008,-71.32094705893323,1,2,男性,41,11,12,0.4166666666666667,5347,1,22,4498453.308937302,10.772602739726027,7.0
C-000363826,S-0131,-42.42120503396814,0,2,女性,46,11,12,0.4166666666666667,0,0,17,4569023.5643747775,5.13972602739726,2.0
C-002593765,S-0050,-55.766225452354504,1,2,女性,48,1,12,0.8333333333333334,0,0,20,4615411.181286601,9.2013698630137,6.0
C-000686865,S-0020,-48.33954630176842,0,2,男性,51,9,12,0.4166666666666667,5887,1,16,4280702.057267675,6.986301369863014,3.5
C-000650898,S-0111,-100.0,1,2,女性,50,10,12,0.4166666666666667,22085,1,19,4489501.980758176,6.397260273972603,4.0
C-000533516,S-0054,-100.0,1,2,女性,56,10,12,0.6666666666666666,0,0,23,4489160.181517739,6.358904109589041,4.0
C-000002721,S-0041,-100.0,1,2,女性,67,12,12,0.4166666666666667,6907,1,17,4828489.286769263,10.389041095890411,7.0
C-001191643,S-0017,-28.506000489835902,0,2,男性,37,7,12,0.5833333333333334,0,0,20,4640207.03550726,5.608219178082192,2.5
C-001545028,S-0126,-65.20618330717498,1,2,男性,44,6,12,0.6666666666666666,0,0,17,4493168.352495564,5.53972602739726,3.0
C-000263563,S-0054,-41.6005757960037,0,2,男性,23,11,12,0.0,0,0,23,4489160.181517739,6.358904109589041,4.0
C-001532078,S-0115,-100.0,1,2,男性,46,6,12,0.75,0,0,14,4553643.099564746,10.51095890410959,7.0
C-000319380,S-0096,-34.20493544696846,0,2,男性,39,11,12,0.0833333333333333,0,0,16,4644856.458098179,8.302739726027397,5.0
C-001444759,S-0054,-7.925221964580828,0,2,男性,45,6,12,0.5,6034,1,23,4489160.181517739,6.358904109589041,4.0
C-001568207,S-0085,-100.0,1,2,女性,48,6,12,0.6666666666666666,16847,1,15,4606655.398026554,4.928767123287671,2.0
C-001863436,S-0085,-55.77525865522849,1,2,女性,26,4,12,0.5,0,0,15,4606655.398026554,4.928767123287671,2.0
C-000320975,S-0002,-100.0,1,2,女性,43,11,12,0.5833333333333334,0,0,15,4455566.655169959,5.663013698630137,2.0
C-002611586,S-0062,-33.517393434590886,0,2,女性,35,1,12,0.4166666666666667,15177,1,15,4713869.782113416,4.575342465753424,1.0
C-000362059,S-0085,-35.549810131695885,0,2,女性,56,11,12,0.3333333333333333,0,0,15,4606655.398026554,4.928767123287671,2.0
C-002043582,S-0059,-39.05415028514323,0,2,女性,43,3,12,0.4166666666666667,0,0,14,4713188.969095345,6.8123287671232875,3.0
C-000344228,S-0056,-14.726376542949826,0,2,女性,49,11,12,0.0,2937,1,15,4406070.585753419,7.528767123287671,4.0
C-002661710,S-0007,-90.2111780010255,1,2,男性,68,1,12,0.3333333333333333,0,0,21,4487075.727367008,3.7260273972602738,1.0
C-002423457,S-0085,-11.360026605352033,0,2,男性,75,2,12,0.25,3442,1,15,4606655.398026554,4.928767123287671,2.0
C-000674998,S-0017,-63.77882319113759,1,2,男性,75,10,12,0.75,0,0,20,4640207.03550726,5.608219178082192,2.5
C-001855579,S-0097,8.644527183357532,0,2,男性,53,4,12,1.0,0,0,21,4592508.716501317,10.09041095890411,7.0
C-000331789,S-0131,-12.705438043916347,0,2,女性,54,11,12,0.75,0,0,17,4569023.5643747775,5.13972602739726,2.0
C-000020664,S-0005,-17.19280725439067,0,2,男性,69,12,12,0.5,0,0,21,4733942.970761149,4.69041095890411,2.0
C-001172158,S-0040,-13.083045628686147,0,2,男性,63,7,12,0.25,0,0,20,4550116.0180538,8.163013698630138,4.0
C-001360341,S-0131,-84.12258548904512,1,2,女性,26,6,12,0.5,0,0,17,4569023.5643747775,5.13972602739726,2.0
C-000419252,S-0030,-17.542143379038432,0,2,女性,44,11,12,0.1666666666666666,9361,2,22,4426478.045479023,9.236986301369862,5.5
C-001244047,S-0121,-100.0,1,2,男性,43,7,12,0.3333333333333333,0,0,14,4716268.25678644,9.856164383561644,7.0
C-001395694,S-0075,-10.280264582823289,0,2,男性,61,6,12,0.5833333333333334,15645,1,19,4506647.2743158825,4.526027397260274,1.0
C-001020607,S-0111,-84.656035980783,1,2,女性,46,8,12,0.4166666666666667,14490,2,19,4489501.980758176,6.397260273972603,4.0
C-000040017,S-0126,-17.4568127672724,0,2,女性,56,12,12,0.4166666666666667,0,0,17,4493168.352495564,5.53972602739726,3.0
C-000562607,S-0005,-23.732890591295934,0,2,女性,59,10,12,0.25,0,0,21,4733942.970761149,4.69041095890411,2.0
C-001824118,S-0075,-35.638434897100495,0,2,男性,49,4,12,0.0833333333333333,3728,2,19,4506647.2743158825,4.526027397260274,1.0
C-000460877,S-0075,-22.085255232941243,0,2,女性,45,10,12,1.0,0,0,19,4506647.2743158825,4.526027397260274,1.0
C-001726461,S-0002,-54.97626025125514,1,2,女性,55,5,12,0.4166666666666667,0,0,15,4455566.655169959,5.663013698630137,2.0
C-000238755,S-0020,-14.253159861151593,0,2,女性,33,11,12,0.4166666666666667,0,0,16,4280702.057267675,6.986301369863014,3.5
C-002520164,S-0007,-37.90058906488783,0,2,男性,63,1,12,0.5,58339,1,21,4487075.727367008,3.7260273972602738,1.0
C-001824201,S-0131,-20.606193256434015,0,2,女性,49,4,12,0.6666666666666666,0,0,17,4569023.5643747775,5.13972602739726,2.0
C-001937881,S-0005,-7.59441831772156,0,2,女性,22,4,12,0.3333333333333333,0,0,21,4733942.970761149,4.69041095890411,2.0
C-001595354,S-0126,-20.843422546981806,0,2,女性,71,5,12,0.5,0,0,17,4493168.352495564,5.53972602739726,3.0
C-000288425,S-0113,-100.0,1,2,女性,46,11,12,0.5,0,0,16,4336633.961311346,5.77945205479452,2.5
C-001823074,S-0106,-100.0,1,2,女性,51,4,12,0.25,1434,1,20,4462729.145118021,6.171232876712329,3.5
C-001233044,S-0056,-100.0,1,2,男性,56,7,12,0.0,0,0,15,4406070.585753419,7.528767123287671,4.0
C-002502009,S-0030,-100.0,1,2,女性,33,1,12,0.8333333333333334,28670,2,22,4426478.045479023,9.236986301369862,5.5
C-002217661,S-0113,-79.05458410304426,1,2,女性,63,3,12,0.0,20206,2,16,4336633.961311346,5.77945205479452,2.5
C-001255456,S-0040,-57.41270011819061,1,2,女性,51,7,12,0.4166666666666667,0,0,20,4550116.0180538,8.163013698630138,4.0
C-002228506,S-0102,-100.0,1,2,女性,20,3,12,0.0833333333333333,42938,1,16,4383474.364435211,10.484931506849314,7.5
C-001218460,S-0048,-100.0,1,2,女性,47,7,12,0.25,11497,1,15,4502249.082895545,3.671232876712329,1.0
C-002684564,S-0113,-99.62721924298434,1,2,男性,34,1,12,0.4166666666666667,31726,2,16,4336633.961311346,5.77945205479452,2.5
C-001162019,S-0131,-60.26574181820947,1,2,男性,23,7,12,0.4166666666666667,0,0,17,4569023.5643747775,5.13972602739726,2.0
C-000683672,S-0074,-100.0,1,2,女性,54,9,12,0.4166666666666667,22480,1,14,4614054.39694187,8.308219178082192,6.0
C-001663987,S-0005,-45.00342845086766,0,2,男性,26,5,12,0.5,0,0,21,4733942.970761149,4.69041095890411,2.0
C-000758340,S-0115,-32.29117262051564,0,2,女性,64,9,12,0.1666666666666666,8125,1,14,4553643.099564746,10.51095890410959,7.0
C-000592024,S-0050,-41.43437553318547,0,2,女性,51,10,12,0.3333333333333333,33403,1,20,4615411.181286601,9.2013698630137,6.0
C-000650944,S-0059,-58.18996925682006,1,2,女性,47,10,12,0.25,57589,1,14,4713188.969095345,6.8123287671232875,3.0
C-001182720,S-0131,-83.39687776527525,1,2,男性,41,7,12,0.8333333333333334,10411,2,17,4569023.5643747775,5.13972602739726,2.0
C-001372451,S-0039,-59.649199968333,1,2,男性,55,6,12,0.0833333333333333,34304,2,16,4591288.568998441,8.193150684931506,5.0
C-001166786,S-0019,-16.714600336831197,0,2,女性,32,7,12,0.4166666666666667,0,0,19,4327199.920883598,4.090410958904109,1.0
C-001326990,S-0097,-98.61238795679155,1,2,女性,48,7,12,0.6666666666666666,0,0,21,4592508.716501317,10.09041095890411,7.0
C-002432179,S-0056,-63.171941298883816,1,2,女性,71,2,12,0.0,3646,1,15,4406070.585753419,7.528767123287671,4.0
C-002378762,S-0072,-63.495997493091764,1,2,女性,44,2,12,0.25,6765,1,12,4406797.312641796,9.01917808219178,6.0
C-000693241,S-0054,-41.27807910146875,0,2,女性,23,9,12,0.5833333333333334,0,0,23,4489160.181517739,6.358904109589041,4.0
C-000110155,S-0056,-100.0,1,2,女性,44,12,12,0.5,0,0,15,4406070.585753419,7.528767123287671,4.0
C-002651468,S-0089,-46.83516207791706,0,2,女性,48,1,12,0.0833333333333333,0,0,19,4721110.949352573,10.142465753424657,7.0
C-001950368,S-0054,-24.477260846837428,0,2,女性,61,4,12,0.5,0,0,23,4489160.181517739,6.358904109589041,4.0
C-001409936,S-0126,-100.0,1,2,男性,55,6,12,0.5,8581,1,17,4493168.352495564,5.53972602739726,3.0
C-001570306,S-0075,-36.02962245694468,0,2,男性,39,6,12,0.5,138729,2,19,4506647.2743158825,4.526027397260274,1.0
C-002677464,S-0005,-8.52487545343383,0,2,女性,52,1,12,0.9166666666666666,0,0,21,4733942.970761149,4.69041095890411,2.0
C-001488298,S-0097,-62.161336997066364,1,2,男性,44,6,12,0.5,56877,2,21,4592508.716501317,10.09041095890411,7.0
C-001168411,S-0121,-24.13473383482295,0,2,男性,48,7,12,0.5833333333333334,0,0,14,4716268.25678644,9.856164383561644,7.0
C-000505858,S-0002,-0.27046280779177834,0,2,女性,45,10,12,0.5833333333333334,0,0,15,4455566.655169959,5.663013698630137,2.0
C-000118165,S-0126,-50.57791000371885,1,2,女性,41,12,12,0.9166666666666666,8124,1,17,4493168.352495564,5.53972602739726,3.0
C-002180112,S-0017,-53.92511872934222,1,2,女性,48,3,12,0.4166666666666667,48067,1,20,4640207.03550726,5.608219178082192,2.5
C-000481408,S-0040,-94.47125090850359,1,2,男性,34,10,12,0.25,2806,1,20,4550116.0180538,8.163013698630138,4.0
C-002279707,S-0059,-100.0,1,2,女性,38,2,12,0.6666666666666666,0,0,14,4713188.969095345,6.8123287671232875,3.0
C-000115243,S-0030,-67.49437359339835,1,2,男性,52,12,12,0.1666666666666666,36619,2,22,4426478.045479023,9.236986301369862,5.5
C-000904590,S-0017,-9.331703588673475,0,2,女性,67,8,12,0.9166666666666666,11447,1,20,4640207.03550726,5.608219178082192,2.5
C-000767070,S-0039,-94.89794717957767,1,2,女性,34,9,12,0.75,0,0,16,4591288.568998441,8.193150684931506,5.0
C-002533926,S-0017,-64.25533615796627,1,2,男性,59,1,12,0.8333333333333334,0,0,20,4640207.03550726,5.608219178082192,2.5
C-001202406,S-0017,-65.71031355984734,1,2,男性,43,7,12,0.9166666666666666,40920,1,20,4640207.03550726,5.608219178082192,2.5
C-001945351,S-0080,-28.795074182032554,0,2,男性,47,4,12,0.4166666666666667,54145,1,17,4457429.264950683,11.673972602739726,9.0
C-000246223,S-0097,-100.0,1,2,女性,55,11,12,0.5,0,0,21,4592508.716501317,10.09041095890411,7.0
C-000843924,S-0059,-7.678022966702271,0,2,女性,65,9,12,0.4166666666666667,30976,1,14,4713188.969095345,6.8123287671232875,3.0
C-000292173,S-0012,-100.0,1,2,男性,33,11,12,0.75,72607,1,16,4444678.825084195,7.994520547945205,5.0
C-000826522,S-0099,-94.83911766597355,1,2,女性,60,9,12,0.4166666666666667,26279,2,13,4464126.154078853,8.147945205479452,5.0
C-000734083,S-0019,-25.391165513571046,0,2,男性,70,9,12,0.4166666666666667,0,0,19,4327199.920883598,4.090410958904109,1.0
C-002567993,S-0008,-31.766799207014984,0,2,男性,47,1,12,0.4166666666666667,0,0,22,4498453.308937302,10.772602739726027,7.0
C-000635543,S-0020,-21.010102603747587,0,2,男性,40,10,12,0.1666666666666666,20737,1,16,4280702.057267675,6.986301369863014,3.5
C-002278464,S-0089,-100.0,1,2,男性,69,2,12,0.1666666666666666,2244,1,19,4721110.949352573,10.142465753424657,7.0
C-000099101,S-0063,-13.527360248628629,0,2,女性,42,12,12,0.6666666666666666,0,0,18,4564012.176421695,5.749315068493151,3.0
C-000928805,S-0131,-75.60246031894408,1,2,女性,27,8,12,0.9166666666666666,11915,1,17,4569023.5643747775,5.13972602739726,2.0
C-001704726,S-0012,-100.0,1,2,女性,36,5,12,0.3333333333333333,0,0,16,4444678.825084195,7.994520547945205,5.0
C-002012841,S-0085,-28.896869176755146,0,2,女性,35,4,12,0.4166666666666667,0,0,15,4606655.398026554,4.928767123287671,2.0
C-001329839,S-0059,-12.077118092594022,0,2,女性,60,7,12,0.5,9601,1,14,4713188.969095345,6.8123287671232875,3.0
C-000206166,S-0117,-100.0,1,2,女性,49,12,12,0.1666666666666666,0,0,20,4500859.737076383,9.593150684931507,7.0
C-002143959,S-0004,-100.0,1,2,女性,59,3,12,0.75,0,0,22,4423576.351309,11.806849315068494,9.0
C-000071018,S-0072,-100.0,1,2,男性,58,12,12,0.25,248,1,12,4406797.312641796,9.01917808219178,6.0
C-001947355,S-0030,-59.55628692652365,1,2,男性,60,4,12,0.75,1465,1,22,4426478.045479023,9.236986301369862,5.5
C-001486685,S-0017,-100.0,1,2,女性,49,6,12,0.4166666666666667,0,0,20,4640207.03550726,5.608219178082192,2.5
C-001521519,S-0036,-25.970091491253,0,2,男性,67,6,12,0.1666666666666666,16436,1,19,4397834.424680548,11.123287671232877,9.0
C-001131333,S-0036,-53.4157437329401,1,2,女性,32,7,12,0.25,6623,1,19,4397834.424680548,11.123287671232877,9.0
C-001754835,S-0082,-100.0,1,2,女性,49,5,12,0.25,0,0,17,4607261.71451126,4.758904109589041,2.0
C-002264534,S-0005,-21.964556962025316,0,2,女性,64,2,12,0.6666666666666666,17202,1,21,4733942.970761149,4.69041095890411,2.0
C-001056416,S-0012,-71.71779806842669,1,2,男性,36,8,12,0.5,13702,1,16,4444678.825084195,7.994520547945205,5.0
C-000164204,S-0059,-54.622512250063856,1,2,女性,53,12,12,0.9166666666666666,0,0,14,4713188.969095345,6.8123287671232875,3.0
C-000258791,S-0121,-0.025563369496669482,0,2,女性,24,11,12,0.5833333333333334,0,0,14,4716268.25678644,9.856164383561644,7.0
C-001803943,S-0062,-27.576700405655547,0,2,男性,56,4,12,0.5833333333333334,0,0,15,4713869.782113416,4.575342465753424,1.0
C-001668089,S-0100,-100.0,1,2,女性,54,5,12,0.6666666666666666,135686,1,17,4535925.154217558,4.720547945205479,2.0
C-000811005,S-0040,-74.20588863406346,1,2,男性,22,9,12,0.4166666666666667,7437,2,20,4550116.0180538,8.163013698630138,4.0
C-000996148,S-0100,-100.0,1,2,男性,28,8,12,0.5,0,0,17,4535925.154217558,4.720547945205479,2.0
C-000227311,S-0085,-22.103395207135904,0,2,女性,24,11,12,0.4166666666666667,0,0,15,4606655.398026554,4.928767123287671,2.0
C-000560218,S-0121,-100.0,1,2,女性,44,10,12,0.0833333333333333,0,0,14,4716268.25678644,9.856164383561644,7.0
C-001347342,S-0079,-100.0,1,2,女性,63,7,12,0.4166666666666667,0,0,13,4256656.371085242,8.479452054794521,6.0
C-001909509,S-0056,-100.0,1,2,女性,51,4,12,0.0833333333333333,4723,1,15,4406070.585753419,7.528767123287671,4.0
C-001439779,S-0008,-26.809420998405336,0,2,女性,34,6,12,0.4166666666666667,0,0,22,4498453.308937302,10.772602739726027,7.0
C-000629331,S-0036,4.8494015409403275,0,2,女性,32,10,12,0.9166666666666666,0,0,19,4397834.424680548,11.123287671232877,9.0
C-000820145,S-0020,-100.0,1,2,女性,38,9,12,0.1666666666666666,1987,2,16,4280702.057267675,6.986301369863014,3.5
C-000814493,S-0099,-100.0,1,2,女性,60,9,12,0.0833333333333333,0,0,13,4464126.154078853,8.147945205479452,5.0
C-001412703,S-0007,-58.730391438205544,1,2,男性,50,6,12,0.1666666666666666,32224,1,21,4487075.727367008,3.7260273972602738,1.0
C-000654654,S-0059,-40.28203556100552,0,2,女性,53,10,12,0.0,32688,1,14,4713188.969095345,6.8123287671232875,3.0
C-002467536,S-0126,-64.16320867431493,1,2,女性,62,2,12,0.75,0,0,17,4493168.352495564,5.53972602739726,3.0
C-002131957,S-0054,-45.30780806574634,0,2,女性,48,3,12,0.25,0,0,23,4489160.181517739,6.358904109589041,4.0
C-002691245,S-0117,-41.54176757512706,0,2,女性,78,1,12,0.0,6873,1,20,4500859.737076383,9.593150684931507,7.0
C-002403828,S-0080,-100.0,1,2,女性,56,2,12,0.1666666666666666,0,0,17,4457429.264950683,11.673972602739726,9.0
C-001262785,S-0005,-26.36535051291836,0,2,女性,32,7,12,0.9166666666666666,0,0,21,4733942.970761149,4.69041095890411,2.0
C-001784750,S-0126,-23.202218594772965,0,2,女性,27,5,12,0.1666666666666666,35844,2,17,4493168.352495564,5.53972602739726,3.0
C-001821426,S-0039,-17.34040503632181,0,2,男性,49,4,12,0.5,0,0,16,4591288.568998441,8.193150684931506,5.0
C-001499148,S-0019,-14.860924436749665,0,2,女性,58,6,12,0.4166666666666667,0,0,19,4327199.920883598,4.090410958904109,1.0
C-002381847,S-0054,-80.76168040832353,1,2,男性,56,2,12,0.6666666666666666,15175,1,23,4489160.181517739,6.358904109589041,4.0
C-001942671,S-0085,-100.0,1,2,女性,63,4,12,0.75,0,0,15,4606655.398026554,4.928767123287671,2.0
C-001191164,S-0111,-49.35870043166181,1,2,男性,34,7,12,0.0,0,0,19,4489501.980758176,6.397260273972603,4.0
C-001836127,S-0019,-7.343952013650076,0,2,女性,47,4,12,1.0,0,0,19,4327199.920883598,4.090410958904109,1.0
C-000321792,S-0085,-100.0,1,2,女性,53,11,12,0.25,0,0,15,4606655.398026554,4.928767123287671,2.0
C-001935031,S-0040,-24.359682620035436,0,2,男性,47,4,12,0.0833333333333333,0,0,20,4550116.0180538,8.163013698630138,4.0
C-001199506,S-0019,-4.389063603908892,0,2,女性,52,7,12,0.25,0,0,19,4327199.920883598,4.090410958904109,1.0
C-000190894,S-0096,-100.0,1,2,女性,67,12,12,0.25,3176,1,16,4644856.458098179,8.302739726027397,5.0
C-001833397,S-0007,-46.19439013433053,0,2,男性,33,4,12,0.0,4487,2,21,4487075.727367008,3.7260273972602738,1.0
C-001066875,S-0050,-100.0,1,2,女性,45,8,12,0.5,0,0,20,4615411.181286601,9.2013698630137,6.0
C-002150154,S-0018,-12.069049737814034,0,2,女性,55,3,12,0.5833333333333334,0,0,16,4493108.581950108,7.550684931506849,5.0
C-001578954,S-0020,-79.48032678453315,1,2,男性,31,5,12,0.8333333333333334,0,0,16,4280702.057267675,6.986301369863014,3.5
C-000267023,S-0004,-96.62129785390223,1,2,女性,54,11,12,0.5833333333333334,9694,1,22,4423576.351309,11.806849315068494,9.0
C-000560247,S-0030,-36.41079904724369,0,2,女性,41,10,12,0.3333333333333333,0,0,22,4426478.045479023,9.236986301369862,5.5
C-000724421,S-0019,-11.7423958269729,0,2,女性,36,9,12,0.3333333333333333,102433,1,19,4327199.920883598,4.090410958904109,1.0
C-002188986,S-0019,2.056687039893773,0,2,男性,32,3,12,0.5,118286,1,19,4327199.920883598,4.090410958904109,1.0
C-001766592,S-0030,-43.47911272087986,0,2,女性,66,5,12,0.5,0,0,22,4426478.045479023,9.236986301369862,5.5
C-002152724,S-0036,-22.366623327971087,0,2,男性,55,3,12,0.0833333333333333,0,0,19,4397834.424680548,11.123287671232877,9.0
C-002653665,S-0030,-16.240743350934068,0,2,女性,36,1,12,0.25,0,0,22,4426478.045479023,9.236986301369862,5.5
C-002071089,S-0019,-14.142443959236717,0,2,男性,49,3,12,0.5833333333333334,0,0,19,4327199.920883598,4.090410958904109,1.0
C-002580916,S-0111,-84.5097038348339,1,2,男性,45,1,12,0.25,0,0,19,4489501.980758176,6.397260273972603,4.0
C-000594392,S-0036,-100.0,1,2,男性,40,10,12,0.1666666666666666,43101,1,19,4397834.424680548,11.123287671232877,9.0
C-000098321,S-0131,-13.637530251746204,0,2,女性,70,12,12,0.6666666666666666,12699,2,17,4569023.5643747775,5.13972602739726,2.0
C-000771789,S-0017,-23.65131136754374,0,2,女性,51,9,12,0.5,0,0,20,4640207.03550726,5.608219178082192,2.5
C-001479112,S-0019,-14.062835630221699,0,2,女性,46,6,12,0.3333333333333333,4739,2,19,4327199.920883598,4.090410958904109,1.0
C-001006686,S-0089,-76.63118500567502,1,2,女性,52,8,12,0.4166666666666667,0,0,19,4721110.949352573,10.142465753424657,7.0
C-001512431,S-0004,-100.0,1,2,男性,51,6,12,0.0833333333333333,0,0,22,4423576.351309,11.806849315068494,9.0
C-001138659,S-0096,-100.0,1,2,女性,57,7,12,0.0833333333333333,0,0,16,4644856.458098179,8.302739726027397,5.0
C-001773694,S-0054,-100.0,1,2,男性,41,5,12,0.6666666666666666,0,0,23,4489160.181517739,6.358904109589041,4.0
C-000593429,S-0059,-48.92265228507104,1,2,男性,45,10,12,0.5,12584,1,14,4713188.969095345,6.8123287671232875,3.0
C-000944312,S-0005,-5.038248429966084,0,2,女性,38,8,12,0.75,0,0,21,4733942.970761149,4.69041095890411,2.0
C-001262482,S-0050,-75.65422583629712,1,2,男性,50,7,12,0.4166666666666667,0,0,20,4615411.181286601,9.2013698630137,6.0
C-001131224,S-0040,-74.92899214933851,1,2,女性,57,7,12,0.25,20356,1,20,4550116.0180538,8.163013698630138,4.0
C-002145901,S-0126,-17.941899553459432,0,2,女性,56,3,12,0.75,31115,1,17,4493168.352495564,5.53972602739726,3.0
C-001934659,S-0019,-4.625408346265556,0,2,女性,48,4,12,0.5833333333333334,5619,1,19,4327199.920883598,4.090410958904109,1.0
C-001875174,S-0085,-6.361883635835934,0,2,男性,44,4,12,0.6666666666666666,0,0,15,4606655.398026554,4.928767123287671,2.0
C-001056153,S-0019,-18.31480057633536,0,2,女性,58,8,12,1.0,0,0,19,4327199.920883598,4.090410958904109,1.0
C-001182304,S-0054,-44.4138515972631,0,2,男性,53,7,12,0.25,0,0,23,4489160.181517739,6.358904109589041,4.0
C-002312153,S-0131,-78.55416152972175,1,2,男性,47,2,12,0.3333333333333333,0,0,17,4569023.5643747775,5.13972602739726,2.0
C-001210245,S-0017,-100.0,1,2,女性,22,7,12,0.25,0,0,20,4640207.03550726,5.608219178082192,2.5
C-001396780,S-0059,0.23281812627555992,0,2,女性,48,6,12,0.5833333333333334,0,0,14,4713188.969095345,6.8123287671232875,3.0
C-001988064,S-0126,-26.56473960821787,0,2,女性,55,4,12,0.3333333333333333,0,0,17,4493168.352495564,5.53972602739726,3.0
C-000949056,S-0100,-18.656031530461206,0,2,女性,64,8,12,0.0833333333333333,0,0,17,4535925.154217558,4.720547945205479,2.0
C-000529662,S-0075,-6.101951048981994,0,2,男性,37,10,12,0.0833333333333333,0,0,19,4506647.2743158825,4.526027397260274,1.0
C-000935917,S-0126,-28.81686813706763,0,2,女性,76,8,12,0.25,0,0,17,4493168.352495564,5.53972602739726,3.0
C-000253041,S-0126,-100.0,1,2,女性,46,11,12,0.25,38282,1,17,4493168.352495564,5.53972602739726,3.0
C-002314032,S-0097,-2.7552129845858984,0,2,女性,60,2,12,0.5833333333333334,0,0,21,4592508.716501317,10.09041095890411,7.0
C-000226441,S-0054,-39.337312768162235,0,2,男性,45,11,12,0.5833333333333334,0,0,23,4489160.181517739,6.358904109589041,4.0
C-000359491,S-0002,-58.84544332615344,1,2,女性,50,11,12,0.5833333333333334,0,0,15,4455566.655169959,5.663013698630137,2.0
C-001735972,S-0020,-29.76326188061685,0,2,女性,35,5,12,0.1666666666666666,0,0,16,4280702.057267675,6.986301369863014,3.5
C-000298409,S-0075,-100.0,1,2,女性,66,11,12,0.1666666666666666,0,0,19,4506647.2743158825,4.526027397260274,1.0
C-000915206,S-0131,-44.986505828485164,0,2,男性,58,8,12,0.8333333333333334,6986,2,17,4569023.5643747775,5.13972602739726,2.0
C-001545799,S-0059,-19.94756341536682,0,2,女性,35,6,12,0.25,346,1,14,4713188.969095345,6.8123287671232875,3.0
C-000446018,S-0089,-65.74526415599942,1,2,男性,45,11,12,0.1666666666666666,2123,1,19,4721110.949352573,10.142465753424657,7.0
C-000600616,S-0126,-19.866094376477843,0,2,女性,33,10,12,0.1666666666666666,0,0,17,4493168.352495564,5.53972602739726,3.0
C-001097277,S-0036,-26.9897106887786,0,2,女性,59,8,12,0.3333333333333333,43295,1,19,4397834.424680548,11.123287671232877,9.0
C-002537137,S-0075,-68.59666780495695,1,2,女性,24,1,12,0.3333333333333333,0,0,19,4506647.2743158825,4.526027397260274,1.0
C-001672861,S-0030,-99.23434322779993,1,2,男性,35,5,12,0.4166666666666667,0,0,22,4426478.045479023,9.236986301369862,5.5
C-001521319,S-0036,-22.67036723803171,0,2,女性,69,6,12,0.3333333333333333,18620,1,19,4397834.424680548,11.123287671232877,9.0
C-000997287,S-0121,-68.62216161735934,1,2,男性,24,8,12,0.25,42652,1,14,4716268.25678644,9.856164383561644,7.0
C-002231749,S-0131,-100.0,1,2,男性,61,3,12,0.25,973,2,17,4569023.5643747775,5.13972602739726,2.0
C-000826013,S-0131,-58.334658187599366,1,2,男性,38,9,12,0.4166666666666667,31883,1,17,4569023.5643747775,5.13972602739726,2.0
C-000128960,S-0131,-89.44368605485737,1,2,女性,35,12,12,0.6666666666666666,11506,1,17,4569023.5643747775,5.13972602739726,2.0
C-002213759,S-0039,-24.06337390016467,0,2,女性,32,3,12,0.5,123080,1,16,4591288.568998441,8.193150684931506,5.0
C-000879522,S-0005,-29.79121075622238,0,2,女性,60,9,12,0.0833333333333333,0,0,21,4733942.970761149,4.69041095890411,2.0
C-000606912,S-0111,-53.024156422461175,1,2,男性,44,10,12,0.25,0,0,19,4489501.980758176,6.397260273972603,4.0
C-000018037,S-0062,-17.816610140123792,0,2,男性,51,12,12,0.6666666666666666,0,0,15,4713869.782113416,4.575342465753424,1.0
C-002462720,S-0012,-100.0,1,2,男性,50,2,12,0.25,20697,2,16,4444678.825084195,7.994520547945205,5.0
C-002198131,S-0131,-100.0,1,2,女性,35,3,12,0.3333333333333333,0,0,17,4569023.5643747775,5.13972602739726,2.0
C-001688899,S-0117,-97.56658552301855,1,2,女性,77,5,12,0.0833333333333333,18171,1,20,4500859.737076383,9.593150684931507,7.0
C-000565598,S-0007,-90.5667416353113,1,2,男性,26,10,12,0.5,1932,1,21,4487075.727367008,3.7260273972602738,1.0
C-001625253,S-0126,-100.0,1,2,女性,47,5,12,0.75,0,0,17,4493168.352495564,5.53972602739726,3.0
C-001608478,S-0007,-58.71544959748751,1,2,男性,53,5,12,0.0833333333333333,1468,2,21,4487075.727367008,3.7260273972602738,1.0
C-001911001,S-0115,-29.863901086922667,0,2,男性,56,4,12,0.25,0,0,14,4553643.099564746,10.51095890410959,7.0
C-000297797,S-0097,-23.0285945246269,0,2,男性,43,11,12,0.6666666666666666,0,0,21,4592508.716501317,10.09041095890411,7.0
C-001453668,S-0005,-14.721405482404077,0,2,男性,43,6,12,0.3333333333333333,0,0,21,4733942.970761149,4.69041095890411,2.0
C-002264500,S-0039,-14.014669537768858,0,2,女性,69,2,12,0.4166666666666667,5611,2,16,4591288.568998441,8.193150684931506,5.0
C-000817874,S-0030,-48.60592564936796,0,2,女性,47,9,12,0.75,5115,1,22,4426478.045479023,9.236986301369862,5.5
C-001287017,S-0040,-9.70512780885853,0,2,男性,49,7,12,0.3333333333333333,0,0,20,4550116.0180538,8.163013698630138,4.0
C-002480719,S-0063,-95.83552503043327,1,2,男性,31,1,12,0.75,0,0,18,4564012.176421695,5.749315068493151,3.0
C-001490483,S-0002,-100.0,1,2,男性,76,6,12,0.1666666666666666,0,0,15,4455566.655169959,5.663013698630137,2.0
C-002396920,S-0072,-0.05155425812373109,0,2,女性,47,2,12,0.5833333333333334,0,0,12,4406797.312641796,9.01917808219178,6.0
C-001419243,S-0126,-19.51154400304647,0,2,女性,68,6,12,0.8333333333333334,9114,1,17,4493168.352495564,5.53972602739726,3.0
C-000753168,S-0075,-14.577514848716591,0,2,男性,24,9,12,0.4166666666666667,0,0,19,4506647.2743158825,4.526027397260274,1.0
C-000524925,S-0050,-27.532001613348335,0,2,女性,42,10,12,0.25,0,0,20,4615411.181286601,9.2013698630137,6.0
C-001084185,S-0020,-27.619768190598844,0,2,男性,30,8,12,0.75,0,0,16,4280702.057267675,6.986301369863014,3.5
C-001874384,S-0062,7.173188157330476,0,2,男性,42,4,12,0.5833333333333334,0,0,15,4713869.782113416,4.575342465753424,1.0
C-000584942,S-0039,-73.94685280431055,1,2,女性,37,10,12,0.1666666666666666,0,0,16,4591288.568998441,8.193150684931506,5.0
C-001944525,S-0126,-38.760187427972035,0,2,女性,60,4,12,0.75,7979,1,17,4493168.352495564,5.53972602739726,3.0
C-001441188,S-0020,-18.148240612364084,0,2,男性,57,6,12,0.1666666666666666,0,0,16,4280702.057267675,6.986301369863014,3.5
C-000297848,S-0039,3.5282845935507754,0,2,女性,44,11,12,0.75,0,0,16,4591288.568998441,8.193150684931506,5.0
C-002658210,S-0054,-92.36317400306058,1,2,女性,76,1,12,0.1666666666666666,30549,1,23,4489160.181517739,6.358904109589041,4.0
C-001506302,S-0126,-47.76204164621748,0,2,女性,76,6,12,0.75,29751,1,17,4493168.352495564,5.53972602739726,3.0
C-000503037,S-0017,-18.07637339654211,0,2,男性,55,10,12,0.5,16396,2,20,4640207.03550726,5.608219178082192,2.5
C-002488265,S-0012,-100.0,1,2,女性,59,1,12,0.75,0,0,16,4444678.825084195,7.994520547945205,5.0
C-001807071,S-0036,-42.60212929195262,0,2,男性,47,4,12,0.25,0,0,19,4397834.424680548,11.123287671232877,9.0
C-002597903,S-0089,-60.51616049038729,1,2,女性,67,1,12,0.1666666666666666,0,0,19,4721110.949352573,10.142465753424657,7.0
C-001549594,S-0019,-15.382080016226357,0,2,女性,79,6,12,0.6666666666666666,0,0,19,4327199.920883598,4.090410958904109,1.0
C-002078760,S-0097,-13.67004902519667,0,2,女性,29,3,12,0.8333333333333334,0,0,21,4592508.716501317,10.09041095890411,7.0
C-000117167,S-0012,-27.615823332252138,0,2,女性,80,12,12,0.1666666666666666,4412,1,16,4444678.825084195,7.994520547945205,5.0
C-002061567,S-0017,-35.657403097361836,0,2,男性,52,3,12,0.6666666666666666,0,0,20,4640207.03550726,5.608219178082192,2.5
C-001679729,S-0050,-31.30851655370373,0,2,女性,25,5,12,0.25,0,0,20,4615411.181286601,9.2013698630137,6.0
C-002218981,S-0062,-17.710634191809955,0,2,男性,46,3,12,0.3333333333333333,0,0,15,4713869.782113416,4.575342465753424,1.0
C-002313240,S-0063,-43.78651441685383,0,2,男性,32,2,12,0.4166666666666667,0,0,18,4564012.176421695,5.749315068493151,3.0
C-001151425,S-0004,-23.187158677397765,0,2,女性,55,7,12,0.5,879,2,22,4423576.351309,11.806849315068494,9.0
C-000433254,S-0017,-14.14039560383808,0,2,男性,70,11,12,0.25,14806,1,20,4640207.03550726,5.608219178082192,2.5
C-000145476,S-0039,-92.65736505618122,1,2,男性,65,12,12,0.4166666666666667,17301,1,16,4591288.568998441,8.193150684931506,5.0
C-001092374,S-0056,-65.59082342815593,1,2,女性,32,8,12,0.1666666666666666,14531,1,15,4406070.585753419,7.528767123287671,4.0
C-000507046,S-0019,-36.1504240033402,0,2,女性,20,10,12,0.75,0,0,19,4327199.920883598,4.090410958904109,1.0
C-000710495,S-0005,-35.58292715057305,0,2,男性,43,9,12,0.6666666666666666,0,0,21,4733942.970761149,4.69041095890411,2.0
C-001657412,S-0117,-44.15265002817655,0,2,男性,38,5,12,0.0833333333333333,3079,2,20,4500859.737076383,9.593150684931507,7.0
C-001954448,S-0005,-13.73410367179371,0,2,女性,21,4,12,0.3333333333333333,0,0,21,4733942.970761149,4.69041095890411,2.0
C-001808133,S-0131,-29.615053449004126,0,2,女性,57,4,12,0.25,11773,1,17,4569023.5643747775,5.13972602739726,2.0
C-001554320,S-0102,-100.0,1,2,女性,37,6,12,0.0833333333333333,0,0,16,4383474.364435211,10.484931506849314,7.5
C-000335959,S-0005,-15.102943967713255,0,2,男性,48,11,12,0.8333333333333334,0,0,21,4733942.970761149,4.69041095890411,2.0
C-000602624,S-0075,-96.10854753535791,1,2,女性,51,10,12,0.5833333333333334,0,0,19,4506647.2743158825,4.526027397260274,1.0
C-000282348,S-0085,-31.889421512489136,0,2,女性,53,11,12,0.25,22702,1,15,4606655.398026554,4.928767123287671,2.0
C-000808856,S-0099,-8.855140477761319,0,2,女性,48,9,12,0.75,0,0,13,4464126.154078853,8.147945205479452,5.0
C-000614667,S-0062,-62.89534911421153,1,2,女性,52,10,12,0.0833333333333333,0,0,15,4713869.782113416,4.575342465753424,1.0
C-001822467,S-0075,-51.48390910513413,1,2,男性,53,4,12,0.3333333333333333,0,0,19,4506647.2743158825,4.526027397260274,1.0
C-001481205,S-0017,-11.948207041373653,0,2,男性,36,6,12,0.5833333333333334,1685,2,20,4640207.03550726,5.608219178082192,2.5
C-001628335,S-0089,-67.72063120981882,1,2,男性,35,5,12,0.5,2648,1,19,4721110.949352573,10.142465753424657,7.0
C-000577747,S-0017,-23.40625214761872,0,2,女性,64,10,12,0.25,0,0,20,4640207.03550726,5.608219178082192,2.5
C-000561617,S-0036,-93.6734291904668,1,2,男性,52,10,12,0.4166666666666667,0,0,19,4397834.424680548,11.123287671232877,9.0
C-001710174,S-0002,-100.0,1,2,女性,43,5,12,0.1666666666666666,1360,2,15,4455566.655169959,5.663013698630137,2.0
C-002547894,S-0020,-67.58239690508267,1,2,女性,48,1,12,0.4166666666666667,0,0,16,4280702.057267675,6.986301369863014,3.5
C-001003612,S-0063,-93.60111686398663,1,2,男性,20,8,12,0.4166666666666667,0,0,18,4564012.176421695,5.749315068493151,3.0
C-001799987,S-0050,-50.19139645676107,1,2,女性,56,4,12,0.5833333333333334,0,0,20,4615411.181286601,9.2013698630137,6.0
C-000506118,S-0085,-12.88324954772273,0,2,女性,46,10,12,0.5,18979,1,15,4606655.398026554,4.928767123287671,2.0
C-000278374,S-0059,-31.24173700803417,0,2,女性,33,11,12,0.5,33279,1,14,4713188.969095345,6.8123287671232875,3.0
C-000362079,S-0126,-0.645485919726211,0,2,女性,58,11,12,0.6666666666666666,0,0,17,4493168.352495564,5.53972602739726,3.0
C-000520953,S-0050,-61.03433658329801,1,2,女性,46,10,12,0.3333333333333333,0,0,20,4615411.181286601,9.2013698630137,6.0
C-001505818,S-0019,-4.374956975270398,0,2,女性,60,6,12,0.75,0,0,19,4327199.920883598,4.090410958904109,1.0
C-000442394,S-0017,2.293392590910504,0,2,女性,41,11,12,0.0833333333333333,0,0,20,4640207.03550726,5.608219178082192,2.5
C-000045387,S-0082,-100.0,1,2,男性,48,12,12,1.0,20572,2,17,4607261.71451126,4.758904109589041,2.0
C-001219197,S-0050,-100.0,1,2,女性,51,7,12,0.5,0,0,20,4615411.181286601,9.2013698630137,6.0
C-000058596,S-0063,-74.1653157019189,1,2,女性,46,12,12,0.75,0,0,18,4564012.176421695,5.749315068493151,3.0
C-001828427,S-0005,-39.42583389085348,0,2,男性,46,4,12,0.6666666666666666,9428,1,21,4733942.970761149,4.69041095890411,2.0
C-001027598,S-0082,-74.71781298020065,1,2,男性,31,8,12,0.4166666666666667,0,0,17,4607261.71451126,4.758904109589041,2.0
C-000353276,S-0085,-62.59401434750135,1,2,男性,17,11,12,0.75,92418,1,15,4606655.398026554,4.928767123287671,2.0
C-000637308,S-0007,-81.04692046556741,1,2,男性,51,10,12,0.4166666666666667,18418,1,21,4487075.727367008,3.7260273972602738,1.0
C-000046997,S-0017,-100.0,1,2,男性,44,12,12,0.25,10948,1,20,4640207.03550726,5.608219178082192,2.5
C-000256298,S-0002,-100.0,1,2,女性,62,11,12,0.4166666666666667,6262,1,15,4455566.655169959,5.663013698630137,2.0
C-001358020,S-0063,-57.50176955452891,1,2,女性,40,6,12,0.0833333333333333,0,0,18,4564012.176421695,5.749315068493151,3.0
C-000755579,S-0062,-54.92372070989306,1,2,女性,85,9,12,0.6666666666666666,0,0,15,4713869.782113416,4.575342465753424,1.0
C-001143723,S-0115,-98.29456476070433,1,2,男性,46,7,12,0.25,101151,1,14,4553643.099564746,10.51095890410959,7.0
C-000406602,S-0040,-62.63756102331109,1,2,女性,51,11,12,0.0,19770,2,20,4550116.0180538,8.163013698630138,4.0
C-000629592,S-0059,-53.777362200004795,1,2,男性,58,10,12,0.25,48225,2,14,4713188.969095345,6.8123287671232875,3.0
C-001839142,S-0005,-8.614839459889732,0,2,男性,54,4,12,0.5,0,0,21,4733942.970761149,4.69041095890411,2.0
C-000703634,S-0062,-13.850578288432159,0,2,女性,78,9,12,0.5,10519,1,15,4713869.782113416,4.575342465753424,1.0
C-002425872,S-0040,-42.113663099302784,0,2,男性,62,2,12,0.3333333333333333,1549,2,20,4550116.0180538,8.163013698630138,4.0
C-001176153,S-0036,-54.92053485517104,1,2,女性,53,7,12,0.25,82001,1,19,4397834.424680548,11.123287671232877,9.0
C-001862276,S-0117,-100.0,1,2,男性,58,4,12,0.0833333333333333,11121,1,20,4500859.737076383,9.593150684931507,7.0
C-002308341,S-0002,-31.88698905078319,0,2,男性,45,2,12,0.25,21317,1,15,4455566.655169959,5.663013698630137,2.0
C-002292439,S-0005,-1.21258202760775,0,2,男性,24,2,12,0.8333333333333334,150181,1,21,4733942.970761149,4.69041095890411,2.0
C-001461224,S-0005,-6.700601894310133,0,2,女性,36,6,12,1.0,0,0,21,4733942.970761149,4.69041095890411,2.0
C-000819895,S-0008,-100.0,1,2,女性,80,9,12,0.0,0,0,22,4498453.308937302,10.772602739726027,7.0
C-000287313,S-0121,-100.0,1,2,男性,44,11,12,0.5,0,0,14,4716268.25678644,9.856164383561644,7.0
C-001820031,S-0039,-27.756531080133477,0,2,男性,74,4,12,0.3333333333333333,0,0,16,4591288.568998441,8.193150684931506,5.0
C-001350553,S-0030,-0.8434564914226188,0,2,女性,72,7,12,0.75,0,0,22,4426478.045479023,9.236986301369862,5.5
C-002278583,S-0019,-13.523233993176515,0,2,女性,32,2,12,0.6666666666666666,43956,1,19,4327199.920883598,4.090410958904109,1.0
C-000685731,S-0030,-26.306176034095667,0,2,男性,41,9,12,0.1666666666666666,0,0,22,4426478.045479023,9.236986301369862,5.5
C-000624888,S-0005,-25.69537561181825,0,2,男性,34,10,12,0.8333333333333334,0,0,21,4733942.970761149,4.69041095890411,2.0
C-001920637,S-0072,-16.334012774090862,0,2,男性,46,4,12,0.0833333333333333,0,0,12,4406797.312641796,9.01917808219178,6.0
C-001019698,S-0050,-13.500904626518482,0,2,女性,67,8,12,0.9166666666666666,0,0,20,4615411.181286601,9.2013698630137,6.0
C-002666001,S-0019,-22.419484885825995,0,2,女性,66,1,12,0.4166666666666667,1761,1,19,4327199.920883598,4.090410958904109,1.0
C-002619744,S-0004,-24.4966602442939,0,2,男性,42,1,12,0.5833333333333334,1771,1,22,4423576.351309,11.806849315068494,9.0
C-001793569,S-0063,-60.97027490597806,1,2,女性,21,5,12,0.25,0,0,18,4564012.176421695,5.749315068493151,3.0
C-002473933,S-0080,-2.9707804072325437,0,2,男性,50,1,12,0.5833333333333334,0,0,17,4457429.264950683,11.673972602739726,9.0
C-000076095,S-0062,-100.0,1,2,女性,20,12,12,0.1666666666666666,12338,1,15,4713869.782113416,4.575342465753424,1.0
C-001304934,S-0111,-72.96645002924194,1,2,女性,75,7,12,0.5,0,0,19,4489501.980758176,6.397260273972603,4.0
C-002296553,S-0089,-100.0,1,2,女性,37,2,12,0.0,16334,1,19,4721110.949352573,10.142465753424657,7.0
C-001992178,S-0080,-100.0,1,2,女性,58,4,12,0.1666666666666666,51283,1,17,4457429.264950683,11.673972602739726,9.0
C-001674634,S-0017,-28.536281649749068,0,2,女性,70,5,12,0.5833333333333334,70279,2,20,4640207.03550726,5.608219178082192,2.5
C-002608674,S-0100,-36.23403053192248,0,2,女性,52,1,12,0.3333333333333333,1647,1,17,4535925.154217558,4.720547945205479,2.0
C-000329545,S-0036,-43.53297335210599,0,2,男性,58,11,12,0.3333333333333333,0,0,19,4397834.424680548,11.123287671232877,9.0
C-001680106,S-0005,-37.490893754073845,0,2,女性,46,5,12,0.3333333333333333,0,0,21,4733942.970761149,4.69041095890411,2.0
C-002454003,S-0030,-96.80190730257424,1,2,男性,51,2,12,0.0,22668,1,22,4426478.045479023,9.236986301369862,5.5
C-000929968,S-0019,-22.777622873944896,0,2,女性,34,8,12,0.9166666666666666,0,0,19,4327199.920883598,4.090410958904109,1.0
C-000892596,S-0096,-38.51322348076704,0,2,男性,54,9,12,0.1666666666666666,33380,1,16,4644856.458098179,8.302739726027397,5.0
C-000183752,S-0019,-5.581809614883766,0,2,男性,59,12,12,0.4166666666666667,19069,1,19,4327199.920883598,4.090410958904109,1.0
C-001079062,S-0005,-24.041545527926793,0,2,男性,57,8,12,0.6666666666666666,0,0,21,4733942.970761149,4.69041095890411,2.0
C-002083250,S-0017,-45.593918514080286,0,2,女性,34,3,12,0.5833333333333334,0,0,20,4640207.03550726,5.608219178082192,2.5
C-000443064,S-0005,-14.360293079633625,0,2,男性,57,11,12,0.0833333333333333,33756,2,21,4733942.970761149,4.69041095890411,2.0
C-001490620,S-0075,-32.30249979419916,0,2,男性,44,6,12,1.0,0,0,19,4506647.2743158825,4.526027397260274,1.0
C-002201161,S-0014,-4.071405568137518,0,2,女性,58,3,12,0.8333333333333334,1699,1,21,4730192.353344672,7.336986301369863,4.0
C-000943208,S-0085,-34.61346343730034,0,2,男性,38,8,12,0.0833333333333333,0,0,15,4606655.398026554,4.928767123287671,2.0
C-000535867,S-0012,-58.255180850043175,1,2,男性,27,10,12,0.5833333333333334,1014,1,16,4444678.825084195,7.994520547945205,5.0
C-002066297,S-0131,-52.73537534521717,1,2,女性,65,3,12,0.75,0,0,17,4569023.5643747775,5.13972602739726,2.0
C-002381700,S-0100,-25.649587226853075,0,2,男性,32,2,12,0.5,13700,1,17,4535925.154217558,4.720547945205479,2.0
C-000579288,S-0056,-44.373784519642165,0,2,男性,50,10,12,0.25,13708,2,15,4406070.585753419,7.528767123287671,4.0
C-002351334,S-0056,-97.9428535091252,1,2,男性,49,2,12,0.5833333333333334,0,0,15,4406070.585753419,7.528767123287671,4.0
C-000223049,S-0121,-50.30094959026028,1,2,女性,50,12,12,0.6666666666666666,3412,2,14,4716268.25678644,9.856164383561644,7.0
C-001450574,S-0012,-60.26574978281576,1,2,男性,51,6,12,0.25,0,0,16,4444678.825084195,7.994520547945205,5.0
C-001797268,S-0054,-100.0,1,2,女性,68,5,12,0.3333333333333333,0,0,23,4489160.181517739,6.358904109589041,4.0
C-002021125,S-0019,-13.50814530882481,0,2,男性,34,4,12,0.6666666666666666,39510,2,19,4327199.920883598,4.090410958904109,1.0
C-001735419,S-0089,-23.5704673805345,0,2,男性,57,5,12,0.1666666666666666,9536,1,19,4721110.949352573,10.142465753424657,7.0
C-001254359,S-0008,-34.973203774314285,0,2,女性,31,7,12,0.1666666666666666,0,0,22,4498453.308937302,10.772602739726027,7.0
C-000285203,S-0002,-100.0,1,2,女性,59,11,12,0.0,29259,1,15,4455566.655169959,5.663013698630137,2.0
C-001292359,S-0008,-44.30307075478303,0,2,男性,56,7,12,0.25,20758,2,22,4498453.308937302,10.772602739726027,7.0
C-001041602,S-0100,-49.70393912619183,1,2,男性,50,8,12,0.0833333333333333,16044,1,17,4535925.154217558,4.720547945205479,2.0
C-001607950,S-0054,-100.0,1,2,女性,64,5,12,0.9166666666666666,0,0,23,4489160.181517739,6.358904109589041,4.0
C-002445676,S-0048,-100.0,1,2,女性,45,2,12,0.4166666666666667,11059,2,15,4502249.082895545,3.671232876712329,1.0
C-001054198,S-0030,-26.90848901853378,0,2,女性,48,8,12,0.5833333333333334,7041,1,22,4426478.045479023,9.236986301369862,5.5
C-000141244,S-0039,-100.0,1,2,男性,55,12,12,0.9166666666666666,96372,1,16,4591288.568998441,8.193150684931506,5.0
C-000587639,S-0082,-19.44750667669131,0,2,女性,42,10,12,0.5,0,0,17,4607261.71451126,4.758904109589041,2.0
C-000602454,S-0113,-86.81014388615293,1,2,男性,45,10,12,0.25,32795,1,16,4336633.961311346,5.77945205479452,2.5
C-000879220,S-0017,-13.688118698284052,0,2,男性,37,9,12,0.0833333333333333,15976,2,20,4640207.03550726,5.608219178082192,2.5
C-001803970,S-0040,-27.68847447611255,0,2,男性,41,4,12,0.4166666666666667,0,0,20,4550116.0180538,8.163013698630138,4.0
C-000526546,S-0113,-32.98738925570686,0,2,女性,56,10,12,0.1666666666666666,2549,1,16,4336633.961311346,5.77945205479452,2.5
C-000341272,S-0005,-50.925115800308795,1,2,女性,90,11,12,1.0,0,0,21,4733942.970761149,4.69041095890411,2.0
C-002338072,S-0054,-2.435467438958779,0,2,男性,57,2,12,0.75,0,0,23,4489160.181517739,6.358904109589041,4.0
C-000327934,S-0030,-100.0,1,2,男性,25,11,12,0.5833333333333334,0,0,22,4426478.045479023,9.236986301369862,5.5
C-000581462,S-0039,-22.76030554977005,0,2,女性,60,10,12,0.5833333333333334,6399,2,16,4591288.568998441,8.193150684931506,5.0
C-002641272,S-0017,-40.10977547384808,0,2,女性,65,1,12,0.8333333333333334,7716,1,20,4640207.03550726,5.608219178082192,2.5
C-000474606,S-0019,-13.14401217223265,0,2,男性,41,10,12,0.5833333333333334,0,0,19,4327199.920883598,4.090410958904109,1.0
C-001897095,S-0079,-100.0,1,2,男性,45,4,12,0.0833333333333333,6541,2,13,4256656.371085242,8.479452054794521,6.0
C-002089398,S-0005,-40.2341083042869,0,2,女性,45,3,12,0.5833333333333334,7993,1,21,4733942.970761149,4.69041095890411,2.0
C-000339841,S-0050,-36.64019121792783,0,2,女性,46,11,12,0.1666666666666666,7585,1,20,4615411.181286601,9.2013698630137,6.0
C-002533014,S-0102,-100.0,1,2,女性,41,1,12,0.0,0,0,16,4383474.364435211,10.484931506849314,7.5
C-001677867,S-0004,-55.350874069854385,1,2,男性,49,5,12,0.3333333333333333,30806,1,22,4423576.351309,11.806849315068494,9.0
C-002633907,S-0004,-61.611934024085656,1,2,女性,58,1,12,0.4166666666666667,0,0,22,4423576.351309,11.806849315068494,9.0
C-001631045,S-0113,-71.10680475252558,1,2,男性,47,5,12,0.25,38801,1,16,4336633.961311346,5.77945205479452,2.5
C-000604295,S-0002,-23.409425191026468,0,2,女性,53,10,12,0.4166666666666667,0,0,15,4455566.655169959,5.663013698630137,2.0
C-002672263,S-0089,-39.44835383325861,0,2,女性,19,1,12,0.25,22818,1,19,4721110.949352573,10.142465753424657,7.0
C-000728770,S-0039,-38.61400902124306,0,2,男性,69,9,12,0.5833333333333334,0,0,16,4591288.568998441,8.193150684931506,5.0
C-000841488,S-0117,-76.00294585061437,1,2,女性,40,9,12,0.3333333333333333,84873,2,20,4500859.737076383,9.593150684931507,7.0
C-001364646,S-0036,0.656572438646734,0,2,男性,51,6,12,0.3333333333333333,0,0,19,4397834.424680548,11.123287671232877,9.0
C-001633184,S-0100,-96.07966279785988,1,2,女性,66,5,12,1.0,0,0,17,4535925.154217558,4.720547945205479,2.0
C-001055585,S-0100,-12.49304612464617,0,2,男性,50,8,12,0.5833333333333334,0,0,17,4535925.154217558,4.720547945205479,2.0
C-002094533,S-0040,-82.52780412104492,1,2,男性,33,3,12,0.4166666666666667,0,0,20,4550116.0180538,8.163013698630138,4.0
C-002023201,S-0007,-52.60281675740613,1,2,男性,33,3,12,0.1666666666666666,0,0,21,4487075.727367008,3.7260273972602738,1.0
C-001354547,S-0100,-32.22909793663498,0,2,女性,69,6,12,0.5833333333333334,18516,1,17,4535925.154217558,4.720547945205479,2.0
C-002604144,S-0113,-48.67189591340933,0,2,女性,69,1,12,0.3333333333333333,10504,1,16,4336633.961311346,5.77945205479452,2.5
C-000481553,S-0019,-4.010323698823042,0,2,女性,88,10,12,0.6666666666666666,0,0,19,4327199.920883598,4.090410958904109,1.0
C-000664777,S-0121,-41.46848006787922,0,2,男性,21,10,12,0.25,0,0,14,4716268.25678644,9.856164383561644,7.0
C-000688884,S-0056,-52.73783848550204,1,2,女性,65,9,12,0.9166666666666666,17192,2,15,4406070.585753419,7.528767123287671,4.0
C-000417820,S-0111,-6.929588483805352,0,2,女性,42,11,12,0.0,4633,1,19,4489501.980758176,6.397260273972603,4.0
C-000723185,S-0079,-37.907785689272785,0,2,女性,65,9,12,0.5,6769,1,13,4256656.371085242,8.479452054794521,6.0
C-001498334,S-0019,-7.307150949225857,0,2,女性,61,6,12,0.5833333333333334,5428,1,19,4327199.920883598,4.090410958904109,1.0
C-000233360,S-0075,-51.42188172814698,1,2,女性,55,11,12,0.3333333333333333,0,0,19,4506647.2743158825,4.526027397260274,1.0
C-000659814,S-0106,-78.42259823800866,1,2,女性,47,10,12,0.1666666666666666,30909,1,20,4462729.145118021,6.171232876712329,3.5
C-001557035,S-0063,-69.97754818925233,1,2,男性,56,6,12,0.5833333333333334,3870,1,18,4564012.176421695,5.749315068493151,3.0
C-002452197,S-0099,-66.86428391540802,1,2,男性,60,2,12,0.1666666666666666,-9264,1,13,4464126.154078853,8.147945205479452,5.0
C-001907351,S-0131,-35.41883373009501,0,2,女性,81,4,12,0.3333333333333333,0,0,17,4569023.5643747775,5.13972602739726,2.0
C-000387957,S-0111,-56.60576718807653,1,2,男性,49,11,12,1.0,2245,1,19,4489501.980758176,6.397260273972603,4.0
C-001649177,S-0017,-56.66969097408205,1,2,男性,37,5,12,0.6666666666666666,0,0,20,4640207.03550726,5.608219178082192,2.5
C-001636473,S-0075,-100.0,1,2,男性,54,5,12,0.5,0,0,19,4506647.2743158825,4.526027397260274,1.0
C-000541232,S-0111,-36.799720793154265,0,2,女性,68,10,12,0.25,0,0,19,4489501.980758176,6.397260273972603,4.0
C-002419189,S-0056,-28.925816337313748,0,2,女性,65,2,12,0.5,0,0,15,4406070.585753419,7.528767123287671,4.0
C-001720640,S-0072,-100.0,1,2,女性,46,5,12,0.4166666666666667,0,0,12,4406797.312641796,9.01917808219178,6.0
C-002510420,S-0075,-49.297548687142715,1,2,男性,35,1,12,0.6666666666666666,77939,1,19,4506647.2743158825,4.526027397260274,1.0
C-000494780,S-0089,-98.76907426246186,1,2,男性,56,10,12,0.3333333333333333,18833,1,19,4721110.949352573,10.142465753424657,7.0
C-001784970,S-0126,-29.642100374444862,0,2,男性,45,5,12,0.6666666666666666,0,0,17,4493168.352495564,5.53972602739726,3.0
C-002594188,S-0039,-39.05703050949258,0,2,男性,60,1,12,0.25,0,0,16,4591288.568998441,8.193150684931506,5.0
C-000892516,S-0075,-66.90412253219952,1,2,男性,48,9,12,1.0,0,0,19,4506647.2743158825,4.526027397260274,1.0
C-001846852,S-0002,-99.30655818904194,1,2,男性,59,4,12,0.0833333333333333,6573,1,15,4455566.655169959,5.663013698630137,2.0
C-001306654,S-0056,-9.686772744609646,0,2,男性,71,7,12,0.1666666666666666,27136,2,15,4406070.585753419,7.528767123287671,4.0
C-001355766,S-0131,-49.8022486191207,1,2,女性,56,6,12,0.25,126580,1,17,4569023.5643747775,5.13972602739726,2.0
C-001772910,S-0056,-100.0,1,2,男性,50,5,12,0.25,0,0,15,4406070.585753419,7.528767123287671,4.0
C-000739841,S-0019,8.032981066814221,0,2,女性,44,9,12,0.1666666666666666,84108,1,19,4327199.920883598,4.090410958904109,1.0
C-002410478,S-0121,-100.0,1,2,女性,38,2,12,0.75,0,0,14,4716268.25678644,9.856164383561644,7.0
C-000438701,S-0030,-100.0,1,2,男性,59,11,12,0.25,0,0,22,4426478.045479023,9.236986301369862,5.5
C-000747052,S-0007,-38.83130634336071,0,2,男性,51,9,12,0.1666666666666666,0,0,21,4487075.727367008,3.7260273972602738,1.0
C-002062716,S-0002,-100.0,1,2,女性,63,3,12,0.0,548,1,15,4455566.655169959,5.663013698630137,2.0
C-000182904,S-0085,-10.496445261456003,0,2,女性,46,12,12,1.0,0,0,15,4606655.398026554,4.928767123287671,2.0
C-001257386,S-0020,-61.120585254936856,1,2,女性,69,7,12,0.0833333333333333,2036,2,16,4280702.057267675,6.986301369863014,3.5
C-001835263,S-0007,-85.45829747078282,1,2,男性,35,4,12,0.75,0,0,21,4487075.727367008,3.7260273972602738,1.0
C-001931952,S-0019,-48.786501814082925,0,2,男性,56,4,12,0.6666666666666666,7490,1,19,4327199.920883598,4.090410958904109,1.0
C-001820238,S-0131,-37.20634998138462,0,2,女性,19,4,12,0.5833333333333334,1601,1,17,4569023.5643747775,5.13972602739726,2.0
C-002345606,S-0131,-89.97708287129444,1,2,女性,30,2,12,0.4166666666666667,0,0,17,4569023.5643747775,5.13972602739726,2.0
C-001584207,S-0005,-16.30684220548887,0,2,女性,33,5,12,0.1666666666666666,0,0,21,4733942.970761149,4.69041095890411,2.0
C-001201586,S-0100,-33.65157537008237,0,2,女性,43,7,12,0.5,23679,1,17,4535925.154217558,4.720547945205479,2.0
C-000603771,S-0005,-13.300168757795877,0,2,女性,36,10,12,0.5,0,0,21,4733942.970761149,4.69041095890411,2.0
C-002439384,S-0121,-24.934714143214194,0,2,男性,46,2,12,0.3333333333333333,0,0,14,4716268.25678644,9.856164383561644,7.0
C-001018896,S-0102,-8.953386303014515,0,2,女性,53,8,12,0.5,0,0,16,4383474.364435211,10.484931506849314,7.5
C-001692679,S-0002,-100.0,1,2,女性,35,5,12,0.25,4442,1,15,4455566.655169959,5.663013698630137,2.0
C-000380657,S-0039,-76.14464299409464,1,2,女性,48,11,12,0.75,0,0,16,4591288.568998441,8.193150684931506,5.0
C-002567116,S-0040,-100.0,1,2,女性,43,1,12,0.1666666666666666,0,0,20,4550116.0180538,8.163013698630138,4.0
C-002509501,S-0017,-100.0,1,2,女性,49,1,12,0.1666666666666666,6176,2,20,4640207.03550726,5.608219178082192,2.5
C-001073736,S-0005,-25.437229343845893,0,2,女性,40,8,12,0.6666666666666666,0,0,21,4733942.970761149,4.69041095890411,2.0
C-002144591,S-0089,-26.339456935604904,0,2,女性,49,3,12,0.3333333333333333,0,0,19,4721110.949352573,10.142465753424657,7.0
C-002418649,S-0100,-1.8304712705038977,0,2,男性,41,2,12,0.1666666666666666,0,0,17,4535925.154217558,4.720547945205479,2.0
C-000049425,S-0121,-100.0,1,2,男性,47,12,12,0.6666666666666666,4924,1,14,4716268.25678644,9.856164383561644,7.0
C-000516866,S-0056,-100.0,1,2,女性,54,10,12,0.4166666666666667,0,0,15,4406070.585753419,7.528767123287671,4.0
C-001200800,S-0085,-35.159943177769016,0,2,男性,30,7,12,0.25,1349,1,15,4606655.398026554,4.928767123287671,2.0
C-002691506,S-0106,-42.959674602548645,0,2,男性,49,1,12,0.0,0,0,20,4462729.145118021,6.171232876712329,3.5
C-002561467,S-0050,-69.92037523877971,1,2,男性,83,1,12,0.1666666666666666,31506,1,20,4615411.181286601,9.2013698630137,6.0
C-000003970,S-0019,-12.360467476237188,0,2,女性,57,12,12,0.8333333333333334,1527,1,19,4327199.920883598,4.090410958904109,1.0
C-002309337,S-0007,-59.598998215211004,1,2,男性,35,2,12,0.3333333333333333,0,0,21,4487075.727367008,3.7260273972602738,1.0
C-002283801,S-0072,-27.227320803108885,0,2,女性,44,2,12,0.5,0,0,12,4406797.312641796,9.01917808219178,6.0
C-000379988,S-0089,-38.310871914771596,0,2,女性,16,11,12,0.4166666666666667,0,0,19,4721110.949352573,10.142465753424657,7.0
C-002235235,S-0017,-19.544225462818172,0,2,女性,51,3,12,0.6666666666666666,10130,1,20,4640207.03550726,5.608219178082192,2.5
C-002498194,S-0097,-23.291934569759036,0,2,男性,54,1,12,0.5,11873,1,21,4592508.716501317,10.09041095890411,7.0
C-000389558,S-0085,-22.154093851675444,0,2,女性,47,11,12,0.0833333333333333,25002,2,15,4606655.398026554,4.928767123287671,2.0
C-002486923,S-0039,-35.84104186521081,0,2,男性,52,1,12,0.3333333333333333,0,0,16,4591288.568998441,8.193150684931506,5.0
C-000935606,S-0039,-22.045438880968703,0,2,女性,47,8,12,0.4166666666666667,41276,2,16,4591288.568998441,8.193150684931506,5.0
C-002329052,S-0059,-62.0547284946481,1,2,男性,31,2,12,0.8333333333333334,18601,1,14,4713188.969095345,6.8123287671232875,3.0
C-002620331,S-0100,-100.0,1,2,女性,47,1,12,0.5,0,0,17,4535925.154217558,4.720547945205479,2.0
C-001627540,S-0050,-30.553797561942165,0,2,女性,34,5,12,0.75,0,0,20,4615411.181286601,9.2013698630137,6.0
C-000819688,S-0040,-67.39786806339748,1,2,女性,27,9,12,0.25,0,0,20,4550116.0180538,8.163013698630138,4.0
C-000953985,S-0089,-1.6543673472309974,0,2,女性,27,8,12,0.4166666666666667,1110,1,19,4721110.949352573,10.142465753424657,7.0
C-001121334,S-0019,-9.126507667958304,0,2,女性,69,8,12,0.5,0,0,19,4327199.920883598,4.090410958904109,1.0
C-000642881,S-0074,-1.7430540532187782,0,2,男性,33,10,12,0.75,0,0,14,4614054.39694187,8.308219178082192,6.0
C-002097154,S-0131,-41.09928874612825,0,2,男性,36,3,12,0.4166666666666667,12921,1,17,4569023.5643747775,5.13972602739726,2.0
C-001855864,S-0019,-51.31510416666667,1,2,女性,61,4,12,0.6666666666666666,0,0,19,4327199.920883598,4.090410958904109,1.0
C-001660359,S-0007,-21.062171404685287,0,2,女性,51,5,12,0.5,0,0,21,4487075.727367008,3.7260273972602738,1.0
C-002227837,S-0041,-21.13348115938374,0,2,男性,28,3,12,0.1666666666666666,0,0,17,4828489.286769263,10.389041095890411,7.0
C-001571460,S-0062,-41.06412661759754,0,2,女性,56,6,12,0.4166666666666667,0,0,15,4713869.782113416,4.575342465753424,1.0
C-001560213,S-0085,-6.194141322103545,0,2,女性,46,6,12,0.5,0,0,15,4606655.398026554,4.928767123287671,2.0
C-002616166,S-0005,-100.0,1,2,男性,42,1,12,0.5833333333333334,0,0,21,4733942.970761149,4.69041095890411,2.0
C-002249433,S-0059,-45.38550296399856,0,2,女性,68,2,12,0.6666666666666666,53957,1,14,4713188.969095345,6.8123287671232875,3.0
C-001258902,S-0085,-100.0,1,2,男性,51,7,12,0.5833333333333334,0,0,15,4606655.398026554,4.928767123287671,2.0
C-001574264,S-0005,-4.06384762540009,0,2,男性,33,6,12,0.4166666666666667,94376,1,21,4733942.970761149,4.69041095890411,2.0
C-000811244,S-0017,-46.52407816375872,0,2,女性,32,9,12,0.25,0,0,20,4640207.03550726,5.608219178082192,2.5
C-001843756,S-0089,-46.52541849403916,0,2,女性,51,4,12,0.5833333333333334,0,0,19,4721110.949352573,10.142465753424657,7.0
C-000758017,S-0131,-42.05271247979223,0,2,女性,59,9,12,0.3333333333333333,0,0,17,4569023.5643747775,5.13972602739726,2.0
C-000082586,S-0075,-55.751906516351546,1,2,女性,83,12,12,0.0833333333333333,0,0,19,4506647.2743158825,4.526027397260274,1.0
C-000600000,S-0074,-34.83335934299593,0,2,女性,56,10,12,0.1666666666666666,1670,1,14,4614054.39694187,8.308219178082192,6.0
C-000024841,S-0131,-15.437388155173949,0,2,女性,60,12,12,0.5833333333333334,0,0,17,4569023.5643747775,5.13972602739726,2.0
C-002451212,S-0007,-67.80116185482393,1,2,女性,57,2,12,0.5,0,0,21,4487075.727367008,3.7260273972602738,1.0
C-002321133,S-0131,-20.673960816386238,0,2,女性,52,2,12,0.5833333333333334,0,0,17,4569023.5643747775,5.13972602739726,2.0
C-002039529,S-0075,-100.0,1,2,女性,43,3,12,0.9166666666666666,9074,1,19,4506647.2743158825,4.526027397260274,1.0
C-002639991,S-0089,-19.32881405131362,0,2,女性,53,1,12,0.6666666666666666,0,0,19,4721110.949352573,10.142465753424657,7.0
C-000423120,S-0121,-65.26608207123282,1,2,男性,51,11,12,0.3333333333333333,0,0,14,4716268.25678644,9.856164383561644,7.0
C-000932840,S-0008,-100.0,1,2,女性,41,8,12,0.1666666666666666,6576,1,22,4498453.308937302,10.772602739726027,7.0
C-001023731,S-0085,-12.66868125818173,0,2,女性,31,8,12,0.6666666666666666,0,0,15,4606655.398026554,4.928767123287671,2.0
C-002488029,S-0004,-16.417679059672462,0,2,女性,50,1,12,0.5833333333333334,0,0,22,4423576.351309,11.806849315068494,9.0
C-000087146,S-0072,-57.728140732596486,1,2,男性,53,12,12,0.5833333333333334,0,0,12,4406797.312641796,9.01917808219178,6.0
C-000384671,S-0019,-25.699585092577358,0,2,女性,60,11,12,0.4166666666666667,20331,1,19,4327199.920883598,4.090410958904109,1.0
C-002057314,S-0020,-100.0,1,2,女性,34,3,12,0.75,0,0,16,4280702.057267675,6.986301369863014,3.5
C-000153002,S-0117,-41.18467916629481,0,2,女性,49,12,12,0.6666666666666666,0,0,20,4500859.737076383,9.593150684931507,7.0
C-001505651,S-0115,-55.00245515359058,1,2,男性,44,6,12,0.3333333333333333,0,0,14,4553643.099564746,10.51095890410959,7.0
C-001959817,S-0005,-43.46176762661371,0,2,男性,37,4,12,0.75,0,0,21,4733942.970761149,4.69041095890411,2.0
C-002141047,S-0059,-9.060439876197592,0,2,男性,58,3,12,0.9166666666666666,20947,1,14,4713188.969095345,6.8123287671232875,3.0
C-000420912,S-0089,-100.0,1,2,女性,31,11,12,0.3333333333333333,0,0,19,4721110.949352573,10.142465753424657,7.0
C-001997831,S-0005,-18.017304122756773,0,2,男性,29,4,12,0.25,9070,1,21,4733942.970761149,4.69041095890411,2.0
C-002477658,S-0039,-100.0,1,2,女性,69,1,12,0.25,6111,1,16,4591288.568998441,8.193150684931506,5.0
C-001777820,S-0050,-100.0,1,2,男性,22,5,12,0.5,14511,2,20,4615411.181286601,9.2013698630137,6.0
C-001118331,S-0100,-100.0,1,2,女性,42,8,12,0.5,14493,2,17,4535925.154217558,4.720547945205479,2.0
C-001032463,S-0096,-22.311003506541375,0,2,男性,57,8,12,0.5,4819,2,16,4644856.458098179,8.302739726027397,5.0
C-001063993,S-0085,-2.317895930857593,0,2,女性,33,8,12,0.75,0,0,15,4606655.398026554,4.928767123287671,2.0
C-000988443,S-0005,-42.53682089759622,0,2,女性,42,8,12,0.4166666666666667,0,0,21,4733942.970761149,4.69041095890411,2.0
C-000889971,S-0030,-100.0,1,2,男性,54,9,12,0.4166666666666667,0,0,22,4426478.045479023,9.236986301369862,5.5
C-002128623,S-0100,-13.300501512488418,0,2,女性,60,3,12,0.0833333333333333,0,0,17,4535925.154217558,4.720547945205479,2.0
C-002182054,S-0063,-100.0,1,2,男性,65,3,12,0.4166666666666667,28791,1,18,4564012.176421695,5.749315068493151,3.0
C-001437000,S-0131,-100.0,1,2,女性,62,6,12,1.0,0,0,17,4569023.5643747775,5.13972602739726,2.0
C-000712247,S-0059,-46.2524581753926,0,2,男性,34,9,12,0.25,1025,1,14,4713188.969095345,6.8123287671232875,3.0
C-001128287,S-0054,-32.67277065548814,0,2,女性,78,7,12,0.5,0,0,23,4489160.181517739,6.358904109589041,4.0
C-002161044,S-0002,-16.914023112416302,0,2,男性,58,3,12,0.5833333333333334,0,0,15,4455566.655169959,5.663013698630137,2.0
C-000178436,S-0075,-18.574353718202982,0,2,女性,37,12,12,0.0833333333333333,28700,2,19,4506647.2743158825,4.526027397260274,1.0
C-000223479,S-0085,-20.89504127791408,0,2,女性,51,12,12,0.4166666666666667,0,0,15,4606655.398026554,4.928767123287671,2.0
C-001303700,S-0113,-21.589350965721245,0,2,男性,40,7,12,0.75,6716,1,16,4336633.961311346,5.77945205479452,2.5
C-002263826,S-0075,-4.779633326017968,0,2,女性,47,2,12,0.9166666666666666,0,0,19,4506647.2743158825,4.526027397260274,1.0
C-001842936,S-0017,-42.4955595026643,0,2,女性,38,4,12,0.0833333333333333,25589,1,20,4640207.03550726,5.608219178082192,2.5
C-000843546,S-0020,-75.6553627187568,1,2,女性,40,9,12,0.1666666666666666,0,0,16,4280702.057267675,6.986301369863014,3.5
C-001821246,S-0082,-20.856123755417823,0,2,男性,54,4,12,0.25,0,0,17,4607261.71451126,4.758904109589041,2.0
C-001980360,S-0100,-100.0,1,2,男性,50,4,12,0.6666666666666666,0,0,17,4535925.154217558,4.720547945205479,2.0
C-000757011,S-0113,-69.4013173754129,1,2,女性,49,9,12,0.0,40706,1,16,4336633.961311346,5.77945205479452,2.5
C-002461883,S-0131,-91.48210508137979,1,2,女性,59,2,12,0.4166666666666667,0,0,17,4569023.5643747775,5.13972602739726,2.0
C-002375020,S-0014,-53.84816098192293,1,2,女性,35,2,12,0.25,0,0,21,4730192.353344672,7.336986301369863,4.0
C-002468806,S-0085,-28.56892392280072,0,2,女性,34,2,12,0.6666666666666666,1749,1,15,4606655.398026554,4.928767123287671,2.0
C-002313672,S-0121,-19.528974061984485,0,2,男性,52,2,12,0.9166666666666666,0,0,14,4716268.25678644,9.856164383561644,7.0
C-002177800,S-0111,-38.6031894934334,0,2,女性,19,3,12,0.3333333333333333,0,0,19,4489501.980758176,6.397260273972603,4.0
C-002575719,S-0036,-93.99591259836504,1,2,女性,54,1,12,0.0833333333333333,24453,1,19,4397834.424680548,11.123287671232877,9.0
C-002285302,S-0040,-9.380487830727082,0,2,女性,46,2,12,0.4166666666666667,30028,2,20,4550116.0180538,8.163013698630138,4.0
C-002592175,S-0075,-8.22711240084577,0,2,男性,75,1,12,0.5833333333333334,13754,2,19,4506647.2743158825,4.526027397260274,1.0
C-001039418,S-0079,-13.643223778525037,0,2,女性,51,8,12,0.1666666666666666,0,0,13,4256656.371085242,8.479452054794521,6.0
C-000134337,S-0111,-100.0,1,2,男性,45,12,12,0.1666666666666666,0,0,19,4489501.980758176,6.397260273972603,4.0
C-001212741,S-0063,-32.922679516157075,0,2,男性,41,7,12,0.5,0,0,18,4564012.176421695,5.749315068493151,3.0
C-000685428,S-0019,-15.490174113429777,0,2,女性,37,9,12,0.75,0,0,19,4327199.920883598,4.090410958904109,1.0
C-002649463,S-0075,-35.207001405692175,0,2,女性,89,1,12,0.6666666666666666,0,0,19,4506647.2743158825,4.526027397260274,1.0
C-002398586,S-0041,-43.02623510341451,0,2,女性,18,2,12,0.25,0,0,17,4828489.286769263,10.389041095890411,7.0
C-001515703,S-0036,-59.4274237551807,1,2,男性,55,6,12,0.1666666666666666,0,0,19,4397834.424680548,11.123287671232877,9.0
C-001451450,S-0062,-19.112521534137276,0,2,女性,52,6,12,0.25,0,0,15,4713869.782113416,4.575342465753424,1.0
C-000118119,S-0074,-55.75284346273236,1,2,女性,56,12,12,0.1666666666666666,2897,1,14,4614054.39694187,8.308219178082192,6.0
C-002286488,S-0131,-34.26900639908019,0,2,男性,47,2,12,0.0833333333333333,0,0,17,4569023.5643747775,5.13972602739726,2.0
C-001575873,S-0050,-100.0,1,2,女性,25,6,12,0.5,0,0,20,4615411.181286601,9.2013698630137,6.0
C-001323209,S-0100,-71.72619876202938,1,2,女性,48,7,12,0.5833333333333334,0,0,17,4535925.154217558,4.720547945205479,2.0
C-001282673,S-0059,-40.94376135044211,0,2,女性,57,7,12,0.4166666666666667,0,0,14,4713188.969095345,6.8123287671232875,3.0
C-001189978,S-0050,-100.0,1,2,女性,31,7,12,0.1666666666666666,18134,2,20,4615411.181286601,9.2013698630137,6.0
C-000575445,S-0059,-17.146102226067615,0,2,女性,63,10,12,0.3333333333333333,21970,1,14,4713188.969095345,6.8123287671232875,3.0
C-001879131,S-0085,-73.07021715010302,1,2,男性,46,4,12,0.75,0,0,15,4606655.398026554,4.928767123287671,2.0
C-001032282,S-0117,-57.175577231757,1,2,男性,70,8,12,0.5,13268,1,20,4500859.737076383,9.593150684931507,7.0
C-001050050,S-0054,-100.0,1,2,女性,68,8,12,1.0,0,0,23,4489160.181517739,6.358904109589041,4.0
C-001674221,S-0004,-100.0,1,2,女性,19,5,12,0.5833333333333334,18285,1,22,4423576.351309,11.806849315068494,9.0
C-002352754,S-0131,-44.221745414260525,0,2,女性,79,2,12,0.9166666666666666,8605,2,17,4569023.5643747775,5.13972602739726,2.0
C-001176226,S-0036,-19.42017371893021,0,2,男性,40,7,12,0.75,0,0,19,4397834.424680548,11.123287671232877,9.0
C-002685896,S-0056,-100.0,1,2,男性,50,1,12,0.4166666666666667,20117,1,15,4406070.585753419,7.528767123287671,4.0
C-002431300,S-0089,-100.0,1,2,男性,65,2,12,0.0,0,0,19,4721110.949352573,10.142465753424657,7.0
C-001513308,S-0131,-19.39548087380429,0,2,男性,43,6,12,0.5833333333333334,0,0,17,4569023.5643747775,5.13972602739726,2.0
C-002599876,S-0018,-36.68846561961454,0,2,男性,55,1,12,0.5833333333333334,6923,1,16,4493108.581950108,7.550684931506849,5.0
C-000055748,S-0131,-28.547292131739088,0,2,女性,40,12,12,0.5,39132,1,17,4569023.5643747775,5.13972602739726,2.0
C-000257401,S-0020,-16.346249575599458,0,2,男性,39,11,12,0.9166666666666666,3858,1,16,4280702.057267675,6.986301369863014,3.5
C-001707982,S-0019,-11.239889757096993,0,2,女性,20,5,12,0.6666666666666666,0,0,19,4327199.920883598,4.090410958904109,1.0
C-000169519,S-0056,-100.0,1,2,女性,50,12,12,0.3333333333333333,4973,1,15,4406070.585753419,7.528767123287671,4.0
C-000181944,S-0002,-37.22604926090781,0,2,男性,73,12,12,0.25,0,0,15,4455566.655169959,5.663013698630137,2.0
C-001806988,S-0002,-100.0,1,2,男性,50,4,12,0.0833333333333333,0,0,15,4455566.655169959,5.663013698630137,2.0
C-001799594,S-0121,-49.612310563926705,1,2,男性,60,4,12,0.6666666666666666,36468,1,14,4716268.25678644,9.856164383561644,7.0
C-001572958,S-0005,-3.061754541855893,0,2,男性,49,6,12,0.75,0,0,21,4733942.970761149,4.69041095890411,2.0
C-000625027,S-0030,-7.700650606448596,0,2,男性,45,10,12,0.5833333333333334,0,0,22,4426478.045479023,9.236986301369862,5.5
C-001375379,S-0117,-89.59908598268763,1,2,男性,59,6,12,0.25,5336,1,20,4500859.737076383,9.593150684931507,7.0
C-000031993,S-0017,-18.300192922758498,0,2,女性,57,12,12,0.1666666666666666,0,0,20,4640207.03550726,5.608219178082192,2.5
C-000848979,S-0019,-46.19718309859155,0,2,女性,39,9,12,0.0833333333333333,70613,2,19,4327199.920883598,4.090410958904109,1.0
C-001813541,S-0096,-93.55963987216067,1,2,男性,44,4,12,0.3333333333333333,0,0,16,4644856.458098179,8.302739726027397,5.0
C-001141242,S-0111,-30.21356360166919,0,2,男性,56,7,12,0.5,0,0,19,4489501.980758176,6.397260273972603,4.0
C-000649825,S-0056,-100.0,1,2,女性,54,10,12,0.5833333333333334,66226,1,15,4406070.585753419,7.528767123287671,4.0
C-001102266,S-0005,-38.00936716814871,0,2,女性,49,8,12,0.6666666666666666,0,0,21,4733942.970761149,4.69041095890411,2.0
C-000527648,S-0085,-29.60673610435121,0,2,男性,34,10,12,0.25,0,0,15,4606655.398026554,4.928767123287671,2.0
C-001595845,S-0100,-14.083160155620325,0,2,男性,60,5,12,0.25,0,0,17,4535925.154217558,4.720547945205479,2.0
C-000817484,S-0131,-100.0,1,2,男性,37,9,12,0.8333333333333334,17120,1,17,4569023.5643747775,5.13972602739726,2.0
C-000404549,S-0131,-42.32521148145471,0,2,女性,63,11,12,0.4166666666666667,0,0,17,4569023.5643747775,5.13972602739726,2.0
C-000875078,S-0117,-51.0500268854679,1,2,女性,72,9,12,0.1666666666666666,943,1,20,4500859.737076383,9.593150684931507,7.0
C-000874345,S-0100,-41.87754350119744,0,2,男性,58,9,12,1.0,3568,1,17,4535925.154217558,4.720547945205479,2.0
C-000743459,S-0059,-22.96992251845525,0,2,女性,33,9,12,0.1666666666666666,0,0,14,4713188.969095345,6.8123287671232875,3.0
C-002516219,S-0085,-15.78838806880347,0,2,男性,36,1,12,0.4166666666666667,0,0,15,4606655.398026554,4.928767123287671,2.0
C-000247889,S-0089,-16.6454151768332,0,2,女性,43,11,12,0.8333333333333334,0,0,19,4721110.949352573,10.142465753424657,7.0
C-000515023,S-0062,-47.8175809147546,0,2,男性,52,10,12,0.75,0,0,15,4713869.782113416,4.575342465753424,1.0
C-000768105,S-0019,-100.0,1,2,女性,54,9,12,0.1666666666666666,0,0,19,4327199.920883598,4.090410958904109,1.0
C-000387916,S-0072,-57.872587201259876,1,2,男性,59,11,12,0.4166666666666667,12226,2,12,4406797.312641796,9.01917808219178,6.0
C-001939086,S-0131,-58.257793650577284,1,2,男性,53,4,12,0.1666666666666666,0,0,17,4569023.5643747775,5.13972602739726,2.0
C-000468889,S-0017,-29.0225955910562,0,2,女性,69,10,12,0.4166666666666667,4624,2,20,4640207.03550726,5.608219178082192,2.5
C-002212324,S-0075,-4.811166451042037,0,2,女性,34,3,12,0.0833333333333333,0,0,19,4506647.2743158825,4.526027397260274,1.0
C-000809312,S-0054,-36.5973302623784,0,2,男性,31,9,12,1.0,13047,1,23,4489160.181517739,6.358904109589041,4.0
C-001054629,S-0126,-94.08946395563771,1,2,女性,29,8,12,0.0833333333333333,0,0,17,4493168.352495564,5.53972602739726,3.0
C-001922051,S-0059,-39.1772469618691,0,2,女性,54,4,12,0.3333333333333333,0,0,14,4713188.969095345,6.8123287671232875,3.0
C-000601404,S-0050,-63.599798387096776,1,2,女性,68,10,12,0.75,56250,1,20,4615411.181286601,9.2013698630137,6.0
C-000735662,S-0017,-37.573373177191975,0,2,男性,45,9,12,0.3333333333333333,0,0,20,4640207.03550726,5.608219178082192,2.5
C-001025603,S-0085,-100.0,1,2,女性,60,8,12,0.1666666666666666,0,0,15,4606655.398026554,4.928767123287671,2.0
C-002123298,S-0126,-39.927005409882746,0,2,女性,66,3,12,0.5833333333333334,8446,1,17,4493168.352495564,5.53972602739726,3.0
C-001787565,S-0002,-27.431551691162408,0,2,女性,47,5,12,0.25,7181,1,15,4455566.655169959,5.663013698630137,2.0
C-000503712,S-0082,-100.0,1,2,男性,49,10,12,0.4166666666666667,0,0,17,4607261.71451126,4.758904109589041,2.0
C-000047011,S-0054,-15.785718218356,0,2,女性,59,12,12,0.5,0,0,23,4489160.181517739,6.358904109589041,4.0
C-002226232,S-0002,-100.0,1,2,女性,37,3,12,0.3333333333333333,0,0,15,4455566.655169959,5.663013698630137,2.0
C-001336125,S-0039,-85.55267960224946,1,2,男性,25,7,12,0.0,3244,2,16,4591288.568998441,8.193150684931506,5.0
C-001317208,S-0017,-26.19620171904658,0,2,女性,57,7,12,0.25,4011,1,20,4640207.03550726,5.608219178082192,2.5
C-002486905,S-0007,0.29369309214026756,0,2,女性,67,1,12,0.3333333333333333,0,0,21,4487075.727367008,3.7260273972602738,1.0
C-000545366,S-0085,1.5595142250201275,0,2,男性,54,10,12,0.1666666666666666,0,0,15,4606655.398026554,4.928767123287671,2.0
C-001353907,S-0082,-61.544488479473,1,2,男性,50,6,12,0.5,5254,1,17,4607261.71451126,4.758904109589041,2.0
C-002487854,S-0063,-57.35020741568301,1,2,女性,50,1,12,0.75,0,0,18,4564012.176421695,5.749315068493151,3.0
C-002288139,S-0059,-30.065214327506606,0,2,男性,26,2,12,0.6666666666666666,12656,2,14,4713188.969095345,6.8123287671232875,3.0
C-001100673,S-0018,-42.7205828678293,0,2,男性,43,8,12,0.0833333333333333,35013,1,16,4493108.581950108,7.550684931506849,5.0
C-002382518,S-0012,-46.40242234267988,0,2,男性,39,2,12,0.4166666666666667,0,0,16,4444678.825084195,7.994520547945205,5.0
C-000869881,S-0039,-100.0,1,2,男性,51,9,12,0.25,59812,1,16,4591288.568998441,8.193150684931506,5.0
C-000760338,S-0039,-88.15252384438716,1,2,女性,43,9,12,0.25,0,0,16,4591288.568998441,8.193150684931506,5.0
C-000105839,S-0019,4.000850847862432,0,2,女性,53,12,12,0.4166666666666667,22111,1,19,4327199.920883598,4.090410958904109,1.0
C-002047887,S-0100,-33.340793489318415,0,2,男性,58,3,12,0.1666666666666666,0,0,17,4535925.154217558,4.720547945205479,2.0
C-002451704,S-0002,-19.472292764280027,0,2,女性,58,2,12,0.5833333333333334,0,0,15,4455566.655169959,5.663013698630137,2.0
C-002568615,S-0007,-33.961157527803906,0,2,男性,46,1,12,0.5,0,0,21,4487075.727367008,3.7260273972602738,1.0
C-002137439,S-0062,-84.58899357979844,1,2,女性,35,3,12,0.5,28283,1,15,4713869.782113416,4.575342465753424,1.0
C-001768500,S-0131,-49.53515326379127,1,2,男性,29,5,12,0.0833333333333333,0,0,17,4569023.5643747775,5.13972602739726,2.0
C-000693631,S-0008,-100.0,1,2,女性,44,9,12,0.1666666666666666,0,0,22,4498453.308937302,10.772602739726027,7.0
C-001985948,S-0012,-33.00632041769717,0,2,女性,40,4,12,0.0833333333333333,3720,1,16,4444678.825084195,7.994520547945205,5.0
C-001248673,S-0075,-22.003239024044884,0,2,女性,42,7,12,0.25,0,0,19,4506647.2743158825,4.526027397260274,1.0
C-001930360,S-0082,-100.0,1,2,女性,62,4,12,0.9166666666666666,0,0,17,4607261.71451126,4.758904109589041,2.0
C-001170201,S-0020,-9.375363607169286,0,2,女性,66,7,12,0.4166666666666667,0,0,16,4280702.057267675,6.986301369863014,3.5
C-001305218,S-0100,-98.18628449241422,1,2,男性,38,7,12,0.0833333333333333,0,0,17,4535925.154217558,4.720547945205479,2.0
C-001440921,S-0121,-84.66154483294878,1,2,女性,49,6,12,0.1666666666666666,0,0,14,4716268.25678644,9.856164383561644,7.0
C-000545255,S-0117,-92.12121212121212,1,2,男性,37,10,12,0.5833333333333334,0,0,20,4500859.737076383,9.593150684931507,7.0
C-002033576,S-0019,-17.819303542295646,0,2,女性,56,3,12,0.0833333333333333,0,0,19,4327199.920883598,4.090410958904109,1.0
C-001600299,S-0005,-30.001013890297067,0,2,男性,41,5,12,0.4166666666666667,0,0,21,4733942.970761149,4.69041095890411,2.0
C-000158557,S-0005,0.1050009807783919,0,2,女性,45,12,12,0.4166666666666667,0,0,21,4733942.970761149,4.69041095890411,2.0
C-002100712,S-0096,-0.5849076976854419,0,2,女性,32,3,12,1.0,103910,2,16,4644856.458098179,8.302739726027397,5.0
C-000660385,S-0062,-22.668353090951175,0,2,女性,43,10,12,0.9166666666666666,0,0,15,4713869.782113416,4.575342465753424,1.0
C-000803935,S-0063,-77.75153450261703,1,2,男性,62,9,12,1.0,0,0,18,4564012.176421695,5.749315068493151,3.0
C-000941099,S-0039,-100.0,1,2,女性,42,8,12,0.6666666666666666,1776,1,16,4591288.568998441,8.193150684931506,5.0
C-002267844,S-0019,-0.24936149260449092,0,2,女性,53,2,12,0.6666666666666666,37112,1,19,4327199.920883598,4.090410958904109,1.0
C-001672963,S-0121,-6.58155956588761,0,2,女性,49,5,12,1.0,0,0,14,4716268.25678644,9.856164383561644,7.0
C-001449045,S-0005,-42.31960177164583,0,2,女性,50,6,12,0.75,0,0,21,4733942.970761149,4.69041095890411,2.0
C-002172928,S-0131,-0.9262972588684434,0,2,女性,34,3,12,1.0,0,0,17,4569023.5643747775,5.13972602739726,2.0
C-000435028,S-0121,-3.002235605496704,0,2,女性,54,11,12,0.5,0,0,14,4716268.25678644,9.856164383561644,7.0
C-002200483,S-0131,-100.0,1,2,男性,38,3,12,0.0833333333333333,20017,1,17,4569023.5643747775,5.13972602739726,2.0
C-001878143,S-0075,-100.0,1,2,女性,55,4,12,0.0833333333333333,0,0,19,4506647.2743158825,4.526027397260274,1.0
C-002455142,S-0117,-80.61571550042514,1,2,女性,31,2,12,0.4166666666666667,0,0,20,4500859.737076383,9.593150684931507,7.0
C-001971687,S-0072,-21.685487347448433,0,2,男性,41,4,12,0.25,24202,1,12,4406797.312641796,9.01917808219178,6.0
C-000879532,S-0005,-15.067357977133003,0,2,男性,48,9,12,0.1666666666666666,0,0,21,4733942.970761149,4.69041095890411,2.0
C-000140881,S-0041,-83.2776119913468,1,2,女性,49,12,12,0.5,0,0,17,4828489.286769263,10.389041095890411,7.0
C-002509250,S-0017,-59.312626676152,1,2,男性,59,1,12,0.5833333333333334,9245,1,20,4640207.03550726,5.608219178082192,2.5
C-002608312,S-0126,-82.09298843259836,1,2,女性,73,1,12,1.0,0,0,17,4493168.352495564,5.53972602739726,3.0
C-001655810,S-0039,-37.16505540105064,0,2,女性,48,5,12,0.6666666666666666,6941,2,16,4591288.568998441,8.193150684931506,5.0
C-001009751,S-0111,-35.076622236411524,0,2,男性,38,8,12,0.6666666666666666,0,0,19,4489501.980758176,6.397260273972603,4.0
C-000409184,S-0100,-100.0,1,2,男性,45,11,12,0.4166666666666667,0,0,17,4535925.154217558,4.720547945205479,2.0
C-001843491,S-0030,-100.0,1,2,男性,46,4,12,0.1666666666666666,0,0,22,4426478.045479023,9.236986301369862,5.5
C-000264310,S-0097,-12.834695337802216,0,2,女性,44,11,12,0.0833333333333333,0,0,21,4592508.716501317,10.09041095890411,7.0
C-002069236,S-0004,-83.03832420852179,1,2,男性,48,3,12,0.1666666666666666,0,0,22,4423576.351309,11.806849315068494,9.0
C-000305188,S-0096,-66.15559726014403,1,2,女性,48,11,12,0.25,13193,1,16,4644856.458098179,8.302739726027397,5.0
C-002088427,S-0019,-16.212569175953302,0,2,男性,32,3,12,0.5833333333333334,50567,1,19,4327199.920883598,4.090410958904109,1.0
C-001471060,S-0020,-5.750381234274472,0,2,女性,55,6,12,0.75,0,0,16,4280702.057267675,6.986301369863014,3.5
C-001964691,S-0002,-100.0,1,2,女性,57,4,12,0.9166666666666666,0,0,15,4455566.655169959,5.663013698630137,2.0
C-001999151,S-0005,-19.540478202578456,0,2,男性,52,4,12,0.8333333333333334,43719,1,21,4733942.970761149,4.69041095890411,2.0
C-001890456,S-0020,-71.3396406162741,1,2,男性,64,4,12,0.3333333333333333,5769,1,16,4280702.057267675,6.986301369863014,3.5
C-000185528,S-0054,-57.00958352239134,1,2,男性,81,12,12,0.0833333333333333,0,0,23,4489160.181517739,6.358904109589041,4.0
C-000815600,S-0085,-14.772980379187226,0,2,男性,57,9,12,0.25,0,0,15,4606655.398026554,4.928767123287671,2.0
C-000112676,S-0089,-100.0,1,2,男性,65,12,12,0.1666666666666666,25351,1,19,4721110.949352573,10.142465753424657,7.0
C-000931926,S-0085,-30.08486997305937,0,2,女性,19,8,12,1.0,7723,1,15,4606655.398026554,4.928767123287671,2.0
C-001778615,S-0002,-2.5113633287107926,0,2,女性,23,5,12,0.8333333333333334,139987,1,15,4455566.655169959,5.663013698630137,2.0
C-000162141,S-0111,-100.0,1,2,女性,37,12,12,0.5833333333333334,0,0,19,4489501.980758176,6.397260273972603,4.0
C-002026867,S-0048,-100.0,1,2,男性,50,3,12,0.4166666666666667,0,0,15,4502249.082895545,3.671232876712329,1.0
C-001056497,S-0054,-54.727271682346654,1,2,男性,49,8,12,0.5,1498,2,23,4489160.181517739,6.358904109589041,4.0
C-001290413,S-0089,-35.02913590394692,0,2,男性,43,7,12,0.3333333333333333,7316,1,19,4721110.949352573,10.142465753424657,7.0
C-000005155,S-0039,-100.0,1,2,女性,43,12,12,0.3333333333333333,0,0,16,4591288.568998441,8.193150684931506,5.0
C-002154532,S-0085,-18.834802303167063,0,2,女性,47,3,12,0.3333333333333333,42099,2,15,4606655.398026554,4.928767123287671,2.0
C-002474540,S-0054,-96.08407643312103,1,2,女性,60,1,12,0.1666666666666666,87341,2,23,4489160.181517739,6.358904109589041,4.0
C-002406371,S-0099,-82.35306924441832,1,2,女性,43,2,12,0.75,0,0,13,4464126.154078853,8.147945205479452,5.0
C-002453987,S-0002,-52.31290802886267,1,2,女性,31,2,12,0.25,55539,2,15,4455566.655169959,5.663013698630137,2.0
C-000485566,S-0115,1.854463550318184,0,2,女性,26,10,12,0.6666666666666666,55717,1,14,4553643.099564746,10.51095890410959,7.0
C-000057997,S-0059,-85.8162148238779,1,2,男性,58,12,12,0.4166666666666667,339,2,14,4713188.969095345,6.8123287671232875,3.0
C-002125074,S-0019,-12.926849337612111,0,2,男性,38,3,12,0.5833333333333334,55852,1,19,4327199.920883598,4.090410958904109,1.0
C-001911177,S-0036,-65.26611905029819,1,2,女性,45,4,12,0.25,0,0,19,4397834.424680548,11.123287671232877,9.0
C-000318321,S-0002,-61.99325508896525,1,2,男性,70,11,12,0.0833333333333333,0,0,15,4455566.655169959,5.663013698630137,2.0
C-000083411,S-0041,-100.0,1,2,女性,53,12,12,0.0833333333333333,33099,2,17,4828489.286769263,10.389041095890411,7.0
C-001916301,S-0085,-21.04956194291945,0,2,男性,46,4,12,0.25,0,0,15,4606655.398026554,4.928767123287671,2.0
C-002135644,S-0089,-42.195296180446576,0,2,男性,22,3,12,0.6666666666666666,16449,2,19,4721110.949352573,10.142465753424657,7.0
C-002339900,S-0097,-96.03900819587095,1,2,女性,57,2,12,0.3333333333333333,0,0,21,4592508.716501317,10.09041095890411,7.0
C-000741218,S-0041,-100.0,1,2,男性,46,9,12,0.3333333333333333,1239,1,17,4828489.286769263,10.389041095890411,7.0
C-001524062,S-0117,-37.27670579711976,0,2,男性,52,6,12,0.6666666666666666,0,0,20,4500859.737076383,9.593150684931507,7.0
C-002433209,S-0111,-37.45683781964638,0,2,男性,66,2,12,0.4166666666666667,0,0,19,4489501.980758176,6.397260273972603,4.0
C-000499437,S-0062,-38.965537772052414,0,2,女性,33,10,12,0.1666666666666666,35520,1,15,4713869.782113416,4.575342465753424,1.0
C-002563676,S-0085,0.30604505613972355,0,2,男性,43,1,12,0.4166666666666667,0,0,15,4606655.398026554,4.928767123287671,2.0
C-002450036,S-0102,-69.60096851139319,1,2,男性,53,2,12,0.25,13118,1,16,4383474.364435211,10.484931506849314,7.5
C-002173467,S-0079,-70.78289875654342,1,2,女性,53,3,12,0.1666666666666666,0,0,13,4256656.371085242,8.479452054794521,6.0
C-001426304,S-0007,-79.0455086883408,1,2,男性,31,6,12,0.0833333333333333,0,0,21,4487075.727367008,3.7260273972602738,1.0
C-000785460,S-0121,-94.77796812798107,1,2,女性,53,9,12,0.6666666666666666,25753,1,14,4716268.25678644,9.856164383561644,7.0
C-001819064,S-0096,-40.10486854678656,0,2,男性,58,4,12,0.1666666666666666,0,0,16,4644856.458098179,8.302739726027397,5.0
C-002006642,S-0054,-100.0,1,2,女性,34,4,12,0.5,0,0,23,4489160.181517739,6.358904109589041,4.0
C-001073990,S-0002,-100.0,1,2,男性,55,8,12,0.6666666666666666,0,0,15,4455566.655169959,5.663013698630137,2.0
C-002050891,S-0005,-48.977617519018516,1,2,女性,36,3,12,0.3333333333333333,0,0,21,4733942.970761149,4.69041095890411,2.0
C-001750461,S-0063,-100.0,1,2,男性,60,5,12,0.6666666666666666,0,0,18,4564012.176421695,5.749315068493151,3.0
C-001906585,S-0007,-2.195003608998356,0,2,女性,50,4,12,0.1666666666666666,0,0,21,4487075.727367008,3.7260273972602738,1.0
C-000260959,S-0063,-100.0,1,2,女性,53,11,12,0.8333333333333334,16158,1,18,4564012.176421695,5.749315068493151,3.0
C-001874247,S-0007,-19.041162945931912,0,2,男性,46,4,12,0.4166666666666667,0,0,21,4487075.727367008,3.7260273972602738,1.0
C-001127757,S-0007,-17.584702779468454,0,2,男性,63,7,12,0.4166666666666667,0,0,21,4487075.727367008,3.7260273972602738,1.0
C-001257271,S-0019,-15.488121048561943,0,2,女性,44,7,12,0.1666666666666666,13151,1,19,4327199.920883598,4.090410958904109,1.0
C-000129078,S-0131,-18.964624272821137,0,2,女性,50,12,12,0.5,0,0,17,4569023.5643747775,5.13972602739726,2.0
C-000059730,S-0036,-100.0,1,2,女性,41,12,12,0.1666666666666666,0,0,19,4397834.424680548,11.123287671232877,9.0
C-001475389,S-0030,-25.475882821488625,0,2,女性,35,6,12,0.3333333333333333,1739,2,22,4426478.045479023,9.236986301369862,5.5
C-002034850,S-0096,-100.0,1,2,男性,48,3,12,0.0833333333333333,5566,1,16,4644856.458098179,8.302739726027397,5.0
C-000993194,S-0111,-16.270078077944717,0,2,男性,33,8,12,0.25,0,0,19,4489501.980758176,6.397260273972603,4.0
C-000443089,S-0030,-9.669438903927436,0,2,女性,68,11,12,0.4166666666666667,0,0,22,4426478.045479023,9.236986301369862,5.5
C-002025835,S-0008,-52.708767430677995,1,2,女性,32,3,12,0.0833333333333333,5439,1,22,4498453.308937302,10.772602739726027,7.0
C-002385974,S-0017,-21.207200506454168,0,2,女性,36,2,12,0.5,0,0,20,4640207.03550726,5.608219178082192,2.5
C-002543013,S-0096,-53.757239529354386,1,2,男性,45,1,12,0.25,0,0,16,4644856.458098179,8.302739726027397,5.0
C-000740660,S-0121,-100.0,1,2,男性,51,9,12,0.3333333333333333,0,0,14,4716268.25678644,9.856164383561644,7.0
C-002284112,S-0075,-39.87070349113414,0,2,男性,46,2,12,0.6666666666666666,0,0,19,4506647.2743158825,4.526027397260274,1.0
C-000579324,S-0074,-100.0,1,2,男性,53,10,12,0.0833333333333333,17706,1,14,4614054.39694187,8.308219178082192,6.0
C-000561489,S-0063,-17.80742016557798,0,2,女性,51,10,12,0.3333333333333333,5488,1,18,4564012.176421695,5.749315068493151,3.0
C-001035830,S-0079,-5.453297411570588,0,2,女性,53,8,12,0.5,0,0,13,4256656.371085242,8.479452054794521,6.0
C-000470853,S-0040,-53.043555188581884,1,2,男性,65,10,12,0.6666666666666666,10287,2,20,4550116.0180538,8.163013698630138,4.0
C-000955515,S-0018,-62.01356658336309,1,2,男性,48,8,12,0.3333333333333333,2804,2,16,4493108.581950108,7.550684931506849,5.0
C-002260995,S-0017,-36.40907604056135,0,2,男性,57,2,12,0.3333333333333333,9396,1,20,4640207.03550726,5.608219178082192,2.5
C-000076632,S-0075,-90.58587819507703,1,2,男性,48,12,12,0.0,0,0,19,4506647.2743158825,4.526027397260274,1.0
C-001228273,S-0056,-34.01805735866871,0,2,女性,47,7,12,0.0,28956,1,15,4406070.585753419,7.528767123287671,4.0
C-001958532,S-0050,-71.0259172060127,1,2,男性,41,4,12,0.5,7228,2,20,4615411.181286601,9.2013698630137,6.0
C-002400037,S-0048,-19.581852263105098,0,2,男性,50,2,12,0.5833333333333334,0,0,15,4502249.082895545,3.671232876712329,1.0
C-001450910,S-0002,-40.51918828582456,0,2,男性,68,6,12,0.5833333333333334,0,0,15,4455566.655169959,5.663013698630137,2.0
C-001741158,S-0012,-16.89663396020714,0,2,女性,36,5,12,0.0833333333333333,0,0,16,4444678.825084195,7.994520547945205,5.0
C-002164104,S-0082,-49.049449029797515,1,2,男性,51,3,12,0.3333333333333333,0,0,17,4607261.71451126,4.758904109589041,2.0
C-000586014,S-0040,-29.544457993669205,0,2,女性,43,10,12,0.1666666666666666,4107,1,20,4550116.0180538,8.163013698630138,4.0
C-001605686,S-0020,-100.0,1,2,男性,60,5,12,0.4166666666666667,39185,1,16,4280702.057267675,6.986301369863014,3.5
C-001526125,S-0131,-66.27560671308407,1,2,男性,39,6,12,0.0833333333333333,0,0,17,4569023.5643747775,5.13972602739726,2.0
C-001642513,S-0082,-11.552840224809312,0,2,男性,33,5,12,0.5,0,0,17,4607261.71451126,4.758904109589041,2.0
C-001021387,S-0102,-61.229937354245735,1,2,男性,63,8,12,0.25,0,0,16,4383474.364435211,10.484931506849314,7.5
C-002429898,S-0075,-100.0,1,2,女性,50,2,12,0.5833333333333334,88248,2,19,4506647.2743158825,4.526027397260274,1.0
C-002223009,S-0054,-1.737562883952709,0,2,男性,20,3,12,0.0833333333333333,0,0,23,4489160.181517739,6.358904109589041,4.0
C-002641438,S-0099,-49.51611018452615,1,2,女性,41,1,12,0.0833333333333333,0,0,13,4464126.154078853,8.147945205479452,5.0
C-001022597,S-0121,-66.40272268370121,1,2,女性,70,8,12,0.1666666666666666,9484,2,14,4716268.25678644,9.856164383561644,7.0
C-001070975,S-0059,-100.0,1,2,女性,70,8,12,0.0833333333333333,0,0,14,4713188.969095345,6.8123287671232875,3.0
C-000811991,S-0019,-22.576692825459848,0,2,女性,32,9,12,0.3333333333333333,0,0,19,4327199.920883598,4.090410958904109,1.0
C-002183037,S-0004,-100.0,1,2,男性,68,3,12,0.4166666666666667,0,0,22,4423576.351309,11.806849315068494,9.0
C-000681394,S-0062,-75.79275163881786,1,2,女性,46,9,12,0.75,0,0,15,4713869.782113416,4.575342465753424,1.0
C-001750065,S-0089,-15.120886812067067,0,2,男性,22,5,12,0.0833333333333333,5340,1,19,4721110.949352573,10.142465753424657,7.0
C-001096964,S-0089,-100.0,1,2,男性,68,8,12,0.1666666666666666,17554,1,19,4721110.949352573,10.142465753424657,7.0
C-000781486,S-0089,-89.487913337746,1,2,男性,46,9,12,0.4166666666666667,0,0,19,4721110.949352573,10.142465753424657,7.0
C-002179345,S-0085,-5.339605807445859,0,2,男性,35,3,12,0.5,0,0,15,4606655.398026554,4.928767123287671,2.0
C-001029249,S-0019,-31.51602104256337,0,2,男性,45,8,12,0.4166666666666667,33554,2,19,4327199.920883598,4.090410958904109,1.0
C-000132295,S-0017,-19.392710200817717,0,2,男性,26,12,12,0.0833333333333333,0,0,20,4640207.03550726,5.608219178082192,2.5
C-002048494,S-0079,-92.04885274307594,1,2,女性,44,3,12,0.25,35749,2,13,4256656.371085242,8.479452054794521,6.0
C-000053302,S-0020,-35.40274907483059,0,2,女性,47,12,12,0.75,0,0,16,4280702.057267675,6.986301369863014,3.5
C-002580698,S-0050,-41.35021888094189,0,2,男性,42,1,12,0.6666666666666666,0,0,20,4615411.181286601,9.2013698630137,6.0
C-000776182,S-0111,-8.612361018921924,0,2,女性,60,9,12,0.6666666666666666,0,0,19,4489501.980758176,6.397260273972603,4.0
C-001983753,S-0075,-45.37065518302061,0,2,女性,58,4,12,0.9166666666666666,0,0,19,4506647.2743158825,4.526027397260274,1.0
C-002244476,S-0113,-14.123608053095943,0,2,男性,49,3,12,0.6666666666666666,0,0,16,4336633.961311346,5.77945205479452,2.5
C-000159395,S-0054,-28.909591237236853,0,2,女性,52,12,12,0.0833333333333333,0,0,23,4489160.181517739,6.358904109589041,4.0
C-002203862,S-0020,-70.44769613479734,1,2,男性,31,3,12,0.0,3461,2,16,4280702.057267675,6.986301369863014,3.5
C-002423887,S-0056,-40.787558501466734,0,2,男性,40,2,12,0.0833333333333333,0,0,15,4406070.585753419,7.528767123287671,4.0
C-000740022,S-0020,-60.378119079292134,1,2,女性,18,9,12,0.0,0,0,16,4280702.057267675,6.986301369863014,3.5
C-002418358,S-0019,-29.10660105956517,0,2,女性,56,2,12,0.4166666666666667,0,0,19,4327199.920883598,4.090410958904109,1.0
C-000796817,S-0039,-76.08101132357302,1,2,女性,44,9,12,0.5833333333333334,0,0,16,4591288.568998441,8.193150684931506,5.0
C-000217984,S-0121,-13.300380073713317,0,2,男性,33,12,12,0.5833333333333334,0,0,14,4716268.25678644,9.856164383561644,7.0
C-001966878,S-0106,-57.68475269234723,1,2,女性,66,4,12,0.6666666666666666,26340,1,20,4462729.145118021,6.171232876712329,3.5
C-000082940,S-0100,-21.154403760867396,0,2,男性,40,12,12,0.25,0,0,17,4535925.154217558,4.720547945205479,2.0
C-002254734,S-0100,-29.861321957736216,0,2,女性,52,2,12,0.0833333333333333,12323,1,17,4535925.154217558,4.720547945205479,2.0
C-001652750,S-0102,3.6248988316864525,0,2,女性,34,5,12,0.6666666666666666,0,0,16,4383474.364435211,10.484931506849314,7.5
C-000061243,S-0126,-77.05495645276918,1,2,男性,63,12,12,0.4166666666666667,2825,1,17,4493168.352495564,5.53972602739726,3.0
C-001301949,S-0059,-30.760570118279745,0,2,女性,56,7,12,0.5,38639,2,14,4713188.969095345,6.8123287671232875,3.0
C-001682171,S-0075,-40.14588477859557,0,2,女性,26,5,12,0.5833333333333334,3882,2,19,4506647.2743158825,4.526027397260274,1.0
C-000284962,S-0075,-33.686809596293585,0,2,女性,74,11,12,0.6666666666666666,0,0,19,4506647.2743158825,4.526027397260274,1.0
C-001204331,S-0075,-43.94175069727526,0,2,女性,59,7,12,0.75,0,0,19,4506647.2743158825,4.526027397260274,1.0
C-001577257,S-0041,-25.4561066939126,0,2,女性,52,5,12,0.25,0,0,17,4828489.286769263,10.389041095890411,7.0
C-001779213,S-0059,-26.588343238740432,0,2,女性,46,5,12,0.25,4747,1,14,4713188.969095345,6.8123287671232875,3.0
C-000936342,S-0005,-13.77212407472221,0,2,男性,58,8,12,0.6666666666666666,0,0,21,4733942.970761149,4.69041095890411,2.0
C-002456548,S-0019,-55.88657132319796,1,2,女性,44,2,12,0.8333333333333334,0,0,19,4327199.920883598,4.090410958904109,1.0
C-001255178,S-0039,-32.41643294529648,0,2,男性,22,7,12,0.6666666666666666,0,0,16,4591288.568998441,8.193150684931506,5.0
C-001343449,S-0085,-16.252392035169382,0,2,女性,57,7,12,0.75,0,0,15,4606655.398026554,4.928767123287671,2.0
C-002292185,S-0050,-30.089847874897735,0,2,男性,27,2,12,0.5833333333333334,0,0,20,4615411.181286601,9.2013698630137,6.0
C-002162044,S-0004,-28.979257510419426,0,2,女性,77,3,12,0.3333333333333333,23204,1,22,4423576.351309,11.806849315068494,9.0
C-000064134,S-0019,-18.445687130010857,0,2,女性,69,12,12,0.0833333333333333,0,0,19,4327199.920883598,4.090410958904109,1.0
C-001143840,S-0004,-9.256009481074837,0,2,女性,36,7,12,0.5833333333333334,0,0,22,4423576.351309,11.806849315068494,9.0
C-001900666,S-0096,-1.9097159115835125,0,2,男性,59,4,12,0.5833333333333334,0,0,16,4644856.458098179,8.302739726027397,5.0
C-000627362,S-0020,-36.69259306874323,0,2,女性,73,10,12,0.5833333333333334,0,0,16,4280702.057267675,6.986301369863014,3.5
C-002540603,S-0004,-73.03508489435171,1,2,男性,47,1,12,0.3333333333333333,0,0,22,4423576.351309,11.806849315068494,9.0
C-000442368,S-0050,-75.30989745017021,1,2,女性,69,11,12,0.5833333333333334,9275,1,20,4615411.181286601,9.2013698630137,6.0
C-001156994,S-0059,-51.20987062769525,1,2,女性,32,7,12,0.0833333333333333,107547,1,14,4713188.969095345,6.8123287671232875,3.0
C-001228230,S-0017,-100.0,1,2,女性,42,7,12,0.3333333333333333,0,0,20,4640207.03550726,5.608219178082192,2.5
C-001342660,S-0048,-25.1651470841218,0,2,女性,57,7,12,0.25,0,0,15,4502249.082895545,3.671232876712329,1.0
C-000692815,S-0050,-86.88657861262278,1,2,女性,48,9,12,0.1666666666666666,7473,1,20,4615411.181286601,9.2013698630137,6.0
C-002615583,S-0020,-45.557088467436806,0,2,女性,66,1,12,0.1666666666666666,0,0,16,4280702.057267675,6.986301369863014,3.5
C-002040988,S-0085,-9.734417280613545,0,2,女性,53,3,12,0.4166666666666667,0,0,15,4606655.398026554,4.928767123287671,2.0
C-000118851,S-0039,-100.0,1,2,女性,55,12,12,0.6666666666666666,0,0,16,4591288.568998441,8.193150684931506,5.0
C-001471319,S-0099,-98.7960037571514,1,2,女性,60,6,12,0.25,0,0,13,4464126.154078853,8.147945205479452,5.0
C-002261207,S-0089,-100.0,1,2,男性,35,2,12,0.0,22183,2,19,4721110.949352573,10.142465753424657,7.0
C-001728835,S-0126,-95.71575988328648,1,2,女性,42,5,12,0.6666666666666666,24395,1,17,4493168.352495564,5.53972602739726,3.0
C-000790784,S-0121,-100.0,1,2,女性,47,9,12,0.5,13166,2,14,4716268.25678644,9.856164383561644,7.0
C-000514194,S-0012,-83.12222824873177,1,2,男性,56,10,12,0.5833333333333334,5857,1,16,4444678.825084195,7.994520547945205,5.0
C-000055717,S-0089,-79.14309470629473,1,2,女性,35,12,12,0.5833333333333334,1649,2,19,4721110.949352573,10.142465753424657,7.0
C-001011546,S-0039,-45.87593816983222,0,2,女性,57,8,12,0.1666666666666666,0,0,16,4591288.568998441,8.193150684931506,5.0
C-001462992,S-0082,-9.618624118821979,0,2,女性,47,6,12,0.25,0,0,17,4607261.71451126,4.758904109589041,2.0
C-001616905,S-0062,-24.106083606536465,0,2,女性,55,5,12,0.3333333333333333,0,0,15,4713869.782113416,4.575342465753424,1.0
C-002588305,S-0131,-100.0,1,2,女性,54,1,12,0.3333333333333333,0,0,17,4569023.5643747775,5.13972602739726,2.0
C-001691731,S-0126,-63.386338525531315,1,2,女性,48,5,12,0.8333333333333334,3335,2,17,4493168.352495564,5.53972602739726,3.0
C-000172517,S-0054,-50.71727873937972,1,2,男性,50,12,12,0.3333333333333333,0,0,23,4489160.181517739,6.358904109589041,4.0
C-001855037,S-0017,-15.708956853156014,0,2,女性,32,4,12,0.5833333333333334,0,0,20,4640207.03550726,5.608219178082192,2.5
C-001906666,S-0111,-100.0,1,2,男性,46,4,12,0.3333333333333333,0,0,19,4489501.980758176,6.397260273972603,4.0
C-002173858,S-0054,-37.3265492627263,0,2,男性,53,3,12,0.3333333333333333,0,0,23,4489160.181517739,6.358904109589041,4.0
C-000820526,S-0059,-100.0,1,2,女性,65,9,12,0.5833333333333334,70619,1,14,4713188.969095345,6.8123287671232875,3.0
C-000659035,S-0075,-12.799375840510827,0,2,女性,49,10,12,0.75,0,0,19,4506647.2743158825,4.526027397260274,1.0
C-002656219,S-0074,-82.31391286748854,1,2,女性,43,1,12,0.1666666666666666,27404,1,14,4614054.39694187,8.308219178082192,6.0
C-000652547,S-0121,-6.505326064642686,0,2,女性,27,10,12,0.3333333333333333,0,0,14,4716268.25678644,9.856164383561644,7.0
C-001717832,S-0050,-35.19475753604194,0,2,女性,58,5,12,0.1666666666666666,0,0,20,4615411.181286601,9.2013698630137,6.0
C-000133526,S-0050,-56.63394008886341,1,2,男性,59,12,12,0.3333333333333333,119091,1,20,4615411.181286601,9.2013698630137,6.0
C-001132887,S-0072,-23.148141747487806,0,2,女性,53,7,12,0.3333333333333333,0,0,12,4406797.312641796,9.01917808219178,6.0
C-002423092,S-0126,-11.876983358849373,0,2,女性,71,2,12,0.6666666666666666,0,0,17,4493168.352495564,5.53972602739726,3.0
C-000085908,S-0096,-100.0,1,2,女性,38,12,12,0.25,0,0,16,4644856.458098179,8.302739726027397,5.0
C-001484522,S-0054,-24.644957531307217,0,2,男性,63,6,12,0.3333333333333333,0,0,23,4489160.181517739,6.358904109589041,4.0
C-001962145,S-0017,-100.0,1,2,男性,47,4,12,0.5,0,0,20,4640207.03550726,5.608219178082192,2.5
C-000028324,S-0062,-64.21962899251477,1,2,女性,45,12,12,0.6666666666666666,18760,2,15,4713869.782113416,4.575342465753424,1.0
C-002647351,S-0008,-30.256730169393926,0,2,男性,63,1,12,0.0,22963,2,22,4498453.308937302,10.772602739726027,7.0
C-001114146,S-0012,-52.78640725229285,1,2,女性,33,8,12,0.3333333333333333,0,0,16,4444678.825084195,7.994520547945205,5.0
C-001953756,S-0075,-89.74471777199349,1,2,女性,57,4,12,0.0833333333333333,42005,1,19,4506647.2743158825,4.526027397260274,1.0
C-000353291,S-0030,-82.75060916869722,1,2,男性,70,11,12,0.5833333333333334,64322,1,22,4426478.045479023,9.236986301369862,5.5
C-002583893,S-0062,-100.0,1,2,女性,61,1,12,0.5,0,0,15,4713869.782113416,4.575342465753424,1.0
C-000201939,S-0111,-8.665242146336285,0,2,女性,51,12,12,0.4166666666666667,0,0,19,4489501.980758176,6.397260273972603,4.0
C-002517503,S-0097,-100.0,1,2,女性,36,1,12,0.0,0,0,21,4592508.716501317,10.09041095890411,7.0
C-002512432,S-0036,-85.46351435427962,1,2,女性,41,1,12,0.3333333333333333,14418,1,19,4397834.424680548,11.123287671232877,9.0
C-001757652,S-0014,-36.14817971115544,0,2,男性,55,5,12,0.25,37057,2,21,4730192.353344672,7.336986301369863,4.0
C-000679802,S-0004,-52.49789334296376,1,2,女性,47,9,12,0.1666666666666666,67849,1,22,4423576.351309,11.806849315068494,9.0
C-000945588,S-0097,-54.70208818072041,1,2,男性,42,8,12,0.6666666666666666,0,0,21,4592508.716501317,10.09041095890411,7.0
C-001186315,S-0056,-81.36682525602774,1,2,女性,50,7,12,0.25,10628,1,15,4406070.585753419,7.528767123287671,4.0
C-000858322,S-0121,-100.0,1,2,男性,59,9,12,0.5,3475,1,14,4716268.25678644,9.856164383561644,7.0
C-001807103,S-0059,-22.5223151958122,0,2,男性,68,4,12,0.9166666666666666,0,0,14,4713188.969095345,6.8123287671232875,3.0
C-000086667,S-0059,-11.765261260234148,0,2,女性,41,12,12,0.8333333333333334,9368,1,14,4713188.969095345,6.8123287671232875,3.0
C-001505624,S-0082,-79.09017187394409,1,2,男性,35,6,12,0.75,0,0,17,4607261.71451126,4.758904109589041,2.0
C-002618201,S-0005,-22.27903691419446,0,2,女性,48,1,12,0.5833333333333334,0,0,21,4733942.970761149,4.69041095890411,2.0
C-001679866,S-0005,-69.8990893428501,1,2,男性,64,5,12,0.6666666666666666,2181,1,21,4733942.970761149,4.69041095890411,2.0
C-002058535,S-0039,-7.093752005974477,0,2,男性,36,3,12,0.9166666666666666,0,0,16,4591288.568998441,8.193150684931506,5.0
C-002329690,S-0082,-100.0,1,2,女性,42,2,12,0.5833333333333334,31680,1,17,4607261.71451126,4.758904109589041,2.0
C-002044907,S-0085,-31.705114962316845,0,2,男性,69,3,12,0.25,10872,1,15,4606655.398026554,4.928767123287671,2.0
C-002524728,S-0075,-100.0,1,2,男性,40,1,12,1.0,0,0,19,4506647.2743158825,4.526027397260274,1.0
C-000734203,S-0126,-52.60007444593112,1,2,女性,69,9,12,0.5833333333333334,13917,1,17,4493168.352495564,5.53972602739726,3.0
C-000714932,S-0039,-32.051858924410205,0,2,女性,43,9,12,0.3333333333333333,12535,2,16,4591288.568998441,8.193150684931506,5.0
C-000090557,S-0007,-62.88793517599206,1,2,女性,49,12,12,0.1666666666666666,104300,1,21,4487075.727367008,3.7260273972602738,1.0
C-000106315,S-0030,-97.44436498254176,1,2,女性,67,12,12,0.1666666666666666,12031,1,22,4426478.045479023,9.236986301369862,5.5
C-001270962,S-0039,-26.362192938279893,0,2,女性,23,7,12,0.75,25048,1,16,4591288.568998441,8.193150684931506,5.0
C-002430393,S-0079,-76.18909006229259,1,2,女性,67,2,12,0.25,11587,2,13,4256656.371085242,8.479452054794521,6.0
C-001931853,S-0005,-41.26693177581707,0,2,女性,37,4,12,0.5833333333333334,5278,2,21,4733942.970761149,4.69041095890411,2.0
C-000042870,S-0050,-63.1063896163603,1,2,女性,54,12,12,0.8333333333333334,0,0,20,4615411.181286601,9.2013698630137,6.0
C-000566419,S-0054,-27.285432095954278,0,2,男性,55,10,12,0.1666666666666666,0,0,23,4489160.181517739,6.358904109589041,4.0
C-000141309,S-0054,-69.63249516441006,1,2,女性,56,12,12,0.4166666666666667,0,0,23,4489160.181517739,6.358904109589041,4.0
C-001800076,S-0063,-27.544743264256493,0,2,男性,41,4,12,0.5,5610,1,18,4564012.176421695,5.749315068493151,3.0
C-000792165,S-0085,-31.185031185031185,0,2,男性,36,9,12,0.6666666666666666,1858,1,15,4606655.398026554,4.928767123287671,2.0
C-002342154,S-0019,-16.132021104299355,0,2,女性,53,2,12,0.1666666666666666,27319,1,19,4327199.920883598,4.090410958904109,1.0
C-002467522,S-0020,-27.735363653146422,0,2,男性,46,2,12,0.25,29568,1,16,4280702.057267675,6.986301369863014,3.5
C-000020133,S-0097,-6.6720299000259775,0,2,女性,34,12,12,0.5833333333333334,0,0,21,4592508.716501317,10.09041095890411,7.0
C-002409743,S-0121,-36.76124401913876,0,2,女性,66,2,12,0.3333333333333333,0,0,14,4716268.25678644,9.856164383561644,7.0
C-001879868,S-0007,-86.37336414083066,1,2,女性,33,4,12,0.3333333333333333,0,0,21,4487075.727367008,3.7260273972602738,1.0
C-000129641,S-0059,-43.39509906076261,0,2,男性,53,12,12,0.1666666666666666,0,0,14,4713188.969095345,6.8123287671232875,3.0
C-000228010,S-0019,12.854524814696653,0,2,男性,63,11,12,0.75,0,0,19,4327199.920883598,4.090410958904109,1.0
C-000500132,S-0005,-100.0,1,2,女性,18,10,12,0.5833333333333334,0,0,21,4733942.970761149,4.69041095890411,2.0
C-000813263,S-0054,-15.898279597108592,0,2,男性,54,9,12,0.5833333333333334,0,0,23,4489160.181517739,6.358904109589041,4.0
C-001564492,S-0030,-74.38181684319025,1,2,女性,65,6,12,0.25,8125,2,22,4426478.045479023,9.236986301369862,5.5
C-000632977,S-0018,-68.98486462384503,1,2,男性,43,10,12,0.5,0,0,16,4493108.581950108,7.550684931506849,5.0
C-002461197,S-0059,-6.325954649040172,0,2,男性,52,2,12,0.3333333333333333,0,0,14,4713188.969095345,6.8123287671232875,3.0
C-000496874,S-0041,-28.13188965279859,0,2,男性,75,10,12,0.1666666666666666,0,0,17,4828489.286769263,10.389041095890411,7.0
C-000167487,S-0012,-16.831716012355773,0,2,女性,49,12,12,0.5,0,0,16,4444678.825084195,7.994520547945205,5.0
C-001135421,S-0019,-24.629334073508662,0,2,女性,47,7,12,0.5833333333333334,0,0,19,4327199.920883598,4.090410958904109,1.0
C-002558526,S-0054,-65.87119770218362,1,2,男性,38,1,12,0.3333333333333333,20708,1,23,4489160.181517739,6.358904109589041,4.0
C-002381885,S-0054,-32.52006227151522,0,2,女性,59,2,12,0.25,5600,1,23,4489160.181517739,6.358904109589041,4.0
C-002585285,S-0121,-41.74119451337193,0,2,男性,73,1,12,0.25,3957,1,14,4716268.25678644,9.856164383561644,7.0
C-001383085,S-0056,-100.0,1,2,男性,36,6,12,1.0,9069,1,15,4406070.585753419,7.528767123287671,4.0
C-001967624,S-0111,-17.693819806403575,0,2,女性,52,4,12,0.25,0,0,19,4489501.980758176,6.397260273972603,4.0
C-000242357,S-0079,-27.406180610612502,0,2,女性,63,11,12,0.0833333333333333,0,0,13,4256656.371085242,8.479452054794521,6.0
C-002669376,S-0131,-11.622828956811846,0,2,男性,51,1,12,0.1666666666666666,110509,1,17,4569023.5643747775,5.13972602739726,2.0
C-000275433,S-0039,-42.35233402792654,0,2,男性,70,11,12,0.5,0,0,16,4591288.568998441,8.193150684931506,5.0
C-001758873,S-0039,-30.30392242381949,0,2,女性,65,5,12,0.4166666666666667,41720,2,16,4591288.568998441,8.193150684931506,5.0
C-000505750,S-0082,-97.69468256828974,1,2,女性,18,10,12,0.9166666666666666,0,0,17,4607261.71451126,4.758904109589041,2.0
C-000545843,S-0030,-84.50561858164417,1,2,男性,33,10,12,0.0833333333333333,0,0,22,4426478.045479023,9.236986301369862,5.5
C-002469019,S-0050,-69.69375407241924,1,2,女性,49,2,12,0.5833333333333334,0,0,20,4615411.181286601,9.2013698630137,6.0
C-000073033,S-0019,-10.783915680749649,0,2,男性,40,12,12,0.75,0,0,19,4327199.920883598,4.090410958904109,1.0
C-001812575,S-0030,-46.27454468401254,0,2,男性,56,4,12,0.1666666666666666,0,0,22,4426478.045479023,9.236986301369862,5.5
C-001601491,S-0111,-84.7943982975218,1,2,女性,44,5,12,0.75,49363,2,19,4489501.980758176,6.397260273972603,4.0
C-001342877,S-0020,-100.0,1,2,女性,64,7,12,0.5833333333333334,0,0,16,4280702.057267675,6.986301369863014,3.5
C-000404379,S-0106,-34.990159887713595,0,2,女性,40,11,12,0.0833333333333333,6348,1,20,4462729.145118021,6.171232876712329,3.5
C-001267377,S-0020,-11.064049306290896,0,2,男性,53,7,12,0.0833333333333333,0,0,16,4280702.057267675,6.986301369863014,3.5
C-001343096,S-0008,-40.74749884658068,0,2,男性,35,7,12,0.0833333333333333,0,0,22,4498453.308937302,10.772602739726027,7.0
C-000496949,S-0020,-14.08192445869068,0,2,男性,42,10,12,0.4166666666666667,0,0,16,4280702.057267675,6.986301369863014,3.5
C-002022409,S-0054,-37.347389657308575,0,2,女性,57,4,12,0.4166666666666667,0,0,23,4489160.181517739,6.358904109589041,4.0
C-001885728,S-0056,-69.21678247813917,1,2,女性,66,4,12,0.3333333333333333,32967,1,15,4406070.585753419,7.528767123287671,4.0
C-000928413,S-0036,-80.73071471032056,1,2,女性,58,8,12,0.4166666666666667,5746,1,19,4397834.424680548,11.123287671232877,9.0
C-000457014,S-0019,-18.552360377836806,0,2,女性,39,10,12,0.9166666666666666,0,0,19,4327199.920883598,4.090410958904109,1.0
C-000044104,S-0019,-18.236588080018635,0,2,男性,31,12,12,0.9166666666666666,2793,1,19,4327199.920883598,4.090410958904109,1.0
C-000568074,S-0111,-100.0,1,2,女性,32,10,12,0.4166666666666667,2608,1,19,4489501.980758176,6.397260273972603,4.0
C-000141508,S-0002,-95.32818324239642,1,2,女性,20,12,12,0.1666666666666666,972,1,15,4455566.655169959,5.663013698630137,2.0
C-000277472,S-0075,-67.67674821806973,1,2,男性,52,11,12,0.5833333333333334,3763,1,19,4506647.2743158825,4.526027397260274,1.0
C-000130148,S-0050,-34.348261315155995,0,2,男性,44,12,12,0.75,0,0,20,4615411.181286601,9.2013698630137,6.0
C-001615164,S-0005,-9.88915486892185,0,2,女性,47,5,12,0.3333333333333333,0,0,21,4733942.970761149,4.69041095890411,2.0
C-000866202,S-0063,-30.84303544929345,0,2,男性,53,9,12,0.5833333333333334,0,0,18,4564012.176421695,5.749315068493151,3.0
C-001431643,S-0007,-100.0,1,2,男性,42,6,12,0.0,18016,1,21,4487075.727367008,3.7260273972602738,1.0
C-000937367,S-0020,-35.00378094889621,0,2,女性,54,8,12,0.4166666666666667,0,0,16,4280702.057267675,6.986301369863014,3.5
C-001497824,S-0004,-61.08939134612498,1,2,女性,54,6,12,0.4166666666666667,8080,1,22,4423576.351309,11.806849315068494,9.0
C-000219195,S-0020,-100.0,1,2,男性,43,12,12,0.3333333333333333,0,0,16,4280702.057267675,6.986301369863014,3.5
C-001286439,S-0050,-53.17693417612117,1,2,男性,18,7,12,0.25,52077,1,20,4615411.181286601,9.2013698630137,6.0
C-001609319,S-0008,-78.91375983882259,1,2,男性,68,5,12,0.1666666666666666,0,0,22,4498453.308937302,10.772602739726027,7.0
C-000646180,S-0111,-32.54964872489904,0,2,女性,52,10,12,0.5,0,0,19,4489501.980758176,6.397260273972603,4.0
C-000182070,S-0111,-44.958013231193945,0,2,男性,47,12,12,0.25,48582,1,19,4489501.980758176,6.397260273972603,4.0
C-001401550,S-0115,-100.0,1,2,男性,37,6,12,0.3333333333333333,0,0,14,4553643.099564746,10.51095890410959,7.0
C-000840959,S-0054,-74.14727244769666,1,2,女性,31,9,12,0.1666666666666666,0,0,23,4489160.181517739,6.358904109589041,4.0
C-000615188,S-0008,-23.897257628427965,0,2,女性,58,10,12,0.8333333333333334,0,0,22,4498453.308937302,10.772602739726027,7.0
C-000879361,S-0005,-30.15504388502289,0,2,男性,32,9,12,0.9166666666666666,6464,2,21,4733942.970761149,4.69041095890411,2.0
C-001359022,S-0075,-31.81101542045234,0,2,女性,38,6,12,0.0833333333333333,0,0,19,4506647.2743158825,4.526027397260274,1.0
C-000809083,S-0020,-61.244386958219444,1,2,女性,51,9,12,0.0,0,0,16,4280702.057267675,6.986301369863014,3.5
C-000895710,S-0126,-100.0,1,2,男性,53,9,12,0.5833333333333334,22203,1,17,4493168.352495564,5.53972602739726,3.0
C-000527552,S-0096,-4.750298781372044,0,2,女性,31,10,12,0.5833333333333334,0,0,16,4644856.458098179,8.302739726027397,5.0
C-000826652,S-0017,-28.555088103023067,0,2,女性,44,9,12,0.25,0,0,20,4640207.03550726,5.608219178082192,2.5
C-001506157,S-0005,-46.622510334460735,0,2,女性,47,6,12,1.0,35475,2,21,4733942.970761149,4.69041095890411,2.0
C-000491277,S-0063,-32.34268766170105,0,2,男性,50,10,12,0.25,0,0,18,4564012.176421695,5.749315068493151,3.0
C-000745205,S-0054,-12.199711522993672,0,2,男性,47,9,12,0.0,0,0,23,4489160.181517739,6.358904109589041,4.0
C-001261596,S-0050,5.681825622892315,0,2,女性,48,7,12,0.6666666666666666,0,0,20,4615411.181286601,9.2013698630137,6.0
C-001336404,S-0039,-45.66641914513881,0,2,男性,64,7,12,0.5833333333333334,0,0,16,4591288.568998441,8.193150684931506,5.0
C-000427579,S-0030,-100.0,1,2,女性,59,11,12,0.1666666666666666,106021,1,22,4426478.045479023,9.236986301369862,5.5
C-001122663,S-0039,-75.2959551461754,1,2,男性,54,8,12,0.25,78348,2,16,4591288.568998441,8.193150684931506,5.0
C-000641039,S-0126,-8.308080182538307,0,2,女性,23,10,12,0.5833333333333334,18820,1,17,4493168.352495564,5.53972602739726,3.0
C-002026086,S-0075,-33.48262259629825,0,2,女性,59,3,12,0.3333333333333333,20292,1,19,4506647.2743158825,4.526027397260274,1.0
C-001005160,S-0059,-24.221813700895492,0,2,女性,54,8,12,0.3333333333333333,3601,2,14,4713188.969095345,6.8123287671232875,3.0
C-000921657,S-0004,-24.271919638004906,0,2,男性,61,8,12,0.5833333333333334,19421,2,22,4423576.351309,11.806849315068494,9.0
C-002455098,S-0030,-43.725522819771165,0,2,男性,45,2,12,0.3333333333333333,10845,1,22,4426478.045479023,9.236986301369862,5.5
C-001821255,S-0131,-31.299784542526186,0,2,男性,54,4,12,0.5,37814,2,17,4569023.5643747775,5.13972602739726,2.0
C-001048569,S-0072,-100.0,1,2,女性,76,8,12,0.3333333333333333,32794,1,12,4406797.312641796,9.01917808219178,6.0
C-002374086,S-0126,-19.504119247514286,0,2,女性,41,2,12,0.6666666666666666,4733,2,17,4493168.352495564,5.53972602739726,3.0
C-001302098,S-0111,-100.0,1,2,女性,41,7,12,0.75,0,0,19,4489501.980758176,6.397260273972603,4.0
C-000505106,S-0014,-7.3253902261320825,0,2,男性,29,10,12,0.1666666666666666,0,0,21,4730192.353344672,7.336986301369863,4.0
C-001645980,S-0121,-81.8502904334427,1,2,男性,31,5,12,0.3333333333333333,1400,2,14,4716268.25678644,9.856164383561644,7.0
C-000043927,S-0131,-50.76356094686033,1,2,男性,66,12,12,0.25,0,0,17,4569023.5643747775,5.13972602739726,2.0
C-001756669,S-0020,-61.32629011257067,1,2,女性,44,5,12,0.25,0,0,16,4280702.057267675,6.986301369863014,3.5
C-002431305,S-0072,-100.0,1,2,男性,39,2,12,0.0833333333333333,0,0,12,4406797.312641796,9.01917808219178,6.0
C-000369422,S-0019,0.20517149405881974,0,2,女性,41,11,12,0.1666666666666666,0,0,19,4327199.920883598,4.090410958904109,1.0
C-000856492,S-0050,-100.0,1,2,女性,47,9,12,0.25,0,0,20,4615411.181286601,9.2013698630137,6.0
C-002207706,S-0005,-62.40890133202488,1,2,女性,43,3,12,0.25,0,0,21,4733942.970761149,4.69041095890411,2.0
C-000791648,S-0030,-9.033525342193338,0,2,女性,42,9,12,0.8333333333333334,48438,1,22,4426478.045479023,9.236986301369862,5.5
C-002629694,S-0008,-65.97071634347992,1,2,男性,37,1,12,0.0833333333333333,13205,1,22,4498453.308937302,10.772602739726027,7.0
C-000860073,S-0075,-28.492398918128224,0,2,男性,54,9,12,0.3333333333333333,0,0,19,4506647.2743158825,4.526027397260274,1.0
C-002015706,S-0085,-19.850530267055603,0,2,女性,31,4,12,0.3333333333333333,0,0,15,4606655.398026554,4.928767123287671,2.0
C-000063472,S-0017,-100.0,1,2,男性,46,12,12,0.0833333333333333,3758,1,20,4640207.03550726,5.608219178082192,2.5
C-000909518,S-0131,-19.35800186747195,0,2,女性,50,8,12,0.4166666666666667,31723,1,17,4569023.5643747775,5.13972602739726,2.0
C-000180640,S-0056,-75.97851229607986,1,2,女性,63,12,12,0.1666666666666666,3525,1,15,4406070.585753419,7.528767123287671,4.0
C-002493099,S-0126,1.8864113018237947,0,2,女性,44,1,12,0.9166666666666666,0,0,17,4493168.352495564,5.53972602739726,3.0
C-000066052,S-0007,-100.0,1,2,男性,41,12,12,0.1666666666666666,3066,1,21,4487075.727367008,3.7260273972602738,1.0
C-000539072,S-0131,-75.8459048717424,1,2,女性,75,10,12,0.25,0,0,17,4569023.5643747775,5.13972602739726,2.0
C-000201698,S-0085,-29.672403497220905,0,2,男性,60,12,12,0.0833333333333333,0,0,15,4606655.398026554,4.928767123287671,2.0
C-001239198,S-0039,-29.643843671899784,0,2,男性,45,7,12,0.75,0,0,16,4591288.568998441,8.193150684931506,5.0
C-002522431,S-0111,-100.0,1,2,男性,68,1,12,0.75,27673,1,19,4489501.980758176,6.397260273972603,4.0
C-002413729,S-0089,-44.024014584773994,0,2,男性,64,2,12,0.1666666666666666,0,0,19,4721110.949352573,10.142465753424657,7.0
C-000050888,S-0039,-3.804432249968147,0,2,女性,42,12,12,0.75,0,0,16,4591288.568998441,8.193150684931506,5.0
C-000446295,S-0039,-23.465066443885227,0,2,女性,34,11,12,0.0833333333333333,17426,2,16,4591288.568998441,8.193150684931506,5.0
C-000230180,S-0063,-17.07711555034126,0,2,女性,35,11,12,0.25,0,0,18,4564012.176421695,5.749315068493151,3.0
C-000008952,S-0039,-33.93696044970889,0,2,男性,36,12,12,0.3333333333333333,7452,1,16,4591288.568998441,8.193150684931506,5.0
C-000616841,S-0100,-26.86138859589254,0,2,女性,39,10,12,0.5,0,0,17,4535925.154217558,4.720547945205479,2.0
C-000631598,S-0019,-32.46611621747936,0,2,女性,69,10,12,0.6666666666666666,13055,1,19,4327199.920883598,4.090410958904109,1.0
C-002196625,S-0050,5.6899271331071155,0,2,女性,57,3,12,0.0,5846,1,20,4615411.181286601,9.2013698630137,6.0
C-002547324,S-0117,-18.902853352702945,0,2,女性,68,1,12,0.8333333333333334,5872,1,20,4500859.737076383,9.593150684931507,7.0
C-002141664,S-0005,-2.0203724624323254,0,2,女性,31,3,12,0.4166666666666667,43166,1,21,4733942.970761149,4.69041095890411,2.0
C-000974174,S-0002,-100.0,1,2,女性,48,8,12,0.5833333333333334,0,0,15,4455566.655169959,5.663013698630137,2.0
C-000064761,S-0100,-26.068684996039664,0,2,女性,52,12,12,0.0833333333333333,29123,1,17,4535925.154217558,4.720547945205479,2.0
C-002026773,S-0059,-4.827981829175646,0,2,女性,80,3,12,0.4166666666666667,0,0,14,4713188.969095345,6.8123287671232875,3.0
C-000796075,S-0062,-59.53535397460428,1,2,女性,43,9,12,0.3333333333333333,0,0,15,4713869.782113416,4.575342465753424,1.0
C-001599179,S-0050,-75.0043690615256,1,2,女性,59,5,12,0.0,0,0,20,4615411.181286601,9.2013698630137,6.0
C-000038774,S-0017,-56.26614887131961,1,2,男性,38,12,12,0.4166666666666667,0,0,20,4640207.03550726,5.608219178082192,2.5
C-001966392,S-0056,-43.10151643196946,0,2,男性,37,4,12,0.4166666666666667,3573,1,15,4406070.585753419,7.528767123287671,4.0
C-000715865,S-0050,-50.224387314192285,1,2,女性,51,9,12,0.0833333333333333,0,0,20,4615411.181286601,9.2013698630137,6.0
C-001049591,S-0050,-26.402742857142858,0,2,女性,55,8,12,0.0833333333333333,5826,1,20,4615411.181286601,9.2013698630137,6.0
C-002031382,S-0080,-100.0,1,2,女性,45,3,12,0.0833333333333333,66339,1,17,4457429.264950683,11.673972602739726,9.0
C-001539741,S-0041,-47.83783393293167,0,2,女性,41,6,12,0.25,0,0,17,4828489.286769263,10.389041095890411,7.0
C-000120993,S-0085,-100.0,1,2,女性,67,12,12,0.75,23504,1,15,4606655.398026554,4.928767123287671,2.0
C-000556935,S-0007,-9.299394683677685,0,2,女性,40,10,12,0.75,0,0,21,4487075.727367008,3.7260273972602738,1.0
C-000968803,S-0082,-100.0,1,2,女性,50,8,12,0.4166666666666667,0,0,17,4607261.71451126,4.758904109589041,2.0
C-001399913,S-0005,-28.84217451109383,0,2,女性,46,6,12,0.0833333333333333,0,0,21,4733942.970761149,4.69041095890411,2.0
C-001861233,S-0018,-100.0,1,2,女性,60,4,12,0.75,0,0,16,4493108.581950108,7.550684931506849,5.0
C-001243448,S-0019,-20.84451577077106,0,2,男性,62,7,12,0.0,10576,1,19,4327199.920883598,4.090410958904109,1.0
C-001690933,S-0054,-41.447138020934666,0,2,女性,70,5,12,0.5833333333333334,0,0,23,4489160.181517739,6.358904109589041,4.0
C-001980957,S-0085,-19.24783022161232,0,2,女性,59,4,12,0.4166666666666667,0,0,15,4606655.398026554,4.928767123287671,2.0
C-001450535,S-0075,-68.39661047616175,1,2,女性,43,6,12,0.4166666666666667,8228,1,19,4506647.2743158825,4.526027397260274,1.0
C-000686370,S-0005,-77.46671932718444,1,2,女性,30,9,12,0.25,31967,2,21,4733942.970761149,4.69041095890411,2.0
C-002552067,S-0014,-30.204847011354524,0,2,女性,21,1,12,0.25,0,0,21,4730192.353344672,7.336986301369863,4.0
C-002303373,S-0075,-76.71975487390148,1,2,女性,43,2,12,0.6666666666666666,0,0,19,4506647.2743158825,4.526027397260274,1.0
C-002192870,S-0079,-100.0,1,2,男性,56,3,12,0.1666666666666666,4212,1,13,4256656.371085242,8.479452054794521,6.0
C-000381663,S-0059,-30.668649660027132,0,2,男性,66,11,12,0.5833333333333334,4906,1,14,4713188.969095345,6.8123287671232875,3.0
C-002182096,S-0007,-84.41685281347605,1,2,女性,39,3,12,0.1666666666666666,0,0,21,4487075.727367008,3.7260273972602738,1.0
C-000927059,S-0007,-100.0,1,2,男性,58,8,12,0.25,0,0,21,4487075.727367008,3.7260273972602738,1.0
C-001312323,S-0002,-18.60412791744165,0,2,女性,49,7,12,0.8333333333333334,0,0,15,4455566.655169959,5.663013698630137,2.0
C-002364783,S-0089,-53.19761334509854,1,2,女性,22,2,12,0.6666666666666666,4864,1,19,4721110.949352573,10.142465753424657,7.0
C-000650557,S-0085,-80.81115644601425,1,2,女性,86,10,12,0.0833333333333333,22925,1,15,4606655.398026554,4.928767123287671,2.0
C-001690379,S-0063,-100.0,1,2,女性,65,5,12,0.3333333333333333,0,0,18,4564012.176421695,5.749315068493151,3.0
C-002258567,S-0063,-22.15140604191641,0,2,女性,52,2,12,0.1666666666666666,8267,2,18,4564012.176421695,5.749315068493151,3.0
C-000319202,S-0085,-24.04775661537425,0,2,男性,34,11,12,0.5,26154,2,15,4606655.398026554,4.928767123287671,2.0
C-000821587,S-0019,-14.902935019772737,0,2,女性,54,9,12,0.25,26902,1,19,4327199.920883598,4.090410958904109,1.0
C-001308511,S-0017,-31.645448584854112,0,2,女性,52,7,12,0.25,0,0,20,4640207.03550726,5.608219178082192,2.5
C-001726836,S-0082,-86.01533985718063,1,2,女性,55,5,12,0.4166666666666667,0,0,17,4607261.71451126,4.758904109589041,2.0
C-002640981,S-0036,-25.90687965310565,0,2,女性,58,1,12,0.25,0,0,19,4397834.424680548,11.123287671232877,9.0
C-000841856,S-0017,-100.0,1,2,男性,39,9,12,0.5,0,0,20,4640207.03550726,5.608219178082192,2.5
C-001568380,S-0019,-18.569981067104802,0,2,女性,46,6,12,0.25,0,0,19,4327199.920883598,4.090410958904109,1.0
C-001627002,S-0019,-27.599182103059857,0,2,男性,56,5,12,0.5833333333333334,0,0,19,4327199.920883598,4.090410958904109,1.0
C-000404009,S-0082,-32.27297490551261,0,2,女性,53,11,12,0.0833333333333333,0,0,17,4607261.71451126,4.758904109589041,2.0
C-002233538,S-0041,-100.0,1,2,女性,70,3,12,0.1666666666666666,0,0,17,4828489.286769263,10.389041095890411,7.0
C-002063797,S-0002,-30.71094846166086,0,2,男性,44,3,12,0.3333333333333333,0,0,15,4455566.655169959,5.663013698630137,2.0
C-001294908,S-0017,-100.0,1,2,男性,17,7,12,0.1666666666666666,0,0,20,4640207.03550726,5.608219178082192,2.5
C-001437754,S-0050,-22.399029541886684,0,2,女性,70,6,12,0.25,4231,1,20,4615411.181286601,9.2013698630137,6.0
C-001927489,S-0102,-12.828646221489649,0,2,女性,42,4,12,0.5833333333333334,0,0,16,4383474.364435211,10.484931506849314,7.5
C-002350246,S-0007,0.32720595016795817,0,2,男性,36,2,12,0.75,4202,2,21,4487075.727367008,3.7260273972602738,1.0
C-000281716,S-0106,-36.28751509026081,0,2,女性,20,11,12,0.0833333333333333,0,0,20,4462729.145118021,6.171232876712329,3.5
C-001233647,S-0017,-55.0726494482136,1,2,女性,55,7,12,0.0833333333333333,0,0,20,4640207.03550726,5.608219178082192,2.5
C-001491352,S-0020,-65.22433603315125,1,2,女性,40,6,12,0.5833333333333334,0,0,16,4280702.057267675,6.986301369863014,3.5
C-002603276,S-0008,-100.0,1,2,女性,22,1,12,0.0833333333333333,0,0,22,4498453.308937302,10.772602739726027,7.0
C-001689756,S-0085,-30.197929326619942,0,2,男性,61,5,12,0.9166666666666666,3803,1,15,4606655.398026554,4.928767123287671,2.0
C-001095488,S-0080,-100.0,1,2,男性,77,8,12,0.25,10988,1,17,4457429.264950683,11.673972602739726,9.0
C-000984196,S-0020,-30.7755677437829,0,2,男性,51,8,12,0.3333333333333333,0,0,16,4280702.057267675,6.986301369863014,3.5
C-002446770,S-0039,-91.43861443088132,1,2,女性,49,2,12,0.1666666666666666,9211,1,16,4591288.568998441,8.193150684931506,5.0
C-001475287,S-0018,-97.56367780192879,1,2,男性,60,6,12,0.25,717,1,16,4493108.581950108,7.550684931506849,5.0
C-000168344,S-0020,-77.1985995301055,1,2,男性,53,12,12,0.4166666666666667,0,0,16,4280702.057267675,6.986301369863014,3.5
C-002598035,S-0005,-28.938221596333275,0,2,女性,58,1,12,1.0,35982,1,21,4733942.970761149,4.69041095890411,2.0
C-001610337,S-0085,-2.370646564534868,0,2,女性,46,5,12,0.9166666666666666,0,0,15,4606655.398026554,4.928767123287671,2.0
C-001411167,S-0079,-11.19672758446872,0,2,女性,55,6,12,0.3333333333333333,5443,1,13,4256656.371085242,8.479452054794521,6.0
C-002494182,S-0019,-100.0,1,2,女性,72,1,12,0.1666666666666666,0,0,19,4327199.920883598,4.090410958904109,1.0
C-000683477,S-0007,-40.930797284610385,0,2,女性,53,9,12,0.6666666666666666,24001,1,21,4487075.727367008,3.7260273972602738,1.0
C-001414993,S-0126,-26.76388740823521,0,2,女性,54,6,12,0.6666666666666666,0,0,17,4493168.352495564,5.53972602739726,3.0
C-002420437,S-0030,-15.800413939699054,0,2,男性,46,2,12,0.0833333333333333,0,0,22,4426478.045479023,9.236986301369862,5.5
C-002084460,S-0039,-25.701617003966238,0,2,男性,68,3,12,0.5833333333333334,0,0,16,4591288.568998441,8.193150684931506,5.0
C-000531454,S-0126,-100.0,1,2,女性,52,10,12,0.4166666666666667,12098,1,17,4493168.352495564,5.53972602739726,3.0
C-000373710,S-0063,-97.47128845121328,1,2,男性,58,11,12,0.3333333333333333,0,0,18,4564012.176421695,5.749315068493151,3.0
C-001304480,S-0113,-21.05793603200919,0,2,男性,52,7,12,0.4166666666666667,0,0,16,4336633.961311346,5.77945205479452,2.5
C-000280182,S-0063,-34.93820709874527,0,2,女性,45,11,12,0.1666666666666666,136,2,18,4564012.176421695,5.749315068493151,3.0
C-002188423,S-0126,-14.44854957425314,0,2,男性,48,3,12,0.4166666666666667,22025,1,17,4493168.352495564,5.53972602739726,3.0
C-001613377,S-0059,-34.816093287695075,0,2,女性,35,5,12,0.4166666666666667,0,0,14,4713188.969095345,6.8123287671232875,3.0
C-001194599,S-0126,-70.55701473850384,1,2,女性,51,7,12,0.8333333333333334,0,0,17,4493168.352495564,5.53972602739726,3.0
C-000627570,S-0085,-88.32031755619796,1,2,男性,49,10,12,0.4166666666666667,8586,1,15,4606655.398026554,4.928767123287671,2.0
C-000929002,S-0085,-7.154182284965696,0,2,女性,32,8,12,0.5,0,0,15,4606655.398026554,4.928767123287671,2.0
C-001835500,S-0089,-40.79827621588344,0,2,女性,63,4,12,0.3333333333333333,5140,1,19,4721110.949352573,10.142465753424657,7.0
C-000148461,S-0062,3.2175713481906585,0,2,女性,58,12,12,0.3333333333333333,0,0,15,4713869.782113416,4.575342465753424,1.0
C-000395090,S-0089,-59.68393653941497,1,2,男性,53,11,12,0.5,7169,1,19,4721110.949352573,10.142465753424657,7.0
C-000589295,S-0079,-30.126940367757687,0,2,男性,32,10,12,0.3333333333333333,0,0,13,4256656.371085242,8.479452054794521,6.0
C-000926389,S-0111,-40.9365535288874,0,2,男性,31,8,12,0.4166666666666667,0,0,19,4489501.980758176,6.397260273972603,4.0
C-000571559,S-0039,-49.991035639735166,1,2,女性,38,10,12,0.5833333333333334,0,0,16,4591288.568998441,8.193150684931506,5.0
C-001267648,S-0050,-40.063482080561315,0,2,女性,47,7,12,0.0833333333333333,0,0,20,4615411.181286601,9.2013698630137,6.0
C-002239381,S-0002,-100.0,1,2,女性,43,3,12,0.5,13506,1,15,4455566.655169959,5.663013698630137,2.0
C-001508272,S-0017,-100.0,1,2,男性,54,6,12,0.25,0,0,20,4640207.03550726,5.608219178082192,2.5
C-001614963,S-0059,-81.64427182592333,1,2,女性,43,5,12,0.1666666666666666,0,0,14,4713188.969095345,6.8123287671232875,3.0
C-001045630,S-0039,-34.43479856994464,0,2,男性,71,8,12,0.3333333333333333,0,0,16,4591288.568998441,8.193150684931506,5.0
C-001490187,S-0072,-54.86649795151225,1,2,女性,39,6,12,0.1666666666666666,9030,1,12,4406797.312641796,9.01917808219178,6.0
C-001366210,S-0020,-44.89705499087829,0,2,男性,57,6,12,0.25,2204,2,16,4280702.057267675,6.986301369863014,3.5
C-000340789,S-0131,-57.200581503708946,1,2,女性,56,11,12,0.25,24242,1,17,4569023.5643747775,5.13972602739726,2.0
C-002544308,S-0131,-27.60261720275607,0,2,男性,65,1,12,0.3333333333333333,0,0,17,4569023.5643747775,5.13972602739726,2.0
C-000655419,S-0096,-100.0,1,2,女性,46,10,12,0.1666666666666666,30587,1,16,4644856.458098179,8.302739726027397,5.0
C-001393700,S-0020,-35.47635555374294,0,2,男性,75,6,12,0.6666666666666666,0,0,16,4280702.057267675,6.986301369863014,3.5
C-000275935,S-0005,-1.5031766992415734,0,2,男性,74,11,12,0.5833333333333334,0,0,21,4733942.970761149,4.69041095890411,2.0
C-000683346,S-0113,-66.34799826743395,1,2,女性,52,9,12,0.4166666666666667,0,0,16,4336633.961311346,5.77945205479452,2.5
C-001676717,S-0020,-43.21557832492226,0,2,女性,50,5,12,0.3333333333333333,0,0,16,4280702.057267675,6.986301369863014,3.5
C-000953238,S-0075,-59.490873896330385,1,2,女性,47,8,12,0.8333333333333334,0,0,19,4506647.2743158825,4.526027397260274,1.0
C-000273738,S-0117,-1.4094441786602674,0,2,男性,36,11,12,0.25,0,0,20,4500859.737076383,9.593150684931507,7.0
C-000743785,S-0005,-17.720185488449637,0,2,女性,69,9,12,0.75,0,0,21,4733942.970761149,4.69041095890411,2.0
C-002412860,S-0054,-33.05431434380821,0,2,男性,69,2,12,1.0,0,0,23,4489160.181517739,6.358904109589041,4.0
C-000662113,S-0030,-6.796314160192854,0,2,女性,56,10,12,0.1666666666666666,0,0,22,4426478.045479023,9.236986301369862,5.5
C-002169843,S-0063,-57.72515871191356,1,2,女性,60,3,12,0.3333333333333333,7284,2,18,4564012.176421695,5.749315068493151,3.0
C-001001194,S-0036,-55.37327918437344,1,2,女性,61,8,12,0.5,0,0,19,4397834.424680548,11.123287671232877,9.0
C-000151410,S-0100,-18.062321113149114,0,2,女性,46,12,12,0.5833333333333334,22022,1,17,4535925.154217558,4.720547945205479,2.0
C-000112454,S-0054,-46.87661818010639,0,2,女性,60,12,12,0.1666666666666666,6320,1,23,4489160.181517739,6.358904109589041,4.0
C-002066448,S-0017,-11.496554489716234,0,2,女性,53,3,12,0.25,0,0,20,4640207.03550726,5.608219178082192,2.5
C-001567803,S-0075,-44.663847616091864,0,2,女性,45,6,12,0.8333333333333334,32597,1,19,4506647.2743158825,4.526027397260274,1.0
C-002623155,S-0039,-46.905373311960886,0,2,男性,44,1,12,0.5,264893,2,16,4591288.568998441,8.193150684931506,5.0
C-000823411,S-0085,-14.72704818326168,0,2,女性,48,9,12,1.0,2621,1,15,4606655.398026554,4.928767123287671,2.0
C-001766255,S-0085,-34.9414769911167,0,2,女性,51,5,12,0.4166666666666667,0,0,15,4606655.398026554,4.928767123287671,2.0
C-001399370,S-0121,-11.426541462373823,0,2,男性,45,6,12,0.6666666666666666,55471,2,14,4716268.25678644,9.856164383561644,7.0
C-000631551,S-0089,-60.608586911213,1,2,男性,49,10,12,0.4166666666666667,0,0,19,4721110.949352573,10.142465753424657,7.0
C-000524978,S-0079,-43.13238653292284,0,2,女性,44,10,12,0.1666666666666666,22246,1,13,4256656.371085242,8.479452054794521,6.0
C-002307072,S-0002,-20.68328818011463,0,2,男性,51,2,12,0.75,0,0,15,4455566.655169959,5.663013698630137,2.0
C-000380856,S-0131,-16.85529907097285,0,2,女性,29,11,12,0.8333333333333334,10258,1,17,4569023.5643747775,5.13972602739726,2.0
C-000688167,S-0056,-41.1369773768258,0,2,男性,64,9,12,0.1666666666666666,1113,1,15,4406070.585753419,7.528767123287671,4.0
C-000066849,S-0096,-100.0,1,2,女性,60,12,12,0.5,22104,2,16,4644856.458098179,8.302739726027397,5.0
C-000137410,S-0063,-33.571551623533594,0,2,女性,45,12,12,0.3333333333333333,2934,1,18,4564012.176421695,5.749315068493151,3.0
C-001471293,S-0004,-43.491835195481734,0,2,女性,37,6,12,0.5,5985,1,22,4423576.351309,11.806849315068494,9.0
C-001710457,S-0131,-48.189892250123975,0,2,男性,53,5,12,0.4166666666666667,0,0,17,4569023.5643747775,5.13972602739726,2.0
C-001852595,S-0115,-100.0,1,2,女性,56,4,12,0.1666666666666666,34924,2,14,4553643.099564746,10.51095890410959,7.0
C-000319630,S-0014,-52.9161101570947,1,2,男性,56,11,12,0.1666666666666666,33253,2,21,4730192.353344672,7.336986301369863,4.0
C-001655229,S-0019,-11.169766466228499,0,2,男性,46,5,12,0.6666666666666666,0,0,19,4327199.920883598,4.090410958904109,1.0
C-002390193,S-0085,-8.968294232448022,0,2,女性,47,2,12,0.6666666666666666,0,0,15,4606655.398026554,4.928767123287671,2.0
C-000013984,S-0019,-2.496302579494541,0,2,男性,40,12,12,0.8333333333333334,0,0,19,4327199.920883598,4.090410958904109,1.0
C-002526847,S-0019,-19.452123363252678,0,2,男性,78,1,12,0.5,119426,1,19,4327199.920883598,4.090410958904109,1.0
C-000386794,S-0005,-17.790342801423378,0,2,女性,50,11,12,0.8333333333333334,23295,1,21,4733942.970761149,4.69041095890411,2.0
C-000547123,S-0085,-7.339046617392962,0,2,女性,47,10,12,0.5833333333333334,0,0,15,4606655.398026554,4.928767123287671,2.0
C-002448528,S-0056,-49.73551370794668,1,2,女性,52,2,12,0.25,19808,1,15,4406070.585753419,7.528767123287671,4.0
C-000846440,S-0059,-84.81878805450856,1,2,男性,41,9,12,0.6666666666666666,0,0,14,4713188.969095345,6.8123287671232875,3.0
C-002374581,S-0005,-13.845308699533417,0,2,女性,41,2,12,0.5,0,0,21,4733942.970761149,4.69041095890411,2.0
C-001374695,S-0099,-51.916117511338676,1,2,女性,31,6,12,0.75,0,0,13,4464126.154078853,8.147945205479452,5.0
C-000423582,S-0062,-32.69106118944073,0,2,女性,59,11,12,0.9166666666666666,0,0,15,4713869.782113416,4.575342465753424,1.0
C-001758966,S-0004,-75.89158246836098,1,2,女性,59,5,12,0.0833333333333333,0,0,22,4423576.351309,11.806849315068494,9.0
C-001126373,S-0117,-24.96299177226448,0,2,女性,36,7,12,0.4166666666666667,0,0,20,4500859.737076383,9.593150684931507,7.0
C-000789686,S-0030,-5.6580230396626465,0,2,女性,40,9,12,0.3333333333333333,0,0,22,4426478.045479023,9.236986301369862,5.5
C-001375793,S-0100,-43.06865311985912,0,2,女性,52,6,12,0.25,0,0,17,4535925.154217558,4.720547945205479,2.0
C-001806178,S-0017,-20.261854368872932,0,2,女性,53,4,12,0.0833333333333333,0,0,20,4640207.03550726,5.608219178082192,2.5
C-001478075,S-0040,-22.475402997606057,0,2,男性,39,6,12,0.0833333333333333,0,0,20,4550116.0180538,8.163013698630138,4.0
C-001421976,S-0059,-24.371093513466235,0,2,女性,48,6,12,0.3333333333333333,1462,1,14,4713188.969095345,6.8123287671232875,3.0
C-001199658,S-0097,-100.0,1,2,女性,40,7,12,0.0833333333333333,0,0,21,4592508.716501317,10.09041095890411,7.0
C-000505404,S-0017,-87.21563302849992,1,2,男性,41,10,12,0.25,21353,1,20,4640207.03550726,5.608219178082192,2.5
C-000251373,S-0075,-95.15461979509352,1,2,男性,33,11,12,0.3333333333333333,0,0,19,4506647.2743158825,4.526027397260274,1.0
C-000697253,S-0080,-100.0,1,2,男性,23,9,12,0.0833333333333333,2269,2,17,4457429.264950683,11.673972602739726,9.0
C-000120161,S-0054,-49.81836207201785,1,2,男性,43,12,12,0.6666666666666666,22759,1,23,4489160.181517739,6.358904109589041,4.0
C-001767927,S-0050,-49.82590863941728,1,2,女性,53,5,12,0.1666666666666666,9783,1,20,4615411.181286601,9.2013698630137,6.0
C-002321856,S-0005,-100.0,1,2,女性,51,2,12,0.25,0,0,21,4733942.970761149,4.69041095890411,2.0
C-000662500,S-0085,-49.17818604126006,1,2,女性,22,10,12,0.6666666666666666,5422,2,15,4606655.398026554,4.928767123287671,2.0
C-001244582,S-0012,-43.45032608558538,0,2,女性,34,7,12,0.4166666666666667,10508,1,16,4444678.825084195,7.994520547945205,5.0
C-001336815,S-0089,-100.0,1,2,男性,60,7,12,0.5,0,0,19,4721110.949352573,10.142465753424657,7.0
C-001392372,S-0019,-42.121381468648714,0,2,女性,34,6,12,0.75,4517,1,19,4327199.920883598,4.090410958904109,1.0
C-001527438,S-0121,-6.431208032010889,0,2,女性,41,6,12,0.25,0,0,14,4716268.25678644,9.856164383561644,7.0
C-001110409,S-0111,-10.631688913509233,0,2,女性,55,8,12,0.25,0,0,19,4489501.980758176,6.397260273972603,4.0
C-001989433,S-0126,-100.0,1,2,男性,41,4,12,0.4166666666666667,0,0,17,4493168.352495564,5.53972602739726,3.0
C-002237568,S-0050,-15.309245512962551,0,2,女性,39,3,12,0.25,0,0,20,4615411.181286601,9.2013698630137,6.0
C-001676165,S-0126,-27.75819972817916,0,2,女性,69,5,12,0.6666666666666666,0,0,17,4493168.352495564,5.53972602739726,3.0
C-002019963,S-0002,-92.45116700946639,1,2,女性,51,4,12,0.0,0,0,15,4455566.655169959,5.663013698630137,2.0
C-002077156,S-0096,-86.23155741257649,1,2,男性,52,3,12,0.0,4182,1,16,4644856.458098179,8.302739726027397,5.0
C-002456376,S-0030,-20.898343233156364,0,2,女性,51,2,12,0.25,4502,1,22,4426478.045479023,9.236986301369862,5.5
C-001526075,S-0063,-28.132428577602976,0,2,女性,53,6,12,0.0833333333333333,28930,1,18,4564012.176421695,5.749315068493151,3.0
C-000916295,S-0096,-100.0,1,2,女性,53,8,12,0.4166666666666667,5022,2,16,4644856.458098179,8.302739726027397,5.0
C-000862357,S-0048,-10.181648368405002,0,2,女性,51,9,12,0.4166666666666667,9177,1,15,4502249.082895545,3.671232876712329,1.0
C-001066434,S-0040,-48.177617060940754,0,2,男性,49,8,12,0.8333333333333334,27355,1,20,4550116.0180538,8.163013698630138,4.0
C-001956714,S-0005,-26.735478231808425,0,2,女性,36,4,12,0.4166666666666667,8233,1,21,4733942.970761149,4.69041095890411,2.0
C-001898789,S-0030,-31.805624925412058,0,2,男性,64,4,12,0.25,0,0,22,4426478.045479023,9.236986301369862,5.5
C-002275012,S-0005,-27.82513490263549,0,2,女性,55,2,12,0.0833333333333333,3533,1,21,4733942.970761149,4.69041095890411,2.0
C-000114970,S-0059,-18.434495509772848,0,2,女性,52,12,12,0.6666666666666666,22459,1,14,4713188.969095345,6.8123287671232875,3.0
C-002421566,S-0017,-31.2179964112215,0,2,男性,67,2,12,0.8333333333333334,49267,2,20,4640207.03550726,5.608219178082192,2.5
C-000216844,S-0007,-6.184068169943147,0,2,男性,59,12,12,0.6666666666666666,7888,1,21,4487075.727367008,3.7260273972602738,1.0
C-000100615,S-0005,-24.6158356051945,0,2,女性,60,12,12,0.1666666666666666,0,0,21,4733942.970761149,4.69041095890411,2.0
C-001268268,S-0062,-11.728558595593721,0,2,女性,30,7,12,0.4166666666666667,0,0,15,4713869.782113416,4.575342465753424,1.0
C-002439274,S-0050,-32.44157844080847,0,2,男性,31,2,12,0.5833333333333334,0,0,20,4615411.181286601,9.2013698630137,6.0
C-002514934,S-0121,-9.719985257799872,0,2,女性,36,1,12,0.8333333333333334,31307,1,14,4716268.25678644,9.856164383561644,7.0
C-001448087,S-0020,-100.0,1,2,男性,65,6,12,0.5,0,0,16,4280702.057267675,6.986301369863014,3.5
C-002228683,S-0014,-1.0649515914846768,0,2,女性,51,3,12,0.8333333333333334,0,0,21,4730192.353344672,7.336986301369863,4.0
C-000800668,S-0056,-61.07485339772335,1,2,女性,41,9,12,0.25,15099,1,15,4406070.585753419,7.528767123287671,4.0
C-000351181,S-0039,-60.37846002724467,1,2,男性,50,11,12,0.75,149669,1,16,4591288.568998441,8.193150684931506,5.0
C-001273395,S-0012,-100.0,1,2,女性,34,7,12,0.1666666666666666,28797,1,16,4444678.825084195,7.994520547945205,5.0
C-001481571,S-0100,-100.0,1,2,女性,45,6,12,0.3333333333333333,213,1,17,4535925.154217558,4.720547945205479,2.0
C-001825554,S-0097,-100.0,1,2,男性,42,4,12,0.0833333333333333,0,0,21,4592508.716501317,10.09041095890411,7.0
C-000818508,S-0054,-28.893421756065273,0,2,女性,48,9,12,0.1666666666666666,98981,1,23,4489160.181517739,6.358904109589041,4.0
C-001884990,S-0017,-100.0,1,2,女性,53,4,12,0.75,4366,1,20,4640207.03550726,5.608219178082192,2.5
C-001730722,S-0019,-11.771386980421621,0,2,女性,64,5,12,0.9166666666666666,0,0,19,4327199.920883598,4.090410958904109,1.0
C-002567356,S-0014,-3.82814108374894,0,2,男性,39,1,12,0.5,0,0,21,4730192.353344672,7.336986301369863,4.0
C-002549611,S-0062,-61.720408442292054,1,2,女性,51,1,12,0.4166666666666667,0,0,15,4713869.782113416,4.575342465753424,1.0
C-002639262,S-0082,-66.76636947560158,1,2,男性,46,1,12,0.1666666666666666,2166,1,17,4607261.71451126,4.758904109589041,2.0
C-001058218,S-0111,-55.23596185031471,1,2,男性,44,8,12,0.5,0,0,19,4489501.980758176,6.397260273972603,4.0
C-000603081,S-0017,-42.32120583946735,0,2,女性,22,10,12,0.5,0,0,20,4640207.03550726,5.608219178082192,2.5
C-002222885,S-0075,-66.05134292921798,1,2,女性,57,3,12,0.5833333333333334,0,0,19,4506647.2743158825,4.526027397260274,1.0
C-001147036,S-0005,5.405930096246463,0,2,男性,38,7,12,0.0,28011,1,21,4733942.970761149,4.69041095890411,2.0
C-002615299,S-0019,6.353462296542537,0,2,女性,60,1,12,0.5,0,0,19,4327199.920883598,4.090410958904109,1.0
C-001915649,S-0004,-100.0,1,2,女性,20,4,12,0.25,0,0,22,4423576.351309,11.806849315068494,9.0
C-001692524,S-0075,-96.61889441357123,1,2,女性,58,5,12,0.8333333333333334,18833,1,19,4506647.2743158825,4.526027397260274,1.0
C-001055255,S-0005,-20.439371096273963,0,2,女性,45,8,12,0.75,148170,1,21,4733942.970761149,4.69041095890411,2.0
C-001491800,S-0117,-7.387452600631435,0,2,女性,41,6,12,0.25,5314,1,20,4500859.737076383,9.593150684931507,7.0
C-001497306,S-0063,-10.116535433070867,0,2,女性,50,6,12,1.0,12252,1,18,4564012.176421695,5.749315068493151,3.0
C-002266556,S-0007,-60.116739746499924,1,2,男性,77,2,12,0.1666666666666666,6356,1,21,4487075.727367008,3.7260273972602738,1.0
C-001874014,S-0017,-85.65383864988782,1,2,女性,46,4,12,0.25,49153,2,20,4640207.03550726,5.608219178082192,2.5
C-001079835,S-0100,-76.45166008483253,1,2,女性,35,8,12,0.5,0,0,17,4535925.154217558,4.720547945205479,2.0
C-001594248,S-0100,-100.0,1,2,女性,46,5,12,0.5,0,0,17,4535925.154217558,4.720547945205479,2.0
C-000707433,S-0126,10.791653292152468,0,2,女性,28,9,12,0.25,0,0,17,4493168.352495564,5.53972602739726,3.0
C-001325974,S-0089,-41.80308305144729,0,2,女性,55,7,12,0.1666666666666666,34121,1,19,4721110.949352573,10.142465753424657,7.0
C-001636600,S-0017,-100.0,1,2,女性,57,5,12,0.5,0,0,20,4640207.03550726,5.608219178082192,2.5
C-001223036,S-0017,-100.0,1,2,女性,92,7,12,0.75,2005,1,20,4640207.03550726,5.608219178082192,2.5
C-000814267,S-0005,-0.2794924392096067,0,2,男性,61,9,12,0.0,0,0,21,4733942.970761149,4.69041095890411,2.0
C-001595599,S-0017,-63.49218845676097,1,2,女性,53,5,12,1.0,18872,1,20,4640207.03550726,5.608219178082192,2.5
C-000926323,S-0113,-12.927686417940084,0,2,女性,68,8,12,0.3333333333333333,0,0,16,4336633.961311346,5.77945205479452,2.5
C-002410070,S-0036,-10.434251195359256,0,2,女性,56,2,12,0.0,1427,2,19,4397834.424680548,11.123287671232877,9.0
C-001617817,S-0039,-17.66147113247633,0,2,男性,60,5,12,0.4166666666666667,2020,1,16,4591288.568998441,8.193150684931506,5.0
C-000916183,S-0056,-11.937545237648447,0,2,女性,43,8,12,0.0833333333333333,12093,1,15,4406070.585753419,7.528767123287671,4.0
C-001733678,S-0096,-100.0,1,2,男性,50,5,12,0.0833333333333333,0,0,16,4644856.458098179,8.302739726027397,5.0
C-001304033,S-0082,-11.366475597815217,0,2,女性,57,7,12,0.5,0,0,17,4607261.71451126,4.758904109589041,2.0
C-002488323,S-0007,-40.050139539283855,0,2,男性,52,1,12,0.5833333333333334,0,0,21,4487075.727367008,3.7260273972602738,1.0
C-000189249,S-0019,-2.76449816204273,0,2,男性,52,12,12,0.3333333333333333,0,0,19,4327199.920883598,4.090410958904109,1.0
C-002226623,S-0005,-21.189152038930057,0,2,女性,50,3,12,0.8333333333333334,46309,1,21,4733942.970761149,4.69041095890411,2.0
C-000567982,S-0117,-19.2207723598711,0,2,女性,57,10,12,0.4166666666666667,0,0,20,4500859.737076383,9.593150684931507,7.0
C-002202445,S-0017,-100.0,1,2,男性,31,3,12,0.6666666666666666,0,0,20,4640207.03550726,5.608219178082192,2.5
C-000859534,S-0030,-57.99472604746557,1,2,女性,57,9,12,0.3333333333333333,0,0,22,4426478.045479023,9.236986301369862,5.5
C-000555356,S-0075,-65.73175322868414,1,2,女性,46,10,12,0.8333333333333334,6552,2,19,4506647.2743158825,4.526027397260274,1.0
C-001608685,S-0030,-62.71198285501305,1,2,女性,57,5,12,0.5833333333333334,3819,1,22,4426478.045479023,9.236986301369862,5.5
C-001314315,S-0062,-37.228583838894906,0,2,男性,61,7,12,0.1666666666666666,14343,1,15,4713869.782113416,4.575342465753424,1.0
C-002368468,S-0075,-58.08891553880417,1,2,女性,48,2,12,0.5,0,0,19,4506647.2743158825,4.526027397260274,1.0
C-001191907,S-0082,-48.50174373328217,0,2,女性,38,7,12,0.3333333333333333,0,0,17,4607261.71451126,4.758904109589041,2.0
C-001642133,S-0050,-11.37926158458123,0,2,男性,40,5,12,0.6666666666666666,0,0,20,4615411.181286601,9.2013698630137,6.0
C-001405733,S-0085,-51.907659969692524,1,2,女性,46,6,12,0.8333333333333334,0,0,15,4606655.398026554,4.928767123287671,2.0
C-000432609,S-0036,-78.88415679072155,1,2,女性,44,11,12,0.5,17902,2,19,4397834.424680548,11.123287671232877,9.0
C-000383282,S-0004,-100.0,1,2,女性,49,11,12,0.3333333333333333,0,0,22,4423576.351309,11.806849315068494,9.0
C-001727202,S-0039,-13.544030128324344,0,2,女性,57,5,12,0.5833333333333334,0,0,16,4591288.568998441,8.193150684931506,5.0
C-001398661,S-0019,-5.079964121287912,0,2,女性,59,6,12,0.5833333333333334,0,0,19,4327199.920883598,4.090410958904109,1.0
C-001970422,S-0113,-62.734755276451224,1,2,女性,34,4,12,0.5,0,0,16,4336633.961311346,5.77945205479452,2.5
C-001640020,S-0005,-33.97390499888346,0,2,女性,50,5,12,0.4166666666666667,15889,1,21,4733942.970761149,4.69041095890411,2.0
C-000181293,S-0030,-26.832874329612988,0,2,男性,35,12,12,0.25,755,1,22,4426478.045479023,9.236986301369862,5.5
C-000249621,S-0099,-100.0,1,2,女性,47,11,12,0.0833333333333333,2397,1,13,4464126.154078853,8.147945205479452,5.0
C-002004651,S-0079,-100.0,1,2,男性,77,4,12,0.3333333333333333,24201,1,13,4256656.371085242,8.479452054794521,6.0
C-001083239,S-0079,-100.0,1,2,女性,64,8,12,0.5,0,0,13,4256656.371085242,8.479452054794521,6.0
C-001814086,S-0019,-24.12595585534444,0,2,女性,60,4,12,1.0,0,0,19,4327199.920883598,4.090410958904109,1.0
C-001202996,S-0089,-25.075528700906347,0,2,男性,69,7,12,0.25,21559,1,19,4721110.949352573,10.142465753424657,7.0
C-000704189,S-0085,-34.81902260436477,0,2,男性,47,9,12,0.4166666666666667,22060,1,15,4606655.398026554,4.928767123287671,2.0
C-002004864,S-0111,-100.0,1,2,男性,78,4,12,0.3333333333333333,0,0,19,4489501.980758176,6.397260273972603,4.0
C-001489754,S-0002,-21.02820330729431,0,2,女性,52,6,12,0.5833333333333334,57643,1,15,4455566.655169959,5.663013698630137,2.0
C-001719373,S-0085,-16.958603654042008,0,2,男性,24,5,12,0.1666666666666666,10468,1,15,4606655.398026554,4.928767123287671,2.0
C-002136445,S-0080,-19.003257369513427,0,2,女性,50,3,12,0.25,4179,1,17,4457429.264950683,11.673972602739726,9.0
C-000730707,S-0002,-100.0,1,2,女性,33,9,12,0.75,0,0,15,4455566.655169959,5.663013698630137,2.0
C-002259855,S-0019,3.9590299147196544,0,2,男性,34,2,12,0.5833333333333334,31113,2,19,4327199.920883598,4.090410958904109,1.0
C-002235047,S-0004,-100.0,1,2,女性,54,3,12,0.1666666666666666,0,0,22,4423576.351309,11.806849315068494,9.0
C-000593239,S-0039,-32.31679727797586,0,2,女性,77,10,12,0.1666666666666666,39053,1,16,4591288.568998441,8.193150684931506,5.0
C-001836136,S-0131,-23.762054393758802,0,2,男性,51,4,12,0.0833333333333333,0,0,17,4569023.5643747775,5.13972602739726,2.0
C-002034936,S-0085,-100.0,1,2,女性,60,3,12,0.5,0,0,15,4606655.398026554,4.928767123287671,2.0
C-002636417,S-0030,-58.912223218852624,1,2,女性,54,1,12,0.0833333333333333,0,0,22,4426478.045479023,9.236986301369862,5.5
C-001059714,S-0005,-100.0,1,2,女性,32,8,12,0.25,26087,2,21,4733942.970761149,4.69041095890411,2.0
C-002585700,S-0100,-1.7218335759112322,0,2,女性,40,1,12,0.5833333333333334,4608,2,17,4535925.154217558,4.720547945205479,2.0
C-002005409,S-0018,-40.624062406240625,0,2,女性,39,4,12,0.0,23021,1,16,4493108.581950108,7.550684931506849,5.0
C-000687264,S-0126,-22.929907730039332,0,2,男性,44,9,12,1.0,0,0,17,4493168.352495564,5.53972602739726,3.0
C-001825908,S-0131,-100.0,1,2,女性,43,4,12,0.6666666666666666,26773,2,17,4569023.5643747775,5.13972602739726,2.0
C-000973421,S-0062,-25.55758586372971,0,2,女性,64,8,12,0.5833333333333334,18810,1,15,4713869.782113416,4.575342465753424,1.0
C-002391856,S-0082,-14.845163406299264,0,2,女性,57,2,12,0.4166666666666667,26847,1,17,4607261.71451126,4.758904109589041,2.0
C-001715269,S-0063,-100.0,1,2,男性,26,5,12,0.0833333333333333,5002,2,18,4564012.176421695,5.749315068493151,3.0
C-002416023,S-0121,-100.0,1,2,女性,57,2,12,0.5,0,0,14,4716268.25678644,9.856164383561644,7.0
C-000994964,S-0059,-27.97628833080293,0,2,女性,61,8,12,0.75,104998,1,14,4713188.969095345,6.8123287671232875,3.0
C-002527607,S-0054,-34.581178431574024,0,2,男性,67,1,12,0.4166666666666667,0,0,23,4489160.181517739,6.358904109589041,4.0
C-000320660,S-0040,-13.6802579092415,0,2,女性,52,11,12,0.4166666666666667,0,0,20,4550116.0180538,8.163013698630138,4.0
C-000323086,S-0017,-43.50643252887595,0,2,女性,40,11,12,0.4166666666666667,1990,2,20,4640207.03550726,5.608219178082192,2.5
C-001742225,S-0054,-47.204009822038834,0,2,女性,55,5,12,0.4166666666666667,18393,1,23,4489160.181517739,6.358904109589041,4.0
C-000171388,S-0039,-59.8790910986033,1,2,男性,49,12,12,0.1666666666666666,0,0,16,4591288.568998441,8.193150684931506,5.0
C-001329205,S-0113,-42.64465636659031,0,2,女性,52,7,12,0.0,959,1,16,4336633.961311346,5.77945205479452,2.5
C-001219677,S-0002,-100.0,1,2,男性,50,7,12,0.0833333333333333,0,0,15,4455566.655169959,5.663013698630137,2.0
C-002091387,S-0050,-72.64912755778671,1,2,女性,59,3,12,0.0833333333333333,5751,1,20,4615411.181286601,9.2013698630137,6.0
C-000194545,S-0117,-100.0,1,2,女性,43,12,12,0.5833333333333334,54850,1,20,4500859.737076383,9.593150684931507,7.0
C-000713831,S-0039,-12.497835563588863,0,2,女性,42,9,12,0.9166666666666666,0,0,16,4591288.568998441,8.193150684931506,5.0
C-002006188,S-0117,-6.836009670710206,0,2,女性,41,4,12,0.6666666666666666,1031,1,20,4500859.737076383,9.593150684931507,7.0
C-000779083,S-0002,-37.312545061283345,0,2,男性,37,9,12,0.5,0,0,15,4455566.655169959,5.663013698630137,2.0
C-001752873,S-0005,-51.14343236197507,1,2,女性,51,5,12,0.8333333333333334,0,0,21,4733942.970761149,4.69041095890411,2.0
C-001784717,S-0050,-100.0,1,2,女性,61,5,12,0.3333333333333333,14739,1,20,4615411.181286601,9.2013698630137,6.0
C-000419017,S-0089,-100.0,1,2,男性,49,11,12,0.5,0,0,19,4721110.949352573,10.142465753424657,7.0
C-000128797,S-0054,-40.01107592689888,0,2,男性,53,12,12,0.5,0,0,23,4489160.181517739,6.358904109589041,4.0
C-001526828,S-0014,-45.27602957716145,0,2,男性,59,6,12,0.5833333333333334,17374,1,21,4730192.353344672,7.336986301369863,4.0
C-001254490,S-0131,-41.36817735847233,0,2,男性,60,7,12,0.25,0,0,17,4569023.5643747775,5.13972602739726,2.0
C-001368779,S-0075,-99.80877813746895,1,2,女性,38,6,12,0.5833333333333334,8417,1,19,4506647.2743158825,4.526027397260274,1.0
C-002036344,S-0005,-14.971638781896967,0,2,女性,38,3,12,0.1666666666666666,16013,2,21,4733942.970761149,4.69041095890411,2.0
C-001867927,S-0100,-6.66879591184925,0,2,女性,34,4,12,0.3333333333333333,5934,2,17,4535925.154217558,4.720547945205479,2.0
C-000126980,S-0041,-100.0,1,2,女性,59,12,12,0.3333333333333333,0,0,17,4828489.286769263,10.389041095890411,7.0
C-002664636,S-0096,-100.0,1,2,女性,43,1,12,0.5,0,0,16,4644856.458098179,8.302739726027397,5.0
C-000486101,S-0063,-52.08772043748898,1,2,女性,30,10,12,0.25,0,0,18,4564012.176421695,5.749315068493151,3.0
C-000142833,S-0111,-20.640396309274976,0,2,女性,79,12,12,0.4166666666666667,9132,2,19,4489501.980758176,6.397260273972603,4.0
C-001910546,S-0054,-94.4934122040715,1,2,女性,60,4,12,0.5833333333333334,5648,1,23,4489160.181517739,6.358904109589041,4.0
C-000424660,S-0121,-52.67486967443619,1,2,男性,53,11,12,0.4166666666666667,0,0,14,4716268.25678644,9.856164383561644,7.0
C-000408630,S-0062,-40.57350655595531,0,2,男性,40,11,12,0.4166666666666667,0,0,15,4713869.782113416,4.575342465753424,1.0
C-001654019,S-0036,-69.97845579645279,1,2,男性,55,5,12,0.0833333333333333,0,0,19,4397834.424680548,11.123287671232877,9.0
C-002496788,S-0085,-25.262782549378315,0,2,男性,66,1,12,0.6666666666666666,0,0,15,4606655.398026554,4.928767123287671,2.0
C-000332600,S-0017,-19.390072855746546,0,2,男性,57,11,12,0.6666666666666666,0,0,20,4640207.03550726,5.608219178082192,2.5
C-000966683,S-0018,-44.52327368536612,0,2,女性,54,8,12,0.5,8566,1,16,4493108.581950108,7.550684931506849,5.0
C-000508652,S-0039,-42.5334172435494,0,2,女性,39,10,12,0.5,0,0,16,4591288.568998441,8.193150684931506,5.0
C-001061551,S-0063,-32.97550044442219,0,2,男性,37,8,12,0.6666666666666666,0,0,18,4564012.176421695,5.749315068493151,3.0
C-001805230,S-0019,-3.6212799578614696,0,2,女性,93,4,12,0.5,18638,1,19,4327199.920883598,4.090410958904109,1.0
C-001729496,S-0039,-9.29801196602518,0,2,女性,48,5,12,0.5,0,0,16,4591288.568998441,8.193150684931506,5.0
C-001967680,S-0019,-12.232358507609815,0,2,男性,57,4,12,0.0833333333333333,0,0,19,4327199.920883598,4.090410958904109,1.0
C-000089796,S-0085,-26.450154319027604,0,2,男性,47,12,12,0.6666666666666666,0,0,15,4606655.398026554,4.928767123287671,2.0
C-002577118,S-0007,-10.552285916738404,0,2,男性,32,1,12,0.1666666666666666,0,0,21,4487075.727367008,3.7260273972602738,1.0
C-001515529,S-0050,-100.0,1,2,女性,43,6,12,0.25,0,0,20,4615411.181286601,9.2013698630137,6.0
C-001758294,S-0062,-36.69143896360493,0,2,女性,49,5,12,0.5,0,0,15,4713869.782113416,4.575342465753424,1.0
C-001854360,S-0100,-66.72664673628132,1,2,女性,49,4,12,0.0833333333333333,46376,2,17,4535925.154217558,4.720547945205479,2.0
C-000601460,S-0041,-98.85221179624665,1,2,男性,53,10,12,0.25,12273,1,17,4828489.286769263,10.389041095890411,7.0
C-001669443,S-0008,-46.625078390599725,0,2,男性,31,5,12,0.4166666666666667,0,0,22,4498453.308937302,10.772602739726027,7.0
C-001722433,S-0079,-27.212528066196334,0,2,男性,24,5,12,0.0833333333333333,44017,1,13,4256656.371085242,8.479452054794521,6.0
C-002364853,S-0059,-100.0,1,2,女性,57,2,12,0.75,0,0,14,4713188.969095345,6.8123287671232875,3.0
C-002008848,S-0075,-49.23455566186727,1,2,女性,52,4,12,0.0833333333333333,0,0,19,4506647.2743158825,4.526027397260274,1.0
C-002179878,S-0126,-35.407326576727286,0,2,男性,41,3,12,0.25,8461,2,17,4493168.352495564,5.53972602739726,3.0
C-001132049,S-0089,-12.013741061985483,0,2,男性,43,7,12,0.1666666666666666,0,0,19,4721110.949352573,10.142465753424657,7.0
C-002406426,S-0040,-23.80448875294236,0,2,女性,43,2,12,0.3333333333333333,0,0,20,4550116.0180538,8.163013698630138,4.0
C-002230956,S-0131,-100.0,1,2,女性,61,3,12,0.1666666666666666,0,0,17,4569023.5643747775,5.13972602739726,2.0
C-001903831,S-0018,-61.862485267988006,1,2,男性,27,4,12,0.0833333333333333,1564,1,16,4493108.581950108,7.550684931506849,5.0
C-002054659,S-0019,-28.34319281843379,0,2,男性,51,3,12,0.9166666666666666,0,0,19,4327199.920883598,4.090410958904109,1.0
C-001248548,S-0089,-21.581573752400647,0,2,男性,58,7,12,0.1666666666666666,0,0,19,4721110.949352573,10.142465753424657,7.0
C-002464345,S-0059,-100.0,1,2,男性,24,2,12,0.4166666666666667,0,0,14,4713188.969095345,6.8123287671232875,3.0
C-000513173,S-0018,-30.660454842531653,0,2,男性,55,10,12,0.5,0,0,16,4493108.581950108,7.550684931506849,5.0
C-002205380,S-0007,-34.31040078265737,0,2,女性,30,3,12,0.25,0,0,21,4487075.727367008,3.7260273972602738,1.0
C-000471430,S-0075,-48.79244407109382,0,2,女性,41,10,12,0.75,0,0,19,4506647.2743158825,4.526027397260274,1.0
C-002568358,S-0100,-100.0,1,2,男性,42,1,12,0.75,0,0,17,4535925.154217558,4.720547945205479,2.0
C-000251085,S-0017,-36.42055900455624,0,2,女性,42,11,12,0.5833333333333334,0,0,20,4640207.03550726,5.608219178082192,2.5
C-000284258,S-0131,-74.52034677151926,1,2,女性,63,11,12,0.5833333333333334,14279,2,17,4569023.5643747775,5.13972602739726,2.0
C-002104022,S-0005,3.739930596656927,0,2,男性,58,3,12,0.5833333333333334,0,0,21,4733942.970761149,4.69041095890411,2.0
C-002516447,S-0056,-70.43873940472687,1,2,男性,43,1,12,0.4166666666666667,14714,1,15,4406070.585753419,7.528767123287671,4.0
C-002546922,S-0111,-100.0,1,2,男性,56,1,12,0.1666666666666666,0,0,19,4489501.980758176,6.397260273972603,4.0
C-001014231,S-0014,-42.45375219679804,0,2,男性,43,8,12,0.3333333333333333,51433,1,21,4730192.353344672,7.336986301369863,4.0
C-001933245,S-0075,-18.736018355389845,0,2,女性,53,4,12,0.6666666666666666,9995,2,19,4506647.2743158825,4.526027397260274,1.0
C-000260275,S-0039,-17.778495627101204,0,2,男性,60,11,12,0.25,24933,2,16,4591288.568998441,8.193150684931506,5.0
C-001877151,S-0059,-10.921325435024066,0,2,女性,24,4,12,0.0833333333333333,0,0,14,4713188.969095345,6.8123287671232875,3.0
C-000057758,S-0062,-53.87220640262318,1,2,女性,34,12,12,0.0833333333333333,0,0,15,4713869.782113416,4.575342465753424,1.0
C-000162293,S-0030,-3.9293584433851683,0,2,女性,46,12,12,0.5833333333333334,0,0,22,4426478.045479023,9.236986301369862,5.5
C-001212900,S-0085,-100.0,1,2,女性,67,7,12,0.1666666666666666,2404,1,15,4606655.398026554,4.928767123287671,2.0
C-002235605,S-0059,-25.243076432465113,0,2,男性,72,3,12,0.0833333333333333,74680,1,14,4713188.969095345,6.8123287671232875,3.0
C-002324097,S-0062,-48.548950181174405,0,2,男性,16,2,12,0.5833333333333334,0,0,15,4713869.782113416,4.575342465753424,1.0
C-000213056,S-0126,-69.85096650435297,1,2,女性,41,12,12,0.9166666666666666,0,0,17,4493168.352495564,5.53972602739726,3.0
C-000527918,S-0017,-79.33771898894855,1,2,女性,52,10,12,0.3333333333333333,0,0,20,4640207.03550726,5.608219178082192,2.5
C-000576454,S-0131,-100.0,1,2,男性,44,10,12,0.25,4295,1,17,4569023.5643747775,5.13972602739726,2.0
C-002489601,S-0085,-24.061825392841005,0,2,男性,33,1,12,0.75,13281,2,15,4606655.398026554,4.928767123287671,2.0
C-002502192,S-0050,-44.95914435660666,0,2,女性,53,1,12,0.3333333333333333,0,0,20,4615411.181286601,9.2013698630137,6.0
C-001338041,S-0039,-70.39420344277265,1,2,女性,44,7,12,0.3333333333333333,0,0,16,4591288.568998441,8.193150684931506,5.0
C-001214307,S-0019,-21.276542841513752,0,2,女性,59,7,12,0.75,61128,1,19,4327199.920883598,4.090410958904109,1.0
C-000386102,S-0100,-18.372209497505235,0,2,女性,53,11,12,0.5833333333333334,0,0,17,4535925.154217558,4.720547945205479,2.0
C-002021298,S-0017,-54.396728016359916,1,2,女性,53,4,12,0.25,10051,2,20,4640207.03550726,5.608219178082192,2.5
C-000591880,S-0072,-100.0,1,2,女性,21,10,12,0.25,22609,1,12,4406797.312641796,9.01917808219178,6.0
C-000312055,S-0062,-100.0,1,2,女性,60,11,12,0.75,0,0,15,4713869.782113416,4.575342465753424,1.0
C-000027859,S-0007,-100.0,1,2,女性,41,12,12,0.25,0,0,21,4487075.727367008,3.7260273972602738,1.0
C-002379269,S-0059,-100.0,1,2,男性,84,2,12,0.4166666666666667,0,0,14,4713188.969095345,6.8123287671232875,3.0
C-001711901,S-0100,-63.032845066787125,1,2,女性,58,5,12,0.5,0,0,17,4535925.154217558,4.720547945205479,2.0
C-000498008,S-0096,-91.71987494781006,1,2,男性,46,10,12,0.25,6424,1,16,4644856.458098179,8.302739726027397,5.0
C-000524196,S-0131,-80.52708788559588,1,2,男性,59,10,12,0.3333333333333333,56483,2,17,4569023.5643747775,5.13972602739726,2.0
C-001021066,S-0007,-100.0,1,2,男性,67,8,12,0.1666666666666666,0,0,21,4487075.727367008,3.7260273972602738,1.0
C-001508035,S-0002,-48.67292957057063,0,2,女性,52,6,12,0.1666666666666666,8472,1,15,4455566.655169959,5.663013698630137,2.0
C-002500018,S-0089,-84.56613602418855,1,2,男性,46,1,12,0.0833333333333333,13283,1,19,4721110.949352573,10.142465753424657,7.0
C-000866978,S-0002,-37.55864956078975,0,2,女性,37,9,12,0.5833333333333334,0,0,15,4455566.655169959,5.663013698630137,2.0
C-001319669,S-0056,-60.91085476951994,1,2,男性,55,7,12,0.5,126559,1,15,4406070.585753419,7.528767123287671,4.0
C-001996466,S-0131,-49.40027873859952,1,2,女性,48,4,12,0.0833333333333333,0,0,17,4569023.5643747775,5.13972602739726,2.0
C-001216872,S-0111,-97.79981521404373,1,2,女性,68,7,12,0.5833333333333334,0,0,19,4489501.980758176,6.397260273972603,4.0
C-001155222,S-0017,-99.03403654257986,1,2,女性,27,7,12,0.5833333333333334,0,0,20,4640207.03550726,5.608219178082192,2.5
C-001978254,S-0019,3.1546463296690317,0,2,女性,54,4,12,0.75,9250,1,19,4327199.920883598,4.090410958904109,1.0
C-001038012,S-0100,-100.0,1,2,女性,50,8,12,0.9166666666666666,0,0,17,4535925.154217558,4.720547945205479,2.0
C-000215683,S-0063,-49.43326793465554,1,2,女性,60,12,12,0.3333333333333333,40648,1,18,4564012.176421695,5.749315068493151,3.0
C-000569511,S-0075,-18.206584778276774,0,2,女性,49,10,12,0.3333333333333333,0,0,19,4506647.2743158825,4.526027397260274,1.0
C-001087939,S-0019,-45.99055846366293,0,2,男性,70,8,12,0.8333333333333334,5345,1,19,4327199.920883598,4.090410958904109,1.0
C-000845083,S-0126,-56.545351806119456,1,2,女性,20,9,12,0.8333333333333334,0,0,17,4493168.352495564,5.53972602739726,3.0
C-002465472,S-0004,-99.27636071740928,1,2,男性,22,2,12,0.0833333333333333,0,0,22,4423576.351309,11.806849315068494,9.0
C-001989158,S-0100,-3.9632148372948364,0,2,女性,56,4,12,0.4166666666666667,22286,1,17,4535925.154217558,4.720547945205479,2.0
C-002170841,S-0007,-47.52980166478265,0,2,女性,38,3,12,0.1666666666666666,6711,1,21,4487075.727367008,3.7260273972602738,1.0
C-001713875,S-0100,-21.685335043915916,0,2,女性,60,5,12,1.0,120661,1,17,4535925.154217558,4.720547945205479,2.0
C-001535709,S-0085,-26.995710475841783,0,2,男性,20,6,12,0.4166666666666667,0,0,15,4606655.398026554,4.928767123287671,2.0
C-000984070,S-0085,-14.83465425872181,0,2,女性,57,8,12,0.4166666666666667,0,0,15,4606655.398026554,4.928767123287671,2.0
C-000913749,S-0004,-58.89475895606174,1,2,女性,43,8,12,0.4166666666666667,2087,2,22,4423576.351309,11.806849315068494,9.0
C-002374683,S-0100,-26.93704752123049,0,2,男性,14,2,12,0.5,2104,1,17,4535925.154217558,4.720547945205479,2.0
C-001012101,S-0085,-23.685675778343246,0,2,女性,32,8,12,0.6666666666666666,0,0,15,4606655.398026554,4.928767123287671,2.0
C-000273965,S-0017,-100.0,1,2,女性,60,11,12,0.3333333333333333,16035,1,20,4640207.03550726,5.608219178082192,2.5
C-001245508,S-0099,-80.85764809902741,1,2,女性,18,7,12,0.1666666666666666,81676,1,13,4464126.154078853,8.147945205479452,5.0
C-002632121,S-0040,-39.72912055556684,0,2,男性,53,1,12,0.3333333333333333,11444,1,20,4550116.0180538,8.163013698630138,4.0
C-000470621,S-0040,-58.54458885600309,1,2,男性,35,10,12,0.3333333333333333,0,0,20,4550116.0180538,8.163013698630138,4.0
C-001219558,S-0005,-36.65300566231735,0,2,男性,31,7,12,0.4166666666666667,0,0,21,4733942.970761149,4.69041095890411,2.0
C-001918257,S-0054,-100.0,1,2,男性,55,4,12,0.0,4810,2,23,4489160.181517739,6.358904109589041,4.0
C-000393553,S-0050,-100.0,1,2,女性,26,11,12,0.6666666666666666,27247,1,20,4615411.181286601,9.2013698630137,6.0
C-000412071,S-0085,-1.7516932040860422,0,2,男性,54,11,12,0.4166666666666667,0,0,15,4606655.398026554,4.928767123287671,2.0
C-002311274,S-0019,-17.296393129234488,0,2,女性,52,2,12,0.9166666666666666,0,0,19,4327199.920883598,4.090410958904109,1.0
C-002683616,S-0079,-100.0,1,2,女性,20,1,12,0.0833333333333333,0,0,13,4256656.371085242,8.479452054794521,6.0
C-000662129,S-0030,-51.13746700987261,1,2,女性,47,10,12,0.5833333333333334,0,0,22,4426478.045479023,9.236986301369862,5.5
C-001448033,S-0131,-52.82208142160075,1,2,男性,52,6,12,0.5833333333333334,0,0,17,4569023.5643747775,5.13972602739726,2.0
C-001323093,S-0002,-64.0483686606373,1,2,女性,42,7,12,0.1666666666666666,3637,2,15,4455566.655169959,5.663013698630137,2.0
C-002249777,S-0097,-12.061390634643852,0,2,男性,41,2,12,0.5,59979,1,21,4592508.716501317,10.09041095890411,7.0
C-000614795,S-0102,-7.117817777936638,0,2,男性,43,10,12,0.5,25404,1,16,4383474.364435211,10.484931506849314,7.5
C-001963937,S-0005,-4.791314906259996,0,2,女性,60,4,12,0.3333333333333333,0,0,21,4733942.970761149,4.69041095890411,2.0
C-002214013,S-0082,-94.0585398676685,1,2,女性,42,3,12,0.0833333333333333,1300,1,17,4607261.71451126,4.758904109589041,2.0
C-000122507,S-0040,-93.74640369241317,1,2,男性,45,12,12,0.4166666666666667,0,0,20,4550116.0180538,8.163013698630138,4.0
C-000761521,S-0039,-50.96880108709898,1,2,女性,53,9,12,0.3333333333333333,0,0,16,4591288.568998441,8.193150684931506,5.0
C-001448614,S-0100,-22.5846754579438,0,2,女性,57,6,12,0.4166666666666667,60580,1,17,4535925.154217558,4.720547945205479,2.0
C-001321306,S-0019,-8.172451904957505,0,2,女性,60,7,12,0.75,0,0,19,4327199.920883598,4.090410958904109,1.0
C-000720934,S-0040,-38.44720877504749,0,2,女性,55,9,12,0.5,2245,1,20,4550116.0180538,8.163013698630138,4.0
C-000625311,S-0131,-5.943481124344543,0,2,女性,19,10,12,0.5833333333333334,12874,1,17,4569023.5643747775,5.13972602739726,2.0
C-000762246,S-0099,-100.0,1,2,男性,41,9,12,0.25,0,0,13,4464126.154078853,8.147945205479452,5.0
C-001778903,S-0050,-21.571690072160067,0,2,男性,48,5,12,0.3333333333333333,0,0,20,4615411.181286601,9.2013698630137,6.0
C-002211811,S-0131,-21.629011437091233,0,2,男性,77,3,12,0.3333333333333333,0,0,17,4569023.5643747775,5.13972602739726,2.0
C-000827853,S-0106,-77.66668599498016,1,2,女性,24,9,12,0.1666666666666666,0,0,20,4462729.145118021,6.171232876712329,3.5
C-002610487,S-0017,-75.05969133231054,1,2,女性,52,1,12,0.9166666666666666,0,0,20,4640207.03550726,5.608219178082192,2.5
C-001907536,S-0100,-57.17263689222918,1,2,女性,57,4,12,0.25,0,0,17,4535925.154217558,4.720547945205479,2.0
C-001297596,S-0017,-64.45441094877012,1,2,女性,58,7,12,0.25,5207,1,20,4640207.03550726,5.608219178082192,2.5
C-001309642,S-0050,-53.78346609573587,1,2,男性,66,7,12,0.1666666666666666,9745,2,20,4615411.181286601,9.2013698630137,6.0
C-002553820,S-0126,-25.67634876527028,0,2,男性,54,1,12,0.1666666666666666,0,0,17,4493168.352495564,5.53972602739726,3.0
C-001769934,S-0059,-45.95015117313892,0,2,男性,43,5,12,0.6666666666666666,0,0,14,4713188.969095345,6.8123287671232875,3.0
C-000863561,S-0089,-41.027648787546894,0,2,男性,39,9,12,0.6666666666666666,0,0,19,4721110.949352573,10.142465753424657,7.0
C-000867554,S-0054,-72.69587740125189,1,2,男性,54,9,12,0.4166666666666667,0,0,23,4489160.181517739,6.358904109589041,4.0
C-000193057,S-0115,-22.77710650698319,0,2,男性,48,12,12,0.4166666666666667,0,0,14,4553643.099564746,10.51095890410959,7.0
C-000925705,S-0072,-30.27825541532838,0,2,男性,69,8,12,0.5,0,0,12,4406797.312641796,9.01917808219178,6.0
C-000039964,S-0075,-17.17231386148591,0,2,女性,31,12,12,0.1666666666666666,7620,1,19,4506647.2743158825,4.526027397260274,1.0
C-001607906,S-0082,-100.0,1,2,女性,19,5,12,0.5833333333333334,0,0,17,4607261.71451126,4.758904109589041,2.0
C-001568479,S-0082,-100.0,1,2,女性,44,6,12,0.5833333333333334,0,0,17,4607261.71451126,4.758904109589041,2.0
C-001577248,S-0030,-59.185052136317395,1,2,女性,41,5,12,0.9166666666666666,1398,1,22,4426478.045479023,9.236986301369862,5.5
C-002101963,S-0096,-100.0,1,2,女性,59,3,12,0.1666666666666666,22943,1,16,4644856.458098179,8.302739726027397,5.0
C-000205198,S-0017,-65.50992981932208,1,2,女性,63,12,12,0.75,37487,1,20,4640207.03550726,5.608219178082192,2.5
C-001081723,S-0036,-100.0,1,2,男性,50,8,12,0.0833333333333333,24526,2,19,4397834.424680548,11.123287671232877,9.0
C-002003862,S-0063,-100.0,1,2,男性,55,4,12,0.4166666666666667,0,0,18,4564012.176421695,5.749315068493151,3.0
C-000080184,S-0019,-9.856164355485964,0,2,男性,47,12,12,0.9166666666666666,0,0,19,4327199.920883598,4.090410958904109,1.0
C-000645070,S-0019,-14.235064704839568,0,2,女性,58,10,12,1.0,0,0,19,4327199.920883598,4.090410958904109,1.0
C-000194500,S-0056,-100.0,1,2,男性,20,12,12,0.1666666666666666,0,0,15,4406070.585753419,7.528767123287671,4.0
C-000979098,S-0054,-37.3873468109657,0,2,女性,44,8,12,0.5,6172,2,23,4489160.181517739,6.358904109589041,4.0
C-001026220,S-0002,-60.62599269025702,1,2,女性,58,8,12,0.0833333333333333,0,0,15,4455566.655169959,5.663013698630137,2.0
C-000624644,S-0131,-76.1931207452526,1,2,女性,34,10,12,0.5833333333333334,71005,2,17,4569023.5643747775,5.13972602739726,2.0
C-001940227,S-0099,-100.0,1,2,男性,43,4,12,0.0,57420,1,13,4464126.154078853,8.147945205479452,5.0
C-001407214,S-0096,-47.09459819632966,0,2,女性,30,6,12,0.0833333333333333,13733,2,16,4644856.458098179,8.302739726027397,5.0
C-000690739,S-0111,-80.93806709785491,1,2,女性,42,9,12,0.4166666666666667,5816,1,19,4489501.980758176,6.397260273972603,4.0
C-002069866,S-0020,-98.82578320831864,1,2,男性,35,3,12,0.0833333333333333,0,0,16,4280702.057267675,6.986301369863014,3.5
C-001438434,S-0082,-100.0,1,2,男性,45,6,12,0.3333333333333333,0,0,17,4607261.71451126,4.758904109589041,2.0
C-000209152,S-0005,-52.635880122717474,1,2,男性,66,12,12,0.25,5987,1,21,4733942.970761149,4.69041095890411,2.0
C-002040199,S-0096,-100.0,1,2,女性,47,3,12,0.5833333333333334,88194,1,16,4644856.458098179,8.302739726027397,5.0
C-001362939,S-0096,-100.0,1,2,男性,49,6,12,0.25,34606,1,16,4644856.458098179,8.302739726027397,5.0
C-002336458,S-0056,-100.0,1,2,女性,48,2,12,0.4166666666666667,0,0,15,4406070.585753419,7.528767123287671,4.0
C-001767669,S-0018,-37.886218384066574,0,2,女性,30,5,12,0.25,0,0,16,4493108.581950108,7.550684931506849,5.0
C-002387356,S-0054,-49.9937932532663,1,2,男性,64,2,12,0.3333333333333333,1300,2,23,4489160.181517739,6.358904109589041,4.0
C-001589931,S-0126,-11.637759763938604,0,2,女性,51,5,12,0.5833333333333334,5192,1,17,4493168.352495564,5.53972602739726,3.0
C-000339409,S-0062,-83.8027967628471,1,2,女性,44,11,12,0.4166666666666667,0,0,15,4713869.782113416,4.575342465753424,1.0
C-000460997,S-0036,-10.218043833538074,0,2,女性,56,10,12,0.5,0,0,19,4397834.424680548,11.123287671232877,9.0
C-000144630,S-0005,-46.22978966948062,0,2,男性,32,12,12,0.25,0,0,21,4733942.970761149,4.69041095890411,2.0
C-000988976,S-0126,-100.0,1,2,女性,52,8,12,0.1666666666666666,0,0,17,4493168.352495564,5.53972602739726,3.0
C-000492108,S-0063,-49.29280201606552,1,2,女性,52,10,12,0.25,5001,1,18,4564012.176421695,5.749315068493151,3.0
C-002516934,S-0036,-70.86648641689199,1,2,女性,63,1,12,0.0,9529,2,19,4397834.424680548,11.123287671232877,9.0
C-001064507,S-0111,-15.46906102181032,0,2,男性,47,8,12,0.3333333333333333,9796,1,19,4489501.980758176,6.397260273972603,4.0
C-001528862,S-0072,-52.84410407049938,1,2,男性,49,6,12,0.5833333333333334,5760,2,12,4406797.312641796,9.01917808219178,6.0
C-000852909,S-0063,-100.0,1,2,男性,57,9,12,0.4166666666666667,0,0,18,4564012.176421695,5.749315068493151,3.0
C-000340212,S-0075,-29.058205885061906,0,2,女性,48,11,12,0.1666666666666666,0,0,19,4506647.2743158825,4.526027397260274,1.0
C-001604320,S-0096,-27.17378981974833,0,2,女性,34,5,12,0.1666666666666666,3664,1,16,4644856.458098179,8.302739726027397,5.0
C-000851231,S-0126,-21.60485453103477,0,2,男性,19,9,12,0.1666666666666666,0,0,17,4493168.352495564,5.53972602739726,3.0
C-000904313,S-0039,-16.079028354823453,0,2,男性,63,8,12,0.5833333333333334,0,0,16,4591288.568998441,8.193150684931506,5.0
C-000776140,S-0082,-63.43161534507733,1,2,女性,44,9,12,0.25,0,0,17,4607261.71451126,4.758904109589041,2.0
C-000002303,S-0056,-84.81478212257628,1,2,女性,50,12,12,0.3333333333333333,60535,2,15,4406070.585753419,7.528767123287671,4.0
C-000000660,S-0085,-58.93282010092897,1,2,男性,42,13,12,1.0,0,0,15,4606655.398026554,4.928767123287671,2.0
C-001168528,S-0100,-23.842171607825023,0,2,女性,55,7,12,0.5,0,0,17,4535925.154217558,4.720547945205479,2.0
C-002370396,S-0020,-100.0,1,2,女性,45,2,12,0.3333333333333333,0,0,16,4280702.057267675,6.986301369863014,3.5
C-001252558,S-0085,-6.751351366545702,0,2,女性,48,7,12,0.5,1447,1,15,4606655.398026554,4.928767123287671,2.0
C-000773322,S-0062,-35.56668948776996,0,2,女性,74,9,12,0.1666666666666666,14150,1,15,4713869.782113416,4.575342465753424,1.0
C-001355322,S-0018,-100.0,1,2,女性,43,6,12,0.5833333333333334,75708,1,16,4493108.581950108,7.550684931506849,5.0
C-000817230,S-0012,-18.235196239522452,0,2,男性,69,9,12,0.4166666666666667,19972,1,16,4444678.825084195,7.994520547945205,5.0
C-002380168,S-0019,-14.890996112044963,0,2,女性,49,2,12,0.6666666666666666,0,0,19,4327199.920883598,4.090410958904109,1.0
C-000976223,S-0074,-4.686756876306274,0,2,女性,60,8,12,0.1666666666666666,8070,2,14,4614054.39694187,8.308219178082192,6.0
C-002165988,S-0054,-100.0,1,2,女性,43,3,12,0.5,0,0,23,4489160.181517739,6.358904109589041,4.0
C-000469089,S-0075,-53.88744386318691,1,2,男性,55,10,12,0.6666666666666666,0,0,19,4506647.2743158825,4.526027397260274,1.0
C-000660532,S-0100,-31.96741963330566,0,2,男性,56,10,12,0.4166666666666667,0,0,17,4535925.154217558,4.720547945205479,2.0
C-000027821,S-0089,-67.17494714587738,1,2,男性,49,12,12,0.25,12239,2,19,4721110.949352573,10.142465753424657,7.0
C-002443640,S-0079,-62.11667527103769,1,2,女性,52,2,12,0.5833333333333334,0,0,13,4256656.371085242,8.479452054794521,6.0
C-002454100,S-0063,-55.619903691813796,1,2,女性,44,2,12,0.5833333333333334,5494,1,18,4564012.176421695,5.749315068493151,3.0
C-000346123,S-0085,-25.22200984455082,0,2,女性,46,11,12,0.3333333333333333,30032,1,15,4606655.398026554,4.928767123287671,2.0
C-002412077,S-0030,-65.55371424454212,1,2,男性,47,2,12,0.3333333333333333,0,0,22,4426478.045479023,9.236986301369862,5.5
C-002621596,S-0097,-35.99480836768972,0,2,女性,38,1,12,0.5,3951,2,21,4592508.716501317,10.09041095890411,7.0
C-002370900,S-0075,-100.0,1,2,男性,49,2,12,0.4166666666666667,17737,1,19,4506647.2743158825,4.526027397260274,1.0
C-000794012,S-0019,-11.786279790502226,0,2,男性,49,9,12,0.5,0,0,19,4327199.920883598,4.090410958904109,1.0
C-001915967,S-0056,-100.0,1,2,男性,50,4,12,0.1666666666666666,6157,1,15,4406070.585753419,7.528767123287671,4.0
C-001155624,S-0002,-23.099153739486542,0,2,女性,61,7,12,0.1666666666666666,6086,1,15,4455566.655169959,5.663013698630137,2.0
C-000315762,S-0059,-30.518682611931258,0,2,女性,56,11,12,0.3333333333333333,0,0,14,4713188.969095345,6.8123287671232875,3.0
C-002205064,S-0106,-23.7747473252362,0,2,女性,21,3,12,0.5,0,0,20,4462729.145118021,6.171232876712329,3.5
C-002034147,S-0126,-100.0,1,2,女性,40,3,12,0.8333333333333334,19304,1,17,4493168.352495564,5.53972602739726,3.0
C-001348731,S-0041,-100.0,1,2,男性,47,7,12,0.0,0,0,17,4828489.286769263,10.389041095890411,7.0
C-000297841,S-0019,-14.075642289957086,0,2,女性,36,11,12,0.25,0,0,19,4327199.920883598,4.090410958904109,1.0
C-002301897,S-0039,-8.762724037133914,0,2,男性,42,2,12,0.5833333333333334,0,0,16,4591288.568998441,8.193150684931506,5.0
C-000591207,S-0005,-17.855763683952077,0,2,男性,51,10,12,0.5,159788,1,21,4733942.970761149,4.69041095890411,2.0
C-000977306,S-0054,-18.237035493420446,0,2,男性,55,8,12,0.0833333333333333,26807,1,23,4489160.181517739,6.358904109589041,4.0
C-000221518,S-0059,-34.618454739260365,0,2,男性,61,12,12,0.4166666666666667,9489,1,14,4713188.969095345,6.8123287671232875,3.0
C-002119863,S-0063,-52.20683568189427,1,2,男性,39,3,12,0.5,19167,1,18,4564012.176421695,5.749315068493151,3.0
C-001628990,S-0062,-2.905067528318934,0,2,女性,56,5,12,0.9166666666666666,57059,1,15,4713869.782113416,4.575342465753424,1.0
C-001489020,S-0019,-12.117460285762784,0,2,女性,44,6,12,0.5,0,0,19,4327199.920883598,4.090410958904109,1.0
C-001310846,S-0085,-35.48029685376816,0,2,女性,57,7,12,0.1666666666666666,0,0,15,4606655.398026554,4.928767123287671,2.0
C-001934195,S-0007,-100.0,1,2,男性,50,4,12,0.5833333333333334,0,0,21,4487075.727367008,3.7260273972602738,1.0
C-002424750,S-0096,-12.058500008638513,0,2,女性,20,2,12,0.6666666666666666,0,0,16,4644856.458098179,8.302739726027397,5.0
C-001245270,S-0096,-68.93996301860626,1,2,男性,58,7,12,0.3333333333333333,6518,1,16,4644856.458098179,8.302739726027397,5.0
C-001113930,S-0050,-100.0,1,2,女性,58,8,12,0.1666666666666666,0,0,20,4615411.181286601,9.2013698630137,6.0
C-002114433,S-0005,-3.0337650282490918,0,2,女性,55,3,12,0.8333333333333334,0,0,21,4733942.970761149,4.69041095890411,2.0
C-002312436,S-0082,-100.0,1,2,女性,38,2,12,0.75,0,0,17,4607261.71451126,4.758904109589041,2.0
C-002273946,S-0002,-28.50745281440527,0,2,女性,42,2,12,0.6666666666666666,25433,1,15,4455566.655169959,5.663013698630137,2.0
C-002477704,S-0089,-62.458350089044636,1,2,男性,49,1,12,0.25,0,0,19,4721110.949352573,10.142465753424657,7.0
C-001080346,S-0111,-26.41170962904041,0,2,女性,52,8,12,0.5833333333333334,0,0,19,4489501.980758176,6.397260273972603,4.0
C-001577854,S-0040,-46.921662566360226,0,2,女性,55,5,12,0.0,0,0,20,4550116.0180538,8.163013698630138,4.0
C-001371922,S-0017,-15.747499171836585,0,2,女性,38,6,12,0.1666666666666666,0,0,20,4640207.03550726,5.608219178082192,2.5
C-000302592,S-0059,-76.71033184183354,1,2,女性,74,11,12,0.6666666666666666,28522,1,14,4713188.969095345,6.8123287671232875,3.0
C-002476710,S-0020,-100.0,1,2,女性,40,1,12,0.75,0,0,16,4280702.057267675,6.986301369863014,3.5
C-001560574,S-0054,-17.24285579507326,0,2,男性,55,6,12,0.5,21168,2,23,4489160.181517739,6.358904109589041,4.0
C-002539576,S-0131,-61.90988808899056,1,2,女性,50,1,12,0.3333333333333333,10018,1,17,4569023.5643747775,5.13972602739726,2.0
C-000784436,S-0019,-24.33140794223827,0,2,女性,27,9,12,0.0,0,0,19,4327199.920883598,4.090410958904109,1.0
C-000395302,S-0063,-39.14255144442509,0,2,男性,62,11,12,0.9166666666666666,0,0,18,4564012.176421695,5.749315068493151,3.0
C-002680878,S-0039,-11.635232748618494,0,2,女性,36,1,12,0.1666666666666666,0,0,16,4591288.568998441,8.193150684931506,5.0
C-000222798,S-0020,-2.844101909832971,0,2,女性,67,12,12,0.3333333333333333,0,0,16,4280702.057267675,6.986301369863014,3.5
C-000538215,S-0008,-37.81662892364913,0,2,男性,20,10,12,0.1666666666666666,0,0,22,4498453.308937302,10.772602739726027,7.0
C-000991871,S-0085,-28.553521593112908,0,2,女性,36,8,12,0.3333333333333333,22437,1,15,4606655.398026554,4.928767123287671,2.0
C-000968105,S-0017,-53.460622505455845,1,2,男性,22,8,12,0.6666666666666666,0,0,20,4640207.03550726,5.608219178082192,2.5
C-000316947,S-0056,-91.58473183740539,1,2,男性,42,11,12,0.25,0,0,15,4406070.585753419,7.528767123287671,4.0
C-002338137,S-0126,-32.534528087826686,0,2,男性,47,2,12,0.1666666666666666,43739,1,17,4493168.352495564,5.53972602739726,3.0
C-002139299,S-0014,-100.0,1,2,女性,69,3,12,0.1666666666666666,17046,1,21,4730192.353344672,7.336986301369863,4.0
C-000078316,S-0072,-30.34682308479647,0,2,女性,51,12,12,0.5,0,0,12,4406797.312641796,9.01917808219178,6.0
C-000684237,S-0005,-18.07136274005487,0,2,男性,41,9,12,0.5,6515,2,21,4733942.970761149,4.69041095890411,2.0
C-001355255,S-0020,-47.16239364241386,0,2,女性,54,6,12,0.4166666666666667,15806,1,16,4280702.057267675,6.986301369863014,3.5
C-000486403,S-0075,-77.88178002912063,1,2,男性,65,10,12,0.5,0,0,19,4506647.2743158825,4.526027397260274,1.0
C-002102126,S-0048,-9.68172298782222,0,2,女性,60,3,12,0.4166666666666667,0,0,15,4502249.082895545,3.671232876712329,1.0
C-002342981,S-0062,-39.04125789268012,0,2,女性,54,2,12,0.5,0,0,15,4713869.782113416,4.575342465753424,1.0
C-001296234,S-0062,-23.47059029848129,0,2,女性,52,7,12,0.4166666666666667,19298,2,15,4713869.782113416,4.575342465753424,1.0
C-000882062,S-0096,-51.86678684947103,1,2,男性,65,9,12,0.4166666666666667,3714,2,16,4644856.458098179,8.302739726027397,5.0
C-001228678,S-0039,-100.0,1,2,男性,52,7,12,0.4166666666666667,0,0,16,4591288.568998441,8.193150684931506,5.0
C-002578575,S-0063,-26.400102854204167,0,2,男性,49,1,12,0.5833333333333334,0,0,18,4564012.176421695,5.749315068493151,3.0
C-002642503,S-0039,-16.264440801008366,0,2,女性,59,1,12,0.6666666666666666,0,0,16,4591288.568998441,8.193150684931506,5.0
C-001880317,S-0020,-100.0,1,2,女性,57,4,12,0.25,40454,2,16,4280702.057267675,6.986301369863014,3.5
C-000721977,S-0004,-100.0,1,2,男性,56,9,12,0.3333333333333333,0,0,22,4423576.351309,11.806849315068494,9.0
C-002553631,S-0059,-100.0,1,2,女性,40,1,12,0.1666666666666666,47129,1,14,4713188.969095345,6.8123287671232875,3.0
C-002159420,S-0054,-100.0,1,2,女性,87,3,12,0.0,0,0,23,4489160.181517739,6.358904109589041,4.0
C-000283686,S-0030,-19.431394754798813,0,2,男性,35,11,12,0.8333333333333334,7153,1,22,4426478.045479023,9.236986301369862,5.5
C-002098971,S-0012,-2.943273517682734,0,2,女性,43,3,12,0.5833333333333334,0,0,16,4444678.825084195,7.994520547945205,5.0
C-002192753,S-0063,-76.16897692030909,1,2,男性,50,3,12,0.5,0,0,18,4564012.176421695,5.749315068493151,3.0
C-001599560,S-0126,-51.18963605202137,1,2,男性,73,5,12,0.4166666666666667,0,0,17,4493168.352495564,5.53972602739726,3.0
C-001734729,S-0039,-32.11617796835184,0,2,女性,20,5,12,0.0833333333333333,0,0,16,4591288.568998441,8.193150684931506,5.0
C-000178232,S-0100,-48.61397809888041,0,2,女性,47,12,12,0.3333333333333333,10954,1,17,4535925.154217558,4.720547945205479,2.0
C-000543633,S-0085,-82.14150407274104,1,2,女性,55,10,12,0.8333333333333334,72529,1,15,4606655.398026554,4.928767123287671,2.0
C-002538205,S-0126,-100.0,1,2,女性,45,1,12,0.1666666666666666,7554,1,17,4493168.352495564,5.53972602739726,3.0
C-002672332,S-0121,-100.0,1,2,男性,50,1,12,0.25,43737,1,14,4716268.25678644,9.856164383561644,7.0
C-000019186,S-0054,-88.09794912325354,1,2,女性,41,12,12,0.5833333333333334,0,0,23,4489160.181517739,6.358904109589041,4.0
C-001819487,S-0062,-12.552512855948287,0,2,女性,59,4,12,0.5,9746,2,15,4713869.782113416,4.575342465753424,1.0
C-000843719,S-0039,-100.0,1,2,女性,65,9,12,0.4166666666666667,5997,1,16,4591288.568998441,8.193150684931506,5.0
C-001740343,S-0085,-20.69784716544916,0,2,男性,50,5,12,0.1666666666666666,14326,1,15,4606655.398026554,4.928767123287671,2.0
C-000234119,S-0111,-100.0,1,2,女性,51,11,12,0.3333333333333333,0,0,19,4489501.980758176,6.397260273972603,4.0
C-002534315,S-0005,-77.93656119850779,1,2,女性,72,1,12,0.6666666666666666,0,0,21,4733942.970761149,4.69041095890411,2.0
C-000972444,S-0075,0.6578770757757706,0,2,女性,57,8,12,0.6666666666666666,0,0,19,4506647.2743158825,4.526027397260274,1.0
C-000089977,S-0005,-6.560777957860616,0,2,女性,76,12,12,0.5,3718,2,21,4733942.970761149,4.69041095890411,2.0
C-000663392,S-0017,-28.722718868535917,0,2,女性,44,10,12,0.0833333333333333,0,0,20,4640207.03550726,5.608219178082192,2.5
C-002327560,S-0075,-11.09253281121786,0,2,女性,59,2,12,0.9166666666666666,4230,1,19,4506647.2743158825,4.526027397260274,1.0
C-000781928,S-0040,-28.132770196265312,0,2,男性,52,9,12,0.4166666666666667,4829,1,20,4550116.0180538,8.163013698630138,4.0
C-000748286,S-0030,-100.0,1,2,女性,51,9,12,0.3333333333333333,7364,1,22,4426478.045479023,9.236986301369862,5.5
C-001878878,S-0131,-33.8162842755983,0,2,女性,33,4,12,0.5833333333333334,0,0,17,4569023.5643747775,5.13972602739726,2.0
C-000581517,S-0050,-28.555474875226338,0,2,男性,50,10,12,0.5833333333333334,0,0,20,4615411.181286601,9.2013698630137,6.0
C-000551876,S-0054,-100.0,1,2,男性,59,10,12,0.3333333333333333,0,0,23,4489160.181517739,6.358904109589041,4.0
C-001308947,S-0082,-21.297508614326674,0,2,女性,49,7,12,0.6666666666666666,1684,1,17,4607261.71451126,4.758904109589041,2.0
C-000904145,S-0059,-39.23610038865532,0,2,女性,43,8,12,0.1666666666666666,0,0,14,4713188.969095345,6.8123287671232875,3.0
C-002533233,S-0007,-73.45830209114388,1,2,女性,50,1,12,0.0833333333333333,9751,1,21,4487075.727367008,3.7260273972602738,1.0
C-000031822,S-0131,-99.39526858138072,1,2,女性,35,12,12,0.1666666666666666,0,0,17,4569023.5643747775,5.13972602739726,2.0
C-001071948,S-0019,-100.0,1,2,女性,32,8,12,0.8333333333333334,0,0,19,4327199.920883598,4.090410958904109,1.0
C-001726170,S-0002,-100.0,1,2,女性,38,5,12,0.0833333333333333,0,0,15,4455566.655169959,5.663013698630137,2.0
C-001636933,S-0004,-12.838039421081593,0,2,男性,59,5,12,0.6666666666666666,4429,2,22,4423576.351309,11.806849315068494,9.0
C-002684431,S-0002,-96.42413987591652,1,2,女性,57,1,12,0.5,45582,1,15,4455566.655169959,5.663013698630137,2.0
C-000468187,S-0131,-86.42606644136963,1,2,女性,38,10,12,0.0833333333333333,0,0,17,4569023.5643747775,5.13972602739726,2.0
C-002424238,S-0040,-30.842742324606753,0,2,女性,35,2,12,0.1666666666666666,11200,1,20,4550116.0180538,8.163013698630138,4.0
C-000747179,S-0113,-40.60898899901492,0,2,女性,37,9,12,0.6666666666666666,0,0,16,4336633.961311346,5.77945205479452,2.5
C-000703201,S-0050,-15.064003628974895,0,2,女性,54,9,12,0.5,3776,1,20,4615411.181286601,9.2013698630137,6.0
C-000939129,S-0085,-10.02855919945686,0,2,女性,28,8,12,0.4166666666666667,0,0,15,4606655.398026554,4.928767123287671,2.0
C-001770026,S-0017,-100.0,1,2,男性,44,5,12,0.6666666666666666,0,0,20,4640207.03550726,5.608219178082192,2.5
C-000673232,S-0050,-25.97036906675065,0,2,男性,46,10,12,0.3333333333333333,22385,1,20,4615411.181286601,9.2013698630137,6.0
C-001219579,S-0075,-100.0,1,2,女性,59,7,12,0.1666666666666666,0,0,19,4506647.2743158825,4.526027397260274,1.0
C-001304004,S-0115,-35.09390347529273,0,2,女性,68,7,12,0.0833333333333333,41077,1,14,4553643.099564746,10.51095890410959,7.0
C-001284972,S-0036,-100.0,1,2,男性,44,7,12,0.1666666666666666,0,0,19,4397834.424680548,11.123287671232877,9.0
C-001665081,S-0079,0.6031010157165919,0,2,男性,55,5,12,0.5,0,0,13,4256656.371085242,8.479452054794521,6.0
C-000641238,S-0017,-21.820684554382215,0,2,女性,43,10,12,0.3333333333333333,16845,1,20,4640207.03550726,5.608219178082192,2.5
C-002509344,S-0089,-9.225156358582348,0,2,女性,51,1,12,0.75,12769,1,19,4721110.949352573,10.142465753424657,7.0
C-000401383,S-0008,-62.19062471332906,1,2,女性,34,11,12,0.4166666666666667,0,0,22,4498453.308937302,10.772602739726027,7.0
C-002337593,S-0074,-13.656943673842791,0,2,女性,35,2,12,0.4166666666666667,54552,1,14,4614054.39694187,8.308219178082192,6.0
C-001169184,S-0050,-96.86680898208448,1,2,女性,50,7,12,0.3333333333333333,22323,2,20,4615411.181286601,9.2013698630137,6.0
C-000651849,S-0131,-34.83323854518016,0,2,男性,60,10,12,0.6666666666666666,1572,1,17,4569023.5643747775,5.13972602739726,2.0
C-001261930,S-0063,-98.62589951483181,1,2,男性,32,7,12,0.4166666666666667,0,0,18,4564012.176421695,5.749315068493151,3.0
C-001522124,S-0050,-14.616421424001688,0,2,男性,33,6,12,0.9166666666666666,0,0,20,4615411.181286601,9.2013698630137,6.0
C-000735798,S-0072,-35.21955938026384,0,2,女性,33,9,12,0.4166666666666667,9223,2,12,4406797.312641796,9.01917808219178,6.0
C-001403078,S-0097,-57.30189269694827,1,2,女性,43,6,12,0.1666666666666666,9688,2,21,4592508.716501317,10.09041095890411,7.0
C-000477921,S-0074,-26.05763270221923,0,2,女性,45,10,12,0.0833333333333333,21331,1,14,4614054.39694187,8.308219178082192,6.0
C-002225849,S-0007,-24.115076299014873,0,2,女性,48,3,12,0.6666666666666666,0,0,21,4487075.727367008,3.7260273972602738,1.0
C-000466120,S-0036,-50.33161910436934,1,2,男性,54,10,12,0.0833333333333333,11128,1,19,4397834.424680548,11.123287671232877,9.0
C-001784297,S-0131,-29.229149189038033,0,2,女性,70,5,12,0.1666666666666666,0,0,17,4569023.5643747775,5.13972602739726,2.0
C-000755051,S-0050,-100.0,1,2,女性,46,9,12,0.3333333333333333,4377,1,20,4615411.181286601,9.2013698630137,6.0
C-000242327,S-0036,-100.0,1,2,女性,56,11,12,0.1666666666666666,0,0,19,4397834.424680548,11.123287671232877,9.0
C-000016122,S-0075,-100.0,1,2,女性,49,12,12,0.5833333333333334,9607,1,19,4506647.2743158825,4.526027397260274,1.0
C-000096659,S-0005,-32.59032603075441,0,2,男性,57,12,12,0.1666666666666666,14754,1,21,4733942.970761149,4.69041095890411,2.0
C-002622518,S-0050,-23.503749221439993,0,2,女性,49,1,12,0.1666666666666666,471,1,20,4615411.181286601,9.2013698630137,6.0
C-000365914,S-0039,-100.0,1,2,男性,56,11,12,0.5833333333333334,23504,1,16,4591288.568998441,8.193150684931506,5.0
C-001951431,S-0019,-100.0,1,2,男性,42,4,12,0.1666666666666666,1620,1,19,4327199.920883598,4.090410958904109,1.0
C-000805897,S-0004,-70.67790339157246,1,2,女性,41,9,12,0.25,0,0,22,4423576.351309,11.806849315068494,9.0
C-000171569,S-0018,-43.82609145190891,0,2,女性,60,12,12,0.5,0,0,16,4493108.581950108,7.550684931506849,5.0
C-000625435,S-0097,-100.0,1,2,女性,44,10,12,0.1666666666666666,11108,1,21,4592508.716501317,10.09041095890411,7.0
C-001981218,S-0039,-100.0,1,2,女性,40,4,12,0.5833333333333334,0,0,16,4591288.568998441,8.193150684931506,5.0
C-001089152,S-0054,-100.0,1,2,男性,49,8,12,0.8333333333333334,0,0,23,4489160.181517739,6.358904109589041,4.0
C-000164503,S-0019,4.818746523270907,0,2,女性,60,12,12,0.6666666666666666,8899,2,19,4327199.920883598,4.090410958904109,1.0
C-001345033,S-0020,-69.82048227416506,1,2,男性,58,7,12,0.25,0,0,16,4280702.057267675,6.986301369863014,3.5
C-001228920,S-0002,-15.691804579295932,0,2,女性,43,7,12,0.6666666666666666,0,0,15,4455566.655169959,5.663013698630137,2.0
C-002093690,S-0131,-9.04649298395107,0,2,女性,45,3,12,0.25,61577,1,17,4569023.5643747775,5.13972602739726,2.0
C-002547559,S-0019,-2.5577952755905513,0,2,男性,56,1,12,1.0,0,0,19,4327199.920883598,4.090410958904109,1.0
C-002694656,S-0054,-78.36877915186787,1,2,女性,69,1,12,0.0833333333333333,0,0,23,4489160.181517739,6.358904109589041,4.0
C-002064963,S-0111,-100.0,1,2,女性,41,3,12,0.6666666666666666,15826,2,19,4489501.980758176,6.397260273972603,4.0
C-002573670,S-0005,-7.7311894863628865,0,2,女性,38,1,12,0.8333333333333334,0,0,21,4733942.970761149,4.69041095890411,2.0
C-002014327,S-0079,-100.0,1,2,女性,49,4,12,0.1666666666666666,0,0,13,4256656.371085242,8.479452054794521,6.0
C-000061926,S-0040,-35.843030305803545,0,2,男性,40,12,12,0.25,958,1,20,4550116.0180538,8.163013698630138,4.0
C-000398658,S-0005,-100.0,1,2,男性,39,11,12,0.8333333333333334,0,0,21,4733942.970761149,4.69041095890411,2.0
C-000323021,S-0085,-54.1445149176337,1,2,女性,50,11,12,0.4166666666666667,10930,1,15,4606655.398026554,4.928767123287671,2.0
C-001430135,S-0050,-21.456660121051808,0,2,女性,49,6,12,0.25,0,0,20,4615411.181286601,9.2013698630137,6.0
C-000091795,S-0050,-47.10104287205117,0,2,女性,41,12,12,0.25,0,0,20,4615411.181286601,9.2013698630137,6.0
C-002638905,S-0131,-40.53818396447878,0,2,女性,32,1,12,0.75,10687,1,17,4569023.5643747775,5.13972602739726,2.0
C-000956431,S-0019,-20.932841402004286,0,2,女性,49,8,12,0.5,0,0,19,4327199.920883598,4.090410958904109,1.0
C-001509380,S-0012,-100.0,1,2,女性,43,6,12,0.5,0,0,16,4444678.825084195,7.994520547945205,5.0
C-002618847,S-0131,-34.10724307807433,0,2,女性,60,1,12,0.1666666666666666,0,0,17,4569023.5643747775,5.13972602739726,2.0
C-000939498,S-0075,-64.15443850682287,1,2,女性,57,8,12,0.5833333333333334,24096,2,19,4506647.2743158825,4.526027397260274,1.0
C-000911656,S-0054,-73.49360399071467,1,2,男性,31,8,12,0.5833333333333334,0,0,23,4489160.181517739,6.358904109589041,4.0
C-001169875,S-0085,-5.868224678178597,0,2,男性,48,7,12,0.25,164893,1,15,4606655.398026554,4.928767123287671,2.0
C-000426730,S-0030,-16.737559525555653,0,2,女性,50,11,12,0.9166666666666666,0,0,22,4426478.045479023,9.236986301369862,5.5
C-002612200,S-0131,-53.71723872634765,1,2,男性,37,1,12,0.6666666666666666,0,0,17,4569023.5643747775,5.13972602739726,2.0
C-001177052,S-0039,-59.24180296863416,1,2,女性,63,7,12,0.4166666666666667,13050,2,16,4591288.568998441,8.193150684931506,5.0
C-002336504,S-0054,-55.424953101531294,1,2,男性,35,2,12,0.0,0,0,23,4489160.181517739,6.358904109589041,4.0
C-000756317,S-0062,-41.640480053674,0,2,女性,52,9,12,0.5,0,0,15,4713869.782113416,4.575342465753424,1.0
C-001400109,S-0082,-53.7893744409615,1,2,女性,42,6,12,0.6666666666666666,19975,2,17,4607261.71451126,4.758904109589041,2.0
C-000725130,S-0017,-8.54199801438893,0,2,女性,50,9,12,0.6666666666666666,23013,1,20,4640207.03550726,5.608219178082192,2.5
C-002487722,S-0014,-17.81171681041076,0,2,女性,34,1,12,0.9166666666666666,23039,2,21,4730192.353344672,7.336986301369863,4.0
C-002098942,S-0062,-26.015318888352002,0,2,女性,27,3,12,0.1666666666666666,7651,1,15,4713869.782113416,4.575342465753424,1.0
C-000716893,S-0126,-100.0,1,2,男性,77,9,12,0.8333333333333334,0,0,17,4493168.352495564,5.53972602739726,3.0
C-002421192,S-0113,-100.0,1,2,女性,41,2,12,0.1666666666666666,0,0,16,4336633.961311346,5.77945205479452,2.5
C-000746678,S-0121,-48.6496243703691,0,2,男性,43,9,12,0.4166666666666667,0,0,14,4716268.25678644,9.856164383561644,7.0
C-000523086,S-0054,-100.0,1,2,男性,54,10,12,0.5,0,0,23,4489160.181517739,6.358904109589041,4.0
C-001590196,S-0063,-57.735257059564695,1,2,女性,56,5,12,0.5833333333333334,0,0,18,4564012.176421695,5.749315068493151,3.0
C-001691906,S-0030,-7.466846009605477,0,2,男性,58,5,12,0.3333333333333333,0,0,22,4426478.045479023,9.236986301369862,5.5
C-002421640,S-0063,-53.967174738146674,1,2,女性,33,2,12,0.6666666666666666,0,0,18,4564012.176421695,5.749315068493151,3.0
C-001568519,S-0017,-14.162369078632569,0,2,女性,55,6,12,0.5833333333333334,0,0,20,4640207.03550726,5.608219178082192,2.5
C-001487199,S-0099,-100.0,1,2,男性,73,6,12,0.25,0,0,13,4464126.154078853,8.147945205479452,5.0
C-000635006,S-0126,-100.0,1,2,女性,59,10,12,0.4166666666666667,0,0,17,4493168.352495564,5.53972602739726,3.0
C-002582353,S-0002,-59.23434649426317,1,2,男性,26,1,12,0.0833333333333333,9818,1,15,4455566.655169959,5.663013698630137,2.0
C-000509244,S-0020,-100.0,1,2,女性,29,10,12,0.3333333333333333,7917,1,16,4280702.057267675,6.986301369863014,3.5
C-001348391,S-0036,-100.0,1,2,女性,42,7,12,0.1666666666666666,13186,1,19,4397834.424680548,11.123287671232877,9.0
C-001555794,S-0019,-0.6868274653987564,0,2,男性,45,6,12,0.4166666666666667,43731,1,19,4327199.920883598,4.090410958904109,1.0
C-002164454,S-0019,-15.483321029278576,0,2,男性,59,3,12,0.25,5756,1,19,4327199.920883598,4.090410958904109,1.0
C-000017727,S-0005,-15.788969376413323,0,2,女性,43,12,12,0.5,0,0,21,4733942.970761149,4.69041095890411,2.0
C-000058281,S-0082,-33.27896035670272,0,2,男性,37,12,12,0.0833333333333333,42056,1,17,4607261.71451126,4.758904109589041,2.0
C-001112768,S-0054,-100.0,1,2,女性,55,8,12,0.3333333333333333,0,0,23,4489160.181517739,6.358904109589041,4.0
C-001877057,S-0005,-75.5845894600771,1,2,女性,64,4,12,1.0,6858,2,21,4733942.970761149,4.69041095890411,2.0
C-001425392,S-0040,-24.9232289020604,0,2,男性,38,6,12,0.5833333333333334,70469,1,20,4550116.0180538,8.163013698630138,4.0
C-000930239,S-0074,-86.80432529385388,1,2,女性,26,8,12,0.1666666666666666,32847,2,14,4614054.39694187,8.308219178082192,6.0
C-000255589,S-0030,-96.12881478984625,1,2,女性,74,11,12,0.5833333333333334,0,0,22,4426478.045479023,9.236986301369862,5.5
C-000747496,S-0019,-65.89808964268559,1,2,女性,59,9,12,0.5,25352,1,19,4327199.920883598,4.090410958904109,1.0
C-002391430,S-0039,-96.08542062946564,1,2,男性,66,2,12,0.1666666666666666,0,0,16,4591288.568998441,8.193150684931506,5.0
C-000529693,S-0020,-25.37500557893071,0,2,女性,51,10,12,0.4166666666666667,4,1,16,4280702.057267675,6.986301369863014,3.5
C-001667369,S-0004,-100.0,1,2,女性,54,5,12,0.3333333333333333,0,0,22,4423576.351309,11.806849315068494,9.0
C-001946891,S-0059,-90.33386173598423,1,2,女性,73,4,12,0.0833333333333333,11286,2,14,4713188.969095345,6.8123287671232875,3.0
C-000315278,S-0063,-60.580291315914714,1,2,女性,50,11,12,0.3333333333333333,3700,2,18,4564012.176421695,5.749315068493151,3.0
C-000002137,S-0008,-55.08552254246646,1,2,男性,60,12,12,0.25,0,0,22,4498453.308937302,10.772602739726027,7.0
C-002485463,S-0017,-100.0,1,2,女性,44,1,12,0.4166666666666667,0,0,20,4640207.03550726,5.608219178082192,2.5
C-001837101,S-0005,-39.62332737311615,0,2,男性,73,4,12,0.6666666666666666,0,0,21,4733942.970761149,4.69041095890411,2.0
C-000088373,S-0121,-23.000025742455314,0,2,男性,55,12,12,0.6666666666666666,26213,1,14,4716268.25678644,9.856164383561644,7.0
C-002387916,S-0075,-24.07087021564005,0,2,女性,64,2,12,0.25,0,0,19,4506647.2743158825,4.526027397260274,1.0
C-000384363,S-0030,-54.05415979290693,1,2,女性,48,11,12,0.5,0,0,22,4426478.045479023,9.236986301369862,5.5
C-001880421,S-0085,-35.10996840811587,0,2,男性,53,4,12,0.5,61229,1,15,4606655.398026554,4.928767123287671,2.0
C-001939373,S-0131,-26.430057256266426,0,2,女性,52,4,12,0.8333333333333334,2170,2,17,4569023.5643747775,5.13972602739726,2.0
C-001456971,S-0062,-67.72606320900051,1,2,女性,39,6,12,0.5,0,0,15,4713869.782113416,4.575342465753424,1.0
C-000425861,S-0048,-97.09825412322971,1,2,女性,59,11,12,0.0,67623,1,15,4502249.082895545,3.671232876712329,1.0
C-001208299,S-0126,-81.5752664138319,1,2,男性,64,7,12,0.3333333333333333,16731,1,17,4493168.352495564,5.53972602739726,3.0
C-000085452,S-0082,-33.72530076139213,0,2,女性,66,12,12,0.6666666666666666,17842,1,17,4607261.71451126,4.758904109589041,2.0
C-000620172,S-0017,-78.03813679916517,1,2,女性,28,10,12,0.5833333333333334,42344,1,20,4640207.03550726,5.608219178082192,2.5
C-000135533,S-0050,-49.47740888993538,1,2,男性,56,12,12,0.4166666666666667,0,0,20,4615411.181286601,9.2013698630137,6.0
C-001325223,S-0099,-61.19216515403605,1,2,男性,35,7,12,0.4166666666666667,0,0,13,4464126.154078853,8.147945205479452,5.0
C-001361555,S-0039,-99.21259842519686,1,2,女性,51,6,12,0.5,0,0,16,4591288.568998441,8.193150684931506,5.0
C-001349373,S-0050,-24.08244094422672,0,2,男性,55,7,12,0.4166666666666667,0,0,20,4615411.181286601,9.2013698630137,6.0
C-001364480,S-0099,-51.3166282866919,1,2,女性,48,6,12,0.25,12678,1,13,4464126.154078853,8.147945205479452,5.0
C-002035310,S-0014,-100.0,1,2,男性,58,3,12,0.5833333333333334,0,0,21,4730192.353344672,7.336986301369863,4.0
C-002213231,S-0020,-54.150788925275386,1,2,男性,50,3,12,0.5,0,0,16,4280702.057267675,6.986301369863014,3.5
C-001919765,S-0014,-38.547305123126165,0,2,女性,60,4,12,0.0833333333333333,0,0,21,4730192.353344672,7.336986301369863,4.0
C-000741627,S-0004,-100.0,1,2,男性,51,9,12,0.75,5136,1,22,4423576.351309,11.806849315068494,9.0
C-000405788,S-0054,-24.000178838888516,0,2,男性,41,11,12,0.1666666666666666,0,0,23,4489160.181517739,6.358904109589041,4.0
C-001286671,S-0096,-38.05383774308215,0,2,女性,43,7,12,0.3333333333333333,0,0,16,4644856.458098179,8.302739726027397,5.0
C-000543281,S-0111,-23.889750205019844,0,2,女性,52,10,12,0.5,15344,1,19,4489501.980758176,6.397260273972603,4.0
C-000246520,S-0040,-100.0,1,2,女性,55,11,12,0.8333333333333334,0,0,20,4550116.0180538,8.163013698630138,4.0
C-001683980,S-0005,-13.457624051987999,0,2,男性,28,5,12,0.3333333333333333,0,0,21,4733942.970761149,4.69041095890411,2.0
C-001318285,S-0050,-50.70412292412303,1,2,女性,44,7,12,0.0833333333333333,15922,1,20,4615411.181286601,9.2013698630137,6.0
C-001062358,S-0085,-44.91412052342657,0,2,男性,40,8,12,0.5,0,0,15,4606655.398026554,4.928767123287671,2.0
C-000294026,S-0017,-60.89503960952178,1,2,女性,80,11,12,0.3333333333333333,0,0,20,4640207.03550726,5.608219178082192,2.5
C-000304746,S-0020,-89.38002719826268,1,2,男性,62,11,12,0.4166666666666667,14735,2,16,4280702.057267675,6.986301369863014,3.5
C-002201626,S-0002,-31.257373015605516,0,2,女性,60,3,12,0.5,0,0,15,4455566.655169959,5.663013698630137,2.0
C-002443727,S-0017,-25.06702903523943,0,2,男性,38,2,12,0.75,20477,1,20,4640207.03550726,5.608219178082192,2.5
C-000760577,S-0002,-23.016968015367258,0,2,女性,53,9,12,0.75,11011,1,15,4455566.655169959,5.663013698630137,2.0
C-002140801,S-0131,-36.560007917367685,0,2,女性,58,3,12,0.3333333333333333,0,0,17,4569023.5643747775,5.13972602739726,2.0
C-001753022,S-0005,-17.669329496838678,0,2,男性,37,5,12,0.6666666666666666,1122,1,21,4733942.970761149,4.69041095890411,2.0
C-001904439,S-0075,-72.98573702575347,1,2,女性,57,4,12,0.6666666666666666,0,0,19,4506647.2743158825,4.526027397260274,1.0
C-001540376,S-0062,-73.13396237518882,1,2,男性,45,6,12,0.4166666666666667,11479,1,15,4713869.782113416,4.575342465753424,1.0
C-001710490,S-0054,-97.83125089077865,1,2,女性,55,5,12,0.5,0,0,23,4489160.181517739,6.358904109589041,4.0
C-000195642,S-0008,-67.27662046859597,1,2,男性,46,12,12,0.3333333333333333,992,1,22,4498453.308937302,10.772602739726027,7.0
C-001201413,S-0012,-11.09257236534134,0,2,男性,56,7,12,0.0,52903,2,16,4444678.825084195,7.994520547945205,5.0
C-001148343,S-0096,-55.76588407375378,1,2,男性,54,7,12,0.3333333333333333,0,0,16,4644856.458098179,8.302739726027397,5.0
C-000627656,S-0100,-24.965536011170474,0,2,男性,80,10,12,0.0,0,0,17,4535925.154217558,4.720547945205479,2.0
C-002345402,S-0019,-100.0,1,2,女性,80,2,12,0.0833333333333333,17801,1,19,4327199.920883598,4.090410958904109,1.0
C-000077919,S-0050,-76.75602746435271,1,2,男性,74,12,12,0.1666666666666666,2737,1,20,4615411.181286601,9.2013698630137,6.0
C-001317983,S-0002,-100.0,1,2,男性,45,7,12,0.8333333333333334,0,0,15,4455566.655169959,5.663013698630137,2.0
C-000007561,S-0020,-40.95893165527193,0,2,女性,60,12,12,0.5,0,0,16,4280702.057267675,6.986301369863014,3.5
C-001565355,S-0085,-15.46097435845849,0,2,男性,56,6,12,0.3333333333333333,6626,1,15,4606655.398026554,4.928767123287671,2.0
C-000522226,S-0041,-7.0818956915034965,0,2,男性,45,10,12,0.3333333333333333,33485,1,17,4828489.286769263,10.389041095890411,7.0
C-001838183,S-0048,-15.055492632940714,0,2,女性,72,4,12,0.25,0,0,15,4502249.082895545,3.671232876712329,1.0
C-001683851,S-0121,-14.778201386627158,0,2,女性,45,5,12,0.75,0,0,14,4716268.25678644,9.856164383561644,7.0
C-002228089,S-0054,-100.0,1,2,女性,58,3,12,0.5,0,0,23,4489160.181517739,6.358904109589041,4.0
C-000630794,S-0036,-59.17807003081762,1,2,男性,40,10,12,0.3333333333333333,5213,1,19,4397834.424680548,11.123287671232877,9.0
C-002552978,S-0007,-65.33337560132827,1,2,女性,46,1,12,0.25,100806,1,21,4487075.727367008,3.7260273972602738,1.0
C-000997783,S-0036,-49.04806207498489,1,2,男性,46,8,12,0.3333333333333333,1065,1,19,4397834.424680548,11.123287671232877,9.0
C-000546473,S-0039,-99.59189686924493,1,2,女性,62,10,12,0.8333333333333334,12113,1,16,4591288.568998441,8.193150684931506,5.0
C-001588649,S-0005,1.4220023597522446,0,2,女性,42,5,12,0.8333333333333334,9236,1,21,4733942.970761149,4.69041095890411,2.0
C-000410049,S-0005,-48.99125498619208,1,2,男性,41,11,12,0.3333333333333333,0,0,21,4733942.970761149,4.69041095890411,2.0
C-000438738,S-0075,-71.32901102387183,1,2,男性,19,11,12,0.25,25983,1,19,4506647.2743158825,4.526027397260274,1.0
C-000099355,S-0121,-72.39408000485246,1,2,男性,51,12,12,0.5833333333333334,46219,1,14,4716268.25678644,9.856164383561644,7.0
C-002581342,S-0007,-25.522570479829774,0,2,女性,32,1,12,0.5,0,0,21,4487075.727367008,3.7260273972602738,1.0
C-000552758,S-0056,-35.48621247699435,0,2,女性,46,10,12,0.3333333333333333,0,0,15,4406070.585753419,7.528767123287671,4.0
C-000562604,S-0099,-50.308837245706606,1,2,男性,50,10,12,0.6666666666666666,0,0,13,4464126.154078853,8.147945205479452,5.0
C-001289204,S-0075,-85.38465376172421,1,2,男性,16,7,12,0.3333333333333333,0,0,19,4506647.2743158825,4.526027397260274,1.0
C-000729022,S-0050,-47.854705939945326,0,2,女性,44,9,12,0.3333333333333333,2931,1,20,4615411.181286601,9.2013698630137,6.0
C-000405889,S-0002,-26.173339410706774,0,2,男性,32,11,12,0.75,0,0,15,4455566.655169959,5.663013698630137,2.0
C-000051059,S-0040,-9.568426321820155,0,2,女性,58,12,12,0.1666666666666666,0,0,20,4550116.0180538,8.163013698630138,4.0
C-000560824,S-0113,-21.93803695975034,0,2,男性,49,10,12,0.3333333333333333,28041,1,16,4336633.961311346,5.77945205479452,2.5
C-000357905,S-0131,-40.038780698205244,0,2,女性,31,11,12,1.0,0,0,17,4569023.5643747775,5.13972602739726,2.0
C-001624863,S-0085,-14.91674122222425,0,2,女性,68,5,12,0.3333333333333333,3451,1,15,4606655.398026554,4.928767123287671,2.0
C-000693047,S-0100,-53.74703818121832,1,2,女性,56,9,12,0.1666666666666666,0,0,17,4535925.154217558,4.720547945205479,2.0
C-000819854,S-0054,-100.0,1,2,男性,58,9,12,0.0833333333333333,0,0,23,4489160.181517739,6.358904109589041,4.0
C-002038948,S-0017,-27.90183128355376,0,2,女性,43,3,12,0.3333333333333333,0,0,20,4640207.03550726,5.608219178082192,2.5
C-000572364,S-0111,-84.23162086544568,1,2,男性,35,10,12,0.0833333333333333,29691,1,19,4489501.980758176,6.397260273972603,4.0
C-001526085,S-0020,-100.0,1,2,男性,52,6,12,0.4166666666666667,0,0,16,4280702.057267675,6.986301369863014,3.5
C-000507215,S-0039,-49.377793808855166,1,2,女性,60,10,12,0.6666666666666666,20233,1,16,4591288.568998441,8.193150684931506,5.0
C-000682414,S-0085,-64.28194522459957,1,2,女性,59,9,12,0.8333333333333334,0,0,15,4606655.398026554,4.928767123287671,2.0
C-000104652,S-0085,-56.43433468569084,1,2,男性,40,12,12,0.1666666666666666,0,0,15,4606655.398026554,4.928767123287671,2.0
C-000349884,S-0019,-3.043385527370612,0,2,女性,30,11,12,0.1666666666666666,36147,1,19,4327199.920883598,4.090410958904109,1.0
C-000706461,S-0099,-54.031052016205784,1,2,女性,43,9,12,0.3333333333333333,14061,2,13,4464126.154078853,8.147945205479452,5.0
C-000805799,S-0050,-93.7306449213626,1,2,女性,44,9,12,0.5833333333333334,48710,2,20,4615411.181286601,9.2013698630137,6.0
C-000412667,S-0019,-3.111307008219036,0,2,男性,84,11,12,0.5833333333333334,0,0,19,4327199.920883598,4.090410958904109,1.0
C-000554328,S-0007,-98.28234564070742,1,2,女性,54,10,12,0.1666666666666666,1632,1,21,4487075.727367008,3.7260273972602738,1.0
C-000659338,S-0115,-6.860134662909694,0,2,女性,41,10,12,0.5,0,0,14,4553643.099564746,10.51095890410959,7.0
C-000833820,S-0050,-58.80830242285534,1,2,女性,46,9,12,0.1666666666666666,0,0,20,4615411.181286601,9.2013698630137,6.0
C-000582416,S-0126,-62.975724353954575,1,2,女性,49,10,12,0.5833333333333334,0,0,17,4493168.352495564,5.53972602739726,3.0
C-002066580,S-0089,-27.069451593556828,0,2,女性,41,3,12,0.75,0,0,19,4721110.949352573,10.142465753424657,7.0
C-001323533,S-0005,-36.6607448127912,0,2,女性,25,7,12,0.3333333333333333,0,0,21,4733942.970761149,4.69041095890411,2.0
C-002688708,S-0131,-100.0,1,2,女性,36,1,12,0.5,0,0,17,4569023.5643747775,5.13972602739726,2.0
C-001631129,S-0075,-78.49260711957827,1,2,女性,45,5,12,0.4166666666666667,43417,1,19,4506647.2743158825,4.526027397260274,1.0
C-000660347,S-0005,-34.08137140312796,0,2,男性,48,10,12,0.75,0,0,21,4733942.970761149,4.69041095890411,2.0
C-002403668,S-0050,-97.4638125271615,1,2,女性,65,2,12,0.1666666666666666,0,0,20,4615411.181286601,9.2013698630137,6.0
C-001027949,S-0097,-2.879387118858882,0,2,女性,60,8,12,0.5,0,0,21,4592508.716501317,10.09041095890411,7.0
C-001190088,S-0126,-61.36783290568572,1,2,女性,24,7,12,0.5,1148,2,17,4493168.352495564,5.53972602739726,3.0
C-001444571,S-0039,-94.16603969066443,1,2,女性,63,6,12,0.5,0,0,16,4591288.568998441,8.193150684931506,5.0
C-000811878,S-0111,-24.55081150337796,0,2,女性,45,9,12,0.4166666666666667,39689,2,19,4489501.980758176,6.397260273972603,4.0
C-000261011,S-0019,-8.102260003519952,0,2,男性,58,11,12,0.5833333333333334,0,0,19,4327199.920883598,4.090410958904109,1.0
C-002622080,S-0063,-52.81555017936097,1,2,男性,54,1,12,0.8333333333333334,31575,1,18,4564012.176421695,5.749315068493151,3.0
C-000729906,S-0063,-100.0,1,2,女性,61,9,12,0.4166666666666667,0,0,18,4564012.176421695,5.749315068493151,3.0
C-002623857,S-0082,-100.0,1,2,男性,56,1,12,0.75,24370,1,17,4607261.71451126,4.758904109589041,2.0
C-001833972,S-0100,-0.5080043173380564,0,2,男性,49,4,12,0.8333333333333334,27234,1,17,4535925.154217558,4.720547945205479,2.0
C-001276778,S-0062,-5.245500020501045,0,2,女性,47,7,12,0.1666666666666666,0,0,15,4713869.782113416,4.575342465753424,1.0
C-001011397,S-0004,-100.0,1,2,女性,60,8,12,0.5,0,0,22,4423576.351309,11.806849315068494,9.0
C-001598207,S-0041,-24.292600393024262,0,2,女性,53,5,12,0.0833333333333333,0,0,17,4828489.286769263,10.389041095890411,7.0
C-001350953,S-0111,-86.11181236086567,1,2,女性,49,6,12,0.0833333333333333,0,0,19,4489501.980758176,6.397260273972603,4.0
C-000779241,S-0050,-76.94726890350961,1,2,女性,72,9,12,0.8333333333333334,8018,1,20,4615411.181286601,9.2013698630137,6.0
C-000281830,S-0121,-100.0,1,2,男性,48,11,12,0.1666666666666666,33842,1,14,4716268.25678644,9.856164383561644,7.0
C-002654389,S-0008,-100.0,1,2,男性,49,1,12,0.5,0,0,22,4498453.308937302,10.772602739726027,7.0
C-002386101,S-0062,-49.60501739294344,1,2,男性,58,2,12,0.5,0,0,15,4713869.782113416,4.575342465753424,1.0
C-002030676,S-0036,-28.25807627179879,0,2,女性,36,3,12,0.4166666666666667,0,0,19,4397834.424680548,11.123287671232877,9.0
C-002283286,S-0019,-27.75579328615983,0,2,男性,58,2,12,0.5833333333333334,29052,1,19,4327199.920883598,4.090410958904109,1.0
C-000987574,S-0050,-65.4604692555414,1,2,男性,55,8,12,0.4166666666666667,0,0,20,4615411.181286601,9.2013698630137,6.0
C-002642667,S-0007,-100.0,1,2,女性,58,1,12,0.3333333333333333,0,0,21,4487075.727367008,3.7260273972602738,1.0
C-001149714,S-0005,-3.7702721974278828,0,2,女性,44,7,12,0.3333333333333333,0,0,21,4733942.970761149,4.69041095890411,2.0
C-001734704,S-0099,-100.0,1,2,男性,32,5,12,0.1666666666666666,0,0,13,4464126.154078853,8.147945205479452,5.0
C-002173014,S-0004,-28.338327360085646,0,2,女性,46,3,12,0.1666666666666666,0,0,22,4423576.351309,11.806849315068494,9.0
C-001619462,S-0096,-38.43112439318426,0,2,女性,54,5,12,0.8333333333333334,0,0,16,4644856.458098179,8.302739726027397,5.0
C-002291365,S-0056,-100.0,1,2,女性,69,2,12,0.1666666666666666,0,0,15,4406070.585753419,7.528767123287671,4.0
C-000938604,S-0050,-38.20544698706244,0,2,男性,80,8,12,0.5,0,0,20,4615411.181286601,9.2013698630137,6.0
C-001899292,S-0050,-80.59738556897648,1,2,女性,51,4,12,0.25,3642,1,20,4615411.181286601,9.2013698630137,6.0
C-000915451,S-0041,-32.44961612284069,0,2,女性,54,8,12,0.25,0,0,17,4828489.286769263,10.389041095890411,7.0
C-002245313,S-0085,-9.206846835003509,0,2,男性,18,3,12,0.75,0,0,15,4606655.398026554,4.928767123287671,2.0
C-002468752,S-0113,-31.495660744765246,0,2,男性,49,2,12,0.25,1202,1,16,4336633.961311346,5.77945205479452,2.5
C-000205863,S-0039,-15.718035521949536,0,2,男性,41,12,12,0.25,0,0,16,4591288.568998441,8.193150684931506,5.0
C-002377871,S-0039,-18.867216212549963,0,2,男性,58,2,12,1.0,0,0,16,4591288.568998441,8.193150684931506,5.0
C-001644759,S-0018,-16.10375101561795,0,2,女性,41,5,12,0.0833333333333333,3162,1,16,4493108.581950108,7.550684931506849,5.0
C-002047877,S-0089,-23.038322853059263,0,2,男性,51,3,12,0.3333333333333333,0,0,19,4721110.949352573,10.142465753424657,7.0
C-000577272,S-0039,-16.64234220228828,0,2,男性,54,10,12,0.5,0,0,16,4591288.568998441,8.193150684931506,5.0
C-000520408,S-0059,-72.77169594249997,1,2,女性,40,10,12,0.5833333333333334,0,0,14,4713188.969095345,6.8123287671232875,3.0
C-002682874,S-0020,-20.28421995988487,0,2,女性,55,1,12,0.25,0,0,16,4280702.057267675,6.986301369863014,3.5
C-001203975,S-0126,-37.70839334914057,0,2,女性,62,7,12,0.75,0,0,17,4493168.352495564,5.53972602739726,3.0
C-000005204,S-0111,-7.69250086773713,0,2,女性,36,12,12,0.3333333333333333,0,0,19,4489501.980758176,6.397260273972603,4.0
C-000274962,S-0056,-55.57444113408258,1,2,女性,60,11,12,0.5,3240,1,15,4406070.585753419,7.528767123287671,4.0
C-001303013,S-0019,-8.696169206325086,0,2,男性,18,7,12,0.25,0,0,19,4327199.920883598,4.090410958904109,1.0
C-002048387,S-0056,-48.90968380830441,1,2,男性,47,3,12,0.0833333333333333,60423,2,15,4406070.585753419,7.528767123287671,4.0
C-001747132,S-0005,-100.0,1,2,女性,45,5,12,0.4166666666666667,0,0,21,4733942.970761149,4.69041095890411,2.0
C-000309140,S-0008,-22.219141664485807,0,2,男性,45,11,12,0.25,0,0,22,4498453.308937302,10.772602739726027,7.0
C-002337280,S-0018,-100.0,1,2,女性,31,2,12,0.5833333333333334,11639,2,16,4493108.581950108,7.550684931506849,5.0
C-000364925,S-0004,-26.398923641295525,0,2,男性,33,11,12,0.1666666666666666,0,0,22,4423576.351309,11.806849315068494,9.0
C-000502502,S-0059,-17.962693697810643,0,2,男性,50,10,12,0.4166666666666667,11363,1,14,4713188.969095345,6.8123287671232875,3.0
C-000568370,S-0082,-15.667093015428113,0,2,女性,49,10,12,0.1666666666666666,0,0,17,4607261.71451126,4.758904109589041,2.0
C-002426188,S-0075,-12.851237116586525,0,2,男性,52,2,12,0.4166666666666667,0,0,19,4506647.2743158825,4.526027397260274,1.0
C-002396164,S-0074,-100.0,1,2,女性,48,2,12,0.1666666666666666,0,0,14,4614054.39694187,8.308219178082192,6.0
C-001603213,S-0082,-29.980667352933793,0,2,男性,47,5,12,0.1666666666666666,0,0,17,4607261.71451126,4.758904109589041,2.0
C-002303578,S-0126,-32.50298013089017,0,2,女性,23,2,12,0.1666666666666666,0,0,17,4493168.352495564,5.53972602739726,3.0
C-000485168,S-0020,-22.41378187383984,0,2,男性,50,10,12,0.5,1124,2,16,4280702.057267675,6.986301369863014,3.5
C-002605090,S-0048,-100.0,1,2,女性,38,1,12,0.0,0,0,15,4502249.082895545,3.671232876712329,1.0
C-000435102,S-0102,-10.153610352937624,0,2,女性,42,11,12,0.8333333333333334,3441,1,16,4383474.364435211,10.484931506849314,7.5
C-001911261,S-0056,-51.77602767282801,1,2,女性,49,4,12,0.6666666666666666,12991,1,15,4406070.585753419,7.528767123287671,4.0
C-000166916,S-0100,-32.55243095061054,0,2,男性,48,12,12,0.25,0,0,17,4535925.154217558,4.720547945205479,2.0
C-001858309,S-0111,-35.4111047628941,0,2,男性,54,4,12,0.0833333333333333,0,0,19,4489501.980758176,6.397260273972603,4.0
C-000204765,S-0100,-25.351974362583512,0,2,男性,46,12,12,0.1666666666666666,0,0,17,4535925.154217558,4.720547945205479,2.0
C-000382049,S-0039,-27.09167973059281,0,2,男性,45,11,12,0.75,10678,1,16,4591288.568998441,8.193150684931506,5.0
C-001355276,S-0099,-60.13559225471974,1,2,女性,45,6,12,0.3333333333333333,54698,2,13,4464126.154078853,8.147945205479452,5.0
C-002569320,S-0072,-22.595609954359887,0,2,女性,31,1,12,0.4166666666666667,0,0,12,4406797.312641796,9.01917808219178,6.0
C-002195426,S-0085,-18.514363837133892,0,2,女性,59,3,12,0.6666666666666666,37635,2,15,4606655.398026554,4.928767123287671,2.0
C-000878200,S-0099,-43.922458238812126,0,2,女性,59,9,12,0.5,0,0,13,4464126.154078853,8.147945205479452,5.0
C-000602977,S-0036,-42.21760406216089,0,2,男性,75,10,12,0.0833333333333333,32379,1,19,4397834.424680548,11.123287671232877,9.0
C-000724433,S-0079,-100.0,1,2,女性,66,9,12,0.0,1561,1,13,4256656.371085242,8.479452054794521,6.0
C-000734454,S-0099,-58.39699375850075,1,2,女性,52,9,12,0.0833333333333333,23242,2,13,4464126.154078853,8.147945205479452,5.0
C-001562067,S-0097,-37.55840977733085,0,2,女性,79,6,12,0.5,18621,2,21,4592508.716501317,10.09041095890411,7.0
C-001980940,S-0089,-69.27312053483647,1,2,男性,49,4,12,0.4166666666666667,0,0,19,4721110.949352573,10.142465753424657,7.0
C-001530141,S-0059,-55.02590269173358,1,2,男性,60,6,12,0.1666666666666666,7059,1,14,4713188.969095345,6.8123287671232875,3.0
C-001403949,S-0050,-100.0,1,2,女性,68,6,12,0.3333333333333333,0,0,20,4615411.181286601,9.2013698630137,6.0
C-001648185,S-0063,-18.9001798542834,0,2,女性,60,5,12,0.25,13871,2,18,4564012.176421695,5.749315068493151,3.0
C-000860606,S-0111,-36.218471173644474,0,2,男性,70,9,12,0.4166666666666667,0,0,19,4489501.980758176,6.397260273972603,4.0
C-000965766,S-0041,-13.855526802704961,0,2,男性,25,8,12,0.3333333333333333,0,0,17,4828489.286769263,10.389041095890411,7.0
C-002027170,S-0005,-17.25291400832751,0,2,女性,37,3,12,0.5,0,0,21,4733942.970761149,4.69041095890411,2.0
C-001693816,S-0002,-85.62739016531663,1,2,女性,41,5,12,0.3333333333333333,0,0,15,4455566.655169959,5.663013698630137,2.0
C-002337838,S-0005,-26.832897285854084,0,2,女性,58,2,12,0.0,13534,1,21,4733942.970761149,4.69041095890411,2.0
C-001606576,S-0074,-58.28259014449153,1,2,男性,30,5,12,0.0833333333333333,0,0,14,4614054.39694187,8.308219178082192,6.0
C-001276151,S-0040,-61.477840355031944,1,2,女性,38,7,12,0.6666666666666666,5960,1,20,4550116.0180538,8.163013698630138,4.0
C-002476490,S-0020,-96.9252638766076,1,2,男性,59,1,12,0.1666666666666666,0,0,16,4280702.057267675,6.986301369863014,3.5
C-001151378,S-0012,-10.350634391992642,0,2,女性,69,7,12,0.75,39204,1,16,4444678.825084195,7.994520547945205,5.0
C-001282336,S-0007,-100.0,1,2,男性,77,7,12,0.5,0,0,21,4487075.727367008,3.7260273972602738,1.0
C-000329348,S-0056,-20.449101014489656,0,2,女性,19,11,12,0.1666666666666666,0,0,15,4406070.585753419,7.528767123287671,4.0
C-001879972,S-0121,-37.277332148123065,0,2,女性,44,4,12,0.25,0,0,14,4716268.25678644,9.856164383561644,7.0
C-000748634,S-0117,-21.458247397165344,0,2,男性,58,9,12,0.4166666666666667,0,0,20,4500859.737076383,9.593150684931507,7.0
C-001693065,S-0096,-7.038370764234411,0,2,男性,37,5,12,0.5,0,0,16,4644856.458098179,8.302739726027397,5.0
C-000946246,S-0036,-100.0,1,2,女性,53,8,12,0.5833333333333334,0,0,19,4397834.424680548,11.123287671232877,9.0
C-002094480,S-0007,-38.4149226987664,0,2,男性,58,3,12,0.3333333333333333,0,0,21,4487075.727367008,3.7260273972602738,1.0
C-001641311,S-0039,-72.43765253369956,1,2,男性,48,5,12,0.25,21391,2,16,4591288.568998441,8.193150684931506,5.0
C-001472657,S-0126,-6.832137364169688,0,2,女性,40,6,12,0.5,0,0,17,4493168.352495564,5.53972602739726,3.0
C-000593630,S-0097,-100.0,1,2,女性,57,10,12,0.1666666666666666,9591,1,21,4592508.716501317,10.09041095890411,7.0
C-001590561,S-0126,-12.284939527131357,0,2,男性,56,5,12,0.3333333333333333,4587,1,17,4493168.352495564,5.53972602739726,3.0
C-002280113,S-0059,-34.28726213855218,0,2,女性,38,2,12,0.25,17854,1,14,4713188.969095345,6.8123287671232875,3.0
C-000213143,S-0062,-16.309016732265775,0,2,男性,60,12,12,0.3333333333333333,0,0,15,4713869.782113416,4.575342465753424,1.0
C-000160280,S-0041,-22.531448818371235,0,2,女性,50,12,12,0.75,0,0,17,4828489.286769263,10.389041095890411,7.0
C-000330204,S-0039,-20.346635890582924,0,2,女性,29,11,12,0.25,0,0,16,4591288.568998441,8.193150684931506,5.0
C-000736890,S-0012,-100.0,1,2,女性,41,9,12,0.6666666666666666,0,0,16,4444678.825084195,7.994520547945205,5.0
C-000977959,S-0131,-100.0,1,2,男性,75,8,12,0.25,0,0,17,4569023.5643747775,5.13972602739726,2.0
C-001881709,S-0050,-21.736560501731034,0,2,女性,32,4,12,0.6666666666666666,0,0,20,4615411.181286601,9.2013698630137,6.0
C-002241341,S-0082,-8.740587030004047,0,2,男性,57,3,12,0.3333333333333333,0,0,17,4607261.71451126,4.758904109589041,2.0
C-001446755,S-0036,-78.25939031028851,1,2,男性,48,6,12,0.1666666666666666,0,0,19,4397834.424680548,11.123287671232877,9.0
C-001973134,S-0050,-78.70325857492215,1,2,男性,56,4,12,0.3333333333333333,0,0,20,4615411.181286601,9.2013698630137,6.0
C-002603402,S-0048,-42.4912005581903,0,2,女性,62,1,12,0.25,0,0,15,4502249.082895545,3.671232876712329,1.0
C-001335897,S-0002,-100.0,1,2,男性,45,7,12,0.25,0,0,15,4455566.655169959,5.663013698630137,2.0
C-001095545,S-0007,-48.038574014761174,0,2,男性,54,8,12,0.5833333333333334,0,0,21,4487075.727367008,3.7260273972602738,1.0
C-000370268,S-0075,-34.51799965550899,0,2,女性,37,11,12,0.75,0,0,19,4506647.2743158825,4.526027397260274,1.0
C-000312699,S-0075,-25.27185092642568,0,2,男性,52,11,12,0.5,0,0,19,4506647.2743158825,4.526027397260274,1.0
C-001524952,S-0111,-28.780467163168584,0,2,男性,53,6,12,0.3333333333333333,38244,2,19,4489501.980758176,6.397260273972603,4.0
C-000292871,S-0063,-40.56717787644363,0,2,女性,47,11,12,0.3333333333333333,0,0,18,4564012.176421695,5.749315068493151,3.0
C-001461777,S-0056,-33.811878142676285,0,2,女性,65,6,12,0.25,0,0,15,4406070.585753419,7.528767123287671,4.0
C-002101935,S-0012,-47.83969171483623,0,2,女性,47,3,12,0.1666666666666666,22705,2,16,4444678.825084195,7.994520547945205,5.0
C-001230861,S-0054,-58.11264720128958,1,2,女性,33,7,12,0.3333333333333333,0,0,23,4489160.181517739,6.358904109589041,4.0
C-001455573,S-0111,-99.8469011398906,1,2,女性,50,6,12,0.4166666666666667,13854,1,19,4489501.980758176,6.397260273972603,4.0
C-001514356,S-0097,0.9491679713169304,0,2,女性,31,6,12,0.5833333333333334,0,0,21,4592508.716501317,10.09041095890411,7.0
C-001763533,S-0085,-2.2885582004025102,0,2,女性,34,5,12,0.8333333333333334,0,0,15,4606655.398026554,4.928767123287671,2.0
C-002337987,S-0019,-16.138971783487396,0,2,男性,55,2,12,0.3333333333333333,12103,1,19,4327199.920883598,4.090410958904109,1.0
C-000805534,S-0121,-100.0,1,2,女性,58,9,12,0.0,9367,1,14,4716268.25678644,9.856164383561644,7.0
C-000993889,S-0075,-46.57515027100471,0,2,女性,33,8,12,0.4166666666666667,4375,1,19,4506647.2743158825,4.526027397260274,1.0
C-001354641,S-0054,-10.432600453981925,0,2,女性,33,6,12,0.9166666666666666,3937,2,23,4489160.181517739,6.358904109589041,4.0
C-000257051,S-0050,-20.949586269333285,0,2,女性,37,11,12,0.75,7237,1,20,4615411.181286601,9.2013698630137,6.0
C-000621131,S-0131,-100.0,1,2,女性,50,10,12,0.25,0,0,17,4569023.5643747775,5.13972602739726,2.0
C-001984286,S-0002,-20.779005602437554,0,2,男性,58,4,12,0.25,21864,1,15,4455566.655169959,5.663013698630137,2.0
C-002278245,S-0082,-63.17922874671341,1,2,男性,44,2,12,0.3333333333333333,0,0,17,4607261.71451126,4.758904109589041,2.0
C-001109619,S-0131,-97.86936660530442,1,2,男性,28,8,12,0.5,3020,2,17,4569023.5643747775,5.13972602739726,2.0
C-001298235,S-0099,-68.67863411809414,1,2,女性,73,7,12,0.4166666666666667,0,0,13,4464126.154078853,8.147945205479452,5.0
C-000048424,S-0008,-100.0,1,2,女性,76,12,12,0.4166666666666667,9761,1,22,4498453.308937302,10.772602739726027,7.0
C-002008349,S-0005,-22.648465197259686,0,2,男性,55,4,12,0.4166666666666667,2669,1,21,4733942.970761149,4.69041095890411,2.0
C-001541083,S-0111,-82.92828813574918,1,2,女性,34,6,12,0.1666666666666666,0,0,19,4489501.980758176,6.397260273972603,4.0
C-001601420,S-0040,-43.65226663447658,0,2,女性,70,5,12,0.3333333333333333,0,0,20,4550116.0180538,8.163013698630138,4.0
C-001116816,S-0072,-2.9444751334973804,0,2,女性,56,8,12,0.75,11000,1,12,4406797.312641796,9.01917808219178,6.0
C-001742936,S-0089,-53.86935831071498,1,2,男性,57,5,12,0.25,0,0,19,4721110.949352573,10.142465753424657,7.0
C-001167245,S-0040,-100.0,1,2,女性,35,7,12,0.1666666666666666,126692,2,20,4550116.0180538,8.163013698630138,4.0
C-002091606,S-0111,-100.0,1,2,女性,40,3,12,0.5833333333333334,42227,1,19,4489501.980758176,6.397260273972603,4.0
C-002252707,S-0121,-100.0,1,2,女性,48,2,12,0.3333333333333333,10533,1,14,4716268.25678644,9.856164383561644,7.0
C-000680185,S-0007,-100.0,1,2,女性,32,9,12,0.5,0,0,21,4487075.727367008,3.7260273972602738,1.0
C-001194370,S-0085,-72.20252239078779,1,2,男性,76,7,12,0.5833333333333334,3897,1,15,4606655.398026554,4.928767123287671,2.0
C-002518089,S-0054,-39.53873616565512,0,2,女性,51,1,12,1.0,0,0,23,4489160.181517739,6.358904109589041,4.0
C-000204556,S-0005,-23.00812717479384,0,2,女性,36,12,12,0.6666666666666666,12443,1,21,4733942.970761149,4.69041095890411,2.0
C-001560359,S-0019,-13.792277556327306,0,2,女性,44,6,12,0.0833333333333333,0,0,19,4327199.920883598,4.090410958904109,1.0
C-001100874,S-0075,-31.103366426162804,0,2,女性,58,8,12,0.6666666666666666,129614,1,19,4506647.2743158825,4.526027397260274,1.0
C-000572635,S-0017,-74.78884694792602,1,2,男性,47,10,12,0.5833333333333334,2109,1,20,4640207.03550726,5.608219178082192,2.5
C-000632371,S-0002,-27.971661744810227,0,2,男性,55,10,12,0.1666666666666666,0,0,15,4455566.655169959,5.663013698630137,2.0
C-000246970,S-0017,-22.246780660004248,0,2,男性,36,11,12,0.3333333333333333,2718,1,20,4640207.03550726,5.608219178082192,2.5
C-000882121,S-0020,-34.71291048172334,0,2,女性,69,9,12,0.4166666666666667,407,1,16,4280702.057267675,6.986301369863014,3.5
C-000265499,S-0005,-9.097752446499625,0,2,女性,56,11,12,0.8333333333333334,0,0,21,4733942.970761149,4.69041095890411,2.0
C-001914241,S-0054,-12.681175726792468,0,2,男性,74,4,12,0.5833333333333334,0,0,23,4489160.181517739,6.358904109589041,4.0
C-002301161,S-0017,-68.56084617753065,1,2,女性,38,2,12,0.5,10506,2,20,4640207.03550726,5.608219178082192,2.5
C-000333570,S-0056,-100.0,1,2,男性,40,11,12,0.25,153637,1,15,4406070.585753419,7.528767123287671,4.0
C-001214458,S-0054,-10.280274235373522,0,2,女性,53,7,12,0.4166666666666667,14160,1,23,4489160.181517739,6.358904109589041,4.0
C-001485268,S-0017,0.6942280882292778,0,2,女性,60,6,12,0.3333333333333333,0,0,20,4640207.03550726,5.608219178082192,2.5
C-000392007,S-0131,-40.08783095723014,0,2,男性,20,11,12,0.3333333333333333,0,0,17,4569023.5643747775,5.13972602739726,2.0
C-002116935,S-0100,-98.31982520154563,1,2,女性,23,3,12,0.0,12984,1,17,4535925.154217558,4.720547945205479,2.0
C-000544192,S-0004,-91.07825413223141,1,2,女性,46,10,12,0.5,0,0,22,4423576.351309,11.806849315068494,9.0
C-000706062,S-0085,-47.90937470437991,0,2,女性,40,9,12,0.3333333333333333,0,0,15,4606655.398026554,4.928767123287671,2.0
C-000409075,S-0059,-51.812711339154724,1,2,女性,31,11,12,0.5,2866,2,14,4713188.969095345,6.8123287671232875,3.0
C-001887066,S-0063,-13.77619780654204,0,2,女性,19,4,12,0.3333333333333333,1676,1,18,4564012.176421695,5.749315068493151,3.0
C-001452019,S-0062,-11.602255277748473,0,2,女性,39,6,12,0.4166666666666667,30648,2,15,4713869.782113416,4.575342465753424,1.0
C-001721556,S-0017,-36.768668253539786,0,2,女性,52,5,12,0.4166666666666667,0,0,20,4640207.03550726,5.608219178082192,2.5
C-001010023,S-0100,-63.86951187074742,1,2,女性,68,8,12,0.0833333333333333,2405,2,17,4535925.154217558,4.720547945205479,2.0
C-000574064,S-0100,-100.0,1,2,男性,55,10,12,0.5,0,0,17,4535925.154217558,4.720547945205479,2.0
C-002475891,S-0030,-0.050016008308391695,0,2,男性,42,1,12,0.3333333333333333,7330,2,22,4426478.045479023,9.236986301369862,5.5
C-000312625,S-0005,-32.80681891401799,0,2,男性,46,11,12,0.5,15671,1,21,4733942.970761149,4.69041095890411,2.0
C-002682718,S-0085,-29.16428808496515,0,2,女性,50,1,12,0.8333333333333334,112590,1,15,4606655.398026554,4.928767123287671,2.0
C-001347287,S-0089,-24.520144066586873,0,2,男性,36,7,12,1.0,0,0,19,4721110.949352573,10.142465753424657,7.0
C-001957734,S-0002,-49.088394316610085,1,2,女性,61,4,12,0.3333333333333333,0,0,15,4455566.655169959,5.663013698630137,2.0
C-000626775,S-0020,-17.660400667887053,0,2,男性,37,10,12,0.1666666666666666,0,0,16,4280702.057267675,6.986301369863014,3.5
C-001755730,S-0075,-8.805351813549192,0,2,女性,31,5,12,0.9166666666666666,26808,2,19,4506647.2743158825,4.526027397260274,1.0
C-001971960,S-0072,-10.209523867607507,0,2,女性,59,4,12,0.5,8519,1,12,4406797.312641796,9.01917808219178,6.0
C-000439838,S-0096,-100.0,1,2,女性,60,11,12,0.0833333333333333,0,0,16,4644856.458098179,8.302739726027397,5.0
C-001019464,S-0059,-17.46671999085871,0,2,男性,22,8,12,0.25,0,0,14,4713188.969095345,6.8123287671232875,3.0
C-000173154,S-0040,-100.0,1,2,女性,47,12,12,0.1666666666666666,2083,1,20,4550116.0180538,8.163013698630138,4.0
C-001327273,S-0017,-16.027886530668315,0,2,男性,35,7,12,0.1666666666666666,5008,1,20,4640207.03550726,5.608219178082192,2.5
C-002482010,S-0063,-100.0,1,2,女性,46,1,12,0.8333333333333334,0,0,18,4564012.176421695,5.749315068493151,3.0
C-002487289,S-0113,-66.11109129178409,1,2,男性,50,1,12,0.1666666666666666,0,0,16,4336633.961311346,5.77945205479452,2.5
C-002551485,S-0117,-19.327530883597856,0,2,女性,54,1,12,0.25,0,0,20,4500859.737076383,9.593150684931507,7.0
C-000119244,S-0030,-100.0,1,2,男性,36,12,12,0.3333333333333333,0,0,22,4426478.045479023,9.236986301369862,5.5
C-002264136,S-0072,-100.0,1,2,男性,27,2,12,0.0,0,0,12,4406797.312641796,9.01917808219178,6.0
C-001665052,S-0075,-24.36470459500181,0,2,男性,65,5,12,0.1666666666666666,23342,2,19,4506647.2743158825,4.526027397260274,1.0
C-001724912,S-0126,-96.12202597126507,1,2,男性,43,5,12,0.0,0,0,17,4493168.352495564,5.53972602739726,3.0
C-001305005,S-0075,-33.847443253671095,0,2,女性,32,7,12,0.75,0,0,19,4506647.2743158825,4.526027397260274,1.0
C-002050115,S-0126,2.5404737813225404,0,2,女性,42,3,12,0.6666666666666666,1159,1,17,4493168.352495564,5.53972602739726,3.0
C-002331257,S-0019,-2.2273791434931014,0,2,男性,31,2,12,0.3333333333333333,0,0,19,4327199.920883598,4.090410958904109,1.0
C-002128690,S-0085,-15.77923472416973,0,2,男性,34,3,12,0.6666666666666666,5867,1,15,4606655.398026554,4.928767123287671,2.0
C-000216145,S-0017,-44.279981164034545,0,2,男性,46,12,12,0.4166666666666667,0,0,20,4640207.03550726,5.608219178082192,2.5
C-001228765,S-0005,-42.885127101851324,0,2,男性,41,7,12,0.25,0,0,21,4733942.970761149,4.69041095890411,2.0
C-000949820,S-0050,-50.31806275725664,1,2,女性,31,8,12,0.25,47545,2,20,4615411.181286601,9.2013698630137,6.0
C-000283908,S-0097,-81.60710749920368,1,2,女性,49,11,12,0.5833333333333334,0,0,21,4592508.716501317,10.09041095890411,7.0
C-002062896,S-0072,-100.0,1,2,女性,45,3,12,0.1666666666666666,0,0,12,4406797.312641796,9.01917808219178,6.0
C-000725954,S-0059,-100.0,1,2,女性,41,9,12,0.25,0,0,14,4713188.969095345,6.8123287671232875,3.0
C-002070990,S-0020,-74.79365807202568,1,2,女性,69,3,12,0.3333333333333333,0,0,16,4280702.057267675,6.986301369863014,3.5
C-001214428,S-0096,-56.65278804265497,1,2,女性,49,7,12,0.25,6912,2,16,4644856.458098179,8.302739726027397,5.0
C-002150769,S-0131,-18.373513148793332,0,2,女性,53,3,12,0.5,0,0,17,4569023.5643747775,5.13972602739726,2.0
C-000886829,S-0059,-90.68736788395655,1,2,女性,50,9,12,0.75,7516,2,14,4713188.969095345,6.8123287671232875,3.0
C-000240187,S-0020,-40.99703294454676,0,2,男性,40,11,12,0.6666666666666666,3967,1,16,4280702.057267675,6.986301369863014,3.5
C-000575771,S-0019,-84.33370859749955,1,2,男性,54,10,12,0.5833333333333334,59000,2,19,4327199.920883598,4.090410958904109,1.0
C-001196872,S-0036,-27.517519792803842,0,2,男性,46,7,12,0.25,0,0,19,4397834.424680548,11.123287671232877,9.0
C-001045442,S-0097,-41.159353702427445,0,2,女性,72,8,12,0.3333333333333333,0,0,21,4592508.716501317,10.09041095890411,7.0
C-002677192,S-0111,-59.50914899796689,1,2,女性,66,1,12,0.1666666666666666,1466,2,19,4489501.980758176,6.397260273972603,4.0
C-000274595,S-0075,-15.129648306601165,0,2,女性,41,11,12,0.25,0,0,19,4506647.2743158825,4.526027397260274,1.0
C-000943311,S-0017,-32.885245624704375,0,2,男性,38,8,12,0.6666666666666666,0,0,20,4640207.03550726,5.608219178082192,2.5
C-000592284,S-0050,-44.15092975331108,0,2,女性,49,10,12,0.5,4859,1,20,4615411.181286601,9.2013698630137,6.0
C-000111419,S-0072,-58.948036083442965,1,2,女性,39,12,12,0.25,5443,1,12,4406797.312641796,9.01917808219178,6.0
C-001820401,S-0131,-10.925012519007797,0,2,女性,53,4,12,0.75,90686,1,17,4569023.5643747775,5.13972602739726,2.0
C-002372193,S-0039,-7.753399766562935,0,2,男性,43,2,12,0.6666666666666666,0,0,16,4591288.568998441,8.193150684931506,5.0
C-001936492,S-0075,-56.55385824451103,1,2,女性,69,4,12,0.4166666666666667,14568,2,19,4506647.2743158825,4.526027397260274,1.0
C-001017074,S-0050,-2.9970684900550917,0,2,女性,38,8,12,0.5833333333333334,11417,1,20,4615411.181286601,9.2013698630137,6.0
C-001845337,S-0113,-15.377970176127494,0,2,女性,51,4,12,0.4166666666666667,0,0,16,4336633.961311346,5.77945205479452,2.5
C-002239329,S-0012,-84.17585418302215,1,2,男性,26,3,12,0.25,22541,1,16,4444678.825084195,7.994520547945205,5.0
C-001728460,S-0041,-15.710682585694247,0,2,男性,52,5,12,0.5833333333333334,907,1,17,4828489.286769263,10.389041095890411,7.0
C-002623067,S-0131,-77.62771531267735,1,2,男性,60,1,12,0.4166666666666667,0,0,17,4569023.5643747775,5.13972602739726,2.0
C-001835950,S-0100,-62.33212152501416,1,2,女性,69,4,12,1.0,0,0,17,4535925.154217558,4.720547945205479,2.0
C-002261240,S-0085,-39.983043039969026,0,2,男性,65,2,12,0.75,0,0,15,4606655.398026554,4.928767123287671,2.0
C-000335911,S-0059,-15.208679816480464,0,2,女性,60,11,12,0.4166666666666667,0,0,14,4713188.969095345,6.8123287671232875,3.0
C-000625123,S-0012,-63.14209250925359,1,2,女性,35,10,12,0.4166666666666667,70360,2,16,4444678.825084195,7.994520547945205,5.0
C-002683061,S-0005,-23.32100802625244,0,2,男性,42,1,12,0.5833333333333334,20851,1,21,4733942.970761149,4.69041095890411,2.0
C-002482516,S-0030,-30.64087106527425,0,2,女性,45,1,12,0.4166666666666667,0,0,22,4426478.045479023,9.236986301369862,5.5
C-002098397,S-0059,-47.36681554470945,0,2,男性,48,3,12,0.4166666666666667,45761,1,14,4713188.969095345,6.8123287671232875,3.0
C-000737084,S-0012,-100.0,1,2,女性,53,9,12,0.0,34936,2,16,4444678.825084195,7.994520547945205,5.0
C-001027825,S-0063,-8.141710481816611,0,2,女性,61,8,12,0.8333333333333334,0,0,18,4564012.176421695,5.749315068493151,3.0
C-000557965,S-0131,-34.51976155384573,0,2,女性,37,10,12,0.0833333333333333,6048,2,17,4569023.5643747775,5.13972602739726,2.0
C-001969401,S-0039,-14.209120021570158,0,2,女性,44,4,12,0.8333333333333334,0,0,16,4591288.568998441,8.193150684931506,5.0
C-000202404,S-0072,-100.0,1,2,男性,59,12,12,0.25,14751,1,12,4406797.312641796,9.01917808219178,6.0
C-000976829,S-0036,-29.91992016555831,0,2,男性,52,8,12,0.1666666666666666,0,0,19,4397834.424680548,11.123287671232877,9.0
C-001011206,S-0012,-24.290607494300804,0,2,女性,39,8,12,0.5,0,0,16,4444678.825084195,7.994520547945205,5.0
C-002462586,S-0036,-12.151454355020617,0,2,女性,59,2,12,0.3333333333333333,0,0,19,4397834.424680548,11.123287671232877,9.0
C-001089745,S-0017,-31.762350642742266,0,2,男性,40,8,12,0.25,11575,1,20,4640207.03550726,5.608219178082192,2.5
C-000133086,S-0050,-51.79307600477517,1,2,女性,70,12,12,0.4166666666666667,0,0,20,4615411.181286601,9.2013698630137,6.0
C-002246365,S-0004,-100.0,1,2,女性,32,3,12,0.5,22566,1,22,4423576.351309,11.806849315068494,9.0
C-000740826,S-0039,-100.0,1,2,女性,45,9,12,0.0,0,0,16,4591288.568998441,8.193150684931506,5.0
C-000281855,S-0002,-100.0,1,2,男性,23,11,12,0.3333333333333333,0,0,15,4455566.655169959,5.663013698630137,2.0
C-001463914,S-0020,-44.094145097019485,0,2,女性,41,6,12,0.3333333333333333,63392,1,16,4280702.057267675,6.986301369863014,3.5
C-001781379,S-0085,-100.0,1,2,男性,82,5,12,0.75,0,0,15,4606655.398026554,4.928767123287671,2.0
C-001015168,S-0131,-38.51569906201022,0,2,女性,51,8,12,0.8333333333333334,41052,1,17,4569023.5643747775,5.13972602739726,2.0
C-002119017,S-0018,-26.069910291086885,0,2,女性,41,3,12,0.25,0,0,16,4493108.581950108,7.550684931506849,5.0
C-002601797,S-0002,-19.129239691908335,0,2,女性,29,1,12,0.3333333333333333,0,0,15,4455566.655169959,5.663013698630137,2.0
C-000413393,S-0075,-28.171958130112408,0,2,男性,48,11,12,0.0833333333333333,7859,2,19,4506647.2743158825,4.526027397260274,1.0
C-002298224,S-0063,-100.0,1,2,女性,71,2,12,0.5833333333333334,18878,1,18,4564012.176421695,5.749315068493151,3.0
C-000992288,S-0019,-14.609287834858915,0,2,女性,31,8,12,0.5833333333333334,0,0,19,4327199.920883598,4.090410958904109,1.0
C-000502939,S-0113,-55.78889991618116,1,2,男性,43,10,12,0.0833333333333333,17552,2,16,4336633.961311346,5.77945205479452,2.5
C-000087307,S-0008,-22.736753044881254,0,2,男性,41,12,12,0.1666666666666666,29049,1,22,4498453.308937302,10.772602739726027,7.0
C-001750739,S-0041,-100.0,1,2,女性,60,5,12,0.0833333333333333,26156,2,17,4828489.286769263,10.389041095890411,7.0
C-001920582,S-0072,-100.0,1,2,女性,24,4,12,0.0833333333333333,0,0,12,4406797.312641796,9.01917808219178,6.0
C-000179708,S-0099,-100.0,1,2,女性,23,12,12,0.1666666666666666,0,0,13,4464126.154078853,8.147945205479452,5.0
C-000470632,S-0041,-10.919448984356759,0,2,女性,25,10,12,0.25,0,0,17,4828489.286769263,10.389041095890411,7.0
C-000627017,S-0007,-70.80905260779028,1,2,女性,57,10,12,0.3333333333333333,0,0,21,4487075.727367008,3.7260273972602738,1.0
C-000428400,S-0054,11.051027610157846,0,2,女性,47,11,12,0.4166666666666667,28295,1,23,4489160.181517739,6.358904109589041,4.0
C-002133587,S-0002,-6.636818676021089,0,2,女性,23,3,12,1.0,0,0,15,4455566.655169959,5.663013698630137,2.0
C-000990799,S-0050,-24.247014478458446,0,2,男性,46,8,12,0.1666666666666666,1228,1,20,4615411.181286601,9.2013698630137,6.0
C-001348844,S-0019,-4.876102006790309,0,2,男性,68,7,12,0.4166666666666667,0,0,19,4327199.920883598,4.090410958904109,1.0
C-001563030,S-0085,-14.285633944601992,0,2,男性,62,6,12,0.3333333333333333,0,0,15,4606655.398026554,4.928767123287671,2.0
C-002105351,S-0054,-4.297228258509592,0,2,女性,70,3,12,0.5,0,0,23,4489160.181517739,6.358904109589041,4.0
C-001349236,S-0002,-22.690603139449927,0,2,女性,60,7,12,0.6666666666666666,0,0,15,4455566.655169959,5.663013698630137,2.0
C-001704848,S-0005,-22.03945442837909,0,2,男性,29,5,12,0.3333333333333333,0,0,21,4733942.970761149,4.69041095890411,2.0
C-001438950,S-0040,-100.0,1,2,女性,41,6,12,0.4166666666666667,2744,2,20,4550116.0180538,8.163013698630138,4.0
C-000428140,S-0019,-11.275910085538095,0,2,女性,55,11,12,0.75,22688,2,19,4327199.920883598,4.090410958904109,1.0
C-002319667,S-0019,-0.9086739817448122,0,2,男性,70,2,12,0.4166666666666667,4556,1,19,4327199.920883598,4.090410958904109,1.0
C-000562836,S-0075,-0.008324913030674182,0,2,女性,49,10,12,0.6666666666666666,0,0,19,4506647.2743158825,4.526027397260274,1.0
C-000535217,S-0017,-38.78318414293388,0,2,男性,27,10,12,0.25,12697,1,20,4640207.03550726,5.608219178082192,2.5
C-000828062,S-0056,-66.11711883971758,1,2,男性,46,9,12,0.0833333333333333,0,0,15,4406070.585753419,7.528767123287671,4.0
C-001064104,S-0056,-100.0,1,2,男性,57,8,12,0.4166666666666667,0,0,15,4406070.585753419,7.528767123287671,4.0
C-001488212,S-0050,-14.77991477031065,0,2,男性,39,6,12,0.5833333333333334,0,0,20,4615411.181286601,9.2013698630137,6.0
C-001932663,S-0005,-5.087879426150858,0,2,男性,35,4,12,0.6666666666666666,0,0,21,4733942.970761149,4.69041095890411,2.0
C-000742101,S-0040,-64.11026284152005,1,2,女性,56,9,12,0.0,21224,1,20,4550116.0180538,8.163013698630138,4.0
C-002066626,S-0039,-17.043084831731523,0,2,男性,42,3,12,0.4166666666666667,0,0,16,4591288.568998441,8.193150684931506,5.0
C-001874098,S-0089,-98.07171660631262,1,2,男性,60,4,12,0.1666666666666666,0,0,19,4721110.949352573,10.142465753424657,7.0
C-000631323,S-0030,-35.36219444333313,0,2,男性,44,10,12,0.3333333333333333,0,0,22,4426478.045479023,9.236986301369862,5.5
C-000862653,S-0062,-12.255592274426668,0,2,女性,79,9,12,0.0833333333333333,0,0,15,4713869.782113416,4.575342465753424,1.0
C-002440219,S-0079,-100.0,1,2,男性,58,2,12,0.0833333333333333,0,0,13,4256656.371085242,8.479452054794521,6.0
C-002547479,S-0113,-56.349448311203076,1,2,男性,90,1,12,0.25,0,0,16,4336633.961311346,5.77945205479452,2.5
C-002104523,S-0099,-67.93759335526373,1,2,男性,46,3,12,0.9166666666666666,0,0,13,4464126.154078853,8.147945205479452,5.0
C-001559432,S-0017,-25.453797214930816,0,2,女性,32,6,12,0.5833333333333334,19685,1,20,4640207.03550726,5.608219178082192,2.5
C-002644395,S-0121,-100.0,1,2,男性,39,1,12,0.4166666666666667,0,0,14,4716268.25678644,9.856164383561644,7.0
C-000173460,S-0014,-15.258322453742984,0,2,男性,55,12,12,0.4166666666666667,13179,2,21,4730192.353344672,7.336986301369863,4.0
C-000373883,S-0100,-34.96063167838852,0,2,男性,55,11,12,0.25,12671,2,17,4535925.154217558,4.720547945205479,2.0
C-000604591,S-0056,-52.31509187224328,1,2,男性,50,10,12,0.4166666666666667,0,0,15,4406070.585753419,7.528767123287671,4.0
C-000679288,S-0097,-20.336046147654606,0,2,女性,58,9,12,0.1666666666666666,44802,1,21,4592508.716501317,10.09041095890411,7.0
C-001820025,S-0121,-18.373475476002458,0,2,男性,43,4,12,0.4166666666666667,4069,2,14,4716268.25678644,9.856164383561644,7.0
C-000145743,S-0002,-58.372543853045244,1,2,女性,56,12,12,0.6666666666666666,75611,1,15,4455566.655169959,5.663013698630137,2.0
C-002219588,S-0048,-3.421594118483023,0,2,男性,61,3,12,0.75,0,0,15,4502249.082895545,3.671232876712329,1.0
C-001510223,S-0063,-39.193491333569156,0,2,男性,36,6,12,0.3333333333333333,9238,1,18,4564012.176421695,5.749315068493151,3.0
C-000471407,S-0007,-35.37538839511525,0,2,女性,39,10,12,0.0833333333333333,0,0,21,4487075.727367008,3.7260273972602738,1.0
C-001658174,S-0054,-100.0,1,2,男性,35,5,12,0.6666666666666666,0,0,23,4489160.181517739,6.358904109589041,4.0
C-002398430,S-0019,-31.180714626946116,0,2,女性,48,2,12,0.25,0,0,19,4327199.920883598,4.090410958904109,1.0
C-000276227,S-0041,-36.35062907955728,0,2,男性,50,11,12,0.4166666666666667,0,0,17,4828489.286769263,10.389041095890411,7.0
C-002148009,S-0072,-97.26950072134746,1,2,女性,27,3,12,0.0833333333333333,10492,1,12,4406797.312641796,9.01917808219178,6.0
C-001124219,S-0007,-13.684542681552495,0,2,女性,50,8,12,0.8333333333333334,0,0,21,4487075.727367008,3.7260273972602738,1.0
C-001045230,S-0096,-14.242798217083221,0,2,女性,43,8,12,0.0833333333333333,0,0,16,4644856.458098179,8.302739726027397,5.0
C-000148867,S-0111,-33.56319742856166,0,2,男性,59,12,12,0.5833333333333334,1584,2,19,4489501.980758176,6.397260273972603,4.0
C-000391051,S-0097,-26.042560903489193,0,2,男性,48,11,12,0.1666666666666666,0,0,21,4592508.716501317,10.09041095890411,7.0
C-001228498,S-0121,-7.99678177406525,0,2,男性,28,7,12,1.0,0,0,14,4716268.25678644,9.856164383561644,7.0
C-000904753,S-0062,-47.45814207470788,0,2,男性,39,8,12,0.75,6364,1,15,4713869.782113416,4.575342465753424,1.0
C-000558097,S-0005,-47.06493342985742,0,2,男性,39,10,12,0.75,0,0,21,4733942.970761149,4.69041095890411,2.0
C-000232881,S-0079,-100.0,1,2,女性,50,11,12,0.5,40129,1,13,4256656.371085242,8.479452054794521,6.0
C-001717042,S-0056,-97.10377665727088,1,2,女性,51,5,12,0.75,19867,1,15,4406070.585753419,7.528767123287671,4.0
C-000765277,S-0019,-12.616481857462647,0,2,女性,59,9,12,0.4166666666666667,0,0,19,4327199.920883598,4.090410958904109,1.0
C-000002500,S-0126,-7.398425866836843,0,2,女性,60,12,12,0.25,6371,1,17,4493168.352495564,5.53972602739726,3.0
C-000890910,S-0036,-37.67210882747602,0,2,男性,43,9,12,0.6666666666666666,1920,2,19,4397834.424680548,11.123287671232877,9.0
C-002032138,S-0111,-43.82662527153898,0,2,女性,42,3,12,0.0,18420,1,19,4489501.980758176,6.397260273972603,4.0
C-001149430,S-0111,-100.0,1,2,女性,52,7,12,0.5833333333333334,2761,1,19,4489501.980758176,6.397260273972603,4.0
C-001996742,S-0099,-46.12343488595218,0,2,男性,42,4,12,0.5,0,0,13,4464126.154078853,8.147945205479452,5.0
C-000404314,S-0012,-100.0,1,2,男性,61,11,12,0.1666666666666666,7998,1,16,4444678.825084195,7.994520547945205,5.0
C-002389511,S-0059,-21.041892627545824,0,2,男性,39,2,12,0.25,0,0,14,4713188.969095345,6.8123287671232875,3.0
C-000152419,S-0017,-100.0,1,2,男性,52,12,12,0.0833333333333333,0,0,20,4640207.03550726,5.608219178082192,2.5
C-000602714,S-0048,-100.0,1,2,女性,52,10,12,0.5833333333333334,0,0,15,4502249.082895545,3.671232876712329,1.0
C-000923039,S-0131,-64.20121887904662,1,2,女性,43,8,12,0.8333333333333334,9239,2,17,4569023.5643747775,5.13972602739726,2.0
C-000603172,S-0121,-25.294438633986633,0,2,女性,41,10,12,0.4166666666666667,0,0,14,4716268.25678644,9.856164383561644,7.0
C-002599190,S-0040,-12.092959178918663,0,2,女性,40,1,12,0.9166666666666666,0,0,20,4550116.0180538,8.163013698630138,4.0
C-000038191,S-0020,-34.927715300901205,0,2,男性,38,12,12,0.1666666666666666,969,1,16,4280702.057267675,6.986301369863014,3.5
C-000850774,S-0019,-3.288578239840741,0,2,男性,52,9,12,0.3333333333333333,0,0,19,4327199.920883598,4.090410958904109,1.0
C-001386306,S-0002,-100.0,1,2,女性,56,6,12,0.4166666666666667,0,0,15,4455566.655169959,5.663013698630137,2.0
C-001265616,S-0075,-26.498647724908608,0,2,女性,44,7,12,0.25,4445,1,19,4506647.2743158825,4.526027397260274,1.0
C-002263040,S-0075,-28.424070425037073,0,2,女性,69,2,12,0.5833333333333334,87334,2,19,4506647.2743158825,4.526027397260274,1.0
C-001226640,S-0111,4.34806844384821,0,2,女性,49,7,12,0.8333333333333334,10293,2,19,4489501.980758176,6.397260273972603,4.0
C-000233602,S-0040,-71.0777401336874,1,2,女性,50,11,12,1.0,6035,1,20,4550116.0180538,8.163013698630138,4.0
C-001448441,S-0054,-100.0,1,2,女性,23,6,12,0.4166666666666667,1569,1,23,4489160.181517739,6.358904109589041,4.0
C-002112582,S-0004,-11.97741298403722,0,2,女性,31,3,12,0.1666666666666666,9612,1,22,4423576.351309,11.806849315068494,9.0
C-001533303,S-0030,-61.17690675784226,1,2,男性,33,6,12,0.0833333333333333,5237,2,22,4426478.045479023,9.236986301369862,5.5
C-001582719,S-0074,-100.0,1,2,女性,49,5,12,0.75,0,0,14,4614054.39694187,8.308219178082192,6.0
C-001995523,S-0050,-100.0,1,2,女性,36,4,12,0.5,4053,2,20,4615411.181286601,9.2013698630137,6.0
C-001398550,S-0020,-16.05547090313209,0,2,女性,35,6,12,1.0,2202,2,16,4280702.057267675,6.986301369863014,3.5
C-002393112,S-0063,-44.12321829939749,0,2,女性,63,2,12,0.25,11386,1,18,4564012.176421695,5.749315068493151,3.0
C-000691996,S-0062,-83.63650955005083,1,2,男性,51,9,12,0.5,17298,2,15,4713869.782113416,4.575342465753424,1.0
C-001512099,S-0039,-34.61334945952075,0,2,女性,43,6,12,0.8333333333333334,0,0,16,4591288.568998441,8.193150684931506,5.0
C-001619870,S-0115,-38.58473446493939,0,2,女性,90,5,12,0.3333333333333333,0,0,14,4553643.099564746,10.51095890410959,7.0
C-000173312,S-0085,-15.28605125823444,0,2,女性,47,12,12,0.1666666666666666,4925,1,15,4606655.398026554,4.928767123287671,2.0
C-000291260,S-0036,-100.0,1,2,女性,47,11,12,0.1666666666666666,28976,1,19,4397834.424680548,11.123287671232877,9.0
C-000905123,S-0063,-44.65661271413753,0,2,男性,54,8,12,0.3333333333333333,0,0,18,4564012.176421695,5.749315068493151,3.0
C-001643006,S-0019,7.6442427766950996,0,2,男性,35,5,12,0.0,7552,2,19,4327199.920883598,4.090410958904109,1.0
C-002482426,S-0126,-59.37033981060233,1,2,男性,45,1,12,0.4166666666666667,4671,1,17,4493168.352495564,5.53972602739726,3.0
C-001198965,S-0039,-100.0,1,2,男性,51,7,12,0.6666666666666666,57399,1,16,4591288.568998441,8.193150684931506,5.0
C-000631989,S-0039,-73.02423318693013,1,2,女性,60,10,12,0.4166666666666667,159053,1,16,4591288.568998441,8.193150684931506,5.0
C-001365877,S-0005,-28.071825003384177,0,2,女性,37,6,12,0.75,7253,2,21,4733942.970761149,4.69041095890411,2.0
C-000866437,S-0007,-12.477581619903273,0,2,女性,50,9,12,0.3333333333333333,0,0,21,4487075.727367008,3.7260273972602738,1.0
C-002028556,S-0096,-100.0,1,2,男性,32,3,12,0.1666666666666666,59016,1,16,4644856.458098179,8.302739726027397,5.0
C-000477543,S-0075,-66.19139827239309,1,2,男性,50,10,12,0.3333333333333333,5123,2,19,4506647.2743158825,4.526027397260274,1.0
C-002224462,S-0106,-100.0,1,2,男性,54,3,12,0.25,0,0,20,4462729.145118021,6.171232876712329,3.5
C-000201396,S-0002,-13.747605039921936,0,2,男性,69,12,12,0.5833333333333334,0,0,15,4455566.655169959,5.663013698630137,2.0
C-000092326,S-0056,-81.3963072199103,1,2,男性,44,12,12,0.1666666666666666,13048,1,15,4406070.585753419,7.528767123287671,4.0
C-000435541,S-0002,-64.27774248381725,1,2,男性,84,11,12,0.5833333333333334,23862,2,15,4455566.655169959,5.663013698630137,2.0
C-002174041,S-0085,-13.841975611919723,0,2,男性,38,3,12,0.75,3852,1,15,4606655.398026554,4.928767123287671,2.0
C-000542397,S-0040,-20.707756588368934,0,2,女性,82,10,12,0.0833333333333333,0,0,20,4550116.0180538,8.163013698630138,4.0
C-001519860,S-0030,-100.0,1,2,男性,34,6,12,0.5,0,0,22,4426478.045479023,9.236986301369862,5.5
C-000356926,S-0020,-10.273874831881216,0,2,女性,43,11,12,0.3333333333333333,2957,1,16,4280702.057267675,6.986301369863014,3.5
C-002483277,S-0074,-78.86881629256267,1,2,女性,58,1,12,0.5,0,0,14,4614054.39694187,8.308219178082192,6.0
C-000404670,S-0050,-55.678824721377914,1,2,男性,43,11,12,0.8333333333333334,3969,1,20,4615411.181286601,9.2013698630137,6.0
C-000709133,S-0113,-100.0,1,2,男性,57,9,12,0.4166666666666667,195532,1,16,4336633.961311346,5.77945205479452,2.5
C-002074983,S-0131,-100.0,1,2,男性,39,3,12,0.1666666666666666,0,0,17,4569023.5643747775,5.13972602739726,2.0
C-000948604,S-0097,-7.530938902778944,0,2,男性,29,8,12,0.5833333333333334,9616,1,21,4592508.716501317,10.09041095890411,7.0
C-002541714,S-0056,-38.13320364923569,0,2,女性,31,1,12,0.4166666666666667,0,0,15,4406070.585753419,7.528767123287671,4.0
C-001506769,S-0063,-5.7584033087616024,0,2,女性,54,6,12,0.8333333333333334,0,0,18,4564012.176421695,5.749315068493151,3.0
C-001692196,S-0063,-20.740795331879603,0,2,女性,69,5,12,0.5,0,0,18,4564012.176421695,5.749315068493151,3.0
C-002456367,S-0131,-100.0,1,2,女性,41,2,12,0.3333333333333333,0,0,17,4569023.5643747775,5.13972602739726,2.0
C-000016579,S-0085,-16.604911260894177,0,2,女性,51,12,12,0.1666666666666666,6454,1,15,4606655.398026554,4.928767123287671,2.0
C-002269006,S-0039,-45.5190042231607,0,2,男性,79,2,12,0.25,0,0,16,4591288.568998441,8.193150684931506,5.0
C-000172676,S-0085,-7.659692778202544,0,2,女性,60,12,12,1.0,5982,1,15,4606655.398026554,4.928767123287671,2.0
C-000785304,S-0075,-77.01616399331145,1,2,男性,42,9,12,0.75,0,0,19,4506647.2743158825,4.526027397260274,1.0
C-001730433,S-0020,-20.451820036405504,0,2,女性,54,5,12,0.3333333333333333,826,1,16,4280702.057267675,6.986301369863014,3.5
C-000859377,S-0131,-39.1503016595581,0,2,男性,51,9,12,0.5833333333333334,62856,2,17,4569023.5643747775,5.13972602739726,2.0
C-002157184,S-0100,-7.259600463144826,0,2,女性,80,3,12,0.1666666666666666,25339,1,17,4535925.154217558,4.720547945205479,2.0
C-002412186,S-0018,-97.81610960399925,1,2,男性,35,2,12,0.0833333333333333,37545,2,16,4493108.581950108,7.550684931506849,5.0
C-000833664,S-0062,-100.0,1,2,女性,74,9,12,0.5,176559,1,15,4713869.782113416,4.575342465753424,1.0
C-001260980,S-0056,-68.2019150156643,1,2,女性,53,7,12,0.75,30621,2,15,4406070.585753419,7.528767123287671,4.0
C-000501533,S-0036,-23.875834226158677,0,2,女性,57,10,12,0.3333333333333333,10248,1,19,4397834.424680548,11.123287671232877,9.0
C-002450926,S-0097,-32.8252615216034,0,2,女性,52,2,12,0.8333333333333334,0,0,21,4592508.716501317,10.09041095890411,7.0
C-001618678,S-0082,-58.92448982385064,1,2,男性,32,5,12,0.1666666666666666,0,0,17,4607261.71451126,4.758904109589041,2.0
C-002196355,S-0099,-100.0,1,2,女性,18,3,12,0.25,12862,1,13,4464126.154078853,8.147945205479452,5.0
C-001603203,S-0017,-86.91586509192743,1,2,女性,58,5,12,0.1666666666666666,2041,1,20,4640207.03550726,5.608219178082192,2.5
C-001427836,S-0121,-29.4671826625387,0,2,男性,46,6,12,0.3333333333333333,0,0,14,4716268.25678644,9.856164383561644,7.0
C-000972643,S-0056,-13.094371556565532,0,2,女性,43,8,12,0.5,0,0,15,4406070.585753419,7.528767123287671,4.0
C-000790551,S-0007,-65.32205143736908,1,2,女性,70,9,12,0.0833333333333333,0,0,21,4487075.727367008,3.7260273972602738,1.0
C-000279159,S-0089,-72.84868392617885,1,2,男性,63,11,12,0.5833333333333334,0,0,19,4721110.949352573,10.142465753424657,7.0
C-001608567,S-0075,-12.300506033476061,0,2,男性,47,5,12,0.5,0,0,19,4506647.2743158825,4.526027397260274,1.0
C-001304551,S-0017,8.698285095147952,0,2,女性,73,7,12,0.6666666666666666,3575,1,20,4640207.03550726,5.608219178082192,2.5
C-002435927,S-0036,-100.0,1,2,女性,20,2,12,0.0833333333333333,0,0,19,4397834.424680548,11.123287671232877,9.0
C-000083053,S-0096,-19.652117605684907,0,2,女性,42,12,12,0.25,15512,1,16,4644856.458098179,8.302739726027397,5.0
C-002027384,S-0050,-100.0,1,2,女性,55,3,12,0.1666666666666666,1917,2,20,4615411.181286601,9.2013698630137,6.0
C-001856988,S-0113,-4.764427667812719,0,2,男性,53,4,12,0.4166666666666667,8294,1,16,4336633.961311346,5.77945205479452,2.5
C-000931649,S-0089,-6.815011293455651,0,2,男性,42,8,12,0.5,0,0,19,4721110.949352573,10.142465753424657,7.0
C-002437949,S-0005,-24.45622605895742,0,2,女性,44,2,12,0.5833333333333334,71465,1,21,4733942.970761149,4.69041095890411,2.0
C-001792872,S-0030,-100.0,1,2,女性,67,5,12,0.5,0,0,22,4426478.045479023,9.236986301369862,5.5
C-000682679,S-0039,-99.69287389687301,1,2,男性,65,9,12,0.5,0,0,16,4591288.568998441,8.193150684931506,5.0
C-000468028,S-0036,-100.0,1,2,男性,57,10,12,0.0833333333333333,0,0,19,4397834.424680548,11.123287671232877,9.0
C-000274630,S-0111,-100.0,1,2,男性,56,11,12,0.0833333333333333,0,0,19,4489501.980758176,6.397260273972603,4.0
C-001679732,S-0007,-36.17138065106351,0,2,女性,44,5,12,0.4166666666666667,5347,1,21,4487075.727367008,3.7260273972602738,1.0
C-002334088,S-0111,-74.15549134612615,1,2,女性,20,2,12,0.25,6917,1,19,4489501.980758176,6.397260273972603,4.0
C-002687207,S-0097,-19.44358273526058,0,2,女性,79,1,12,0.4166666666666667,0,0,21,4592508.716501317,10.09041095890411,7.0
C-000922411,S-0050,-100.0,1,2,女性,44,8,12,0.4166666666666667,0,0,20,4615411.181286601,9.2013698630137,6.0
C-000817199,S-0005,-16.408921787234597,0,2,女性,33,9,12,1.0,0,0,21,4733942.970761149,4.69041095890411,2.0
C-001189401,S-0019,-22.16540404040404,0,2,女性,56,7,12,0.75,0,0,19,4327199.920883598,4.090410958904109,1.0
C-002112363,S-0019,-1.158239390804475,0,2,女性,51,3,12,0.9166666666666666,0,0,19,4327199.920883598,4.090410958904109,1.0
C-000264536,S-0041,-19.04948052399319,0,2,女性,70,11,12,0.5,0,0,17,4828489.286769263,10.389041095890411,7.0
C-000501228,S-0121,-68.23326861789809,1,2,男性,37,10,12,0.5833333333333334,8088,2,14,4716268.25678644,9.856164383561644,7.0
C-002343607,S-0017,-89.66206303435018,1,2,女性,36,2,12,0.6666666666666666,58630,1,20,4640207.03550726,5.608219178082192,2.5
C-000260212,S-0002,-69.6036573553911,1,2,女性,54,11,12,0.1666666666666666,0,0,15,4455566.655169959,5.663013698630137,2.0
C-002669159,S-0004,-100.0,1,2,女性,57,1,12,0.25,0,0,22,4423576.351309,11.806849315068494,9.0
C-002613678,S-0030,-15.106146944121354,0,2,女性,38,1,12,0.4166666666666667,0,0,22,4426478.045479023,9.236986301369862,5.5
C-000108534,S-0007,-26.06544327385224,0,2,女性,51,12,12,0.25,0,0,21,4487075.727367008,3.7260273972602738,1.0
C-001181781,S-0019,-17.600137707598815,0,2,女性,86,7,12,0.25,0,0,19,4327199.920883598,4.090410958904109,1.0
C-001190533,S-0056,-16.441766074901903,0,2,女性,25,7,12,0.4166666666666667,0,0,15,4406070.585753419,7.528767123287671,4.0
C-002650413,S-0008,-48.526901669758814,0,2,男性,44,1,12,0.3333333333333333,0,0,22,4498453.308937302,10.772602739726027,7.0
C-002496672,S-0048,-16.187327774990994,0,2,女性,48,1,12,0.1666666666666666,0,0,15,4502249.082895545,3.671232876712329,1.0
C-002528191,S-0008,-63.535165566028226,1,2,女性,42,1,12,0.6666666666666666,13129,1,22,4498453.308937302,10.772602739726027,7.0
C-001379174,S-0036,1.112982456140351,0,2,女性,57,6,12,0.5,0,0,19,4397834.424680548,11.123287671232877,9.0
C-001740144,S-0030,-36.48792907072828,0,2,女性,58,5,12,0.5833333333333334,0,0,22,4426478.045479023,9.236986301369862,5.5
C-001163868,S-0040,-100.0,1,2,女性,58,7,12,0.3333333333333333,0,0,20,4550116.0180538,8.163013698630138,4.0
C-000686219,S-0059,-100.0,1,2,男性,33,9,12,0.5833333333333334,0,0,14,4713188.969095345,6.8123287671232875,3.0
C-000205709,S-0121,4.25979905950059,0,2,男性,59,12,12,0.5833333333333334,29473,1,14,4716268.25678644,9.856164383561644,7.0
C-002513551,S-0019,-34.722136493632085,0,2,女性,65,1,12,0.1666666666666666,0,0,19,4327199.920883598,4.090410958904109,1.0
C-001867290,S-0096,-28.74472389855932,0,2,女性,39,4,12,0.3333333333333333,490,1,16,4644856.458098179,8.302739726027397,5.0
C-000599649,S-0126,-27.766647270547978,0,2,女性,52,10,12,0.9166666666666666,62042,1,17,4493168.352495564,5.53972602739726,3.0
C-002364773,S-0041,-7.0799840191769885,0,2,男性,41,2,12,0.3333333333333333,0,0,17,4828489.286769263,10.389041095890411,7.0
C-001407979,S-0002,-50.593474799991945,1,2,女性,48,6,12,0.3333333333333333,0,0,15,4455566.655169959,5.663013698630137,2.0
C-000535982,S-0054,-100.0,1,2,女性,47,10,12,0.5833333333333334,0,0,23,4489160.181517739,6.358904109589041,4.0
C-002018776,S-0018,-100.0,1,2,女性,58,4,12,0.4166666666666667,11534,1,16,4493108.581950108,7.550684931506849,5.0
C-001366628,S-0039,-67.5714272963396,1,2,女性,38,6,12,0.3333333333333333,0,0,16,4591288.568998441,8.193150684931506,5.0
C-000759868,S-0062,-11.008229376888732,0,2,男性,47,9,12,0.9166666666666666,15746,2,15,4713869.782113416,4.575342465753424,1.0
C-001218935,S-0054,-100.0,1,2,女性,55,7,12,0.3333333333333333,0,0,23,4489160.181517739,6.358904109589041,4.0
C-000877383,S-0111,-28.90658760591424,0,2,女性,57,9,12,0.25,8786,1,19,4489501.980758176,6.397260273972603,4.0
C-001030851,S-0050,-12.309508498452685,0,2,女性,41,8,12,0.5833333333333334,0,0,20,4615411.181286601,9.2013698630137,6.0
C-002540067,S-0085,-100.0,1,2,男性,52,1,12,0.9166666666666666,0,0,15,4606655.398026554,4.928767123287671,2.0
C-001166570,S-0040,-16.209556730173286,0,2,男性,31,7,12,0.0833333333333333,24083,1,20,4550116.0180538,8.163013698630138,4.0
C-001194035,S-0075,-28.329826710922084,0,2,女性,43,7,12,0.5833333333333334,706,1,19,4506647.2743158825,4.526027397260274,1.0
C-000770783,S-0100,-100.0,1,2,男性,49,9,12,0.25,17960,1,17,4535925.154217558,4.720547945205479,2.0
C-000358215,S-0131,-32.774714930397494,0,2,女性,63,11,12,0.5833333333333334,0,0,17,4569023.5643747775,5.13972602739726,2.0
C-000119741,S-0039,-11.296970539590955,0,2,女性,56,12,12,0.4166666666666667,0,0,16,4591288.568998441,8.193150684931506,5.0
C-002110236,S-0131,-100.0,1,2,男性,47,3,12,0.5833333333333334,0,0,17,4569023.5643747775,5.13972602739726,2.0
C-001969206,S-0082,-28.424477901894125,0,2,女性,25,4,12,0.75,0,0,17,4607261.71451126,4.758904109589041,2.0
C-000257347,S-0040,-28.064799367811045,0,2,女性,38,11,12,0.3333333333333333,0,0,20,4550116.0180538,8.163013698630138,4.0
C-001911997,S-0041,-70.58243371356923,1,2,女性,43,4,12,0.6666666666666666,19694,2,17,4828489.286769263,10.389041095890411,7.0
C-002557398,S-0019,-29.274734165510864,0,2,女性,79,1,12,0.1666666666666666,0,0,19,4327199.920883598,4.090410958904109,1.0
C-001779787,S-0056,-100.0,1,2,女性,20,5,12,0.4166666666666667,0,0,15,4406070.585753419,7.528767123287671,4.0
C-002377918,S-0007,-35.705088409096135,0,2,男性,42,2,12,0.5833333333333334,13841,1,21,4487075.727367008,3.7260273972602738,1.0
C-000791126,S-0004,-100.0,1,2,男性,43,9,12,0.25,12398,1,22,4423576.351309,11.806849315068494,9.0
C-000851214,S-0050,-100.0,1,2,女性,46,9,12,0.25,25255,1,20,4615411.181286601,9.2013698630137,6.0
C-000801731,S-0054,-100.0,1,2,女性,72,9,12,0.6666666666666666,0,0,23,4489160.181517739,6.358904109589041,4.0
C-001139706,S-0005,-51.38669544963926,1,2,女性,37,7,12,0.5833333333333334,0,0,21,4733942.970761149,4.69041095890411,2.0
C-002349640,S-0075,-47.635669484592306,0,2,女性,25,2,12,0.8333333333333334,0,0,19,4506647.2743158825,4.526027397260274,1.0
C-001226806,S-0062,-18.55003989424115,0,2,女性,46,7,12,0.25,0,0,15,4713869.782113416,4.575342465753424,1.0
C-001794658,S-0039,-56.87626299965498,1,2,男性,76,5,12,0.0,11915,1,16,4591288.568998441,8.193150684931506,5.0
C-000537936,S-0056,-100.0,1,2,男性,60,10,12,0.1666666666666666,0,0,15,4406070.585753419,7.528767123287671,4.0
C-001467731,S-0131,-9.758696533226471,0,2,男性,67,6,12,0.1666666666666666,0,0,17,4569023.5643747775,5.13972602739726,2.0
C-000913654,S-0126,-65.1103282032264,1,2,男性,42,8,12,0.8333333333333334,0,0,17,4493168.352495564,5.53972602739726,3.0
C-001288742,S-0063,-13.093998544797653,0,2,女性,70,7,12,0.1666666666666666,0,0,18,4564012.176421695,5.749315068493151,3.0
C-000084138,S-0019,-13.078990189167271,0,2,男性,62,12,12,0.0833333333333333,0,0,19,4327199.920883598,4.090410958904109,1.0
C-001060118,S-0030,-40.49212810507727,0,2,男性,31,8,12,0.0833333333333333,1417,2,22,4426478.045479023,9.236986301369862,5.5
C-000275851,S-0096,3.926776753495715,0,2,女性,55,11,12,0.0,56196,1,16,4644856.458098179,8.302739726027397,5.0
C-001189233,S-0019,-5.364141561860193,0,2,女性,42,7,12,0.25,0,0,19,4327199.920883598,4.090410958904109,1.0
C-002577277,S-0056,-100.0,1,2,男性,57,1,12,0.3333333333333333,5832,1,15,4406070.585753419,7.528767123287671,4.0
C-001179766,S-0121,-88.35427640936602,1,2,女性,50,7,12,0.3333333333333333,0,0,14,4716268.25678644,9.856164383561644,7.0
C-001923204,S-0056,-5.125183380546022,0,2,男性,58,4,12,0.5,14031,1,15,4406070.585753419,7.528767123287671,4.0
C-001978147,S-0131,-41.85059167143416,0,2,男性,78,4,12,0.5,8456,2,17,4569023.5643747775,5.13972602739726,2.0
C-001799644,S-0007,-100.0,1,2,男性,46,4,12,0.25,17536,1,21,4487075.727367008,3.7260273972602738,1.0
C-000316496,S-0131,-9.962927431469664,0,2,女性,48,11,12,0.0833333333333333,0,0,17,4569023.5643747775,5.13972602739726,2.0
C-000702762,S-0019,-5.773833266852812,0,2,男性,69,9,12,0.25,0,0,19,4327199.920883598,4.090410958904109,1.0
C-000594465,S-0039,-22.779371297980504,0,2,女性,53,10,12,0.3333333333333333,0,0,16,4591288.568998441,8.193150684931506,5.0
C-000731246,S-0074,-14.998680057841046,0,2,女性,36,9,12,0.8333333333333334,0,0,14,4614054.39694187,8.308219178082192,6.0
C-001849117,S-0126,-100.0,1,2,女性,48,4,12,0.75,6227,1,17,4493168.352495564,5.53972602739726,3.0
C-000615577,S-0063,-66.93632236958892,1,2,男性,59,10,12,0.6666666666666666,14120,1,18,4564012.176421695,5.749315068493151,3.0
C-000186163,S-0005,-25.05622502842438,0,2,男性,50,12,12,0.1666666666666666,3395,1,21,4733942.970761149,4.69041095890411,2.0
C-001143263,S-0097,-64.88788943238896,1,2,女性,49,7,12,0.1666666666666666,0,0,21,4592508.716501317,10.09041095890411,7.0
C-000705695,S-0050,-100.0,1,2,女性,54,9,12,0.75,2748,1,20,4615411.181286601,9.2013698630137,6.0
C-002221365,S-0074,-25.939044011091205,0,2,男性,50,3,12,0.3333333333333333,11556,2,14,4614054.39694187,8.308219178082192,6.0
C-002187333,S-0030,-9.314923234852843,0,2,女性,36,3,12,0.1666666666666666,3531,1,22,4426478.045479023,9.236986301369862,5.5
C-001669840,S-0106,-42.7900908079897,0,2,男性,48,5,12,0.1666666666666666,0,0,20,4462729.145118021,6.171232876712329,3.5
C-001753380,S-0085,-39.689876425855516,0,2,女性,58,5,12,0.5,17729,1,15,4606655.398026554,4.928767123287671,2.0
C-002291176,S-0041,-65.91413791967315,1,2,女性,41,2,12,0.5,12563,1,17,4828489.286769263,10.389041095890411,7.0
C-002198636,S-0014,-100.0,1,2,男性,60,3,12,0.0833333333333333,0,0,21,4730192.353344672,7.336986301369863,4.0
C-000116277,S-0063,-25.55099209272629,0,2,男性,49,12,12,0.0833333333333333,12095,1,18,4564012.176421695,5.749315068493151,3.0
C-000062081,S-0131,-19.727447519030324,0,2,女性,48,12,12,0.6666666666666666,3891,1,17,4569023.5643747775,5.13972602739726,2.0
C-001503761,S-0082,-24.796619554997267,0,2,男性,54,6,12,1.0,0,0,17,4607261.71451126,4.758904109589041,2.0
C-000657140,S-0054,-67.04299742750433,1,2,男性,64,10,12,0.25,0,0,23,4489160.181517739,6.358904109589041,4.0
C-002389098,S-0050,-86.48668047495028,1,2,男性,56,2,12,0.25,15578,1,20,4615411.181286601,9.2013698630137,6.0
C-002038334,S-0050,-47.713809952774824,0,2,女性,80,3,12,0.5,1167,1,20,4615411.181286601,9.2013698630137,6.0
C-001937021,S-0017,-17.917090964722306,0,2,女性,50,4,12,0.3333333333333333,38807,1,20,4640207.03550726,5.608219178082192,2.5
C-002255784,S-0056,-100.0,1,2,男性,59,2,12,0.5833333333333334,0,0,15,4406070.585753419,7.528767123287671,4.0
C-000759161,S-0002,-100.0,1,2,男性,57,9,12,0.6666666666666666,0,0,15,4455566.655169959,5.663013698630137,2.0
C-002652683,S-0041,-37.9936135637905,0,2,男性,50,1,12,0.4166666666666667,6286,1,17,4828489.286769263,10.389041095890411,7.0
C-001714446,S-0131,-100.0,1,2,女性,40,5,12,0.75,0,0,17,4569023.5643747775,5.13972602739726,2.0
C-001725679,S-0005,-54.36548973260452,1,2,女性,59,5,12,0.6666666666666666,18664,1,21,4733942.970761149,4.69041095890411,2.0
C-002680109,S-0075,-100.0,1,2,女性,41,1,12,0.25,0,0,19,4506647.2743158825,4.526027397260274,1.0
C-001063721,S-0002,-17.064868233902803,0,2,女性,60,8,12,0.5,0,0,15,4455566.655169959,5.663013698630137,2.0
C-001089916,S-0040,-48.66859036250329,0,2,男性,46,8,12,0.25,48395,1,20,4550116.0180538,8.163013698630138,4.0
C-002008093,S-0054,-66.4053093493871,1,2,男性,82,4,12,0.5,0,0,23,4489160.181517739,6.358904109589041,4.0
C-001537541,S-0059,-33.626398664612736,0,2,女性,38,6,12,0.1666666666666666,6198,1,14,4713188.969095345,6.8123287671232875,3.0
C-001174527,S-0018,-1.8370327560365491,0,2,女性,38,7,12,0.5,0,0,16,4493108.581950108,7.550684931506849,5.0
C-000436950,S-0017,-76.79998315558971,1,2,女性,60,11,12,0.4166666666666667,33746,2,20,4640207.03550726,5.608219178082192,2.5
C-001184308,S-0002,-31.435339359340308,0,2,女性,81,7,12,0.4166666666666667,0,0,15,4455566.655169959,5.663013698630137,2.0
C-002326061,S-0100,-40.37001100384322,0,2,男性,34,2,12,0.6666666666666666,41972,1,17,4535925.154217558,4.720547945205479,2.0
C-001618238,S-0099,-100.0,1,2,男性,48,5,12,0.5,9319,2,13,4464126.154078853,8.147945205479452,5.0
C-000284969,S-0085,-33.294767661503585,0,2,女性,60,11,12,0.6666666666666666,0,0,15,4606655.398026554,4.928767123287671,2.0
C-001943002,S-0059,-42.41044279053604,0,2,男性,49,4,12,0.75,24897,1,14,4713188.969095345,6.8123287671232875,3.0
C-001917651,S-0059,-33.0970268611296,0,2,女性,44,4,12,0.0833333333333333,30822,2,14,4713188.969095345,6.8123287671232875,3.0
C-000169121,S-0121,-4.3853016290846965,0,2,男性,43,12,12,0.3333333333333333,11435,1,14,4716268.25678644,9.856164383561644,7.0
C-002436086,S-0040,-100.0,1,2,女性,41,2,12,0.0833333333333333,0,0,20,4550116.0180538,8.163013698630138,4.0
C-001970205,S-0012,-76.54887758959164,1,2,女性,48,4,12,0.0,9448,1,16,4444678.825084195,7.994520547945205,5.0
C-002374515,S-0054,-29.41630751600608,0,2,男性,62,2,12,0.1666666666666666,0,0,23,4489160.181517739,6.358904109589041,4.0
C-001569056,S-0002,-28.0574861383678,0,2,男性,36,6,12,0.3333333333333333,949,1,15,4455566.655169959,5.663013698630137,2.0
C-002276154,S-0074,-21.85775964449176,0,2,女性,57,2,12,0.5,0,0,14,4614054.39694187,8.308219178082192,6.0
C-001723607,S-0096,-32.744600370073194,0,2,女性,50,5,12,0.3333333333333333,35420,1,16,4644856.458098179,8.302739726027397,5.0
C-001266577,S-0079,-9.701771350709858,0,2,男性,54,7,12,0.4166666666666667,0,0,13,4256656.371085242,8.479452054794521,6.0
C-002684932,S-0040,-41.62069549031221,0,2,女性,56,1,12,0.5833333333333334,44032,2,20,4550116.0180538,8.163013698630138,4.0
C-002257577,S-0056,-19.28657799274486,0,2,女性,50,2,12,0.4166666666666667,5077,1,15,4406070.585753419,7.528767123287671,4.0
C-000082299,S-0054,-38.54453774330705,0,2,女性,44,12,12,0.5833333333333334,0,0,23,4489160.181517739,6.358904109589041,4.0
C-001345413,S-0019,-12.825830882299805,0,2,女性,56,7,12,0.75,0,0,19,4327199.920883598,4.090410958904109,1.0
C-002548579,S-0131,-7.587006861612074,0,2,女性,61,1,12,0.75,2598,1,17,4569023.5643747775,5.13972602739726,2.0
C-001980924,S-0005,0.3811199061858693,0,2,女性,32,4,12,0.25,0,0,21,4733942.970761149,4.69041095890411,2.0
C-001555416,S-0050,-28.30851741558884,0,2,女性,35,6,12,0.0833333333333333,28967,1,20,4615411.181286601,9.2013698630137,6.0
C-001798076,S-0019,-4.13085226143964,0,2,男性,51,5,12,0.6666666666666666,0,0,19,4327199.920883598,4.090410958904109,1.0
C-001734905,S-0062,-13.506659836065573,0,2,男性,47,5,12,0.3333333333333333,0,0,15,4713869.782113416,4.575342465753424,1.0
C-001085908,S-0096,-76.53969285018327,1,2,女性,48,8,12,0.25,0,0,16,4644856.458098179,8.302739726027397,5.0
C-002300523,S-0019,-28.69820877508587,0,2,男性,52,2,12,0.1666666666666666,3972,1,19,4327199.920883598,4.090410958904109,1.0
C-000487850,S-0019,-21.349212112410136,0,2,女性,55,10,12,0.4166666666666667,0,0,19,4327199.920883598,4.090410958904109,1.0
C-000029935,S-0099,-78.54293090153217,1,2,男性,53,12,12,0.3333333333333333,0,0,13,4464126.154078853,8.147945205479452,5.0
C-001792908,S-0020,-87.38717842700255,1,2,女性,56,5,12,0.0833333333333333,42322,1,16,4280702.057267675,6.986301369863014,3.5
C-001166794,S-0085,-22.139653403129287,0,2,男性,41,7,12,0.75,1961,1,15,4606655.398026554,4.928767123287671,2.0
C-001133533,S-0019,-24.078368516181836,0,2,男性,37,7,12,0.9166666666666666,47267,1,19,4327199.920883598,4.090410958904109,1.0
C-000744710,S-0075,-100.0,1,2,女性,43,9,12,0.25,0,0,19,4506647.2743158825,4.526027397260274,1.0
C-000619461,S-0017,-100.0,1,2,男性,42,10,12,0.4166666666666667,0,0,20,4640207.03550726,5.608219178082192,2.5
C-000081660,S-0089,-100.0,1,2,男性,70,12,12,0.4166666666666667,0,0,19,4721110.949352573,10.142465753424657,7.0
C-001700501,S-0059,-12.107856197146717,0,2,女性,42,5,12,0.25,0,0,14,4713188.969095345,6.8123287671232875,3.0
C-001889000,S-0017,-15.126014989856301,0,2,男性,55,4,12,0.8333333333333334,0,0,20,4640207.03550726,5.608219178082192,2.5
C-002078815,S-0054,-49.38825087187935,1,2,男性,53,3,12,0.4166666666666667,0,0,23,4489160.181517739,6.358904109589041,4.0
C-002356048,S-0008,-10.464083111202243,0,2,男性,51,2,12,0.3333333333333333,32523,1,22,4498453.308937302,10.772602739726027,7.0
C-001091792,S-0059,-69.43703495718097,1,2,女性,37,8,12,0.4166666666666667,0,0,14,4713188.969095345,6.8123287671232875,3.0
C-001120578,S-0096,-100.0,1,2,女性,57,8,12,0.0833333333333333,0,0,16,4644856.458098179,8.302739726027397,5.0
C-000216240,S-0131,-26.598790706339276,0,2,男性,50,12,12,0.6666666666666666,0,0,17,4569023.5643747775,5.13972602739726,2.0
C-000706805,S-0056,-100.0,1,2,女性,45,9,12,0.25,35527,1,15,4406070.585753419,7.528767123287671,4.0
C-000103128,S-0131,-44.91364081821189,0,2,女性,47,12,12,0.3333333333333333,0,0,17,4569023.5643747775,5.13972602739726,2.0
C-001827310,S-0082,-3.8513649903504246,0,2,女性,26,4,12,0.6666666666666666,3326,1,17,4607261.71451126,4.758904109589041,2.0
C-001572278,S-0020,-82.21975950533916,1,2,男性,47,6,12,0.25,18492,1,16,4280702.057267675,6.986301369863014,3.5
C-002605808,S-0030,-11.507153428712384,0,2,男性,76,1,12,0.5833333333333334,12269,2,22,4426478.045479023,9.236986301369862,5.5
C-001120815,S-0054,-100.0,1,2,男性,55,8,12,0.0833333333333333,0,0,23,4489160.181517739,6.358904109589041,4.0
C-000628745,S-0059,-100.0,1,2,女性,60,10,12,0.5833333333333334,16530,1,14,4713188.969095345,6.8123287671232875,3.0
C-000926023,S-0097,-41.77608219385057,0,2,男性,80,8,12,0.3333333333333333,0,0,21,4592508.716501317,10.09041095890411,7.0
C-000796163,S-0059,-40.52318083510219,0,2,女性,41,9,12,0.6666666666666666,0,0,14,4713188.969095345,6.8123287671232875,3.0
C-002068839,S-0100,-28.53347190085886,0,2,女性,63,3,12,0.5,0,0,17,4535925.154217558,4.720547945205479,2.0
C-000515891,S-0054,-94.93605817452358,1,2,女性,56,10,12,0.0833333333333333,0,0,23,4489160.181517739,6.358904109589041,4.0
C-001808975,S-0019,0.9913992460860459,0,2,女性,45,4,12,0.5,0,0,19,4327199.920883598,4.090410958904109,1.0
C-001069843,S-0002,-82.83474558045508,1,2,女性,35,8,12,0.75,5681,1,15,4455566.655169959,5.663013698630137,2.0
C-002169411,S-0050,-20.834027523241478,0,2,男性,54,3,12,0.1666666666666666,29543,2,20,4615411.181286601,9.2013698630137,6.0
C-000024460,S-0085,-27.108339480095665,0,2,女性,37,12,12,0.6666666666666666,0,0,15,4606655.398026554,4.928767123287671,2.0
C-000286063,S-0020,-32.71723783853164,0,2,女性,21,11,12,0.5833333333333334,0,0,16,4280702.057267675,6.986301369863014,3.5
C-000648134,S-0036,-58.29804340953355,1,2,女性,81,10,12,0.0833333333333333,63986,2,19,4397834.424680548,11.123287671232877,9.0
C-001401516,S-0085,-11.938226618080861,0,2,男性,54,6,12,0.4166666666666667,10971,2,15,4606655.398026554,4.928767123287671,2.0
C-001941231,S-0131,-32.83802668221622,0,2,男性,56,4,12,0.4166666666666667,8668,1,17,4569023.5643747775,5.13972602739726,2.0
C-000966965,S-0020,-25.58799140309015,0,2,男性,50,8,12,0.1666666666666666,0,0,16,4280702.057267675,6.986301369863014,3.5
C-000738022,S-0099,-77.61255796017795,1,2,女性,47,9,12,0.1666666666666666,0,0,13,4464126.154078853,8.147945205479452,5.0
C-000881404,S-0089,-100.0,1,2,男性,55,9,12,0.25,18474,1,19,4721110.949352573,10.142465753424657,7.0
C-002033679,S-0050,-16.167938661132077,0,2,男性,47,3,12,0.5,0,0,20,4615411.181286601,9.2013698630137,6.0
C-001836412,S-0036,-5.0188005013467025,0,2,女性,47,4,12,0.5,0,0,19,4397834.424680548,11.123287671232877,9.0
C-000013378,S-0005,-24.43368409662672,0,2,女性,43,12,12,0.6666666666666666,7365,2,21,4733942.970761149,4.69041095890411,2.0
C-001390336,S-0005,-39.501006967123885,0,2,女性,46,6,12,0.5833333333333334,14372,1,21,4733942.970761149,4.69041095890411,2.0
C-001246714,S-0121,-82.42401163193243,1,2,男性,72,7,12,0.3333333333333333,1817,1,14,4716268.25678644,9.856164383561644,7.0
C-001703265,S-0020,-65.82399454586405,1,2,男性,36,5,12,0.3333333333333333,39874,2,16,4280702.057267675,6.986301369863014,3.5
C-000804026,S-0056,-100.0,1,2,女性,58,9,12,0.25,0,0,15,4406070.585753419,7.528767123287671,4.0
C-002064548,S-0059,-100.0,1,2,男性,87,3,12,0.3333333333333333,0,0,14,4713188.969095345,6.8123287671232875,3.0
C-001496420,S-0100,-14.152293205511027,0,2,女性,40,6,12,0.5833333333333334,0,0,17,4535925.154217558,4.720547945205479,2.0
C-002077519,S-0039,-75.48931330268708,1,2,男性,29,3,12,0.25,0,0,16,4591288.568998441,8.193150684931506,5.0
C-001383082,S-0115,-11.566127451864409,0,2,男性,62,6,12,0.5,0,0,14,4553643.099564746,10.51095890410959,7.0
C-001017656,S-0005,-38.61648660413946,0,2,女性,40,8,12,0.75,0,0,21,4733942.970761149,4.69041095890411,2.0
C-002002236,S-0019,-23.174360190595287,0,2,女性,57,4,12,0.75,0,0,19,4327199.920883598,4.090410958904109,1.0
C-000373352,S-0012,-55.04019826052231,1,2,女性,76,11,12,0.0833333333333333,7666,1,16,4444678.825084195,7.994520547945205,5.0
C-001107874,S-0017,-22.458479807099838,0,2,男性,41,8,12,0.5833333333333334,13147,1,20,4640207.03550726,5.608219178082192,2.5
C-000623794,S-0054,-14.820037155344087,0,2,男性,42,10,12,0.25,7609,1,23,4489160.181517739,6.358904109589041,4.0
C-000564945,S-0002,-100.0,1,2,女性,30,10,12,0.0833333333333333,0,0,15,4455566.655169959,5.663013698630137,2.0
C-001968980,S-0050,-100.0,1,2,女性,44,4,12,0.3333333333333333,13927,1,20,4615411.181286601,9.2013698630137,6.0
C-000811450,S-0089,-32.83102270444043,0,2,男性,41,9,12,0.5,5003,1,19,4721110.949352573,10.142465753424657,7.0
C-001118979,S-0041,-100.0,1,2,女性,57,8,12,0.25,0,0,17,4828489.286769263,10.389041095890411,7.0
C-002197773,S-0117,-100.0,1,2,男性,40,3,12,0.4166666666666667,30798,1,20,4500859.737076383,9.593150684931507,7.0
C-001652743,S-0050,-34.099425996580884,0,2,男性,53,5,12,0.5,26956,1,20,4615411.181286601,9.2013698630137,6.0
C-002054912,S-0059,-36.06695756948652,0,2,男性,35,3,12,0.4166666666666667,0,0,14,4713188.969095345,6.8123287671232875,3.0
C-002412432,S-0017,-66.31648372355961,1,2,男性,69,2,12,0.0833333333333333,0,0,20,4640207.03550726,5.608219178082192,2.5
C-001969668,S-0126,-16.378738423161636,0,2,女性,74,4,12,0.8333333333333334,0,0,17,4493168.352495564,5.53972602739726,3.0
C-002575473,S-0131,-27.914091103192884,0,2,男性,65,1,12,0.8333333333333334,5322,1,17,4569023.5643747775,5.13972602739726,2.0
C-002450310,S-0019,-7.104869664410908,0,2,男性,63,2,12,0.5,1164,1,19,4327199.920883598,4.090410958904109,1.0
C-002187766,S-0030,-100.0,1,2,男性,42,3,12,0.3333333333333333,0,0,22,4426478.045479023,9.236986301369862,5.5
C-000163748,S-0036,-15.379815184847487,0,2,男性,42,12,12,0.3333333333333333,39015,1,19,4397834.424680548,11.123287671232877,9.0
C-002155323,S-0059,-69.7301401499573,1,2,女性,50,3,12,0.4166666666666667,0,0,14,4713188.969095345,6.8123287671232875,3.0
C-002188567,S-0089,-52.08611062810332,1,2,女性,42,3,12,0.1666666666666666,16179,1,19,4721110.949352573,10.142465753424657,7.0
C-002000039,S-0054,-57.994045176330886,1,2,男性,22,4,12,0.3333333333333333,0,0,23,4489160.181517739,6.358904109589041,4.0
C-000724535,S-0115,-100.0,1,2,女性,26,9,12,0.25,0,0,14,4553643.099564746,10.51095890410959,7.0
C-000154148,S-0050,-98.59309685895138,1,2,女性,44,12,12,0.0833333333333333,18099,1,20,4615411.181286601,9.2013698630137,6.0
C-001449715,S-0062,-15.321660507337375,0,2,女性,54,6,12,0.0833333333333333,0,0,15,4713869.782113416,4.575342465753424,1.0
C-001466800,S-0113,-88.79722969092074,1,2,女性,56,6,12,0.5,10751,1,16,4336633.961311346,5.77945205479452,2.5
C-002483690,S-0007,-5.379170089910783,0,2,男性,46,1,12,0.25,0,0,21,4487075.727367008,3.7260273972602738,1.0
C-001655080,S-0131,-55.29133035089983,1,2,男性,40,5,12,0.1666666666666666,0,0,17,4569023.5643747775,5.13972602739726,2.0
C-001716405,S-0054,-5.1098649028026,0,2,女性,49,5,12,0.5,17370,2,23,4489160.181517739,6.358904109589041,4.0
C-002593173,S-0075,-37.388350582226515,0,2,女性,46,1,12,0.8333333333333334,74302,1,19,4506647.2743158825,4.526027397260274,1.0
C-000489370,S-0002,-100.0,1,2,男性,20,10,12,0.3333333333333333,0,0,15,4455566.655169959,5.663013698630137,2.0
C-001306861,S-0036,-19.832072338069754,0,2,女性,66,7,12,0.6666666666666666,29355,1,19,4397834.424680548,11.123287671232877,9.0
C-000716004,S-0054,-50.42640952035896,1,2,男性,52,9,12,0.5833333333333334,61322,2,23,4489160.181517739,6.358904109589041,4.0
C-001413947,S-0113,-79.66380059897594,1,2,女性,43,6,12,0.0833333333333333,0,0,16,4336633.961311346,5.77945205479452,2.5
C-002520349,S-0126,-15.07189817017894,0,2,女性,66,1,12,0.75,0,0,17,4493168.352495564,5.53972602739726,3.0
C-001799292,S-0007,-34.58278276304112,0,2,女性,80,5,12,0.5833333333333334,0,0,21,4487075.727367008,3.7260273972602738,1.0
C-002173666,S-0126,-93.52304036619678,1,2,女性,31,3,12,0.3333333333333333,0,0,17,4493168.352495564,5.53972602739726,3.0
C-001824032,S-0007,-49.55192409066948,1,2,女性,55,4,12,0.4166666666666667,3728,2,21,4487075.727367008,3.7260273972602738,1.0
C-000590973,S-0012,-100.0,1,2,男性,33,10,12,0.4166666666666667,0,0,16,4444678.825084195,7.994520547945205,5.0
C-000189203,S-0099,-100.0,1,2,女性,52,12,12,0.0833333333333333,174,2,13,4464126.154078853,8.147945205479452,5.0
C-002478023,S-0121,-100.0,1,2,男性,43,1,12,0.25,31661,1,14,4716268.25678644,9.856164383561644,7.0
C-000648636,S-0117,-13.552350484126393,0,2,男性,60,10,12,0.25,0,0,20,4500859.737076383,9.593150684931507,7.0
C-001930076,S-0089,-58.971123735805385,1,2,男性,59,4,12,0.5833333333333334,0,0,19,4721110.949352573,10.142465753424657,7.0
C-001320904,S-0063,-61.15059813410959,1,2,男性,32,7,12,0.5833333333333334,21115,2,18,4564012.176421695,5.749315068493151,3.0
C-000405687,S-0131,-100.0,1,2,男性,67,11,12,1.0,0,0,17,4569023.5643747775,5.13972602739726,2.0
C-000814211,S-0062,-28.174064128889594,0,2,女性,44,9,12,0.4166666666666667,0,0,15,4713869.782113416,4.575342465753424,1.0
C-001063146,S-0096,-75.73143741943852,1,2,女性,49,8,12,0.4166666666666667,0,0,16,4644856.458098179,8.302739726027397,5.0
C-000601097,S-0059,-37.22461197743963,0,2,女性,26,10,12,0.6666666666666666,17756,2,14,4713188.969095345,6.8123287671232875,3.0
C-000911272,S-0039,1.586551273900997,0,2,男性,64,8,12,0.6666666666666666,0,0,16,4591288.568998441,8.193150684931506,5.0
C-001968894,S-0126,-44.78216461803966,0,2,男性,65,4,12,0.5833333333333334,51368,1,17,4493168.352495564,5.53972602739726,3.0
C-001855432,S-0111,-7.810613977970989,0,2,男性,52,4,12,0.6666666666666666,0,0,19,4489501.980758176,6.397260273972603,4.0
C-001718044,S-0097,-30.098760885831478,0,2,女性,50,5,12,0.4166666666666667,60411,1,21,4592508.716501317,10.09041095890411,7.0
C-000206156,S-0036,-63.36470335421157,1,2,女性,41,12,12,0.1666666666666666,3212,1,19,4397834.424680548,11.123287671232877,9.0
C-000738859,S-0054,-43.840953438409535,0,2,男性,53,9,12,0.25,9688,1,23,4489160.181517739,6.358904109589041,4.0
C-001351398,S-0014,0.01703023150985348,0,2,女性,51,6,12,0.3333333333333333,0,0,21,4730192.353344672,7.336986301369863,4.0
C-000632189,S-0039,-100.0,1,2,女性,41,10,12,0.4166666666666667,121465,1,16,4591288.568998441,8.193150684931506,5.0
C-002632073,S-0075,-100.0,1,2,男性,52,1,12,0.4166666666666667,0,0,19,4506647.2743158825,4.526027397260274,1.0
C-001059909,S-0111,-98.23191071698216,1,2,男性,46,8,12,0.8333333333333334,0,0,19,4489501.980758176,6.397260273972603,4.0
C-000176719,S-0111,-32.837401625814735,0,2,女性,36,12,12,0.5833333333333334,0,0,19,4489501.980758176,6.397260273972603,4.0
C-002633666,S-0017,-100.0,1,2,女性,42,1,12,0.5,0,0,20,4640207.03550726,5.608219178082192,2.5
C-000721965,S-0072,-15.380819589221995,0,2,女性,22,9,12,0.4166666666666667,0,0,12,4406797.312641796,9.01917808219178,6.0
C-002067178,S-0019,-2.5972450088851273,0,2,女性,48,3,12,1.0,0,0,19,4327199.920883598,4.090410958904109,1.0
C-002627130,S-0017,-18.851109088070046,0,2,女性,60,1,12,0.4166666666666667,39604,1,20,4640207.03550726,5.608219178082192,2.5
C-001281492,S-0039,-29.23969511376429,0,2,女性,47,7,12,0.6666666666666666,15498,1,16,4591288.568998441,8.193150684931506,5.0
C-001042882,S-0062,-60.16704173298937,1,2,女性,22,8,12,0.4166666666666667,0,0,15,4713869.782113416,4.575342465753424,1.0
C-000691304,S-0131,-93.01266492033356,1,2,男性,50,9,12,0.1666666666666666,0,0,17,4569023.5643747775,5.13972602739726,2.0
C-001297324,S-0040,-38.27318951473565,0,2,男性,35,7,12,0.6666666666666666,0,0,20,4550116.0180538,8.163013698630138,4.0
C-001876818,S-0056,-12.162838332474742,0,2,女性,48,4,12,0.6666666666666666,26768,1,15,4406070.585753419,7.528767123287671,4.0
C-002152727,S-0063,-15.053132227675297,0,2,女性,50,3,12,0.0833333333333333,0,0,18,4564012.176421695,5.749315068493151,3.0
C-000020333,S-0039,-26.40330819447529,0,2,男性,74,12,12,0.25,29742,1,16,4591288.568998441,8.193150684931506,5.0
C-002260681,S-0059,-89.34502082155159,1,2,女性,32,2,12,0.0833333333333333,26936,2,14,4713188.969095345,6.8123287671232875,3.0
C-002259736,S-0089,-25.290755165968086,0,2,女性,54,2,12,0.5,26197,2,19,4721110.949352573,10.142465753424657,7.0
C-002344695,S-0007,-35.734533705831325,0,2,女性,60,2,12,0.5,31121,1,21,4487075.727367008,3.7260273972602738,1.0
C-000067148,S-0020,-22.408819426574752,0,2,男性,27,12,12,0.1666666666666666,0,0,16,4280702.057267675,6.986301369863014,3.5
C-001680205,S-0082,-55.7301300935547,1,2,女性,58,5,12,0.0833333333333333,0,0,17,4607261.71451126,4.758904109589041,2.0
C-000951396,S-0017,-84.1732802910661,1,2,女性,43,8,12,0.5833333333333334,0,0,20,4640207.03550726,5.608219178082192,2.5
C-001899177,S-0131,-8.384411061161197,0,2,男性,61,4,12,0.0833333333333333,16075,1,17,4569023.5643747775,5.13972602739726,2.0
C-002181969,S-0018,-24.974670597436976,0,2,女性,47,3,12,0.25,1935,1,16,4493108.581950108,7.550684931506849,5.0
C-000695620,S-0121,-100.0,1,2,女性,42,9,12,0.0833333333333333,3323,1,14,4716268.25678644,9.856164383561644,7.0
C-001513009,S-0089,-54.04852226437234,1,2,男性,41,6,12,0.5,0,0,19,4721110.949352573,10.142465753424657,7.0
C-000789388,S-0039,-100.0,1,2,男性,67,9,12,0.0833333333333333,0,0,16,4591288.568998441,8.193150684931506,5.0
C-000452511,S-0075,-64.17587670874262,1,2,男性,46,10,12,0.0833333333333333,0,0,19,4506647.2743158825,4.526027397260274,1.0
C-001250432,S-0039,-100.0,1,2,女性,68,7,12,0.3333333333333333,3694,1,16,4591288.568998441,8.193150684931506,5.0
C-000884409,S-0075,-44.006024096385545,0,2,男性,55,9,12,0.5833333333333334,0,0,19,4506647.2743158825,4.526027397260274,1.0
C-001406448,S-0074,-58.651778241569644,1,2,男性,20,6,12,0.8333333333333334,0,0,14,4614054.39694187,8.308219178082192,6.0
C-000022866,S-0005,-39.02978206624351,0,2,男性,44,12,12,0.8333333333333334,0,0,21,4733942.970761149,4.69041095890411,2.0
C-001175846,S-0131,-15.819189707090061,0,2,女性,55,7,12,0.4166666666666667,1751,1,17,4569023.5643747775,5.13972602739726,2.0
C-001110791,S-0019,-3.5427278105836812,0,2,男性,33,8,12,0.3333333333333333,0,0,19,4327199.920883598,4.090410958904109,1.0
C-001525249,S-0126,-59.973289055732025,1,2,男性,55,6,12,0.75,0,0,17,4493168.352495564,5.53972602739726,3.0
C-001674904,S-0039,-20.66111952644548,0,2,男性,62,5,12,0.0833333333333333,0,0,16,4591288.568998441,8.193150684931506,5.0
C-000566174,S-0002,-70.67876777793208,1,2,女性,57,10,12,0.25,0,0,15,4455566.655169959,5.663013698630137,2.0
C-002459422,S-0002,-88.3502538071066,1,2,男性,61,2,12,0.1666666666666666,0,0,15,4455566.655169959,5.663013698630137,2.0
C-002200083,S-0005,-73.97195418883578,1,2,女性,54,3,12,1.0,0,0,21,4733942.970761149,4.69041095890411,2.0
C-002554153,S-0100,-90.27319640948429,1,2,女性,62,1,12,0.4166666666666667,0,0,17,4535925.154217558,4.720547945205479,2.0
C-001383848,S-0126,-98.45111498381762,1,2,男性,31,6,12,0.25,0,0,17,4493168.352495564,5.53972602739726,3.0
C-001068978,S-0050,-32.20217729393468,0,2,男性,78,8,12,0.3333333333333333,55983,1,20,4615411.181286601,9.2013698630137,6.0
C-000353812,S-0020,-37.637571788636514,0,2,女性,51,11,12,0.6666666666666666,0,0,16,4280702.057267675,6.986301369863014,3.5
C-000565480,S-0082,-45.465461970609084,0,2,男性,46,10,12,0.5,0,0,17,4607261.71451126,4.758904109589041,2.0
C-002346874,S-0062,-57.28086967734256,1,2,女性,47,2,12,0.5833333333333334,2191,1,15,4713869.782113416,4.575342465753424,1.0
C-001068866,S-0080,-100.0,1,2,男性,63,8,12,0.0,0,0,17,4457429.264950683,11.673972602739726,9.0
C-002258112,S-0089,-9.568342587662585,0,2,女性,52,2,12,0.25,8885,1,19,4721110.949352573,10.142465753424657,7.0
C-002641631,S-0050,-13.432468230679357,0,2,男性,67,1,12,0.4166666666666667,0,0,20,4615411.181286601,9.2013698630137,6.0
C-002586980,S-0040,-38.06825509414496,0,2,男性,46,1,12,0.0,31204,2,20,4550116.0180538,8.163013698630138,4.0
C-001657611,S-0089,-51.606278176657206,1,2,男性,20,5,12,0.5833333333333334,0,0,19,4721110.949352573,10.142465753424657,7.0
C-001396738,S-0008,-100.0,1,2,女性,55,6,12,0.25,61465,1,22,4498453.308937302,10.772602739726027,7.0
C-002020075,S-0040,-61.364681200991974,1,2,女性,33,4,12,0.25,0,0,20,4550116.0180538,8.163013698630138,4.0
C-000387712,S-0048,-96.76736849003436,1,2,男性,42,11,12,0.25,6799,1,15,4502249.082895545,3.671232876712329,1.0
C-000539820,S-0075,-34.282444803446424,0,2,女性,57,10,12,0.8333333333333334,3543,1,19,4506647.2743158825,4.526027397260274,1.0
C-002111194,S-0089,-7.43876604285289,0,2,女性,59,3,12,0.5,0,0,19,4721110.949352573,10.142465753424657,7.0
C-002476880,S-0059,-100.0,1,2,女性,40,1,12,0.1666666666666666,0,0,14,4713188.969095345,6.8123287671232875,3.0
C-000433005,S-0036,-100.0,1,2,男性,52,11,12,0.3333333333333333,0,0,19,4397834.424680548,11.123287671232877,9.0
C-001065812,S-0126,-20.104231575369624,0,2,男性,36,8,12,0.3333333333333333,7014,1,17,4493168.352495564,5.53972602739726,3.0
C-002216531,S-0005,-45.79698154833534,0,2,女性,22,3,12,0.3333333333333333,0,0,21,4733942.970761149,4.69041095890411,2.0
C-001163477,S-0050,-82.82679317279431,1,2,女性,44,7,12,0.4166666666666667,7382,1,20,4615411.181286601,9.2013698630137,6.0
C-000680731,S-0082,-49.31706830367224,1,2,女性,53,9,12,0.5,11512,1,17,4607261.71451126,4.758904109589041,2.0
C-000953426,S-0039,-20.11723491188217,0,2,男性,46,8,12,0.8333333333333334,0,0,16,4591288.568998441,8.193150684931506,5.0
C-001577232,S-0121,-74.80568422705504,1,2,男性,41,5,12,0.8333333333333334,32918,1,14,4716268.25678644,9.856164383561644,7.0
C-001537390,S-0017,-100.0,1,2,男性,50,6,12,0.4166666666666667,92573,2,20,4640207.03550726,5.608219178082192,2.5
C-001823530,S-0007,-93.54523116126684,1,2,女性,59,4,12,0.0833333333333333,15560,1,21,4487075.727367008,3.7260273972602738,1.0
C-002434544,S-0014,-100.0,1,2,男性,38,2,12,0.25,36569,1,21,4730192.353344672,7.336986301369863,4.0
C-000131628,S-0121,-3.8653736893755486,0,2,男性,43,12,12,0.3333333333333333,0,0,14,4716268.25678644,9.856164383561644,7.0
C-000433549,S-0075,-57.61524872413213,1,2,男性,37,11,12,0.25,3996,1,19,4506647.2743158825,4.526027397260274,1.0
C-002072788,S-0089,-26.269111262012057,0,2,女性,56,3,12,0.4166666666666667,0,0,19,4721110.949352573,10.142465753424657,7.0
C-000576827,S-0050,-93.3992784205131,1,2,男性,55,10,12,0.1666666666666666,65606,1,20,4615411.181286601,9.2013698630137,6.0
C-002075835,S-0002,-100.0,1,2,女性,50,3,12,0.75,0,0,15,4455566.655169959,5.663013698630137,2.0
C-000616082,S-0054,-11.876636387103119,0,2,男性,49,10,12,0.5,26755,1,23,4489160.181517739,6.358904109589041,4.0
C-000147952,S-0036,-35.10843278308615,0,2,女性,45,12,12,0.4166666666666667,13534,1,19,4397834.424680548,11.123287671232877,9.0
C-002336698,S-0012,-100.0,1,2,女性,46,2,12,0.1666666666666666,0,0,16,4444678.825084195,7.994520547945205,5.0
C-001518442,S-0072,-38.26414342629482,0,2,女性,50,6,12,0.0833333333333333,0,0,12,4406797.312641796,9.01917808219178,6.0
C-000681900,S-0075,-90.04559270516718,1,2,男性,43,9,12,0.8333333333333334,1218,2,19,4506647.2743158825,4.526027397260274,1.0
C-001791989,S-0089,-100.0,1,2,男性,57,5,12,0.1666666666666666,17874,1,19,4721110.949352573,10.142465753424657,7.0
C-000509664,S-0007,-56.0732915153516,1,2,女性,35,10,12,1.0,19657,2,21,4487075.727367008,3.7260273972602738,1.0
C-001754287,S-0007,-42.61692509189235,0,2,男性,28,5,12,0.5,0,0,21,4487075.727367008,3.7260273972602738,1.0
C-000672098,S-0111,-98.01280293728468,1,2,男性,58,10,12,0.0833333333333333,9352,1,19,4489501.980758176,6.397260273972603,4.0
C-000345365,S-0007,-98.90812346511292,1,2,女性,50,11,12,0.0833333333333333,0,0,21,4487075.727367008,3.7260273972602738,1.0
C-002261788,S-0019,-5.869222053283491,0,2,女性,60,2,12,0.4166666666666667,75464,1,19,4327199.920883598,4.090410958904109,1.0
C-001038676,S-0020,-96.74495309831809,1,2,男性,44,8,12,0.1666666666666666,8108,2,16,4280702.057267675,6.986301369863014,3.5
C-002095664,S-0111,-14.468027403761699,0,2,女性,52,3,12,0.25,0,0,19,4489501.980758176,6.397260273972603,4.0
C-001056287,S-0063,-42.9089507765781,0,2,男性,51,8,12,0.6666666666666666,3695,1,18,4564012.176421695,5.749315068493151,3.0
C-002612875,S-0062,-63.37706654115433,1,2,女性,36,1,12,0.5833333333333334,0,0,15,4713869.782113416,4.575342465753424,1.0
C-000238008,S-0131,-100.0,1,2,女性,56,11,12,0.5,0,0,17,4569023.5643747775,5.13972602739726,2.0
C-001199630,S-0054,-55.81629374059228,1,2,男性,58,7,12,0.3333333333333333,0,0,23,4489160.181517739,6.358904109589041,4.0
C-002652017,S-0075,-100.0,1,2,女性,34,1,12,0.5833333333333334,1682,1,19,4506647.2743158825,4.526027397260274,1.0
C-001522748,S-0050,-25.043315591385877,0,2,女性,53,6,12,0.0833333333333333,0,0,20,4615411.181286601,9.2013698630137,6.0
C-001934981,S-0113,-33.11954790087051,0,2,女性,32,4,12,0.6666666666666666,0,0,16,4336633.961311346,5.77945205479452,2.5
C-002252660,S-0050,-63.259198492996696,1,2,女性,34,2,12,0.25,1598,1,20,4615411.181286601,9.2013698630137,6.0
C-002214463,S-0113,-69.47767665160349,1,2,男性,41,3,12,0.3333333333333333,40614,1,16,4336633.961311346,5.77945205479452,2.5
C-000991617,S-0005,-54.80386190107337,1,2,女性,41,8,12,0.5,5896,1,21,4733942.970761149,4.69041095890411,2.0
C-000052625,S-0054,-100.0,1,2,女性,57,12,12,0.3333333333333333,0,0,23,4489160.181517739,6.358904109589041,4.0
C-000172041,S-0089,-57.85177729772192,1,2,男性,17,12,12,0.25,3774,1,19,4721110.949352573,10.142465753424657,7.0
C-000304913,S-0039,-22.15823569470394,0,2,女性,55,11,12,0.5833333333333334,1353,1,16,4591288.568998441,8.193150684931506,5.0
C-000969815,S-0113,-17.875186410710818,0,2,男性,46,8,12,0.4166666666666667,0,0,16,4336633.961311346,5.77945205479452,2.5
C-002509974,S-0117,-20.624753288079607,0,2,女性,43,1,12,0.3333333333333333,33669,1,20,4500859.737076383,9.593150684931507,7.0
C-000257213,S-0111,-16.597324424046704,0,2,男性,47,11,12,0.3333333333333333,0,0,19,4489501.980758176,6.397260273972603,4.0
C-001238779,S-0014,-100.0,1,2,女性,58,7,12,0.5,39152,1,21,4730192.353344672,7.336986301369863,4.0
C-001518793,S-0100,-100.0,1,2,男性,19,6,12,0.6666666666666666,0,0,17,4535925.154217558,4.720547945205479,2.0
C-000601160,S-0017,-45.67444924247969,0,2,男性,43,10,12,0.3333333333333333,296,1,20,4640207.03550726,5.608219178082192,2.5
C-001979091,S-0005,-39.610787157381296,0,2,男性,49,4,12,0.75,9660,1,21,4733942.970761149,4.69041095890411,2.0
C-000938249,S-0082,-6.067258576748244,0,2,男性,36,8,12,0.5833333333333334,0,0,17,4607261.71451126,4.758904109589041,2.0
C-002518352,S-0075,-53.095078417272,1,2,女性,32,1,12,0.5833333333333334,52513,1,19,4506647.2743158825,4.526027397260274,1.0
C-000211935,S-0020,-94.69982672510447,1,2,女性,49,12,12,0.25,0,0,16,4280702.057267675,6.986301369863014,3.5
C-002201175,S-0050,-60.61184806903185,1,2,女性,53,3,12,0.3333333333333333,0,0,20,4615411.181286601,9.2013698630137,6.0
C-001627849,S-0030,-71.06795821231428,1,2,女性,70,5,12,0.3333333333333333,0,0,22,4426478.045479023,9.236986301369862,5.5
C-001020426,S-0005,-30.507216705906437,0,2,女性,51,8,12,0.25,0,0,21,4733942.970761149,4.69041095890411,2.0
C-000012231,S-0040,-100.0,1,2,女性,28,12,12,0.5833333333333334,5792,1,20,4550116.0180538,8.163013698630138,4.0
C-002380301,S-0100,-14.704692193763542,0,2,男性,41,2,12,0.4166666666666667,6398,1,17,4535925.154217558,4.720547945205479,2.0
C-000624663,S-0005,-21.5118877564434,0,2,男性,68,10,12,0.6666666666666666,22509,1,21,4733942.970761149,4.69041095890411,2.0
C-000943934,S-0062,-49.572018111391394,1,2,女性,70,8,12,0.6666666666666666,0,0,15,4713869.782113416,4.575342465753424,1.0
C-000294903,S-0019,-19.060778745544987,0,2,男性,40,11,12,0.3333333333333333,0,0,19,4327199.920883598,4.090410958904109,1.0
C-000944879,S-0074,-100.0,1,2,女性,38,8,12,0.4166666666666667,0,0,14,4614054.39694187,8.308219178082192,6.0
C-000181537,S-0019,-15.169977432036937,0,2,女性,57,12,12,0.6666666666666666,0,0,19,4327199.920883598,4.090410958904109,1.0
C-001956788,S-0102,-100.0,1,2,男性,76,4,12,0.1666666666666666,83083,2,16,4383474.364435211,10.484931506849314,7.5
C-001152824,S-0063,-39.38558451214838,0,2,女性,46,7,12,0.5833333333333334,0,0,18,4564012.176421695,5.749315068493151,3.0
C-000434301,S-0062,-5.942504359571112,0,2,女性,56,11,12,1.0,0,0,15,4713869.782113416,4.575342465753424,1.0
C-000036372,S-0082,-58.71835803876853,1,2,女性,55,12,12,0.75,0,0,17,4607261.71451126,4.758904109589041,2.0
C-000173725,S-0002,-89.86915698630831,1,2,女性,53,12,12,0.5833333333333334,206996,2,15,4455566.655169959,5.663013698630137,2.0
C-002286568,S-0075,-10.143963784463354,0,2,女性,70,2,12,0.4166666666666667,0,0,19,4506647.2743158825,4.526027397260274,1.0
C-000959045,S-0005,-42.06210216130622,0,2,女性,18,8,12,0.25,2297,1,21,4733942.970761149,4.69041095890411,2.0
C-001158996,S-0100,-100.0,1,2,男性,59,7,12,0.1666666666666666,15063,1,17,4535925.154217558,4.720547945205479,2.0
C-000184061,S-0039,-100.0,1,2,男性,41,12,12,0.4166666666666667,0,0,16,4591288.568998441,8.193150684931506,5.0
C-000230868,S-0019,-4.095618796794769,0,2,女性,64,11,12,0.75,1801,2,19,4327199.920883598,4.090410958904109,1.0
C-000670624,S-0117,-12.289117971713067,0,2,男性,62,10,12,0.5833333333333334,0,0,20,4500859.737076383,9.593150684931507,7.0
C-002280704,S-0054,-100.0,1,2,男性,47,2,12,1.0,1264,1,23,4489160.181517739,6.358904109589041,4.0
C-000760226,S-0111,-15.784411235191175,0,2,男性,53,9,12,0.5,0,0,19,4489501.980758176,6.397260273972603,4.0
C-001615252,S-0041,-18.116205055367054,0,2,男性,65,5,12,0.9166666666666666,5551,1,17,4828489.286769263,10.389041095890411,7.0
C-000580280,S-0113,-35.12095397196046,0,2,女性,42,10,12,0.5833333333333334,45992,2,16,4336633.961311346,5.77945205479452,2.5
C-001323737,S-0131,-31.76316711258841,0,2,女性,25,7,12,0.25,0,0,17,4569023.5643747775,5.13972602739726,2.0
C-000521556,S-0007,-51.58918181301291,1,2,男性,48,10,12,0.1666666666666666,0,0,21,4487075.727367008,3.7260273972602738,1.0
C-001663351,S-0050,-43.413607230014215,0,2,女性,70,5,12,0.0833333333333333,13458,1,20,4615411.181286601,9.2013698630137,6.0
C-000399209,S-0039,-4.194866015682243,0,2,男性,31,11,12,0.1666666666666666,1997,1,16,4591288.568998441,8.193150684931506,5.0
C-001610419,S-0085,-100.0,1,2,女性,50,5,12,0.25,0,0,15,4606655.398026554,4.928767123287671,2.0
C-000558609,S-0048,-48.511463506756336,0,2,女性,55,10,12,0.1666666666666666,0,0,15,4502249.082895545,3.671232876712329,1.0
C-000582578,S-0117,-100.0,1,2,男性,32,10,12,0.0833333333333333,46099,1,20,4500859.737076383,9.593150684931507,7.0
C-002460591,S-0097,-80.22612615835986,1,2,女性,57,2,12,0.1666666666666666,0,0,21,4592508.716501317,10.09041095890411,7.0
C-002088566,S-0018,-100.0,1,2,女性,49,3,12,0.5833333333333334,0,0,16,4493108.581950108,7.550684931506849,5.0
C-001520901,S-0111,-29.064854535139496,0,2,女性,44,6,12,0.25,0,0,19,4489501.980758176,6.397260273972603,4.0
C-001019192,S-0111,-73.97065946993287,1,2,女性,51,8,12,0.3333333333333333,0,0,19,4489501.980758176,6.397260273972603,4.0
C-002538965,S-0050,-73.60261538317424,1,2,女性,57,1,12,0.4166666666666667,8756,1,20,4615411.181286601,9.2013698630137,6.0
C-001305570,S-0050,-38.007100715292644,0,2,女性,46,7,12,0.0,17386,1,20,4615411.181286601,9.2013698630137,6.0
C-000498997,S-0039,-72.96252839165957,1,2,女性,55,10,12,0.5,2125,2,16,4591288.568998441,8.193150684931506,5.0
C-000731203,S-0059,-21.73979330697943,0,2,女性,44,9,12,0.25,4067,2,14,4713188.969095345,6.8123287671232875,3.0
C-002273543,S-0085,-10.027272458616366,0,2,女性,20,2,12,0.75,0,0,15,4606655.398026554,4.928767123287671,2.0
C-001445412,S-0017,-100.0,1,2,男性,55,6,12,0.4166666666666667,0,0,20,4640207.03550726,5.608219178082192,2.5
C-001141486,S-0005,-24.445512291081645,0,2,女性,63,7,12,0.3333333333333333,12019,2,21,4733942.970761149,4.69041095890411,2.0
C-002025694,S-0039,-11.765193146540607,0,2,男性,45,3,12,0.5833333333333334,1186,2,16,4591288.568998441,8.193150684931506,5.0
C-001252515,S-0050,-41.307735719130385,0,2,女性,46,7,12,0.5,0,0,20,4615411.181286601,9.2013698630137,6.0
C-000954670,S-0121,-64.70221571512441,1,2,男性,62,8,12,0.1666666666666666,134074,1,14,4716268.25678644,9.856164383561644,7.0
C-001842494,S-0039,-15.316383629895478,0,2,男性,59,4,12,1.0,0,0,16,4591288.568998441,8.193150684931506,5.0
C-000252398,S-0085,-5.0617331934133984,0,2,男性,66,11,12,1.0,0,0,15,4606655.398026554,4.928767123287671,2.0
C-002305525,S-0039,-88.20575373395792,1,2,女性,43,2,12,0.5,5256,1,16,4591288.568998441,8.193150684931506,5.0
C-002168144,S-0017,-77.49839370139149,1,2,男性,45,3,12,0.5,0,0,20,4640207.03550726,5.608219178082192,2.5
C-001810420,S-0040,-10.206688033882882,0,2,男性,41,4,12,0.6666666666666666,0,0,20,4550116.0180538,8.163013698630138,4.0
C-000437329,S-0100,-100.0,1,2,女性,60,11,12,0.4166666666666667,0,0,17,4535925.154217558,4.720547945205479,2.0
C-002531964,S-0082,-100.0,1,2,女性,33,1,12,0.4166666666666667,3144,1,17,4607261.71451126,4.758904109589041,2.0
C-001832491,S-0131,-28.510718976009468,0,2,男性,54,4,12,0.6666666666666666,1278,1,17,4569023.5643747775,5.13972602739726,2.0
C-002399119,S-0002,-100.0,1,2,女性,41,2,12,0.0,0,0,15,4455566.655169959,5.663013698630137,2.0
C-001605880,S-0063,-30.593551909253584,0,2,女性,44,5,12,0.25,0,0,18,4564012.176421695,5.749315068493151,3.0
C-000689105,S-0019,-25.955214847690133,0,2,男性,56,9,12,0.4166666666666667,0,0,19,4327199.920883598,4.090410958904109,1.0
C-001051963,S-0100,-18.877458541872432,0,2,男性,52,8,12,0.5,0,0,17,4535925.154217558,4.720547945205479,2.0
C-001938761,S-0100,-16.486234871658464,0,2,男性,53,4,12,0.4166666666666667,22697,1,17,4535925.154217558,4.720547945205479,2.0
C-000382725,S-0089,-20.62052894941589,0,2,女性,59,11,12,0.0833333333333333,0,0,19,4721110.949352573,10.142465753424657,7.0
C-000953048,S-0062,-100.0,1,2,女性,44,8,12,0.4166666666666667,4929,1,15,4713869.782113416,4.575342465753424,1.0
C-000166749,S-0048,-16.891858450878495,0,2,男性,52,12,12,0.1666666666666666,2989,1,15,4502249.082895545,3.671232876712329,1.0
C-002031040,S-0004,-36.13660112926878,0,2,男性,54,3,12,0.4166666666666667,0,0,22,4423576.351309,11.806849315068494,9.0
C-001927327,S-0008,-25.397729409678753,0,2,男性,60,4,12,0.5,12876,1,22,4498453.308937302,10.772602739726027,7.0
C-002267803,S-0005,-68.79963450194171,1,2,女性,42,2,12,0.75,59091,1,21,4733942.970761149,4.69041095890411,2.0
C-000412825,S-0041,-22.782206316962814,0,2,女性,41,11,12,0.3333333333333333,0,0,17,4828489.286769263,10.389041095890411,7.0
C-001190560,S-0063,-48.03612201441802,0,2,男性,70,7,12,0.1666666666666666,4515,1,18,4564012.176421695,5.749315068493151,3.0
C-001320201,S-0102,-14.694371668624084,0,2,男性,59,7,12,0.4166666666666667,0,0,16,4383474.364435211,10.484931506849314,7.5
C-000532507,S-0017,-82.72513378852186,1,2,女性,36,10,12,0.3333333333333333,6290,1,20,4640207.03550726,5.608219178082192,2.5
C-002572400,S-0111,-100.0,1,2,女性,52,1,12,0.25,0,0,19,4489501.980758176,6.397260273972603,4.0
C-000511618,S-0030,-56.05459337573403,1,2,女性,40,10,12,0.0833333333333333,0,0,22,4426478.045479023,9.236986301369862,5.5
C-001367820,S-0004,-85.74946007949646,1,2,男性,38,6,12,0.1666666666666666,18314,1,22,4423576.351309,11.806849315068494,9.0
C-002308180,S-0017,-38.715280478257036,0,2,女性,46,2,12,0.3333333333333333,0,0,20,4640207.03550726,5.608219178082192,2.5
C-002279184,S-0054,-51.050908213559445,1,2,男性,51,2,12,0.3333333333333333,0,0,23,4489160.181517739,6.358904109589041,4.0
C-000125230,S-0075,-34.40463405903218,0,2,女性,47,12,12,0.5,58056,1,19,4506647.2743158825,4.526027397260274,1.0
C-001440449,S-0097,-65.74021244610707,1,2,女性,40,6,12,0.0,28284,2,21,4592508.716501317,10.09041095890411,7.0
C-002339728,S-0004,-100.0,1,2,女性,41,2,12,0.5,0,0,22,4423576.351309,11.806849315068494,9.0
C-001921650,S-0085,-54.601452166281014,1,2,男性,41,4,12,0.6666666666666666,0,0,15,4606655.398026554,4.928767123287671,2.0
C-002547303,S-0039,-83.68236871654547,1,2,女性,60,1,12,0.25,0,0,16,4591288.568998441,8.193150684931506,5.0
C-000920324,S-0117,-15.162665028674894,0,2,男性,33,8,12,0.5,12105,1,20,4500859.737076383,9.593150684931507,7.0
C-002445110,S-0100,-100.0,1,2,男性,35,2,12,0.0,0,0,17,4535925.154217558,4.720547945205479,2.0
C-001408177,S-0113,-7.469860988884237,0,2,男性,28,6,12,0.25,3304,1,16,4336633.961311346,5.77945205479452,2.5
C-000557079,S-0059,-71.74216525782376,1,2,男性,49,10,12,0.0833333333333333,0,0,14,4713188.969095345,6.8123287671232875,3.0
C-001268578,S-0089,-97.68661678258208,1,2,女性,37,7,12,0.3333333333333333,3155,1,19,4721110.949352573,10.142465753424657,7.0
C-000756312,S-0040,-22.82249635289449,0,2,男性,48,9,12,0.3333333333333333,0,0,20,4550116.0180538,8.163013698630138,4.0
C-002369655,S-0111,-67.75510507607419,1,2,女性,40,2,12,0.3333333333333333,7189,1,19,4489501.980758176,6.397260273972603,4.0
C-000531101,S-0082,-21.36088436275839,0,2,女性,79,10,12,0.0833333333333333,45489,1,17,4607261.71451126,4.758904109589041,2.0
C-001453416,S-0048,-49.49309448632859,1,2,女性,41,6,12,0.1666666666666666,14982,1,15,4502249.082895545,3.671232876712329,1.0
C-001704276,S-0111,-65.35656460002006,1,2,男性,44,5,12,0.5,41394,1,19,4489501.980758176,6.397260273972603,4.0
C-002425724,S-0050,-61.744659206510676,1,2,女性,56,2,12,0.0833333333333333,59477,1,20,4615411.181286601,9.2013698630137,6.0
C-000062285,S-0050,-70.2337777683792,1,2,女性,49,12,12,0.5833333333333334,7278,2,20,4615411.181286601,9.2013698630137,6.0
C-001292197,S-0099,-17.62687429469285,0,2,男性,42,7,12,0.5833333333333334,0,0,13,4464126.154078853,8.147945205479452,5.0
C-000723710,S-0059,-41.62053127652936,0,2,男性,19,9,12,0.4166666666666667,135853,1,14,4713188.969095345,6.8123287671232875,3.0
C-000127424,S-0019,-27.986046362087258,0,2,女性,55,12,12,0.9166666666666666,0,0,19,4327199.920883598,4.090410958904109,1.0
C-000831128,S-0085,-38.15301852958757,0,2,女性,34,9,12,0.5833333333333334,0,0,15,4606655.398026554,4.928767123287671,2.0
C-002175371,S-0002,-31.38673629401824,0,2,男性,55,3,12,0.5,26267,2,15,4455566.655169959,5.663013698630137,2.0
C-000811409,S-0017,-100.0,1,2,男性,22,9,12,0.5,0,0,20,4640207.03550726,5.608219178082192,2.5
C-000801672,S-0075,-100.0,1,2,女性,54,9,12,0.0833333333333333,0,0,19,4506647.2743158825,4.526027397260274,1.0
C-002017339,S-0030,-100.0,1,2,女性,56,4,12,0.5,2326,2,22,4426478.045479023,9.236986301369862,5.5
C-001480288,S-0050,-38.99393378263824,0,2,女性,56,6,12,0.6666666666666666,17679,1,20,4615411.181286601,9.2013698630137,6.0
C-001245195,S-0056,-83.65521651744929,1,2,男性,34,7,12,0.1666666666666666,0,0,15,4406070.585753419,7.528767123287671,4.0
C-002473434,S-0004,-49.98578405666159,1,2,女性,47,1,12,0.4166666666666667,4088,2,22,4423576.351309,11.806849315068494,9.0
C-000447118,S-0063,-24.69910862472987,0,2,女性,47,11,12,0.25,1436,2,18,4564012.176421695,5.749315068493151,3.0
C-002434916,S-0039,-47.59700559688341,0,2,女性,35,2,12,0.0,39454,1,16,4591288.568998441,8.193150684931506,5.0
C-000161670,S-0100,-100.0,1,2,女性,54,12,12,0.4166666666666667,0,0,17,4535925.154217558,4.720547945205479,2.0
C-000764790,S-0056,-97.0947792319862,1,2,女性,67,9,12,0.75,9668,2,15,4406070.585753419,7.528767123287671,4.0
C-001014359,S-0002,-80.25794824651624,1,2,女性,37,8,12,0.6666666666666666,0,0,15,4455566.655169959,5.663013698630137,2.0
C-001652170,S-0079,-30.66779093037647,0,2,女性,44,5,12,0.25,35763,1,13,4256656.371085242,8.479452054794521,6.0
C-000661145,S-0096,-38.848127863318524,0,2,女性,43,10,12,0.0833333333333333,15933,1,16,4644856.458098179,8.302739726027397,5.0
C-000489229,S-0100,-53.444939704916905,1,2,女性,52,10,12,0.3333333333333333,106963,1,17,4535925.154217558,4.720547945205479,2.0
C-000253195,S-0036,-100.0,1,2,女性,55,11,12,0.0833333333333333,0,0,19,4397834.424680548,11.123287671232877,9.0
C-002087682,S-0050,-26.208392449914946,0,2,女性,49,3,12,0.5,0,0,20,4615411.181286601,9.2013698630137,6.0
C-001461132,S-0111,-28.907984399777142,0,2,男性,55,6,12,0.25,48584,1,19,4489501.980758176,6.397260273972603,4.0
C-001459614,S-0030,-19.346566558783717,0,2,女性,39,6,12,0.0833333333333333,0,0,22,4426478.045479023,9.236986301369862,5.5
C-000486203,S-0062,-21.18362739359478,0,2,男性,53,10,12,0.8333333333333334,6028,1,15,4713869.782113416,4.575342465753424,1.0
C-001352682,S-0002,-60.44923524748873,1,2,女性,28,6,12,0.4166666666666667,29264,1,15,4455566.655169959,5.663013698630137,2.0
C-002384612,S-0113,-76.1829643200944,1,2,女性,32,2,12,0.3333333333333333,24972,1,16,4336633.961311346,5.77945205479452,2.5
C-000733266,S-0100,-6.844606434429103,0,2,男性,66,9,12,0.5,0,0,17,4535925.154217558,4.720547945205479,2.0
C-000513801,S-0100,-100.0,1,2,男性,56,10,12,0.25,43327,1,17,4535925.154217558,4.720547945205479,2.0
C-000795676,S-0020,-8.108062550245068,0,2,男性,46,9,12,0.3333333333333333,10486,1,16,4280702.057267675,6.986301369863014,3.5
C-000083497,S-0085,0.9618901523629634,0,2,女性,83,12,12,0.5833333333333334,0,0,15,4606655.398026554,4.928767123287671,2.0
C-002001705,S-0059,-35.5670332854166,0,2,男性,89,4,12,0.3333333333333333,10705,1,14,4713188.969095345,6.8123287671232875,3.0
C-000299341,S-0054,-30.377457707550438,0,2,男性,56,11,12,0.0,16535,1,23,4489160.181517739,6.358904109589041,4.0
C-001608345,S-0099,-74.25000908199223,1,2,女性,39,5,12,0.5833333333333334,24786,1,13,4464126.154078853,8.147945205479452,5.0
C-000498481,S-0030,-79.69693481377607,1,2,男性,54,10,12,0.0833333333333333,0,0,22,4426478.045479023,9.236986301369862,5.5
C-002521438,S-0082,-26.36944450399846,0,2,男性,84,1,12,0.1666666666666666,10345,1,17,4607261.71451126,4.758904109589041,2.0
C-002616147,S-0126,-32.74548923886512,0,2,女性,54,1,12,0.1666666666666666,0,0,17,4493168.352495564,5.53972602739726,3.0
C-000614963,S-0096,-100.0,1,2,男性,44,10,12,0.25,0,0,16,4644856.458098179,8.302739726027397,5.0
C-000264171,S-0059,-77.10991582044912,1,2,男性,50,11,12,0.5833333333333334,0,0,14,4713188.969095345,6.8123287671232875,3.0
C-000625836,S-0008,-66.61645694634902,1,2,男性,46,10,12,0.25,0,0,22,4498453.308937302,10.772602739726027,7.0
C-001870192,S-0131,-11.320183625081976,0,2,女性,21,4,12,0.4166666666666667,0,0,17,4569023.5643747775,5.13972602739726,2.0
C-001326536,S-0054,-23.35635078258399,0,2,男性,49,7,12,0.6666666666666666,0,0,23,4489160.181517739,6.358904109589041,4.0
C-000702549,S-0063,-100.0,1,2,男性,53,9,12,0.6666666666666666,0,0,18,4564012.176421695,5.749315068493151,3.0
C-000456074,S-0054,-72.54926868217618,1,2,男性,63,10,12,0.0833333333333333,1465,1,23,4489160.181517739,6.358904109589041,4.0
C-000120553,S-0075,-64.31639757073026,1,2,男性,53,12,12,0.75,0,0,19,4506647.2743158825,4.526027397260274,1.0
C-001555010,S-0082,-59.47434352029119,1,2,女性,48,6,12,0.6666666666666666,1147,1,17,4607261.71451126,4.758904109589041,2.0
C-000924399,S-0019,-14.203353662233106,0,2,女性,46,8,12,0.8333333333333334,0,0,19,4327199.920883598,4.090410958904109,1.0
C-002028153,S-0005,-24.3997697492619,0,2,女性,45,3,12,1.0,64658,1,21,4733942.970761149,4.69041095890411,2.0
C-002398797,S-0121,-24.504191395785014,0,2,男性,75,2,12,0.1666666666666666,0,0,14,4716268.25678644,9.856164383561644,7.0
C-002344616,S-0079,-100.0,1,2,女性,44,2,12,0.0,0,0,13,4256656.371085242,8.479452054794521,6.0
C-001393375,S-0005,-100.0,1,2,女性,77,6,12,1.0,0,0,21,4733942.970761149,4.69041095890411,2.0
C-001600482,S-0054,-87.33795563063855,1,2,女性,27,5,12,0.25,0,0,23,4489160.181517739,6.358904109589041,4.0
C-001123949,S-0097,-66.71986784578696,1,2,女性,50,8,12,0.0,0,0,21,4592508.716501317,10.09041095890411,7.0
C-001816635,S-0131,-100.0,1,2,男性,42,4,12,0.6666666666666666,0,0,17,4569023.5643747775,5.13972602739726,2.0
C-001951934,S-0020,-28.390308331620034,0,2,女性,33,4,12,0.25,3730,1,16,4280702.057267675,6.986301369863014,3.5
C-002038407,S-0020,-43.00325346467025,0,2,男性,37,3,12,0.5,1253,2,16,4280702.057267675,6.986301369863014,3.5
C-001293585,S-0056,-90.22666223026545,1,2,女性,22,7,12,0.25,21514,2,15,4406070.585753419,7.528767123287671,4.0
C-001925323,S-0126,-62.7450721169736,1,2,男性,60,4,12,0.8333333333333334,0,0,17,4493168.352495564,5.53972602739726,3.0
C-000612775,S-0050,10.692051003355102,0,2,女性,47,10,12,0.3333333333333333,10217,1,20,4615411.181286601,9.2013698630137,6.0
C-002135099,S-0040,-100.0,1,2,女性,48,3,12,0.25,0,0,20,4550116.0180538,8.163013698630138,4.0
C-002101912,S-0126,-61.54781711861603,1,2,男性,35,3,12,0.25,4463,1,17,4493168.352495564,5.53972602739726,3.0
C-001166700,S-0085,-13.982731204853932,0,2,女性,65,7,12,0.4166666666666667,0,0,15,4606655.398026554,4.928767123287671,2.0
C-000685860,S-0085,-43.45523072221656,0,2,男性,59,9,12,0.9166666666666666,0,0,15,4606655.398026554,4.928767123287671,2.0
C-000827217,S-0085,-81.18126866215134,1,2,女性,56,9,12,0.6666666666666666,0,0,15,4606655.398026554,4.928767123287671,2.0
C-002297519,S-0030,-78.71841599763582,1,2,男性,58,2,12,0.4166666666666667,0,0,22,4426478.045479023,9.236986301369862,5.5
C-001779986,S-0017,-31.337871365862966,0,2,男性,67,5,12,0.4166666666666667,0,0,20,4640207.03550726,5.608219178082192,2.5
C-002400964,S-0041,-100.0,1,2,女性,67,2,12,0.3333333333333333,4837,1,17,4828489.286769263,10.389041095890411,7.0
C-002301942,S-0131,-100.0,1,2,女性,65,2,12,0.6666666666666666,0,0,17,4569023.5643747775,5.13972602739726,2.0
C-002087643,S-0040,-100.0,1,2,男性,46,3,12,0.25,0,0,20,4550116.0180538,8.163013698630138,4.0
C-000031403,S-0126,-59.43284449611017,1,2,女性,41,12,12,0.4166666666666667,0,0,17,4493168.352495564,5.53972602739726,3.0
C-000989038,S-0062,-38.23504602736337,0,2,女性,53,8,12,0.4166666666666667,0,0,15,4713869.782113416,4.575342465753424,1.0
C-000907108,S-0072,-11.320103310574538,0,2,男性,43,8,12,0.1666666666666666,103681,1,12,4406797.312641796,9.01917808219178,6.0
C-002437066,S-0059,-2.2863152819600403,0,2,女性,53,2,12,1.0,8854,1,14,4713188.969095345,6.8123287671232875,3.0
C-002384838,S-0039,-68.32034557893034,1,2,男性,22,2,12,0.4166666666666667,6374,1,16,4591288.568998441,8.193150684931506,5.0
C-000368145,S-0050,-100.0,1,2,男性,47,11,12,0.5,0,0,20,4615411.181286601,9.2013698630137,6.0
C-001026299,S-0005,-45.531680578672706,0,2,女性,38,8,12,0.3333333333333333,0,0,21,4733942.970761149,4.69041095890411,2.0
C-001789791,S-0113,-88.33817612874385,1,2,男性,65,5,12,0.0833333333333333,73318,2,16,4336633.961311346,5.77945205479452,2.5
C-000643008,S-0005,-3.997414263109384,0,2,男性,37,10,12,0.25,0,0,21,4733942.970761149,4.69041095890411,2.0
C-001099395,S-0004,-39.61458811623265,0,2,男性,31,8,12,0.0833333333333333,44969,1,22,4423576.351309,11.806849315068494,9.0
C-001109768,S-0063,-61.612409163489424,1,2,男性,43,8,12,0.3333333333333333,0,0,18,4564012.176421695,5.749315068493151,3.0
C-000742396,S-0030,-40.50492808824803,0,2,男性,57,9,12,0.1666666666666666,0,0,22,4426478.045479023,9.236986301369862,5.5
C-001087096,S-0039,-23.532640697825286,0,2,男性,57,8,12,0.0833333333333333,0,0,16,4591288.568998441,8.193150684931506,5.0
C-002598479,S-0020,-44.4797915798988,0,2,男性,27,1,12,0.25,20911,2,16,4280702.057267675,6.986301369863014,3.5
C-000191038,S-0020,-100.0,1,2,女性,52,12,12,0.75,0,0,16,4280702.057267675,6.986301369863014,3.5
C-001199829,S-0019,-16.77669050135185,0,2,女性,53,7,12,0.6666666666666666,4523,1,19,4327199.920883598,4.090410958904109,1.0
C-001435240,S-0048,-100.0,1,2,男性,35,6,12,0.3333333333333333,14905,2,15,4502249.082895545,3.671232876712329,1.0
C-001489300,S-0131,-65.3687734427034,1,2,女性,44,6,12,0.3333333333333333,55932,1,17,4569023.5643747775,5.13972602739726,2.0
C-002607583,S-0054,-100.0,1,2,男性,51,1,12,0.3333333333333333,951,1,23,4489160.181517739,6.358904109589041,4.0
C-002285122,S-0002,-96.63323515156034,1,2,女性,88,2,12,0.4166666666666667,0,0,15,4455566.655169959,5.663013698630137,2.0
C-001172240,S-0054,-97.80339865429006,1,2,女性,41,7,12,0.1666666666666666,0,0,23,4489160.181517739,6.358904109589041,4.0
C-001405101,S-0089,-32.71009058193462,0,2,女性,50,6,12,0.0833333333333333,0,0,19,4721110.949352573,10.142465753424657,7.0
C-000990940,S-0002,-18.644162365741387,0,2,男性,43,8,12,0.5833333333333334,0,0,15,4455566.655169959,5.663013698630137,2.0
C-000202988,S-0039,-5.092801322512774,0,2,女性,59,12,12,0.4166666666666667,0,0,16,4591288.568998441,8.193150684931506,5.0
C-001308164,S-0072,-23.56231408510286,0,2,女性,24,7,12,0.5,18358,2,12,4406797.312641796,9.01917808219178,6.0
C-000810404,S-0097,-100.0,1,2,女性,47,9,12,0.1666666666666666,43443,1,21,4592508.716501317,10.09041095890411,7.0
C-000794877,S-0020,-100.0,1,2,女性,25,9,12,0.3333333333333333,4274,1,16,4280702.057267675,6.986301369863014,3.5
C-000049906,S-0050,-21.228550265421177,0,2,男性,43,12,12,0.3333333333333333,0,0,20,4615411.181286601,9.2013698630137,6.0
C-002304209,S-0085,-34.6331252431321,0,2,男性,80,2,12,0.6666666666666666,59226,1,15,4606655.398026554,4.928767123287671,2.0
C-000305552,S-0008,-80.3113422847848,1,2,女性,45,11,12,0.0833333333333333,20594,1,22,4498453.308937302,10.772602739726027,7.0
C-002278079,S-0005,-30.619154508043394,0,2,女性,51,2,12,0.75,0,0,21,4733942.970761149,4.69041095890411,2.0
C-000830708,S-0002,-100.0,1,2,男性,53,9,12,0.5833333333333334,0,0,15,4455566.655169959,5.663013698630137,2.0
C-002623553,S-0075,-20.28287742539765,0,2,女性,36,1,12,0.3333333333333333,4752,1,19,4506647.2743158825,4.526027397260274,1.0
C-000016665,S-0056,-64.44648651753153,1,2,男性,48,12,12,0.25,7992,1,15,4406070.585753419,7.528767123287671,4.0
C-000371674,S-0131,-21.804546043019105,0,2,女性,61,11,12,0.5833333333333334,0,0,17,4569023.5643747775,5.13972602739726,2.0
C-002313516,S-0075,-100.0,1,2,女性,58,2,12,0.25,0,0,19,4506647.2743158825,4.526027397260274,1.0
C-001737239,S-0017,-40.803769982507546,0,2,女性,46,5,12,0.75,19635,1,20,4640207.03550726,5.608219178082192,2.5
C-000419530,S-0007,-100.0,1,2,女性,53,11,12,0.4166666666666667,0,0,21,4487075.727367008,3.7260273972602738,1.0
C-002027341,S-0019,-22.4025617063383,0,2,女性,41,3,12,0.6666666666666666,13076,1,19,4327199.920883598,4.090410958904109,1.0
C-000495251,S-0126,-3.9160481187611977,0,2,女性,50,10,12,0.4166666666666667,0,0,17,4493168.352495564,5.53972602739726,3.0
C-001128193,S-0002,-100.0,1,2,女性,33,7,12,0.0,52756,2,15,4455566.655169959,5.663013698630137,2.0
C-002689048,S-0096,-45.20886210116821,0,2,男性,50,1,12,0.0833333333333333,0,0,16,4644856.458098179,8.302739726027397,5.0
C-000085519,S-0059,-100.0,1,2,男性,33,12,12,0.6666666666666666,6113,1,14,4713188.969095345,6.8123287671232875,3.0
C-000887081,S-0019,-13.34887787816963,0,2,男性,40,9,12,0.5833333333333334,18386,1,19,4327199.920883598,4.090410958904109,1.0
C-001761866,S-0085,-46.061052417716375,0,2,女性,38,5,12,0.6666666666666666,0,0,15,4606655.398026554,4.928767123287671,2.0
C-000079357,S-0050,-56.2402814244564,1,2,女性,44,12,12,0.4166666666666667,0,0,20,4615411.181286601,9.2013698630137,6.0
C-002562313,S-0005,-84.80187754916034,1,2,女性,32,1,12,0.6666666666666666,0,0,21,4733942.970761149,4.69041095890411,2.0
C-002599661,S-0075,-23.961507255696418,0,2,女性,60,1,12,0.1666666666666666,11417,1,19,4506647.2743158825,4.526027397260274,1.0
C-001382242,S-0100,-56.47336307234785,1,2,女性,43,6,12,1.0,0,0,17,4535925.154217558,4.720547945205479,2.0
C-001855744,S-0056,-74.62590985242237,1,2,男性,47,4,12,0.3333333333333333,4910,2,15,4406070.585753419,7.528767123287671,4.0
C-001098736,S-0089,-29.490345804673225,0,2,男性,48,8,12,0.25,1645,1,19,4721110.949352573,10.142465753424657,7.0
C-000409323,S-0050,-40.18049529919898,0,2,男性,59,11,12,0.0833333333333333,23087,1,20,4615411.181286601,9.2013698630137,6.0
C-001872793,S-0100,-100.0,1,2,男性,41,4,12,0.0,8366,1,17,4535925.154217558,4.720547945205479,2.0
C-001476050,S-0072,-100.0,1,2,女性,42,6,12,0.0,0,0,12,4406797.312641796,9.01917808219178,6.0
C-000980112,S-0039,-100.0,1,2,男性,39,8,12,0.5833333333333334,0,0,16,4591288.568998441,8.193150684931506,5.0
C-000113015,S-0050,-12.52010614885228,0,2,女性,50,12,12,0.4166666666666667,16971,1,20,4615411.181286601,9.2013698630137,6.0
C-002441144,S-0100,-56.16590382706518,1,2,男性,41,2,12,0.8333333333333334,0,0,17,4535925.154217558,4.720547945205479,2.0
C-000375487,S-0111,-22.497826112161018,0,2,女性,70,11,12,0.1666666666666666,13453,1,19,4489501.980758176,6.397260273972603,4.0
C-000704936,S-0002,-65.69539706140982,1,2,男性,66,9,12,0.75,13294,1,15,4455566.655169959,5.663013698630137,2.0
C-000665904,S-0036,-42.701573025321416,0,2,女性,55,10,12,0.0,17914,1,19,4397834.424680548,11.123287671232877,9.0
C-001838313,S-0059,-44.29434454092326,0,2,女性,35,4,12,0.1666666666666666,0,0,14,4713188.969095345,6.8123287671232875,3.0
C-000114258,S-0131,-65.1432184349279,1,2,女性,33,12,12,0.0833333333333333,566,2,17,4569023.5643747775,5.13972602739726,2.0
C-002673249,S-0080,-64.0000630030399,1,2,男性,58,1,12,0.3333333333333333,0,0,17,4457429.264950683,11.673972602739726,9.0
C-000895998,S-0036,-41.938431183506914,0,2,女性,22,9,12,0.0833333333333333,105922,1,19,4397834.424680548,11.123287671232877,9.0
C-001878879,S-0040,-75.28437960990001,1,2,女性,41,4,12,0.1666666666666666,2795,1,20,4550116.0180538,8.163013698630138,4.0
C-001843024,S-0059,-45.25619779652407,0,2,女性,55,4,12,0.0833333333333333,0,0,14,4713188.969095345,6.8123287671232875,3.0
C-000606229,S-0085,-13.540094231736882,0,2,女性,48,10,12,0.5833333333333334,23068,2,15,4606655.398026554,4.928767123287671,2.0
C-001070113,S-0005,-27.405247813411076,0,2,女性,46,8,12,0.1666666666666666,0,0,21,4733942.970761149,4.69041095890411,2.0
C-001812646,S-0085,-65.3356439255746,1,2,女性,45,4,12,0.25,4654,1,15,4606655.398026554,4.928767123287671,2.0
C-001790731,S-0004,-73.49675779175851,1,2,男性,53,5,12,0.1666666666666666,0,0,22,4423576.351309,11.806849315068494,9.0
C-002624717,S-0007,-100.0,1,2,女性,41,1,12,0.0833333333333333,0,0,21,4487075.727367008,3.7260273972602738,1.0
C-000952184,S-0089,-36.791543187283295,0,2,男性,41,8,12,0.25,31716,2,19,4721110.949352573,10.142465753424657,7.0
C-001490658,S-0007,-4.763990292712837,0,2,女性,52,6,12,0.25,2487,1,21,4487075.727367008,3.7260273972602738,1.0
C-001918377,S-0131,-36.22672011349202,0,2,女性,47,4,12,0.3333333333333333,0,0,17,4569023.5643747775,5.13972602739726,2.0
C-000907298,S-0099,-96.91210382367137,1,2,男性,40,8,12,0.3333333333333333,29795,1,13,4464126.154078853,8.147945205479452,5.0
C-002497917,S-0079,-68.09262314222654,1,2,女性,59,1,12,0.1666666666666666,0,0,13,4256656.371085242,8.479452054794521,6.0
C-002217874,S-0080,-77.31480521276228,1,2,男性,41,3,12,0.25,22210,1,17,4457429.264950683,11.673972602739726,9.0
C-000708216,S-0040,-50.858615611192924,1,2,女性,48,9,12,0.1666666666666666,60070,1,20,4550116.0180538,8.163013698630138,4.0
C-002404712,S-0100,-8.474638135202445,0,2,女性,50,2,12,0.1666666666666666,2032,1,17,4535925.154217558,4.720547945205479,2.0
C-001872144,S-0126,-100.0,1,2,男性,56,4,12,0.6666666666666666,9288,1,17,4493168.352495564,5.53972602739726,3.0
C-000961884,S-0100,-94.9762372145883,1,2,男性,46,8,12,0.6666666666666666,21107,2,17,4535925.154217558,4.720547945205479,2.0
C-002472042,S-0020,-100.0,1,2,男性,69,1,12,0.0833333333333333,30582,1,16,4280702.057267675,6.986301369863014,3.5
C-000651789,S-0085,-26.173212099005895,0,2,女性,49,10,12,1.0,0,0,15,4606655.398026554,4.928767123287671,2.0
C-000638538,S-0005,-20.19682711969531,0,2,男性,54,10,12,0.75,0,0,21,4733942.970761149,4.69041095890411,2.0
C-000079683,S-0097,-100.0,1,2,女性,43,12,12,0.5,20250,1,21,4592508.716501317,10.09041095890411,7.0
C-001954420,S-0096,-100.0,1,2,女性,39,4,12,0.5,0,0,16,4644856.458098179,8.302739726027397,5.0
C-000883978,S-0054,-18.665404893875895,0,2,男性,71,9,12,0.9166666666666666,0,0,23,4489160.181517739,6.358904109589041,4.0
C-002511426,S-0062,-100.0,1,2,女性,25,1,12,0.25,0,0,15,4713869.782113416,4.575342465753424,1.0
C-001320896,S-0089,-14.036948911083158,0,2,男性,56,7,12,0.5833333333333334,0,0,19,4721110.949352573,10.142465753424657,7.0
C-002272814,S-0019,-15.190240373619007,0,2,男性,45,2,12,0.5,0,0,19,4327199.920883598,4.090410958904109,1.0
C-000816699,S-0075,-97.39177657098526,1,2,男性,50,9,12,0.75,0,0,19,4506647.2743158825,4.526027397260274,1.0
C-001788644,S-0100,-100.0,1,2,女性,35,5,12,0.6666666666666666,0,0,17,4535925.154217558,4.720547945205479,2.0
C-002162938,S-0089,-55.07381203025926,1,2,女性,36,3,12,0.3333333333333333,33202,2,19,4721110.949352573,10.142465753424657,7.0
C-000576087,S-0005,-53.823325124707964,1,2,女性,41,10,12,0.5,0,0,21,4733942.970761149,4.69041095890411,2.0
C-001857931,S-0096,-73.82147402800125,1,2,女性,56,4,12,0.5,91469,2,16,4644856.458098179,8.302739726027397,5.0
C-000220246,S-0048,-49.102038615036136,1,2,男性,53,12,12,0.25,0,0,15,4502249.082895545,3.671232876712329,1.0
C-000014578,S-0005,-29.984658861526043,0,2,女性,38,12,12,0.5,0,0,21,4733942.970761149,4.69041095890411,2.0
C-000796414,S-0007,-100.0,1,2,女性,61,9,12,0.1666666666666666,0,0,21,4487075.727367008,3.7260273972602738,1.0
C-002468145,S-0002,-88.60259920893641,1,2,女性,63,2,12,0.5,0,0,15,4455566.655169959,5.663013698630137,2.0
C-002534622,S-0019,0.15091863517060367,0,2,男性,45,1,12,0.5833333333333334,0,0,19,4327199.920883598,4.090410958904109,1.0
C-002178748,S-0117,-100.0,1,2,男性,80,3,12,0.3333333333333333,7544,1,20,4500859.737076383,9.593150684931507,7.0
C-001688076,S-0020,-20.94910151576138,0,2,男性,46,5,12,0.4166666666666667,0,0,16,4280702.057267675,6.986301369863014,3.5
C-002153260,S-0005,-0.4997745897672052,0,2,女性,58,3,12,0.25,14429,1,21,4733942.970761149,4.69041095890411,2.0
C-000115798,S-0097,-7.997894626032949,0,2,女性,54,12,12,0.6666666666666666,0,0,21,4592508.716501317,10.09041095890411,7.0
C-002308557,S-0017,-40.983249607291164,0,2,女性,46,2,12,0.5,7559,1,20,4640207.03550726,5.608219178082192,2.5
C-000881900,S-0089,-100.0,1,2,男性,36,9,12,0.25,0,0,19,4721110.949352573,10.142465753424657,7.0
C-000080760,S-0100,-40.38649133228336,0,2,男性,51,12,12,0.0833333333333333,0,0,17,4535925.154217558,4.720547945205479,2.0
C-001240197,S-0063,-100.0,1,2,女性,34,7,12,0.4166666666666667,0,0,18,4564012.176421695,5.749315068493151,3.0
C-002049537,S-0131,-100.0,1,2,男性,45,3,12,0.1666666666666666,0,0,17,4569023.5643747775,5.13972602739726,2.0
C-000839211,S-0005,-28.643525431993417,0,2,男性,56,9,12,0.5833333333333334,0,0,21,4733942.970761149,4.69041095890411,2.0
C-001533047,S-0036,-41.21309499899578,0,2,男性,36,6,12,0.0833333333333333,17317,1,19,4397834.424680548,11.123287671232877,9.0
C-000912924,S-0039,-71.42424602874227,1,2,男性,55,8,12,0.25,0,0,16,4591288.568998441,8.193150684931506,5.0
C-002075488,S-0072,-19.69708995326557,0,2,女性,51,3,12,0.4166666666666667,36416,2,12,4406797.312641796,9.01917808219178,6.0
C-001714173,S-0019,-30.007429824402443,0,2,女性,51,5,12,0.5833333333333334,24553,1,19,4327199.920883598,4.090410958904109,1.0
C-001239289,S-0089,-100.0,1,2,男性,50,7,12,0.1666666666666666,1133,1,19,4721110.949352573,10.142465753424657,7.0
C-000760560,S-0018,-100.0,1,2,女性,61,9,12,0.0833333333333333,2866,1,16,4493108.581950108,7.550684931506849,5.0
C-000037213,S-0085,-1.0520104371237058,0,2,女性,29,12,12,0.1666666666666666,6217,1,15,4606655.398026554,4.928767123287671,2.0
C-001217710,S-0002,-26.01400352378248,0,2,男性,49,7,12,0.1666666666666666,37883,2,15,4455566.655169959,5.663013698630137,2.0
C-000707490,S-0048,-46.55825139768159,0,2,女性,45,9,12,0.0833333333333333,28035,2,15,4502249.082895545,3.671232876712329,1.0
C-002495546,S-0089,-78.97525212919227,1,2,男性,56,1,12,0.0833333333333333,5456,2,19,4721110.949352573,10.142465753424657,7.0
C-000609120,S-0007,-38.88639689391209,0,2,女性,43,10,12,0.4166666666666667,2864,2,21,4487075.727367008,3.7260273972602738,1.0
C-002416430,S-0017,-97.5758605772202,1,2,女性,48,2,12,0.0833333333333333,8014,1,20,4640207.03550726,5.608219178082192,2.5
C-002324837,S-0005,-3.8589603534003385,0,2,男性,60,2,12,0.3333333333333333,0,0,21,4733942.970761149,4.69041095890411,2.0
C-001046022,S-0004,-19.920542847761848,0,2,男性,52,8,12,0.6666666666666666,22248,1,22,4423576.351309,11.806849315068494,9.0
C-001951117,S-0056,-17.07677929587685,0,2,女性,42,4,12,0.1666666666666666,0,0,15,4406070.585753419,7.528767123287671,4.0
C-002086724,S-0040,-78.24272916922321,1,2,女性,44,3,12,0.1666666666666666,0,0,20,4550116.0180538,8.163013698630138,4.0
C-000882153,S-0126,-81.95950588013417,1,2,男性,46,9,12,0.9166666666666666,2178,1,17,4493168.352495564,5.53972602739726,3.0
C-002633183,S-0099,-100.0,1,2,女性,40,1,12,0.5,0,0,13,4464126.154078853,8.147945205479452,5.0
C-000854240,S-0036,-40.68918038733933,0,2,女性,35,9,12,0.3333333333333333,0,0,19,4397834.424680548,11.123287671232877,9.0
C-001637694,S-0096,-43.47654031475001,0,2,女性,44,5,12,0.5833333333333334,0,0,16,4644856.458098179,8.302739726027397,5.0
C-000783295,S-0121,-51.69174760654188,1,2,男性,43,9,12,0.0833333333333333,7917,1,14,4716268.25678644,9.856164383561644,7.0
C-002296115,S-0020,-59.542653685060344,1,2,男性,40,2,12,0.25,0,0,16,4280702.057267675,6.986301369863014,3.5
C-001998256,S-0111,-62.240757270047474,1,2,女性,46,4,12,0.3333333333333333,0,0,19,4489501.980758176,6.397260273972603,4.0
C-001322913,S-0019,-33.65619003864552,0,2,女性,46,7,12,0.5,0,0,19,4327199.920883598,4.090410958904109,1.0
C-001528698,S-0079,-15.506585729011569,0,2,女性,75,6,12,0.5,0,0,13,4256656.371085242,8.479452054794521,6.0
C-001583927,S-0017,-27.49594736340231,0,2,男性,71,5,12,0.3333333333333333,16331,1,20,4640207.03550726,5.608219178082192,2.5
C-001368411,S-0005,-45.216559972256334,0,2,男性,49,6,12,0.75,0,0,21,4733942.970761149,4.69041095890411,2.0
C-001206605,S-0030,-100.0,1,2,男性,33,7,12,0.4166666666666667,2170,1,22,4426478.045479023,9.236986301369862,5.5
C-001113425,S-0019,1.12200316978474,0,2,男性,43,8,12,0.3333333333333333,0,0,19,4327199.920883598,4.090410958904109,1.0
C-001541573,S-0018,-100.0,1,2,女性,46,6,12,0.6666666666666666,0,0,16,4493108.581950108,7.550684931506849,5.0
C-000486320,S-0005,-59.868034024962235,1,2,男性,40,10,12,0.5833333333333334,0,0,21,4733942.970761149,4.69041095890411,2.0
C-002407892,S-0089,-100.0,1,2,男性,50,2,12,0.1666666666666666,0,0,19,4721110.949352573,10.142465753424657,7.0
C-000397428,S-0063,-100.0,1,2,女性,54,11,12,0.4166666666666667,8424,2,18,4564012.176421695,5.749315068493151,3.0
C-001722070,S-0059,-24.393218084287412,0,2,男性,60,5,12,0.5833333333333334,0,0,14,4713188.969095345,6.8123287671232875,3.0
C-000576647,S-0050,-48.614309452188735,0,2,女性,68,10,12,0.6666666666666666,16636,2,20,4615411.181286601,9.2013698630137,6.0
C-000571083,S-0131,-100.0,1,2,女性,53,10,12,0.4166666666666667,0,0,17,4569023.5643747775,5.13972602739726,2.0
C-001674193,S-0100,-13.270229218746287,0,2,女性,42,5,12,0.75,16583,1,17,4535925.154217558,4.720547945205479,2.0
C-000381206,S-0085,-35.21968482905983,0,2,女性,32,11,12,0.5,0,0,15,4606655.398026554,4.928767123287671,2.0
C-000881169,S-0017,-3.754229318228497,0,2,女性,61,9,12,0.75,6530,1,20,4640207.03550726,5.608219178082192,2.5
C-000364596,S-0005,-49.12372368449699,1,2,女性,40,11,12,0.3333333333333333,11046,1,21,4733942.970761149,4.69041095890411,2.0
C-001299812,S-0111,-75.30419895004411,1,2,女性,55,7,12,0.6666666666666666,0,0,19,4489501.980758176,6.397260273972603,4.0
C-001892481,S-0059,-48.53636954175553,0,2,男性,62,4,12,0.3333333333333333,7641,1,14,4713188.969095345,6.8123287671232875,3.0
C-000103979,S-0075,-14.21350824898012,0,2,男性,48,12,12,0.8333333333333334,10073,1,19,4506647.2743158825,4.526027397260274,1.0
C-001623922,S-0085,-19.243913055558128,0,2,女性,36,5,12,0.9166666666666666,4155,2,15,4606655.398026554,4.928767123287671,2.0
C-000339209,S-0050,-100.0,1,2,男性,57,11,12,0.0833333333333333,23095,1,20,4615411.181286601,9.2013698630137,6.0
C-002329758,S-0089,-38.5992423152544,0,2,女性,59,2,12,0.5833333333333334,0,0,19,4721110.949352573,10.142465753424657,7.0
C-002312366,S-0018,-94.03901617032308,1,2,女性,39,2,12,0.25,25246,1,16,4493108.581950108,7.550684931506849,5.0
C-000546224,S-0085,-3.952060144247975,0,2,男性,58,10,12,0.8333333333333334,17587,1,15,4606655.398026554,4.928767123287671,2.0
C-001120491,S-0075,-31.655434859445318,0,2,男性,43,8,12,0.25,25028,2,19,4506647.2743158825,4.526027397260274,1.0
C-002353750,S-0097,-5.888140075010533,0,2,女性,85,2,12,0.5833333333333334,5822,1,21,4592508.716501317,10.09041095890411,7.0
C-000473754,S-0131,-21.558644617526674,0,2,男性,55,10,12,0.3333333333333333,4587,1,17,4569023.5643747775,5.13972602739726,2.0
C-001281447,S-0019,-5.536839144516581,0,2,女性,38,7,12,0.4166666666666667,0,0,19,4327199.920883598,4.090410958904109,1.0
C-001248416,S-0085,-7.709101092844003,0,2,女性,66,7,12,0.6666666666666666,14120,1,15,4606655.398026554,4.928767123287671,2.0
C-001318428,S-0082,-60.931944312075245,1,2,女性,56,7,12,0.75,0,0,17,4607261.71451126,4.758904109589041,2.0
C-001549768,S-0002,-100.0,1,2,男性,45,6,12,0.5833333333333334,6405,1,15,4455566.655169959,5.663013698630137,2.0
C-000964085,S-0131,-44.34782608695652,0,2,女性,50,8,12,0.1666666666666666,15368,1,17,4569023.5643747775,5.13972602739726,2.0
C-001246883,S-0102,-34.414301647850245,0,2,男性,18,7,12,0.0,1938,1,16,4383474.364435211,10.484931506849314,7.5
C-002067743,S-0002,-28.022498398811713,0,2,女性,41,3,12,0.0,0,0,15,4455566.655169959,5.663013698630137,2.0
C-001271124,S-0111,-100.0,1,2,女性,53,7,12,0.5,12216,1,19,4489501.980758176,6.397260273972603,4.0
C-002257602,S-0005,-4.678628838135338,0,2,女性,60,2,12,0.5833333333333334,0,0,21,4733942.970761149,4.69041095890411,2.0
C-000663784,S-0056,-27.916503821179173,0,2,男性,46,10,12,0.25,85148,1,15,4406070.585753419,7.528767123287671,4.0
C-002067973,S-0017,-100.0,1,2,女性,40,3,12,0.5,12050,1,20,4640207.03550726,5.608219178082192,2.5
C-001956262,S-0085,-33.66220368744513,0,2,男性,79,4,12,0.6666666666666666,15522,1,15,4606655.398026554,4.928767123287671,2.0
C-002613354,S-0005,-28.84817023356941,0,2,女性,58,1,12,0.0,0,0,21,4733942.970761149,4.69041095890411,2.0
C-001530753,S-0036,-57.845159258120404,1,2,女性,48,6,12,0.4166666666666667,31940,1,19,4397834.424680548,11.123287671232877,9.0
C-000668935,S-0100,-29.908512466453942,0,2,女性,58,10,12,0.5833333333333334,0,0,17,4535925.154217558,4.720547945205479,2.0
C-001873146,S-0059,-86.23782416192284,1,2,女性,62,4,12,0.25,0,0,14,4713188.969095345,6.8123287671232875,3.0
C-002488057,S-0017,-77.41145129456604,1,2,女性,79,1,12,0.3333333333333333,0,0,20,4640207.03550726,5.608219178082192,2.5
C-002509570,S-0007,-100.0,1,2,男性,42,1,12,0.3333333333333333,-1538,1,21,4487075.727367008,3.7260273972602738,1.0
C-002586998,S-0019,-27.93274115834672,0,2,女性,70,1,12,0.1666666666666666,9414,2,19,4327199.920883598,4.090410958904109,1.0
C-000193973,S-0111,-100.0,1,2,女性,61,12,12,0.4166666666666667,25325,1,19,4489501.980758176,6.397260273972603,4.0
C-001162373,S-0113,-28.900511289695878,0,2,男性,41,7,12,0.5833333333333334,0,0,16,4336633.961311346,5.77945205479452,2.5
C-001481566,S-0030,-100.0,1,2,女性,31,6,12,0.4166666666666667,0,0,22,4426478.045479023,9.236986301369862,5.5
C-000569477,S-0121,-51.80516817461783,1,2,男性,45,10,12,0.1666666666666666,5424,1,14,4716268.25678644,9.856164383561644,7.0
C-002441917,S-0017,-42.736067238267154,0,2,女性,38,2,12,0.5833333333333334,2112,1,20,4640207.03550726,5.608219178082192,2.5
C-002474867,S-0089,-57.84707297622427,1,2,女性,47,1,12,0.3333333333333333,0,0,19,4721110.949352573,10.142465753424657,7.0
C-000459596,S-0020,-65.65112335099278,1,2,女性,39,10,12,0.5,0,0,16,4280702.057267675,6.986301369863014,3.5
C-001042113,S-0017,-100.0,1,2,男性,26,8,12,0.8333333333333334,0,0,20,4640207.03550726,5.608219178082192,2.5
C-000992948,S-0082,-8.06879597075606,0,2,女性,52,8,12,0.75,0,0,17,4607261.71451126,4.758904109589041,2.0
C-001162233,S-0111,-10.706585821908009,0,2,男性,48,7,12,0.6666666666666666,62927,1,19,4489501.980758176,6.397260273972603,4.0
C-001154570,S-0131,-48.2500487451603,0,2,女性,46,7,12,0.5833333333333334,0,0,17,4569023.5643747775,5.13972602739726,2.0
C-001410228,S-0002,-94.9501998983061,1,2,女性,66,6,12,0.25,1143,1,15,4455566.655169959,5.663013698630137,2.0
C-001643811,S-0117,-83.15749235474006,1,2,女性,44,5,12,0.25,0,0,20,4500859.737076383,9.593150684931507,7.0
C-001161764,S-0085,-24.826185388147177,0,2,女性,33,7,12,0.25,0,0,15,4606655.398026554,4.928767123287671,2.0
C-001859392,S-0089,-79.15276157401127,1,2,男性,53,4,12,0.25,0,0,19,4721110.949352573,10.142465753424657,7.0
C-001088722,S-0017,-6.211472548994991,0,2,女性,88,8,12,0.4166666666666667,0,0,20,4640207.03550726,5.608219178082192,2.5
C-000329908,S-0131,-28.252303021481005,0,2,女性,80,11,12,0.1666666666666666,0,0,17,4569023.5643747775,5.13972602739726,2.0
C-000232239,S-0017,-8.687958000069713,0,2,女性,33,11,12,0.25,19727,1,20,4640207.03550726,5.608219178082192,2.5
C-000997779,S-0018,-100.0,1,2,男性,48,8,12,0.0833333333333333,23603,1,16,4493108.581950108,7.550684931506849,5.0
C-002440080,S-0005,-16.539486104864658,0,2,男性,43,2,12,0.5833333333333334,0,0,21,4733942.970761149,4.69041095890411,2.0
C-002354566,S-0063,-36.337194936851844,0,2,男性,61,2,12,0.5,0,0,18,4564012.176421695,5.749315068493151,3.0
C-001712979,S-0075,-100.0,1,2,男性,50,5,12,0.9166666666666666,45449,1,19,4506647.2743158825,4.526027397260274,1.0
C-001161817,S-0089,-33.489527465703155,0,2,女性,40,7,12,0.4166666666666667,5715,2,19,4721110.949352573,10.142465753424657,7.0
C-001473094,S-0050,-21.95333177642846,0,2,女性,51,6,12,0.4166666666666667,0,0,20,4615411.181286601,9.2013698630137,6.0
C-000227758,S-0007,-80.08547933347761,1,2,男性,53,11,12,0.0833333333333333,28432,1,21,4487075.727367008,3.7260273972602738,1.0
C-002225669,S-0002,-100.0,1,2,女性,56,3,12,0.5833333333333334,0,0,15,4455566.655169959,5.663013698630137,2.0
C-000857086,S-0085,-34.28547694206441,0,2,男性,54,9,12,0.5833333333333334,0,0,15,4606655.398026554,4.928767123287671,2.0
C-001072478,S-0056,-100.0,1,2,男性,54,8,12,0.4166666666666667,0,0,15,4406070.585753419,7.528767123287671,4.0
C-001967453,S-0017,-91.90728172092489,1,2,女性,68,4,12,0.4166666666666667,0,0,20,4640207.03550726,5.608219178082192,2.5
C-002057671,S-0050,-22.37737630864268,0,2,男性,27,3,12,0.25,3225,1,20,4615411.181286601,9.2013698630137,6.0
C-000930145,S-0079,-49.14194261948328,1,2,女性,51,8,12,0.4166666666666667,0,0,13,4256656.371085242,8.479452054794521,6.0
C-001494711,S-0002,-52.797262520212264,1,2,男性,46,6,12,0.0833333333333333,0,0,15,4455566.655169959,5.663013698630137,2.0
C-000896022,S-0111,-9.270253789830445,0,2,男性,61,9,12,0.5833333333333334,0,0,19,4489501.980758176,6.397260273972603,4.0
C-000726763,S-0030,-100.0,1,2,女性,42,9,12,0.0,0,0,22,4426478.045479023,9.236986301369862,5.5
C-002322615,S-0097,-91.61283218323301,1,2,男性,37,2,12,0.0,0,0,21,4592508.716501317,10.09041095890411,7.0
C-001134526,S-0008,-100.0,1,2,女性,50,7,12,0.5,0,0,22,4498453.308937302,10.772602739726027,7.0
C-001158908,S-0004,-55.09874516863451,1,2,女性,58,7,12,0.1666666666666666,0,0,22,4423576.351309,11.806849315068494,9.0
C-000699026,S-0072,-24.865321326292882,0,2,女性,65,9,12,0.0833333333333333,4091,2,12,4406797.312641796,9.01917808219178,6.0
C-000511077,S-0063,-43.783875782252366,0,2,女性,77,10,12,0.0,38550,2,18,4564012.176421695,5.749315068493151,3.0
C-000099973,S-0020,-6.671536021142662,0,2,女性,58,12,12,0.4166666666666667,0,0,16,4280702.057267675,6.986301369863014,3.5
C-001608164,S-0039,-29.20203938220475,0,2,男性,45,5,12,0.1666666666666666,-344,2,16,4591288.568998441,8.193150684931506,5.0
C-000865025,S-0017,-41.351112710830165,0,2,女性,52,9,12,0.4166666666666667,0,0,20,4640207.03550726,5.608219178082192,2.5
C-000384520,S-0063,-13.624744205888431,0,2,男性,39,11,12,0.8333333333333334,0,0,18,4564012.176421695,5.749315068493151,3.0
C-000976322,S-0089,-100.0,1,2,男性,32,8,12,0.5,28358,2,19,4721110.949352573,10.142465753424657,7.0
C-001645722,S-0020,-51.61978351799227,1,2,男性,33,5,12,0.5,11671,1,16,4280702.057267675,6.986301369863014,3.5
C-001656515,S-0059,-44.75031624600928,0,2,男性,48,5,12,0.6666666666666666,0,0,14,4713188.969095345,6.8123287671232875,3.0
C-001906431,S-0005,-22.96553858320511,0,2,女性,21,4,12,0.6666666666666666,0,0,21,4733942.970761149,4.69041095890411,2.0
C-000763748,S-0079,-9.303357748542506,0,2,女性,47,9,12,0.75,24213,1,13,4256656.371085242,8.479452054794521,6.0
C-001105885,S-0099,-23.507589643402007,0,2,男性,39,8,12,0.6666666666666666,0,0,13,4464126.154078853,8.147945205479452,5.0
C-002578346,S-0030,-25.513584957567563,0,2,女性,49,1,12,0.5,0,0,22,4426478.045479023,9.236986301369862,5.5
C-002216199,S-0019,-11.900043390464111,0,2,男性,71,3,12,0.1666666666666666,85197,2,19,4327199.920883598,4.090410958904109,1.0
C-002110250,S-0063,-63.03929558649314,1,2,女性,48,3,12,0.25,0,0,18,4564012.176421695,5.749315068493151,3.0
C-000054390,S-0131,-18.773161247923476,0,2,女性,50,12,12,0.5,0,0,17,4569023.5643747775,5.13972602739726,2.0
C-001133652,S-0007,-100.0,1,2,男性,45,7,12,0.4166666666666667,23449,2,21,4487075.727367008,3.7260273972602738,1.0
C-000867749,S-0096,-63.789890119941916,1,2,女性,52,9,12,0.1666666666666666,8047,1,16,4644856.458098179,8.302739726027397,5.0
C-001462999,S-0039,-100.0,1,2,女性,41,6,12,0.25,0,0,16,4591288.568998441,8.193150684931506,5.0
C-000712736,S-0030,-37.341249706543884,0,2,男性,50,9,12,0.1666666666666666,63066,1,22,4426478.045479023,9.236986301369862,5.5
C-001965548,S-0121,-49.66768083888134,1,2,女性,48,4,12,0.1666666666666666,0,0,14,4716268.25678644,9.856164383561644,7.0
C-002511015,S-0082,-100.0,1,2,女性,62,1,12,0.3333333333333333,2802,1,17,4607261.71451126,4.758904109589041,2.0
C-000123704,S-0059,-47.4903767274563,0,2,女性,56,12,12,1.0,0,0,14,4713188.969095345,6.8123287671232875,3.0
C-002623188,S-0040,-20.786458603349057,0,2,男性,42,1,12,0.3333333333333333,125758,2,20,4550116.0180538,8.163013698630138,4.0
C-001708723,S-0089,-42.411021025147726,0,2,女性,32,5,12,0.5,4020,1,19,4721110.949352573,10.142465753424657,7.0
C-000827299,S-0020,-11.637509069759407,0,2,女性,36,9,12,0.3333333333333333,0,0,16,4280702.057267675,6.986301369863014,3.5
C-001924235,S-0007,-7.830558507069734,0,2,男性,20,4,12,0.25,0,0,21,4487075.727367008,3.7260273972602738,1.0
C-001312010,S-0036,-33.1182193112265,0,2,女性,48,7,12,0.5,139136,1,19,4397834.424680548,11.123287671232877,9.0
C-001893937,S-0075,-100.0,1,2,女性,33,4,12,0.8333333333333334,0,0,19,4506647.2743158825,4.526027397260274,1.0
C-000834889,S-0063,-24.600301045522965,0,2,女性,66,9,12,0.5833333333333334,0,0,18,4564012.176421695,5.749315068493151,3.0
C-000608989,S-0019,-9.589181282149296,0,2,女性,64,10,12,0.9166666666666666,27119,1,19,4327199.920883598,4.090410958904109,1.0
C-001158860,S-0100,-18.284455865430267,0,2,女性,70,7,12,0.8333333333333334,41406,1,17,4535925.154217558,4.720547945205479,2.0
C-001000476,S-0085,-9.032766194106149,0,2,女性,46,8,12,0.8333333333333334,0,0,15,4606655.398026554,4.928767123287671,2.0
C-000618919,S-0007,-100.0,1,2,女性,46,10,12,0.0833333333333333,0,0,21,4487075.727367008,3.7260273972602738,1.0
C-002371153,S-0100,-17.847499129394734,0,2,男性,27,2,12,0.5,6947,2,17,4535925.154217558,4.720547945205479,2.0
C-000833049,S-0050,-4.442461321141898,0,2,女性,55,9,12,0.25,0,0,20,4615411.181286601,9.2013698630137,6.0
C-002496168,S-0131,-96.32891890630107,1,2,女性,60,1,12,0.1666666666666666,0,0,17,4569023.5643747775,5.13972602739726,2.0
C-001903948,S-0005,-34.521384145825806,0,2,女性,59,4,12,0.5,0,0,21,4733942.970761149,4.69041095890411,2.0
C-001108456,S-0111,-1.2682688000666689,0,2,女性,33,8,12,1.0,0,0,19,4489501.980758176,6.397260273972603,4.0
C-000294874,S-0117,-100.0,1,2,女性,55,11,12,0.0833333333333333,42549,1,20,4500859.737076383,9.593150684931507,7.0
C-000469260,S-0059,-24.85439167629311,0,2,女性,41,10,12,0.4166666666666667,1086,1,14,4713188.969095345,6.8123287671232875,3.0
C-001859207,S-0111,-31.48103752118742,0,2,女性,48,4,12,0.5,0,0,19,4489501.980758176,6.397260273972603,4.0
C-001848957,S-0082,-26.184875843321738,0,2,女性,73,4,12,0.5,0,0,17,4607261.71451126,4.758904109589041,2.0
C-000801246,S-0019,2.0256374998090174,0,2,女性,49,9,12,0.5,20225,2,19,4327199.920883598,4.090410958904109,1.0
C-000513495,S-0017,-15.640619053659774,0,2,男性,63,10,12,0.5,5863,1,20,4640207.03550726,5.608219178082192,2.5
C-000148023,S-0106,-9.384095092163601,0,2,女性,35,12,12,0.5833333333333334,107067,2,20,4462729.145118021,6.171232876712329,3.5
C-000887215,S-0126,-26.59105695865618,0,2,女性,33,9,12,0.6666666666666666,0,0,17,4493168.352495564,5.53972602739726,3.0
C-002230481,S-0089,-25.606148923504318,0,2,男性,41,3,12,0.1666666666666666,0,0,19,4721110.949352573,10.142465753424657,7.0
C-000629505,S-0004,-39.2784675172817,0,2,男性,48,10,12,0.3333333333333333,0,0,22,4423576.351309,11.806849315068494,9.0
C-001535058,S-0059,-67.48389982110913,1,2,男性,66,6,12,0.1666666666666666,11726,1,14,4713188.969095345,6.8123287671232875,3.0
C-000255718,S-0036,-52.5943534659858,1,2,女性,46,11,12,0.1666666666666666,10025,1,19,4397834.424680548,11.123287671232877,9.0
C-001224400,S-0020,-56.0520958986731,1,2,女性,59,7,12,0.1666666666666666,3116,2,16,4280702.057267675,6.986301369863014,3.5
C-001345860,S-0082,-14.617353714270015,0,2,女性,75,7,12,0.5833333333333334,0,0,17,4607261.71451126,4.758904109589041,2.0
C-001553317,S-0040,-51.900791742578676,1,2,女性,58,6,12,0.4166666666666667,0,0,20,4550116.0180538,8.163013698630138,4.0
C-000129834,S-0005,-27.705091521969194,0,2,女性,54,12,12,0.1666666666666666,0,0,21,4733942.970761149,4.69041095890411,2.0
C-001189792,S-0030,-53.31406324553457,1,2,男性,50,7,12,0.3333333333333333,0,0,22,4426478.045479023,9.236986301369862,5.5
C-000686826,S-0012,-5.856639935591963,0,2,女性,58,9,12,0.6666666666666666,0,0,16,4444678.825084195,7.994520547945205,5.0
C-002677218,S-0131,-34.72635926764367,0,2,女性,44,1,12,0.75,4914,1,17,4569023.5643747775,5.13972602739726,2.0
C-001697977,S-0017,-54.645813509240114,1,2,女性,45,5,12,0.25,34511,1,20,4640207.03550726,5.608219178082192,2.5
C-000256196,S-0030,-79.88201038656265,1,2,女性,55,11,12,0.4166666666666667,0,0,22,4426478.045479023,9.236986301369862,5.5
C-002411635,S-0099,-35.99676426784,0,2,女性,39,2,12,0.5,1290,1,13,4464126.154078853,8.147945205479452,5.0
C-000288326,S-0075,-49.215861486624966,1,2,女性,33,11,12,0.75,0,0,19,4506647.2743158825,4.526027397260274,1.0
C-001210778,S-0040,-20.200004640478898,0,2,女性,50,7,12,0.0833333333333333,0,0,20,4550116.0180538,8.163013698630138,4.0
C-000218992,S-0117,-98.18052910576344,1,2,男性,50,12,12,0.1666666666666666,5892,2,20,4500859.737076383,9.593150684931507,7.0
C-001536726,S-0004,-78.51054502946764,1,2,男性,54,6,12,0.4166666666666667,0,0,22,4423576.351309,11.806849315068494,9.0
C-001401202,S-0089,-35.84812444476675,0,2,男性,39,6,12,0.5833333333333334,7719,1,19,4721110.949352573,10.142465753424657,7.0
C-001995160,S-0089,-64.85171377512432,1,2,男性,66,4,12,0.5,2990,1,19,4721110.949352573,10.142465753424657,7.0
C-002083363,S-0036,-17.645438816013986,0,2,男性,43,3,12,0.8333333333333334,0,0,19,4397834.424680548,11.123287671232877,9.0
C-002222183,S-0019,-6.041303350160624,0,2,女性,51,3,12,0.5833333333333334,13358,1,19,4327199.920883598,4.090410958904109,1.0
C-001721098,S-0005,-53.05678857157822,1,2,女性,31,5,12,0.75,0,0,21,4733942.970761149,4.69041095890411,2.0
C-002598266,S-0121,-4.570007332911752,0,2,女性,57,1,12,0.5,0,0,14,4716268.25678644,9.856164383561644,7.0
C-001563295,S-0054,-15.072120298446443,0,2,男性,39,6,12,0.0833333333333333,6918,2,23,4489160.181517739,6.358904109589041,4.0
C-001527052,S-0019,-7.13856878213559,0,2,女性,32,6,12,0.6666666666666666,104310,1,19,4327199.920883598,4.090410958904109,1.0
C-000013295,S-0075,-35.367417691983086,0,2,女性,44,12,12,0.8333333333333334,0,0,19,4506647.2743158825,4.526027397260274,1.0
C-001913088,S-0111,-20.389946604821745,0,2,男性,60,4,12,0.6666666666666666,0,0,19,4489501.980758176,6.397260273972603,4.0
C-000146564,S-0018,-39.75721765293902,0,2,女性,48,12,12,0.3333333333333333,0,0,16,4493108.581950108,7.550684931506849,5.0
C-000187922,S-0002,-2.4023398560756846,0,2,女性,58,12,12,0.8333333333333334,3632,1,15,4455566.655169959,5.663013698630137,2.0
C-000308625,S-0082,-27.22162381605613,0,2,女性,63,11,12,0.0833333333333333,22728,1,17,4607261.71451126,4.758904109589041,2.0
C-000124427,S-0019,-28.985655504785285,0,2,男性,53,12,12,0.6666666666666666,0,0,19,4327199.920883598,4.090410958904109,1.0
C-000530919,S-0100,-100.0,1,2,男性,56,10,12,0.5,37869,1,17,4535925.154217558,4.720547945205479,2.0
C-001106241,S-0039,-91.62584500832762,1,2,女性,43,8,12,0.5,36320,1,16,4591288.568998441,8.193150684931506,5.0
C-001642767,S-0113,-100.0,1,2,女性,33,5,12,0.5,21981,1,16,4336633.961311346,5.77945205479452,2.5
C-001466838,S-0075,-100.0,1,2,女性,33,6,12,0.5,0,0,19,4506647.2743158825,4.526027397260274,1.0
C-001047285,S-0075,-99.87429716828892,1,2,男性,44,8,12,0.1666666666666666,0,0,19,4506647.2743158825,4.526027397260274,1.0
C-001492560,S-0056,-31.83591158755008,0,2,女性,46,6,12,0.0833333333333333,22427,1,15,4406070.585753419,7.528767123287671,4.0
C-000633849,S-0085,-20.16189759036145,0,2,女性,27,10,12,0.4166666666666667,0,0,15,4606655.398026554,4.928767123287671,2.0
C-001845177,S-0059,-43.317620243984564,0,2,男性,50,4,12,0.3333333333333333,44193,1,14,4713188.969095345,6.8123287671232875,3.0
C-002548457,S-0018,-100.0,1,2,女性,58,1,12,0.4166666666666667,0,0,16,4493108.581950108,7.550684931506849,5.0
C-001066977,S-0117,-42.7640628725492,0,2,男性,59,8,12,0.3333333333333333,32676,1,20,4500859.737076383,9.593150684931507,7.0
C-000128570,S-0117,-91.8699436136308,1,2,男性,49,12,12,0.3333333333333333,52860,1,20,4500859.737076383,9.593150684931507,7.0
C-000205146,S-0054,-14.078568792094009,0,2,女性,34,12,12,0.0833333333333333,17983,2,23,4489160.181517739,6.358904109589041,4.0
C-001616068,S-0126,-26.365045695489297,0,2,男性,38,5,12,0.25,0,0,17,4493168.352495564,5.53972602739726,3.0
C-001086959,S-0020,-13.519462764082235,0,2,女性,42,8,12,0.25,0,0,16,4280702.057267675,6.986301369863014,3.5
C-000792439,S-0005,-26.982977182180367,0,2,女性,56,9,12,0.25,5066,1,21,4733942.970761149,4.69041095890411,2.0
C-000836370,S-0039,-9.37151767859722,0,2,男性,21,9,12,0.0,3617,1,16,4591288.568998441,8.193150684931506,5.0
C-000758321,S-0126,-68.30681682755333,1,2,男性,41,9,12,0.5,88385,2,17,4493168.352495564,5.53972602739726,3.0
C-001899048,S-0131,-73.25981305172698,1,2,女性,51,4,12,0.5833333333333334,30239,1,17,4569023.5643747775,5.13972602739726,2.0
C-001936009,S-0002,-100.0,1,2,女性,65,4,12,0.1666666666666666,12322,2,15,4455566.655169959,5.663013698630137,2.0
C-000469553,S-0102,-100.0,1,2,女性,34,10,12,0.25,0,0,16,4383474.364435211,10.484931506849314,7.5
C-002238189,S-0056,-85.38750981294496,1,2,女性,42,3,12,0.25,68260,1,15,4406070.585753419,7.528767123287671,4.0
C-000163619,S-0063,-53.35095533447113,1,2,女性,79,12,12,0.25,34535,1,18,4564012.176421695,5.749315068493151,3.0
C-001544564,S-0062,-100.0,1,2,女性,46,6,12,0.4166666666666667,4446,1,15,4713869.782113416,4.575342465753424,1.0
C-000809052,S-0036,-84.23545916651453,1,2,男性,68,9,12,0.1666666666666666,6412,1,19,4397834.424680548,11.123287671232877,9.0
C-002548221,S-0131,-4.169473019062156,0,2,女性,49,1,12,0.0833333333333333,11105,1,17,4569023.5643747775,5.13972602739726,2.0
C-001050343,S-0036,-67.93247727600635,1,2,女性,47,8,12,0.1666666666666666,12806,1,19,4397834.424680548,11.123287671232877,9.0
C-001799056,S-0126,9.980642279247531,0,2,女性,36,5,12,0.0833333333333333,0,0,17,4493168.352495564,5.53972602739726,3.0
C-000806156,S-0062,-25.98953848910301,0,2,女性,68,9,12,0.5,8397,1,15,4713869.782113416,4.575342465753424,1.0
C-000462744,S-0036,-61.421919874677265,1,2,女性,32,10,12,0.3333333333333333,5054,2,19,4397834.424680548,11.123287671232877,9.0
C-001456158,S-0020,-42.37947199121293,0,2,男性,62,6,12,0.25,1565,1,16,4280702.057267675,6.986301369863014,3.5
C-001860910,S-0056,-12.841322393715032,0,2,男性,76,4,12,0.0833333333333333,0,0,15,4406070.585753419,7.528767123287671,4.0
C-001720396,S-0040,-51.34825835061869,1,2,女性,41,5,12,0.4166666666666667,0,0,20,4550116.0180538,8.163013698630138,4.0
C-001169792,S-0050,-23.31281233169029,0,2,女性,52,7,12,0.5,32374,1,20,4615411.181286601,9.2013698630137,6.0
C-000285492,S-0131,-0.4623898023259462,0,2,女性,48,11,12,0.5,0,0,17,4569023.5643747775,5.13972602739726,2.0
C-001299983,S-0082,-25.168070230622952,0,2,女性,20,7,12,0.9166666666666666,4954,1,17,4607261.71451126,4.758904109589041,2.0
C-000019343,S-0063,-52.723911418794,1,2,女性,43,12,12,0.3333333333333333,1869,1,18,4564012.176421695,5.749315068493151,3.0
C-002421518,S-0004,-10.43381926478159,0,2,女性,32,2,12,0.75,0,0,22,4423576.351309,11.806849315068494,9.0
C-002130182,S-0050,-3.205988143723726,0,2,女性,58,3,12,0.4166666666666667,0,0,20,4615411.181286601,9.2013698630137,6.0
C-000462934,S-0059,-100.0,1,2,男性,48,10,12,0.3333333333333333,0,0,14,4713188.969095345,6.8123287671232875,3.0
C-001136050,S-0019,-11.960113248944038,0,2,女性,51,7,12,1.0,0,0,19,4327199.920883598,4.090410958904109,1.0
C-001959724,S-0085,-36.22215863463083,0,2,男性,82,4,12,0.4166666666666667,16142,1,15,4606655.398026554,4.928767123287671,2.0
C-002259174,S-0097,-21.674421391912542,0,2,女性,54,2,12,0.25,0,0,21,4592508.716501317,10.09041095890411,7.0
C-002085151,S-0100,-42.25668139204829,0,2,女性,37,3,12,0.25,0,0,17,4535925.154217558,4.720547945205479,2.0
C-002294109,S-0085,-6.8373327113158595,0,2,女性,53,2,12,0.6666666666666666,0,0,15,4606655.398026554,4.928767123287671,2.0
C-001471416,S-0039,-100.0,1,2,男性,46,6,12,0.4166666666666667,0,0,16,4591288.568998441,8.193150684931506,5.0
C-001781869,S-0020,-23.439157110148575,0,2,男性,35,5,12,0.4166666666666667,0,0,16,4280702.057267675,6.986301369863014,3.5
C-001304903,S-0121,-48.54829570011237,0,2,女性,24,7,12,0.25,0,0,14,4716268.25678644,9.856164383561644,7.0
C-002636284,S-0002,-100.0,1,2,女性,47,1,12,0.4166666666666667,18859,1,15,4455566.655169959,5.663013698630137,2.0
C-001066959,S-0080,-100.0,1,2,男性,60,8,12,0.25,0,0,17,4457429.264950683,11.673972602739726,9.0
C-001005497,S-0072,-55.120439574702814,1,2,男性,49,8,12,0.25,6153,2,12,4406797.312641796,9.01917808219178,6.0
C-002406350,S-0063,-96.86225147484797,1,2,男性,33,2,12,0.6666666666666666,2326,1,18,4564012.176421695,5.749315068493151,3.0
C-001885572,S-0050,-25.12269761533576,0,2,女性,50,4,12,0.75,8585,1,20,4615411.181286601,9.2013698630137,6.0
C-002284268,S-0017,-7.969039280854766,0,2,女性,33,2,12,0.4166666666666667,0,0,20,4640207.03550726,5.608219178082192,2.5
C-000350495,S-0040,-24.7960761845465,0,2,女性,47,11,12,0.4166666666666667,4278,1,20,4550116.0180538,8.163013698630138,4.0
C-001053993,S-0075,-75.07404538412466,1,2,女性,43,8,12,0.0,6128,1,19,4506647.2743158825,4.526027397260274,1.0
C-000824089,S-0062,-100.0,1,2,男性,46,9,12,0.6666666666666666,0,0,15,4713869.782113416,4.575342465753424,1.0
C-002060664,S-0100,-100.0,1,2,女性,53,3,12,0.5833333333333334,0,0,17,4535925.154217558,4.720547945205479,2.0
C-000742904,S-0085,-7.976944723553149,0,2,女性,46,9,12,0.1666666666666666,0,0,15,4606655.398026554,4.928767123287671,2.0
C-000679465,S-0131,-39.113655984593024,0,2,女性,38,9,12,0.3333333333333333,11930,1,17,4569023.5643747775,5.13972602739726,2.0
C-002200928,S-0085,-5.46678553883663,0,2,女性,23,3,12,1.0,60400,1,15,4606655.398026554,4.928767123287671,2.0
C-001495389,S-0075,-100.0,1,2,男性,62,6,12,0.25,0,0,19,4506647.2743158825,4.526027397260274,1.0
C-001159385,S-0050,-52.94695249840928,1,2,女性,44,7,12,0.8333333333333334,35652,1,20,4615411.181286601,9.2013698630137,6.0
C-001983238,S-0079,-100.0,1,2,女性,33,4,12,0.0,0,0,13,4256656.371085242,8.479452054794521,6.0
C-000501692,S-0005,-27.007505808065762,0,2,女性,57,10,12,0.4166666666666667,0,0,21,4733942.970761149,4.69041095890411,2.0
C-002602467,S-0005,1.159565905139329,0,2,女性,53,1,12,0.75,0,0,21,4733942.970761149,4.69041095890411,2.0
C-001206749,S-0111,-26.60785082560014,0,2,女性,61,7,12,0.4166666666666667,38473,2,19,4489501.980758176,6.397260273972603,4.0
C-000009728,S-0111,-37.13099451596593,0,2,女性,42,12,12,0.5,0,0,19,4489501.980758176,6.397260273972603,4.0
C-000918760,S-0054,-100.0,1,2,女性,76,8,12,0.75,0,0,23,4489160.181517739,6.358904109589041,4.0
C-000495085,S-0005,-29.310923455088027,0,2,男性,31,10,12,1.0,0,0,21,4733942.970761149,4.69041095890411,2.0
C-001730099,S-0036,-100.0,1,2,女性,19,5,12,0.5,0,0,19,4397834.424680548,11.123287671232877,9.0
C-001995811,S-0014,-32.63996691795456,0,2,男性,57,4,12,0.5,19951,1,21,4730192.353344672,7.336986301369863,4.0
C-001405596,S-0113,-5.6765535697653355,0,2,男性,34,6,12,0.3333333333333333,0,0,16,4336633.961311346,5.77945205479452,2.5
C-001128507,S-0054,-62.63525497950489,1,2,女性,46,7,12,0.6666666666666666,0,0,23,4489160.181517739,6.358904109589041,4.0
C-000789233,S-0131,-28.442674821258013,0,2,女性,33,9,12,0.25,24807,2,17,4569023.5643747775,5.13972602739726,2.0
C-001098042,S-0059,-54.29707961041229,1,2,女性,37,8,12,0.6666666666666666,55425,1,14,4713188.969095345,6.8123287671232875,3.0
C-002218341,S-0007,-41.16760238079444,0,2,男性,48,3,12,0.9166666666666666,0,0,21,4487075.727367008,3.7260273972602738,1.0
C-001822045,S-0020,-50.94775034958005,1,2,女性,41,4,12,0.0833333333333333,87191,1,16,4280702.057267675,6.986301369863014,3.5
C-002118850,S-0039,-58.25816204137296,1,2,女性,28,3,12,0.8333333333333334,2066,2,16,4591288.568998441,8.193150684931506,5.0
C-001817035,S-0019,-4.468852773077046,0,2,女性,58,4,12,0.3333333333333333,0,0,19,4327199.920883598,4.090410958904109,1.0
C-001326965,S-0019,-11.912943871706757,0,2,男性,68,7,12,0.9166666666666666,26278,2,19,4327199.920883598,4.090410958904109,1.0
C-001460394,S-0040,-100.0,1,2,女性,39,6,12,0.6666666666666666,0,0,20,4550116.0180538,8.163013698630138,4.0
C-002097322,S-0082,-36.37672692985693,0,2,女性,56,3,12,0.4166666666666667,0,0,17,4607261.71451126,4.758904109589041,2.0
C-001866094,S-0030,-100.0,1,2,男性,45,4,12,0.3333333333333333,0,0,22,4426478.045479023,9.236986301369862,5.5
C-002105881,S-0082,-47.77549571862211,0,2,女性,50,3,12,0.3333333333333333,0,0,17,4607261.71451126,4.758904109589041,2.0
C-001347964,S-0054,-50.219431678425785,1,2,男性,34,7,12,0.25,4706,1,23,4489160.181517739,6.358904109589041,4.0
C-002406580,S-0017,-39.207860140797216,0,2,女性,37,2,12,0.3333333333333333,0,0,20,4640207.03550726,5.608219178082192,2.5
C-001289405,S-0054,-38.138211914744936,0,2,男性,59,7,12,0.6666666666666666,29560,1,23,4489160.181517739,6.358904109589041,4.0
C-002570712,S-0014,-65.84498159779044,1,2,女性,46,1,12,0.25,0,0,21,4730192.353344672,7.336986301369863,4.0
C-000974618,S-0121,-33.43240089015824,0,2,男性,52,8,12,0.1666666666666666,1420,1,14,4716268.25678644,9.856164383561644,7.0
C-001664850,S-0126,-9.750913511231458,0,2,男性,62,5,12,0.25,11838,1,17,4493168.352495564,5.53972602739726,3.0
C-000475994,S-0018,-100.0,1,2,男性,35,10,12,0.0833333333333333,0,0,16,4493108.581950108,7.550684931506849,5.0
C-000301756,S-0050,-100.0,1,2,女性,85,11,12,0.6666666666666666,0,0,20,4615411.181286601,9.2013698630137,6.0
C-000210096,S-0050,-22.62582698266477,0,2,男性,60,12,12,0.25,0,0,20,4615411.181286601,9.2013698630137,6.0
C-000753943,S-0040,-41.67881856987565,0,2,男性,38,9,12,0.3333333333333333,0,0,20,4550116.0180538,8.163013698630138,4.0
C-001197643,S-0018,-15.78772697192573,0,2,男性,33,7,12,0.3333333333333333,0,0,16,4493108.581950108,7.550684931506849,5.0
C-001799788,S-0131,-40.26382588031973,0,2,女性,43,4,12,0.0833333333333333,53997,1,17,4569023.5643747775,5.13972602739726,2.0
C-000577152,S-0008,-100.0,1,2,女性,58,10,12,0.25,0,0,22,4498453.308937302,10.772602739726027,7.0
C-001486716,S-0062,-90.25832367941986,1,2,女性,69,6,12,0.5833333333333334,0,0,15,4713869.782113416,4.575342465753424,1.0
C-001980624,S-0017,-12.143679338524214,0,2,男性,54,4,12,0.0833333333333333,9818,1,20,4640207.03550726,5.608219178082192,2.5
C-001382116,S-0005,-20.79803834150691,0,2,男性,71,6,12,0.6666666666666666,0,0,21,4733942.970761149,4.69041095890411,2.0
C-000822417,S-0005,-18.41289829178726,0,2,女性,32,9,12,0.5,0,0,21,4733942.970761149,4.69041095890411,2.0
C-002517531,S-0054,-45.77232436442941,0,2,男性,57,1,12,0.5833333333333334,0,0,23,4489160.181517739,6.358904109589041,4.0
C-000059271,S-0082,-31.087393482999747,0,2,男性,57,12,12,0.6666666666666666,2285,1,17,4607261.71451126,4.758904109589041,2.0
C-002248143,S-0106,-19.800954782036793,0,2,女性,53,3,12,0.8333333333333334,0,0,20,4462729.145118021,6.171232876712329,3.5
C-000448794,S-0126,-32.81604662793829,0,2,女性,53,11,12,0.8333333333333334,0,0,17,4493168.352495564,5.53972602739726,3.0
C-000714403,S-0111,-100.0,1,2,女性,63,9,12,0.0833333333333333,0,0,19,4489501.980758176,6.397260273972603,4.0
C-001745332,S-0117,-100.0,1,2,女性,52,5,12,0.25,0,0,20,4500859.737076383,9.593150684931507,7.0
C-002065724,S-0054,-96.23147067721163,1,2,女性,42,3,12,0.3333333333333333,0,0,23,4489160.181517739,6.358904109589041,4.0
C-000967647,S-0030,-16.59141786352089,0,2,男性,49,8,12,0.75,2685,1,22,4426478.045479023,9.236986301369862,5.5
C-001892208,S-0063,-36.310524714916184,0,2,女性,38,4,12,0.4166666666666667,0,0,18,4564012.176421695,5.749315068493151,3.0
C-000635861,S-0017,-49.56466005194113,1,2,女性,35,10,12,0.5833333333333334,0,0,20,4640207.03550726,5.608219178082192,2.5
C-001154639,S-0020,-64.89284454679364,1,2,男性,34,7,12,0.5,0,0,16,4280702.057267675,6.986301369863014,3.5
C-000967738,S-0039,-100.0,1,2,男性,60,8,12,0.5,0,0,16,4591288.568998441,8.193150684931506,5.0
C-001245877,S-0050,-49.648769086542785,1,2,女性,49,7,12,0.25,0,0,20,4615411.181286601,9.2013698630137,6.0
C-000661086,S-0004,-26.711838248356724,0,2,男性,63,10,12,0.1666666666666666,0,0,22,4423576.351309,11.806849315068494,9.0
C-002591228,S-0050,-57.82989053267988,1,2,女性,56,1,12,0.25,0,0,20,4615411.181286601,9.2013698630137,6.0
C-000049707,S-0121,-100.0,1,2,女性,49,12,12,0.1666666666666666,22826,1,14,4716268.25678644,9.856164383561644,7.0
C-002325778,S-0019,-12.739955717018853,0,2,男性,48,2,12,1.0,0,0,19,4327199.920883598,4.090410958904109,1.0
C-001267606,S-0004,-27.489420800834825,0,2,男性,57,7,12,0.5,2157,1,22,4423576.351309,11.806849315068494,9.0
C-001103974,S-0075,-10.883738772661026,0,2,男性,27,8,12,0.25,0,0,19,4506647.2743158825,4.526027397260274,1.0
C-000621022,S-0062,-15.048413693957801,0,2,女性,49,10,12,0.3333333333333333,12727,1,15,4713869.782113416,4.575342465753424,1.0
C-001253044,S-0004,-17.373962680481604,0,2,男性,32,7,12,0.3333333333333333,0,0,22,4423576.351309,11.806849315068494,9.0
C-001706142,S-0079,-79.50698716353163,1,2,女性,77,5,12,0.3333333333333333,0,0,13,4256656.371085242,8.479452054794521,6.0
C-000546616,S-0059,-16.22792945574178,0,2,女性,44,10,12,0.4166666666666667,0,0,14,4713188.969095345,6.8123287671232875,3.0
C-000601591,S-0054,-23.48421734703323,0,2,男性,43,10,12,0.4166666666666667,0,0,23,4489160.181517739,6.358904109589041,4.0
C-001512950,S-0041,-41.4903503274189,0,2,男性,41,6,12,0.0833333333333333,0,0,17,4828489.286769263,10.389041095890411,7.0
C-001477142,S-0030,-34.694364705810344,0,2,女性,38,6,12,0.6666666666666666,0,0,22,4426478.045479023,9.236986301369862,5.5
C-002577155,S-0111,-54.66478566620358,1,2,女性,54,1,12,0.5,0,0,19,4489501.980758176,6.397260273972603,4.0
C-001042190,S-0082,-100.0,1,2,女性,48,8,12,0.25,0,0,17,4607261.71451126,4.758904109589041,2.0
C-000906875,S-0085,-15.375843769561698,0,2,男性,60,8,12,0.4166666666666667,21417,1,15,4606655.398026554,4.928767123287671,2.0
C-002653933,S-0115,-23.147976615647256,0,2,男性,18,1,12,0.4166666666666667,154957,2,14,4553643.099564746,10.51095890410959,7.0
C-001339398,S-0017,-56.37860798718708,1,2,女性,71,7,12,0.4166666666666667,14813,1,20,4640207.03550726,5.608219178082192,2.5
C-002426543,S-0041,-62.271115967909594,1,2,女性,59,2,12,0.3333333333333333,8281,1,17,4828489.286769263,10.389041095890411,7.0
C-001662885,S-0099,-46.53026979489927,0,2,女性,33,5,12,0.4166666666666667,12406,1,13,4464126.154078853,8.147945205479452,5.0
C-001346446,S-0072,-15.163186701804177,0,2,男性,68,7,12,0.9166666666666666,4875,1,12,4406797.312641796,9.01917808219178,6.0
C-002662470,S-0002,-2.4951753349074286,0,2,女性,65,1,12,0.6666666666666666,0,0,15,4455566.655169959,5.663013698630137,2.0
C-000380492,S-0111,-5.055535294687908,0,2,女性,50,11,12,0.6666666666666666,0,0,19,4489501.980758176,6.397260273972603,4.0
C-002450004,S-0085,-46.846980914468546,0,2,女性,53,2,12,0.5833333333333334,0,0,15,4606655.398026554,4.928767123287671,2.0
C-002504808,S-0126,-61.974513579779234,1,2,男性,62,1,12,0.5833333333333334,0,0,17,4493168.352495564,5.53972602739726,3.0
C-002462679,S-0017,-37.2831090905956,0,2,女性,64,2,12,0.5,0,0,20,4640207.03550726,5.608219178082192,2.5
C-002106719,S-0075,-2.657473863599122,0,2,男性,52,3,12,0.5833333333333334,0,0,19,4506647.2743158825,4.526027397260274,1.0
C-001133843,S-0082,-41.15119878043147,0,2,男性,22,7,12,0.4166666666666667,0,0,17,4607261.71451126,4.758904109589041,2.0
C-002482263,S-0111,-27.939012114965855,0,2,女性,53,1,12,0.4166666666666667,0,0,19,4489501.980758176,6.397260273972603,4.0
C-001977088,S-0007,-100.0,1,2,女性,58,4,12,0.5,18226,1,21,4487075.727367008,3.7260273972602738,1.0
C-000252356,S-0082,-95.74564219638059,1,2,男性,56,11,12,0.4166666666666667,0,0,17,4607261.71451126,4.758904109589041,2.0
C-001891139,S-0002,-70.51128824309953,1,2,男性,20,4,12,0.4166666666666667,0,0,15,4455566.655169959,5.663013698630137,2.0
C-000375484,S-0131,-100.0,1,2,女性,55,11,12,0.0,0,0,17,4569023.5643747775,5.13972602739726,2.0
C-001285975,S-0059,-100.0,1,2,男性,55,7,12,0.4166666666666667,14110,1,14,4713188.969095345,6.8123287671232875,3.0
C-001840010,S-0002,-27.17999228349075,0,2,男性,55,4,12,0.3333333333333333,0,0,15,4455566.655169959,5.663013698630137,2.0
C-002458860,S-0050,-45.27877858238505,0,2,女性,59,2,12,0.5,0,0,20,4615411.181286601,9.2013698630137,6.0
C-000893151,S-0020,-84.7603536528618,1,2,男性,58,9,12,0.5,0,0,16,4280702.057267675,6.986301369863014,3.5
C-001532107,S-0062,-86.63332227524434,1,2,女性,48,6,12,0.8333333333333334,36440,1,15,4713869.782113416,4.575342465753424,1.0
C-001117053,S-0040,-57.99890815745763,1,2,男性,37,8,12,0.1666666666666666,6381,1,20,4550116.0180538,8.163013698630138,4.0
C-001955014,S-0085,-10.58539280378486,0,2,女性,55,4,12,0.25,0,0,15,4606655.398026554,4.928767123287671,2.0
C-000653010,S-0005,-36.29774356382553,0,2,女性,48,10,12,0.5,0,0,21,4733942.970761149,4.69041095890411,2.0
C-002038137,S-0082,-100.0,1,2,女性,49,3,12,0.75,22115,2,17,4607261.71451126,4.758904109589041,2.0
C-000716776,S-0089,-3.920346216382446,0,2,男性,59,9,12,0.6666666666666666,0,0,19,4721110.949352573,10.142465753424657,7.0
C-000724322,S-0121,-61.05790404322591,1,2,男性,59,9,12,0.0833333333333333,50624,1,14,4716268.25678644,9.856164383561644,7.0
C-002177517,S-0017,-0.1681528475281269,0,2,女性,48,3,12,0.4166666666666667,13155,2,20,4640207.03550726,5.608219178082192,2.5
C-001986619,S-0019,-11.029555217716197,0,2,女性,22,4,12,0.5,151944,1,19,4327199.920883598,4.090410958904109,1.0
C-001445027,S-0036,-38.2248819579423,0,2,男性,37,6,12,0.25,0,0,19,4397834.424680548,11.123287671232877,9.0
C-001929875,S-0121,-26.958719901289562,0,2,女性,63,4,12,0.0833333333333333,0,0,14,4716268.25678644,9.856164383561644,7.0
C-000139437,S-0041,-23.791691258527685,0,2,男性,27,12,12,0.1666666666666666,0,0,17,4828489.286769263,10.389041095890411,7.0
C-001715374,S-0126,-30.382472322039078,0,2,女性,43,5,12,0.6666666666666666,0,0,17,4493168.352495564,5.53972602739726,3.0
C-000515106,S-0017,-18.12747121758344,0,2,女性,78,10,12,0.5833333333333334,0,0,20,4640207.03550726,5.608219178082192,2.5
C-001932969,S-0131,-22.410551618052953,0,2,女性,68,4,12,0.5833333333333334,0,0,17,4569023.5643747775,5.13972602739726,2.0
C-001323760,S-0075,-21.423317921809257,0,2,女性,53,7,12,0.6666666666666666,0,0,19,4506647.2743158825,4.526027397260274,1.0
C-000921566,S-0050,-23.26125884809794,0,2,男性,54,8,12,0.1666666666666666,0,0,20,4615411.181286601,9.2013698630137,6.0
C-002589997,S-0019,-3.5323274103281057,0,2,女性,49,1,12,0.5,0,0,19,4327199.920883598,4.090410958904109,1.0
C-001638032,S-0099,-9.829049784087628,0,2,男性,46,5,12,0.6666666666666666,0,0,13,4464126.154078853,8.147945205479452,5.0
C-000882935,S-0018,-85.2954679080856,1,2,男性,28,9,12,0.0,8656,1,16,4493108.581950108,7.550684931506849,5.0
C-002553911,S-0054,-48.246556545153275,0,2,男性,58,1,12,0.0,11383,2,23,4489160.181517739,6.358904109589041,4.0
C-002362173,S-0085,-59.60675222861478,1,2,男性,43,2,12,0.8333333333333334,0,0,15,4606655.398026554,4.928767123287671,2.0
C-001524925,S-0111,-92.52972114488267,1,2,女性,61,6,12,0.5833333333333334,0,0,19,4489501.980758176,6.397260273972603,4.0
C-001581412,S-0131,-8.683783022936883,0,2,女性,50,5,12,0.5833333333333334,0,0,17,4569023.5643747775,5.13972602739726,2.0
C-002434046,S-0062,-87.16013019318589,1,2,女性,56,2,12,0.5833333333333334,0,0,15,4713869.782113416,4.575342465753424,1.0
C-001410466,S-0041,-97.71942661046818,1,2,女性,63,6,12,0.25,0,0,17,4828489.286769263,10.389041095890411,7.0
C-000003324,S-0005,-6.501625999389324,0,2,女性,60,12,12,0.75,0,0,21,4733942.970761149,4.69041095890411,2.0
C-002363187,S-0085,-18.902301981235215,0,2,女性,50,2,12,0.4166666666666667,0,0,15,4606655.398026554,4.928767123287671,2.0
C-000943124,S-0099,-100.0,1,2,女性,41,8,12,0.25,0,0,13,4464126.154078853,8.147945205479452,5.0
C-001829171,S-0096,-75.60955437191915,1,2,女性,37,4,12,0.25,2437,1,16,4644856.458098179,8.302739726027397,5.0
C-000409165,S-0050,-31.443366393007455,0,2,女性,77,11,12,0.1666666666666666,0,0,20,4615411.181286601,9.2013698630137,6.0
C-000044827,S-0059,-8.427127708162061,0,2,男性,58,12,12,0.25,0,0,14,4713188.969095345,6.8123287671232875,3.0
C-000127509,S-0080,7.226531608780605,0,2,女性,17,12,12,0.3333333333333333,0,0,17,4457429.264950683,11.673972602739726,9.0
C-002497554,S-0082,-21.070976622338655,0,2,男性,40,1,12,0.25,0,0,17,4607261.71451126,4.758904109589041,2.0
C-002503237,S-0096,-13.199557394222927,0,2,男性,39,1,12,0.5833333333333334,4163,1,16,4644856.458098179,8.302739726027397,5.0
C-001570862,S-0020,-100.0,1,2,男性,52,6,12,0.4166666666666667,0,0,16,4280702.057267675,6.986301369863014,3.5
C-000849069,S-0050,-6.4990350425388,0,2,男性,70,9,12,0.4166666666666667,0,0,20,4615411.181286601,9.2013698630137,6.0
C-000631286,S-0019,-11.525398848327539,0,2,男性,47,10,12,0.5,0,0,19,4327199.920883598,4.090410958904109,1.0
C-000044445,S-0075,-27.94687082317792,0,2,女性,22,12,12,0.4166666666666667,0,0,19,4506647.2743158825,4.526027397260274,1.0
C-001706764,S-0030,-85.98840717117739,1,2,女性,70,5,12,0.5,26365,1,22,4426478.045479023,9.236986301369862,5.5
C-000155956,S-0017,-70.81168301045939,1,2,男性,62,12,12,0.4166666666666667,0,0,20,4640207.03550726,5.608219178082192,2.5
C-000431826,S-0063,-19.933467892651567,0,2,女性,80,11,12,0.5,0,0,18,4564012.176421695,5.749315068493151,3.0
C-001318326,S-0005,-39.43169787987521,0,2,男性,47,7,12,0.75,0,0,21,4733942.970761149,4.69041095890411,2.0
C-002168711,S-0085,-9.205972249708644,0,2,男性,38,3,12,0.9166666666666666,8782,1,15,4606655.398026554,4.928767123287671,2.0
C-002504106,S-0019,-17.448245202994148,0,2,男性,52,1,12,0.5833333333333334,14229,1,19,4327199.920883598,4.090410958904109,1.0
C-001111549,S-0100,-100.0,1,2,男性,46,8,12,0.5,24563,1,17,4535925.154217558,4.720547945205479,2.0
C-002303532,S-0075,-17.441720313132596,0,2,男性,41,2,12,0.25,0,0,19,4506647.2743158825,4.526027397260274,1.0
C-001184795,S-0100,-25.44916264960903,0,2,男性,64,7,12,0.3333333333333333,0,0,17,4535925.154217558,4.720547945205479,2.0
C-001472751,S-0004,-7.036702318470632,0,2,男性,29,6,12,0.5,0,0,22,4423576.351309,11.806849315068494,9.0
C-001080772,S-0085,-6.86479460928233,0,2,男性,42,8,12,0.4166666666666667,0,0,15,4606655.398026554,4.928767123287671,2.0
C-002117977,S-0100,-39.79685448562655,0,2,女性,33,3,12,0.3333333333333333,171491,2,17,4535925.154217558,4.720547945205479,2.0
C-002136410,S-0075,-30.717454414172035,0,2,女性,59,3,12,0.4166666666666667,0,0,19,4506647.2743158825,4.526027397260274,1.0
C-002471029,S-0048,-55.69243812986146,1,2,男性,50,2,12,0.5833333333333334,32200,1,15,4502249.082895545,3.671232876712329,1.0
C-002235364,S-0040,-82.79791882684047,1,2,男性,30,3,12,0.5,68530,2,20,4550116.0180538,8.163013698630138,4.0
C-002097157,S-0089,-39.72187826535262,0,2,女性,55,3,12,0.1666666666666666,20014,1,19,4721110.949352573,10.142465753424657,7.0
C-001527081,S-0126,-22.64197959356214,0,2,女性,34,6,12,0.3333333333333333,0,0,17,4493168.352495564,5.53972602739726,3.0
C-002085363,S-0002,-100.0,1,2,女性,60,3,12,0.4166666666666667,10330,2,15,4455566.655169959,5.663013698630137,2.0
C-000819803,S-0048,-24.950394638211563,0,2,女性,49,9,12,0.1666666666666666,0,0,15,4502249.082895545,3.671232876712329,1.0
C-002156922,S-0054,-40.88803128643807,0,2,男性,46,3,12,0.25,28627,2,23,4489160.181517739,6.358904109589041,4.0
C-000984389,S-0121,-38.0429090147336,0,2,女性,50,8,12,0.1666666666666666,13110,1,14,4716268.25678644,9.856164383561644,7.0
C-001928613,S-0002,-33.24573405271446,0,2,女性,45,4,12,0.5,32393,1,15,4455566.655169959,5.663013698630137,2.0
C-002310548,S-0063,-73.13115344825583,1,2,男性,50,2,12,0.25,8176,1,18,4564012.176421695,5.749315068493151,3.0
C-001840398,S-0008,-100.0,1,2,男性,49,4,12,0.3333333333333333,53192,1,22,4498453.308937302,10.772602739726027,7.0
C-000405642,S-0111,-100.0,1,2,男性,48,11,12,0.6666666666666666,8747,1,19,4489501.980758176,6.397260273972603,4.0
C-002080068,S-0072,-9.777197149643706,0,2,女性,76,3,12,0.6666666666666666,1730,1,12,4406797.312641796,9.01917808219178,6.0
C-002650416,S-0050,-64.92822481883557,1,2,男性,49,1,12,0.0,12571,1,20,4615411.181286601,9.2013698630137,6.0
C-001441285,S-0062,-28.046902238485156,0,2,男性,53,6,12,0.1666666666666666,0,0,15,4713869.782113416,4.575342465753424,1.0
C-002162636,S-0050,-16.565772981447203,0,2,女性,37,3,12,0.1666666666666666,108215,2,20,4615411.181286601,9.2013698630137,6.0
C-002072207,S-0007,-18.31521397599447,0,2,女性,47,3,12,0.4166666666666667,54035,1,21,4487075.727367008,3.7260273972602738,1.0
C-001718906,S-0050,-47.455446713088634,0,2,女性,48,5,12,0.1666666666666666,21722,2,20,4615411.181286601,9.2013698630137,6.0
C-000951659,S-0059,-100.0,1,2,女性,53,8,12,0.5,0,0,14,4713188.969095345,6.8123287671232875,3.0
C-001964751,S-0131,-21.04670163825225,0,2,女性,48,4,12,0.25,20251,1,17,4569023.5643747775,5.13972602739726,2.0
C-001461352,S-0075,-68.28221579323818,1,2,女性,43,6,12,0.25,0,0,19,4506647.2743158825,4.526027397260274,1.0
C-002648408,S-0017,-17.354706061832808,0,2,女性,22,1,12,0.4166666666666667,0,0,20,4640207.03550726,5.608219178082192,2.5
C-002422679,S-0085,-35.61294873804672,0,2,女性,34,2,12,1.0,15004,1,15,4606655.398026554,4.928767123287671,2.0
C-002528712,S-0126,-8.595094950884134,0,2,女性,35,1,12,1.0,0,0,17,4493168.352495564,5.53972602739726,3.0
C-000633893,S-0075,-44.109705642263606,0,2,女性,41,10,12,0.5833333333333334,0,0,19,4506647.2743158825,4.526027397260274,1.0
C-001209461,S-0089,-100.0,1,2,女性,33,7,12,0.5,0,0,19,4721110.949352573,10.142465753424657,7.0
C-002049228,S-0131,-7.403989935689867,0,2,女性,45,3,12,0.25,0,0,17,4569023.5643747775,5.13972602739726,2.0
C-002369909,S-0059,-30.322179179302005,0,2,男性,51,2,12,0.0833333333333333,0,0,14,4713188.969095345,6.8123287671232875,3.0
C-000094890,S-0096,-52.1768532594116,1,2,女性,55,12,12,0.0,64174,1,16,4644856.458098179,8.302739726027397,5.0
C-000166858,S-0082,-100.0,1,2,女性,42,12,12,0.3333333333333333,0,0,17,4607261.71451126,4.758904109589041,2.0
C-000348251,S-0113,-17.55753961904559,0,2,男性,70,11,12,0.6666666666666666,17066,1,16,4336633.961311346,5.77945205479452,2.5
C-001691940,S-0030,-35.67540342108831,0,2,男性,47,5,12,0.25,0,0,22,4426478.045479023,9.236986301369862,5.5
C-001889502,S-0019,0.43413092940250386,0,2,男性,21,4,12,0.4166666666666667,0,0,19,4327199.920883598,4.090410958904109,1.0
C-000105037,S-0019,-2.871126029749017,0,2,女性,43,12,12,1.0,10432,1,19,4327199.920883598,4.090410958904109,1.0
C-000845435,S-0039,-71.24641508655374,1,2,男性,47,9,12,0.5833333333333334,0,0,16,4591288.568998441,8.193150684931506,5.0
C-000689481,S-0019,-35.4826146560319,0,2,女性,68,9,12,0.3333333333333333,21703,1,19,4327199.920883598,4.090410958904109,1.0
C-002168463,S-0050,-33.55651271553869,0,2,女性,46,3,12,0.5,0,0,20,4615411.181286601,9.2013698630137,6.0
C-002482019,S-0012,-28.296735094836873,0,2,男性,50,1,12,0.5,5486,1,16,4444678.825084195,7.994520547945205,5.0
C-000235332,S-0012,-6.246355965856646,0,2,女性,57,11,12,0.3333333333333333,6672,2,16,4444678.825084195,7.994520547945205,5.0
C-001403863,S-0005,-63.453520465088964,1,2,女性,60,6,12,0.4166666666666667,8656,1,21,4733942.970761149,4.69041095890411,2.0
C-000909931,S-0131,-29.177283615627587,0,2,女性,35,8,12,0.75,0,0,17,4569023.5643747775,5.13972602739726,2.0
C-002224419,S-0048,-19.161546780964013,0,2,男性,50,3,12,0.8333333333333334,40278,1,15,4502249.082895545,3.671232876712329,1.0
C-002611818,S-0131,-100.0,1,2,女性,35,1,12,0.5,0,0,17,4569023.5643747775,5.13972602739726,2.0
C-002177168,S-0096,-32.23102179474751,0,2,女性,59,3,12,0.6666666666666666,0,0,16,4644856.458098179,8.302739726027397,5.0
C-000137125,S-0089,-3.9317269939448374,0,2,男性,34,12,12,0.9166666666666666,1569,1,19,4721110.949352573,10.142465753424657,7.0
C-001133816,S-0102,-100.0,1,2,男性,42,7,12,0.0833333333333333,0,0,16,4383474.364435211,10.484931506849314,7.5
C-000870452,S-0020,-19.448460328667437,0,2,女性,65,9,12,0.9166666666666666,0,0,16,4280702.057267675,6.986301369863014,3.5
C-001579874,S-0085,-33.08615442666251,0,2,女性,50,5,12,0.75,0,0,15,4606655.398026554,4.928767123287671,2.0
C-000382127,S-0062,-77.58185409499391,1,2,女性,54,11,12,0.25,0,0,15,4713869.782113416,4.575342465753424,1.0
C-001757098,S-0005,-3.4219867457028452,0,2,男性,28,5,12,0.75,0,0,21,4733942.970761149,4.69041095890411,2.0
C-002222993,S-0059,-12.208976349126047,0,2,男性,55,3,12,0.5,34807,1,14,4713188.969095345,6.8123287671232875,3.0
C-001374711,S-0079,-43.17825245873339,0,2,女性,44,6,12,0.3333333333333333,0,0,13,4256656.371085242,8.479452054794521,6.0
C-002057799,S-0075,-12.778281169952288,0,2,女性,56,3,12,0.5833333333333334,0,0,19,4506647.2743158825,4.526027397260274,1.0
C-001079525,S-0036,-100.0,1,2,男性,69,8,12,0.1666666666666666,100314,1,19,4397834.424680548,11.123287671232877,9.0
C-002507270,S-0111,-71.49993364803125,1,2,女性,44,1,12,0.8333333333333334,115408,1,19,4489501.980758176,6.397260273972603,4.0
C-001426766,S-0039,-36.28729354262002,0,2,男性,30,6,12,0.1666666666666666,2007,1,16,4591288.568998441,8.193150684931506,5.0
C-001826099,S-0131,-51.14152320749571,1,2,女性,23,4,12,0.1666666666666666,47710,1,17,4569023.5643747775,5.13972602739726,2.0
C-001777966,S-0002,-29.574417975803147,0,2,女性,51,5,12,0.6666666666666666,0,0,15,4455566.655169959,5.663013698630137,2.0
C-001728881,S-0121,-11.913596150452083,0,2,男性,30,5,12,0.5833333333333334,0,0,14,4716268.25678644,9.856164383561644,7.0
C-000177869,S-0004,-100.0,1,2,女性,42,12,12,0.0,0,0,22,4423576.351309,11.806849315068494,9.0
C-001913385,S-0111,0.22414598496149962,0,2,女性,39,4,12,0.3333333333333333,0,0,19,4489501.980758176,6.397260273972603,4.0
C-002452566,S-0020,-29.27319082172975,0,2,男性,43,2,12,0.3333333333333333,0,0,16,4280702.057267675,6.986301369863014,3.5
C-001543333,S-0036,-14.308904969138661,0,2,男性,65,6,12,0.0,0,0,19,4397834.424680548,11.123287671232877,9.0
C-002495401,S-0018,-100.0,1,2,男性,43,1,12,0.0833333333333333,28894,1,16,4493108.581950108,7.550684931506849,5.0
C-000147015,S-0072,-10.17897877848155,0,2,女性,32,12,12,0.25,0,0,12,4406797.312641796,9.01917808219178,6.0
C-002395936,S-0054,-53.86356736493354,1,2,女性,55,2,12,0.3333333333333333,1626,1,23,4489160.181517739,6.358904109589041,4.0
C-001619898,S-0048,-86.74340735044377,1,2,男性,42,5,12,0.25,0,0,15,4502249.082895545,3.671232876712329,1.0
C-000759020,S-0017,-44.62824329542482,0,2,女性,57,9,12,0.5833333333333334,14203,2,20,4640207.03550726,5.608219178082192,2.5
C-001419252,S-0121,-79.75881618141636,1,2,女性,39,6,12,0.3333333333333333,0,0,14,4716268.25678644,9.856164383561644,7.0
C-002153974,S-0111,-53.77653029836973,1,2,男性,39,3,12,0.8333333333333334,0,0,19,4489501.980758176,6.397260273972603,4.0
C-002659663,S-0075,-71.789270586148,1,2,男性,41,1,12,0.4166666666666667,13574,1,19,4506647.2743158825,4.526027397260274,1.0
C-001809950,S-0017,-100.0,1,2,女性,54,4,12,0.25,0,0,20,4640207.03550726,5.608219178082192,2.5
C-001612611,S-0097,-10.368773470563692,0,2,男性,61,5,12,0.3333333333333333,0,0,21,4592508.716501317,10.09041095890411,7.0
C-001531494,S-0099,-50.85841667077196,1,2,女性,72,6,12,0.25,0,0,13,4464126.154078853,8.147945205479452,5.0
C-000270427,S-0008,-16.995592120324577,0,2,男性,30,11,12,0.5,30302,2,22,4498453.308937302,10.772602739726027,7.0
C-002297124,S-0131,-37.35061149231204,0,2,男性,54,2,12,0.0833333333333333,472802,2,17,4569023.5643747775,5.13972602739726,2.0
C-001738419,S-0040,-5.753661509464822,0,2,女性,46,5,12,0.5,15824,1,20,4550116.0180538,8.163013698630138,4.0
C-001790802,S-0056,-22.745862464496394,0,2,男性,67,5,12,0.0833333333333333,27336,2,15,4406070.585753419,7.528767123287671,4.0
C-002076938,S-0131,-68.11234487263226,1,2,女性,41,3,12,0.4166666666666667,42493,1,17,4569023.5643747775,5.13972602739726,2.0
C-001916335,S-0050,-62.316096645880734,1,2,女性,39,4,12,0.1666666666666666,0,0,20,4615411.181286601,9.2013698630137,6.0
C-000084920,S-0085,4.110893899207467,0,2,男性,53,12,12,0.25,25726,1,15,4606655.398026554,4.928767123287671,2.0
C-001613846,S-0039,-100.0,1,2,男性,30,5,12,0.5833333333333334,0,0,16,4591288.568998441,8.193150684931506,5.0
C-000272126,S-0059,-43.15750004572641,0,2,女性,41,11,12,0.1666666666666666,0,0,14,4713188.969095345,6.8123287671232875,3.0
C-002663839,S-0056,-100.0,1,2,男性,39,1,12,0.25,0,0,15,4406070.585753419,7.528767123287671,4.0
C-001702555,S-0007,-100.0,1,2,男性,76,5,12,0.6666666666666666,15853,1,21,4487075.727367008,3.7260273972602738,1.0
C-000110192,S-0050,-100.0,1,2,女性,63,12,12,0.4166666666666667,0,0,20,4615411.181286601,9.2013698630137,6.0
C-000804475,S-0020,-21.369711163577975,0,2,男性,55,9,12,1.0,125801,1,16,4280702.057267675,6.986301369863014,3.5
C-002387073,S-0002,-25.72315563668341,0,2,女性,44,2,12,0.9166666666666666,0,0,15,4455566.655169959,5.663013698630137,2.0
C-002261434,S-0100,-100.0,1,2,女性,65,2,12,0.1666666666666666,0,0,17,4535925.154217558,4.720547945205479,2.0
C-001363090,S-0082,-41.71056073280438,0,2,女性,59,6,12,0.6666666666666666,7851,1,17,4607261.71451126,4.758904109589041,2.0
C-001850855,S-0041,-87.92154490862747,1,2,女性,41,4,12,0.5833333333333334,0,0,17,4828489.286769263,10.389041095890411,7.0
C-000662167,S-0020,-20.60134959208471,0,2,女性,69,10,12,0.25,0,0,16,4280702.057267675,6.986301369863014,3.5
C-001942571,S-0126,-24.002049201535865,0,2,男性,45,4,12,0.6666666666666666,0,0,17,4493168.352495564,5.53972602739726,3.0
C-002499023,S-0131,-15.31051124066348,0,2,男性,79,1,12,1.0,0,0,17,4569023.5643747775,5.13972602739726,2.0
C-001050147,S-0113,-12.58860077067204,0,2,男性,31,8,12,0.3333333333333333,0,0,16,4336633.961311346,5.77945205479452,2.5
C-000989063,S-0131,-51.84961764050783,1,2,女性,57,8,12,0.5,0,0,17,4569023.5643747775,5.13972602739726,2.0
C-001804552,S-0131,-8.35256985184205,0,2,女性,48,4,12,0.6666666666666666,0,0,17,4569023.5643747775,5.13972602739726,2.0
C-001594051,S-0085,-16.649117122954806,0,2,女性,50,5,12,0.5,47771,1,15,4606655.398026554,4.928767123287671,2.0
C-000220610,S-0019,-10.878757225002312,0,2,女性,57,12,12,0.5833333333333334,0,0,19,4327199.920883598,4.090410958904109,1.0
C-000082772,S-0100,-58.58301410956789,1,2,男性,65,12,12,0.3333333333333333,11795,1,17,4535925.154217558,4.720547945205479,2.0
C-000348444,S-0079,-31.04538458338533,0,2,女性,50,11,12,0.1666666666666666,13659,2,13,4256656.371085242,8.479452054794521,6.0
C-001968652,S-0089,-48.71739942097821,0,2,男性,58,4,12,0.5833333333333334,0,0,19,4721110.949352573,10.142465753424657,7.0
C-000075773,S-0075,-99.7425478026107,1,2,男性,42,12,12,0.5833333333333334,0,0,19,4506647.2743158825,4.526027397260274,1.0
C-001035390,S-0017,-42.190566453181695,0,2,男性,50,8,12,0.4166666666666667,4053,2,20,4640207.03550726,5.608219178082192,2.5
C-002583191,S-0005,-52.77952051342706,1,2,女性,31,1,12,0.5833333333333334,0,0,21,4733942.970761149,4.69041095890411,2.0
C-001152923,S-0002,-36.194258691395426,0,2,女性,60,7,12,0.1666666666666666,44493,1,15,4455566.655169959,5.663013698630137,2.0
C-001411867,S-0036,-20.46648641911391,0,2,男性,32,6,12,0.5,25727,1,19,4397834.424680548,11.123287671232877,9.0
C-002647717,S-0054,-100.0,1,2,男性,48,1,12,0.1666666666666666,12092,1,23,4489160.181517739,6.358904109589041,4.0
C-002441790,S-0039,-13.853722621743861,0,2,女性,49,2,12,0.25,6741,1,16,4591288.568998441,8.193150684931506,5.0
C-000143935,S-0050,-90.80081944315113,1,2,女性,58,12,12,0.25,0,0,20,4615411.181286601,9.2013698630137,6.0
C-000423033,S-0089,-56.15786970993818,1,2,男性,60,11,12,0.1666666666666666,0,0,19,4721110.949352573,10.142465753424657,7.0
C-000684398,S-0005,-9.28737654999942,0,2,女性,57,9,12,0.8333333333333334,0,0,21,4733942.970761149,4.69041095890411,2.0
C-001119853,S-0075,-61.62075471698113,1,2,女性,54,8,12,0.0833333333333333,0,0,19,4506647.2743158825,4.526027397260274,1.0
C-002317782,S-0062,-61.82157059788537,1,2,女性,39,2,12,0.25,11875,2,15,4713869.782113416,4.575342465753424,1.0
C-001718064,S-0063,-33.93346353559121,0,2,女性,30,5,12,0.1666666666666666,1135,2,18,4564012.176421695,5.749315068493151,3.0
C-000640995,S-0085,-100.0,1,2,女性,60,10,12,0.75,0,0,15,4606655.398026554,4.928767123287671,2.0
C-001043568,S-0082,-17.548740416210297,0,2,男性,58,8,12,0.25,5976,1,17,4607261.71451126,4.758904109589041,2.0
C-001991309,S-0005,-62.53308583410677,1,2,女性,49,4,12,0.75,31324,1,21,4733942.970761149,4.69041095890411,2.0
C-000494600,S-0085,-1.2466366807509603,0,2,男性,92,10,12,0.5,0,0,15,4606655.398026554,4.928767123287671,2.0
C-000906661,S-0059,-100.0,1,2,男性,51,8,12,0.5833333333333334,0,0,14,4713188.969095345,6.8123287671232875,3.0
C-001724045,S-0100,-55.413400725252885,1,2,女性,69,5,12,0.8333333333333334,0,0,17,4535925.154217558,4.720547945205479,2.0
C-002070205,S-0082,-41.99987654130465,0,2,男性,49,3,12,0.4166666666666667,0,0,17,4607261.71451126,4.758904109589041,2.0
C-001941086,S-0075,-27.510746727780237,0,2,男性,62,4,12,0.25,8221,1,19,4506647.2743158825,4.526027397260274,1.0
C-001480562,S-0111,-34.2356329972777,0,2,女性,48,6,12,0.3333333333333333,0,0,19,4489501.980758176,6.397260273972603,4.0
C-001060333,S-0099,-90.56033578174187,1,2,女性,51,8,12,0.25,0,0,13,4464126.154078853,8.147945205479452,5.0
C-002552742,S-0100,-44.79171172730025,0,2,男性,55,1,12,0.0833333333333333,14087,1,17,4535925.154217558,4.720547945205479,2.0
C-002001716,S-0007,-100.0,1,2,男性,41,4,12,0.4166666666666667,0,0,21,4487075.727367008,3.7260273972602738,1.0
C-001793101,S-0111,-22.856097574546933,0,2,女性,45,5,12,0.4166666666666667,13731,1,19,4489501.980758176,6.397260273972603,4.0
C-001460236,S-0099,-18.844673997488155,0,2,男性,59,6,12,0.3333333333333333,4106,1,13,4464126.154078853,8.147945205479452,5.0
C-001899916,S-0131,-100.0,1,2,女性,66,4,12,0.4166666666666667,0,0,17,4569023.5643747775,5.13972602739726,2.0
C-000229132,S-0050,-78.14294472700269,1,2,女性,43,11,12,0.0833333333333333,1202,1,20,4615411.181286601,9.2013698630137,6.0
C-001582377,S-0040,-39.86998197314867,0,2,女性,37,5,12,0.25,0,0,20,4550116.0180538,8.163013698630138,4.0
C-000370146,S-0030,-54.50995825327376,1,2,男性,56,11,12,0.9166666666666666,2836,1,22,4426478.045479023,9.236986301369862,5.5
C-002528981,S-0007,-53.961373998716354,1,2,男性,60,1,12,0.25,2356,2,21,4487075.727367008,3.7260273972602738,1.0
C-000817051,S-0059,-100.0,1,2,女性,66,9,12,0.75,30737,2,14,4713188.969095345,6.8123287671232875,3.0
C-002152197,S-0039,-81.82150573375436,1,2,女性,32,3,12,0.6666666666666666,0,0,16,4591288.568998441,8.193150684931506,5.0
C-000267622,S-0131,-84.22295157482583,1,2,女性,47,11,12,0.25,0,0,17,4569023.5643747775,5.13972602739726,2.0
C-001377342,S-0054,-40.885616486811536,0,2,女性,57,6,12,0.3333333333333333,0,0,23,4489160.181517739,6.358904109589041,4.0
C-000357807,S-0096,-15.336309650793403,0,2,女性,45,11,12,0.4166666666666667,0,0,16,4644856.458098179,8.302739726027397,5.0
C-001210569,S-0085,-21.98128723697482,0,2,女性,55,7,12,0.8333333333333334,0,0,15,4606655.398026554,4.928767123287671,2.0
C-002468735,S-0099,-100.0,1,2,男性,37,2,12,0.5833333333333334,0,0,13,4464126.154078853,8.147945205479452,5.0
C-000220684,S-0085,-35.266517309887135,0,2,女性,48,12,12,0.4166666666666667,1062,1,15,4606655.398026554,4.928767123287671,2.0
C-002012651,S-0126,-33.3527359829815,0,2,女性,33,4,12,0.5833333333333334,65547,1,17,4493168.352495564,5.53972602739726,3.0
C-000183390,S-0085,-57.587498385638646,1,2,男性,58,12,12,0.25,0,0,15,4606655.398026554,4.928767123287671,2.0
C-000627140,S-0075,-6.205101663101551,0,2,女性,42,10,12,1.0,0,0,19,4506647.2743158825,4.526027397260274,1.0
C-000542184,S-0005,-37.94170578657196,0,2,男性,32,10,12,0.6666666666666666,6251,1,21,4733942.970761149,4.69041095890411,2.0
C-000202580,S-0079,-100.0,1,2,男性,34,12,12,0.25,0,0,13,4256656.371085242,8.479452054794521,6.0
C-000270041,S-0131,-18.508368575005626,0,2,女性,31,11,12,0.0833333333333333,29031,2,17,4569023.5643747775,5.13972602739726,2.0
C-000453608,S-0036,-35.51718619079449,0,2,女性,53,10,12,0.75,0,0,19,4397834.424680548,11.123287671232877,9.0
C-000801370,S-0085,-31.10682719559268,0,2,女性,41,9,12,0.25,8642,1,15,4606655.398026554,4.928767123287671,2.0
C-000363518,S-0075,-72.33954408459603,1,2,男性,46,11,12,0.0833333333333333,27580,2,19,4506647.2743158825,4.526027397260274,1.0
C-000290775,S-0089,-43.95533364553172,0,2,男性,41,11,12,0.5833333333333334,0,0,19,4721110.949352573,10.142465753424657,7.0
C-001905142,S-0039,-29.860759920434237,0,2,女性,58,4,12,0.5,26971,1,16,4591288.568998441,8.193150684931506,5.0
C-001594373,S-0050,-21.943194505531686,0,2,女性,42,5,12,0.75,0,0,20,4615411.181286601,9.2013698630137,6.0
C-001465763,S-0115,-8.89156947115264,0,2,女性,41,6,12,0.8333333333333334,0,0,14,4553643.099564746,10.51095890410959,7.0
C-000875858,S-0050,-41.31980994364608,0,2,男性,57,9,12,0.5,6440,1,20,4615411.181286601,9.2013698630137,6.0
C-000291933,S-0111,-63.4566113853937,1,2,男性,58,11,12,0.5833333333333334,0,0,19,4489501.980758176,6.397260273972603,4.0
C-002577882,S-0017,-100.0,1,2,女性,55,1,12,0.0,0,0,20,4640207.03550726,5.608219178082192,2.5
C-001151885,S-0050,-100.0,1,2,女性,40,7,12,0.25,0,0,20,4615411.181286601,9.2013698630137,6.0
C-001624584,S-0059,-28.243928503019365,0,2,女性,38,5,12,0.1666666666666666,0,0,14,4713188.969095345,6.8123287671232875,3.0
C-000673202,S-0054,-77.10507250294661,1,2,男性,49,10,12,0.5,0,0,23,4489160.181517739,6.358904109589041,4.0
C-001767159,S-0050,-100.0,1,2,男性,61,5,12,0.4166666666666667,0,0,20,4615411.181286601,9.2013698630137,6.0
C-001721524,S-0002,-100.0,1,2,男性,53,5,12,0.3333333333333333,0,0,15,4455566.655169959,5.663013698630137,2.0
C-001921290,S-0111,-100.0,1,2,男性,67,4,12,0.5,839,1,19,4489501.980758176,6.397260273972603,4.0
C-000285447,S-0063,-38.745433074558655,0,2,女性,35,11,12,0.1666666666666666,0,0,18,4564012.176421695,5.749315068493151,3.0
C-000374564,S-0019,-2.7871298569635163,0,2,男性,67,11,12,0.25,0,0,19,4327199.920883598,4.090410958904109,1.0
C-001625341,S-0019,-5.98071488915431,0,2,女性,45,5,12,0.5,0,0,19,4327199.920883598,4.090410958904109,1.0
C-000215258,S-0082,-52.01437973862393,1,2,男性,58,12,12,0.0833333333333333,4359,2,17,4607261.71451126,4.758904109589041,2.0
C-000361548,S-0085,-14.738495278760997,0,2,男性,47,11,12,0.0833333333333333,6407,2,15,4606655.398026554,4.928767123287671,2.0
C-001352990,S-0005,-15.977533081585376,0,2,男性,61,6,12,1.0,0,0,21,4733942.970761149,4.69041095890411,2.0
C-000879849,S-0082,-31.85256559347,0,2,男性,30,9,12,0.75,0,0,17,4607261.71451126,4.758904109589041,2.0
C-000379616,S-0041,-9.390196859605522,0,2,女性,71,11,12,0.5,0,0,17,4828489.286769263,10.389041095890411,7.0
C-002638490,S-0089,-10.956537392594806,0,2,女性,48,1,12,0.1666666666666666,0,0,19,4721110.949352573,10.142465753424657,7.0
C-002545841,S-0040,-3.8587305200852664,0,2,女性,44,1,12,1.0,5636,1,20,4550116.0180538,8.163013698630138,4.0
C-001897690,S-0085,-66.11134144962497,1,2,女性,49,4,12,0.4166666666666667,0,0,15,4606655.398026554,4.928767123287671,2.0
C-001117273,S-0048,-33.07497591899823,0,2,男性,57,8,12,0.25,4830,1,15,4502249.082895545,3.671232876712329,1.0
C-001383395,S-0075,-8.790063848035324,0,2,女性,49,6,12,0.6666666666666666,0,0,19,4506647.2743158825,4.526027397260274,1.0
C-001437772,S-0089,-41.72856508001621,0,2,女性,42,6,12,0.6666666666666666,0,0,19,4721110.949352573,10.142465753424657,7.0
C-001021389,S-0017,-61.852681719183344,1,2,女性,62,8,12,0.25,0,0,20,4640207.03550726,5.608219178082192,2.5
C-000322201,S-0121,-63.861734711839745,1,2,男性,46,11,12,0.0833333333333333,0,0,14,4716268.25678644,9.856164383561644,7.0
C-000799431,S-0019,-3.217542145049047,0,2,女性,27,9,12,0.5,0,0,19,4327199.920883598,4.090410958904109,1.0
C-000416818,S-0096,-100.0,1,2,男性,31,11,12,0.5833333333333334,39900,1,16,4644856.458098179,8.302739726027397,5.0
C-001410022,S-0089,-17.24618907967958,0,2,男性,34,6,12,0.4166666666666667,0,0,19,4721110.949352573,10.142465753424657,7.0
C-000925698,S-0054,-100.0,1,2,男性,60,8,12,0.5833333333333334,20123,1,23,4489160.181517739,6.358904109589041,4.0
C-001125027,S-0085,-44.72986392256572,0,2,男性,52,8,12,0.1666666666666666,7841,1,15,4606655.398026554,4.928767123287671,2.0
C-001252766,S-0019,-2.049699747725562,0,2,男性,41,7,12,1.0,0,0,19,4327199.920883598,4.090410958904109,1.0
C-002501919,S-0048,-100.0,1,2,女性,60,1,12,0.0833333333333333,0,0,15,4502249.082895545,3.671232876712329,1.0
C-000190121,S-0072,-37.52301465638205,0,2,男性,55,12,12,0.6666666666666666,2003,2,12,4406797.312641796,9.01917808219178,6.0
C-002439301,S-0059,-36.5093382356063,0,2,女性,49,2,12,0.6666666666666666,7814,1,14,4713188.969095345,6.8123287671232875,3.0
C-000838125,S-0100,-14.743447468775853,0,2,女性,58,9,12,0.8333333333333334,0,0,17,4535925.154217558,4.720547945205479,2.0
C-001777635,S-0063,-43.14548862007797,0,2,女性,60,5,12,0.4166666666666667,13401,1,18,4564012.176421695,5.749315068493151,3.0
C-002163726,S-0075,-100.0,1,2,女性,20,3,12,0.5,52195,1,19,4506647.2743158825,4.526027397260274,1.0
C-000319740,S-0062,-43.67104055043526,0,2,女性,46,11,12,0.4166666666666667,0,0,15,4713869.782113416,4.575342465753424,1.0
C-000044371,S-0039,-15.313721395112928,0,2,男性,57,12,12,0.5833333333333334,0,0,16,4591288.568998441,8.193150684931506,5.0
C-001996420,S-0085,-35.15405988737007,0,2,女性,27,4,12,0.1666666666666666,0,0,15,4606655.398026554,4.928767123287671,2.0
C-000369662,S-0126,-35.20569827428182,0,2,男性,46,11,12,0.5833333333333334,0,0,17,4493168.352495564,5.53972602739726,3.0
C-002463880,S-0126,-18.508628648533485,0,2,男性,28,2,12,0.75,0,0,17,4493168.352495564,5.53972602739726,3.0
C-000217222,S-0005,-22.583505160652468,0,2,女性,50,12,12,0.5833333333333334,71603,1,21,4733942.970761149,4.69041095890411,2.0
C-001750545,S-0131,-34.98434062967152,0,2,女性,38,5,12,0.3333333333333333,0,0,17,4569023.5643747775,5.13972602739726,2.0
C-001510760,S-0085,-13.548954801047344,0,2,男性,22,6,12,0.4166666666666667,0,0,15,4606655.398026554,4.928767123287671,2.0
C-001167677,S-0048,-92.58688609239533,1,2,男性,70,7,12,0.0833333333333333,21895,1,15,4502249.082895545,3.671232876712329,1.0
C-000201768,S-0062,-19.011007259097596,0,2,女性,66,12,12,0.4166666666666667,12192,1,15,4713869.782113416,4.575342465753424,1.0
C-000757175,S-0063,-15.56662015756434,0,2,女性,26,9,12,0.25,0,0,18,4564012.176421695,5.749315068493151,3.0
C-001091197,S-0115,-11.179441842795804,0,2,女性,46,8,12,0.0833333333333333,3388,2,14,4553643.099564746,10.51095890410959,7.0
C-002427782,S-0036,-100.0,1,2,男性,49,2,12,0.5,0,0,19,4397834.424680548,11.123287671232877,9.0
C-002077714,S-0005,-10.6001095106083,0,2,女性,45,3,12,0.75,0,0,21,4733942.970761149,4.69041095890411,2.0
C-000854760,S-0131,-72.07276577313634,1,2,女性,60,9,12,0.0833333333333333,0,0,17,4569023.5643747775,5.13972602739726,2.0
C-000326914,S-0007,-35.09556145163466,0,2,男性,41,11,12,0.4166666666666667,77452,2,21,4487075.727367008,3.7260273972602738,1.0
C-001408041,S-0111,-89.29418552471311,1,2,男性,41,6,12,0.0833333333333333,12116,2,19,4489501.980758176,6.397260273972603,4.0
C-000475873,S-0131,-61.481528091301655,1,2,女性,46,10,12,0.1666666666666666,30308,1,17,4569023.5643747775,5.13972602739726,2.0
C-000970836,S-0075,-90.9760194820569,1,2,女性,41,8,12,0.5,10119,1,19,4506647.2743158825,4.526027397260274,1.0
C-002398600,S-0019,-12.507573393063689,0,2,男性,69,2,12,0.6666666666666666,0,0,19,4327199.920883598,4.090410958904109,1.0
C-000386140,S-0089,-53.705999733936416,1,2,女性,41,11,12,0.5,7162,1,19,4721110.949352573,10.142465753424657,7.0
C-000916134,S-0063,-28.728040767064506,0,2,男性,52,8,12,0.5,14291,1,18,4564012.176421695,5.749315068493151,3.0
C-001310063,S-0019,-26.95028021698085,0,2,女性,37,7,12,0.9166666666666666,1589,1,19,4327199.920883598,4.090410958904109,1.0
C-000158722,S-0050,-20.202582676005783,0,2,男性,43,12,12,0.8333333333333334,25940,1,20,4615411.181286601,9.2013698630137,6.0
C-001295431,S-0085,-6.25887811506037,0,2,女性,59,7,12,0.75,0,0,15,4606655.398026554,4.928767123287671,2.0
C-002165592,S-0030,-56.87239210313258,1,2,男性,25,3,12,0.6666666666666666,12362,1,22,4426478.045479023,9.236986301369862,5.5
C-000980492,S-0063,-19.704736211031175,0,2,女性,57,8,12,0.5,44580,2,18,4564012.176421695,5.749315068493151,3.0
C-000478146,S-0002,-46.48446611331403,0,2,女性,46,10,12,0.3333333333333333,0,0,15,4455566.655169959,5.663013698630137,2.0
C-002104333,S-0039,-39.286241026192954,0,2,男性,56,3,12,0.1666666666666666,15399,2,16,4591288.568998441,8.193150684931506,5.0
C-001401111,S-0030,-25.64195037507213,0,2,女性,28,6,12,0.5833333333333334,57123,1,22,4426478.045479023,9.236986301369862,5.5
C-002514213,S-0019,-19.105518612991908,0,2,女性,50,1,12,0.0833333333333333,0,0,19,4327199.920883598,4.090410958904109,1.0
C-002227568,S-0131,-18.31454544472472,0,2,女性,40,3,12,0.3333333333333333,0,0,17,4569023.5643747775,5.13972602739726,2.0
C-001695178,S-0054,-58.88818291306698,1,2,男性,49,5,12,0.4166666666666667,24001,2,23,4489160.181517739,6.358904109589041,4.0
C-002016754,S-0115,-13.572502006730893,0,2,女性,60,4,12,0.5,29541,1,14,4553643.099564746,10.51095890410959,7.0
C-001351708,S-0082,-81.47742633144092,1,2,女性,55,6,12,0.5833333333333334,0,0,17,4607261.71451126,4.758904109589041,2.0
C-002127450,S-0075,-100.0,1,2,男性,47,3,12,0.25,2075,1,19,4506647.2743158825,4.526027397260274,1.0
C-000304662,S-0007,-39.45204832924297,0,2,男性,29,11,12,0.4166666666666667,0,0,21,4487075.727367008,3.7260273972602738,1.0
C-001404559,S-0131,-11.14374974814048,0,2,男性,56,6,12,0.0,0,0,17,4569023.5643747775,5.13972602739726,2.0
C-000794247,S-0121,-24.315807244283544,0,2,女性,50,9,12,0.4166666666666667,1230,1,14,4716268.25678644,9.856164383561644,7.0
C-000025894,S-0089,-15.467576064368307,0,2,男性,38,12,12,0.75,0,0,19,4721110.949352573,10.142465753424657,7.0
C-001774319,S-0002,-40.45509072891329,0,2,女性,49,5,12,0.25,0,0,15,4455566.655169959,5.663013698630137,2.0
C-001313151,S-0017,-78.48257795039021,1,2,女性,63,7,12,0.1666666666666666,0,0,20,4640207.03550726,5.608219178082192,2.5
C-001282874,S-0005,-26.80843073745482,0,2,女性,55,7,12,0.5,0,0,21,4733942.970761149,4.69041095890411,2.0
C-000950124,S-0007,-16.404287965211886,0,2,男性,36,8,12,0.25,0,0,21,4487075.727367008,3.7260273972602738,1.0
C-000823089,S-0100,-10.919618815213733,0,2,女性,48,9,12,0.5833333333333334,0,0,17,4535925.154217558,4.720547945205479,2.0
C-002064796,S-0054,-35.87664852471883,0,2,女性,32,3,12,0.5,0,0,23,4489160.181517739,6.358904109589041,4.0
C-000227902,S-0017,-16.06866037131041,0,2,男性,51,11,12,0.5833333333333334,0,0,20,4640207.03550726,5.608219178082192,2.5
C-000909979,S-0050,-88.58828443145035,1,2,女性,34,8,12,0.4166666666666667,0,0,20,4615411.181286601,9.2013698630137,6.0
C-002215918,S-0019,-23.115409413281753,0,2,女性,55,3,12,0.5,0,0,19,4327199.920883598,4.090410958904109,1.0
C-000590098,S-0054,-28.128726290943362,0,2,男性,41,10,12,0.3333333333333333,24457,1,23,4489160.181517739,6.358904109589041,4.0
C-002143338,S-0056,-9.4573137482589,0,2,女性,48,3,12,0.3333333333333333,79408,1,15,4406070.585753419,7.528767123287671,4.0
C-000322846,S-0131,-86.19040228019924,1,2,女性,59,11,12,0.5833333333333334,0,0,17,4569023.5643747775,5.13972602739726,2.0
C-000507860,S-0085,-13.256819904016165,0,2,女性,44,10,12,0.6666666666666666,0,0,15,4606655.398026554,4.928767123287671,2.0
C-001283311,S-0126,-9.92093488445544,0,2,女性,57,7,12,0.4166666666666667,0,0,17,4493168.352495564,5.53972602739726,3.0
C-001860350,S-0085,-28.836002006481255,0,2,女性,35,4,12,0.0833333333333333,0,0,15,4606655.398026554,4.928767123287671,2.0
C-000442632,S-0075,-14.694976322362924,0,2,男性,43,11,12,0.4166666666666667,0,0,19,4506647.2743158825,4.526027397260274,1.0
C-000505764,S-0020,-100.0,1,2,男性,35,10,12,0.75,0,0,16,4280702.057267675,6.986301369863014,3.5
C-001295436,S-0085,-34.57287301526277,0,2,女性,46,7,12,0.25,25115,1,15,4606655.398026554,4.928767123287671,2.0
C-002318009,S-0079,-100.0,1,2,女性,25,2,12,0.0,0,0,13,4256656.371085242,8.479452054794521,6.0
C-000725442,S-0039,-11.938428915580237,0,2,女性,49,9,12,0.1666666666666666,0,0,16,4591288.568998441,8.193150684931506,5.0
C-002282414,S-0017,-73.86003861003861,1,2,女性,49,2,12,0.5833333333333334,9262,1,20,4640207.03550726,5.608219178082192,2.5
C-001806161,S-0085,-10.080824550165959,0,2,男性,46,4,12,0.5,3567,2,15,4606655.398026554,4.928767123287671,2.0
C-002036461,S-0111,-100.0,1,2,女性,55,3,12,0.25,0,0,19,4489501.980758176,6.397260273972603,4.0
C-000186930,S-0054,-50.8731909331423,1,2,女性,42,12,12,0.5833333333333334,0,0,23,4489160.181517739,6.358904109589041,4.0
C-002418593,S-0039,-100.0,1,2,男性,50,2,12,0.25,0,0,16,4591288.568998441,8.193150684931506,5.0
C-000392392,S-0072,-95.11289823693164,1,2,男性,55,11,12,0.25,0,0,12,4406797.312641796,9.01917808219178,6.0
C-001559757,S-0117,-3.5797337557895546,0,2,男性,36,6,12,0.4166666666666667,0,0,20,4500859.737076383,9.593150684931507,7.0
C-000456049,S-0040,-25.901662550922506,0,2,男性,34,10,12,0.1666666666666666,0,0,20,4550116.0180538,8.163013698630138,4.0
C-001863783,S-0020,-35.45205887278343,0,2,女性,49,4,12,0.0833333333333333,14644,1,16,4280702.057267675,6.986301369863014,3.5
C-001276962,S-0131,-22.3115483290172,0,2,女性,54,7,12,0.5,0,0,17,4569023.5643747775,5.13972602739726,2.0
C-001039389,S-0041,-67.58090860471503,1,2,男性,43,8,12,0.25,0,0,17,4828489.286769263,10.389041095890411,7.0
C-000042369,S-0075,-100.0,1,2,女性,35,12,12,0.1666666666666666,0,0,19,4506647.2743158825,4.526027397260274,1.0
C-001692376,S-0005,-15.311777559616177,0,2,女性,36,5,12,0.5,0,0,21,4733942.970761149,4.69041095890411,2.0
C-000783530,S-0054,-34.09176203545865,0,2,女性,50,9,12,0.6666666666666666,9399,1,23,4489160.181517739,6.358904109589041,4.0
C-000402111,S-0085,-7.323138974073283,0,2,女性,60,11,12,0.75,0,0,15,4606655.398026554,4.928767123287671,2.0
C-001806943,S-0059,-76.29357147605647,1,2,男性,42,4,12,0.1666666666666666,0,0,14,4713188.969095345,6.8123287671232875,3.0
C-000978518,S-0079,-18.261209686022116,0,2,女性,34,8,12,0.4166666666666667,18680,1,13,4256656.371085242,8.479452054794521,6.0
C-000130444,S-0089,-57.83856008802955,1,2,女性,48,12,12,0.5833333333333334,5268,1,19,4721110.949352573,10.142465753424657,7.0
C-001128151,S-0041,-32.49511248873087,0,2,女性,57,7,12,0.6666666666666666,0,0,17,4828489.286769263,10.389041095890411,7.0
C-000632885,S-0085,-64.79795306158461,1,2,女性,19,10,12,0.5,0,0,15,4606655.398026554,4.928767123287671,2.0
C-001264720,S-0056,-43.48080583917828,0,2,男性,68,7,12,0.5833333333333334,0,0,15,4406070.585753419,7.528767123287671,4.0
C-001261132,S-0054,-42.21852487333692,0,2,男性,31,7,12,0.4166666666666667,23542,1,23,4489160.181517739,6.358904109589041,4.0
C-002366303,S-0089,-46.70897245742823,0,2,男性,31,2,12,0.1666666666666666,8425,1,19,4721110.949352573,10.142465753424657,7.0
C-001286502,S-0007,-44.45394785073679,0,2,男性,43,7,12,0.4166666666666667,2529,2,21,4487075.727367008,3.7260273972602738,1.0
C-002309559,S-0054,-28.836330912455484,0,2,男性,51,2,12,0.3333333333333333,4302,1,23,4489160.181517739,6.358904109589041,4.0
C-000294228,S-0121,-100.0,1,2,女性,44,11,12,0.3333333333333333,21176,2,14,4716268.25678644,9.856164383561644,7.0
C-002008812,S-0012,-98.35312992297209,1,2,男性,52,4,12,0.1666666666666666,0,0,16,4444678.825084195,7.994520547945205,5.0
C-000635694,S-0019,-4.436203499826168,0,2,女性,52,10,12,0.3333333333333333,0,0,19,4327199.920883598,4.090410958904109,1.0
C-000548045,S-0019,-18.868599086958913,0,2,女性,63,10,12,0.9166666666666666,0,0,19,4327199.920883598,4.090410958904109,1.0
C-000687700,S-0062,-34.48718190564223,0,2,女性,41,9,12,0.1666666666666666,4123,1,15,4713869.782113416,4.575342465753424,1.0
C-001266259,S-0072,-29.638431768675655,0,2,男性,40,7,12,0.1666666666666666,2576,1,12,4406797.312641796,9.01917808219178,6.0
C-000890180,S-0080,-7.068595368421829,0,2,男性,47,9,12,0.25,0,0,17,4457429.264950683,11.673972602739726,9.0
C-002175294,S-0131,-21.741527972729095,0,2,女性,46,3,12,0.5,0,0,17,4569023.5643747775,5.13972602739726,2.0
C-001161342,S-0039,-100.0,1,2,女性,32,7,12,0.5,11033,1,16,4591288.568998441,8.193150684931506,5.0
C-000612029,S-0005,-29.996146435452793,0,2,女性,54,10,12,0.4166666666666667,0,0,21,4733942.970761149,4.69041095890411,2.0
C-001645805,S-0005,-14.543827163660051,0,2,女性,40,5,12,0.5,0,0,21,4733942.970761149,4.69041095890411,2.0
C-002657471,S-0117,-12.61771769753045,0,2,男性,36,1,12,0.4166666666666667,59617,1,20,4500859.737076383,9.593150684931507,7.0
C-000388201,S-0040,-100.0,1,2,女性,34,11,12,0.4166666666666667,13690,1,20,4550116.0180538,8.163013698630138,4.0
C-002443203,S-0020,-74.96334093355597,1,2,女性,53,2,12,0.5,52688,1,16,4280702.057267675,6.986301369863014,3.5
C-001076037,S-0079,-10.421883847039554,0,2,女性,48,8,12,0.5833333333333334,0,0,13,4256656.371085242,8.479452054794521,6.0
C-001245519,S-0014,-100.0,1,2,女性,45,7,12,0.25,0,0,21,4730192.353344672,7.336986301369863,4.0
C-002250812,S-0056,-61.648315571493505,1,2,男性,22,2,12,0.75,10550,1,15,4406070.585753419,7.528767123287671,4.0
C-000666260,S-0082,-100.0,1,2,女性,23,10,12,0.6666666666666666,0,0,17,4607261.71451126,4.758904109589041,2.0
C-000757014,S-0072,-100.0,1,2,男性,55,9,12,0.1666666666666666,0,0,12,4406797.312641796,9.01917808219178,6.0
C-001335497,S-0040,-77.41761695250068,1,2,男性,53,7,12,0.0833333333333333,10455,2,20,4550116.0180538,8.163013698630138,4.0
C-000003645,S-0039,-55.10584582347906,1,2,男性,55,12,12,0.3333333333333333,1826,1,16,4591288.568998441,8.193150684931506,5.0
C-001377217,S-0079,-47.06659057052758,0,2,女性,46,6,12,0.0,28569,2,13,4256656.371085242,8.479452054794521,6.0
C-000480992,S-0059,-100.0,1,2,女性,40,10,12,0.75,12216,1,14,4713188.969095345,6.8123287671232875,3.0
C-000087573,S-0059,-100.0,1,2,男性,43,12,12,0.4166666666666667,0,0,14,4713188.969095345,6.8123287671232875,3.0
C-002231435,S-0039,-43.64634089453753,0,2,男性,41,3,12,0.0833333333333333,16788,1,16,4591288.568998441,8.193150684931506,5.0
C-001460891,S-0113,-100.0,1,2,男性,44,6,12,0.4166666666666667,17541,1,16,4336633.961311346,5.77945205479452,2.5
C-002440257,S-0082,-30.286354116988406,0,2,女性,54,2,12,0.4166666666666667,0,0,17,4607261.71451126,4.758904109589041,2.0
C-001428107,S-0100,-32.21400458457679,0,2,女性,50,6,12,0.0833333333333333,0,0,17,4535925.154217558,4.720547945205479,2.0
C-001048741,S-0089,-39.806069272145365,0,2,女性,64,8,12,0.5833333333333334,0,0,19,4721110.949352573,10.142465753424657,7.0
C-001043898,S-0056,-82.84412866463833,1,2,女性,68,8,12,0.0833333333333333,1599,1,15,4406070.585753419,7.528767123287671,4.0
C-001672089,S-0075,-30.900875257952038,0,2,女性,49,5,12,0.5833333333333334,23000,1,19,4506647.2743158825,4.526027397260274,1.0
C-002279168,S-0002,-10.391712909488875,0,2,男性,42,2,12,0.1666666666666666,6094,1,15,4455566.655169959,5.663013698630137,2.0
C-001900128,S-0085,-18.686434008579837,0,2,女性,29,4,12,1.0,7937,1,15,4606655.398026554,4.928767123287671,2.0
C-001489789,S-0040,-58.194313328096015,1,2,男性,51,6,12,0.8333333333333334,0,0,20,4550116.0180538,8.163013698630138,4.0
C-001031357,S-0074,-18.82501352718926,0,2,男性,69,8,12,0.0833333333333333,0,0,14,4614054.39694187,8.308219178082192,6.0
C-000741308,S-0089,-53.52295965792898,1,2,男性,67,9,12,0.4166666666666667,0,0,19,4721110.949352573,10.142465753424657,7.0
C-000132510,S-0017,-22.046101202040585,0,2,女性,51,12,12,0.1666666666666666,56411,2,20,4640207.03550726,5.608219178082192,2.5
C-000634406,S-0111,-19.630235834080814,0,2,女性,47,10,12,0.1666666666666666,6446,2,19,4489501.980758176,6.397260273972603,4.0
C-001342196,S-0056,-100.0,1,2,女性,42,7,12,0.4166666666666667,0,0,15,4406070.585753419,7.528767123287671,4.0
C-000386813,S-0007,-73.01774505163678,1,2,女性,59,11,12,0.25,0,0,21,4487075.727367008,3.7260273972602738,1.0
C-002476961,S-0082,-58.184828547775695,1,2,男性,52,1,12,0.5833333333333334,8383,1,17,4607261.71451126,4.758904109589041,2.0
C-001991276,S-0036,-46.3173566764727,0,2,男性,51,4,12,0.6666666666666666,0,0,19,4397834.424680548,11.123287671232877,9.0
C-000292851,S-0096,-85.48417324162747,1,2,男性,34,11,12,0.75,0,0,16,4644856.458098179,8.302739726027397,5.0
C-001354206,S-0075,-31.465100506500814,0,2,男性,68,6,12,0.8333333333333334,0,0,19,4506647.2743158825,4.526027397260274,1.0
C-002607227,S-0117,-40.33136443637637,0,2,男性,33,1,12,0.25,0,0,20,4500859.737076383,9.593150684931507,7.0
C-001267518,S-0059,-33.741171979385385,0,2,女性,35,7,12,1.0,0,0,14,4713188.969095345,6.8123287671232875,3.0
C-001122970,S-0075,-69.84681189694618,1,2,女性,51,8,12,0.25,1068,2,19,4506647.2743158825,4.526027397260274,1.0
C-000588079,S-0085,-31.46338184384768,0,2,女性,57,10,12,0.3333333333333333,17009,1,15,4606655.398026554,4.928767123287671,2.0
C-000251575,S-0050,-26.101510465813053,0,2,男性,70,11,12,0.5,0,0,20,4615411.181286601,9.2013698630137,6.0
C-000079664,S-0075,-100.0,1,2,女性,56,12,12,1.0,39444,2,19,4506647.2743158825,4.526027397260274,1.0
C-001862251,S-0039,-30.543870701159005,0,2,女性,51,4,12,0.4166666666666667,80152,2,16,4591288.568998441,8.193150684931506,5.0
C-001601637,S-0002,-78.27358710413603,1,2,女性,50,5,12,0.0833333333333333,17963,1,15,4455566.655169959,5.663013698630137,2.0
C-000352854,S-0121,-31.670823972512224,0,2,男性,58,11,12,0.1666666666666666,0,0,14,4716268.25678644,9.856164383561644,7.0
C-002498851,S-0017,-25.931193317802386,0,2,男性,59,1,12,0.4166666666666667,35372,2,20,4640207.03550726,5.608219178082192,2.5
C-001605718,S-0054,-15.533785506917845,0,2,男性,51,5,12,0.4166666666666667,9837,1,23,4489160.181517739,6.358904109589041,4.0
C-002098192,S-0126,-26.66896958120822,0,2,女性,74,3,12,0.25,0,0,17,4493168.352495564,5.53972602739726,3.0
C-001019186,S-0102,-100.0,1,2,男性,54,8,12,0.3333333333333333,9514,1,16,4383474.364435211,10.484931506849314,7.5
C-002086405,S-0063,-19.250902327229248,0,2,女性,50,3,12,0.1666666666666666,29453,1,18,4564012.176421695,5.749315068493151,3.0
C-000313651,S-0100,-48.92208924466989,1,2,女性,21,11,12,0.4166666666666667,10794,1,17,4535925.154217558,4.720547945205479,2.0
C-001268929,S-0039,-48.38866534566806,0,2,女性,43,7,12,0.8333333333333334,0,0,16,4591288.568998441,8.193150684931506,5.0
C-000344088,S-0100,-34.26857167522769,0,2,男性,33,11,12,0.25,0,0,17,4535925.154217558,4.720547945205479,2.0
C-001885007,S-0082,-33.95468173711909,0,2,女性,52,4,12,0.5,9064,2,17,4607261.71451126,4.758904109589041,2.0
C-001946241,S-0121,-100.0,1,2,女性,59,4,12,0.25,0,0,14,4716268.25678644,9.856164383561644,7.0
C-002560962,S-0039,-16.209564344029992,0,2,女性,27,1,12,0.3333333333333333,1870,2,16,4591288.568998441,8.193150684931506,5.0
C-000434801,S-0017,-44.84294293887179,0,2,男性,58,11,12,0.6666666666666666,0,0,20,4640207.03550726,5.608219178082192,2.5
C-002561660,S-0019,-4.333437600583897,0,2,女性,47,1,12,0.6666666666666666,0,0,19,4327199.920883598,4.090410958904109,1.0
C-001286719,S-0041,-100.0,1,2,女性,48,7,12,0.75,0,0,17,4828489.286769263,10.389041095890411,7.0
C-000497022,S-0054,8.667976457732344,0,2,女性,56,10,12,0.25,0,0,23,4489160.181517739,6.358904109589041,4.0
C-001603024,S-0075,-26.483830835244632,0,2,男性,48,5,12,0.6666666666666666,3695,1,19,4506647.2743158825,4.526027397260274,1.0
C-001986958,S-0054,-87.50337624921221,1,2,女性,28,4,12,0.6666666666666666,35642,1,23,4489160.181517739,6.358904109589041,4.0
C-000946293,S-0100,-89.83328296564925,1,2,女性,47,8,12,0.75,0,0,17,4535925.154217558,4.720547945205479,2.0
C-000168042,S-0075,-40.50855376807307,0,2,男性,55,12,12,0.5,35268,2,19,4506647.2743158825,4.526027397260274,1.0
C-000847121,S-0059,-72.72403237304482,1,2,女性,48,9,12,0.25,0,0,14,4713188.969095345,6.8123287671232875,3.0
C-000392181,S-0039,-13.546171491453071,0,2,男性,26,11,12,0.5833333333333334,0,0,16,4591288.568998441,8.193150684931506,5.0
C-000621115,S-0050,-45.75206019806031,0,2,女性,67,10,12,0.5,6547,1,20,4615411.181286601,9.2013698630137,6.0
C-000852820,S-0074,-99.28874882473797,1,2,男性,36,9,12,0.6666666666666666,0,0,14,4614054.39694187,8.308219178082192,6.0
C-000937282,S-0062,-30.229456184219416,0,2,女性,54,8,12,0.5,0,0,15,4713869.782113416,4.575342465753424,1.0
C-002664176,S-0059,-33.80423980541478,0,2,男性,50,1,12,0.4166666666666667,0,0,14,4713188.969095345,6.8123287671232875,3.0
C-001033709,S-0005,-10.469865857788642,0,2,女性,42,8,12,0.4166666666666667,0,0,21,4733942.970761149,4.69041095890411,2.0
C-000861152,S-0085,-36.00772429708095,0,2,女性,36,9,12,0.0833333333333333,0,0,15,4606655.398026554,4.928767123287671,2.0
C-000693718,S-0082,-100.0,1,2,女性,49,9,12,0.5,0,0,17,4607261.71451126,4.758904109589041,2.0
C-000823803,S-0040,-61.666014225675646,1,2,女性,38,9,12,0.5,0,0,20,4550116.0180538,8.163013698630138,4.0
C-000677794,S-0111,-90.34623988603354,1,2,女性,42,9,12,0.1666666666666666,0,0,19,4489501.980758176,6.397260273972603,4.0
C-002562947,S-0063,-45.820922496134514,0,2,女性,40,1,12,0.6666666666666666,0,0,18,4564012.176421695,5.749315068493151,3.0
C-001885546,S-0019,6.179576135725844,0,2,男性,58,4,12,0.6666666666666666,10788,1,19,4327199.920883598,4.090410958904109,1.0
C-000415508,S-0097,-100.0,1,2,女性,41,11,12,0.1666666666666666,0,0,21,4592508.716501317,10.09041095890411,7.0
C-002085114,S-0085,-1.6873606000767143,0,2,男性,68,3,12,1.0,0,0,15,4606655.398026554,4.928767123287671,2.0
C-002054115,S-0039,-80.25949397474675,1,2,男性,34,3,12,0.5,10180,2,16,4591288.568998441,8.193150684931506,5.0
C-001400297,S-0111,-100.0,1,2,男性,70,6,12,0.5,60834,1,19,4489501.980758176,6.397260273972603,4.0
C-000871791,S-0019,-7.814829378745911,0,2,男性,55,9,12,0.5,0,0,19,4327199.920883598,4.090410958904109,1.0
C-002447628,S-0131,-2.65967126102493,0,2,男性,26,2,12,0.75,0,0,17,4569023.5643747775,5.13972602739726,2.0
C-000776551,S-0019,-34.509651760597535,0,2,男性,37,9,12,0.5,0,0,19,4327199.920883598,4.090410958904109,1.0
C-002215121,S-0074,-100.0,1,2,男性,65,3,12,0.0,20708,1,14,4614054.39694187,8.308219178082192,6.0
C-002419280,S-0063,-5.07669888753141,0,2,男性,33,2,12,0.5,0,0,18,4564012.176421695,5.749315068493151,3.0
C-002685075,S-0062,-97.72552434864649,1,2,女性,60,1,12,0.3333333333333333,71549,1,15,4713869.782113416,4.575342465753424,1.0
C-000756967,S-0005,-56.38530069872473,1,2,男性,47,9,12,0.6666666666666666,0,0,21,4733942.970761149,4.69041095890411,2.0
C-000243721,S-0019,-15.956836454804812,0,2,女性,57,11,12,0.5,0,0,19,4327199.920883598,4.090410958904109,1.0
C-000233318,S-0054,-37.411303583898366,0,2,男性,36,11,12,0.25,0,0,23,4489160.181517739,6.358904109589041,4.0
C-001253193,S-0041,-100.0,1,2,女性,39,7,12,0.3333333333333333,0,0,17,4828489.286769263,10.389041095890411,7.0
C-002042888,S-0017,-55.52489077347666,1,2,男性,78,3,12,0.5833333333333334,0,0,20,4640207.03550726,5.608219178082192,2.5
C-001260258,S-0004,-76.27537674873854,1,2,女性,52,7,12,0.0833333333333333,9218,1,22,4423576.351309,11.806849315068494,9.0
C-002320108,S-0121,-93.95148433797233,1,2,男性,48,2,12,0.25,0,0,14,4716268.25678644,9.856164383561644,7.0
C-001634234,S-0075,-16.364612815976333,0,2,女性,51,5,12,0.3333333333333333,1659,1,19,4506647.2743158825,4.526027397260274,1.0
C-002072406,S-0082,-100.0,1,2,男性,52,3,12,0.3333333333333333,0,0,17,4607261.71451126,4.758904109589041,2.0
C-002580025,S-0005,-19.952191709262113,0,2,男性,34,1,12,0.4166666666666667,0,0,21,4733942.970761149,4.69041095890411,2.0
C-000422072,S-0017,-39.60327449775098,0,2,女性,49,11,12,0.4166666666666667,15956,1,20,4640207.03550726,5.608219178082192,2.5
C-000219976,S-0020,-47.9276439438403,0,2,男性,57,12,12,0.5833333333333334,47406,1,16,4280702.057267675,6.986301369863014,3.5
C-001506330,S-0020,-15.735849229053752,0,2,男性,81,6,12,0.75,0,0,16,4280702.057267675,6.986301369863014,3.5
C-000051665,S-0056,-22.369041342739425,0,2,男性,36,12,12,0.5,0,0,15,4406070.585753419,7.528767123287671,4.0
C-000785907,S-0062,-24.095755294422183,0,2,男性,39,9,12,0.4166666666666667,6679,2,15,4713869.782113416,4.575342465753424,1.0
C-000710802,S-0085,-27.28388609458235,0,2,女性,41,9,12,0.4166666666666667,0,0,15,4606655.398026554,4.928767123287671,2.0
C-001804310,S-0126,-7.174236227925328,0,2,女性,37,4,12,0.5,3401,1,17,4493168.352495564,5.53972602739726,3.0
C-000665300,S-0096,-36.19386528533255,0,2,女性,55,10,12,0.25,28815,2,16,4644856.458098179,8.302739726027397,5.0
C-000586624,S-0126,-29.973659130618945,0,2,男性,68,10,12,0.5833333333333334,0,0,17,4493168.352495564,5.53972602739726,3.0
C-001098306,S-0007,-100.0,1,2,男性,51,8,12,0.3333333333333333,4729,2,21,4487075.727367008,3.7260273972602738,1.0
C-002484841,S-0082,-57.36202135113969,1,2,男性,37,1,12,1.0,0,0,17,4607261.71451126,4.758904109589041,2.0
C-002203574,S-0106,-100.0,1,2,女性,57,3,12,0.3333333333333333,6795,2,20,4462729.145118021,6.171232876712329,3.5
C-000585511,S-0054,-100.0,1,2,男性,59,10,12,0.1666666666666666,0,0,23,4489160.181517739,6.358904109589041,4.0
C-000907844,S-0126,-7.930888067319157,0,2,女性,36,8,12,0.25,19171,1,17,4493168.352495564,5.53972602739726,3.0
C-001239090,S-0085,-42.67509033081633,0,2,女性,40,7,12,0.6666666666666666,40431,1,15,4606655.398026554,4.928767123287671,2.0
C-002604927,S-0007,-73.00666759272121,1,2,男性,43,1,12,0.6666666666666666,0,0,21,4487075.727367008,3.7260273972602738,1.0
C-000370527,S-0017,-34.12732460691196,0,2,男性,30,11,12,0.8333333333333334,19913,1,20,4640207.03550726,5.608219178082192,2.5
C-000658816,S-0121,-28.756079050630113,0,2,男性,31,10,12,0.1666666666666666,0,0,14,4716268.25678644,9.856164383561644,7.0
C-002670822,S-0131,-20.125446425499412,0,2,男性,46,1,12,0.5,0,0,17,4569023.5643747775,5.13972602739726,2.0
C-000841703,S-0082,-75.3163056953256,1,2,男性,58,9,12,0.1666666666666666,36156,2,17,4607261.71451126,4.758904109589041,2.0
C-002081888,S-0007,-100.0,1,2,女性,53,3,12,0.0833333333333333,0,0,21,4487075.727367008,3.7260273972602738,1.0
C-002417119,S-0019,-10.80248229066328,0,2,女性,37,2,12,0.6666666666666666,0,0,19,4327199.920883598,4.090410958904109,1.0
C-002284149,S-0019,-20.583749068180516,0,2,男性,20,2,12,0.5833333333333334,0,0,19,4327199.920883598,4.090410958904109,1.0
C-001052347,S-0089,-100.0,1,2,女性,48,8,12,0.3333333333333333,3621,1,19,4721110.949352573,10.142465753424657,7.0
C-001632891,S-0096,-94.37865031469627,1,2,女性,53,5,12,0.5833333333333334,62004,2,16,4644856.458098179,8.302739726027397,5.0
C-001583842,S-0063,-59.64841662560465,1,2,男性,76,5,12,0.3333333333333333,0,0,18,4564012.176421695,5.749315068493151,3.0
C-001263383,S-0050,-8.678434308067514,0,2,男性,56,7,12,0.8333333333333334,0,0,20,4615411.181286601,9.2013698630137,6.0
C-002634818,S-0075,-38.06132552800235,0,2,男性,32,1,12,0.5833333333333334,0,0,19,4506647.2743158825,4.526027397260274,1.0
C-001767786,S-0082,-32.35698532414845,0,2,女性,52,5,12,0.0833333333333333,2118,1,17,4607261.71451126,4.758904109589041,2.0
C-001392742,S-0002,-43.245288778930366,0,2,男性,53,6,12,0.75,0,0,15,4455566.655169959,5.663013698630137,2.0
C-002594276,S-0036,-100.0,1,2,女性,41,1,12,0.1666666666666666,0,0,19,4397834.424680548,11.123287671232877,9.0
C-001757748,S-0008,-87.07384891713585,1,2,女性,45,5,12,0.25,11860,1,22,4498453.308937302,10.772602739726027,7.0
C-001784810,S-0041,-22.911155121727283,0,2,男性,56,5,12,0.4166666666666667,0,0,17,4828489.286769263,10.389041095890411,7.0
C-001707004,S-0005,-17.58657331334173,0,2,女性,33,5,12,0.9166666666666666,0,0,21,4733942.970761149,4.69041095890411,2.0
C-001670939,S-0020,-100.0,1,2,男性,49,5,12,0.5833333333333334,0,0,16,4280702.057267675,6.986301369863014,3.5
C-001753795,S-0017,-75.45466144529831,1,2,男性,45,5,12,0.5,0,0,20,4640207.03550726,5.608219178082192,2.5
C-000467946,S-0002,-87.23606921733608,1,2,男性,56,10,12,0.5,0,0,15,4455566.655169959,5.663013698630137,2.0
C-001179215,S-0075,-22.499292808649738,0,2,女性,46,7,12,0.5,0,0,19,4506647.2743158825,4.526027397260274,1.0
C-001099021,S-0131,-27.408627461904896,0,2,女性,69,8,12,0.0833333333333333,0,0,17,4569023.5643747775,5.13972602739726,2.0
C-002488786,S-0089,-48.04429722341366,0,2,女性,40,1,12,0.25,88560,2,19,4721110.949352573,10.142465753424657,7.0
C-000460297,S-0040,-100.0,1,2,女性,54,10,12,0.0833333333333333,0,0,20,4550116.0180538,8.163013698630138,4.0
C-002674164,S-0048,-24.20618384264553,0,2,男性,45,1,12,0.3333333333333333,16382,1,15,4502249.082895545,3.671232876712329,1.0
C-000182325,S-0059,-59.94668182575542,1,2,女性,23,12,12,0.4166666666666667,28338,1,14,4713188.969095345,6.8123287671232875,3.0
C-002457489,S-0020,-100.0,1,2,女性,58,2,12,0.0,4212,1,16,4280702.057267675,6.986301369863014,3.5
C-000985835,S-0007,-100.0,1,2,女性,32,8,12,0.6666666666666666,0,0,21,4487075.727367008,3.7260273972602738,1.0
C-000030694,S-0050,-100.0,1,2,男性,58,12,12,0.5833333333333334,15169,1,20,4615411.181286601,9.2013698630137,6.0
C-002415051,S-0085,-7.849010759791077,0,2,男性,55,2,12,0.25,29047,1,15,4606655.398026554,4.928767123287671,2.0
C-000986190,S-0005,-3.6965810663367002,0,2,男性,75,8,12,0.6666666666666666,0,0,21,4733942.970761149,4.69041095890411,2.0
C-000965090,S-0017,-100.0,1,2,女性,54,8,12,0.25,0,0,20,4640207.03550726,5.608219178082192,2.5
C-002167501,S-0062,-32.171611616879794,0,2,女性,57,3,12,0.25,0,0,15,4713869.782113416,4.575342465753424,1.0
C-001796194,S-0007,-21.016500212709925,0,2,男性,55,5,12,0.3333333333333333,6289,1,21,4487075.727367008,3.7260273972602738,1.0
C-002673307,S-0017,-5.446391171385109,0,2,男性,23,1,12,0.8333333333333334,0,0,20,4640207.03550726,5.608219178082192,2.5
C-000964351,S-0126,-31.09141175022106,0,2,男性,63,8,12,0.4166666666666667,6286,2,17,4493168.352495564,5.53972602739726,3.0
C-001214990,S-0019,-34.03170872109757,0,2,男性,39,7,12,0.5833333333333334,23964,1,19,4327199.920883598,4.090410958904109,1.0
C-000810958,S-0039,-8.953841736742818,0,2,女性,42,9,12,0.5833333333333334,0,0,16,4591288.568998441,8.193150684931506,5.0
C-002137953,S-0050,-100.0,1,2,男性,46,3,12,0.25,0,0,20,4615411.181286601,9.2013698630137,6.0
C-001197220,S-0082,-83.47630339522024,1,2,女性,53,7,12,0.6666666666666666,0,0,17,4607261.71451126,4.758904109589041,2.0
C-000402074,S-0018,-100.0,1,2,男性,65,11,12,0.4166666666666667,14730,1,16,4493108.581950108,7.550684931506849,5.0
C-002152513,S-0089,-51.169908437490385,1,2,男性,45,3,12,0.3333333333333333,3953,1,19,4721110.949352573,10.142465753424657,7.0
C-002689493,S-0040,-24.237469966650558,0,2,男性,48,1,12,0.3333333333333333,5754,2,20,4550116.0180538,8.163013698630138,4.0
C-000830437,S-0030,-98.17210348706412,1,2,女性,33,9,12,0.0833333333333333,0,0,22,4426478.045479023,9.236986301369862,5.5
C-000837516,S-0126,-23.843932118525814,0,2,男性,50,9,12,0.25,8350,1,17,4493168.352495564,5.53972602739726,3.0
C-000059707,S-0008,-31.18070388308949,0,2,男性,32,12,12,0.6666666666666666,14784,2,22,4498453.308937302,10.772602739726027,7.0
C-001346353,S-0100,-100.0,1,2,女性,58,7,12,0.3333333333333333,7109,1,17,4535925.154217558,4.720547945205479,2.0
C-002285532,S-0017,-51.122848372925574,1,2,女性,25,2,12,0.4166666666666667,162357,1,20,4640207.03550726,5.608219178082192,2.5
C-000878789,S-0063,-71.80867947244568,1,2,女性,46,9,12,0.9166666666666666,28665,1,18,4564012.176421695,5.749315068493151,3.0
C-000799569,S-0004,-7.883410180650833,0,2,女性,64,9,12,0.1666666666666666,0,0,22,4423576.351309,11.806849315068494,9.0
C-002483012,S-0111,-55.499082910231536,1,2,男性,56,1,12,0.25,0,0,19,4489501.980758176,6.397260273972603,4.0
C-001409290,S-0131,-74.86052745978844,1,2,男性,19,6,12,0.1666666666666666,0,0,17,4569023.5643747775,5.13972602739726,2.0
C-002524030,S-0002,-30.27879314296744,0,2,男性,34,1,12,0.75,0,0,15,4455566.655169959,5.663013698630137,2.0
C-000552650,S-0040,-73.60503870412845,1,2,女性,43,10,12,0.5833333333333334,73041,2,20,4550116.0180538,8.163013698630138,4.0
C-002373347,S-0131,-44.35509440976133,0,2,男性,64,2,12,0.25,0,0,17,4569023.5643747775,5.13972602739726,2.0
C-000214559,S-0063,-12.063526025868542,0,2,女性,49,12,12,0.6666666666666666,0,0,18,4564012.176421695,5.749315068493151,3.0
C-002075513,S-0039,-20.199935831405462,0,2,男性,68,3,12,0.25,0,0,16,4591288.568998441,8.193150684931506,5.0
C-001614316,S-0085,-1.113594752153841,0,2,男性,51,5,12,0.4166666666666667,4998,1,15,4606655.398026554,4.928767123287671,2.0
C-000062636,S-0131,-100.0,1,2,女性,66,12,12,0.75,0,0,17,4569023.5643747775,5.13972602739726,2.0
C-000452892,S-0126,-100.0,1,2,男性,48,10,12,0.8333333333333334,0,0,17,4493168.352495564,5.53972602739726,3.0
C-001324838,S-0004,-100.0,1,2,男性,39,7,12,0.1666666666666666,7641,1,22,4423576.351309,11.806849315068494,9.0
C-000626897,S-0085,-15.155971993281877,0,2,女性,54,10,12,0.3333333333333333,0,0,15,4606655.398026554,4.928767123287671,2.0
C-000080576,S-0099,-100.0,1,2,男性,31,12,12,0.3333333333333333,0,0,13,4464126.154078853,8.147945205479452,5.0
C-002358701,S-0040,-72.59563050977386,1,2,男性,60,2,12,0.25,0,0,20,4550116.0180538,8.163013698630138,4.0
C-002514620,S-0062,-100.0,1,2,男性,31,1,12,0.5833333333333334,5073,1,15,4713869.782113416,4.575342465753424,1.0
C-000807840,S-0096,-66.30557541817306,1,2,男性,41,9,12,0.25,0,0,16,4644856.458098179,8.302739726027397,5.0
C-001835294,S-0075,-61.30874468809955,1,2,男性,54,4,12,0.75,6844,1,19,4506647.2743158825,4.526027397260274,1.0
C-001619609,S-0007,-61.735215749662196,1,2,女性,46,5,12,0.1666666666666666,36411,1,21,4487075.727367008,3.7260273972602738,1.0
C-001872760,S-0018,-10.974988529749632,0,2,女性,57,4,12,0.3333333333333333,0,0,16,4493108.581950108,7.550684931506849,5.0
C-001100409,S-0062,-35.400907715582456,0,2,男性,66,8,12,0.0833333333333333,0,0,15,4713869.782113416,4.575342465753424,1.0
C-001936440,S-0075,-18.390901304960316,0,2,男性,41,4,12,0.4166666666666667,0,0,19,4506647.2743158825,4.526027397260274,1.0
C-001630088,S-0102,-54.32620180524541,1,2,女性,62,5,12,0.1666666666666666,0,0,16,4383474.364435211,10.484931506849314,7.5
C-001740922,S-0018,-10.740657999194156,0,2,女性,41,5,12,0.6666666666666666,0,0,16,4493108.581950108,7.550684931506849,5.0
C-000956021,S-0007,-12.82186731766693,0,2,女性,40,8,12,0.5,0,0,21,4487075.727367008,3.7260273972602738,1.0
C-002666671,S-0050,-100.0,1,2,男性,51,1,12,0.5833333333333334,14292,2,20,4615411.181286601,9.2013698630137,6.0
C-001634944,S-0005,-30.389883902024632,0,2,女性,43,5,12,0.5833333333333334,8133,1,21,4733942.970761149,4.69041095890411,2.0
C-001078961,S-0082,-4.411132948402935,0,2,女性,41,8,12,1.0,22497,1,17,4607261.71451126,4.758904109589041,2.0
C-000232788,S-0018,-100.0,1,2,女性,63,11,12,0.3333333333333333,12480,1,16,4493108.581950108,7.550684931506849,5.0
C-001157319,S-0111,-100.0,1,2,男性,38,7,12,0.5,1317,2,19,4489501.980758176,6.397260273972603,4.0
C-000005816,S-0005,-34.85046596653702,0,2,女性,63,12,12,0.9166666666666666,885,1,21,4733942.970761149,4.69041095890411,2.0
C-001617639,S-0075,-5.873240683367266,0,2,男性,70,5,12,0.8333333333333334,0,0,19,4506647.2743158825,4.526027397260274,1.0
C-000320368,S-0020,-100.0,1,2,女性,56,11,12,0.1666666666666666,0,0,16,4280702.057267675,6.986301369863014,3.5
C-000121339,S-0075,-24.360738415226585,0,2,男性,20,12,12,0.4166666666666667,0,0,19,4506647.2743158825,4.526027397260274,1.0
C-000378621,S-0007,-100.0,1,2,女性,58,11,12,0.5,0,0,21,4487075.727367008,3.7260273972602738,1.0
C-001885815,S-0099,-100.0,1,2,女性,69,4,12,0.6666666666666666,4001,1,13,4464126.154078853,8.147945205479452,5.0
C-001484234,S-0019,-22.10918221568033,0,2,女性,35,6,12,0.75,0,0,19,4327199.920883598,4.090410958904109,1.0
C-000933585,S-0082,-43.818083732163984,0,2,男性,42,8,12,0.25,31467,1,17,4607261.71451126,4.758904109589041,2.0
C-000500268,S-0085,-21.641351758212064,0,2,女性,23,10,12,0.8333333333333334,0,0,15,4606655.398026554,4.928767123287671,2.0
C-000216923,S-0019,-12.717520405989452,0,2,女性,38,12,12,0.6666666666666666,0,0,19,4327199.920883598,4.090410958904109,1.0
C-002238464,S-0062,-11.000121691354476,0,2,女性,53,3,12,0.75,14642,2,15,4713869.782113416,4.575342465753424,1.0
C-002682111,S-0019,-1.4481665664790426,0,2,男性,50,1,12,0.3333333333333333,7893,1,19,4327199.920883598,4.090410958904109,1.0
C-001227284,S-0111,-100.0,1,2,男性,44,7,12,0.3333333333333333,0,0,19,4489501.980758176,6.397260273972603,4.0
C-002229020,S-0002,-11.896155873652537,0,2,女性,42,3,12,0.5,131087,1,15,4455566.655169959,5.663013698630137,2.0
C-000274742,S-0063,-20.10970252493791,0,2,女性,56,11,12,0.5833333333333334,47470,1,18,4564012.176421695,5.749315068493151,3.0
C-002326787,S-0085,-33.00143923644719,0,2,女性,35,2,12,0.6666666666666666,12627,1,15,4606655.398026554,4.928767123287671,2.0
C-002165027,S-0004,-47.563977006599956,0,2,女性,56,3,12,0.5,339,1,22,4423576.351309,11.806849315068494,9.0
C-002622772,S-0017,-50.15888785804557,1,2,女性,62,1,12,0.5,0,0,20,4640207.03550726,5.608219178082192,2.5
C-001092702,S-0041,-66.52800462773921,1,2,女性,55,8,12,0.5833333333333334,0,0,17,4828489.286769263,10.389041095890411,7.0
C-001302917,S-0063,-13.61519772453594,0,2,男性,50,7,12,0.1666666666666666,0,0,18,4564012.176421695,5.749315068493151,3.0
C-002325909,S-0085,-24.56020440460736,0,2,女性,49,2,12,1.0,0,0,15,4606655.398026554,4.928767123287671,2.0
C-000398488,S-0039,-33.030849619725906,0,2,女性,38,11,12,0.5,9054,1,16,4591288.568998441,8.193150684931506,5.0
C-000894429,S-0126,-87.62801204819277,1,2,男性,55,9,12,0.4166666666666667,33377,1,17,4493168.352495564,5.53972602739726,3.0
C-000052614,S-0113,-68.67823781637593,1,2,男性,19,12,12,0.25,18900,2,16,4336633.961311346,5.77945205479452,2.5
C-000287489,S-0017,-100.0,1,2,男性,36,11,12,0.4166666666666667,0,0,20,4640207.03550726,5.608219178082192,2.5
C-000840174,S-0075,-14.047662565321058,0,2,男性,71,9,12,0.75,0,0,19,4506647.2743158825,4.526027397260274,1.0
C-002655433,S-0017,-50.13787682172091,1,2,女性,47,1,12,0.6666666666666666,0,0,20,4640207.03550726,5.608219178082192,2.5
C-002259288,S-0002,-100.0,1,2,女性,44,2,12,0.75,0,0,15,4455566.655169959,5.663013698630137,2.0
C-002325457,S-0075,-82.72553867891205,1,2,男性,62,2,12,0.4166666666666667,55875,2,19,4506647.2743158825,4.526027397260274,1.0
C-002078700,S-0121,-50.813600808811785,1,2,男性,52,3,12,0.3333333333333333,0,0,14,4716268.25678644,9.856164383561644,7.0
C-000327242,S-0039,-52.25518431411079,1,2,男性,59,11,12,0.0833333333333333,4313,1,16,4591288.568998441,8.193150684931506,5.0
C-001434166,S-0054,-100.0,1,2,女性,74,6,12,1.0,0,0,23,4489160.181517739,6.358904109589041,4.0
C-001102458,S-0017,-82.25196867545989,1,2,男性,58,8,12,0.0833333333333333,0,0,20,4640207.03550726,5.608219178082192,2.5
C-002636850,S-0019,-13.977130977130978,0,2,女性,60,1,12,0.6666666666666666,0,0,19,4327199.920883598,4.090410958904109,1.0
C-002565210,S-0121,-100.0,1,2,女性,47,1,12,0.5,5148,1,14,4716268.25678644,9.856164383561644,7.0
C-001258811,S-0007,-61.53575596732161,1,2,男性,62,7,12,0.3333333333333333,15411,1,21,4487075.727367008,3.7260273972602738,1.0
C-001237480,S-0085,-4.534283900953908,0,2,女性,61,7,12,0.75,0,0,15,4606655.398026554,4.928767123287671,2.0
C-001303488,S-0007,-69.81556915644894,1,2,男性,59,7,12,0.3333333333333333,11011,2,21,4487075.727367008,3.7260273972602738,1.0
C-000186981,S-0079,-100.0,1,2,女性,36,12,12,0.0833333333333333,0,0,13,4256656.371085242,8.479452054794521,6.0
C-001364673,S-0100,-100.0,1,2,男性,48,6,12,0.5833333333333334,0,0,17,4535925.154217558,4.720547945205479,2.0
C-001287125,S-0062,-51.95411131847624,1,2,女性,50,7,12,0.75,58130,2,15,4713869.782113416,4.575342465753424,1.0
C-001004750,S-0039,-100.0,1,2,女性,28,8,12,0.25,0,0,16,4591288.568998441,8.193150684931506,5.0
C-000254869,S-0050,-52.721936903888476,1,2,女性,67,11,12,0.25,0,0,20,4615411.181286601,9.2013698630137,6.0
C-002518179,S-0020,-4.410627901888811,0,2,男性,41,1,12,0.0,0,0,16,4280702.057267675,6.986301369863014,3.5
C-001149033,S-0050,-15.683198365269227,0,2,女性,42,7,12,0.5833333333333334,0,0,20,4615411.181286601,9.2013698630137,6.0
C-000162462,S-0019,-5.357718927796352,0,2,女性,85,12,12,0.4166666666666667,0,0,19,4327199.920883598,4.090410958904109,1.0
C-001456954,S-0048,-18.244847984186226,0,2,男性,59,6,12,1.0,0,0,15,4502249.082895545,3.671232876712329,1.0
C-001517514,S-0039,-27.103797847636645,0,2,女性,31,6,12,0.6666666666666666,0,0,16,4591288.568998441,8.193150684931506,5.0
C-000359980,S-0126,-61.44728566161321,1,2,女性,51,11,12,0.5,33023,1,17,4493168.352495564,5.53972602739726,3.0
C-001129977,S-0075,-33.221282021560214,0,2,男性,55,7,12,0.3333333333333333,11535,1,19,4506647.2743158825,4.526027397260274,1.0
C-000865411,S-0050,-47.0302731632963,0,2,女性,49,9,12,0.3333333333333333,21573,1,20,4615411.181286601,9.2013698630137,6.0
C-001708682,S-0005,-29.954999141673,0,2,女性,57,5,12,0.5833333333333334,0,0,21,4733942.970761149,4.69041095890411,2.0
C-002563149,S-0019,-12.22163073374146,0,2,女性,73,1,12,0.5,0,0,19,4327199.920883598,4.090410958904109,1.0
C-002114145,S-0126,-45.8438246235319,0,2,男性,37,3,12,0.25,0,0,17,4493168.352495564,5.53972602739726,3.0
C-001148533,S-0030,-86.54422951532275,1,2,男性,32,7,12,0.3333333333333333,0,0,22,4426478.045479023,9.236986301369862,5.5
C-000961040,S-0059,-25.454171291313987,0,2,女性,47,8,12,0.8333333333333334,35433,1,14,4713188.969095345,6.8123287671232875,3.0
C-002590782,S-0111,-100.0,1,2,男性,50,1,12,0.3333333333333333,12573,1,19,4489501.980758176,6.397260273972603,4.0
C-001149030,S-0005,2.0077713737751095,0,2,男性,56,7,12,0.8333333333333334,0,0,21,4733942.970761149,4.69041095890411,2.0
C-001507505,S-0131,-46.98300751795395,0,2,女性,35,6,12,0.0833333333333333,6790,1,17,4569023.5643747775,5.13972602739726,2.0
C-001694808,S-0019,-19.579187194516386,0,2,女性,48,5,12,0.3333333333333333,133081,1,19,4327199.920883598,4.090410958904109,1.0
C-001750500,S-0036,-100.0,1,2,女性,68,5,12,0.0,0,0,19,4397834.424680548,11.123287671232877,9.0
C-001697365,S-0082,-29.142385320007037,0,2,女性,65,5,12,0.5,12228,2,17,4607261.71451126,4.758904109589041,2.0
C-002550306,S-0007,-51.52534000060489,1,2,男性,42,1,12,0.5,345,1,21,4487075.727367008,3.7260273972602738,1.0
C-000410265,S-0005,-100.0,1,2,男性,37,11,12,0.3333333333333333,38259,1,21,4733942.970761149,4.69041095890411,2.0
C-001054893,S-0056,-21.617995130008342,0,2,男性,54,8,12,0.25,6624,1,15,4406070.585753419,7.528767123287671,4.0
C-002044793,S-0115,-100.0,1,2,女性,53,3,12,0.0833333333333333,0,0,14,4553643.099564746,10.51095890410959,7.0
C-002462681,S-0072,-37.272604770246595,0,2,男性,68,2,12,0.3333333333333333,13660,2,12,4406797.312641796,9.01917808219178,6.0
C-002246641,S-0063,-70.920454345956,1,2,女性,22,3,12,0.1666666666666666,7077,1,18,4564012.176421695,5.749315068493151,3.0
C-000861583,S-0019,1.421608448415922,0,2,女性,60,9,12,0.6666666666666666,0,0,19,4327199.920883598,4.090410958904109,1.0
C-001252540,S-0004,-70.00275668869534,1,2,女性,55,7,12,0.0833333333333333,44008,2,22,4423576.351309,11.806849315068494,9.0
C-000078445,S-0075,-31.49590904260971,0,2,女性,46,12,12,0.1666666666666666,1244,1,19,4506647.2743158825,4.526027397260274,1.0
C-000611142,S-0085,-31.22778492021478,0,2,女性,61,10,12,0.5833333333333334,2651,1,15,4606655.398026554,4.928767123287671,2.0
C-002381498,S-0019,-7.179991266187026,0,2,男性,33,2,12,0.5,0,0,19,4327199.920883598,4.090410958904109,1.0
C-000250137,S-0131,-18.432704579485275,0,2,女性,67,11,12,0.5833333333333334,7972,1,17,4569023.5643747775,5.13972602739726,2.0
C-000677251,S-0020,-76.76509186351707,1,2,男性,50,9,12,0.25,2255,2,16,4280702.057267675,6.986301369863014,3.5
C-002073996,S-0050,-15.914666137288544,0,2,男性,29,3,12,0.5,3342,1,20,4615411.181286601,9.2013698630137,6.0
C-002260476,S-0089,-5.131683451926019,0,2,男性,40,2,12,0.4166666666666667,0,0,19,4721110.949352573,10.142465753424657,7.0
C-002352082,S-0007,-100.0,1,2,男性,38,2,12,0.5833333333333334,0,0,21,4487075.727367008,3.7260273972602738,1.0
C-002429682,S-0050,-12.286306094650154,0,2,女性,57,2,12,0.6666666666666666,0,0,20,4615411.181286601,9.2013698630137,6.0
C-002112349,S-0099,-58.462720576546026,1,2,男性,48,3,12,0.0833333333333333,24000,1,13,4464126.154078853,8.147945205479452,5.0
C-001446449,S-0096,-2.8761904418147592,0,2,女性,86,6,12,0.8333333333333334,0,0,16,4644856.458098179,8.302739726027397,5.0
C-000908511,S-0085,-6.494027527401694,0,2,女性,51,8,12,0.25,3803,1,15,4606655.398026554,4.928767123287671,2.0
C-000596944,S-0117,-27.435621512049853,0,2,女性,31,10,12,0.1666666666666666,0,0,20,4500859.737076383,9.593150684931507,7.0
C-001456313,S-0097,-100.0,1,2,女性,78,6,12,0.0833333333333333,20780,1,21,4592508.716501317,10.09041095890411,7.0
C-000583387,S-0020,-89.11821544917453,1,2,男性,38,10,12,0.5,0,0,16,4280702.057267675,6.986301369863014,3.5
C-000247075,S-0039,-100.0,1,2,男性,16,11,12,0.75,0,0,16,4591288.568998441,8.193150684931506,5.0
C-000230633,S-0019,4.640141077923509,0,2,男性,62,11,12,0.5833333333333334,10464,1,19,4327199.920883598,4.090410958904109,1.0
C-002660332,S-0085,-59.273328409130876,1,2,女性,36,1,12,0.1666666666666666,0,0,15,4606655.398026554,4.928767123287671,2.0
C-002294889,S-0089,-17.79848495005698,0,2,男性,44,2,12,0.75,4889,1,19,4721110.949352573,10.142465753424657,7.0
C-002186526,S-0106,-86.24476065684313,1,2,女性,36,3,12,0.0,103730,1,20,4462729.145118021,6.171232876712329,3.5
C-000634738,S-0126,-100.0,1,2,女性,51,10,12,0.6666666666666666,15703,2,17,4493168.352495564,5.53972602739726,3.0
C-001144207,S-0005,-60.66508005893114,1,2,女性,39,7,12,0.4166666666666667,2709,2,21,4733942.970761149,4.69041095890411,2.0
C-000390379,S-0111,-54.66021292036459,1,2,女性,43,11,12,0.6666666666666666,5445,1,19,4489501.980758176,6.397260273972603,4.0
C-001786053,S-0085,-60.76187025478021,1,2,女性,25,5,12,0.5,58136,2,15,4606655.398026554,4.928767123287671,2.0
C-000674934,S-0036,-53.248376439849764,1,2,女性,57,10,12,0.0833333333333333,0,0,19,4397834.424680548,11.123287671232877,9.0
C-001453713,S-0019,-20.019860973187686,0,2,女性,78,6,12,0.75,94491,1,19,4327199.920883598,4.090410958904109,1.0
C-002537120,S-0019,-31.606176691283917,0,2,女性,60,1,12,0.6666666666666666,0,0,19,4327199.920883598,4.090410958904109,1.0
C-000520357,S-0030,-24.256860101684875,0,2,女性,36,10,12,0.3333333333333333,15729,1,22,4426478.045479023,9.236986301369862,5.5
C-000048587,S-0050,-100.0,1,2,女性,65,12,12,0.5,0,0,20,4615411.181286601,9.2013698630137,6.0
C-002596060,S-0075,-66.24725704222037,1,2,男性,46,1,12,0.5,12845,1,19,4506647.2743158825,4.526027397260274,1.0
C-000084411,S-0063,-0.2117850479401108,0,2,女性,48,12,12,0.5,3966,1,18,4564012.176421695,5.749315068493151,3.0
C-001285248,S-0017,-100.0,1,2,男性,34,7,12,0.5,0,0,20,4640207.03550726,5.608219178082192,2.5
C-001957038,S-0041,-100.0,1,2,女性,45,4,12,0.0833333333333333,5297,1,17,4828489.286769263,10.389041095890411,7.0
C-000003117,S-0002,-64.98376268277498,1,2,女性,69,12,12,0.0833333333333333,0,0,15,4455566.655169959,5.663013698630137,2.0
C-001636198,S-0085,-14.0272286477484,0,2,女性,51,5,12,0.3333333333333333,0,0,15,4606655.398026554,4.928767123287671,2.0
C-002149122,S-0100,-46.324714772977956,0,2,女性,22,3,12,0.5,0,0,17,4535925.154217558,4.720547945205479,2.0
C-000655306,S-0004,-72.83827878046294,1,2,男性,59,10,12,0.6666666666666666,0,0,22,4423576.351309,11.806849315068494,9.0
C-000381519,S-0012,-26.648868601288523,0,2,女性,46,11,12,0.1666666666666666,0,0,16,4444678.825084195,7.994520547945205,5.0
C-002331123,S-0126,-25.224147289432292,0,2,男性,56,2,12,0.3333333333333333,0,0,17,4493168.352495564,5.53972602739726,3.0
C-000493766,S-0054,-92.55134494097354,1,2,女性,21,10,12,0.3333333333333333,3952,2,23,4489160.181517739,6.358904109589041,4.0
C-001858107,S-0054,-10.246915696661125,0,2,女性,37,4,12,0.25,0,0,23,4489160.181517739,6.358904109589041,4.0
C-001322507,S-0080,-19.77801907160089,0,2,女性,61,7,12,0.25,0,0,17,4457429.264950683,11.673972602739726,9.0
C-002194502,S-0020,-99.94500242251235,1,2,男性,47,3,12,0.1666666666666666,0,0,16,4280702.057267675,6.986301369863014,3.5
C-002591571,S-0096,-100.0,1,2,女性,52,1,12,0.25,0,0,16,4644856.458098179,8.302739726027397,5.0
C-002313646,S-0036,-100.0,1,2,男性,45,2,12,0.1666666666666666,0,0,19,4397834.424680548,11.123287671232877,9.0
C-000998856,S-0002,-8.527429963505814,0,2,女性,52,8,12,0.4166666666666667,0,0,15,4455566.655169959,5.663013698630137,2.0
C-002523410,S-0054,-54.48978852401599,1,2,男性,44,1,12,0.4166666666666667,0,0,23,4489160.181517739,6.358904109589041,4.0
C-001727231,S-0054,-72.9412034454032,1,2,男性,84,5,12,0.75,21656,1,23,4489160.181517739,6.358904109589041,4.0
C-002438686,S-0063,-24.65842998244829,0,2,女性,44,2,12,0.4166666666666667,0,0,18,4564012.176421695,5.749315068493151,3.0
C-001602668,S-0020,-66.06046088247976,1,2,男性,38,5,12,0.5,22398,1,16,4280702.057267675,6.986301369863014,3.5
C-000705589,S-0113,-100.0,1,2,男性,69,9,12,0.0833333333333333,1583,1,16,4336633.961311346,5.77945205479452,2.5
C-002464233,S-0126,-38.116838704098235,0,2,男性,33,2,12,0.5,9534,2,17,4493168.352495564,5.53972602739726,3.0
C-001834605,S-0082,-50.36776943108321,1,2,女性,49,4,12,0.3333333333333333,10239,1,17,4607261.71451126,4.758904109589041,2.0
C-000008886,S-0050,-16.307128779544193,0,2,男性,54,12,12,0.5,9189,1,20,4615411.181286601,9.2013698630137,6.0
C-002352173,S-0048,-100.0,1,2,女性,45,2,12,0.1666666666666666,0,0,15,4502249.082895545,3.671232876712329,1.0
C-002216349,S-0113,-1.9451528034035728,0,2,女性,36,3,12,0.5833333333333334,130202,1,16,4336633.961311346,5.77945205479452,2.5
C-002308073,S-0080,-85.7428898660067,1,2,女性,44,2,12,0.25,0,0,17,4457429.264950683,11.673972602739726,9.0
C-002127099,S-0017,-21.26683056191029,0,2,男性,55,3,12,0.3333333333333333,1583,2,20,4640207.03550726,5.608219178082192,2.5
C-001358748,S-0063,-94.69892310025784,1,2,女性,87,6,12,0.1666666666666666,0,0,18,4564012.176421695,5.749315068493151,3.0
C-001117426,S-0111,-33.98502919888738,0,2,女性,57,8,12,0.5,22779,2,19,4489501.980758176,6.397260273972603,4.0
C-002520707,S-0005,-24.39554385750138,0,2,男性,38,1,12,0.4166666666666667,46904,1,21,4733942.970761149,4.69041095890411,2.0
C-000942209,S-0113,-100.0,1,2,男性,50,8,12,0.25,0,0,16,4336633.961311346,5.77945205479452,2.5
C-001810005,S-0020,-17.46413656306705,0,2,女性,27,4,12,0.25,8996,2,16,4280702.057267675,6.986301369863014,3.5
C-000048821,S-0002,-63.89071224585482,1,2,男性,53,12,12,0.75,2816,1,15,4455566.655169959,5.663013698630137,2.0
C-000313600,S-0002,-82.60417492752474,1,2,女性,49,11,12,0.5833333333333334,0,0,15,4455566.655169959,5.663013698630137,2.0
C-000315072,S-0012,-38.49796002774535,0,2,女性,43,11,12,0.1666666666666666,4511,1,16,4444678.825084195,7.994520547945205,5.0
C-000392752,S-0050,-8.265370327273981,0,2,女性,37,11,12,0.25,21334,1,20,4615411.181286601,9.2013698630137,6.0
C-002115023,S-0002,-100.0,1,2,女性,40,3,12,0.1666666666666666,0,0,15,4455566.655169959,5.663013698630137,2.0
C-000307842,S-0030,-48.56479905949324,0,2,男性,21,11,12,0.4166666666666667,0,0,22,4426478.045479023,9.236986301369862,5.5
C-001918541,S-0050,-100.0,1,2,女性,55,4,12,0.25,0,0,20,4615411.181286601,9.2013698630137,6.0
C-001396070,S-0059,-5.3256243550292,0,2,女性,58,6,12,0.5,68442,1,14,4713188.969095345,6.8123287671232875,3.0
C-000371985,S-0040,-63.107380840237504,1,2,女性,47,11,12,0.0833333333333333,9370,1,20,4550116.0180538,8.163013698630138,4.0
C-000551731,S-0036,-16.476214437306993,0,2,女性,43,10,12,0.3333333333333333,0,0,19,4397834.424680548,11.123287671232877,9.0
C-000734379,S-0054,-100.0,1,2,女性,36,9,12,0.25,0,0,23,4489160.181517739,6.358904109589041,4.0
C-001027191,S-0002,-27.22375069680459,0,2,男性,51,8,12,0.3333333333333333,0,0,15,4455566.655169959,5.663013698630137,2.0
C-000632457,S-0007,-22.248751899283697,0,2,男性,75,10,12,0.9166666666666666,0,0,21,4487075.727367008,3.7260273972602738,1.0
C-002389777,S-0131,-29.98776064868562,0,2,男性,54,2,12,0.75,0,0,17,4569023.5643747775,5.13972602739726,2.0
C-000839265,S-0074,-100.0,1,2,女性,47,9,12,0.1666666666666666,0,0,14,4614054.39694187,8.308219178082192,6.0
C-000029859,S-0131,-62.55020852890934,1,2,男性,38,12,12,0.75,7879,2,17,4569023.5643747775,5.13972602739726,2.0
C-001193198,S-0111,-100.0,1,2,女性,60,7,12,0.75,0,0,19,4489501.980758176,6.397260273972603,4.0
C-001981172,S-0059,-33.74784497234848,0,2,女性,38,4,12,0.3333333333333333,34379,1,14,4713188.969095345,6.8123287671232875,3.0
C-002464199,S-0131,-83.95621039206048,1,2,女性,26,2,12,0.5833333333333334,0,0,17,4569023.5643747775,5.13972602739726,2.0
C-000094756,S-0075,-81.18155498678303,1,2,男性,85,12,12,0.1666666666666666,0,0,19,4506647.2743158825,4.526027397260274,1.0
C-001828226,S-0040,-43.256444454161844,0,2,女性,36,4,12,0.3333333333333333,0,0,20,4550116.0180538,8.163013698630138,4.0
C-002067219,S-0005,-27.54441112197555,0,2,男性,55,3,12,0.4166666666666667,15369,1,21,4733942.970761149,4.69041095890411,2.0
C-002569438,S-0075,-100.0,1,2,女性,37,1,12,0.5833333333333334,0,0,19,4506647.2743158825,4.526027397260274,1.0
C-001710970,S-0039,-15.29509835995882,0,2,男性,39,5,12,0.5833333333333334,27094,2,16,4591288.568998441,8.193150684931506,5.0
C-000214556,S-0005,-49.427419117430595,1,2,女性,33,12,12,0.5,0,0,21,4733942.970761149,4.69041095890411,2.0
C-002683434,S-0100,-40.752661961375246,0,2,女性,58,1,12,0.1666666666666666,0,0,17,4535925.154217558,4.720547945205479,2.0
C-002143780,S-0019,-19.101682162626968,0,2,女性,85,3,12,0.6666666666666666,27612,2,19,4327199.920883598,4.090410958904109,1.0
C-001829329,S-0074,-18.803833992272644,0,2,女性,68,4,12,0.25,6220,1,14,4614054.39694187,8.308219178082192,6.0
C-001793960,S-0100,-65.26064500903158,1,2,男性,15,5,12,0.1666666666666666,71999,2,17,4535925.154217558,4.720547945205479,2.0
C-002229625,S-0019,-26.208195516354284,0,2,男性,41,3,12,0.9166666666666666,0,0,19,4327199.920883598,4.090410958904109,1.0
C-002479783,S-0100,-17.258803498029266,0,2,男性,78,1,12,0.75,0,0,17,4535925.154217558,4.720547945205479,2.0
C-000702372,S-0017,-32.10401845891117,0,2,男性,67,9,12,0.5833333333333334,28888,2,20,4640207.03550726,5.608219178082192,2.5
C-000430084,S-0100,-100.0,1,2,男性,62,11,12,0.0833333333333333,0,0,17,4535925.154217558,4.720547945205479,2.0
C-001495160,S-0020,-66.8998635597528,1,2,女性,42,6,12,0.0833333333333333,8504,1,16,4280702.057267675,6.986301369863014,3.5
C-002256447,S-0131,-44.30073280924623,0,2,女性,77,2,12,0.6666666666666666,1130,1,17,4569023.5643747775,5.13972602739726,2.0
C-001434298,S-0002,-51.50305639107693,1,2,女性,45,6,12,0.0833333333333333,12676,2,15,4455566.655169959,5.663013698630137,2.0
C-002206258,S-0063,-100.0,1,2,女性,58,3,12,0.5,0,0,18,4564012.176421695,5.749315068493151,3.0
C-001838124,S-0126,-4.0398695948157215,0,2,男性,62,4,12,0.5833333333333334,2548,1,17,4493168.352495564,5.53972602739726,3.0
C-001790869,S-0050,-51.92541272123346,1,2,男性,60,5,12,0.0833333333333333,0,0,20,4615411.181286601,9.2013698630137,6.0
C-002473573,S-0048,-46.77198815625092,0,2,女性,32,1,12,0.3333333333333333,0,0,15,4502249.082895545,3.671232876712329,1.0
C-000338041,S-0017,-100.0,1,2,女性,57,11,12,0.5,0,0,20,4640207.03550726,5.608219178082192,2.5
C-000116954,S-0050,-26.603537669006215,0,2,女性,29,12,12,0.9166666666666666,0,0,20,4615411.181286601,9.2013698630137,6.0
C-001121820,S-0126,-58.582048704756026,1,2,女性,44,8,12,0.5,0,0,17,4493168.352495564,5.53972602739726,3.0
C-002032779,S-0005,-35.61308749505118,0,2,男性,52,3,12,0.9166666666666666,0,0,21,4733942.970761149,4.69041095890411,2.0
C-000399695,S-0012,-100.0,1,2,男性,51,11,12,0.3333333333333333,0,0,16,4444678.825084195,7.994520547945205,5.0
C-000595957,S-0131,-46.31767515923567,0,2,女性,39,10,12,0.75,0,0,17,4569023.5643747775,5.13972602739726,2.0
C-000002922,S-0113,-10.300906356290428,0,2,男性,47,12,12,0.3333333333333333,0,0,16,4336633.961311346,5.77945205479452,2.5
C-001059482,S-0014,-74.20615792486367,1,2,男性,36,8,12,0.25,33028,2,21,4730192.353344672,7.336986301369863,4.0
C-000797742,S-0099,-32.48441587312222,0,2,男性,55,9,12,0.25,0,0,13,4464126.154078853,8.147945205479452,5.0
C-000775984,S-0097,-60.05641727608921,1,2,女性,46,9,12,0.1666666666666666,0,0,21,4592508.716501317,10.09041095890411,7.0
C-001299388,S-0017,-100.0,1,2,女性,35,7,12,0.3333333333333333,0,0,20,4640207.03550726,5.608219178082192,2.5
C-001820072,S-0100,-68.07027594767497,1,2,男性,32,4,12,0.4166666666666667,0,0,17,4535925.154217558,4.720547945205479,2.0
C-000225686,S-0050,-91.43669889048812,1,2,女性,56,11,12,0.9166666666666666,0,0,20,4615411.181286601,9.2013698630137,6.0
C-000374708,S-0121,-10.755040692607091,0,2,女性,69,11,12,0.5833333333333334,41568,1,14,4716268.25678644,9.856164383561644,7.0
C-001001840,S-0004,-100.0,1,2,女性,67,8,12,0.6666666666666666,0,0,22,4423576.351309,11.806849315068494,9.0
C-001956281,S-0062,-62.13706120153949,1,2,男性,45,4,12,0.5833333333333334,0,0,15,4713869.782113416,4.575342465753424,1.0
C-000679919,S-0054,-15.411768285879477,0,2,女性,51,9,12,1.0,0,0,23,4489160.181517739,6.358904109589041,4.0
C-000725156,S-0062,-14.375947104171246,0,2,女性,57,9,12,0.3333333333333333,561,2,15,4713869.782113416,4.575342465753424,1.0
C-001832535,S-0007,-45.52638900022162,0,2,男性,69,4,12,0.1666666666666666,0,0,21,4487075.727367008,3.7260273972602738,1.0
C-002585000,S-0059,-100.0,1,2,男性,39,1,12,0.75,0,0,14,4713188.969095345,6.8123287671232875,3.0
C-002117474,S-0005,-8.341179903056183,0,2,女性,58,3,12,0.5,0,0,21,4733942.970761149,4.69041095890411,2.0
C-001633220,S-0085,-5.40317327060568,0,2,女性,48,5,12,0.8333333333333334,0,0,15,4606655.398026554,4.928767123287671,2.0
C-001682710,S-0030,-100.0,1,2,女性,62,5,12,0.4166666666666667,0,0,22,4426478.045479023,9.236986301369862,5.5
C-000246132,S-0054,-55.58619391912919,1,2,女性,47,11,12,0.25,0,0,23,4489160.181517739,6.358904109589041,4.0
C-002472545,S-0050,-5.976382002155511,0,2,男性,52,1,12,0.8333333333333334,0,0,20,4615411.181286601,9.2013698630137,6.0
C-001006219,S-0085,-39.98680660851072,0,2,女性,44,8,12,0.6666666666666666,8954,2,15,4606655.398026554,4.928767123287671,2.0
C-002275786,S-0019,-2.350301996557117,0,2,女性,59,2,12,0.75,0,0,19,4327199.920883598,4.090410958904109,1.0
C-002629811,S-0040,-86.06215722120658,1,2,女性,59,1,12,0.0833333333333333,12290,1,20,4550116.0180538,8.163013698630138,4.0
C-000274894,S-0111,-4.084157441983072,0,2,男性,22,11,12,0.5,0,0,19,4489501.980758176,6.397260273972603,4.0
C-002028700,S-0059,-97.2755271262734,1,2,女性,25,3,12,0.25,0,0,14,4713188.969095345,6.8123287671232875,3.0
C-001840651,S-0099,-100.0,1,2,男性,69,4,12,0.0833333333333333,0,0,13,4464126.154078853,8.147945205479452,5.0
C-000056059,S-0007,-25.822967733915515,0,2,男性,60,12,12,0.0833333333333333,15247,1,21,4487075.727367008,3.7260273972602738,1.0
C-000270581,S-0085,-10.670460476095842,0,2,男性,53,11,12,0.5833333333333334,0,0,15,4606655.398026554,4.928767123287671,2.0
C-002309673,S-0063,-5.220303661804109,0,2,男性,50,2,12,0.75,0,0,18,4564012.176421695,5.749315068493151,3.0
C-000987066,S-0004,-50.62749070440306,1,2,男性,50,8,12,0.3333333333333333,45058,1,22,4423576.351309,11.806849315068494,9.0
C-000923196,S-0005,-60.57278150833355,1,2,女性,69,8,12,0.5,0,0,21,4733942.970761149,4.69041095890411,2.0
C-000483064,S-0062,-18.21070688701619,0,2,女性,43,10,12,0.1666666666666666,8349,1,15,4713869.782113416,4.575342465753424,1.0
C-000002665,S-0005,-25.169304985114653,0,2,男性,32,12,12,0.4166666666666667,83394,1,21,4733942.970761149,4.69041095890411,2.0
C-002320765,S-0063,-55.96191437038905,1,2,女性,43,2,12,0.5,0,0,18,4564012.176421695,5.749315068493151,3.0
C-000217019,S-0007,-45.58284099666067,0,2,女性,42,12,12,0.25,0,0,21,4487075.727367008,3.7260273972602738,1.0
C-001846523,S-0008,-100.0,1,2,男性,63,4,12,0.3333333333333333,4001,2,22,4498453.308937302,10.772602739726027,7.0
C-000592899,S-0063,-49.777068352914995,1,2,男性,56,10,12,0.6666666666666666,0,0,18,4564012.176421695,5.749315068493151,3.0
C-000119462,S-0096,-22.80790239350022,0,2,男性,50,12,12,1.0,4951,1,16,4644856.458098179,8.302739726027397,5.0
C-002694310,S-0056,-78.48359559492239,1,2,女性,55,1,12,0.25,0,0,15,4406070.585753419,7.528767123287671,4.0
C-002421105,S-0019,-0.18270878210733607,0,2,女性,51,2,12,0.75,11236,2,19,4327199.920883598,4.090410958904109,1.0
C-001460136,S-0030,-47.13150122154291,0,2,男性,40,6,12,0.4166666666666667,18161,1,22,4426478.045479023,9.236986301369862,5.5
C-001620971,S-0085,3.5248760893566047,0,2,女性,54,5,12,0.5833333333333334,0,0,15,4606655.398026554,4.928767123287671,2.0
C-001514693,S-0131,-35.0207825933296,0,2,女性,64,6,12,0.25,30031,1,17,4569023.5643747775,5.13972602739726,2.0
C-000882995,S-0007,-100.0,1,2,男性,52,9,12,0.5,0,0,21,4487075.727367008,3.7260273972602738,1.0
C-002205005,S-0050,-100.0,1,2,女性,46,3,12,0.0,9288,1,20,4615411.181286601,9.2013698630137,6.0
C-000288299,S-0019,-19.460864365066588,0,2,女性,54,11,12,0.9166666666666666,0,0,19,4327199.920883598,4.090410958904109,1.0
C-000798009,S-0062,-39.25335703628456,0,2,女性,78,9,12,0.3333333333333333,16455,1,15,4713869.782113416,4.575342465753424,1.0
C-001198696,S-0063,-34.198927010260405,0,2,女性,74,7,12,0.3333333333333333,16336,2,18,4564012.176421695,5.749315068493151,3.0
C-002428800,S-0050,-100.0,1,2,女性,52,2,12,0.5833333333333334,0,0,20,4615411.181286601,9.2013698630137,6.0
C-002242331,S-0019,-35.55043087753368,0,2,男性,45,3,12,0.5833333333333334,0,0,19,4327199.920883598,4.090410958904109,1.0
C-001073335,S-0017,-31.127924157939578,0,2,女性,70,8,12,0.75,0,0,20,4640207.03550726,5.608219178082192,2.5
C-002058248,S-0005,-16.52873988683835,0,2,男性,32,3,12,0.3333333333333333,0,0,21,4733942.970761149,4.69041095890411,2.0
C-000224797,S-0002,-39.11583042026967,0,2,女性,23,12,12,0.1666666666666666,3534,1,15,4455566.655169959,5.663013698630137,2.0
C-000796629,S-0030,-100.0,1,2,女性,54,9,12,0.5833333333333334,1486,2,22,4426478.045479023,9.236986301369862,5.5
C-001658659,S-0005,-75.18167221201438,1,2,女性,69,5,12,0.1666666666666666,386,2,21,4733942.970761149,4.69041095890411,2.0
C-002649495,S-0085,-40.2258544150328,0,2,女性,57,1,12,0.0,0,0,15,4606655.398026554,4.928767123287671,2.0
C-001356086,S-0036,-73.32905272699803,1,2,男性,40,6,12,0.9166666666666666,0,0,19,4397834.424680548,11.123287671232877,9.0
C-000195169,S-0017,-23.922605799287894,0,2,女性,63,12,12,0.5,0,0,20,4640207.03550726,5.608219178082192,2.5
C-001997132,S-0059,-19.636140624439317,0,2,女性,44,4,12,0.6666666666666666,0,0,14,4713188.969095345,6.8123287671232875,3.0
C-000952175,S-0111,-93.19139316467663,1,2,女性,41,8,12,0.1666666666666666,12302,1,19,4489501.980758176,6.397260273972603,4.0
C-000714931,S-0020,-15.280630758065906,0,2,男性,65,9,12,0.25,9369,1,16,4280702.057267675,6.986301369863014,3.5
C-002623089,S-0041,-87.325586308895,1,2,女性,46,1,12,0.1666666666666666,0,0,17,4828489.286769263,10.389041095890411,7.0
C-002328839,S-0005,-42.73263395223233,0,2,女性,33,2,12,0.5833333333333334,1633,1,21,4733942.970761149,4.69041095890411,2.0
C-001040026,S-0020,-8.724432806577429,0,2,男性,45,8,12,0.1666666666666666,0,0,16,4280702.057267675,6.986301369863014,3.5
C-001643048,S-0131,-100.0,1,2,男性,48,5,12,0.4166666666666667,0,0,17,4569023.5643747775,5.13972602739726,2.0
C-001395904,S-0030,-83.74579350189106,1,2,男性,37,6,12,0.4166666666666667,0,0,22,4426478.045479023,9.236986301369862,5.5
C-002583842,S-0111,-70.4875341173721,1,2,女性,45,1,12,0.5833333333333334,0,0,19,4489501.980758176,6.397260273972603,4.0
C-001859259,S-0096,-57.00075709044319,1,2,女性,54,4,12,0.0,0,0,16,4644856.458098179,8.302739726027397,5.0
C-000187808,S-0099,-85.92182476439646,1,2,男性,59,12,12,0.25,3731,1,13,4464126.154078853,8.147945205479452,5.0
C-002262504,S-0063,-21.78051269866128,0,2,女性,48,2,12,0.4166666666666667,0,0,18,4564012.176421695,5.749315068493151,3.0
C-002302357,S-0131,-50.26482552855415,1,2,女性,44,2,12,0.9166666666666666,11073,1,17,4569023.5643747775,5.13972602739726,2.0
C-001056245,S-0096,-14.109846696044754,0,2,男性,46,8,12,0.3333333333333333,0,0,16,4644856.458098179,8.302739726027397,5.0
C-001459679,S-0020,-38.11267573959618,0,2,女性,59,6,12,0.6666666666666666,0,0,16,4280702.057267675,6.986301369863014,3.5
C-000938438,S-0085,-25.594308668329347,0,2,男性,50,8,12,0.25,18247,1,15,4606655.398026554,4.928767123287671,2.0
C-001096382,S-0054,-52.61743199284684,1,2,女性,56,8,12,0.25,3284,2,23,4489160.181517739,6.358904109589041,4.0
C-000263076,S-0082,-66.2724106324473,1,2,男性,59,11,12,0.25,183557,1,17,4607261.71451126,4.758904109589041,2.0
C-001765093,S-0017,-85.73980351295029,1,2,男性,52,5,12,0.1666666666666666,0,0,20,4640207.03550726,5.608219178082192,2.5
C-000182168,S-0059,-99.9782737793485,1,2,男性,19,12,12,0.0833333333333333,21993,1,14,4713188.969095345,6.8123287671232875,3.0
C-000139177,S-0007,-37.25252825439003,0,2,女性,42,12,12,0.6666666666666666,0,0,21,4487075.727367008,3.7260273972602738,1.0
C-001092813,S-0085,-59.03607315410381,1,2,女性,44,8,12,0.5,0,0,15,4606655.398026554,4.928767123287671,2.0
C-000991579,S-0020,-30.52115007572467,0,2,女性,52,8,12,0.1666666666666666,0,0,16,4280702.057267675,6.986301369863014,3.5
C-001929427,S-0059,-100.0,1,2,女性,43,4,12,1.0,0,0,14,4713188.969095345,6.8123287671232875,3.0
C-002362950,S-0115,-7.278643535828386,0,2,男性,34,2,12,0.5,0,0,14,4553643.099564746,10.51095890410959,7.0
C-001114094,S-0019,-0.7888375996642888,0,2,男性,23,8,12,0.75,9288,1,19,4327199.920883598,4.090410958904109,1.0
C-001581610,S-0117,-26.464973561084726,0,2,女性,55,5,12,0.0833333333333333,13299,1,20,4500859.737076383,9.593150684931507,7.0
C-000309260,S-0007,-100.0,1,2,男性,61,11,12,0.3333333333333333,0,0,21,4487075.727367008,3.7260273972602738,1.0
C-001768843,S-0131,-13.429998359785559,0,2,女性,46,5,12,0.3333333333333333,23324,2,17,4569023.5643747775,5.13972602739726,2.0
C-001155744,S-0019,-3.570410651513986,0,2,男性,19,7,12,0.4166666666666667,3274,1,19,4327199.920883598,4.090410958904109,1.0
C-001712702,S-0005,-18.22630319872796,0,2,女性,54,5,12,1.0,0,0,21,4733942.970761149,4.69041095890411,2.0
C-002288466,S-0002,-58.2993024482698,1,2,男性,22,2,12,0.6666666666666666,24504,1,15,4455566.655169959,5.663013698630137,2.0
C-000036338,S-0039,-65.74729537399652,1,2,男性,39,12,12,0.4166666666666667,0,0,16,4591288.568998441,8.193150684931506,5.0
C-000623345,S-0062,-55.450318020050325,1,2,男性,24,10,12,0.0,0,0,15,4713869.782113416,4.575342465753424,1.0
C-001826572,S-0054,-56.01726598548326,1,2,男性,86,4,12,0.9166666666666666,3473,2,23,4489160.181517739,6.358904109589041,4.0
C-000982947,S-0131,-32.07106580956778,0,2,男性,38,8,12,0.1666666666666666,3244,2,17,4569023.5643747775,5.13972602739726,2.0
C-000966474,S-0054,-85.57757095931946,1,2,男性,45,8,12,0.0833333333333333,0,0,23,4489160.181517739,6.358904109589041,4.0
C-002384352,S-0131,0.2760358720204983,0,2,女性,55,2,12,0.5833333333333334,23459,1,17,4569023.5643747775,5.13972602739726,2.0
C-000439344,S-0019,-3.2631467755849366,0,2,男性,54,11,12,0.75,0,0,19,4327199.920883598,4.090410958904109,1.0
C-000108912,S-0005,-38.28425197474231,0,2,女性,41,12,12,0.6666666666666666,0,0,21,4733942.970761149,4.69041095890411,2.0
C-001303388,S-0085,-21.922761849034522,0,2,男性,40,7,12,0.5833333333333334,4745,1,15,4606655.398026554,4.928767123287671,2.0
C-001185332,S-0126,0.16974766538019942,0,2,女性,44,7,12,0.75,0,0,17,4493168.352495564,5.53972602739726,3.0
C-000276437,S-0039,-8.983337170305568,0,2,男性,34,11,12,0.5,0,0,16,4591288.568998441,8.193150684931506,5.0
C-002456720,S-0040,-100.0,1,2,女性,53,2,12,0.25,0,0,20,4550116.0180538,8.163013698630138,4.0
C-002446546,S-0075,-19.399269644652595,0,2,女性,55,2,12,0.4166666666666667,0,0,19,4506647.2743158825,4.526027397260274,1.0
C-002515864,S-0085,-23.75182258204116,0,2,女性,44,1,12,0.5,59236,1,15,4606655.398026554,4.928767123287671,2.0
C-000362911,S-0017,-68.07309648274209,1,2,女性,53,11,12,0.3333333333333333,0,0,20,4640207.03550726,5.608219178082192,2.5
C-000106369,S-0131,-38.87287753046981,0,2,女性,27,12,12,0.75,0,0,17,4569023.5643747775,5.13972602739726,2.0
C-001196817,S-0075,-33.19110576923077,0,2,男性,45,7,12,0.5,0,0,19,4506647.2743158825,4.526027397260274,1.0
C-002347096,S-0019,-4.509612064003684,0,2,男性,33,2,12,0.5833333333333334,0,0,19,4327199.920883598,4.090410958904109,1.0
C-000249606,S-0005,-10.659757284782227,0,2,女性,44,11,12,0.4166666666666667,22223,1,21,4733942.970761149,4.69041095890411,2.0
C-000477527,S-0063,-17.65877164635885,0,2,男性,55,10,12,0.1666666666666666,28935,2,18,4564012.176421695,5.749315068493151,3.0
C-001382329,S-0089,-100.0,1,2,女性,52,6,12,0.0833333333333333,63009,1,19,4721110.949352573,10.142465753424657,7.0
C-001008391,S-0079,-90.30916443496344,1,2,女性,46,8,12,0.0,0,0,13,4256656.371085242,8.479452054794521,6.0
C-002336594,S-0113,-30.069978691468,0,2,男性,40,2,12,0.3333333333333333,0,0,16,4336633.961311346,5.77945205479452,2.5
C-002239466,S-0039,-100.0,1,2,女性,79,3,12,0.4166666666666667,0,0,16,4591288.568998441,8.193150684931506,5.0
C-000132168,S-0079,-100.0,1,2,女性,63,12,12,0.4166666666666667,9296,1,13,4256656.371085242,8.479452054794521,6.0
C-002295890,S-0054,-19.59394389643265,0,2,男性,54,2,12,0.75,17248,1,23,4489160.181517739,6.358904109589041,4.0
C-001906322,S-0079,-52.814472824511384,1,2,男性,43,4,12,0.25,39517,1,13,4256656.371085242,8.479452054794521,6.0
C-000200264,S-0059,-39.44246146483479,0,2,女性,31,12,12,0.6666666666666666,0,0,14,4713188.969095345,6.8123287671232875,3.0
C-000980930,S-0005,-11.382950609900274,0,2,女性,42,8,12,0.8333333333333334,37807,1,21,4733942.970761149,4.69041095890411,2.0
C-000690916,S-0054,-100.0,1,2,女性,27,9,12,0.5833333333333334,7994,1,23,4489160.181517739,6.358904109589041,4.0
C-002066717,S-0131,-88.3057989822254,1,2,女性,48,3,12,0.3333333333333333,0,0,17,4569023.5643747775,5.13972602739726,2.0
C-000909565,S-0005,-8.147750750510804,0,2,女性,42,8,12,0.25,10068,1,21,4733942.970761149,4.69041095890411,2.0
C-001493278,S-0039,-59.13590615577371,1,2,女性,38,6,12,0.1666666666666666,5935,1,16,4591288.568998441,8.193150684931506,5.0
C-000573777,S-0005,-8.412824396353363,0,2,男性,68,10,12,0.6666666666666666,0,0,21,4733942.970761149,4.69041095890411,2.0
C-001582820,S-0020,-77.36402966625462,1,2,女性,50,5,12,0.5,15665,2,16,4280702.057267675,6.986301369863014,3.5
C-002252946,S-0075,-79.1194624134351,1,2,女性,41,2,12,0.9166666666666666,7305,1,19,4506647.2743158825,4.526027397260274,1.0
C-001907731,S-0019,-8.263849848605892,0,2,女性,36,4,12,0.5833333333333334,0,0,19,4327199.920883598,4.090410958904109,1.0
C-001673127,S-0007,-82.6482827435284,1,2,男性,52,5,12,0.9166666666666666,0,0,21,4487075.727367008,3.7260273972602738,1.0
C-000110478,S-0036,-75.88116316854007,1,2,女性,33,12,12,0.1666666666666666,0,0,19,4397834.424680548,11.123287671232877,9.0
C-001172637,S-0082,-26.535177558808943,0,2,女性,39,7,12,0.5,0,0,17,4607261.71451126,4.758904109589041,2.0
C-001010988,S-0074,-100.0,1,2,女性,75,8,12,0.3333333333333333,11673,1,14,4614054.39694187,8.308219178082192,6.0
C-000551415,S-0002,-100.0,1,2,女性,60,10,12,0.4166666666666667,0,0,15,4455566.655169959,5.663013698630137,2.0
C-002643151,S-0007,-73.21382586053964,1,2,女性,55,1,12,0.0833333333333333,43843,2,21,4487075.727367008,3.7260273972602738,1.0
C-000336853,S-0040,-47.52164507521942,0,2,男性,32,11,12,0.25,6616,1,20,4550116.0180538,8.163013698630138,4.0
C-001885232,S-0062,-36.114966010355396,0,2,男性,29,4,12,0.5,0,0,15,4713869.782113416,4.575342465753424,1.0
C-002603289,S-0040,-71.16982031720538,1,2,女性,40,1,12,0.0,8685,1,20,4550116.0180538,8.163013698630138,4.0
C-002363416,S-0054,-50.07675150879034,1,2,男性,51,2,12,0.4166666666666667,3595,1,23,4489160.181517739,6.358904109589041,4.0
C-001717545,S-0018,-100.0,1,2,男性,52,5,12,0.4166666666666667,31545,2,16,4493108.581950108,7.550684931506849,5.0
C-002425773,S-0005,-27.71221131834613,0,2,女性,53,2,12,1.0,0,0,21,4733942.970761149,4.69041095890411,2.0
C-001008482,S-0005,-100.0,1,2,女性,28,8,12,0.75,0,0,21,4733942.970761149,4.69041095890411,2.0
C-002041125,S-0072,-64.94665914618244,1,2,男性,56,3,12,0.1666666666666666,0,0,12,4406797.312641796,9.01917808219178,6.0
C-002689948,S-0059,-9.392506086053267,0,2,男性,44,1,12,0.25,0,0,14,4713188.969095345,6.8123287671232875,3.0
C-001712603,S-0059,-31.228354133544045,0,2,女性,33,5,12,0.1666666666666666,0,0,14,4713188.969095345,6.8123287671232875,3.0
C-000047574,S-0036,-100.0,1,2,女性,43,12,12,0.1666666666666666,8212,1,19,4397834.424680548,11.123287671232877,9.0
C-001092912,S-0004,-3.1462445205895464,0,2,女性,34,8,12,0.75,10857,1,22,4423576.351309,11.806849315068494,9.0
C-001807615,S-0020,-6.112744674104182,0,2,女性,53,4,12,0.0,0,0,16,4280702.057267675,6.986301369863014,3.5
C-001443225,S-0041,-7.240901368148083,0,2,女性,26,6,12,0.4166666666666667,0,0,17,4828489.286769263,10.389041095890411,7.0
C-000319732,S-0080,-13.196787004473792,0,2,女性,54,11,12,0.0833333333333333,3386,1,17,4457429.264950683,11.673972602739726,9.0
C-001448672,S-0115,-100.0,1,2,女性,51,6,12,0.3333333333333333,0,0,14,4553643.099564746,10.51095890410959,7.0
C-001603284,S-0007,-50.500993084570744,1,2,男性,69,5,12,0.5,52130,2,21,4487075.727367008,3.7260273972602738,1.0
C-001770273,S-0036,-69.5475491188981,1,2,男性,62,5,12,0.1666666666666666,4889,1,19,4397834.424680548,11.123287671232877,9.0
C-001700756,S-0121,-56.14167469613772,1,2,女性,47,5,12,0.25,1755,1,14,4716268.25678644,9.856164383561644,7.0
C-002125706,S-0079,-39.54682791264887,0,2,女性,69,3,12,0.1666666666666666,0,0,13,4256656.371085242,8.479452054794521,6.0
C-001910108,S-0018,-61.55289107455195,1,2,男性,79,4,12,0.3333333333333333,18110,1,16,4493108.581950108,7.550684931506849,5.0
C-001794791,S-0054,-14.605713086836685,0,2,男性,47,5,12,0.0833333333333333,0,0,23,4489160.181517739,6.358904109589041,4.0
C-001004491,S-0020,-100.0,1,2,女性,51,8,12,0.0833333333333333,0,0,16,4280702.057267675,6.986301369863014,3.5
C-000935416,S-0131,-100.0,1,2,女性,40,8,12,0.1666666666666666,0,0,17,4569023.5643747775,5.13972602739726,2.0
C-000052549,S-0099,-41.30458337848088,0,2,女性,42,12,12,0.0833333333333333,0,0,13,4464126.154078853,8.147945205479452,5.0
C-002060526,S-0096,-100.0,1,2,女性,44,3,12,0.25,20887,1,16,4644856.458098179,8.302739726027397,5.0
C-000845985,S-0017,-27.86332322558908,0,2,女性,34,9,12,0.6666666666666666,0,0,20,4640207.03550726,5.608219178082192,2.5
C-000869258,S-0085,-45.252947516248085,0,2,男性,40,9,12,0.3333333333333333,0,0,15,4606655.398026554,4.928767123287671,2.0
C-000579086,S-0075,-45.07890331702719,0,2,女性,47,10,12,0.75,0,0,19,4506647.2743158825,4.526027397260274,1.0
C-001982818,S-0117,-100.0,1,2,男性,49,4,12,0.5833333333333334,65287,1,20,4500859.737076383,9.593150684931507,7.0
C-000964753,S-0131,-36.05510991468497,0,2,男性,63,8,12,0.9166666666666666,25911,1,17,4569023.5643747775,5.13972602739726,2.0
C-000968348,S-0040,-100.0,1,2,男性,54,8,12,0.25,2112,1,20,4550116.0180538,8.163013698630138,4.0
C-002428780,S-0007,-79.55299491527018,1,2,女性,56,2,12,0.9166666666666666,27353,1,21,4487075.727367008,3.7260273972602738,1.0
C-000928433,S-0111,-39.7565069509338,0,2,女性,51,8,12,0.5,0,0,19,4489501.980758176,6.397260273972603,4.0
C-001894612,S-0041,-1.4706942769665443,0,2,女性,56,4,12,0.75,0,0,17,4828489.286769263,10.389041095890411,7.0
C-000609390,S-0050,-38.57887675254158,0,2,女性,77,10,12,0.25,28267,1,20,4615411.181286601,9.2013698630137,6.0
C-001859396,S-0075,-17.436052290542158,0,2,女性,60,4,12,0.5,2605,1,19,4506647.2743158825,4.526027397260274,1.0
C-000634434,S-0005,-13.095377413692216,0,2,女性,80,10,12,0.3333333333333333,5470,1,21,4733942.970761149,4.69041095890411,2.0
C-001861281,S-0019,-31.015852474927208,0,2,女性,36,4,12,0.5,17295,1,19,4327199.920883598,4.090410958904109,1.0
C-000401673,S-0096,-100.0,1,2,女性,60,11,12,0.5833333333333334,44212,1,16,4644856.458098179,8.302739726027397,5.0
C-001661363,S-0050,-6.7639376188194555,0,2,女性,20,5,12,0.4166666666666667,0,0,20,4615411.181286601,9.2013698630137,6.0
C-000125894,S-0075,-26.775122860532115,0,2,男性,66,12,12,0.1666666666666666,0,0,19,4506647.2743158825,4.526027397260274,1.0
C-000565577,S-0131,-33.34640846718141,0,2,女性,67,10,12,0.0,0,0,17,4569023.5643747775,5.13972602739726,2.0
C-001277315,S-0019,-15.607323820478939,0,2,女性,35,7,12,0.75,0,0,19,4327199.920883598,4.090410958904109,1.0
C-001916133,S-0126,-13.990604367699339,0,2,男性,47,4,12,0.3333333333333333,0,0,17,4493168.352495564,5.53972602739726,3.0
C-002148698,S-0054,-12.867078901030455,0,2,男性,52,3,12,0.8333333333333334,0,0,23,4489160.181517739,6.358904109589041,4.0
C-001275137,S-0050,-28.631834705140037,0,2,男性,45,7,12,0.1666666666666666,12575,1,20,4615411.181286601,9.2013698630137,6.0
C-002459891,S-0036,-98.75272100772715,1,2,女性,49,2,12,0.5833333333333334,154036,2,19,4397834.424680548,11.123287671232877,9.0
C-000680716,S-0100,-100.0,1,2,女性,36,9,12,0.5,21162,1,17,4535925.154217558,4.720547945205479,2.0
C-000887423,S-0005,-76.31117775649943,1,2,男性,73,9,12,0.25,0,0,21,4733942.970761149,4.69041095890411,2.0
C-001511262,S-0121,-100.0,1,2,女性,43,6,12,0.25,66465,1,14,4716268.25678644,9.856164383561644,7.0
C-000498283,S-0089,-30.03368033274706,0,2,男性,44,10,12,0.4166666666666667,0,0,19,4721110.949352573,10.142465753424657,7.0
C-002088185,S-0089,-24.338766911399315,0,2,男性,57,3,12,0.6666666666666666,13133,1,19,4721110.949352573,10.142465753424657,7.0
C-002144081,S-0085,-9.865015195522764,0,2,女性,37,3,12,0.1666666666666666,3448,1,15,4606655.398026554,4.928767123287671,2.0
C-001838773,S-0082,-75.96916365975495,1,2,男性,47,4,12,0.25,0,0,17,4607261.71451126,4.758904109589041,2.0
C-002225420,S-0050,1.2301484768164326,0,2,女性,41,3,12,0.75,43973,1,20,4615411.181286601,9.2013698630137,6.0
C-001250088,S-0063,-41.727720836618396,0,2,女性,39,7,12,0.3333333333333333,1956,1,18,4564012.176421695,5.749315068493151,3.0
C-001706112,S-0063,-34.01468624833111,0,2,女性,46,5,12,0.75,0,0,18,4564012.176421695,5.749315068493151,3.0
C-000833325,S-0054,-37.98670609346173,0,2,男性,44,9,12,0.4166666666666667,0,0,23,4489160.181517739,6.358904109589041,4.0
C-000904312,S-0007,-29.360607157797048,0,2,男性,36,8,12,0.0,5468,1,21,4487075.727367008,3.7260273972602738,1.0
C-002579414,S-0014,-7.287001142607448,0,2,男性,44,1,12,0.1666666666666666,0,0,21,4730192.353344672,7.336986301369863,4.0
C-000231342,S-0039,-17.52361426374753,0,2,女性,66,11,12,0.75,27059,1,16,4591288.568998441,8.193150684931506,5.0
C-001172691,S-0040,-100.0,1,2,男性,63,7,12,0.5,0,0,20,4550116.0180538,8.163013698630138,4.0
C-002272797,S-0111,-45.47275719201025,0,2,女性,55,2,12,0.25,0,0,19,4489501.980758176,6.397260273972603,4.0
C-000205395,S-0020,-55.60912573963379,1,2,女性,48,12,12,0.4166666666666667,40212,1,16,4280702.057267675,6.986301369863014,3.5
C-000097565,S-0005,-47.52729736191918,0,2,女性,38,12,12,0.8333333333333334,0,0,21,4733942.970761149,4.69041095890411,2.0
C-000281133,S-0085,-45.94952609341099,0,2,女性,48,11,12,0.5833333333333334,0,0,15,4606655.398026554,4.928767123287671,2.0
C-000924103,S-0020,-52.99531110759468,1,2,女性,38,8,12,0.6666666666666666,5269,1,16,4280702.057267675,6.986301369863014,3.5
C-001050574,S-0039,-29.897452537905224,0,2,女性,58,8,12,0.6666666666666666,0,0,16,4591288.568998441,8.193150684931506,5.0
C-001790528,S-0126,-20.586979931473323,0,2,女性,39,5,12,0.25,16057,2,17,4493168.352495564,5.53972602739726,3.0
C-002312993,S-0048,-60.242930578227494,1,2,女性,54,2,12,0.0,9812,1,15,4502249.082895545,3.671232876712329,1.0
C-002291954,S-0050,-37.61914114398605,0,2,女性,51,2,12,0.25,7913,1,20,4615411.181286601,9.2013698630137,6.0
C-001803459,S-0121,-68.23426481914917,1,2,男性,31,4,12,0.3333333333333333,0,0,14,4716268.25678644,9.856164383561644,7.0
C-001706718,S-0040,-25.395794430461965,0,2,男性,90,5,12,0.6666666666666666,0,0,20,4550116.0180538,8.163013698630138,4.0
C-000084938,S-0099,-15.387962483915043,0,2,男性,49,12,12,0.75,0,0,13,4464126.154078853,8.147945205479452,5.0
C-001138469,S-0039,-79.55182340732806,1,2,男性,16,7,12,0.3333333333333333,0,0,16,4591288.568998441,8.193150684931506,5.0
C-000949308,S-0121,-60.15935378080051,1,2,男性,19,8,12,0.25,0,0,14,4716268.25678644,9.856164383561644,7.0
C-001414058,S-0019,-8.62684030488778,0,2,女性,36,6,12,0.4166666666666667,718,1,19,4327199.920883598,4.090410958904109,1.0
C-000746727,S-0126,-100.0,1,2,女性,48,9,12,0.5,0,0,17,4493168.352495564,5.53972602739726,3.0
C-001558588,S-0126,-63.3586704457614,1,2,女性,31,6,12,0.8333333333333334,0,0,17,4493168.352495564,5.53972602739726,3.0
C-002588176,S-0036,-21.15805196639432,0,2,女性,42,1,12,0.1666666666666666,0,0,19,4397834.424680548,11.123287671232877,9.0
C-000721464,S-0126,-17.95917800353766,0,2,男性,59,9,12,0.4166666666666667,7853,1,17,4493168.352495564,5.53972602739726,3.0
C-001219324,S-0111,-24.65149870686351,0,2,女性,29,7,12,0.4166666666666667,4919,1,19,4489501.980758176,6.397260273972603,4.0
C-000381330,S-0039,-27.15700324050764,0,2,女性,48,11,12,0.6666666666666666,0,0,16,4591288.568998441,8.193150684931506,5.0
C-000960149,S-0075,-10.725288496684247,0,2,女性,74,8,12,0.5,7442,1,19,4506647.2743158825,4.526027397260274,1.0
C-000859194,S-0075,-48.037890694275426,0,2,男性,46,9,12,0.0833333333333333,18657,1,19,4506647.2743158825,4.526027397260274,1.0
C-000839293,S-0063,-16.063430275355266,0,2,女性,42,9,12,0.8333333333333334,0,0,18,4564012.176421695,5.749315068493151,3.0
C-002127378,S-0039,-35.089765879057026,0,2,男性,49,3,12,0.75,3276,2,16,4591288.568998441,8.193150684931506,5.0
C-002501962,S-0054,-51.66044597569145,1,2,男性,66,1,12,0.1666666666666666,5877,1,23,4489160.181517739,6.358904109589041,4.0
C-001440440,S-0131,-3.9938634063897465,0,2,男性,72,6,12,0.4166666666666667,0,0,17,4569023.5643747775,5.13972602739726,2.0
C-002266807,S-0008,-9.815248326350853,0,2,女性,43,2,12,0.25,0,0,22,4498453.308937302,10.772602739726027,7.0
C-002666614,S-0096,-100.0,1,2,女性,57,1,12,0.0833333333333333,10329,1,16,4644856.458098179,8.302739726027397,5.0
C-000824629,S-0039,-52.64010924149901,1,2,男性,41,9,12,0.25,0,0,16,4591288.568998441,8.193150684931506,5.0
C-001859705,S-0074,-17.65401500854886,0,2,男性,62,4,12,0.1666666666666666,0,0,14,4614054.39694187,8.308219178082192,6.0
C-000567115,S-0126,-35.455671160971086,0,2,男性,36,10,12,0.3333333333333333,0,0,17,4493168.352495564,5.53972602739726,3.0
C-000616595,S-0030,-82.33446218937543,1,2,女性,59,10,12,0.0,0,0,22,4426478.045479023,9.236986301369862,5.5
C-002110740,S-0121,-42.78843526261136,0,2,男性,49,3,12,0.5833333333333334,13128,1,14,4716268.25678644,9.856164383561644,7.0
C-001898313,S-0059,-39.11055892706392,0,2,男性,56,4,12,0.25,1579,1,14,4713188.969095345,6.8123287671232875,3.0
C-001271385,S-0075,-77.24962009817318,1,2,女性,78,7,12,0.9166666666666666,0,0,19,4506647.2743158825,4.526027397260274,1.0
C-000637952,S-0019,-27.381509619654583,0,2,女性,35,10,12,0.6666666666666666,0,0,19,4327199.920883598,4.090410958904109,1.0
C-000853850,S-0126,-24.920660448161254,0,2,女性,20,9,12,0.4166666666666667,0,0,17,4493168.352495564,5.53972602739726,3.0
C-001634864,S-0002,-100.0,1,2,女性,56,5,12,0.4166666666666667,0,0,15,4455566.655169959,5.663013698630137,2.0
C-002526029,S-0040,-100.0,1,2,男性,55,1,12,0.75,306,1,20,4550116.0180538,8.163013698630138,4.0
C-002017289,S-0036,-100.0,1,2,女性,55,4,12,0.25,127558,1,19,4397834.424680548,11.123287671232877,9.0
C-002550394,S-0089,-8.130927812462213,0,2,女性,48,1,12,0.0,0,0,19,4721110.949352573,10.142465753424657,7.0
C-000888982,S-0062,2.5665880640005065,0,2,女性,36,9,12,0.5,69842,2,15,4713869.782113416,4.575342465753424,1.0
C-000598463,S-0041,-48.253682497481414,0,2,男性,34,10,12,0.1666666666666666,0,0,17,4828489.286769263,10.389041095890411,7.0
C-002572396,S-0017,-31.13283698315322,0,2,女性,30,1,12,0.3333333333333333,0,0,20,4640207.03550726,5.608219178082192,2.5
C-001461928,S-0005,-30.61647036076245,0,2,男性,50,6,12,0.5833333333333334,0,0,21,4733942.970761149,4.69041095890411,2.0
C-001714783,S-0131,-33.12344346860075,0,2,男性,42,5,12,0.5833333333333334,2406,1,17,4569023.5643747775,5.13972602739726,2.0
C-000191217,S-0054,-34.96435583053217,0,2,女性,63,12,12,0.1666666666666666,5530,1,23,4489160.181517739,6.358904109589041,4.0
C-002048013,S-0039,-2.8465959194681365,0,2,男性,22,3,12,0.25,0,0,16,4591288.568998441,8.193150684931506,5.0
C-001168355,S-0018,-21.853093962603857,0,2,女性,21,7,12,0.3333333333333333,15240,2,16,4493108.581950108,7.550684931506849,5.0
C-000855486,S-0007,-81.91372020344384,1,2,男性,56,9,12,0.5833333333333334,0,0,21,4487075.727367008,3.7260273972602738,1.0
C-001686210,S-0121,-53.81859191992764,1,2,女性,50,5,12,0.25,0,0,14,4716268.25678644,9.856164383561644,7.0
C-002201920,S-0040,-100.0,1,2,女性,37,3,12,0.0833333333333333,15468,1,20,4550116.0180538,8.163013698630138,4.0
C-001438498,S-0002,-55.181194055792126,1,2,女性,34,6,12,0.5833333333333334,130225,1,15,4455566.655169959,5.663013698630137,2.0
C-000227626,S-0008,-10.88049919383546,0,2,女性,66,11,12,1.0,0,0,22,4498453.308937302,10.772602739726027,7.0
C-002180177,S-0005,-8.766581778098749,0,2,女性,41,3,12,0.1666666666666666,13863,1,21,4733942.970761149,4.69041095890411,2.0
C-002357770,S-0126,-14.343512641026972,0,2,男性,63,2,12,0.4166666666666667,0,0,17,4493168.352495564,5.53972602739726,3.0
C-001375874,S-0054,-55.538718433461085,1,2,女性,57,6,12,0.25,0,0,23,4489160.181517739,6.358904109589041,4.0
C-000283415,S-0018,-22.609670165103406,0,2,女性,32,11,12,0.1666666666666666,2888,2,16,4493108.581950108,7.550684931506849,5.0
C-002678834,S-0041,-81.61527841693511,1,2,女性,61,1,12,0.25,5084,2,17,4828489.286769263,10.389041095890411,7.0
C-000951584,S-0054,-54.704059888969894,1,2,女性,79,8,12,0.25,0,0,23,4489160.181517739,6.358904109589041,4.0
C-000658284,S-0099,-11.188168028803098,0,2,女性,60,10,12,0.8333333333333334,0,0,13,4464126.154078853,8.147945205479452,5.0
C-000645693,S-0131,-61.28791851831406,1,2,男性,40,10,12,0.6666666666666666,0,0,17,4569023.5643747775,5.13972602739726,2.0
C-001682992,S-0017,-87.1284970988041,1,2,女性,55,5,12,0.0,0,0,20,4640207.03550726,5.608219178082192,2.5
C-001931749,S-0054,-100.0,1,2,男性,62,4,12,0.1666666666666666,0,0,23,4489160.181517739,6.358904109589041,4.0
C-000150876,S-0036,-100.0,1,2,女性,41,12,12,0.1666666666666666,0,0,19,4397834.424680548,11.123287671232877,9.0
C-002185239,S-0054,-100.0,1,2,女性,70,3,12,0.3333333333333333,0,0,23,4489160.181517739,6.358904109589041,4.0
C-001996048,S-0056,-100.0,1,2,女性,19,4,12,0.75,0,0,15,4406070.585753419,7.528767123287671,4.0
C-001430438,S-0096,4.6563900446586315,0,2,女性,47,6,12,0.4166666666666667,6358,1,16,4644856.458098179,8.302739726027397,5.0
C-000108188,S-0019,1.4863271278317753,0,2,女性,60,12,12,0.5833333333333334,0,0,19,4327199.920883598,4.090410958904109,1.0
C-000700643,S-0096,-38.3610963327157,0,2,女性,36,9,12,0.25,0,0,16,4644856.458098179,8.302739726027397,5.0
C-000843669,S-0019,-0.7947190088242292,0,2,女性,49,9,12,0.6666666666666666,0,0,19,4327199.920883598,4.090410958904109,1.0
C-001571456,S-0089,-25.143608328467558,0,2,女性,38,6,12,0.3333333333333333,33906,1,19,4721110.949352573,10.142465753424657,7.0
C-000934663,S-0075,-27.52799416305863,0,2,女性,45,8,12,0.1666666666666666,19963,1,19,4506647.2743158825,4.526027397260274,1.0
C-000976122,S-0007,-5.493484780127916,0,2,女性,47,8,12,0.1666666666666666,0,0,21,4487075.727367008,3.7260273972602738,1.0
C-001133749,S-0082,-100.0,1,2,女性,55,7,12,0.5,0,0,17,4607261.71451126,4.758904109589041,2.0
C-000268626,S-0117,-96.12441958632334,1,2,女性,24,11,12,0.25,0,0,20,4500859.737076383,9.593150684931507,7.0
C-000937752,S-0050,-20.705609701720537,0,2,女性,44,8,12,0.25,10214,1,20,4615411.181286601,9.2013698630137,6.0
C-001073379,S-0005,-11.48737742541206,0,2,女性,37,8,12,0.3333333333333333,0,0,21,4733942.970761149,4.69041095890411,2.0
C-000128173,S-0005,-66.24522935915004,1,2,女性,37,12,12,0.8333333333333334,0,0,21,4733942.970761149,4.69041095890411,2.0
C-002281418,S-0005,-1.4277494176690144,0,2,女性,38,2,12,0.4166666666666667,0,0,21,4733942.970761149,4.69041095890411,2.0
C-002095925,S-0082,-7.710184614371561,0,2,男性,33,3,12,0.1666666666666666,29722,1,17,4607261.71451126,4.758904109589041,2.0
C-000317565,S-0085,-19.884111421757634,0,2,女性,60,11,12,0.0833333333333333,0,0,15,4606655.398026554,4.928767123287671,2.0
C-002010434,S-0089,-20.74280491839126,0,2,女性,45,4,12,0.1666666666666666,1725,1,19,4721110.949352573,10.142465753424657,7.0
C-000550320,S-0089,-80.73003955218879,1,2,女性,70,10,12,0.5833333333333334,0,0,19,4721110.949352573,10.142465753424657,7.0
C-002548725,S-0075,-59.9710087195149,1,2,男性,44,1,12,0.75,0,0,19,4506647.2743158825,4.526027397260274,1.0
C-000830429,S-0005,-33.627434054501016,0,2,女性,51,9,12,0.5833333333333334,3702,1,21,4733942.970761149,4.69041095890411,2.0
C-000706261,S-0050,-90.43274803589061,1,2,女性,44,9,12,0.4166666666666667,15959,1,20,4615411.181286601,9.2013698630137,6.0
C-001661278,S-0111,-63.88070409182915,1,2,女性,38,5,12,0.3333333333333333,0,0,19,4489501.980758176,6.397260273972603,4.0
C-002178786,S-0062,-41.236789674289675,0,2,女性,63,3,12,0.0833333333333333,0,0,15,4713869.782113416,4.575342465753424,1.0
C-002189386,S-0030,-50.210135314407,1,2,女性,56,3,12,0.5,430,1,22,4426478.045479023,9.236986301369862,5.5
C-000962821,S-0111,-38.921430221514925,0,2,女性,43,8,12,0.5,0,0,19,4489501.980758176,6.397260273972603,4.0
C-001896987,S-0072,-75.12805655348245,1,2,男性,74,4,12,0.4166666666666667,17036,1,12,4406797.312641796,9.01917808219178,6.0
C-000828148,S-0126,-48.2787370041259,0,2,男性,43,9,12,0.75,3214,1,17,4493168.352495564,5.53972602739726,3.0
C-001842962,S-0121,-41.19134697688896,0,2,女性,57,4,12,0.25,0,0,14,4716268.25678644,9.856164383561644,7.0
C-000074617,S-0002,-100.0,1,2,男性,44,12,12,0.5833333333333334,0,0,15,4455566.655169959,5.663013698630137,2.0
C-001119220,S-0072,-100.0,1,2,男性,39,8,12,0.25,5212,1,12,4406797.312641796,9.01917808219178,6.0
C-001572420,S-0040,-28.356014136572288,0,2,女性,51,6,12,0.5,0,0,20,4550116.0180538,8.163013698630138,4.0
C-001636121,S-0079,-100.0,1,2,男性,46,5,12,0.3333333333333333,27133,1,13,4256656.371085242,8.479452054794521,6.0
C-001758009,S-0062,-100.0,1,2,女性,59,5,12,0.6666666666666666,0,0,15,4713869.782113416,4.575342465753424,1.0
C-000612272,S-0085,-43.77228515293376,0,2,男性,35,10,12,0.4166666666666667,0,0,15,4606655.398026554,4.928767123287671,2.0
C-002280636,S-0102,-100.0,1,2,男性,61,2,12,0.1666666666666666,39815,1,16,4383474.364435211,10.484931506849314,7.5
C-001280545,S-0039,-49.13883133029424,1,2,男性,44,7,12,0.4166666666666667,8539,2,16,4591288.568998441,8.193150684931506,5.0
C-000239932,S-0111,-46.11034054707935,0,2,男性,38,11,12,0.4166666666666667,0,0,19,4489501.980758176,6.397260273972603,4.0
C-000287824,S-0089,-50.896033701988095,1,2,女性,44,11,12,0.0833333333333333,21070,1,19,4721110.949352573,10.142465753424657,7.0
C-002317554,S-0012,-92.16193940262673,1,2,女性,69,2,12,0.25,0,0,16,4444678.825084195,7.994520547945205,5.0
C-001095927,S-0036,-76.26051079317268,1,2,女性,69,8,12,0.1666666666666666,19062,2,19,4397834.424680548,11.123287671232877,9.0
C-001752616,S-0030,-65.89561643140472,1,2,男性,38,5,12,0.0833333333333333,0,0,22,4426478.045479023,9.236986301369862,5.5
C-000849350,S-0131,-47.68512833108191,0,2,男性,33,9,12,0.3333333333333333,2627,1,17,4569023.5643747775,5.13972602739726,2.0
C-002669909,S-0085,-6.725148480851628,0,2,女性,35,1,12,0.25,0,0,15,4606655.398026554,4.928767123287671,2.0
C-001420140,S-0014,-20.715641839384265,0,2,女性,62,6,12,0.3333333333333333,45251,1,21,4730192.353344672,7.336986301369863,4.0
C-002155555,S-0030,-89.79732388823298,1,2,女性,32,3,12,0.3333333333333333,10726,1,22,4426478.045479023,9.236986301369862,5.5
C-002144853,S-0019,-19.214592899123982,0,2,男性,39,3,12,0.25,0,0,19,4327199.920883598,4.090410958904109,1.0
C-000451994,S-0017,-37.982565940547694,0,2,女性,59,10,12,0.3333333333333333,0,0,20,4640207.03550726,5.608219178082192,2.5
C-000413286,S-0121,-0.33062339347953906,0,2,女性,38,11,12,1.0,11179,1,14,4716268.25678644,9.856164383561644,7.0
C-001037759,S-0100,-29.58729191707968,0,2,男性,47,8,12,0.5833333333333334,0,0,17,4535925.154217558,4.720547945205479,2.0
C-002374281,S-0089,-81.99140425974386,1,2,女性,57,2,12,0.3333333333333333,51759,2,19,4721110.949352573,10.142465753424657,7.0
C-001190624,S-0056,-86.50239347092521,1,2,女性,49,7,12,0.6666666666666666,0,0,15,4406070.585753419,7.528767123287671,4.0
C-000688153,S-0019,-33.79999358542609,0,2,女性,32,9,12,0.6666666666666666,3861,2,19,4327199.920883598,4.090410958904109,1.0
C-000720286,S-0126,-33.491217063989964,0,2,男性,52,9,12,0.5833333333333334,0,0,17,4493168.352495564,5.53972602739726,3.0
C-000157483,S-0054,-100.0,1,2,女性,57,12,12,0.3333333333333333,0,0,23,4489160.181517739,6.358904109589041,4.0
C-000507175,S-0082,-100.0,1,2,女性,52,10,12,0.5833333333333334,0,0,17,4607261.71451126,4.758904109589041,2.0
C-002367880,S-0019,3.5117938622701863,0,2,男性,59,2,12,0.25,0,0,19,4327199.920883598,4.090410958904109,1.0
C-001984840,S-0039,-41.53985457031719,0,2,女性,18,4,12,0.4166666666666667,0,0,16,4591288.568998441,8.193150684931506,5.0
C-000073541,S-0005,-7.418567816702574,0,2,女性,39,12,12,0.5,0,0,21,4733942.970761149,4.69041095890411,2.0
C-001491064,S-0059,-51.32210951932797,1,2,男性,70,6,12,0.4166666666666667,0,0,14,4713188.969095345,6.8123287671232875,3.0
C-000302627,S-0054,-46.120884888310535,0,2,女性,42,11,12,0.25,0,0,23,4489160.181517739,6.358904109589041,4.0
C-001836483,S-0017,-24.419048345861793,0,2,女性,73,4,12,0.75,0,0,20,4640207.03550726,5.608219178082192,2.5
C-001184818,S-0062,-7.561650876721611,0,2,女性,32,7,12,0.8333333333333334,0,0,15,4713869.782113416,4.575342465753424,1.0
C-001161049,S-0036,-100.0,1,2,男性,61,7,12,0.25,0,0,19,4397834.424680548,11.123287671232877,9.0
C-000552575,S-0030,-100.0,1,2,女性,61,10,12,0.4166666666666667,0,0,22,4426478.045479023,9.236986301369862,5.5
C-001914358,S-0056,-42.48438673840293,0,2,男性,45,4,12,0.5833333333333334,10297,1,15,4406070.585753419,7.528767123287671,4.0
C-001306168,S-0039,-42.12371291573538,0,2,女性,70,7,12,0.0,0,0,16,4591288.568998441,8.193150684931506,5.0
C-000197863,S-0036,-5.504560472342777,0,2,男性,70,12,12,0.1666666666666666,30457,2,19,4397834.424680548,11.123287671232877,9.0
C-000389206,S-0063,-100.0,1,2,男性,82,11,12,0.3333333333333333,0,0,18,4564012.176421695,5.749315068493151,3.0
C-002350515,S-0005,-10.771664388942096,0,2,男性,63,2,12,0.8333333333333334,0,0,21,4733942.970761149,4.69041095890411,2.0
C-001412446,S-0036,-13.56612322108768,0,2,女性,60,6,12,0.1666666666666666,12418,1,19,4397834.424680548,11.123287671232877,9.0
C-000768933,S-0121,-90.09931200110238,1,2,女性,61,9,12,0.3333333333333333,0,0,14,4716268.25678644,9.856164383561644,7.0
C-001717226,S-0100,-30.337394181380006,0,2,男性,47,5,12,0.3333333333333333,0,0,17,4535925.154217558,4.720547945205479,2.0
C-001094582,S-0039,-35.39126647153889,0,2,女性,56,8,12,1.0,2316,2,16,4591288.568998441,8.193150684931506,5.0
C-002153947,S-0074,-16.61253286385587,0,2,女性,36,3,12,0.6666666666666666,0,0,14,4614054.39694187,8.308219178082192,6.0
C-000137570,S-0056,-62.076607816261266,1,2,男性,22,12,12,0.1666666666666666,0,0,15,4406070.585753419,7.528767123287671,4.0
C-000301499,S-0075,-10.090518799486995,0,2,女性,44,11,12,0.8333333333333334,0,0,19,4506647.2743158825,4.526027397260274,1.0
C-000378451,S-0072,-6.77265000252467,0,2,女性,36,11,12,0.6666666666666666,0,0,12,4406797.312641796,9.01917808219178,6.0
C-000369496,S-0036,-65.83629180791715,1,2,女性,56,11,12,0.0,0,0,19,4397834.424680548,11.123287671232877,9.0
C-002339988,S-0012,-27.640383645336186,0,2,男性,52,2,12,0.25,4786,1,16,4444678.825084195,7.994520547945205,5.0
C-000161329,S-0039,-49.43792377007099,1,2,女性,54,12,12,0.75,0,0,16,4591288.568998441,8.193150684931506,5.0
C-000755668,S-0050,-51.473630679257056,1,2,男性,29,9,12,0.5833333333333334,15025,1,20,4615411.181286601,9.2013698630137,6.0
C-000130647,S-0059,-91.04526684026408,1,2,女性,51,12,12,0.5,18096,1,14,4713188.969095345,6.8123287671232875,3.0
C-001733858,S-0089,-80.80455749337864,1,2,女性,56,5,12,0.5833333333333334,12929,1,19,4721110.949352573,10.142465753424657,7.0
C-000986357,S-0030,-100.0,1,2,男性,35,8,12,0.9166666666666666,0,0,22,4426478.045479023,9.236986301369862,5.5
C-001790654,S-0063,-3.1913562139434832,0,2,男性,39,5,12,0.5,66183,1,18,4564012.176421695,5.749315068493151,3.0
C-001513453,S-0082,-30.364007604027314,0,2,男性,56,6,12,0.3333333333333333,45719,1,17,4607261.71451126,4.758904109589041,2.0
C-002025164,S-0005,-5.282188888400123,0,2,女性,73,3,12,0.25,0,0,21,4733942.970761149,4.69041095890411,2.0
C-002071205,S-0082,-29.780544437718532,0,2,女性,54,3,12,1.0,0,0,17,4607261.71451126,4.758904109589041,2.0
C-000068593,S-0131,-98.43576186225366,1,2,男性,77,12,12,0.5833333333333334,0,0,17,4569023.5643747775,5.13972602739726,2.0
C-001318278,S-0012,-78.7484419993983,1,2,女性,48,7,12,0.25,20542,2,16,4444678.825084195,7.994520547945205,5.0
C-001661141,S-0039,-31.205708046782775,0,2,男性,48,5,12,0.4166666666666667,0,0,16,4591288.568998441,8.193150684931506,5.0
C-002378662,S-0054,-55.29543738223196,1,2,男性,51,2,12,0.1666666666666666,1260,1,23,4489160.181517739,6.358904109589041,4.0
C-000668340,S-0063,-4.9078393227038815,0,2,女性,46,10,12,0.5,0,0,18,4564012.176421695,5.749315068493151,3.0
C-000585734,S-0063,-95.76272436322877,1,2,女性,43,10,12,0.3333333333333333,7533,1,18,4564012.176421695,5.749315068493151,3.0
C-002669011,S-0018,-100.0,1,2,男性,48,1,12,0.25,1164,1,16,4493108.581950108,7.550684931506849,5.0
C-000917640,S-0126,-24.644831050466273,0,2,女性,39,8,12,0.25,0,0,17,4493168.352495564,5.53972602739726,3.0
C-000068164,S-0005,-21.116090514187313,0,2,女性,60,12,12,0.3333333333333333,15204,1,21,4733942.970761149,4.69041095890411,2.0
C-001069514,S-0020,-45.085661062554685,0,2,男性,39,8,12,0.5833333333333334,17331,2,16,4280702.057267675,6.986301369863014,3.5
C-000915242,S-0075,-14.001259217199516,0,2,女性,41,8,12,0.3333333333333333,0,0,19,4506647.2743158825,4.526027397260274,1.0
C-000928635,S-0111,-25.02483108729507,0,2,女性,33,8,12,0.75,14429,1,19,4489501.980758176,6.397260273972603,4.0
C-001847747,S-0002,-37.77884619872941,0,2,女性,63,4,12,0.1666666666666666,0,0,15,4455566.655169959,5.663013698630137,2.0
C-001840202,S-0017,-24.503241467527182,0,2,男性,70,4,12,0.3333333333333333,53788,1,20,4640207.03550726,5.608219178082192,2.5
C-001017433,S-0019,-12.149917766768318,0,2,女性,65,8,12,0.3333333333333333,48259,1,19,4327199.920883598,4.090410958904109,1.0
C-001106399,S-0040,-100.0,1,2,女性,49,8,12,0.25,0,0,20,4550116.0180538,8.163013698630138,4.0
C-000786811,S-0030,-44.608511502422324,0,2,女性,33,9,12,0.25,0,0,22,4426478.045479023,9.236986301369862,5.5
C-001754571,S-0113,-100.0,1,2,女性,59,5,12,0.1666666666666666,12555,2,16,4336633.961311346,5.77945205479452,2.5
C-000332088,S-0039,-35.83737691980443,0,2,男性,28,11,12,0.6666666666666666,22574,2,16,4591288.568998441,8.193150684931506,5.0
C-000844954,S-0030,-100.0,1,2,女性,42,9,12,0.3333333333333333,11114,1,22,4426478.045479023,9.236986301369862,5.5
C-000799467,S-0054,-24.63778545384763,0,2,男性,58,9,12,0.3333333333333333,0,0,23,4489160.181517739,6.358904109589041,4.0
C-000738017,S-0017,-7.819078551666066,0,2,女性,53,9,12,0.8333333333333334,0,0,20,4640207.03550726,5.608219178082192,2.5
C-001120039,S-0007,-49.231975326722775,1,2,女性,42,8,12,0.1666666666666666,5329,1,21,4487075.727367008,3.7260273972602738,1.0
C-000370198,S-0100,-11.957698447014153,0,2,男性,59,11,12,0.25,11911,1,17,4535925.154217558,4.720547945205479,2.0
C-001076228,S-0126,2.5044690755288657,0,2,男性,66,8,12,0.75,105205,1,17,4493168.352495564,5.53972602739726,3.0
C-000998136,S-0096,-54.602981874665005,1,2,男性,46,8,12,0.25,8942,1,16,4644856.458098179,8.302739726027397,5.0
C-001230627,S-0097,-2.857975384928472,0,2,男性,76,7,12,0.5,13409,1,21,4592508.716501317,10.09041095890411,7.0
C-001339145,S-0117,-19.872169288208337,0,2,男性,41,7,12,0.4166666666666667,9052,1,20,4500859.737076383,9.593150684931507,7.0
C-001596324,S-0039,-9.105851286260783,0,2,女性,46,5,12,0.1666666666666666,0,0,16,4591288.568998441,8.193150684931506,5.0
C-001966285,S-0131,-34.114357148953474,0,2,男性,35,4,12,0.5,0,0,17,4569023.5643747775,5.13972602739726,2.0
C-001740745,S-0062,-92.96963698291171,1,2,女性,52,5,12,0.25,11298,1,15,4713869.782113416,4.575342465753424,1.0
C-000696623,S-0054,-59.995772385220256,1,2,女性,43,9,12,0.75,0,0,23,4489160.181517739,6.358904109589041,4.0
C-001452453,S-0082,-34.7534449656111,0,2,女性,55,6,12,0.1666666666666666,39008,2,17,4607261.71451126,4.758904109589041,2.0
C-001176016,S-0004,-63.653417122796675,1,2,女性,59,7,12,0.0833333333333333,0,0,22,4423576.351309,11.806849315068494,9.0
C-001374653,S-0019,-15.332820080409626,0,2,女性,39,6,12,0.5833333333333334,0,0,19,4327199.920883598,4.090410958904109,1.0
C-000584226,S-0054,-83.72594897889644,1,2,男性,51,10,12,0.4166666666666667,11590,1,23,4489160.181517739,6.358904109589041,4.0
C-002559544,S-0017,-97.45309731833255,1,2,男性,33,1,12,0.5833333333333334,0,0,20,4640207.03550726,5.608219178082192,2.5
C-001430659,S-0054,-15.619435745251153,0,2,女性,57,6,12,0.4166666666666667,7991,1,23,4489160.181517739,6.358904109589041,4.0
C-002378178,S-0085,-36.127974517519206,0,2,女性,51,2,12,0.5,0,0,15,4606655.398026554,4.928767123287671,2.0
C-000333583,S-0056,-100.0,1,2,女性,52,11,12,0.4166666666666667,20026,1,15,4406070.585753419,7.528767123287671,4.0
C-000727818,S-0019,-2.152356568827659,0,2,男性,42,9,12,0.5833333333333334,0,0,19,4327199.920883598,4.090410958904109,1.0
C-000073526,S-0063,-51.004767046801334,1,2,女性,44,12,12,0.5,0,0,18,4564012.176421695,5.749315068493151,3.0
C-002121306,S-0072,-51.19532472778068,1,2,男性,48,3,12,0.3333333333333333,1277,1,12,4406797.312641796,9.01917808219178,6.0
C-001225373,S-0005,-23.99536746485161,0,2,女性,54,7,12,0.25,0,0,21,4733942.970761149,4.69041095890411,2.0
C-001631510,S-0039,-30.225346355048256,0,2,女性,47,5,12,0.4166666666666667,3887,1,16,4591288.568998441,8.193150684931506,5.0
C-001626532,S-0117,-100.0,1,2,男性,53,5,12,0.1666666666666666,0,0,20,4500859.737076383,9.593150684931507,7.0
C-002595668,S-0059,-29.752531664767286,0,2,男性,63,1,12,0.5,0,0,14,4713188.969095345,6.8123287671232875,3.0
C-000269281,S-0059,-54.873738996337465,1,2,女性,50,11,12,0.3333333333333333,0,0,14,4713188.969095345,6.8123287671232875,3.0
C-001492447,S-0059,-9.955951354974623,0,2,女性,60,6,12,0.4166666666666667,22674,1,14,4713188.969095345,6.8123287671232875,3.0
C-002099438,S-0019,7.624650407482032,0,2,女性,46,3,12,0.5,11084,1,19,4327199.920883598,4.090410958904109,1.0
C-000765241,S-0056,-100.0,1,2,女性,21,9,12,0.5833333333333334,0,0,15,4406070.585753419,7.528767123287671,4.0
C-002346469,S-0054,-10.982456810885186,0,2,男性,63,2,12,0.5833333333333334,0,0,23,4489160.181517739,6.358904109589041,4.0
C-001152364,S-0075,-19.25315735919076,0,2,男性,43,7,12,0.5,0,0,19,4506647.2743158825,4.526027397260274,1.0
C-000868156,S-0089,-57.08815011608147,1,2,女性,41,9,12,0.0833333333333333,0,0,19,4721110.949352573,10.142465753424657,7.0
C-001669567,S-0113,-2.398762057829755,0,2,男性,58,5,12,0.8333333333333334,0,0,16,4336633.961311346,5.77945205479452,2.5
C-001014463,S-0002,-69.8038829210604,1,2,男性,52,8,12,0.0833333333333333,57875,1,15,4455566.655169959,5.663013698630137,2.0
C-001926177,S-0062,-10.675377070132349,0,2,女性,31,4,12,0.9166666666666666,0,0,15,4713869.782113416,4.575342465753424,1.0
C-001207114,S-0017,-7.330617715820893,0,2,女性,42,7,12,0.3333333333333333,0,0,20,4640207.03550726,5.608219178082192,2.5
C-002405219,S-0099,-30.928830753730434,0,2,男性,46,2,12,0.3333333333333333,1798,1,13,4464126.154078853,8.147945205479452,5.0
C-000478026,S-0113,-100.0,1,2,女性,41,10,12,0.0,38764,1,16,4336633.961311346,5.77945205479452,2.5
C-002619903,S-0008,-100.0,1,2,女性,38,1,12,0.0,-601,2,22,4498453.308937302,10.772602739726027,7.0
C-000918885,S-0096,-20.63420853126322,0,2,女性,33,8,12,1.0,10374,1,16,4644856.458098179,8.302739726027397,5.0
C-001379574,S-0099,-92.7604636634969,1,2,女性,43,6,12,0.1666666666666666,9033,2,13,4464126.154078853,8.147945205479452,5.0
C-000327472,S-0040,-51.25987140622888,1,2,男性,36,11,12,0.5833333333333334,30581,2,20,4550116.0180538,8.163013698630138,4.0
C-002626359,S-0121,-54.30176494006281,1,2,女性,49,1,12,0.1666666666666666,28666,2,14,4716268.25678644,9.856164383561644,7.0
C-002122749,S-0082,-31.04068704863637,0,2,男性,50,3,12,0.3333333333333333,0,0,17,4607261.71451126,4.758904109589041,2.0
C-000105856,S-0019,-29.959149885727655,0,2,女性,55,12,12,0.5,4604,2,19,4327199.920883598,4.090410958904109,1.0
C-000624467,S-0017,-65.08251619242415,1,2,女性,36,10,12,0.6666666666666666,32074,2,20,4640207.03550726,5.608219178082192,2.5
C-000632269,S-0050,-25.180081179031312,0,2,女性,53,10,12,0.0833333333333333,14195,1,20,4615411.181286601,9.2013698630137,6.0
C-000094180,S-0002,-20.49767258078506,0,2,男性,60,12,12,0.1666666666666666,2254,2,15,4455566.655169959,5.663013698630137,2.0
C-000318138,S-0072,-100.0,1,2,女性,24,11,12,0.1666666666666666,0,0,12,4406797.312641796,9.01917808219178,6.0
C-000389960,S-0099,-100.0,1,2,女性,73,11,12,0.0833333333333333,0,0,13,4464126.154078853,8.147945205479452,5.0
C-001344443,S-0106,-100.0,1,2,女性,41,7,12,0.75,4600,2,20,4462729.145118021,6.171232876712329,3.5
C-002435586,S-0079,-100.0,1,2,女性,52,2,12,0.0833333333333333,0,0,13,4256656.371085242,8.479452054794521,6.0
C-001541956,S-0085,-14.939416503079944,0,2,女性,68,6,12,0.75,0,0,15,4606655.398026554,4.928767123287671,2.0
C-000583026,S-0039,-39.85222634133437,0,2,女性,48,10,12,0.0833333333333333,2867,1,16,4591288.568998441,8.193150684931506,5.0
C-001427690,S-0062,-43.39625409914239,0,2,女性,33,6,12,0.1666666666666666,0,0,15,4713869.782113416,4.575342465753424,1.0
C-001165605,S-0111,-100.0,1,2,男性,36,7,12,0.4166666666666667,13488,1,19,4489501.980758176,6.397260273972603,4.0
C-001220263,S-0039,-12.661762910511538,0,2,女性,49,7,12,0.25,0,0,16,4591288.568998441,8.193150684931506,5.0
C-002130024,S-0121,-100.0,1,2,男性,46,3,12,0.1666666666666666,16641,1,14,4716268.25678644,9.856164383561644,7.0
C-001206102,S-0106,-63.030586766541816,1,2,女性,74,7,12,0.25,0,0,20,4462729.145118021,6.171232876712329,3.5
C-000781298,S-0040,-100.0,1,2,男性,62,9,12,0.25,0,0,20,4550116.0180538,8.163013698630138,4.0
C-002568212,S-0054,1.1627181096867032,0,2,男性,46,1,12,0.25,2612,1,23,4489160.181517739,6.358904109589041,4.0
C-000229650,S-0018,-99.87505085139769,1,2,男性,22,11,12,0.25,0,0,16,4493108.581950108,7.550684931506849,5.0
C-002253452,S-0040,-100.0,1,2,女性,68,2,12,0.6666666666666666,1812,1,20,4550116.0180538,8.163013698630138,4.0
C-001580709,S-0020,-48.50638417286376,0,2,女性,31,5,12,0.3333333333333333,6240,1,16,4280702.057267675,6.986301369863014,3.5
C-000200525,S-0100,-11.684030394651677,0,2,女性,32,12,12,0.1666666666666666,0,0,17,4535925.154217558,4.720547945205479,2.0
C-000977517,S-0121,-53.92908889457087,1,2,女性,33,8,12,0.8333333333333334,5324,2,14,4716268.25678644,9.856164383561644,7.0
C-000924435,S-0036,-9.906349381066986,0,2,男性,48,8,12,0.75,0,0,19,4397834.424680548,11.123287671232877,9.0
C-002648198,S-0096,-37.412490080477966,0,2,男性,14,1,12,0.4166666666666667,0,0,16,4644856.458098179,8.302739726027397,5.0
C-002175105,S-0017,-57.08377453462855,1,2,女性,58,3,12,0.3333333333333333,8595,1,20,4640207.03550726,5.608219178082192,2.5
C-002629127,S-0005,-82.92110564243141,1,2,男性,62,1,12,0.6666666666666666,7204,1,21,4733942.970761149,4.69041095890411,2.0
C-000252439,S-0017,-34.428865067247884,0,2,女性,57,11,12,0.1666666666666666,0,0,20,4640207.03550726,5.608219178082192,2.5
C-002037894,S-0007,-45.941481737362665,0,2,男性,52,3,12,0.0833333333333333,12615,1,21,4487075.727367008,3.7260273972602738,1.0
C-000787203,S-0096,-41.44276664063178,0,2,男性,63,9,12,0.25,64489,1,16,4644856.458098179,8.302739726027397,5.0
C-000282076,S-0041,-59.19208092046444,1,2,男性,46,11,12,0.3333333333333333,0,0,17,4828489.286769263,10.389041095890411,7.0
C-002350170,S-0131,-58.78459907126403,1,2,男性,34,2,12,0.4166666666666667,23048,1,17,4569023.5643747775,5.13972602739726,2.0
C-000362330,S-0131,-15.279697774266927,0,2,女性,36,11,12,0.4166666666666667,0,0,17,4569023.5643747775,5.13972602739726,2.0
C-001689172,S-0113,-37.855350776253985,0,2,女性,65,5,12,0.0,0,0,16,4336633.961311346,5.77945205479452,2.5
C-001735054,S-0050,-4.7977400606664045,0,2,男性,47,5,12,0.3333333333333333,179654,1,20,4615411.181286601,9.2013698630137,6.0
C-000320834,S-0085,-7.992996941565529,0,2,男性,43,11,12,0.5,0,0,15,4606655.398026554,4.928767123287671,2.0
C-001007245,S-0059,-100.0,1,2,女性,33,8,12,0.6666666666666666,53547,1,14,4713188.969095345,6.8123287671232875,3.0
C-001828905,S-0054,-6.325427272534395,0,2,男性,48,4,12,0.3333333333333333,0,0,23,4489160.181517739,6.358904109589041,4.0
C-000170840,S-0085,-19.749919981132393,0,2,男性,34,12,12,0.4166666666666667,0,0,15,4606655.398026554,4.928767123287671,2.0
C-001894231,S-0131,-100.0,1,2,女性,59,4,12,0.5833333333333334,1764,1,17,4569023.5643747775,5.13972602739726,2.0
C-000076248,S-0002,-14.485797158711492,0,2,男性,36,12,12,0.3333333333333333,1528,2,15,4455566.655169959,5.663013698630137,2.0
C-002094430,S-0082,-80.90623961448986,1,2,女性,56,3,12,0.0833333333333333,0,0,17,4607261.71451126,4.758904109589041,2.0
C-000897904,S-0131,-40.42908873388381,0,2,男性,52,9,12,0.3333333333333333,0,0,17,4569023.5643747775,5.13972602739726,2.0
C-000909760,S-0131,-72.44966153580822,1,2,女性,47,8,12,0.5,88406,1,17,4569023.5643747775,5.13972602739726,2.0
C-002569265,S-0126,-17.085534044344133,0,2,男性,67,1,12,0.5833333333333334,0,0,17,4493168.352495564,5.53972602739726,3.0
C-000775269,S-0005,-6.785386114459237,0,2,女性,44,9,12,0.5,0,0,21,4733942.970761149,4.69041095890411,2.0
C-001077506,S-0054,-6.9961653174265015,0,2,男性,51,8,12,0.4166666666666667,0,0,23,4489160.181517739,6.358904109589041,4.0
C-001029047,S-0054,-32.20645954288747,0,2,女性,52,8,12,0.3333333333333333,11141,1,23,4489160.181517739,6.358904109589041,4.0
C-002045337,S-0111,-66.30291371223794,1,2,男性,49,3,12,0.0833333333333333,5525,1,19,4489501.980758176,6.397260273972603,4.0
C-001914259,S-0072,-100.0,1,2,女性,49,4,12,0.1666666666666666,0,0,12,4406797.312641796,9.01917808219178,6.0
C-002678641,S-0121,-100.0,1,2,男性,44,1,12,0.4166666666666667,6342,1,14,4716268.25678644,9.856164383561644,7.0
C-002023743,S-0036,-100.0,1,2,女性,89,3,12,0.3333333333333333,0,0,19,4397834.424680548,11.123287671232877,9.0
C-001390446,S-0059,-24.060339409176617,0,2,女性,42,6,12,0.25,0,0,14,4713188.969095345,6.8123287671232875,3.0
C-000381015,S-0063,-0.8944373437970644,0,2,男性,47,11,12,0.0833333333333333,0,0,18,4564012.176421695,5.749315068493151,3.0
C-000603953,S-0054,-64.35139027362358,1,2,男性,72,10,12,0.4166666666666667,36869,1,23,4489160.181517739,6.358904109589041,4.0
C-000382105,S-0005,-96.13399374348279,1,2,女性,20,11,12,0.5833333333333334,40929,2,21,4733942.970761149,4.69041095890411,2.0
C-002645210,S-0004,-33.85433026983757,0,2,男性,55,1,12,0.5,145783,1,22,4423576.351309,11.806849315068494,9.0
C-001092961,S-0079,-46.80876680358044,0,2,女性,57,8,12,0.5833333333333334,6864,1,13,4256656.371085242,8.479452054794521,6.0
C-001354174,S-0036,-100.0,1,2,女性,45,6,12,0.0833333333333333,0,0,19,4397834.424680548,11.123287671232877,9.0
C-002219235,S-0018,-100.0,1,2,女性,77,3,12,0.0,0,0,16,4493108.581950108,7.550684931506849,5.0
C-000238438,S-0008,-34.795567870907774,0,2,女性,35,11,12,0.3333333333333333,15116,2,22,4498453.308937302,10.772602739726027,7.0
C-002162046,S-0063,-32.867204933984965,0,2,女性,69,3,12,0.3333333333333333,4310,1,18,4564012.176421695,5.749315068493151,3.0
C-000443874,S-0017,-29.264281714032286,0,2,女性,42,11,12,0.25,0,0,20,4640207.03550726,5.608219178082192,2.5
C-001349046,S-0099,-100.0,1,2,男性,41,7,12,0.5,0,0,13,4464126.154078853,8.147945205479452,5.0
C-001237954,S-0096,-57.01650003066921,1,2,女性,62,7,12,0.4166666666666667,12566,1,16,4644856.458098179,8.302739726027397,5.0
C-002388509,S-0054,-35.035195967671854,0,2,女性,42,2,12,0.5,0,0,23,4489160.181517739,6.358904109589041,4.0
C-001691576,S-0062,-14.522024146387475,0,2,女性,54,5,12,0.5,0,0,15,4713869.782113416,4.575342465753424,1.0
C-001080177,S-0018,-18.10028228035969,0,2,男性,58,8,12,0.75,0,0,16,4493108.581950108,7.550684931506849,5.0
C-001297524,S-0014,-62.517492855031044,1,2,女性,45,7,12,0.25,4941,1,21,4730192.353344672,7.336986301369863,4.0
C-001013136,S-0075,-21.93101846306842,0,2,女性,65,8,12,0.5,0,0,19,4506647.2743158825,4.526027397260274,1.0
C-000442860,S-0072,-32.133557926702686,0,2,女性,40,11,12,0.0833333333333333,46042,1,12,4406797.312641796,9.01917808219178,6.0
C-001419471,S-0017,-100.0,1,2,女性,42,6,12,0.3333333333333333,2037,1,20,4640207.03550726,5.608219178082192,2.5
C-001069708,S-0017,-45.51764183862963,0,2,男性,41,8,12,0.5833333333333334,0,0,20,4640207.03550726,5.608219178082192,2.5
C-002223790,S-0007,-100.0,1,2,男性,55,3,12,0.75,0,0,21,4487075.727367008,3.7260273972602738,1.0
C-002598331,S-0082,-77.53711311969323,1,2,男性,60,1,12,0.25,0,0,17,4607261.71451126,4.758904109589041,2.0
C-001854948,S-0017,-5.206229316209512,0,2,女性,67,4,12,0.25,4903,2,20,4640207.03550726,5.608219178082192,2.5
C-000772152,S-0113,-100.0,1,2,男性,74,9,12,0.0833333333333333,0,0,16,4336633.961311346,5.77945205479452,2.5
C-002221430,S-0007,-34.209631202457274,0,2,女性,35,3,12,0.25,0,0,21,4487075.727367008,3.7260273972602738,1.0
C-002266395,S-0131,-42.38117127884527,0,2,女性,35,2,12,0.5833333333333334,5735,1,17,4569023.5643747775,5.13972602739726,2.0
C-000524482,S-0056,-16.449299659293708,0,2,女性,36,10,12,0.1666666666666666,0,0,15,4406070.585753419,7.528767123287671,4.0
C-001897059,S-0115,-22.49840328537533,0,2,男性,60,4,12,0.3333333333333333,0,0,14,4553643.099564746,10.51095890410959,7.0
C-002049911,S-0007,-1.0754772165860293,0,2,男性,40,3,12,0.3333333333333333,4906,1,21,4487075.727367008,3.7260273972602738,1.0
C-002183161,S-0100,-58.782117488354444,1,2,女性,51,3,12,0.25,9062,1,17,4535925.154217558,4.720547945205479,2.0
C-000214295,S-0126,-49.58147241717534,1,2,女性,49,12,12,0.6666666666666666,0,0,17,4493168.352495564,5.53972602739726,3.0
C-000588833,S-0056,-80.52793856012366,1,2,男性,56,10,12,0.0833333333333333,19510,1,15,4406070.585753419,7.528767123287671,4.0
C-001213776,S-0074,-35.310856674001414,0,2,女性,36,7,12,0.25,4449,1,14,4614054.39694187,8.308219178082192,6.0
C-000458804,S-0075,-20.02550116880357,0,2,女性,74,10,12,0.75,0,0,19,4506647.2743158825,4.526027397260274,1.0
C-002614437,S-0017,-8.359068607212484,0,2,女性,68,1,12,0.0,0,0,20,4640207.03550726,5.608219178082192,2.5
C-002107017,S-0002,-26.35254424539133,0,2,女性,50,3,12,0.4166666666666667,7494,1,15,4455566.655169959,5.663013698630137,2.0
C-002152222,S-0082,-12.032305179265645,0,2,女性,41,3,12,1.0,0,0,17,4607261.71451126,4.758904109589041,2.0
C-000404377,S-0059,-17.380791588871674,0,2,男性,55,11,12,0.5,12541,1,14,4713188.969095345,6.8123287671232875,3.0
C-002411099,S-0089,-71.45586017555392,1,2,男性,44,2,12,0.25,0,0,19,4721110.949352573,10.142465753424657,7.0
C-001743991,S-0082,-24.747465117055103,0,2,女性,40,5,12,0.3333333333333333,0,0,17,4607261.71451126,4.758904109589041,2.0
C-002378847,S-0111,-60.10857297280112,1,2,男性,56,2,12,0.5833333333333334,0,0,19,4489501.980758176,6.397260273972603,4.0
C-001218293,S-0019,-6.484320275671361,0,2,女性,32,7,12,0.1666666666666666,0,0,19,4327199.920883598,4.090410958904109,1.0
C-001130834,S-0059,-17.176180444946823,0,2,男性,20,7,12,0.9166666666666666,2719,1,14,4713188.969095345,6.8123287671232875,3.0
C-002023557,S-0075,-89.53735289685312,1,2,女性,35,3,12,0.6666666666666666,759,1,19,4506647.2743158825,4.526027397260274,1.0
C-001491855,S-0082,-60.08822846528906,1,2,男性,32,6,12,0.25,0,0,17,4607261.71451126,4.758904109589041,2.0
C-001515410,S-0054,-100.0,1,2,女性,59,6,12,1.0,0,0,23,4489160.181517739,6.358904109589041,4.0
C-000306059,S-0085,-58.21900168570894,1,2,男性,47,11,12,0.3333333333333333,0,0,15,4606655.398026554,4.928767123287671,2.0
C-001457956,S-0126,-22.49779792804031,0,2,女性,43,6,12,0.1666666666666666,0,0,17,4493168.352495564,5.53972602739726,3.0
C-001775389,S-0089,-100.0,1,2,女性,45,5,12,0.1666666666666666,0,0,19,4721110.949352573,10.142465753424657,7.0
C-000325606,S-0050,-32.275743111898,0,2,女性,48,11,12,0.1666666666666666,32112,1,20,4615411.181286601,9.2013698630137,6.0
C-000411100,S-0126,-88.98350652111391,1,2,男性,32,11,12,0.5833333333333334,0,0,17,4493168.352495564,5.53972602739726,3.0
C-001693275,S-0059,-9.509365532509904,0,2,男性,38,5,12,0.5,30618,2,14,4713188.969095345,6.8123287671232875,3.0
C-002191364,S-0059,-100.0,1,2,女性,51,3,12,0.5,0,0,14,4713188.969095345,6.8123287671232875,3.0
C-001050279,S-0063,-49.17864997462358,1,2,女性,49,8,12,0.25,0,0,18,4564012.176421695,5.749315068493151,3.0
C-000663037,S-0131,-35.97466251834256,0,2,女性,57,10,12,0.3333333333333333,23369,1,17,4569023.5643747775,5.13972602739726,2.0
C-002502150,S-0036,-26.306732550031114,0,2,男性,31,1,12,0.5,66835,1,19,4397834.424680548,11.123287671232877,9.0
C-000426185,S-0054,-24.105086019572923,0,2,男性,52,11,12,0.0833333333333333,34951,2,23,4489160.181517739,6.358904109589041,4.0
C-000237383,S-0113,-47.596555491292335,0,2,女性,44,11,12,0.1666666666666666,8260,2,16,4336633.961311346,5.77945205479452,2.5
C-000215120,S-0131,-34.23539861302481,0,2,女性,45,12,12,0.5,0,0,17,4569023.5643747775,5.13972602739726,2.0
C-000911900,S-0020,-41.767412003851504,0,2,女性,57,8,12,0.5,22898,2,16,4280702.057267675,6.986301369863014,3.5
C-000609400,S-0004,-26.250304952427424,0,2,女性,41,10,12,0.75,1215,1,22,4423576.351309,11.806849315068494,9.0
C-000395456,S-0054,-51.31053461757895,1,2,女性,53,11,12,0.5833333333333334,0,0,23,4489160.181517739,6.358904109589041,4.0
C-001002675,S-0039,-69.83943741407876,1,2,女性,46,8,12,0.4166666666666667,0,0,16,4591288.568998441,8.193150684931506,5.0
C-002087521,S-0111,-23.917434594646885,0,2,女性,42,3,12,0.0,1768,1,19,4489501.980758176,6.397260273972603,4.0
C-000481538,S-0111,-100.0,1,2,女性,41,10,12,0.1666666666666666,4027,2,19,4489501.980758176,6.397260273972603,4.0
C-001375208,S-0079,-33.85697960577165,0,2,男性,63,6,12,0.1666666666666666,21104,1,13,4256656.371085242,8.479452054794521,6.0
C-001507687,S-0056,-8.087404391232479,0,2,女性,28,6,12,0.5,0,0,15,4406070.585753419,7.528767123287671,4.0
C-001200500,S-0019,-2.125133440998549,0,2,女性,36,7,12,0.6666666666666666,73791,1,19,4327199.920883598,4.090410958904109,1.0
C-001775197,S-0062,1.806914326074869,0,2,女性,60,5,12,0.75,23338,2,15,4713869.782113416,4.575342465753424,1.0
C-000340019,S-0036,-100.0,1,2,男性,36,11,12,0.3333333333333333,0,0,19,4397834.424680548,11.123287671232877,9.0
C-000275119,S-0099,-100.0,1,2,男性,47,11,12,0.3333333333333333,0,0,13,4464126.154078853,8.147945205479452,5.0
C-001493724,S-0005,-17.033560197136822,0,2,女性,53,6,12,0.1666666666666666,4898,1,21,4733942.970761149,4.69041095890411,2.0
C-002036720,S-0126,-71.74084112966686,1,2,女性,70,3,12,0.5,0,0,17,4493168.352495564,5.53972602739726,3.0
C-000398492,S-0075,-37.838358911081976,0,2,男性,50,11,12,0.8333333333333334,0,0,19,4506647.2743158825,4.526027397260274,1.0
C-002305756,S-0059,-100.0,1,2,男性,46,2,12,0.5833333333333334,0,0,14,4713188.969095345,6.8123287671232875,3.0
C-001808456,S-0030,-22.92762714536022,0,2,女性,18,4,12,0.3333333333333333,85393,1,22,4426478.045479023,9.236986301369862,5.5
C-001527685,S-0111,-54.414241194422765,1,2,男性,35,6,12,0.3333333333333333,7300,1,19,4489501.980758176,6.397260273972603,4.0
C-001737941,S-0056,-71.54048651388028,1,2,女性,66,5,12,0.5,13364,1,15,4406070.585753419,7.528767123287671,4.0
C-001225298,S-0075,-27.504907158811452,0,2,女性,58,7,12,0.1666666666666666,22807,1,19,4506647.2743158825,4.526027397260274,1.0
C-002574135,S-0054,-52.400155647529104,1,2,女性,49,1,12,0.5,0,0,23,4489160.181517739,6.358904109589041,4.0
C-000489009,S-0059,-16.7291842772612,0,2,女性,53,10,12,0.75,14346,1,14,4713188.969095345,6.8123287671232875,3.0
C-002031850,S-0054,-73.38655603050876,1,2,男性,52,3,12,0.4166666666666667,5691,1,23,4489160.181517739,6.358904109589041,4.0
C-002140339,S-0059,-40.41948371235403,0,2,女性,26,3,12,0.25,7536,1,14,4713188.969095345,6.8123287671232875,3.0
C-001414271,S-0054,-64.05385482244685,1,2,女性,46,6,12,0.4166666666666667,0,0,23,4489160.181517739,6.358904109589041,4.0
C-000962447,S-0126,-44.40459458149566,0,2,男性,26,8,12,0.75,0,0,17,4493168.352495564,5.53972602739726,3.0
C-001461184,S-0106,-100.0,1,2,女性,57,6,12,0.4166666666666667,0,0,20,4462729.145118021,6.171232876712329,3.5
C-000962645,S-0004,-85.11934792205335,1,2,女性,56,8,12,0.3333333333333333,4186,2,22,4423576.351309,11.806849315068494,9.0
C-002518626,S-0017,-53.63188905940633,1,2,男性,20,1,12,0.0833333333333333,15582,2,20,4640207.03550726,5.608219178082192,2.5
C-002182587,S-0048,-100.0,1,2,男性,87,3,12,0.3333333333333333,0,0,15,4502249.082895545,3.671232876712329,1.0
C-000557142,S-0036,-39.15570370980059,0,2,女性,23,10,12,0.1666666666666666,0,0,19,4397834.424680548,11.123287671232877,9.0
C-001427660,S-0002,-100.0,1,2,女性,67,6,12,0.3333333333333333,0,0,15,4455566.655169959,5.663013698630137,2.0
C-002073468,S-0050,-51.04488858370351,1,2,女性,19,3,12,0.5,3593,1,20,4615411.181286601,9.2013698630137,6.0
C-000613275,S-0126,-27.671207756045536,0,2,女性,44,10,12,0.6666666666666666,0,0,17,4493168.352495564,5.53972602739726,3.0
C-001256721,S-0050,-59.598216139453385,1,2,女性,53,7,12,0.75,0,0,20,4615411.181286601,9.2013698630137,6.0
C-001827421,S-0062,-21.738591802835206,0,2,女性,50,4,12,0.5,0,0,15,4713869.782113416,4.575342465753424,1.0
C-002208144,S-0063,-63.59054997315333,1,2,女性,44,3,12,0.25,0,0,18,4564012.176421695,5.749315068493151,3.0
C-001191530,S-0039,-12.509154932118207,0,2,男性,43,7,12,0.4166666666666667,2904,2,16,4591288.568998441,8.193150684931506,5.0
C-002695284,S-0030,-100.0,1,2,女性,57,1,12,0.3333333333333333,0,0,22,4426478.045479023,9.236986301369862,5.5
C-000969803,S-0059,-100.0,1,2,女性,23,8,12,0.25,85860,1,14,4713188.969095345,6.8123287671232875,3.0
C-001638075,S-0050,-100.0,1,2,女性,36,5,12,0.0833333333333333,13883,1,20,4615411.181286601,9.2013698630137,6.0
C-001937218,S-0005,-4.497608961108951,0,2,女性,36,4,12,0.5833333333333334,0,0,21,4733942.970761149,4.69041095890411,2.0
C-001849112,S-0111,-17.577899542930403,0,2,女性,57,4,12,0.5833333333333334,10542,1,19,4489501.980758176,6.397260273972603,4.0
C-000677999,S-0085,-100.0,1,2,男性,61,9,12,0.0833333333333333,0,0,15,4606655.398026554,4.928767123287671,2.0
C-002021375,S-0007,-42.17484887342004,0,2,男性,69,4,12,0.0,17949,1,21,4487075.727367008,3.7260273972602738,1.0
C-000449818,S-0115,-100.0,1,2,女性,64,11,12,0.0833333333333333,0,0,14,4553643.099564746,10.51095890410959,7.0
C-001259774,S-0017,-34.23582279099301,0,2,男性,39,7,12,0.5,0,0,20,4640207.03550726,5.608219178082192,2.5
C-000304117,S-0056,-65.9015823335072,1,2,男性,60,11,12,0.0833333333333333,29990,1,15,4406070.585753419,7.528767123287671,4.0
C-001589465,S-0131,-39.62745495039482,0,2,女性,50,5,12,0.25,136112,1,17,4569023.5643747775,5.13972602739726,2.0
C-000564952,S-0020,-35.132605706983014,0,2,女性,54,10,12,0.75,0,0,16,4280702.057267675,6.986301369863014,3.5
C-001711575,S-0005,-58.91750374011541,1,2,女性,42,5,12,0.8333333333333334,0,0,21,4733942.970761149,4.69041095890411,2.0
C-000232352,S-0036,-86.36824359266078,1,2,男性,47,11,12,0.1666666666666666,102018,1,19,4397834.424680548,11.123287671232877,9.0
C-000008280,S-0020,-74.18293617644272,1,2,女性,57,12,12,0.4166666666666667,3359,2,16,4280702.057267675,6.986301369863014,3.5
C-002012418,S-0020,-8.76634279731686,0,2,男性,52,4,12,0.75,0,0,16,4280702.057267675,6.986301369863014,3.5
C-001734314,S-0096,-22.272658794939108,0,2,女性,56,5,12,0.5833333333333334,0,0,16,4644856.458098179,8.302739726027397,5.0
C-000508896,S-0019,-22.686251322586667,0,2,女性,46,10,12,0.5,0,0,19,4327199.920883598,4.090410958904109,1.0
C-001693073,S-0019,-13.244103332085361,0,2,女性,62,5,12,0.4166666666666667,0,0,19,4327199.920883598,4.090410958904109,1.0
C-000718370,S-0039,-7.69250325045579,0,2,男性,57,9,12,0.3333333333333333,49894,1,16,4591288.568998441,8.193150684931506,5.0
C-000452565,S-0131,-39.118280221945966,0,2,女性,33,10,12,1.0,0,0,17,4569023.5643747775,5.13972602739726,2.0
C-000608509,S-0126,-1.4004176883701316,0,2,女性,42,10,12,0.8333333333333334,21533,1,17,4493168.352495564,5.53972602739726,3.0
C-000449787,S-0131,-100.0,1,2,女性,21,11,12,0.4166666666666667,12515,1,17,4569023.5643747775,5.13972602739726,2.0
C-002465690,S-0074,-30.107516236337716,0,2,男性,50,2,12,0.1666666666666666,0,0,14,4614054.39694187,8.308219178082192,6.0
C-001609404,S-0019,-12.217466294620685,0,2,女性,32,5,12,0.3333333333333333,36532,1,19,4327199.920883598,4.090410958904109,1.0
C-002383711,S-0040,-48.2163166274926,0,2,男性,53,2,12,0.25,2074,1,20,4550116.0180538,8.163013698630138,4.0
C-001021714,S-0019,-14.632182959048878,0,2,女性,49,8,12,0.5833333333333334,5169,2,19,4327199.920883598,4.090410958904109,1.0
C-001310988,S-0059,-50.45700198457661,1,2,女性,55,7,12,0.3333333333333333,0,0,14,4713188.969095345,6.8123287671232875,3.0
C-001923607,S-0039,-48.842427672537205,1,2,女性,48,4,12,0.75,0,0,16,4591288.568998441,8.193150684931506,5.0
C-002375249,S-0017,-26.795049652394056,0,2,男性,50,2,12,0.4166666666666667,-1083,1,20,4640207.03550726,5.608219178082192,2.5
C-002510888,S-0131,-20.850748619904877,0,2,男性,34,1,12,0.6666666666666666,1773,1,17,4569023.5643747775,5.13972602739726,2.0
C-000150204,S-0019,-27.29226953286482,0,2,女性,24,12,12,0.1666666666666666,42449,2,19,4327199.920883598,4.090410958904109,1.0
C-002240998,S-0062,-16.756374220042662,0,2,男性,43,3,12,0.4166666666666667,11204,2,15,4713869.782113416,4.575342465753424,1.0
C-002595969,S-0007,-100.0,1,2,男性,49,1,12,0.75,0,0,21,4487075.727367008,3.7260273972602738,1.0
C-000194913,S-0117,-13.235224467323029,0,2,男性,46,12,12,0.6666666666666666,20960,1,20,4500859.737076383,9.593150684931507,7.0
C-000575770,S-0085,-1.7925366343355267,0,2,女性,77,10,12,0.4166666666666667,0,0,15,4606655.398026554,4.928767123287671,2.0
C-000052028,S-0082,-7.209206403573728,0,2,女性,48,12,12,0.4166666666666667,0,0,17,4607261.71451126,4.758904109589041,2.0
C-002218047,S-0082,-9.282438841983035,0,2,女性,38,3,12,0.6666666666666666,0,0,17,4607261.71451126,4.758904109589041,2.0
C-001664048,S-0050,-24.47159849037949,0,2,女性,23,5,12,0.6666666666666666,8483,1,20,4615411.181286601,9.2013698630137,6.0
C-002657049,S-0062,-8.472250608498541,0,2,男性,49,1,12,0.0,4382,1,15,4713869.782113416,4.575342465753424,1.0
C-000009572,S-0131,-92.00358985864932,1,2,女性,41,12,12,0.3333333333333333,0,0,17,4569023.5643747775,5.13972602739726,2.0
C-001678071,S-0054,-32.50971041119549,0,2,女性,46,5,12,0.1666666666666666,0,0,23,4489160.181517739,6.358904109589041,4.0
C-000713412,S-0050,-20.755343849116667,0,2,女性,48,9,12,0.5,17589,1,20,4615411.181286601,9.2013698630137,6.0
C-000358758,S-0019,-1.45417284381268,0,2,男性,49,11,12,1.0,0,0,19,4327199.920883598,4.090410958904109,1.0
C-000552978,S-0039,-62.760345271623095,1,2,女性,54,10,12,0.5,11993,1,16,4591288.568998441,8.193150684931506,5.0
C-000180075,S-0019,1.4046290203342189,0,2,女性,70,12,12,0.6666666666666666,0,0,19,4327199.920883598,4.090410958904109,1.0
C-001989214,S-0002,-100.0,1,2,男性,67,4,12,0.25,1527,2,15,4455566.655169959,5.663013698630137,2.0
C-000762997,S-0059,-35.52752849866602,0,2,男性,77,9,12,0.75,0,0,14,4713188.969095345,6.8123287671232875,3.0
C-002605982,S-0020,-45.061830173124484,0,2,女性,22,1,12,0.6666666666666666,0,0,16,4280702.057267675,6.986301369863014,3.5
C-001648703,S-0059,-60.69955065359477,1,2,男性,39,5,12,0.75,0,0,14,4713188.969095345,6.8123287671232875,3.0
C-002412868,S-0056,-17.793784208034683,0,2,女性,46,2,12,0.3333333333333333,21768,2,15,4406070.585753419,7.528767123287671,4.0
C-000311840,S-0005,-69.94986287281453,1,2,男性,43,11,12,0.3333333333333333,0,0,21,4733942.970761149,4.69041095890411,2.0
C-002558376,S-0075,-6.603279817932815,0,2,女性,42,1,12,0.6666666666666666,6066,2,19,4506647.2743158825,4.526027397260274,1.0
C-001426947,S-0117,-4.201160506110884,0,2,女性,33,6,12,0.5833333333333334,-36,2,20,4500859.737076383,9.593150684931507,7.0
C-001718295,S-0050,-41.849980481958184,0,2,男性,48,5,12,0.0833333333333333,0,0,20,4615411.181286601,9.2013698630137,6.0
C-000377604,S-0131,-100.0,1,2,男性,60,11,12,0.3333333333333333,0,0,17,4569023.5643747775,5.13972602739726,2.0
C-000904392,S-0019,-1.7879113112222191,0,2,男性,68,8,12,0.4166666666666667,7701,1,19,4327199.920883598,4.090410958904109,1.0
C-002207821,S-0085,-60.12476082323476,1,2,男性,59,3,12,0.25,47205,1,15,4606655.398026554,4.928767123287671,2.0
C-002185727,S-0059,-47.73945940018641,0,2,女性,79,3,12,0.5833333333333334,9028,1,14,4713188.969095345,6.8123287671232875,3.0
C-002466093,S-0048,-49.51906260930395,1,2,男性,33,2,12,0.25,0,0,15,4502249.082895545,3.671232876712329,1.0
C-001413549,S-0062,-1.7942240572252344,0,2,女性,69,6,12,0.4166666666666667,0,0,15,4713869.782113416,4.575342465753424,1.0
C-000011799,S-0039,-17.839595058037286,0,2,男性,41,12,12,0.5833333333333334,32595,2,16,4591288.568998441,8.193150684931506,5.0
C-002247648,S-0017,-100.0,1,2,女性,46,3,12,0.4166666666666667,0,0,20,4640207.03550726,5.608219178082192,2.5
C-000734903,S-0085,-16.335552285823553,0,2,女性,38,9,12,0.5833333333333334,0,0,15,4606655.398026554,4.928767123287671,2.0
C-002281274,S-0085,-56.25952930875715,1,2,女性,24,2,12,0.5,3109,1,15,4606655.398026554,4.928767123287671,2.0
C-001999499,S-0059,-100.0,1,2,男性,69,4,12,0.25,0,0,14,4713188.969095345,6.8123287671232875,3.0
C-002259755,S-0126,-47.66941279897043,0,2,男性,46,2,12,0.4166666666666667,0,0,17,4493168.352495564,5.53972602739726,3.0
C-000716473,S-0089,-44.04341813499917,0,2,男性,39,9,12,0.4166666666666667,0,0,19,4721110.949352573,10.142465753424657,7.0
C-002252710,S-0089,-81.38447783241656,1,2,男性,46,2,12,0.5,50932,2,19,4721110.949352573,10.142465753424657,7.0
C-001505878,S-0019,-7.509696161195782,0,2,女性,21,6,12,0.75,30409,1,19,4327199.920883598,4.090410958904109,1.0
C-001053080,S-0005,-33.71566278683542,0,2,男性,45,8,12,0.6666666666666666,0,0,21,4733942.970761149,4.69041095890411,2.0
C-001120754,S-0097,-32.772248056057286,0,2,女性,41,8,12,0.5,70868,1,21,4592508.716501317,10.09041095890411,7.0
C-000047303,S-0019,-16.672902191341528,0,2,女性,40,12,12,0.75,0,0,19,4327199.920883598,4.090410958904109,1.0
C-002172525,S-0036,-100.0,1,2,女性,32,3,12,0.3333333333333333,0,0,19,4397834.424680548,11.123287671232877,9.0
C-001360660,S-0059,-25.441087220391882,0,2,女性,21,6,12,0.25,3681,1,14,4713188.969095345,6.8123287671232875,3.0
C-002669994,S-0063,-31.667872919214357,0,2,男性,32,1,12,0.5833333333333334,44560,2,18,4564012.176421695,5.749315068493151,3.0
C-002045915,S-0121,-16.980619772345797,0,2,女性,46,3,12,0.3333333333333333,68606,1,14,4716268.25678644,9.856164383561644,7.0
C-001676411,S-0062,-37.84398955184221,0,2,女性,37,5,12,0.3333333333333333,0,0,15,4713869.782113416,4.575342465753424,1.0
C-002422570,S-0063,-38.45482011831315,0,2,男性,76,2,12,0.5,0,0,18,4564012.176421695,5.749315068493151,3.0
C-000337234,S-0131,-100.0,1,2,女性,43,11,12,0.4166666666666667,133726,1,17,4569023.5643747775,5.13972602739726,2.0
C-001896985,S-0059,-49.473423088198814,1,2,男性,68,4,12,0.0833333333333333,0,0,14,4713188.969095345,6.8123287671232875,3.0
C-002141384,S-0075,-58.21441905785289,1,2,女性,56,3,12,0.4166666666666667,5694,1,19,4506647.2743158825,4.526027397260274,1.0
C-000814251,S-0131,-29.371601972436466,0,2,男性,44,9,12,0.25,0,0,17,4569023.5643747775,5.13972602739726,2.0
C-001834968,S-0131,-51.88846473517362,1,2,女性,41,4,12,0.5,28684,2,17,4569023.5643747775,5.13972602739726,2.0
C-002204150,S-0017,-100.0,1,2,女性,37,3,12,0.75,54020,2,20,4640207.03550726,5.608219178082192,2.5
C-000895670,S-0050,-31.499707551494648,0,2,女性,46,9,12,0.1666666666666666,0,0,20,4615411.181286601,9.2013698630137,6.0
C-000435363,S-0054,-23.30821366968229,0,2,男性,42,11,12,0.25,17225,2,23,4489160.181517739,6.358904109589041,4.0
C-002440984,S-0036,-52.25725848067574,1,2,男性,47,2,12,0.5,0,0,19,4397834.424680548,11.123287671232877,9.0
C-000498367,S-0019,-1.3909464375450158,0,2,男性,60,10,12,1.0,0,0,19,4327199.920883598,4.090410958904109,1.0
C-002070853,S-0100,-33.87470503699235,0,2,女性,32,3,12,0.3333333333333333,0,0,17,4535925.154217558,4.720547945205479,2.0
C-002209494,S-0050,-36.71874226538755,0,2,男性,38,3,12,0.25,41371,1,20,4615411.181286601,9.2013698630137,6.0
C-001160826,S-0097,-10.439912991244517,0,2,女性,80,7,12,0.5833333333333334,0,0,21,4592508.716501317,10.09041095890411,7.0
C-000761246,S-0111,-48.177716334467675,0,2,男性,38,9,12,0.25,11117,1,19,4489501.980758176,6.397260273972603,4.0
C-001216203,S-0102,-53.72165669328967,1,2,女性,26,7,12,0.25,24707,1,16,4383474.364435211,10.484931506849314,7.5
C-001479441,S-0074,-9.717450652597352,0,2,女性,45,6,12,0.4166666666666667,0,0,14,4614054.39694187,8.308219178082192,6.0
C-002121336,S-0004,-100.0,1,2,男性,32,3,12,0.1666666666666666,0,0,22,4423576.351309,11.806849315068494,9.0
C-001763657,S-0113,-11.209544902479102,0,2,女性,32,5,12,0.0,0,0,16,4336633.961311346,5.77945205479452,2.5
C-000864216,S-0039,-100.0,1,2,女性,38,9,12,0.0,0,0,16,4591288.568998441,8.193150684931506,5.0
C-002647700,S-0017,-20.369672346139215,0,2,男性,58,1,12,0.1666666666666666,48510,2,20,4640207.03550726,5.608219178082192,2.5
C-001964169,S-0059,-22.741259157560265,0,2,男性,45,4,12,0.3333333333333333,7922,1,14,4713188.969095345,6.8123287671232875,3.0
C-000789700,S-0111,-22.133353923325355,0,2,女性,50,9,12,0.5833333333333334,2138,1,19,4489501.980758176,6.397260273972603,4.0
C-002336666,S-0056,-25.58911287388109,0,2,女性,50,2,12,0.25,3367,2,15,4406070.585753419,7.528767123287671,4.0
C-000280489,S-0017,-53.70354397041995,1,2,女性,76,11,12,0.1666666666666666,45267,1,20,4640207.03550726,5.608219178082192,2.5
C-001036342,S-0096,-56.50271368562869,1,2,女性,50,8,12,0.5,4550,1,16,4644856.458098179,8.302739726027397,5.0
C-001368737,S-0085,-45.39524471205805,0,2,女性,28,6,12,0.3333333333333333,0,0,15,4606655.398026554,4.928767123287671,2.0
C-000739044,S-0085,-25.269576334885812,0,2,男性,84,9,12,0.4166666666666667,0,0,15,4606655.398026554,4.928767123287671,2.0
C-002161043,S-0017,-100.0,1,2,女性,25,3,12,0.4166666666666667,7530,2,20,4640207.03550726,5.608219178082192,2.5
C-001033414,S-0019,-0.470062377697219,0,2,女性,21,8,12,0.75,0,0,19,4327199.920883598,4.090410958904109,1.0
C-002026570,S-0039,-18.783969289454184,0,2,女性,60,3,12,0.0833333333333333,0,0,16,4591288.568998441,8.193150684931506,5.0
C-000144214,S-0019,-11.516615742557605,0,2,女性,60,12,12,0.9166666666666666,0,0,19,4327199.920883598,4.090410958904109,1.0
C-001846045,S-0111,-80.2490622331283,1,2,男性,35,4,12,0.4166666666666667,0,0,19,4489501.980758176,6.397260273972603,4.0
C-000747283,S-0063,-44.67337913291936,0,2,女性,52,9,12,0.25,0,0,18,4564012.176421695,5.749315068493151,3.0
C-002478523,S-0036,-35.126342716059156,0,2,男性,34,1,12,0.3333333333333333,8077,2,19,4397834.424680548,11.123287671232877,9.0
C-001797527,S-0126,-54.065259717683055,1,2,女性,43,5,12,0.3333333333333333,11720,2,17,4493168.352495564,5.53972602739726,3.0
C-000825737,S-0017,-40.984110262487924,0,2,女性,35,9,12,0.5,5634,1,20,4640207.03550726,5.608219178082192,2.5
C-001763813,S-0099,-14.936413609649668,0,2,女性,52,5,12,0.9166666666666666,0,0,13,4464126.154078853,8.147945205479452,5.0
C-001673823,S-0054,-71.58677157522689,1,2,男性,45,5,12,0.4166666666666667,0,0,23,4489160.181517739,6.358904109589041,4.0
C-000000001,S-0126,-5.983850012196769,0,2,女性,34,13,12,0.4166666666666667,3924,1,17,4493168.352495564,5.53972602739726,3.0
C-002346398,S-0019,-14.511664461100162,0,2,男性,64,2,12,0.25,82887,1,19,4327199.920883598,4.090410958904109,1.0
C-002060509,S-0017,-36.76830594193444,0,2,男性,69,3,12,0.5,0,0,20,4640207.03550726,5.608219178082192,2.5
C-000391520,S-0039,0.05943855670572601,0,2,男性,71,11,12,0.5833333333333334,2758,1,16,4591288.568998441,8.193150684931506,5.0
C-001277660,S-0054,-99.08154927275699,1,2,女性,32,7,12,0.0833333333333333,8754,1,23,4489160.181517739,6.358904109589041,4.0
C-001772632,S-0126,-8.657094936760142,0,2,女性,46,5,12,0.8333333333333334,0,0,17,4493168.352495564,5.53972602739726,3.0
C-001243935,S-0054,-18.392619028943447,0,2,女性,56,7,12,0.5833333333333334,13351,1,23,4489160.181517739,6.358904109589041,4.0
C-000111840,S-0111,-44.40295406859588,0,2,男性,42,12,12,0.1666666666666666,0,0,19,4489501.980758176,6.397260273972603,4.0
C-001757685,S-0072,-46.77069983212693,0,2,女性,51,5,12,0.1666666666666666,21189,1,12,4406797.312641796,9.01917808219178,6.0
C-000419372,S-0039,-100.0,1,2,女性,31,11,12,0.5833333333333334,47709,1,16,4591288.568998441,8.193150684931506,5.0
C-002580582,S-0020,-33.65450737066751,0,2,男性,47,1,12,0.3333333333333333,4938,1,16,4280702.057267675,6.986301369863014,3.5
C-000166548,S-0089,-44.595393564205786,0,2,男性,45,12,12,0.1666666666666666,2282,1,19,4721110.949352573,10.142465753424657,7.0
C-000741464,S-0089,-65.96244683101074,1,2,女性,53,9,12,0.5,17611,2,19,4721110.949352573,10.142465753424657,7.0
C-000505429,S-0126,-33.38487820682749,0,2,女性,60,10,12,0.5,0,0,17,4493168.352495564,5.53972602739726,3.0
C-002466105,S-0019,-6.197206102272785,0,2,男性,49,2,12,0.75,668,2,19,4327199.920883598,4.090410958904109,1.0
C-000150853,S-0113,-38.35316174266976,0,2,男性,33,12,12,0.1666666666666666,248897,1,16,4336633.961311346,5.77945205479452,2.5
C-000377268,S-0004,-54.725897423766945,1,2,女性,69,11,12,0.25,0,0,22,4423576.351309,11.806849315068494,9.0
C-002357876,S-0005,-100.0,1,2,男性,45,2,12,0.4166666666666667,0,0,21,4733942.970761149,4.69041095890411,2.0
C-001806913,S-0062,-34.06359740971037,0,2,女性,53,4,12,0.8333333333333334,40972,1,15,4713869.782113416,4.575342465753424,1.0
C-000116213,S-0007,-79.05531540650642,1,2,男性,47,12,12,0.0833333333333333,5105,1,21,4487075.727367008,3.7260273972602738,1.0
C-001440834,S-0002,-36.64510870393223,0,2,女性,42,6,12,0.25,2117,1,15,4455566.655169959,5.663013698630137,2.0
C-000251636,S-0005,-100.0,1,2,女性,50,11,12,0.25,0,0,21,4733942.970761149,4.69041095890411,2.0
C-002165099,S-0085,-84.37690381100657,1,2,男性,49,3,12,0.1666666666666666,9199,1,15,4606655.398026554,4.928767123287671,2.0
C-001594728,S-0131,-84.60888410320716,1,2,女性,47,5,12,0.6666666666666666,37718,1,17,4569023.5643747775,5.13972602739726,2.0
C-000390384,S-0017,-30.75215344996004,0,2,男性,44,11,12,0.5,14419,1,20,4640207.03550726,5.608219178082192,2.5
C-001246269,S-0089,-100.0,1,2,女性,76,7,12,0.25,23217,1,19,4721110.949352573,10.142465753424657,7.0
C-001153836,S-0005,-100.0,1,2,男性,49,7,12,0.5,0,0,21,4733942.970761149,4.69041095890411,2.0
C-000520292,S-0126,-54.15081470253884,1,2,男性,34,10,12,0.6666666666666666,1667,1,17,4493168.352495564,5.53972602739726,3.0
C-000989090,S-0002,-100.0,1,2,女性,53,8,12,0.75,0,0,15,4455566.655169959,5.663013698630137,2.0
C-001709727,S-0063,-47.889397803244385,0,2,女性,51,5,12,0.6666666666666666,0,0,18,4564012.176421695,5.749315068493151,3.0
C-002549706,S-0074,-100.0,1,2,女性,38,1,12,0.1666666666666666,0,0,14,4614054.39694187,8.308219178082192,6.0
C-001177738,S-0097,-10.429248673488342,0,2,女性,60,7,12,0.6666666666666666,112018,1,21,4592508.716501317,10.09041095890411,7.0
C-002065395,S-0063,-55.674263842675245,1,2,男性,53,3,12,0.5,18763,1,18,4564012.176421695,5.749315068493151,3.0
C-000599299,S-0063,-38.56255697356426,0,2,男性,43,10,12,0.1666666666666666,0,0,18,4564012.176421695,5.749315068493151,3.0
C-001579369,S-0019,-5.955591828728353,0,2,男性,63,5,12,0.5,0,0,19,4327199.920883598,4.090410958904109,1.0
C-001928380,S-0097,-100.0,1,2,女性,38,4,12,0.0833333333333333,11553,1,21,4592508.716501317,10.09041095890411,7.0
C-001303971,S-0126,-29.64170971553568,0,2,女性,52,7,12,0.0833333333333333,0,0,17,4493168.352495564,5.53972602739726,3.0
C-001173158,S-0079,-100.0,1,2,男性,34,7,12,0.1666666666666666,56217,1,13,4256656.371085242,8.479452054794521,6.0
C-000846848,S-0056,-47.19110961020118,0,2,女性,42,9,12,0.3333333333333333,0,0,15,4406070.585753419,7.528767123287671,4.0
C-002586039,S-0126,-38.29004308685898,0,2,男性,77,1,12,0.3333333333333333,0,0,17,4493168.352495564,5.53972602739726,3.0
C-002300322,S-0063,-2.520806273151489,0,2,女性,40,2,12,0.5,8835,1,18,4564012.176421695,5.749315068493151,3.0
C-002405171,S-0018,-100.0,1,2,男性,48,2,12,0.1666666666666666,0,0,16,4493108.581950108,7.550684931506849,5.0
C-001125620,S-0085,-23.80241213325638,0,2,女性,22,7,12,0.9166666666666666,0,0,15,4606655.398026554,4.928767123287671,2.0
C-001314981,S-0121,-76.39453583519045,1,2,男性,37,7,12,0.3333333333333333,29953,1,14,4716268.25678644,9.856164383561644,7.0
C-002066409,S-0019,-4.002144829359899,0,2,女性,32,3,12,0.4166666666666667,0,0,19,4327199.920883598,4.090410958904109,1.0
C-002058027,S-0089,-67.78251386136965,1,2,女性,42,3,12,1.0,3500,1,19,4721110.949352573,10.142465753424657,7.0
C-001176175,S-0007,-40.121542171514186,0,2,女性,54,7,12,0.25,16758,2,21,4487075.727367008,3.7260273972602738,1.0
C-001466996,S-0002,-78.58390249700561,1,2,女性,38,6,12,0.25,76788,1,15,4455566.655169959,5.663013698630137,2.0
C-001919382,S-0102,-33.7295124873498,0,2,女性,40,4,12,0.0,15635,1,16,4383474.364435211,10.484931506849314,7.5
C-002178621,S-0085,-4.395594140866801,0,2,女性,50,3,12,0.5,1155,1,15,4606655.398026554,4.928767123287671,2.0
C-002494043,S-0048,-100.0,1,2,女性,44,1,12,0.0,12117,1,15,4502249.082895545,3.671232876712329,1.0
C-000642731,S-0039,-100.0,1,2,女性,52,10,12,0.4166666666666667,0,0,16,4591288.568998441,8.193150684931506,5.0
C-000241456,S-0100,-15.051178680179328,0,2,女性,48,11,12,0.3333333333333333,63420,1,17,4535925.154217558,4.720547945205479,2.0
C-000911307,S-0117,-8.218950399162413,0,2,女性,80,8,12,0.0833333333333333,0,0,20,4500859.737076383,9.593150684931507,7.0
C-002607656,S-0062,-16.790441050576995,0,2,男性,49,1,12,0.1666666666666666,40793,1,15,4713869.782113416,4.575342465753424,1.0
C-001559116,S-0056,-23.66633863062817,0,2,女性,44,6,12,0.75,0,0,15,4406070.585753419,7.528767123287671,4.0
C-000629889,S-0050,-10.949729493475155,0,2,男性,57,10,12,0.3333333333333333,0,0,20,4615411.181286601,9.2013698630137,6.0
C-001858352,S-0059,-70.39382561535253,1,2,女性,63,4,12,0.5,14177,2,14,4713188.969095345,6.8123287671232875,3.0
C-000276578,S-0131,-100.0,1,2,女性,56,11,12,0.3333333333333333,0,0,17,4569023.5643747775,5.13972602739726,2.0
C-002544019,S-0048,-100.0,1,2,女性,48,1,12,0.4166666666666667,34244,2,15,4502249.082895545,3.671232876712329,1.0
C-002155602,S-0054,-57.97637949797513,1,2,女性,67,3,12,0.6666666666666666,0,0,23,4489160.181517739,6.358904109589041,4.0
C-001673480,S-0002,-84.38279639874173,1,2,女性,45,5,12,1.0,13765,1,15,4455566.655169959,5.663013698630137,2.0
C-001452397,S-0126,-11.186631411517565,0,2,女性,32,6,12,0.4166666666666667,0,0,17,4493168.352495564,5.53972602739726,3.0
C-002363215,S-0063,-100.0,1,2,女性,53,2,12,0.4166666666666667,0,0,18,4564012.176421695,5.749315068493151,3.0
C-001920197,S-0117,-23.22039133238327,0,2,女性,80,4,12,0.4166666666666667,459,1,20,4500859.737076383,9.593150684931507,7.0
C-001632110,S-0004,-49.00120526122727,1,2,男性,35,5,12,0.4166666666666667,1849,2,22,4423576.351309,11.806849315068494,9.0
C-002144875,S-0054,-44.73456965319839,0,2,男性,55,3,12,0.6666666666666666,0,0,23,4489160.181517739,6.358904109589041,4.0
C-002546489,S-0121,-8.469926757617305,0,2,男性,44,1,12,0.4166666666666667,0,0,14,4716268.25678644,9.856164383561644,7.0
C-001734465,S-0017,-8.816316985701494,0,2,男性,31,5,12,0.8333333333333334,11853,1,20,4640207.03550726,5.608219178082192,2.5
C-002098702,S-0019,-9.368305460044285,0,2,女性,43,3,12,1.0,6104,1,19,4327199.920883598,4.090410958904109,1.0
C-000297044,S-0041,-6.270190636519596,0,2,男性,58,11,12,0.5,0,0,17,4828489.286769263,10.389041095890411,7.0
C-000832599,S-0041,-33.170321556001916,0,2,女性,71,9,12,0.3333333333333333,11539,2,17,4828489.286769263,10.389041095890411,7.0
C-000840434,S-0050,-57.94280116803164,1,2,女性,22,9,12,0.5,26626,2,20,4615411.181286601,9.2013698630137,6.0
C-002622965,S-0048,-33.91520370983769,0,2,女性,81,1,12,0.3333333333333333,32938,2,15,4502249.082895545,3.671232876712329,1.0
C-000095671,S-0126,-34.43049317553465,0,2,男性,42,12,12,0.3333333333333333,0,0,17,4493168.352495564,5.53972602739726,3.0
C-002021321,S-0085,-39.86520015829245,0,2,女性,21,4,12,0.6666666666666666,0,0,15,4606655.398026554,4.928767123287671,2.0
C-001313416,S-0007,-25.550803955891364,0,2,男性,56,7,12,0.4166666666666667,0,0,21,4487075.727367008,3.7260273972602738,1.0
C-000803152,S-0020,-18.94891876212767,0,2,男性,53,9,12,0.75,0,0,16,4280702.057267675,6.986301369863014,3.5
C-001156489,S-0096,-5.6153990658435164,0,2,女性,20,7,12,0.4166666666666667,12776,1,16,4644856.458098179,8.302739726027397,5.0
C-001396066,S-0039,-64.38156703789697,1,2,女性,68,6,12,0.5833333333333334,0,0,16,4591288.568998441,8.193150684931506,5.0
C-002489559,S-0054,-35.05305380465925,0,2,女性,25,1,12,1.0,12143,2,23,4489160.181517739,6.358904109589041,4.0
C-002594551,S-0008,-69.88779098978397,1,2,女性,33,1,12,0.0,0,0,22,4498453.308937302,10.772602739726027,7.0
C-002466050,S-0002,-35.957864469573394,0,2,男性,34,2,12,0.5,0,0,15,4455566.655169959,5.663013698630137,2.0
C-001232166,S-0012,-6.322360256917266,0,2,男性,46,7,12,0.5,0,0,16,4444678.825084195,7.994520547945205,5.0
C-002195327,S-0020,-37.96084458338427,0,2,男性,43,3,12,0.1666666666666666,39960,2,16,4280702.057267675,6.986301369863014,3.5
C-000105696,S-0039,-100.0,1,2,女性,42,12,12,0.0833333333333333,0,0,16,4591288.568998441,8.193150684931506,5.0
C-001201057,S-0056,-32.838947579047954,0,2,男性,35,7,12,0.4166666666666667,48367,1,15,4406070.585753419,7.528767123287671,4.0
C-000258042,S-0017,-33.79027523997718,0,2,女性,26,11,12,0.1666666666666666,4119,1,20,4640207.03550726,5.608219178082192,2.5
C-001499804,S-0056,-30.534882995427964,0,2,男性,54,6,12,0.4166666666666667,2014,1,15,4406070.585753419,7.528767123287671,4.0
C-000256004,S-0131,-38.01732945235846,0,2,男性,70,11,12,0.6666666666666666,0,0,17,4569023.5643747775,5.13972602739726,2.0
C-001904806,S-0017,-11.322656561891382,0,2,女性,31,4,12,0.75,0,0,20,4640207.03550726,5.608219178082192,2.5
C-000032836,S-0054,-23.10020913008816,0,2,男性,45,12,12,0.1666666666666666,0,0,23,4489160.181517739,6.358904109589041,4.0
C-000860170,S-0017,-8.565264587505204,0,2,女性,40,9,12,0.6666666666666666,3807,1,20,4640207.03550726,5.608219178082192,2.5
C-000615050,S-0126,-5.182104849946294,0,2,女性,46,10,12,0.5833333333333334,0,0,17,4493168.352495564,5.53972602739726,3.0
C-000330476,S-0075,-25.02100572883514,0,2,男性,52,11,12,0.25,21018,1,19,4506647.2743158825,4.526027397260274,1.0
C-002157450,S-0017,-50.67808660192091,1,2,女性,36,3,12,0.25,3168,1,20,4640207.03550726,5.608219178082192,2.5
C-001023815,S-0020,-94.9593117309672,1,2,男性,58,8,12,0.4166666666666667,0,0,16,4280702.057267675,6.986301369863014,3.5
C-000612596,S-0020,-43.190830534540666,0,2,女性,48,10,12,0.75,24033,1,16,4280702.057267675,6.986301369863014,3.5
C-000252234,S-0039,-40.61994231521787,0,2,男性,41,11,12,0.25,0,0,16,4591288.568998441,8.193150684931506,5.0
C-000811593,S-0012,-36.0286487991294,0,2,男性,48,9,12,0.1666666666666666,40767,1,16,4444678.825084195,7.994520547945205,5.0
C-002306042,S-0096,-35.92242277347301,0,2,男性,52,2,12,0.5833333333333334,0,0,16,4644856.458098179,8.302739726027397,5.0
C-001272627,S-0075,-100.0,1,2,男性,59,7,12,0.3333333333333333,0,0,19,4506647.2743158825,4.526027397260274,1.0
C-001082538,S-0017,-21.046274509803922,0,2,男性,49,8,12,0.75,17536,1,20,4640207.03550726,5.608219178082192,2.5
C-002176136,S-0079,-5.125270987417785,0,2,女性,61,3,12,0.1666666666666666,1402,1,13,4256656.371085242,8.479452054794521,6.0
C-001642149,S-0002,-70.61196130801991,1,2,男性,48,5,12,0.3333333333333333,0,0,15,4455566.655169959,5.663013698630137,2.0
C-001750759,S-0004,-8.985928576070812,0,2,女性,65,5,12,0.8333333333333334,27413,1,22,4423576.351309,11.806849315068494,9.0
C-002168027,S-0040,9.925338904865963,0,2,女性,49,3,12,0.1666666666666666,5822,2,20,4550116.0180538,8.163013698630138,4.0
C-000493473,S-0072,-16.5178627646044,0,2,女性,48,10,12,0.4166666666666667,53251,1,12,4406797.312641796,9.01917808219178,6.0
C-002413850,S-0020,-100.0,1,2,女性,63,2,12,0.1666666666666666,0,0,16,4280702.057267675,6.986301369863014,3.5
C-002342047,S-0131,-19.1522947062795,0,2,女性,47,2,12,0.75,15345,1,17,4569023.5643747775,5.13972602739726,2.0
C-000247959,S-0082,-84.47403301602603,1,2,女性,37,11,12,0.5,3036,1,17,4607261.71451126,4.758904109589041,2.0
C-001427442,S-0063,-21.776494328856725,0,2,男性,61,6,12,0.5,26114,1,18,4564012.176421695,5.749315068493151,3.0
C-002070933,S-0099,-14.273508261823121,0,2,男性,48,3,12,0.9166666666666666,0,0,13,4464126.154078853,8.147945205479452,5.0
C-000490803,S-0085,-21.294448604561737,0,2,女性,46,10,12,0.6666666666666666,35214,1,15,4606655.398026554,4.928767123287671,2.0
C-001466544,S-0100,-45.429226642876344,0,2,女性,36,6,12,0.1666666666666666,22708,1,17,4535925.154217558,4.720547945205479,2.0
C-000719376,S-0041,-6.107933743129563,0,2,女性,32,9,12,0.5,0,0,17,4828489.286769263,10.389041095890411,7.0
C-000039400,S-0117,-13.756938508134265,0,2,女性,74,12,12,0.0833333333333333,0,0,20,4500859.737076383,9.593150684931507,7.0
C-000363326,S-0020,-100.0,1,2,男性,42,11,12,0.75,0,0,16,4280702.057267675,6.986301369863014,3.5
C-001761518,S-0050,-44.504439840568125,0,2,男性,48,5,12,0.0833333333333333,18739,2,20,4615411.181286601,9.2013698630137,6.0
C-000219139,S-0131,-47.62128455937507,0,2,男性,43,12,12,0.25,0,0,17,4569023.5643747775,5.13972602739726,2.0
C-000122836,S-0048,-40.300999105548854,0,2,女性,60,12,12,0.0,8740,1,15,4502249.082895545,3.671232876712329,1.0
C-000867983,S-0004,-8.702867152207984,0,2,男性,45,9,12,0.1666666666666666,0,0,22,4423576.351309,11.806849315068494,9.0
C-001074403,S-0019,-3.894572063052896,0,2,女性,56,8,12,0.75,0,0,19,4327199.920883598,4.090410958904109,1.0
C-002145931,S-0005,-100.0,1,2,女性,68,3,12,0.3333333333333333,16452,1,21,4733942.970761149,4.69041095890411,2.0
C-002201245,S-0106,-16.027378885460966,0,2,男性,41,3,12,0.5833333333333334,2394,2,20,4462729.145118021,6.171232876712329,3.5
C-000213995,S-0017,-62.46536446859549,1,2,女性,65,12,12,0.5,0,0,20,4640207.03550726,5.608219178082192,2.5
C-000124531,S-0040,-100.0,1,2,男性,46,12,12,0.1666666666666666,0,0,20,4550116.0180538,8.163013698630138,4.0
C-000623201,S-0062,-100.0,1,2,男性,55,10,12,0.4166666666666667,0,0,15,4713869.782113416,4.575342465753424,1.0
C-002471391,S-0126,-29.96305862140332,0,2,男性,47,1,12,0.0833333333333333,3279,1,17,4493168.352495564,5.53972602739726,3.0
C-002565941,S-0121,-79.51093560145807,1,2,女性,47,1,12,0.9166666666666666,16948,1,14,4716268.25678644,9.856164383561644,7.0
C-002361961,S-0096,-76.036895826839,1,2,女性,42,2,12,0.1666666666666666,900,2,16,4644856.458098179,8.302739726027397,5.0
C-000691989,S-0102,-38.435006910806486,0,2,男性,41,9,12,0.25,1597,2,16,4383474.364435211,10.484931506849314,7.5
C-000793181,S-0040,-59.91182398387639,1,2,女性,46,9,12,0.0,5169,1,20,4550116.0180538,8.163013698630138,4.0
C-000621759,S-0121,-38.97660602714587,0,2,男性,36,10,12,0.0,0,0,14,4716268.25678644,9.856164383561644,7.0
C-001756980,S-0059,-12.519055949748537,0,2,男性,67,5,12,0.3333333333333333,5414,1,14,4713188.969095345,6.8123287671232875,3.0
C-000288607,S-0017,-44.1029853811542,0,2,女性,67,11,12,0.5833333333333334,10573,2,20,4640207.03550726,5.608219178082192,2.5
C-000137907,S-0082,-16.80883889758034,0,2,男性,67,12,12,0.25,0,0,17,4607261.71451126,4.758904109589041,2.0
C-000883436,S-0002,-23.4672585033512,0,2,女性,51,9,12,0.5,0,0,15,4455566.655169959,5.663013698630137,2.0
C-000604141,S-0039,-5.950843777083151,0,2,男性,44,10,12,0.25,0,0,16,4591288.568998441,8.193150684931506,5.0
C-000141036,S-0007,-81.16214979623541,1,2,男性,31,12,12,0.4166666666666667,6437,1,21,4487075.727367008,3.7260273972602738,1.0
C-001556029,S-0007,-42.47859552832157,0,2,男性,45,6,12,0.0833333333333333,13135,1,21,4487075.727367008,3.7260273972602738,1.0
C-002461443,S-0131,-15.428646639913298,0,2,男性,47,2,12,0.5833333333333334,8904,1,17,4569023.5643747775,5.13972602739726,2.0
C-002643159,S-0019,-2.0998960223713357,0,2,女性,25,1,12,0.6666666666666666,40677,1,19,4327199.920883598,4.090410958904109,1.0
C-000585916,S-0111,-39.03213514543376,0,2,女性,32,10,12,0.4166666666666667,0,0,19,4489501.980758176,6.397260273972603,4.0
C-001370828,S-0056,-31.6445508920351,0,2,男性,44,6,12,0.4166666666666667,5269,2,15,4406070.585753419,7.528767123287671,4.0
C-001063049,S-0102,-53.107773483603715,1,2,女性,68,8,12,0.0833333333333333,22865,1,16,4383474.364435211,10.484931506849314,7.5
C-002321652,S-0111,-74.65442600539247,1,2,男性,50,2,12,0.5,55171,1,19,4489501.980758176,6.397260273972603,4.0
C-000308332,S-0075,-11.413914416666278,0,2,女性,41,11,12,1.0,26146,1,19,4506647.2743158825,4.526027397260274,1.0
C-002434368,S-0005,-21.502675061466174,0,2,男性,39,2,12,0.4166666666666667,23199,1,21,4733942.970761149,4.69041095890411,2.0
C-002354031,S-0131,-45.80621464776316,0,2,女性,74,2,12,0.5833333333333334,4021,1,17,4569023.5643747775,5.13972602739726,2.0
C-002190942,S-0017,-26.813901204288904,0,2,男性,56,3,12,0.5,0,0,20,4640207.03550726,5.608219178082192,2.5
C-001594260,S-0019,-56.61381180888796,1,2,女性,56,5,12,0.5,40417,1,19,4327199.920883598,4.090410958904109,1.0
C-000309192,S-0020,-89.93930029798035,1,2,女性,42,11,12,0.25,0,0,16,4280702.057267675,6.986301369863014,3.5
C-001803366,S-0020,-58.651923303140805,1,2,男性,58,4,12,0.5833333333333334,0,0,16,4280702.057267675,6.986301369863014,3.5
C-002247132,S-0131,-78.77257339414588,1,2,男性,52,3,12,0.0,0,0,17,4569023.5643747775,5.13972602739726,2.0
C-001608343,S-0017,-23.246930053304975,0,2,女性,51,5,12,0.5833333333333334,0,0,20,4640207.03550726,5.608219178082192,2.5
C-000566518,S-0007,-2.14759775097369,0,2,女性,55,10,12,0.4166666666666667,17724,1,21,4487075.727367008,3.7260273972602738,1.0
C-002006797,S-0007,-54.43696904410199,1,2,女性,23,4,12,0.3333333333333333,38517,1,21,4487075.727367008,3.7260273972602738,1.0
C-001378456,S-0002,-33.96079789690575,0,2,女性,56,6,12,0.4166666666666667,0,0,15,4455566.655169959,5.663013698630137,2.0
C-000870202,S-0063,-16.109463728511347,0,2,女性,47,9,12,0.6666666666666666,0,0,18,4564012.176421695,5.749315068493151,3.0
C-001141080,S-0085,-19.51328472671665,0,2,女性,78,7,12,0.3333333333333333,31511,1,15,4606655.398026554,4.928767123287671,2.0
C-000971964,S-0039,-51.53637733281493,1,2,女性,46,8,12,0.0833333333333333,0,0,16,4591288.568998441,8.193150684931506,5.0
C-000721751,S-0040,-13.85941165854539,0,2,女性,40,9,12,0.4166666666666667,0,0,20,4550116.0180538,8.163013698630138,4.0
C-001280607,S-0040,-25.66065104508244,0,2,女性,25,7,12,0.25,0,0,20,4550116.0180538,8.163013698630138,4.0
C-001489313,S-0074,-98.23176507736028,1,2,女性,32,6,12,0.25,10388,1,14,4614054.39694187,8.308219178082192,6.0
C-001627378,S-0017,-100.0,1,2,女性,34,5,12,0.8333333333333334,5187,1,20,4640207.03550726,5.608219178082192,2.5
C-002476656,S-0075,-37.10076711870728,0,2,男性,35,1,12,0.9166666666666666,0,0,19,4506647.2743158825,4.526027397260274,1.0
C-000465332,S-0085,-2.2324618023170824,0,2,女性,68,10,12,0.75,0,0,15,4606655.398026554,4.928767123287671,2.0
C-002200656,S-0050,-3.355455777615596,0,2,男性,55,3,12,0.6666666666666666,0,0,20,4615411.181286601,9.2013698630137,6.0
C-001317298,S-0085,-29.006917034061967,0,2,女性,47,7,12,0.3333333333333333,0,0,15,4606655.398026554,4.928767123287671,2.0
C-002525678,S-0005,-7.169280743280089,0,2,女性,57,1,12,0.75,80268,1,21,4733942.970761149,4.69041095890411,2.0
C-002359598,S-0100,-22.219750118468347,0,2,男性,77,2,12,0.6666666666666666,16216,1,17,4535925.154217558,4.720547945205479,2.0
C-000131200,S-0050,-14.386939526327891,0,2,女性,36,12,12,0.3333333333333333,10960,2,20,4615411.181286601,9.2013698630137,6.0
C-000614973,S-0085,-91.40544739281866,1,2,男性,44,10,12,0.5833333333333334,0,0,15,4606655.398026554,4.928767123287671,2.0
C-002541650,S-0082,-18.164633309142264,0,2,女性,66,1,12,0.4166666666666667,0,0,17,4607261.71451126,4.758904109589041,2.0
C-002197263,S-0040,-35.41351821066949,0,2,女性,61,3,12,0.25,34077,1,20,4550116.0180538,8.163013698630138,4.0
C-000550521,S-0017,-39.866435065764875,0,2,女性,33,10,12,0.4166666666666667,19560,1,20,4640207.03550726,5.608219178082192,2.5
C-000043022,S-0106,-36.68975813675724,0,2,女性,56,12,12,0.3333333333333333,1110,2,20,4462729.145118021,6.171232876712329,3.5
C-000290377,S-0050,-36.49908475586395,0,2,女性,64,11,12,0.5,0,0,20,4615411.181286601,9.2013698630137,6.0
C-001976981,S-0030,-18.579973800642886,0,2,女性,74,4,12,0.4166666666666667,0,0,22,4426478.045479023,9.236986301369862,5.5
C-001129560,S-0054,-100.0,1,2,女性,50,7,12,0.3333333333333333,0,0,23,4489160.181517739,6.358904109589041,4.0
C-000351612,S-0039,-91.00174166012746,1,2,女性,55,11,12,0.0,14104,1,16,4591288.568998441,8.193150684931506,5.0
C-002076275,S-0017,-44.92980190467559,0,2,男性,49,3,12,0.25,0,0,20,4640207.03550726,5.608219178082192,2.5
C-002080466,S-0131,-91.18641679582923,1,2,女性,32,3,12,0.1666666666666666,21055,1,17,4569023.5643747775,5.13972602739726,2.0
C-000677655,S-0019,0.9535083803942117,0,2,女性,55,9,12,0.75,23877,1,19,4327199.920883598,4.090410958904109,1.0
C-000665054,S-0074,-3.957320267707588,0,2,女性,58,10,12,0.0833333333333333,0,0,14,4614054.39694187,8.308219178082192,6.0
C-002601918,S-0126,-42.87723113844308,0,2,女性,55,1,12,0.3333333333333333,21290,2,17,4493168.352495564,5.53972602739726,3.0
C-002044550,S-0059,-100.0,1,2,男性,57,3,12,0.5,0,0,14,4713188.969095345,6.8123287671232875,3.0
C-002274272,S-0085,-24.72188119153853,0,2,女性,34,2,12,0.25,12193,1,15,4606655.398026554,4.928767123287671,2.0
C-001948267,S-0089,-28.07641784015101,0,2,女性,60,4,12,0.1666666666666666,7791,1,19,4721110.949352573,10.142465753424657,7.0
C-002619182,S-0121,-28.820788367257105,0,2,男性,53,1,12,0.5833333333333334,1310,1,14,4716268.25678644,9.856164383561644,7.0
C-000824598,S-0121,4.699993077904341,0,2,女性,88,9,12,0.75,0,0,14,4716268.25678644,9.856164383561644,7.0
C-000530826,S-0002,-68.61056443359837,1,2,女性,47,10,12,0.4166666666666667,132837,2,15,4455566.655169959,5.663013698630137,2.0
C-000140741,S-0062,-74.58984957600035,1,2,男性,65,12,12,0.4166666666666667,5108,1,15,4713869.782113416,4.575342465753424,1.0
C-002523812,S-0040,-98.43238055313469,1,2,女性,43,1,12,0.0833333333333333,0,0,20,4550116.0180538,8.163013698630138,4.0
C-002597561,S-0062,-37.619254568407115,0,2,男性,43,1,12,0.5,0,0,15,4713869.782113416,4.575342465753424,1.0
C-002341616,S-0059,-33.470332032775545,0,2,男性,22,2,12,0.4166666666666667,9858,2,14,4713188.969095345,6.8123287671232875,3.0
C-002313531,S-0004,-55.117906193314326,1,2,女性,42,2,12,0.0833333333333333,14932,1,22,4423576.351309,11.806849315068494,9.0
C-001202160,S-0030,-99.1682437889509,1,2,女性,49,7,12,0.3333333333333333,0,0,22,4426478.045479023,9.236986301369862,5.5
C-001800902,S-0089,-71.96691030111944,1,2,男性,56,4,12,0.1666666666666666,34108,1,19,4721110.949352573,10.142465753424657,7.0
C-002527734,S-0019,4.5997477256780375,0,2,女性,65,1,12,0.75,0,0,19,4327199.920883598,4.090410958904109,1.0
C-002587132,S-0121,-42.881374784494746,0,2,男性,64,1,12,0.75,36869,1,14,4716268.25678644,9.856164383561644,7.0
C-002183473,S-0100,-70.91158554385692,1,2,男性,27,3,12,0.9166666666666666,64339,1,17,4535925.154217558,4.720547945205479,2.0
C-001493977,S-0002,-100.0,1,2,女性,37,6,12,0.5,32112,2,15,4455566.655169959,5.663013698630137,2.0
C-001969271,S-0085,-21.291135118568747,0,2,男性,27,4,12,0.25,0,0,15,4606655.398026554,4.928767123287671,2.0
C-001078477,S-0062,-30.415470186235133,0,2,女性,49,8,12,0.5833333333333334,0,0,15,4713869.782113416,4.575342465753424,1.0
C-000467824,S-0005,-29.824433479976342,0,2,女性,60,10,12,0.3333333333333333,0,0,21,4733942.970761149,4.69041095890411,2.0
C-001751072,S-0054,-100.0,1,2,男性,46,5,12,0.5,0,0,23,4489160.181517739,6.358904109589041,4.0
C-000353763,S-0131,-62.85848346829974,1,2,女性,48,11,12,0.0833333333333333,8948,1,17,4569023.5643747775,5.13972602739726,2.0
C-002114795,S-0063,-87.81530887526885,1,2,女性,67,3,12,0.3333333333333333,0,0,18,4564012.176421695,5.749315068493151,3.0
C-002693047,S-0019,-5.665064438312213,0,2,女性,42,1,12,0.5,0,0,19,4327199.920883598,4.090410958904109,1.0
C-000379291,S-0054,-12.396344730218312,0,2,男性,61,11,12,0.25,2457,1,23,4489160.181517739,6.358904109589041,4.0
C-001682626,S-0059,-65.23252400721265,1,2,男性,32,5,12,0.4166666666666667,14487,2,14,4713188.969095345,6.8123287671232875,3.0
C-001538213,S-0085,-18.058931056687648,0,2,女性,33,6,12,0.5833333333333334,0,0,15,4606655.398026554,4.928767123287671,2.0
C-001510817,S-0050,-98.40878773854573,1,2,男性,51,6,12,0.6666666666666666,54320,1,20,4615411.181286601,9.2013698630137,6.0
C-000603128,S-0063,-26.71496568730526,0,2,女性,66,10,12,0.1666666666666666,0,0,18,4564012.176421695,5.749315068493151,3.0
C-001772888,S-0036,-100.0,1,2,女性,56,5,12,0.1666666666666666,0,0,19,4397834.424680548,11.123287671232877,9.0
C-001992681,S-0126,-36.633362310592034,0,2,女性,39,4,12,0.4166666666666667,0,0,17,4493168.352495564,5.53972602739726,3.0
C-001229301,S-0048,-23.91241550638396,0,2,女性,59,7,12,0.8333333333333334,0,0,15,4502249.082895545,3.671232876712329,1.0
C-001681726,S-0005,-17.746463919593246,0,2,男性,58,5,12,0.4166666666666667,0,0,21,4733942.970761149,4.69041095890411,2.0
C-002045883,S-0111,-100.0,1,2,男性,54,3,12,0.3333333333333333,779,1,19,4489501.980758176,6.397260273972603,4.0
C-000450401,S-0030,-58.325999868654364,1,2,女性,35,11,12,0.3333333333333333,0,0,22,4426478.045479023,9.236986301369862,5.5
C-000726788,S-0019,4.573120783211784,0,2,女性,42,9,12,0.8333333333333334,0,0,19,4327199.920883598,4.090410958904109,1.0
C-000865342,S-0121,-100.0,1,2,男性,63,9,12,0.75,0,0,14,4716268.25678644,9.856164383561644,7.0
C-002286859,S-0040,-100.0,1,2,女性,37,2,12,0.1666666666666666,20043,1,20,4550116.0180538,8.163013698630138,4.0
C-002107707,S-0030,-38.523422704293246,0,2,女性,58,3,12,1.0,6462,1,22,4426478.045479023,9.236986301369862,5.5
C-002497074,S-0062,-100.0,1,2,女性,56,1,12,0.25,0,0,15,4713869.782113416,4.575342465753424,1.0
C-002179887,S-0121,-100.0,1,2,女性,39,3,12,0.0833333333333333,0,0,14,4716268.25678644,9.856164383561644,7.0
C-001448896,S-0063,-55.04484475643739,1,2,女性,64,6,12,0.5833333333333334,0,0,18,4564012.176421695,5.749315068493151,3.0
C-002370019,S-0005,-25.60065928090804,0,2,女性,51,2,12,0.0833333333333333,13154,2,21,4733942.970761149,4.69041095890411,2.0
C-001508548,S-0099,-31.061471270567708,0,2,女性,47,6,12,0.6666666666666666,0,0,13,4464126.154078853,8.147945205479452,5.0
C-001696621,S-0050,-53.39140764205108,1,2,女性,34,5,12,0.4166666666666667,60318,1,20,4615411.181286601,9.2013698630137,6.0
C-002230286,S-0082,-21.75576913152389,0,2,女性,58,3,12,0.5833333333333334,0,0,17,4607261.71451126,4.758904109589041,2.0
C-000995437,S-0131,-92.88032518275774,1,2,女性,42,8,12,0.0,0,0,17,4569023.5643747775,5.13972602739726,2.0
C-000909676,S-0019,7.137930119650863,0,2,女性,48,8,12,0.0833333333333333,0,0,19,4327199.920883598,4.090410958904109,1.0
C-000457973,S-0074,1.1497434556109885,0,2,男性,54,10,12,0.5,0,0,14,4614054.39694187,8.308219178082192,6.0
C-002473438,S-0019,-0.40147279478511694,0,2,男性,62,1,12,0.5,3690,1,19,4327199.920883598,4.090410958904109,1.0
C-001077271,S-0041,-65.68311964729135,1,2,男性,50,8,12,0.0833333333333333,72831,2,17,4828489.286769263,10.389041095890411,7.0
C-001573486,S-0111,-16.240320473946916,0,2,男性,60,6,12,0.25,51846,1,19,4489501.980758176,6.397260273972603,4.0
C-002543810,S-0075,-100.0,1,2,女性,37,1,12,0.25,0,0,19,4506647.2743158825,4.526027397260274,1.0
C-002040259,S-0019,-16.933656996513786,0,2,男性,39,3,12,0.25,0,0,19,4327199.920883598,4.090410958904109,1.0
C-000745652,S-0020,-100.0,1,2,女性,41,9,12,0.1666666666666666,0,0,16,4280702.057267675,6.986301369863014,3.5
C-002247254,S-0019,-41.81515319771844,0,2,女性,58,3,12,0.5833333333333334,25826,1,19,4327199.920883598,4.090410958904109,1.0
C-002602932,S-0056,-69.23551333193365,1,2,女性,50,1,12,0.3333333333333333,0,0,15,4406070.585753419,7.528767123287671,4.0
C-002188848,S-0072,-100.0,1,2,男性,45,3,12,0.0,0,0,12,4406797.312641796,9.01917808219178,6.0
C-001359417,S-0019,-5.6234504520297515,0,2,男性,42,6,12,0.9166666666666666,0,0,19,4327199.920883598,4.090410958904109,1.0
C-001098170,S-0005,-18.468049195179766,0,2,男性,35,8,12,0.3333333333333333,0,0,21,4733942.970761149,4.69041095890411,2.0
C-001840058,S-0050,-25.19484962877639,0,2,女性,68,4,12,0.0833333333333333,14271,1,20,4615411.181286601,9.2013698630137,6.0
C-000990328,S-0062,-21.07872758161158,0,2,男性,49,8,12,0.25,0,0,15,4713869.782113416,4.575342465753424,1.0
C-000113866,S-0062,-94.09330741460705,1,2,女性,33,12,12,0.6666666666666666,6882,1,15,4713869.782113416,4.575342465753424,1.0
C-001330080,S-0005,-2.428738468752536,0,2,男性,58,7,12,0.9166666666666666,0,0,21,4733942.970761149,4.69041095890411,2.0
C-000553491,S-0030,-92.23490272973628,1,2,女性,50,10,12,0.75,11482,1,22,4426478.045479023,9.236986301369862,5.5
C-001100798,S-0117,-100.0,1,2,女性,45,8,12,0.1666666666666666,0,0,20,4500859.737076383,9.593150684931507,7.0
C-002060749,S-0004,-15.761533673022388,0,2,男性,29,3,12,0.4166666666666667,27122,2,22,4423576.351309,11.806849315068494,9.0
C-000611460,S-0007,-28.6511822391488,0,2,女性,57,10,12,0.25,11139,1,21,4487075.727367008,3.7260273972602738,1.0
C-002445334,S-0082,-1.4733891575196525,0,2,女性,39,2,12,0.3333333333333333,41819,1,17,4607261.71451126,4.758904109589041,2.0
C-002379635,S-0036,-100.0,1,2,男性,46,2,12,0.4166666666666667,0,0,19,4397834.424680548,11.123287671232877,9.0
C-000010189,S-0085,-23.128666660468404,0,2,男性,49,12,12,0.5,0,0,15,4606655.398026554,4.928767123287671,2.0
C-002489959,S-0041,7.037223636068732,0,2,女性,54,1,12,1.0,85555,2,17,4828489.286769263,10.389041095890411,7.0
C-002054120,S-0097,-31.1233995322472,0,2,女性,32,3,12,0.1666666666666666,5047,1,21,4592508.716501317,10.09041095890411,7.0
C-001588069,S-0082,-100.0,1,2,女性,44,5,12,0.5833333333333334,3395,1,17,4607261.71451126,4.758904109589041,2.0
C-000331550,S-0019,-5.695001402709705,0,2,男性,32,11,12,0.6666666666666666,35368,1,19,4327199.920883598,4.090410958904109,1.0
C-001032348,S-0014,-20.94479756621255,0,2,女性,49,8,12,0.25,0,0,21,4730192.353344672,7.336986301369863,4.0
C-001259528,S-0126,-15.048623949737717,0,2,女性,34,7,12,0.5833333333333334,0,0,17,4493168.352495564,5.53972602739726,3.0
C-000634476,S-0030,-100.0,1,2,女性,18,10,12,0.1666666666666666,5587,2,22,4426478.045479023,9.236986301369862,5.5
C-001715478,S-0121,-28.336813589931715,0,2,女性,38,5,12,0.3333333333333333,0,0,14,4716268.25678644,9.856164383561644,7.0
C-000030375,S-0075,-65.35353736882008,1,2,男性,35,12,12,0.9166666666666666,0,0,19,4506647.2743158825,4.526027397260274,1.0
C-002109806,S-0075,-31.796498057122633,0,2,女性,41,3,12,0.5833333333333334,0,0,19,4506647.2743158825,4.526027397260274,1.0
C-001623102,S-0017,-63.111400409150086,1,2,男性,68,5,12,0.5833333333333334,0,0,20,4640207.03550726,5.608219178082192,2.5
C-000000623,S-0063,-100.0,1,2,男性,31,13,12,0.6666666666666666,0,0,18,4564012.176421695,5.749315068493151,3.0
C-002141401,S-0039,-32.13620872354441,0,2,男性,71,3,12,0.0,0,0,16,4591288.568998441,8.193150684931506,5.0
C-000664666,S-0040,-24.725531270506284,0,2,女性,70,10,12,0.1666666666666666,0,0,20,4550116.0180538,8.163013698630138,4.0
C-000193791,S-0126,1.3975309154639137,0,2,男性,80,12,12,0.25,10136,1,17,4493168.352495564,5.53972602739726,3.0
C-001073755,S-0085,-8.489447512146036,0,2,男性,33,8,12,1.0,0,0,15,4606655.398026554,4.928767123287671,2.0
C-001262434,S-0059,-35.03068232616735,0,2,男性,58,7,12,0.4166666666666667,7114,2,14,4713188.969095345,6.8123287671232875,3.0
C-001573545,S-0126,-15.867734857376128,0,2,女性,46,6,12,0.1666666666666666,7161,1,17,4493168.352495564,5.53972602739726,3.0
C-000366743,S-0040,-32.942665679887085,0,2,女性,52,11,12,0.3333333333333333,0,0,20,4550116.0180538,8.163013698630138,4.0
C-000746217,S-0126,-22.52138027921679,0,2,女性,55,9,12,0.3333333333333333,0,0,17,4493168.352495564,5.53972602739726,3.0
C-002182106,S-0126,-18.510771324279844,0,2,男性,49,3,12,0.5833333333333334,0,0,17,4493168.352495564,5.53972602739726,3.0
C-000557923,S-0040,-16.148639201204116,0,2,女性,46,10,12,0.25,0,0,20,4550116.0180538,8.163013698630138,4.0
C-001540202,S-0020,-33.70007446827833,0,2,男性,57,6,12,0.25,0,0,16,4280702.057267675,6.986301369863014,3.5
C-000806206,S-0012,-2.7124623931075753,0,2,男性,57,9,12,0.75,32940,1,16,4444678.825084195,7.994520547945205,5.0
C-001912448,S-0111,-100.0,1,2,女性,45,4,12,0.75,0,0,19,4489501.980758176,6.397260273972603,4.0
C-002676493,S-0063,-27.163219289583047,0,2,女性,56,1,12,0.1666666666666666,15711,2,18,4564012.176421695,5.749315068493151,3.0
C-001569211,S-0072,-17.701209113493803,0,2,男性,75,6,12,0.5833333333333334,6189,1,12,4406797.312641796,9.01917808219178,6.0
C-002203895,S-0131,-55.679484631690514,1,2,男性,74,3,12,0.5833333333333334,7701,1,17,4569023.5643747775,5.13972602739726,2.0
C-000557139,S-0039,-33.77305044365656,0,2,男性,41,10,12,0.5833333333333334,12776,1,16,4591288.568998441,8.193150684931506,5.0
C-000381699,S-0082,-96.51054448104355,1,2,男性,18,11,12,0.3333333333333333,0,0,17,4607261.71451126,4.758904109589041,2.0
C-000144374,S-0019,3.527046288417869,0,2,女性,20,12,12,0.9166666666666666,0,0,19,4327199.920883598,4.090410958904109,1.0
C-000052670,S-0041,-96.29467569102437,1,2,女性,53,12,12,0.0833333333333333,0,0,17,4828489.286769263,10.389041095890411,7.0
C-000159090,S-0007,-98.87487214456189,1,2,男性,54,12,12,0.75,0,0,21,4487075.727367008,3.7260273972602738,1.0
C-000726687,S-0111,-45.50653063876795,0,2,女性,52,9,12,0.4166666666666667,152657,2,19,4489501.980758176,6.397260273972603,4.0
C-002073824,S-0096,-3.2746578996813867,0,2,女性,54,3,12,0.3333333333333333,0,0,16,4644856.458098179,8.302739726027397,5.0
C-000653134,S-0039,-39.75028213069221,0,2,男性,18,10,12,0.1666666666666666,10284,1,16,4591288.568998441,8.193150684931506,5.0
C-001956273,S-0117,-17.578651873888585,0,2,女性,32,4,12,0.3333333333333333,0,0,20,4500859.737076383,9.593150684931507,7.0
C-001145844,S-0007,-44.48187401207536,0,2,男性,34,7,12,0.5833333333333334,14248,1,21,4487075.727367008,3.7260273972602738,1.0
C-000543555,S-0018,-10.616376297600247,0,2,男性,47,10,12,0.0833333333333333,0,0,16,4493108.581950108,7.550684931506849,5.0
C-000723918,S-0075,-20.63196767195163,0,2,男性,53,9,12,0.3333333333333333,0,0,19,4506647.2743158825,4.526027397260274,1.0
C-002598242,S-0063,-19.83153078202995,0,2,男性,55,1,12,0.8333333333333334,15547,1,18,4564012.176421695,5.749315068493151,3.0
C-002430316,S-0050,-67.3661245537485,1,2,女性,65,2,12,0.25,2037,1,20,4615411.181286601,9.2013698630137,6.0
C-000163333,S-0062,-95.06588337815707,1,2,女性,59,12,12,0.6666666666666666,0,0,15,4713869.782113416,4.575342465753424,1.0
C-001884585,S-0020,-100.0,1,2,女性,32,4,12,0.5,29013,1,16,4280702.057267675,6.986301369863014,3.5
C-000464356,S-0100,-83.67326604425934,1,2,女性,59,10,12,0.6666666666666666,0,0,17,4535925.154217558,4.720547945205479,2.0
C-000985087,S-0007,5.538302118120213,0,2,男性,31,8,12,0.3333333333333333,0,0,21,4487075.727367008,3.7260273972602738,1.0
C-000902948,S-0002,-98.45000113970505,1,2,男性,49,8,12,0.1666666666666666,0,0,15,4455566.655169959,5.663013698630137,2.0
C-000060317,S-0012,-96.75221400450188,1,2,男性,59,12,12,0.4166666666666667,24259,1,16,4444678.825084195,7.994520547945205,5.0
C-000148662,S-0111,-100.0,1,2,女性,43,12,12,0.5833333333333334,0,0,19,4489501.980758176,6.397260273972603,4.0
C-001460114,S-0020,-100.0,1,2,男性,54,6,12,0.4166666666666667,0,0,16,4280702.057267675,6.986301369863014,3.5
C-000367040,S-0007,-10.504649755905401,0,2,女性,28,11,12,1.0,22707,1,21,4487075.727367008,3.7260273972602738,1.0
C-000788224,S-0056,19.080800928621095,0,2,女性,32,9,12,0.5,0,0,15,4406070.585753419,7.528767123287671,4.0
C-000393271,S-0017,-48.46242280702857,0,2,女性,55,11,12,0.5,0,0,20,4640207.03550726,5.608219178082192,2.5
C-002489548,S-0039,0.2896542336268928,0,2,女性,39,1,12,1.0,0,0,16,4591288.568998441,8.193150684931506,5.0
C-001842190,S-0097,-100.0,1,2,女性,45,4,12,0.3333333333333333,0,0,21,4592508.716501317,10.09041095890411,7.0
C-000147386,S-0005,-16.183827720183128,0,2,男性,51,12,12,0.5,0,0,21,4733942.970761149,4.69041095890411,2.0
C-000714714,S-0014,-33.45211064520941,0,2,女性,77,9,12,0.25,7669,1,21,4730192.353344672,7.336986301369863,4.0
C-001731155,S-0111,-100.0,1,2,女性,39,5,12,0.25,0,0,19,4489501.980758176,6.397260273972603,4.0
C-000238863,S-0019,-15.623207326963781,0,2,女性,57,11,12,0.5,8192,1,19,4327199.920883598,4.090410958904109,1.0
C-001594582,S-0005,-31.734738741413672,0,2,女性,80,5,12,0.5833333333333334,0,0,21,4733942.970761149,4.69041095890411,2.0
C-002055835,S-0096,-100.0,1,2,男性,69,3,12,0.0,0,0,16,4644856.458098179,8.302739726027397,5.0
C-001645253,S-0079,-100.0,1,2,男性,60,5,12,0.3333333333333333,0,0,13,4256656.371085242,8.479452054794521,6.0
C-001043662,S-0004,-80.26461900234426,1,2,男性,42,8,12,0.0833333333333333,0,0,22,4423576.351309,11.806849315068494,9.0
C-002457746,S-0063,-24.269855114189664,0,2,男性,79,2,12,0.25,6497,1,18,4564012.176421695,5.749315068493151,3.0
C-001587400,S-0030,-31.602241374406237,0,2,男性,39,5,12,0.75,0,0,22,4426478.045479023,9.236986301369862,5.5
C-000112937,S-0056,-14.962872750788215,0,2,女性,59,12,12,0.6666666666666666,0,0,15,4406070.585753419,7.528767123287671,4.0
C-000827584,S-0020,-58.121421488660715,1,2,女性,43,9,12,0.0833333333333333,10423,1,16,4280702.057267675,6.986301369863014,3.5
C-001290006,S-0059,-47.148774195677646,0,2,女性,50,7,12,0.3333333333333333,0,0,14,4713188.969095345,6.8123287671232875,3.0
C-000627101,S-0002,-50.48465814787164,1,2,女性,46,10,12,0.5,0,0,15,4455566.655169959,5.663013698630137,2.0
C-001674951,S-0054,-25.777414468780808,0,2,女性,34,5,12,0.75,26299,2,23,4489160.181517739,6.358904109589041,4.0
C-001859114,S-0050,-25.778048345904853,0,2,女性,59,4,12,0.5,0,0,20,4615411.181286601,9.2013698630137,6.0
C-000358087,S-0007,-97.22108606212257,1,2,女性,45,11,12,0.5,5022,2,21,4487075.727367008,3.7260273972602738,1.0
C-002581854,S-0113,-100.0,1,2,女性,59,1,12,0.1666666666666666,0,0,16,4336633.961311346,5.77945205479452,2.5
C-002295404,S-0040,-15.311245857142024,0,2,女性,52,2,12,0.4166666666666667,7562,1,20,4550116.0180538,8.163013698630138,4.0
C-000817520,S-0082,-8.837504014746338,0,2,男性,49,9,12,0.9166666666666666,0,0,17,4607261.71451126,4.758904109589041,2.0
C-001324846,S-0019,-22.686033118709993,0,2,女性,58,7,12,0.6666666666666666,0,0,19,4327199.920883598,4.090410958904109,1.0
C-002607495,S-0085,-21.554982471692792,0,2,女性,32,1,12,0.9166666666666666,0,0,15,4606655.398026554,4.928767123287671,2.0
C-001989330,S-0004,-19.63179334386437,0,2,女性,54,4,12,0.25,6036,1,22,4423576.351309,11.806849315068494,9.0
C-001513917,S-0085,-69.98393920401128,1,2,男性,69,6,12,0.4166666666666667,1415,1,15,4606655.398026554,4.928767123287671,2.0
C-001389194,S-0040,-56.431271261181806,1,2,男性,50,6,12,0.1666666666666666,138,1,20,4550116.0180538,8.163013698630138,4.0
C-002481609,S-0020,-25.05904009663408,0,2,女性,41,1,12,0.5833333333333334,0,0,16,4280702.057267675,6.986301369863014,3.5
C-002376818,S-0089,-20.264193553376778,0,2,女性,46,2,12,0.3333333333333333,65808,1,19,4721110.949352573,10.142465753424657,7.0
C-000006744,S-0085,-39.378360703386136,0,2,女性,36,12,12,0.4166666666666667,0,0,15,4606655.398026554,4.928767123287671,2.0
C-001410453,S-0063,-85.67316838165355,1,2,男性,34,6,12,0.5,0,0,18,4564012.176421695,5.749315068493151,3.0
C-001378377,S-0008,-3.131978449541912,0,2,女性,54,6,12,0.3333333333333333,0,0,22,4498453.308937302,10.772602739726027,7.0
C-000442980,S-0039,-76.96061063138394,1,2,女性,36,11,12,0.3333333333333333,18674,2,16,4591288.568998441,8.193150684931506,5.0
C-002185201,S-0111,-93.60719796903778,1,2,男性,28,3,12,0.25,0,0,19,4489501.980758176,6.397260273972603,4.0
C-000005658,S-0050,-100.0,1,2,女性,68,12,12,0.5833333333333334,0,0,20,4615411.181286601,9.2013698630137,6.0
C-001676516,S-0059,-74.7810265306986,1,2,女性,89,5,12,0.0833333333333333,0,0,14,4713188.969095345,6.8123287671232875,3.0
C-000168749,S-0054,-53.09259075542396,1,2,女性,42,12,12,0.1666666666666666,0,0,23,4489160.181517739,6.358904109589041,4.0
C-002245849,S-0012,-57.54615005825057,1,2,女性,32,3,12,0.1666666666666666,8187,1,16,4444678.825084195,7.994520547945205,5.0
C-002564761,S-0075,-18.493160758935137,0,2,女性,44,1,12,0.0833333333333333,4300,1,19,4506647.2743158825,4.526027397260274,1.0
C-000911291,S-0050,-70.29515752567978,1,2,女性,33,8,12,0.0833333333333333,0,0,20,4615411.181286601,9.2013698630137,6.0
C-002279667,S-0111,-23.384667203083776,0,2,男性,26,2,12,0.4166666666666667,17110,2,19,4489501.980758176,6.397260273972603,4.0
C-000799161,S-0131,-19.709503320317356,0,2,男性,36,9,12,0.5833333333333334,0,0,17,4569023.5643747775,5.13972602739726,2.0
C-002544932,S-0040,-66.94044849578249,1,2,男性,34,1,12,0.5833333333333334,0,0,20,4550116.0180538,8.163013698630138,4.0
C-002238345,S-0039,-52.1456109560664,1,2,女性,57,3,12,0.6666666666666666,0,0,16,4591288.568998441,8.193150684931506,5.0
C-000365923,S-0059,-28.318543079589446,0,2,男性,46,11,12,0.4166666666666667,50499,1,14,4713188.969095345,6.8123287671232875,3.0
C-001002364,S-0100,-41.580448821282374,0,2,男性,53,8,12,0.5,0,0,17,4535925.154217558,4.720547945205479,2.0
C-001479673,S-0089,-54.39960850441612,1,2,男性,58,6,12,0.1666666666666666,20461,2,19,4721110.949352573,10.142465753424657,7.0
C-001433488,S-0040,-36.300517834929266,0,2,女性,35,6,12,0.1666666666666666,0,0,20,4550116.0180538,8.163013698630138,4.0
C-000284347,S-0126,-24.209580868369688,0,2,女性,57,11,12,0.5,0,0,17,4493168.352495564,5.53972602739726,3.0
C-001180524,S-0085,-41.878900715448296,0,2,男性,41,7,12,0.6666666666666666,15731,1,15,4606655.398026554,4.928767123287671,2.0
C-002422513,S-0017,-36.19145893063565,0,2,女性,41,2,12,0.25,0,0,20,4640207.03550726,5.608219178082192,2.5
C-001717112,S-0082,-97.12626108223785,1,2,男性,50,5,12,0.3333333333333333,0,0,17,4607261.71451126,4.758904109589041,2.0
C-002156683,S-0019,-15.288590631708981,0,2,女性,59,3,12,0.25,0,0,19,4327199.920883598,4.090410958904109,1.0
C-001669148,S-0054,-13.778637717886374,0,2,男性,57,5,12,0.3333333333333333,0,0,23,4489160.181517739,6.358904109589041,4.0
C-001883228,S-0089,-13.263823886288783,0,2,女性,35,4,12,0.5,4081,1,19,4721110.949352573,10.142465753424657,7.0
C-000071039,S-0018,-20.080990194001465,0,2,女性,45,12,12,0.1666666666666666,0,0,16,4493108.581950108,7.550684931506849,5.0
C-001778907,S-0036,-26.90070129078158,0,2,女性,59,5,12,0.9166666666666666,2663,2,19,4397834.424680548,11.123287671232877,9.0
C-002076540,S-0050,-56.71299484834294,1,2,女性,65,3,12,0.25,0,0,20,4615411.181286601,9.2013698630137,6.0
C-001727332,S-0102,-9.361421378897544,0,2,女性,69,5,12,0.1666666666666666,74517,1,16,4383474.364435211,10.484931506849314,7.5
C-001224118,S-0017,-30.804204808840403,0,2,女性,39,7,12,0.25,3371,1,20,4640207.03550726,5.608219178082192,2.5
C-002045433,S-0040,-100.0,1,2,男性,43,3,12,0.1666666666666666,0,0,20,4550116.0180538,8.163013698630138,4.0
C-002320479,S-0075,-63.66695316643198,1,2,女性,39,2,12,0.6666666666666666,10049,1,19,4506647.2743158825,4.526027397260274,1.0
C-002608153,S-0082,-100.0,1,2,女性,50,1,12,0.5,0,0,17,4607261.71451126,4.758904109589041,2.0
C-000291358,S-0017,-46.297154726768106,0,2,女性,41,11,12,0.25,0,0,20,4640207.03550726,5.608219178082192,2.5
C-001815215,S-0075,-29.213420556973308,0,2,男性,44,4,12,0.4166666666666667,0,0,19,4506647.2743158825,4.526027397260274,1.0
C-001369670,S-0085,-31.031774797631996,0,2,女性,37,6,12,0.6666666666666666,9088,1,15,4606655.398026554,4.928767123287671,2.0
C-001068737,S-0085,-12.889862407757905,0,2,女性,43,8,12,0.8333333333333334,0,0,15,4606655.398026554,4.928767123287671,2.0
C-001003421,S-0102,-4.357434527600011,0,2,女性,46,8,12,0.75,0,0,16,4383474.364435211,10.484931506849314,7.5
C-001567886,S-0017,-20.596510660325112,0,2,男性,54,6,12,0.3333333333333333,5923,1,20,4640207.03550726,5.608219178082192,2.5
C-001187711,S-0113,-72.82246217896503,1,2,男性,51,7,12,0.1666666666666666,0,0,16,4336633.961311346,5.77945205479452,2.5
C-000695313,S-0082,-0.9646064395863437,0,2,女性,62,9,12,0.25,50015,1,17,4607261.71451126,4.758904109589041,2.0
C-000808387,S-0075,-10.020084725419526,0,2,女性,60,9,12,0.6666666666666666,0,0,19,4506647.2743158825,4.526027397260274,1.0
C-000144965,S-0050,-99.09350755410371,1,2,女性,55,12,12,0.1666666666666666,0,0,20,4615411.181286601,9.2013698630137,6.0
C-002356816,S-0019,-100.0,1,2,女性,32,2,12,0.5833333333333334,5824,2,19,4327199.920883598,4.090410958904109,1.0
C-001081222,S-0019,-33.898775866515884,0,2,女性,75,8,12,0.25,3269,1,19,4327199.920883598,4.090410958904109,1.0
C-000040768,S-0082,-93.87815992188348,1,2,女性,57,12,12,0.25,5753,1,17,4607261.71451126,4.758904109589041,2.0
C-001877025,S-0063,-45.29071064310932,0,2,男性,60,4,12,0.3333333333333333,0,0,18,4564012.176421695,5.749315068493151,3.0
C-000126220,S-0075,-96.249544294568,1,2,女性,63,12,12,0.25,0,0,19,4506647.2743158825,4.526027397260274,1.0
C-002158321,S-0126,-87.04657480363355,1,2,女性,37,3,12,0.6666666666666666,0,0,17,4493168.352495564,5.53972602739726,3.0
C-001802894,S-0063,-14.685805939757469,0,2,女性,33,4,12,0.4166666666666667,6069,2,18,4564012.176421695,5.749315068493151,3.0
C-001228231,S-0002,-39.64302082802872,0,2,女性,42,7,12,0.3333333333333333,0,0,15,4455566.655169959,5.663013698630137,2.0
C-001256273,S-0097,-89.09453638630696,1,2,男性,65,7,12,0.1666666666666666,625,1,21,4592508.716501317,10.09041095890411,7.0
C-002164412,S-0059,-76.37033253582085,1,2,女性,34,3,12,0.0833333333333333,0,0,14,4713188.969095345,6.8123287671232875,3.0
C-002170261,S-0017,-27.06029205965243,0,2,男性,68,3,12,0.5833333333333334,0,0,20,4640207.03550726,5.608219178082192,2.5
C-002397689,S-0002,-47.37255488648689,0,2,男性,44,2,12,0.4166666666666667,0,0,15,4455566.655169959,5.663013698630137,2.0
C-001550071,S-0111,-37.07271665488459,0,2,女性,55,6,12,0.3333333333333333,72787,1,19,4489501.980758176,6.397260273972603,4.0
C-002409331,S-0019,-10.12679938019706,0,2,女性,53,2,12,0.8333333333333334,0,0,19,4327199.920883598,4.090410958904109,1.0
C-000252750,S-0082,-28.33647164686474,0,2,女性,36,11,12,0.5,5151,1,17,4607261.71451126,4.758904109589041,2.0
C-001387125,S-0059,-3.0706956674208463,0,2,女性,65,6,12,0.25,3310,1,14,4713188.969095345,6.8123287671232875,3.0
C-000467572,S-0111,-30.06446881635691,0,2,男性,55,10,12,0.1666666666666666,12312,1,19,4489501.980758176,6.397260273972603,4.0
C-002251826,S-0111,-39.160324254393814,0,2,女性,54,2,12,0.1666666666666666,0,0,19,4489501.980758176,6.397260273972603,4.0
C-001925282,S-0007,-49.27944955550653,1,2,男性,62,4,12,0.4166666666666667,0,0,21,4487075.727367008,3.7260273972602738,1.0
C-001285990,S-0056,-30.231580102213407,0,2,女性,69,7,12,0.1666666666666666,106487,1,15,4406070.585753419,7.528767123287671,4.0
C-001349771,S-0019,-1.5363141798225974,0,2,男性,28,7,12,0.5833333333333334,0,0,19,4327199.920883598,4.090410958904109,1.0
C-000445970,S-0050,-23.922054279162257,0,2,女性,54,11,12,0.5833333333333334,0,0,20,4615411.181286601,9.2013698630137,6.0
C-001149724,S-0115,-77.55159989651625,1,2,男性,44,7,12,0.1666666666666666,4236,1,14,4553643.099564746,10.51095890410959,7.0
C-002122124,S-0004,-57.63317005458938,1,2,女性,48,3,12,0.1666666666666666,0,0,22,4423576.351309,11.806849315068494,9.0
C-000861243,S-0020,-85.04782681657997,1,2,男性,59,9,12,0.0833333333333333,16567,1,16,4280702.057267675,6.986301369863014,3.5
C-000420492,S-0005,-65.16390487315941,1,2,女性,54,11,12,0.5833333333333334,0,0,21,4733942.970761149,4.69041095890411,2.0
C-000846296,S-0041,-84.37792853767351,1,2,女性,50,9,12,0.5,0,0,17,4828489.286769263,10.389041095890411,7.0
C-002183207,S-0117,-85.22095082714172,1,2,女性,48,3,12,0.25,66875,2,20,4500859.737076383,9.593150684931507,7.0
C-000423318,S-0050,-64.13897081964095,1,2,男性,42,11,12,0.8333333333333334,0,0,20,4615411.181286601,9.2013698630137,6.0
C-000949004,S-0126,-3.6538369864711546,0,2,女性,61,8,12,0.6666666666666666,0,0,17,4493168.352495564,5.53972602739726,3.0
C-001860967,S-0036,-17.90172786762593,0,2,男性,44,4,12,0.0833333333333333,1256,1,19,4397834.424680548,11.123287671232877,9.0
C-000121067,S-0085,-29.71908304650097,0,2,女性,66,12,12,1.0,3667,1,15,4606655.398026554,4.928767123287671,2.0
C-002631984,S-0017,-88.27004916745858,1,2,女性,50,1,12,0.4166666666666667,0,0,20,4640207.03550726,5.608219178082192,2.5
C-002436387,S-0040,-23.916172559426144,0,2,男性,58,2,12,0.3333333333333333,0,0,20,4550116.0180538,8.163013698630138,4.0
C-000176406,S-0085,-21.94926546929032,0,2,女性,45,12,12,0.1666666666666666,0,0,15,4606655.398026554,4.928767123287671,2.0
C-002202963,S-0017,-10.73210187506503,0,2,男性,48,3,12,0.1666666666666666,14205,1,20,4640207.03550726,5.608219178082192,2.5
C-001979881,S-0048,-92.82334451854054,1,2,女性,47,4,12,0.1666666666666666,15703,2,15,4502249.082895545,3.671232876712329,1.0
C-000060314,S-0082,-23.857386819084795,0,2,男性,65,12,12,0.3333333333333333,0,0,17,4607261.71451126,4.758904109589041,2.0
C-001551440,S-0089,-100.0,1,2,女性,20,6,12,0.25,50426,1,19,4721110.949352573,10.142465753424657,7.0
C-002067507,S-0131,-100.0,1,2,女性,41,3,12,0.1666666666666666,7435,1,17,4569023.5643747775,5.13972602739726,2.0
C-002035209,S-0096,-56.52716650527543,1,2,女性,57,3,12,0.3333333333333333,0,0,16,4644856.458098179,8.302739726027397,5.0
C-001450982,S-0020,-42.134013109978156,0,2,女性,34,6,12,0.3333333333333333,15501,1,16,4280702.057267675,6.986301369863014,3.5
C-000284292,S-0019,-4.834431164495842,0,2,女性,49,11,12,0.6666666666666666,0,0,19,4327199.920883598,4.090410958904109,1.0
C-000357483,S-0040,-4.619221928816444,0,2,男性,33,11,12,0.1666666666666666,11727,1,20,4550116.0180538,8.163013698630138,4.0
C-001191699,S-0079,-100.0,1,2,女性,13,7,12,0.25,0,0,13,4256656.371085242,8.479452054794521,6.0
C-000767847,S-0096,-24.59916265300371,0,2,女性,52,9,12,0.3333333333333333,3324,1,16,4644856.458098179,8.302739726027397,5.0
C-000789094,S-0004,-35.10343595013627,0,2,男性,45,9,12,0.3333333333333333,1287,2,22,4423576.351309,11.806849315068494,9.0
C-002395961,S-0115,-13.846696220286987,0,2,女性,57,2,12,0.1666666666666666,118768,1,14,4553643.099564746,10.51095890410959,7.0
C-000458659,S-0121,-100.0,1,2,女性,39,10,12,0.0,0,0,14,4716268.25678644,9.856164383561644,7.0
C-001482803,S-0017,-79.1669396222295,1,2,女性,51,6,12,0.25,0,0,20,4640207.03550726,5.608219178082192,2.5
C-001271285,S-0121,-41.1040406867099,0,2,女性,44,7,12,0.1666666666666666,0,0,14,4716268.25678644,9.856164383561644,7.0
C-000269269,S-0085,-8.00409884021453,0,2,男性,41,11,12,0.5,0,0,15,4606655.398026554,4.928767123287671,2.0
C-000126465,S-0131,-82.78821375683586,1,2,男性,75,12,12,0.4166666666666667,3193,1,17,4569023.5643747775,5.13972602739726,2.0
C-001696584,S-0113,-38.487546026545964,0,2,女性,22,5,12,0.25,0,0,16,4336633.961311346,5.77945205479452,2.5
C-002260776,S-0004,-87.28848356492988,1,2,女性,63,2,12,0.6666666666666666,3955,1,22,4423576.351309,11.806849315068494,9.0
C-000339923,S-0089,-100.0,1,2,女性,44,11,12,0.25,0,0,19,4721110.949352573,10.142465753424657,7.0
C-001435106,S-0082,-36.767732620649404,0,2,男性,42,6,12,0.25,1975,1,17,4607261.71451126,4.758904109589041,2.0
C-001858590,S-0126,-27.092833297819446,0,2,男性,47,4,12,0.6666666666666666,7254,1,17,4493168.352495564,5.53972602739726,3.0
C-001326885,S-0002,-42.54591143009587,0,2,女性,42,7,12,0.0833333333333333,39316,1,15,4455566.655169959,5.663013698630137,2.0
C-001428675,S-0005,-42.89935364727609,0,2,男性,46,6,12,0.75,0,0,21,4733942.970761149,4.69041095890411,2.0
C-000844446,S-0020,-21.692293938852135,0,2,男性,48,9,12,0.6666666666666666,1081,1,16,4280702.057267675,6.986301369863014,3.5
C-002191399,S-0089,-24.48942628377281,0,2,男性,51,3,12,0.3333333333333333,20335,2,19,4721110.949352573,10.142465753424657,7.0
C-000919373,S-0131,-30.023069477698293,0,2,女性,48,8,12,0.3333333333333333,2887,1,17,4569023.5643747775,5.13972602739726,2.0
C-001985306,S-0018,-81.07611411230722,1,2,女性,46,4,12,0.0833333333333333,73284,1,16,4493108.581950108,7.550684931506849,5.0
C-000659761,S-0121,-16.2495306287609,0,2,女性,59,10,12,0.0833333333333333,52922,1,14,4716268.25678644,9.856164383561644,7.0
C-000559231,S-0040,-100.0,1,2,男性,60,10,12,0.5,0,0,20,4550116.0180538,8.163013698630138,4.0
C-000181329,S-0097,-100.0,1,2,女性,64,12,12,0.1666666666666666,30317,1,21,4592508.716501317,10.09041095890411,7.0
C-000914047,S-0085,-20.98969569470313,0,2,女性,50,8,12,0.25,0,0,15,4606655.398026554,4.928767123287671,2.0
C-001231571,S-0048,-100.0,1,2,女性,39,7,12,0.5833333333333334,0,0,15,4502249.082895545,3.671232876712329,1.0
C-000936426,S-0054,-64.72836603815828,1,2,女性,70,8,12,0.1666666666666666,0,0,23,4489160.181517739,6.358904109589041,4.0
C-002058473,S-0040,-90.81125987750922,1,2,男性,19,3,12,0.25,16246,1,20,4550116.0180538,8.163013698630138,4.0
C-002487567,S-0075,-28.630047916398187,0,2,男性,55,1,12,0.25,24740,1,19,4506647.2743158825,4.526027397260274,1.0
C-002309682,S-0096,-40.95166116407448,0,2,女性,58,2,12,0.5,9447,2,16,4644856.458098179,8.302739726027397,5.0
C-000288795,S-0050,-24.659292195351192,0,2,男性,45,11,12,0.6666666666666666,0,0,20,4615411.181286601,9.2013698630137,6.0
C-001318362,S-0096,-100.0,1,2,女性,58,7,12,0.4166666666666667,14576,1,16,4644856.458098179,8.302739726027397,5.0
C-002396426,S-0007,-100.0,1,2,女性,31,2,12,0.5,11682,1,21,4487075.727367008,3.7260273972602738,1.0
C-001168156,S-0126,-11.604158596023389,0,2,女性,20,7,12,0.8333333333333334,0,0,17,4493168.352495564,5.53972602739726,3.0
C-001473869,S-0017,-22.82030168057791,0,2,男性,51,6,12,0.5833333333333334,4982,2,20,4640207.03550726,5.608219178082192,2.5
C-001705077,S-0019,-39.268597624505105,0,2,女性,54,5,12,0.4166666666666667,0,0,19,4327199.920883598,4.090410958904109,1.0
C-001063827,S-0054,-3.1263321199981617,0,2,女性,46,8,12,0.0,0,0,23,4489160.181517739,6.358904109589041,4.0
C-000763196,S-0017,-23.631458130748754,0,2,女性,40,9,12,0.6666666666666666,0,0,20,4640207.03550726,5.608219178082192,2.5
C-001074659,S-0099,-10.460397986021247,0,2,男性,48,8,12,0.8333333333333334,0,0,13,4464126.154078853,8.147945205479452,5.0
C-001778867,S-0004,-63.5006473273742,1,2,女性,34,5,12,0.1666666666666666,0,0,22,4423576.351309,11.806849315068494,9.0
C-002315737,S-0111,-63.27045013138353,1,2,男性,50,2,12,0.25,828,1,19,4489501.980758176,6.397260273972603,4.0
C-000571722,S-0121,-100.0,1,2,女性,50,10,12,0.3333333333333333,0,0,14,4716268.25678644,9.856164383561644,7.0
C-001130216,S-0111,-54.27386176631926,1,2,女性,57,7,12,0.3333333333333333,0,0,19,4489501.980758176,6.397260273972603,4.0
C-002024176,S-0099,-33.630536823029615,0,2,女性,42,3,12,0.3333333333333333,0,0,13,4464126.154078853,8.147945205479452,5.0
C-000305633,S-0012,-100.0,1,2,女性,68,11,12,0.4166666666666667,19688,1,16,4444678.825084195,7.994520547945205,5.0
C-001421702,S-0039,-84.51842647981861,1,2,女性,55,6,12,0.1666666666666666,24933,2,16,4591288.568998441,8.193150684931506,5.0
C-002346348,S-0100,-100.0,1,2,女性,38,2,12,0.3333333333333333,0,0,17,4535925.154217558,4.720547945205479,2.0
C-001068239,S-0074,-87.65776783036064,1,2,男性,71,8,12,0.0,15392,1,14,4614054.39694187,8.308219178082192,6.0
C-002510899,S-0019,-15.070358306188925,0,2,男性,60,1,12,0.75,0,0,19,4327199.920883598,4.090410958904109,1.0
C-002650196,S-0005,3.013703407813983,0,2,女性,74,1,12,0.5,0,0,21,4733942.970761149,4.69041095890411,2.0
C-001277142,S-0017,-15.735637331796934,0,2,女性,45,7,12,0.3333333333333333,192525,1,20,4640207.03550726,5.608219178082192,2.5
C-000485775,S-0007,-36.764671702498546,0,2,男性,48,10,12,0.25,0,0,21,4487075.727367008,3.7260273972602738,1.0
C-001484296,S-0018,-100.0,1,2,女性,38,6,12,0.1666666666666666,0,0,16,4493108.581950108,7.550684931506849,5.0
C-000821114,S-0040,-16.468678229191415,0,2,男性,51,9,12,0.5,0,0,20,4550116.0180538,8.163013698630138,4.0
C-002359835,S-0099,-98.83355719609368,1,2,男性,52,2,12,0.0833333333333333,1892,1,13,4464126.154078853,8.147945205479452,5.0
C-002575390,S-0085,-46.552418272585754,0,2,女性,60,1,12,0.0833333333333333,11640,1,15,4606655.398026554,4.928767123287671,2.0
C-000348849,S-0115,-100.0,1,2,男性,32,11,12,0.25,50842,1,14,4553643.099564746,10.51095890410959,7.0
C-000621469,S-0075,-26.072380952380954,0,2,男性,31,10,12,0.3333333333333333,0,0,19,4506647.2743158825,4.526027397260274,1.0
C-000647232,S-0079,-89.04491472761168,1,2,男性,55,10,12,0.1666666666666666,1910,2,13,4256656.371085242,8.479452054794521,6.0
C-002212751,S-0007,-40.3891349809513,0,2,男性,37,3,12,0.1666666666666666,5013,1,21,4487075.727367008,3.7260273972602738,1.0
C-000169252,S-0082,-96.41432624696739,1,2,女性,50,12,12,0.75,0,0,17,4607261.71451126,4.758904109589041,2.0
C-002180512,S-0075,-47.54097158570119,0,2,女性,39,3,12,0.75,9056,1,19,4506647.2743158825,4.526027397260274,1.0
C-001537758,S-0080,-19.073017936822197,0,2,女性,20,6,12,0.3333333333333333,0,0,17,4457429.264950683,11.673972602739726,9.0
C-000207511,S-0096,-23.375715298735138,0,2,女性,32,12,12,0.5833333333333334,0,0,16,4644856.458098179,8.302739726027397,5.0
C-000110680,S-0075,-33.284077885661425,0,2,女性,57,12,12,0.4166666666666667,0,0,19,4506647.2743158825,4.526027397260274,1.0
C-000470922,S-0040,-20.195971322817762,0,2,男性,37,10,12,0.5833333333333334,0,0,20,4550116.0180538,8.163013698630138,4.0
C-002101320,S-0012,-57.334030372454656,1,2,男性,59,3,12,0.1666666666666666,71837,1,16,4444678.825084195,7.994520547945205,5.0
C-000556841,S-0017,-61.879817008963734,1,2,女性,45,10,12,0.5,0,0,20,4640207.03550726,5.608219178082192,2.5
C-000447235,S-0007,-24.13389345727565,0,2,男性,39,11,12,0.4166666666666667,3851,1,21,4487075.727367008,3.7260273972602738,1.0
C-002488190,S-0096,-57.368355636574556,1,2,男性,56,1,12,0.1666666666666666,43713,1,16,4644856.458098179,8.302739726027397,5.0
C-001422680,S-0062,-38.39721707467733,0,2,女性,24,6,12,0.3333333333333333,0,0,15,4713869.782113416,4.575342465753424,1.0
C-002339872,S-0126,-25.155904866313815,0,2,男性,58,2,12,0.1666666666666666,0,0,17,4493168.352495564,5.53972602739726,3.0
C-001586163,S-0007,-52.39852163790306,1,2,男性,39,5,12,0.4166666666666667,0,0,21,4487075.727367008,3.7260273972602738,1.0
C-002185648,S-0131,-69.81384193695752,1,2,女性,25,3,12,1.0,0,0,17,4569023.5643747775,5.13972602739726,2.0
C-002501354,S-0039,-32.69748575889174,0,2,男性,20,1,12,0.25,0,0,16,4591288.568998441,8.193150684931506,5.0
C-001918849,S-0056,-30.837277963492493,0,2,女性,46,4,12,0.0833333333333333,0,0,15,4406070.585753419,7.528767123287671,4.0
C-001728903,S-0012,-55.14051115993986,1,2,男性,48,5,12,0.1666666666666666,30972,1,16,4444678.825084195,7.994520547945205,5.0
C-000218003,S-0019,-8.318683308316349,0,2,男性,52,12,12,0.3333333333333333,0,0,19,4327199.920883598,4.090410958904109,1.0
C-002636664,S-0089,-100.0,1,2,男性,45,1,12,0.3333333333333333,5720,1,19,4721110.949352573,10.142465753424657,7.0
C-000043060,S-0040,-11.20368629678369,0,2,女性,34,12,12,0.25,798,1,20,4550116.0180538,8.163013698630138,4.0
C-001974455,S-0063,-42.80887308548803,0,2,男性,22,4,12,0.25,0,0,18,4564012.176421695,5.749315068493151,3.0
C-001778496,S-0121,-41.35125858633586,0,2,女性,90,5,12,0.5833333333333334,16303,2,14,4716268.25678644,9.856164383561644,7.0
C-001023171,S-0059,-50.57331401249123,1,2,男性,65,8,12,0.0,0,0,14,4713188.969095345,6.8123287671232875,3.0
C-001275223,S-0054,-36.1339901215856,0,2,男性,42,7,12,0.0,41137,1,23,4489160.181517739,6.358904109589041,4.0
C-000681228,S-0121,-36.29410220839114,0,2,男性,43,9,12,0.4166666666666667,10079,1,14,4716268.25678644,9.856164383561644,7.0
C-000582809,S-0005,-41.3662534767941,0,2,女性,50,10,12,0.75,0,0,21,4733942.970761149,4.69041095890411,2.0
C-001365146,S-0005,-6.0694447523255395,0,2,女性,35,6,12,0.5,0,0,21,4733942.970761149,4.69041095890411,2.0
C-002624104,S-0054,-100.0,1,2,男性,58,1,12,0.5,0,0,23,4489160.181517739,6.358904109589041,4.0
C-001257478,S-0020,-100.0,1,2,女性,44,7,12,0.5,0,0,16,4280702.057267675,6.986301369863014,3.5
C-001485737,S-0019,-21.756342163428233,0,2,女性,35,6,12,0.5,0,0,19,4327199.920883598,4.090410958904109,1.0
C-002019432,S-0075,-100.0,1,2,女性,32,4,12,0.3333333333333333,0,0,19,4506647.2743158825,4.526027397260274,1.0
C-002434979,S-0099,-4.800478778389684,0,2,男性,44,2,12,0.75,0,0,13,4464126.154078853,8.147945205479452,5.0
C-000332053,S-0131,-73.61329492373552,1,2,男性,53,11,12,0.1666666666666666,0,0,17,4569023.5643747775,5.13972602739726,2.0
C-001431173,S-0019,-13.695383899987482,0,2,女性,41,6,12,0.8333333333333334,11796,1,19,4327199.920883598,4.090410958904109,1.0
C-000575043,S-0111,-56.60615199745532,1,2,女性,60,10,12,0.3333333333333333,838,1,19,4489501.980758176,6.397260273972603,4.0
C-000894101,S-0062,-26.340285236423483,0,2,女性,35,9,12,1.0,0,0,15,4713869.782113416,4.575342465753424,1.0
C-001658866,S-0131,-60.156495865877034,1,2,男性,33,5,12,0.25,50337,2,17,4569023.5643747775,5.13972602739726,2.0
C-002591254,S-0082,-41.10707594087576,0,2,男性,59,1,12,0.9166666666666666,8058,2,17,4607261.71451126,4.758904109589041,2.0
C-002632740,S-0017,-100.0,1,2,男性,49,1,12,0.1666666666666666,13903,1,20,4640207.03550726,5.608219178082192,2.5
C-001980405,S-0126,-7.052467788160015,0,2,女性,47,4,12,0.75,0,0,17,4493168.352495564,5.53972602739726,3.0
C-001624807,S-0012,-36.98276598351981,0,2,女性,53,5,12,0.1666666666666666,85335,2,16,4444678.825084195,7.994520547945205,5.0
C-001125960,S-0059,-69.62913621480641,1,2,男性,53,7,12,0.5,0,0,14,4713188.969095345,6.8123287671232875,3.0
C-000157147,S-0039,-56.86463925432128,1,2,男性,51,12,12,0.6666666666666666,0,0,16,4591288.568998441,8.193150684931506,5.0
C-000524755,S-0075,-61.07123797906752,1,2,男性,25,10,12,0.9166666666666666,0,0,19,4506647.2743158825,4.526027397260274,1.0
C-002022097,S-0079,-13.884387145241565,0,2,男性,32,4,12,0.9166666666666666,0,0,13,4256656.371085242,8.479452054794521,6.0
C-000945574,S-0059,-26.898874141154938,0,2,女性,48,8,12,0.0833333333333333,47453,2,14,4713188.969095345,6.8123287671232875,3.0
C-002416318,S-0075,-20.465272941615574,0,2,女性,50,2,12,0.4166666666666667,0,0,19,4506647.2743158825,4.526027397260274,1.0
C-002530140,S-0050,-4.616397485670096,0,2,女性,47,1,12,0.75,0,0,20,4615411.181286601,9.2013698630137,6.0
C-002218518,S-0079,-60.48923519669861,1,2,女性,59,3,12,0.25,14821,1,13,4256656.371085242,8.479452054794521,6.0
C-000838990,S-0085,-12.984903043143664,0,2,女性,56,9,12,0.4166666666666667,6758,1,15,4606655.398026554,4.928767123287671,2.0
C-001299118,S-0017,-100.0,1,2,女性,58,7,12,0.75,0,0,20,4640207.03550726,5.608219178082192,2.5
C-001972117,S-0017,-3.749989058155176,0,2,男性,31,4,12,0.75,0,0,20,4640207.03550726,5.608219178082192,2.5
C-000107589,S-0039,-22.9811211673364,0,2,女性,67,12,12,0.25,0,0,16,4591288.568998441,8.193150684931506,5.0
C-001045250,S-0030,-86.9216132176173,1,2,女性,36,8,12,0.5833333333333334,23234,1,22,4426478.045479023,9.236986301369862,5.5
C-001315720,S-0100,-46.48404675205622,0,2,女性,41,7,12,0.6666666666666666,0,0,17,4535925.154217558,4.720547945205479,2.0
C-000938912,S-0126,-81.33602123246943,1,2,女性,36,8,12,0.75,35061,2,17,4493168.352495564,5.53972602739726,3.0
C-001715471,S-0075,-54.158024088825364,1,2,男性,70,5,12,0.4166666666666667,0,0,19,4506647.2743158825,4.526027397260274,1.0
C-000721670,S-0113,-63.919476944253276,1,2,女性,61,9,12,0.3333333333333333,0,0,16,4336633.961311346,5.77945205479452,2.5
C-001978523,S-0099,-43.289741607413134,0,2,男性,44,4,12,0.0833333333333333,0,0,13,4464126.154078853,8.147945205479452,5.0
C-000893045,S-0111,-41.03706570109732,0,2,男性,48,9,12,0.4166666666666667,6340,1,19,4489501.980758176,6.397260273972603,4.0
C-001652274,S-0039,-24.245107884078806,0,2,女性,60,5,12,0.3333333333333333,0,0,16,4591288.568998441,8.193150684931506,5.0
C-000864322,S-0020,-67.43086485408496,1,2,女性,56,9,12,0.1666666666666666,5219,1,16,4280702.057267675,6.986301369863014,3.5
C-001178045,S-0018,-22.562568619504017,0,2,女性,46,7,12,0.5,14353,1,16,4493108.581950108,7.550684931506849,5.0
C-002289890,S-0030,-96.75493716337522,1,2,女性,20,2,12,0.4166666666666667,0,0,22,4426478.045479023,9.236986301369862,5.5
C-002518848,S-0036,-35.88920324113713,0,2,女性,47,1,12,0.1666666666666666,17496,1,19,4397834.424680548,11.123287671232877,9.0
C-000298689,S-0019,-10.380162619137364,0,2,男性,36,11,12,0.4166666666666667,27110,1,19,4327199.920883598,4.090410958904109,1.0
C-000848152,S-0113,-60.34430291701083,1,2,男性,43,9,12,0.3333333333333333,127487,2,16,4336633.961311346,5.77945205479452,2.5
C-001829741,S-0005,-13.219124738005519,0,2,男性,75,4,12,0.5833333333333334,0,0,21,4733942.970761149,4.69041095890411,2.0
C-002677778,S-0054,-77.61860969628373,1,2,女性,47,1,12,0.6666666666666666,39506,2,23,4489160.181517739,6.358904109589041,4.0
C-001779333,S-0020,-15.509529472087975,0,2,女性,52,5,12,0.3333333333333333,0,0,16,4280702.057267675,6.986301369863014,3.5
C-001388852,S-0041,-62.24420359785218,1,2,男性,73,6,12,0.1666666666666666,9634,1,17,4828489.286769263,10.389041095890411,7.0
C-000351982,S-0019,-13.461859348727362,0,2,男性,50,11,12,0.1666666666666666,0,0,19,4327199.920883598,4.090410958904109,1.0
C-001651644,S-0082,-8.74563795879473,0,2,男性,44,5,12,0.5,484,1,17,4607261.71451126,4.758904109589041,2.0
C-001662201,S-0041,-65.40030612182673,1,2,女性,42,5,12,0.3333333333333333,6209,2,17,4828489.286769263,10.389041095890411,7.0
C-001059075,S-0008,-100.0,1,2,男性,73,8,12,0.0833333333333333,0,0,22,4498453.308937302,10.772602739726027,7.0
C-000494758,S-0005,-11.454478164322722,0,2,男性,41,10,12,0.9166666666666666,18971,1,21,4733942.970761149,4.69041095890411,2.0
C-001902069,S-0097,-63.33824034259846,1,2,男性,78,4,12,0.0833333333333333,0,0,21,4592508.716501317,10.09041095890411,7.0
C-000045774,S-0017,-18.567518248175183,0,2,男性,33,12,12,0.4166666666666667,0,0,20,4640207.03550726,5.608219178082192,2.5
C-000203357,S-0012,-15.596111882562983,0,2,女性,59,12,12,0.5833333333333334,5268,1,16,4444678.825084195,7.994520547945205,5.0
C-000594983,S-0017,-57.53041562658694,1,2,女性,44,10,12,0.5,0,0,20,4640207.03550726,5.608219178082192,2.5
C-002083625,S-0131,-21.645228296068844,0,2,女性,37,3,12,0.6666666666666666,0,0,17,4569023.5643747775,5.13972602739726,2.0
C-000903690,S-0005,-26.76887025322705,0,2,男性,60,8,12,0.4166666666666667,6147,1,21,4733942.970761149,4.69041095890411,2.0
C-000579641,S-0062,-21.41344772986707,0,2,女性,58,10,12,0.4166666666666667,0,0,15,4713869.782113416,4.575342465753424,1.0
C-001215957,S-0089,-21.530851847220486,0,2,男性,52,7,12,0.6666666666666666,0,0,19,4721110.949352573,10.142465753424657,7.0
C-000120787,S-0100,-64.37771085478342,1,2,女性,54,12,12,0.3333333333333333,0,0,17,4535925.154217558,4.720547945205479,2.0
C-002271209,S-0020,-20.806454426080826,0,2,男性,41,2,12,0.1666666666666666,1413,1,16,4280702.057267675,6.986301369863014,3.5
C-001929996,S-0062,-49.318323088611095,1,2,女性,49,4,12,0.9166666666666666,0,0,15,4713869.782113416,4.575342465753424,1.0
C-001652827,S-0059,-12.419385316850756,0,2,男性,64,5,12,0.0833333333333333,14469,1,14,4713188.969095345,6.8123287671232875,3.0
C-002310451,S-0075,-46.881617294425794,0,2,女性,55,2,12,0.25,0,0,19,4506647.2743158825,4.526027397260274,1.0
C-001830432,S-0030,-100.0,1,2,女性,37,4,12,0.0833333333333333,11073,2,22,4426478.045479023,9.236986301369862,5.5
C-000032723,S-0106,-89.24234054306717,1,2,女性,53,12,12,0.1666666666666666,1518,1,20,4462729.145118021,6.171232876712329,3.5
C-001134512,S-0050,-63.58829749735636,1,2,女性,55,7,12,0.3333333333333333,0,0,20,4615411.181286601,9.2013698630137,6.0
C-002402755,S-0004,-56.89693682195277,1,2,男性,55,2,12,0.5833333333333334,43119,2,22,4423576.351309,11.806849315068494,9.0
C-000929446,S-0050,-100.0,1,2,女性,58,8,12,0.1666666666666666,0,0,20,4615411.181286601,9.2013698630137,6.0
C-002499867,S-0126,-30.25281400750402,0,2,女性,41,1,12,0.3333333333333333,0,0,17,4493168.352495564,5.53972602739726,3.0
C-001472117,S-0121,-15.424600355691487,0,2,女性,52,6,12,0.1666666666666666,0,0,14,4716268.25678644,9.856164383561644,7.0
C-002025240,S-0054,-27.44317550560679,0,2,男性,56,3,12,0.6666666666666666,0,0,23,4489160.181517739,6.358904109589041,4.0
C-001911071,S-0004,-27.700724402638123,0,2,男性,45,4,12,0.6666666666666666,0,0,22,4423576.351309,11.806849315068494,9.0
C-000142425,S-0005,-40.24342521146687,0,2,女性,36,12,12,0.25,0,0,21,4733942.970761149,4.69041095890411,2.0
C-002430748,S-0072,-9.945574240646591,0,2,男性,48,2,12,0.6666666666666666,22685,1,12,4406797.312641796,9.01917808219178,6.0
C-000393306,S-0111,-92.0723394500947,1,2,女性,38,11,12,0.5833333333333334,0,0,19,4489501.980758176,6.397260273972603,4.0
C-001422019,S-0005,-17.154928403594084,0,2,女性,55,6,12,0.6666666666666666,0,0,21,4733942.970761149,4.69041095890411,2.0
C-001638334,S-0085,-38.6582445629145,0,2,女性,40,5,12,0.5,11339,1,15,4606655.398026554,4.928767123287671,2.0
C-000519896,S-0075,-32.81568241715358,0,2,女性,78,10,12,0.4166666666666667,63720,2,19,4506647.2743158825,4.526027397260274,1.0
C-000821977,S-0040,-100.0,1,2,男性,53,9,12,0.1666666666666666,0,0,20,4550116.0180538,8.163013698630138,4.0
C-002012796,S-0004,-13.127966646910128,0,2,女性,69,4,12,0.8333333333333334,0,0,22,4423576.351309,11.806849315068494,9.0
C-000548969,S-0018,-100.0,1,2,女性,21,10,12,0.0833333333333333,0,0,16,4493108.581950108,7.550684931506849,5.0
C-002286506,S-0050,-100.0,1,2,男性,33,2,12,0.6666666666666666,0,0,20,4615411.181286601,9.2013698630137,6.0
C-002239023,S-0004,-57.64914865040509,1,2,男性,57,3,12,0.5,0,0,22,4423576.351309,11.806849315068494,9.0
C-001511929,S-0054,-100.0,1,2,女性,53,6,12,0.4166666666666667,1318,2,23,4489160.181517739,6.358904109589041,4.0
C-001839201,S-0017,-43.41569879735263,0,2,女性,55,4,12,0.6666666666666666,0,0,20,4640207.03550726,5.608219178082192,2.5
C-002263934,S-0005,-36.859487114504304,0,2,女性,56,2,12,0.6666666666666666,0,0,21,4733942.970761149,4.69041095890411,2.0
C-002363050,S-0059,-45.903321486786204,0,2,男性,53,2,12,0.75,50894,1,14,4713188.969095345,6.8123287671232875,3.0
C-001331023,S-0007,-14.184359522510492,0,2,男性,38,7,12,0.3333333333333333,25012,1,21,4487075.727367008,3.7260273972602738,1.0
C-001577537,S-0012,-58.23708108804397,1,2,男性,35,5,12,0.0833333333333333,85502,1,16,4444678.825084195,7.994520547945205,5.0
C-001101312,S-0008,-50.69546623760175,1,2,女性,62,8,12,0.1666666666666666,0,0,22,4498453.308937302,10.772602739726027,7.0
C-001345566,S-0005,-19.136365049862814,0,2,男性,56,7,12,0.1666666666666666,0,0,21,4733942.970761149,4.69041095890411,2.0
C-001024560,S-0041,-95.2239952300587,1,2,男性,31,8,12,0.75,0,0,17,4828489.286769263,10.389041095890411,7.0
C-001459388,S-0004,-100.0,1,2,男性,68,6,12,0.0,0,0,22,4423576.351309,11.806849315068494,9.0
C-000827524,S-0056,-36.28544158965376,0,2,女性,33,9,12,0.6666666666666666,42057,2,15,4406070.585753419,7.528767123287671,4.0
C-000324048,S-0062,-100.0,1,2,女性,47,11,12,0.5,0,0,15,4713869.782113416,4.575342465753424,1.0
C-000566265,S-0074,-13.239990661327766,0,2,女性,41,10,12,0.6666666666666666,28177,1,14,4614054.39694187,8.308219178082192,6.0
C-002636780,S-0030,-82.34161653151975,1,2,女性,39,1,12,0.5,0,0,22,4426478.045479023,9.236986301369862,5.5
C-000123515,S-0075,5.32690644788621,0,2,男性,52,12,12,0.75,0,0,19,4506647.2743158825,4.526027397260274,1.0
C-001642413,S-0131,-95.59522118586557,1,2,男性,40,5,12,0.1666666666666666,0,0,17,4569023.5643747775,5.13972602739726,2.0
C-001158980,S-0126,-39.627631779923306,0,2,男性,31,7,12,0.3333333333333333,23985,1,17,4493168.352495564,5.53972602739726,3.0
C-001324674,S-0002,-13.143405818819588,0,2,女性,41,7,12,0.5833333333333334,0,0,15,4455566.655169959,5.663013698630137,2.0
C-002599555,S-0082,-13.245197089683955,0,2,女性,64,1,12,0.5,41182,2,17,4607261.71451126,4.758904109589041,2.0
C-000404573,S-0039,-47.97477954598041,0,2,男性,50,11,12,0.4166666666666667,0,0,16,4591288.568998441,8.193150684931506,5.0
C-002105574,S-0005,-27.702800107089164,0,2,女性,45,3,12,0.8333333333333334,13802,2,21,4733942.970761149,4.69041095890411,2.0
C-000374194,S-0126,-25.116628201393716,0,2,男性,56,11,12,0.25,1476,1,17,4493168.352495564,5.53972602739726,3.0
C-002689521,S-0004,-100.0,1,2,男性,41,1,12,0.0,0,0,22,4423576.351309,11.806849315068494,9.0
C-002650349,S-0036,-48.63648963940031,0,2,男性,64,1,12,0.0833333333333333,0,0,19,4397834.424680548,11.123287671232877,9.0
C-002625384,S-0005,-36.35843338232807,0,2,女性,36,1,12,0.5,0,0,21,4733942.970761149,4.69041095890411,2.0
C-000752127,S-0089,-10.419310529082244,0,2,男性,38,9,12,0.3333333333333333,0,0,19,4721110.949352573,10.142465753424657,7.0
C-002289720,S-0113,-15.512133062381531,0,2,女性,46,2,12,0.4166666666666667,44180,1,16,4336633.961311346,5.77945205479452,2.5
C-002484183,S-0019,-22.446831885834555,0,2,男性,48,1,12,0.8333333333333334,11535,1,19,4327199.920883598,4.090410958904109,1.0
C-001813808,S-0017,-17.23699252818978,0,2,女性,33,4,12,0.5833333333333334,0,0,20,4640207.03550726,5.608219178082192,2.5
C-002073390,S-0075,-100.0,1,2,男性,38,3,12,0.4166666666666667,15458,1,19,4506647.2743158825,4.526027397260274,1.0
C-000187144,S-0089,-57.67698188645603,1,2,女性,60,12,12,0.25,37996,1,19,4721110.949352573,10.142465753424657,7.0
C-001910513,S-0005,-67.12108737025389,1,2,女性,45,4,12,0.8333333333333334,0,0,21,4733942.970761149,4.69041095890411,2.0
C-001892734,S-0020,-67.98595261295787,1,2,女性,39,4,12,0.0833333333333333,0,0,16,4280702.057267675,6.986301369863014,3.5
C-001707347,S-0063,0.44420869862346957,0,2,女性,75,5,12,0.5833333333333334,16903,1,18,4564012.176421695,5.749315068493151,3.0
C-002477934,S-0050,-100.0,1,2,女性,53,1,12,0.6666666666666666,0,0,20,4615411.181286601,9.2013698630137,6.0
C-000784078,S-0126,-34.87744173768761,0,2,女性,36,9,12,0.5,4581,1,17,4493168.352495564,5.53972602739726,3.0
C-000178415,S-0056,-27.285524407926538,0,2,男性,73,12,12,0.3333333333333333,0,0,15,4406070.585753419,7.528767123287671,4.0
C-000549145,S-0121,-100.0,1,2,女性,45,10,12,0.1666666666666666,0,0,14,4716268.25678644,9.856164383561644,7.0
C-002361023,S-0089,-100.0,1,2,女性,39,2,12,0.8333333333333334,0,0,19,4721110.949352573,10.142465753424657,7.0
C-002273987,S-0089,-65.9763853808466,1,2,女性,21,2,12,0.5833333333333334,0,0,19,4721110.949352573,10.142465753424657,7.0
C-000617772,S-0121,-41.193683413475995,0,2,男性,43,10,12,0.25,52150,1,14,4716268.25678644,9.856164383561644,7.0
C-000626350,S-0036,-37.79045763949907,0,2,女性,31,10,12,0.1666666666666666,42754,2,19,4397834.424680548,11.123287671232877,9.0
C-000350145,S-0040,-61.69910870493588,1,2,女性,41,11,12,0.0833333333333333,55334,1,20,4550116.0180538,8.163013698630138,4.0
C-000052539,S-0100,-27.753414437656144,0,2,男性,40,12,12,0.5833333333333334,0,0,17,4535925.154217558,4.720547945205479,2.0
C-002230304,S-0002,-100.0,1,2,女性,31,3,12,0.3333333333333333,4774,1,15,4455566.655169959,5.663013698630137,2.0
C-002563913,S-0121,-72.31882923218188,1,2,女性,38,1,12,0.3333333333333333,0,0,14,4716268.25678644,9.856164383561644,7.0
C-000752076,S-0019,-32.11959204806801,0,2,女性,47,9,12,0.4166666666666667,0,0,19,4327199.920883598,4.090410958904109,1.0
C-001076830,S-0040,-100.0,1,2,男性,53,8,12,0.0833333333333333,0,0,20,4550116.0180538,8.163013698630138,4.0
C-002227606,S-0089,-97.3081083517375,1,2,女性,40,3,12,0.5833333333333334,8447,1,19,4721110.949352573,10.142465753424657,7.0
C-002204377,S-0030,-58.52061761115293,1,2,男性,32,3,12,0.0833333333333333,0,0,22,4426478.045479023,9.236986301369862,5.5
C-001401214,S-0020,-37.29274380459975,0,2,男性,68,6,12,0.75,0,0,16,4280702.057267675,6.986301369863014,3.5
C-001287314,S-0131,-59.83718884866336,1,2,女性,50,7,12,0.5833333333333334,0,0,17,4569023.5643747775,5.13972602739726,2.0
C-000478229,S-0111,-17.671839481312755,0,2,女性,48,10,12,0.3333333333333333,62497,1,19,4489501.980758176,6.397260273972603,4.0
C-000294100,S-0089,-88.78903017413975,1,2,男性,36,11,12,0.25,0,0,19,4721110.949352573,10.142465753424657,7.0
C-001824121,S-0126,-35.094572153696724,0,2,女性,47,4,12,0.75,0,0,17,4493168.352495564,5.53972602739726,3.0
C-000520370,S-0126,-30.651541871216814,0,2,男性,86,10,12,0.9166666666666666,17450,1,17,4493168.352495564,5.53972602739726,3.0
C-001327631,S-0007,-64.92879140806978,1,2,男性,48,7,12,0.25,17792,2,21,4487075.727367008,3.7260273972602738,1.0
C-002124509,S-0030,-30.313624455771148,0,2,女性,52,3,12,0.1666666666666666,22172,1,22,4426478.045479023,9.236986301369862,5.5
C-001311099,S-0126,-43.67308460821182,0,2,女性,48,7,12,0.75,0,0,17,4493168.352495564,5.53972602739726,3.0
C-000248632,S-0019,-0.9680850267019196,0,2,女性,67,11,12,0.5,8517,1,19,4327199.920883598,4.090410958904109,1.0
C-002676367,S-0017,-100.0,1,2,女性,49,1,12,0.25,24250,1,20,4640207.03550726,5.608219178082192,2.5
C-000385609,S-0005,-12.274243604992959,0,2,女性,42,11,12,0.75,52446,1,21,4733942.970761149,4.69041095890411,2.0
C-002632424,S-0063,-46.8805359616066,0,2,女性,45,1,12,0.1666666666666666,0,0,18,4564012.176421695,5.749315068493151,3.0
C-002296360,S-0113,-100.0,1,2,女性,47,2,12,0.5833333333333334,0,0,16,4336633.961311346,5.77945205479452,2.5
C-000259231,S-0012,-9.19575508760902,0,2,女性,62,11,12,0.8333333333333334,59311,1,16,4444678.825084195,7.994520547945205,5.0
C-002028957,S-0059,-6.230380702333161,0,2,男性,54,3,12,0.3333333333333333,0,0,14,4713188.969095345,6.8123287671232875,3.0
C-000917290,S-0039,-58.36052629458639,1,2,男性,42,8,12,0.3333333333333333,0,0,16,4591288.568998441,8.193150684931506,5.0
C-000392941,S-0063,-97.77008220596802,1,2,男性,77,11,12,0.5,9225,1,18,4564012.176421695,5.749315068493151,3.0
C-002662638,S-0004,-100.0,1,2,女性,55,1,12,0.1666666666666666,120188,2,22,4423576.351309,11.806849315068494,9.0
C-000231293,S-0075,-100.0,1,2,男性,70,11,12,0.25,2328,1,19,4506647.2743158825,4.526027397260274,1.0
C-001746377,S-0126,-41.68300653594771,0,2,男性,64,5,12,0.5,0,0,17,4493168.352495564,5.53972602739726,3.0
C-000380118,S-0039,-99.31032617515011,1,2,女性,43,11,12,0.0,35037,1,16,4591288.568998441,8.193150684931506,5.0
C-001977455,S-0099,-84.6377164666951,1,2,男性,21,4,12,0.5,4748,1,13,4464126.154078853,8.147945205479452,5.0
C-000545793,S-0062,-100.0,1,2,女性,52,10,12,0.8333333333333334,9798,2,15,4713869.782113416,4.575342465753424,1.0
C-001476008,S-0039,-10.663275080355051,0,2,男性,47,6,12,0.5,0,0,16,4591288.568998441,8.193150684931506,5.0
C-001043109,S-0131,-25.713099743621047,0,2,男性,52,8,12,0.1666666666666666,20837,1,17,4569023.5643747775,5.13972602739726,2.0
C-001638297,S-0097,-74.4591222174159,1,2,女性,48,5,12,0.25,7450,1,21,4592508.716501317,10.09041095890411,7.0
C-000934889,S-0004,-100.0,1,2,男性,31,8,12,0.5,0,0,22,4423576.351309,11.806849315068494,9.0
C-001096658,S-0082,-74.79878637698408,1,2,男性,47,8,12,0.4166666666666667,22493,1,17,4607261.71451126,4.758904109589041,2.0
C-001506487,S-0089,-52.32393838512508,1,2,女性,44,6,12,0.5833333333333334,0,0,19,4721110.949352573,10.142465753424657,7.0
C-002370597,S-0054,0.4316270343230816,0,2,男性,58,2,12,0.6666666666666666,0,0,23,4489160.181517739,6.358904109589041,4.0
C-002204502,S-0059,-43.64551908725928,0,2,男性,50,3,12,0.8333333333333334,0,0,14,4713188.969095345,6.8123287671232875,3.0
C-000336315,S-0030,-99.97347448124525,1,2,男性,36,11,12,0.6666666666666666,6829,1,22,4426478.045479023,9.236986301369862,5.5
C-001689643,S-0007,-100.0,1,2,女性,57,5,12,0.25,0,0,21,4487075.727367008,3.7260273972602738,1.0
C-001175307,S-0050,-5.960884394533218,0,2,男性,78,7,12,0.5833333333333334,45007,1,20,4615411.181286601,9.2013698630137,6.0
C-002628266,S-0075,-15.604242941695729,0,2,女性,78,1,12,0.6666666666666666,0,0,19,4506647.2743158825,4.526027397260274,1.0
C-000360718,S-0004,-100.0,1,2,女性,57,11,12,0.8333333333333334,30763,1,22,4423576.351309,11.806849315068494,9.0
C-001423769,S-0062,-51.400745376555804,1,2,女性,59,6,12,0.5,0,0,15,4713869.782113416,4.575342465753424,1.0
C-000806021,S-0074,-100.0,1,2,男性,46,9,12,0.25,0,0,14,4614054.39694187,8.308219178082192,6.0
C-001889288,S-0005,-28.048637447706927,0,2,女性,38,4,12,0.6666666666666666,0,0,21,4733942.970761149,4.69041095890411,2.0
C-002480469,S-0018,-44.67581490516495,0,2,男性,43,1,12,0.25,1554,1,16,4493108.581950108,7.550684931506849,5.0
C-001913556,S-0097,-36.88441118816942,0,2,女性,49,4,12,0.1666666666666666,0,0,21,4592508.716501317,10.09041095890411,7.0
C-002256156,S-0131,-25.584058564396518,0,2,男性,50,2,12,0.5,5466,1,17,4569023.5643747775,5.13972602739726,2.0
C-001342734,S-0131,-75.93726386763025,1,2,女性,72,7,12,0.9166666666666666,0,0,17,4569023.5643747775,5.13972602739726,2.0
C-001754787,S-0062,-31.272123094704906,0,2,女性,55,5,12,0.3333333333333333,0,0,15,4713869.782113416,4.575342465753424,1.0
C-000356387,S-0121,-70.73962240657443,1,2,女性,18,11,12,0.0,0,0,14,4716268.25678644,9.856164383561644,7.0
C-000264222,S-0007,-6.3080684084834555,0,2,男性,59,11,12,0.75,24168,1,21,4487075.727367008,3.7260273972602738,1.0
C-001707107,S-0080,-42.96448890941903,0,2,女性,48,5,12,0.0833333333333333,7685,2,17,4457429.264950683,11.673972602739726,9.0
C-001963035,S-0036,-39.35252366709114,0,2,男性,46,4,12,0.5,6588,1,19,4397834.424680548,11.123287671232877,9.0
C-000544179,S-0041,-100.0,1,2,男性,57,10,12,0.5,0,0,17,4828489.286769263,10.389041095890411,7.0
C-001789693,S-0106,-44.7743245421788,0,2,男性,36,5,12,0.0,46132,1,20,4462729.145118021,6.171232876712329,3.5
C-002288335,S-0063,-27.300032538775376,0,2,女性,65,2,12,0.3333333333333333,6008,1,18,4564012.176421695,5.749315068493151,3.0
C-001250234,S-0004,-100.0,1,2,男性,33,7,12,0.5833333333333334,0,0,22,4423576.351309,11.806849315068494,9.0
C-002022668,S-0111,-100.0,1,2,女性,60,4,12,0.5,1626,2,19,4489501.980758176,6.397260273972603,4.0
C-001712820,S-0019,-30.810011540680897,0,2,男性,42,5,12,0.5833333333333334,12976,1,19,4327199.920883598,4.090410958904109,1.0
C-002354411,S-0100,9.980500862669976,0,2,女性,57,2,12,0.4166666666666667,7259,1,17,4535925.154217558,4.720547945205479,2.0
C-002581780,S-0020,-63.254616411777285,1,2,男性,71,1,12,0.5833333333333334,0,0,16,4280702.057267675,6.986301369863014,3.5
C-001516366,S-0017,-100.0,1,2,男性,59,6,12,0.3333333333333333,0,0,20,4640207.03550726,5.608219178082192,2.5
C-002668711,S-0050,-59.70497974169502,1,2,男性,33,1,12,0.0,0,0,20,4615411.181286601,9.2013698630137,6.0
C-000340513,S-0085,-24.331712193152764,0,2,男性,44,11,12,0.4166666666666667,0,0,15,4606655.398026554,4.928767123287671,2.0
C-002486199,S-0121,-58.55174367262609,1,2,女性,46,1,12,0.1666666666666666,1343,1,14,4716268.25678644,9.856164383561644,7.0
C-000634239,S-0019,-21.65530611400108,0,2,男性,45,10,12,0.5833333333333334,0,0,19,4327199.920883598,4.090410958904109,1.0
C-001452552,S-0005,-37.26362756439009,0,2,男性,46,6,12,0.3333333333333333,0,0,21,4733942.970761149,4.69041095890411,2.0
C-002098792,S-0121,-60.31828051881699,1,2,男性,63,3,12,0.1666666666666666,0,0,14,4716268.25678644,9.856164383561644,7.0
C-002318881,S-0019,-1.8829916916665947,0,2,女性,26,2,12,0.5833333333333334,0,0,19,4327199.920883598,4.090410958904109,1.0
C-000592772,S-0085,-34.825215013277315,0,2,女性,41,10,12,0.25,0,0,15,4606655.398026554,4.928767123287671,2.0
C-001569489,S-0005,-57.09332323495302,1,2,男性,44,6,12,0.0,6949,1,21,4733942.970761149,4.69041095890411,2.0
C-001236607,S-0018,-34.1284192949772,0,2,女性,59,7,12,0.1666666666666666,49407,1,16,4493108.581950108,7.550684931506849,5.0
C-001579580,S-0056,-30.312278350045872,0,2,男性,50,5,12,0.0833333333333333,7202,1,15,4406070.585753419,7.528767123287671,4.0
C-000227699,S-0126,-10.84952002177953,0,2,女性,54,11,12,0.4166666666666667,0,0,17,4493168.352495564,5.53972602739726,3.0
C-000809222,S-0004,-100.0,1,2,女性,49,9,12,0.1666666666666666,18993,2,22,4423576.351309,11.806849315068494,9.0
C-002011954,S-0012,-100.0,1,2,男性,65,4,12,0.5833333333333334,93398,1,16,4444678.825084195,7.994520547945205,5.0
C-001495849,S-0008,-79.41935315733237,1,2,女性,59,6,12,0.3333333333333333,0,0,22,4498453.308937302,10.772602739726027,7.0
C-000571467,S-0115,-17.782940804971258,0,2,男性,44,10,12,0.75,61347,2,14,4553643.099564746,10.51095890410959,7.0
C-002020432,S-0056,-96.8069306930693,1,2,女性,44,4,12,0.1666666666666666,2787,1,15,4406070.585753419,7.528767123287671,4.0
C-002023527,S-0007,-100.0,1,2,女性,47,3,12,0.25,6324,1,21,4487075.727367008,3.7260273972602738,1.0
C-000675779,S-0005,-18.63010832886132,0,2,女性,53,10,12,0.25,0,0,21,4733942.970761149,4.69041095890411,2.0
C-000410454,S-0048,-22.149474752410125,0,2,女性,14,11,12,0.5833333333333334,10195,2,15,4502249.082895545,3.671232876712329,1.0
C-002206315,S-0050,-62.07077232271031,1,2,女性,41,3,12,0.3333333333333333,0,0,20,4615411.181286601,9.2013698630137,6.0
C-001302363,S-0007,-31.834106650527872,0,2,男性,52,7,12,0.3333333333333333,73816,1,21,4487075.727367008,3.7260273972602738,1.0
C-001888066,S-0020,-100.0,1,2,女性,42,4,12,0.75,0,0,16,4280702.057267675,6.986301369863014,3.5
C-002480959,S-0054,-34.86972292418434,0,2,女性,41,1,12,0.5,70677,2,23,4489160.181517739,6.358904109589041,4.0
C-001583297,S-0085,-27.37089175515338,0,2,男性,49,5,12,0.1666666666666666,0,0,15,4606655.398026554,4.928767123287671,2.0
C-002695095,S-0002,-65.20390320943088,1,2,男性,44,1,12,0.6666666666666666,0,0,15,4455566.655169959,5.663013698630137,2.0
C-001949122,S-0002,-69.63408791472033,1,2,女性,37,4,12,0.25,140131,2,15,4455566.655169959,5.663013698630137,2.0
C-000231463,S-0007,-51.68523416570856,1,2,女性,62,11,12,0.5,60717,1,21,4487075.727367008,3.7260273972602738,1.0
C-000795044,S-0099,-46.29483498710006,0,2,女性,48,9,12,0.9166666666666666,23738,2,13,4464126.154078853,8.147945205479452,5.0
C-001415197,S-0111,-7.307811962955567,0,2,男性,74,6,12,0.5833333333333334,0,0,19,4489501.980758176,6.397260273972603,4.0
C-001328548,S-0005,-12.397334086652647,0,2,女性,32,7,12,0.6666666666666666,0,0,21,4733942.970761149,4.69041095890411,2.0
C-001405236,S-0014,-34.48823309675009,0,2,女性,55,6,12,0.0833333333333333,0,0,21,4730192.353344672,7.336986301369863,4.0
C-002621038,S-0063,-30.312798913474293,0,2,男性,35,1,12,0.5833333333333334,0,0,18,4564012.176421695,5.749315068493151,3.0
C-001400301,S-0040,-82.8412345745108,1,2,女性,53,6,12,0.0833333333333333,144890,2,20,4550116.0180538,8.163013698630138,4.0
C-000440755,S-0063,-100.0,1,2,女性,34,11,12,0.3333333333333333,3283,2,18,4564012.176421695,5.749315068493151,3.0
C-001612217,S-0004,-27.82705326524908,0,2,男性,39,5,12,0.1666666666666666,12492,1,22,4423576.351309,11.806849315068494,9.0
C-001556547,S-0019,-7.161880962558305,0,2,男性,58,6,12,1.0,0,0,19,4327199.920883598,4.090410958904109,1.0
C-000009220,S-0059,-14.930188712804368,0,2,男性,28,12,12,0.5833333333333334,7764,1,14,4713188.969095345,6.8123287671232875,3.0
C-001249095,S-0100,-47.93373988712016,0,2,女性,57,7,12,0.5833333333333334,3696,1,17,4535925.154217558,4.720547945205479,2.0
C-002372687,S-0079,-29.35778032704011,0,2,女性,47,2,12,0.5833333333333334,0,0,13,4256656.371085242,8.479452054794521,6.0
C-000031316,S-0039,-46.80090960929395,0,2,女性,55,12,12,0.25,0,0,16,4591288.568998441,8.193150684931506,5.0
C-000504766,S-0017,-62.47873563764577,1,2,男性,55,10,12,0.6666666666666666,4558,2,20,4640207.03550726,5.608219178082192,2.5
C-002448783,S-0131,2.7044768281475644,0,2,男性,28,2,12,0.1666666666666666,0,0,17,4569023.5643747775,5.13972602739726,2.0
C-000438190,S-0014,-100.0,1,2,女性,60,11,12,0.5833333333333334,0,0,21,4730192.353344672,7.336986301369863,4.0
C-001558215,S-0020,-48.69624241182346,0,2,女性,37,6,12,0.6666666666666666,0,0,16,4280702.057267675,6.986301369863014,3.5
C-002276812,S-0082,-20.38807015354321,0,2,女性,24,2,12,0.25,5822,1,17,4607261.71451126,4.758904109589041,2.0
C-000195145,S-0075,-29.351990199480234,0,2,女性,63,12,12,0.1666666666666666,0,0,19,4506647.2743158825,4.526027397260274,1.0
C-000607829,S-0131,0.45824280781300836,0,2,女性,56,10,12,0.8333333333333334,29064,1,17,4569023.5643747775,5.13972602739726,2.0
C-001851087,S-0018,-100.0,1,2,男性,58,4,12,0.3333333333333333,0,0,16,4493108.581950108,7.550684931506849,5.0
C-001003268,S-0059,-100.0,1,2,男性,43,8,12,0.3333333333333333,0,0,14,4713188.969095345,6.8123287671232875,3.0
C-001890539,S-0089,-1.771259006498897,0,2,女性,44,4,12,0.0,4790,1,19,4721110.949352573,10.142465753424657,7.0
C-001170466,S-0082,-100.0,1,2,男性,31,7,12,0.5,49008,1,17,4607261.71451126,4.758904109589041,2.0
C-001009994,S-0075,-46.69655137282869,0,2,男性,45,8,12,0.6666666666666666,0,0,19,4506647.2743158825,4.526027397260274,1.0
C-000588942,S-0005,-17.97984826599728,0,2,女性,33,10,12,0.75,428616,1,21,4733942.970761149,4.69041095890411,2.0
C-000123366,S-0121,-39.22505512384133,0,2,男性,46,12,12,1.0,6072,1,14,4716268.25678644,9.856164383561644,7.0
C-002332332,S-0113,-32.10578422499543,0,2,男性,41,2,12,0.8333333333333334,0,0,16,4336633.961311346,5.77945205479452,2.5
C-001497152,S-0089,-100.0,1,2,男性,50,6,12,0.3333333333333333,0,0,19,4721110.949352573,10.142465753424657,7.0
C-000955068,S-0040,-58.58687610266917,1,2,女性,32,8,12,0.0833333333333333,33427,2,20,4550116.0180538,8.163013698630138,4.0
C-002097206,S-0063,-43.529288988432114,0,2,男性,43,3,12,0.0833333333333333,4861,1,18,4564012.176421695,5.749315068493151,3.0
C-000036433,S-0007,-24.24123680099479,0,2,女性,63,12,12,0.3333333333333333,11378,1,21,4487075.727367008,3.7260273972602738,1.0
C-000654031,S-0079,-45.508253597652114,0,2,女性,46,10,12,0.0833333333333333,0,0,13,4256656.371085242,8.479452054794521,6.0
C-001921330,S-0007,-62.00307252782794,1,2,男性,40,4,12,0.1666666666666666,0,0,21,4487075.727367008,3.7260273972602738,1.0
C-000335179,S-0056,-8.569386276105591,0,2,男性,52,11,12,0.25,0,0,15,4406070.585753419,7.528767123287671,4.0
C-000682117,S-0005,-45.227034944549075,0,2,男性,52,9,12,0.5,3137,1,21,4733942.970761149,4.69041095890411,2.0
C-001660835,S-0063,-24.513036194821165,0,2,女性,32,5,12,0.3333333333333333,41222,2,18,4564012.176421695,5.749315068493151,3.0
C-001837040,S-0008,-40.06742107904772,0,2,女性,58,4,12,0.0833333333333333,4064,2,22,4498453.308937302,10.772602739726027,7.0
C-000046119,S-0019,-10.95953511444972,0,2,女性,52,12,12,0.5833333333333334,18665,1,19,4327199.920883598,4.090410958904109,1.0
C-000465380,S-0036,-62.45130418953008,1,2,女性,62,10,12,0.0,12697,2,19,4397834.424680548,11.123287671232877,9.0
C-001871266,S-0020,-15.991236974314827,0,2,女性,53,4,12,0.5833333333333334,38656,2,16,4280702.057267675,6.986301369863014,3.5
C-000559037,S-0079,-100.0,1,2,男性,46,10,12,0.5,0,0,13,4256656.371085242,8.479452054794521,6.0
C-001762061,S-0004,-83.85973060845332,1,2,男性,69,5,12,0.5833333333333334,8166,2,22,4423576.351309,11.806849315068494,9.0
C-002427920,S-0050,-14.794485089796197,0,2,女性,22,2,12,0.6666666666666666,7164,1,20,4615411.181286601,9.2013698630137,6.0
C-001194749,S-0085,-27.68052177415607,0,2,男性,51,7,12,0.3333333333333333,10909,1,15,4606655.398026554,4.928767123287671,2.0
C-001749619,S-0005,-100.0,1,2,女性,55,5,12,1.0,0,0,21,4733942.970761149,4.69041095890411,2.0
C-000270873,S-0018,-74.84116249314567,1,2,男性,48,11,12,0.0833333333333333,9617,1,16,4493108.581950108,7.550684931506849,5.0
C-001348173,S-0096,-31.010841568323766,0,2,男性,43,7,12,0.25,0,0,16,4644856.458098179,8.302739726027397,5.0
C-000524607,S-0019,-50.982210606188346,1,2,男性,57,10,12,0.3333333333333333,0,0,19,4327199.920883598,4.090410958904109,1.0
C-000429519,S-0131,-84.99291704797604,1,2,女性,37,11,12,1.0,0,0,17,4569023.5643747775,5.13972602739726,2.0
C-000162488,S-0126,-17.256427357083105,0,2,男性,53,12,12,0.8333333333333334,0,0,17,4493168.352495564,5.53972602739726,3.0
C-001863976,S-0017,-22.367825374102214,0,2,男性,60,4,12,0.6666666666666666,4170,2,20,4640207.03550726,5.608219178082192,2.5
C-000444952,S-0019,-16.248635828919955,0,2,男性,48,11,12,0.3333333333333333,5523,1,19,4327199.920883598,4.090410958904109,1.0
C-000957344,S-0131,-56.700397935708516,1,2,女性,24,8,12,0.1666666666666666,17837,1,17,4569023.5643747775,5.13972602739726,2.0
C-001787867,S-0059,-78.76757257328069,1,2,男性,51,5,12,0.4166666666666667,2618,2,14,4713188.969095345,6.8123287671232875,3.0
C-000309491,S-0019,-17.764411561185927,0,2,女性,31,11,12,0.25,0,0,19,4327199.920883598,4.090410958904109,1.0
C-002108730,S-0005,-17.832862440402614,0,2,女性,45,3,12,0.4166666666666667,0,0,21,4733942.970761149,4.69041095890411,2.0
C-002011913,S-0039,-71.88620018277904,1,2,女性,43,4,12,0.5,16988,1,16,4591288.568998441,8.193150684931506,5.0
C-000431018,S-0017,-90.52399285191714,1,2,男性,52,11,12,0.4166666666666667,0,0,20,4640207.03550726,5.608219178082192,2.5
C-001196966,S-0131,-21.704665425083924,0,2,男性,41,7,12,0.1666666666666666,0,0,17,4569023.5643747775,5.13972602739726,2.0
C-002651114,S-0054,-19.493840395183433,0,2,男性,59,1,12,0.6666666666666666,0,0,23,4489160.181517739,6.358904109589041,4.0
C-000265536,S-0039,-39.964523406127434,0,2,男性,43,11,12,0.3333333333333333,22358,2,16,4591288.568998441,8.193150684931506,5.0
C-000450087,S-0036,-62.10034450744642,1,2,女性,33,11,12,0.25,88675,1,19,4397834.424680548,11.123287671232877,9.0
C-002401146,S-0075,-69.24015795141797,1,2,女性,44,2,12,0.5,0,0,19,4506647.2743158825,4.526027397260274,1.0
C-000900572,S-0126,-54.21152195959124,1,2,男性,63,9,12,0.6666666666666666,-404,2,17,4493168.352495564,5.53972602739726,3.0
C-001899310,S-0085,-12.053896497208743,0,2,男性,66,4,12,0.8333333333333334,0,0,15,4606655.398026554,4.928767123287671,2.0
C-002014984,S-0005,-35.33571185718528,0,2,女性,55,4,12,0.1666666666666666,55627,1,21,4733942.970761149,4.69041095890411,2.0
C-001749300,S-0050,-100.0,1,2,男性,53,5,12,0.5,0,0,20,4615411.181286601,9.2013698630137,6.0
C-000273746,S-0063,-45.221415182755386,0,2,男性,78,11,12,0.1666666666666666,6367,2,18,4564012.176421695,5.749315068493151,3.0
C-002154354,S-0056,-100.0,1,2,女性,51,3,12,0.5833333333333334,0,0,15,4406070.585753419,7.528767123287671,4.0
C-001546979,S-0005,-32.39303633994272,0,2,男性,45,6,12,0.1666666666666666,0,0,21,4733942.970761149,4.69041095890411,2.0
C-002286544,S-0054,-100.0,1,2,女性,50,2,12,0.25,38105,1,23,4489160.181517739,6.358904109589041,4.0
C-000363435,S-0096,-100.0,1,2,男性,46,11,12,0.5833333333333334,0,0,16,4644856.458098179,8.302739726027397,5.0
C-000500191,S-0117,-100.0,1,2,女性,76,10,12,0.3333333333333333,1634,1,20,4500859.737076383,9.593150684931507,7.0
C-000062023,S-0111,-38.56085118389377,0,2,男性,57,12,12,0.8333333333333334,34036,1,19,4489501.980758176,6.397260273972603,4.0
C-001430966,S-0085,-58.24257906452143,1,2,女性,50,6,12,0.9166666666666666,154834,1,15,4606655.398026554,4.928767123287671,2.0
C-000331588,S-0005,-15.61654308702353,0,2,男性,40,11,12,0.25,34025,1,21,4733942.970761149,4.69041095890411,2.0
C-000203516,S-0059,-59.830928878764865,1,2,女性,54,12,12,0.3333333333333333,0,0,14,4713188.969095345,6.8123287671232875,3.0
C-001497926,S-0085,-48.87723856360768,1,2,女性,44,6,12,1.0,0,0,15,4606655.398026554,4.928767123287671,2.0
C-002600611,S-0126,-100.0,1,2,女性,57,1,12,0.4166666666666667,0,0,17,4493168.352495564,5.53972602739726,3.0
C-001718101,S-0079,-83.68929397360904,1,2,女性,48,5,12,0.0833333333333333,25520,1,13,4256656.371085242,8.479452054794521,6.0
C-001766975,S-0075,-47.62916922181456,0,2,女性,69,5,12,0.5,0,0,19,4506647.2743158825,4.526027397260274,1.0
C-001260302,S-0126,-6.241069131676398,0,2,男性,71,7,12,0.75,0,0,17,4493168.352495564,5.53972602739726,3.0
C-001223989,S-0017,-13.769160882747547,0,2,男性,48,7,12,1.0,0,0,20,4640207.03550726,5.608219178082192,2.5
C-000436931,S-0050,-84.0708475829559,1,2,女性,66,11,12,0.1666666666666666,0,0,20,4615411.181286601,9.2013698630137,6.0
C-001878606,S-0062,-33.794782718213256,0,2,女性,71,4,12,0.1666666666666666,8988,1,15,4713869.782113416,4.575342465753424,1.0
C-001435124,S-0017,-13.890120309825507,0,2,女性,32,6,12,0.25,0,0,20,4640207.03550726,5.608219178082192,2.5
C-000312636,S-0019,-100.0,1,2,女性,16,11,12,0.5833333333333334,14238,1,19,4327199.920883598,4.090410958904109,1.0
C-001317686,S-0113,-26.3845325864284,0,2,女性,60,7,12,0.25,49016,1,16,4336633.961311346,5.77945205479452,2.5
C-000033085,S-0113,-100.0,1,2,男性,45,12,12,0.0833333333333333,0,0,16,4336633.961311346,5.77945205479452,2.5
C-001436380,S-0020,-34.7729003026758,0,2,男性,33,6,12,0.3333333333333333,0,0,16,4280702.057267675,6.986301369863014,3.5
C-002131732,S-0099,-10.367647251077894,0,2,男性,44,3,12,0.5833333333333334,7445,1,13,4464126.154078853,8.147945205479452,5.0
C-000230678,S-0050,-35.61495153209896,0,2,女性,71,11,12,0.6666666666666666,6626,1,20,4615411.181286601,9.2013698630137,6.0
C-002342794,S-0005,-7.489255719407831,0,2,女性,63,2,12,0.9166666666666666,0,0,21,4733942.970761149,4.69041095890411,2.0
C-000228974,S-0063,-31.06473258338267,0,2,女性,46,11,12,0.3333333333333333,0,0,18,4564012.176421695,5.749315068493151,3.0
C-001938037,S-0012,-69.76734570927368,1,2,女性,75,4,12,0.0,0,0,16,4444678.825084195,7.994520547945205,5.0
C-001835694,S-0054,-26.959216949766677,0,2,女性,41,4,12,0.6666666666666666,0,0,23,4489160.181517739,6.358904109589041,4.0
C-001046359,S-0075,-13.33630470373819,0,2,男性,43,8,12,0.4166666666666667,17383,1,19,4506647.2743158825,4.526027397260274,1.0
C-001620881,S-0017,-65.24405881347238,1,2,女性,31,5,12,0.0833333333333333,0,0,20,4640207.03550726,5.608219178082192,2.5
C-002651369,S-0039,-27.66267416279638,0,2,女性,55,1,12,0.0833333333333333,0,0,16,4591288.568998441,8.193150684931506,5.0
C-000332645,S-0111,-100.0,1,2,男性,43,11,12,0.1666666666666666,4815,1,19,4489501.980758176,6.397260273972603,4.0
C-001560249,S-0005,-34.54008073817762,0,2,男性,56,6,12,0.6666666666666666,0,0,21,4733942.970761149,4.69041095890411,2.0
C-001795831,S-0085,-8.605020065345908,0,2,男性,16,5,12,0.0833333333333333,33823,1,15,4606655.398026554,4.928767123287671,2.0
C-000024584,S-0036,-66.8422376315884,1,2,女性,67,12,12,0.4166666666666667,20252,1,19,4397834.424680548,11.123287671232877,9.0
C-002187154,S-0040,-16.796608245509404,0,2,男性,53,3,12,0.0833333333333333,7423,1,20,4550116.0180538,8.163013698630138,4.0
C-000431699,S-0063,-2.110386669377452,0,2,女性,53,11,12,0.25,0,0,18,4564012.176421695,5.749315068493151,3.0
C-001678467,S-0115,-100.0,1,2,女性,65,5,12,0.1666666666666666,3409,2,14,4553643.099564746,10.51095890410959,7.0
C-002202489,S-0054,-100.0,1,2,女性,34,3,12,0.3333333333333333,0,0,23,4489160.181517739,6.358904109589041,4.0
C-000657621,S-0005,2.43012770659024,0,2,女性,62,10,12,0.5833333333333334,0,0,21,4733942.970761149,4.69041095890411,2.0
C-000983861,S-0117,-38.268966747593524,0,2,女性,53,8,12,0.1666666666666666,11071,1,20,4500859.737076383,9.593150684931507,7.0
C-002165583,S-0017,-33.74852470793493,0,2,女性,21,3,12,0.3333333333333333,0,0,20,4640207.03550726,5.608219178082192,2.5
C-000569992,S-0126,-30.997391022578846,0,2,女性,52,10,12,0.5,46088,1,17,4493168.352495564,5.53972602739726,3.0
C-002588308,S-0041,-72.22295905284844,1,2,女性,75,1,12,0.25,0,0,17,4828489.286769263,10.389041095890411,7.0
C-001399452,S-0050,-100.0,1,2,女性,38,6,12,0.3333333333333333,0,0,20,4615411.181286601,9.2013698630137,6.0
C-002632745,S-0079,-67.88312608929704,1,2,女性,52,1,12,0.4166666666666667,13645,2,13,4256656.371085242,8.479452054794521,6.0
C-001720526,S-0002,-22.243230591436387,0,2,女性,28,5,12,0.8333333333333334,0,0,15,4455566.655169959,5.663013698630137,2.0
C-001353253,S-0085,-9.232235945836132,0,2,男性,66,6,12,0.4166666666666667,0,0,15,4606655.398026554,4.928767123287671,2.0
C-000923066,S-0113,-8.16472420654611,0,2,男性,35,8,12,0.3333333333333333,0,0,16,4336633.961311346,5.77945205479452,2.5
C-002144793,S-0059,-35.481461178380066,0,2,女性,46,3,12,0.25,0,0,14,4713188.969095345,6.8123287671232875,3.0
C-001454530,S-0041,-37.18449128285194,0,2,男性,36,6,12,0.0,0,0,17,4828489.286769263,10.389041095890411,7.0
C-001578708,S-0005,-32.01560557933987,0,2,女性,32,5,12,0.3333333333333333,0,0,21,4733942.970761149,4.69041095890411,2.0
C-001421303,S-0097,-17.491812000605254,0,2,男性,40,6,12,0.5,0,0,21,4592508.716501317,10.09041095890411,7.0
C-001619318,S-0062,-35.901072980974334,0,2,女性,57,5,12,0.1666666666666666,0,0,15,4713869.782113416,4.575342465753424,1.0
C-000748987,S-0002,-46.33203316010325,0,2,女性,56,9,12,0.6666666666666666,0,0,15,4455566.655169959,5.663013698630137,2.0
C-001995977,S-0002,-83.82210396274826,1,2,男性,33,4,12,0.0833333333333333,0,0,15,4455566.655169959,5.663013698630137,2.0
C-002658593,S-0082,-85.33125719892496,1,2,男性,45,1,12,0.3333333333333333,0,0,17,4607261.71451126,4.758904109589041,2.0
C-001005953,S-0131,-53.34026918760394,1,2,男性,58,8,12,0.25,0,0,17,4569023.5643747775,5.13972602739726,2.0
C-001592351,S-0004,-100.0,1,2,女性,48,5,12,0.1666666666666666,0,0,22,4423576.351309,11.806849315068494,9.0
C-001733583,S-0041,-3.4055441377479276,0,2,男性,67,5,12,0.75,11978,2,17,4828489.286769263,10.389041095890411,7.0
C-000722382,S-0131,-26.562102683834578,0,2,男性,58,9,12,0.3333333333333333,0,0,17,4569023.5643747775,5.13972602739726,2.0
C-001964591,S-0085,-32.67418178373514,0,2,女性,59,4,12,0.6666666666666666,0,0,15,4606655.398026554,4.928767123287671,2.0
C-002201849,S-0131,-62.579509357418964,1,2,男性,35,3,12,0.3333333333333333,5023,1,17,4569023.5643747775,5.13972602739726,2.0
C-002349285,S-0005,-72.51691433161358,1,2,男性,45,2,12,1.0,0,0,21,4733942.970761149,4.69041095890411,2.0
C-000443900,S-0085,-66.37992938782837,1,2,男性,55,11,12,0.9166666666666666,0,0,15,4606655.398026554,4.928767123287671,2.0
C-000758377,S-0007,-100.0,1,2,女性,51,9,12,0.4166666666666667,0,0,21,4487075.727367008,3.7260273972602738,1.0
C-002224870,S-0117,-100.0,1,2,女性,19,3,12,0.3333333333333333,27058,1,20,4500859.737076383,9.593150684931507,7.0
C-002188932,S-0017,-53.72278064427821,1,2,女性,38,3,12,0.1666666666666666,1891,1,20,4640207.03550726,5.608219178082192,2.5
C-000074441,S-0019,-25.061288265878822,0,2,女性,36,12,12,0.5833333333333334,0,0,19,4327199.920883598,4.090410958904109,1.0
C-001065512,S-0030,-100.0,1,2,男性,57,8,12,0.4166666666666667,0,0,22,4426478.045479023,9.236986301369862,5.5
C-001937420,S-0100,-12.474685663167023,0,2,女性,78,4,12,0.8333333333333334,4609,1,17,4535925.154217558,4.720547945205479,2.0
C-002655649,S-0089,-100.0,1,2,女性,40,1,12,0.3333333333333333,12906,1,19,4721110.949352573,10.142465753424657,7.0
C-002623384,S-0020,-100.0,1,2,男性,54,1,12,0.0,0,0,16,4280702.057267675,6.986301369863014,3.5
C-000764557,S-0075,-32.459984098920685,0,2,女性,35,9,12,0.25,0,0,19,4506647.2743158825,4.526027397260274,1.0
C-002068441,S-0007,-100.0,1,2,男性,25,3,12,0.6666666666666666,51895,1,21,4487075.727367008,3.7260273972602738,1.0
C-000151960,S-0063,-22.48378564935997,0,2,女性,62,12,12,0.5833333333333334,11334,1,18,4564012.176421695,5.749315068493151,3.0
C-001083555,S-0020,-16.98688094089129,0,2,女性,58,8,12,0.1666666666666666,6425,2,16,4280702.057267675,6.986301369863014,3.5
C-002621786,S-0036,-50.09442843693835,1,2,女性,43,1,12,0.4166666666666667,0,0,19,4397834.424680548,11.123287671232877,9.0
C-000604722,S-0041,-100.0,1,2,女性,31,10,12,0.75,38712,2,17,4828489.286769263,10.389041095890411,7.0
C-000402711,S-0005,-3.5176068747381746,0,2,男性,34,11,12,0.9166666666666666,25056,1,21,4733942.970761149,4.69041095890411,2.0
C-001378103,S-0097,-26.317415865964943,0,2,女性,58,6,12,0.0833333333333333,0,0,21,4592508.716501317,10.09041095890411,7.0
C-000067251,S-0005,-78.38567906528031,1,2,女性,39,12,12,0.3333333333333333,0,0,21,4733942.970761149,4.69041095890411,2.0
C-000553698,S-0063,-96.10524772793903,1,2,女性,77,10,12,0.1666666666666666,30660,1,18,4564012.176421695,5.749315068493151,3.0
C-002237090,S-0111,-32.427826384336974,0,2,女性,53,3,12,0.9166666666666666,0,0,19,4489501.980758176,6.397260273972603,4.0
C-001874270,S-0019,-15.204563780643118,0,2,男性,28,4,12,0.1666666666666666,0,0,19,4327199.920883598,4.090410958904109,1.0
C-000784819,S-0005,-14.580722059567785,0,2,男性,28,9,12,0.4166666666666667,84459,1,21,4733942.970761149,4.69041095890411,2.0
C-001430958,S-0048,-100.0,1,2,女性,53,6,12,0.0,0,0,15,4502249.082895545,3.671232876712329,1.0
C-002428437,S-0019,-7.610673521065825,0,2,男性,45,2,12,0.75,6418,1,19,4327199.920883598,4.090410958904109,1.0
C-000786978,S-0089,-70.82142803715948,1,2,男性,38,9,12,0.8333333333333334,13360,1,19,4721110.949352573,10.142465753424657,7.0
C-001607282,S-0126,-100.0,1,2,女性,33,5,12,0.4166666666666667,4870,1,17,4493168.352495564,5.53972602739726,3.0
C-002191891,S-0096,-100.0,1,2,男性,60,3,12,0.0833333333333333,0,0,16,4644856.458098179,8.302739726027397,5.0
C-001667778,S-0019,-24.70210944189305,0,2,女性,14,5,12,0.25,0,0,19,4327199.920883598,4.090410958904109,1.0
C-001176864,S-0005,3.115526223281802,0,2,男性,50,7,12,0.5,0,0,21,4733942.970761149,4.69041095890411,2.0
C-001376566,S-0019,-39.19320504984509,0,2,男性,61,6,12,0.9166666666666666,0,0,19,4327199.920883598,4.090410958904109,1.0
C-000739015,S-0040,0.5510032905348733,0,2,女性,62,9,12,0.6666666666666666,0,0,20,4550116.0180538,8.163013698630138,4.0
C-001196108,S-0012,-14.188419557176537,0,2,男性,73,7,12,0.0833333333333333,29623,2,16,4444678.825084195,7.994520547945205,5.0
C-000511383,S-0075,-91.26054046876038,1,2,女性,44,10,12,0.1666666666666666,26850,2,19,4506647.2743158825,4.526027397260274,1.0
C-000246543,S-0082,-7.070460122149982,0,2,男性,53,11,12,0.0833333333333333,0,0,17,4607261.71451126,4.758904109589041,2.0
C-000002269,S-0062,-43.52517785836865,0,2,女性,57,12,12,0.75,0,0,15,4713869.782113416,4.575342465753424,1.0
C-000505679,S-0007,-4.419289841143794,0,2,女性,31,10,12,0.5,2506,1,21,4487075.727367008,3.7260273972602738,1.0
C-000159339,S-0005,-9.114626076590158,0,2,女性,57,12,12,0.3333333333333333,0,0,21,4733942.970761149,4.69041095890411,2.0
C-000968501,S-0007,-8.45668466536145,0,2,女性,43,8,12,0.0833333333333333,1036,1,21,4487075.727367008,3.7260273972602738,1.0
C-000738138,S-0099,-100.0,1,2,男性,30,9,12,0.4166666666666667,0,0,13,4464126.154078853,8.147945205479452,5.0
C-002455589,S-0039,-41.40312769178914,0,2,男性,33,2,12,0.4166666666666667,6641,1,16,4591288.568998441,8.193150684931506,5.0
C-001744757,S-0019,-1.4404229336996528,0,2,女性,33,5,12,0.6666666666666666,2144,1,19,4327199.920883598,4.090410958904109,1.0
C-000048419,S-0062,-33.92359988410227,0,2,女性,53,12,12,0.5,0,0,15,4713869.782113416,4.575342465753424,1.0
C-002469914,S-0030,-21.582344073864707,0,2,男性,37,2,12,0.25,10483,2,22,4426478.045479023,9.236986301369862,5.5
C-001476800,S-0012,-55.648523016944075,1,2,女性,42,6,12,0.0,10783,2,16,4444678.825084195,7.994520547945205,5.0
C-000148366,S-0040,-65.6742633500718,1,2,男性,38,12,12,0.5833333333333334,0,0,20,4550116.0180538,8.163013698630138,4.0
C-002675048,S-0004,-81.13067828781057,1,2,女性,44,1,12,0.5,16867,1,22,4423576.351309,11.806849315068494,9.0
C-000250672,S-0039,-39.21549795484848,0,2,女性,38,11,12,0.5,0,0,16,4591288.568998441,8.193150684931506,5.0
C-002316600,S-0082,-31.60386237012498,0,2,男性,48,2,12,0.6666666666666666,0,0,17,4607261.71451126,4.758904109589041,2.0
C-000032525,S-0126,-49.77839629833177,1,2,男性,70,12,12,0.4166666666666667,0,0,17,4493168.352495564,5.53972602739726,3.0
C-000381460,S-0062,-25.928770746030665,0,2,女性,43,11,12,0.6666666666666666,0,0,15,4713869.782113416,4.575342465753424,1.0
C-002689530,S-0100,-97.98101422320651,1,2,女性,59,1,12,0.5,19216,1,17,4535925.154217558,4.720547945205479,2.0
C-000157377,S-0017,-46.56307797424812,0,2,女性,34,12,12,0.5833333333333334,0,0,20,4640207.03550726,5.608219178082192,2.5
C-001724571,S-0040,-58.88794296743502,1,2,男性,56,5,12,0.6666666666666666,16120,1,20,4550116.0180538,8.163013698630138,4.0
C-001188563,S-0054,-100.0,1,2,男性,54,7,12,0.75,2632,1,23,4489160.181517739,6.358904109589041,4.0
C-001954142,S-0126,-20.56375496002579,0,2,男性,52,4,12,0.3333333333333333,81142,1,17,4493168.352495564,5.53972602739726,3.0
C-000436141,S-0059,-21.626083556466124,0,2,女性,38,11,12,0.5833333333333334,0,0,14,4713188.969095345,6.8123287671232875,3.0
C-001698082,S-0054,-100.0,1,2,女性,48,5,12,0.5833333333333334,0,0,23,4489160.181517739,6.358904109589041,4.0
C-000040101,S-0054,-4.695147473703457,0,2,女性,57,12,12,0.5833333333333334,0,0,23,4489160.181517739,6.358904109589041,4.0
C-002692011,S-0063,-63.375743143099804,1,2,女性,47,1,12,0.0833333333333333,118604,2,18,4564012.176421695,5.749315068493151,3.0
C-000631352,S-0054,-39.87566490239299,0,2,男性,31,10,12,0.3333333333333333,2843,1,23,4489160.181517739,6.358904109589041,4.0
C-001824536,S-0054,-55.63956252971944,1,2,男性,43,4,12,0.8333333333333334,0,0,23,4489160.181517739,6.358904109589041,4.0
C-001928215,S-0097,-46.82383014336657,0,2,女性,44,4,12,0.25,30711,2,21,4592508.716501317,10.09041095890411,7.0
C-002594223,S-0126,-97.46461094581193,1,2,女性,29,1,12,0.5,24423,1,17,4493168.352495564,5.53972602739726,3.0
C-002178512,S-0017,-100.0,1,2,女性,38,3,12,0.3333333333333333,0,0,20,4640207.03550726,5.608219178082192,2.5
C-002214033,S-0131,-64.4231070946688,1,2,女性,37,3,12,0.3333333333333333,3675,1,17,4569023.5643747775,5.13972602739726,2.0
C-000328418,S-0056,-28.794662980436936,0,2,女性,69,11,12,0.25,23897,2,15,4406070.585753419,7.528767123287671,4.0
C-002491663,S-0062,-10.840579884035192,0,2,男性,83,1,12,0.8333333333333334,58944,1,15,4713869.782113416,4.575342465753424,1.0
C-000093182,S-0039,-100.0,1,2,女性,43,12,12,0.9166666666666666,14679,1,16,4591288.568998441,8.193150684931506,5.0
C-001836595,S-0131,-86.28235239401903,1,2,女性,54,4,12,0.1666666666666666,0,0,17,4569023.5643747775,5.13972602739726,2.0
C-000238381,S-0085,-26.636024361972275,0,2,女性,53,11,12,0.5833333333333334,44242,1,15,4606655.398026554,4.928767123287671,2.0
C-002252982,S-0007,-45.00588416153349,0,2,男性,60,2,12,0.3333333333333333,0,0,21,4487075.727367008,3.7260273972602738,1.0
C-000916408,S-0019,-3.2996050834572355,0,2,女性,67,8,12,0.75,0,0,19,4327199.920883598,4.090410958904109,1.0
C-000898386,S-0039,-22.605945185062517,0,2,女性,44,9,12,0.1666666666666666,0,0,16,4591288.568998441,8.193150684931506,5.0
C-000948712,S-0117,-12.35401040835894,0,2,女性,76,8,12,0.6666666666666666,0,0,20,4500859.737076383,9.593150684931507,7.0
C-002228159,S-0059,-80.7633137611856,1,2,男性,46,3,12,0.6666666666666666,0,0,14,4713188.969095345,6.8123287671232875,3.0
C-001312443,S-0017,-35.99872805784572,0,2,男性,52,7,12,0.1666666666666666,17500,1,20,4640207.03550726,5.608219178082192,2.5
C-001621105,S-0050,-100.0,1,2,男性,46,5,12,0.3333333333333333,42060,1,20,4615411.181286601,9.2013698630137,6.0
C-002183222,S-0082,-28.717380413826604,0,2,男性,59,3,12,0.25,16784,2,17,4607261.71451126,4.758904109589041,2.0
C-001807297,S-0019,-16.58229662544983,0,2,女性,49,4,12,0.3333333333333333,0,0,19,4327199.920883598,4.090410958904109,1.0
C-001867061,S-0111,-100.0,1,2,男性,45,4,12,0.4166666666666667,0,0,19,4489501.980758176,6.397260273972603,4.0
C-002034726,S-0082,-100.0,1,2,女性,42,3,12,0.3333333333333333,0,0,17,4607261.71451126,4.758904109589041,2.0
C-001916954,S-0062,-77.37801937090192,1,2,女性,72,4,12,0.25,0,0,15,4713869.782113416,4.575342465753424,1.0
C-001898722,S-0085,-22.410008779631255,0,2,女性,53,4,12,0.4166666666666667,0,0,15,4606655.398026554,4.928767123287671,2.0
C-002302583,S-0002,-22.54689110667043,0,2,男性,46,2,12,0.25,36341,1,15,4455566.655169959,5.663013698630137,2.0
C-000641028,S-0019,-10.292643781879299,0,2,男性,38,10,12,0.75,11349,1,19,4327199.920883598,4.090410958904109,1.0
C-002574741,S-0075,-48.25841070688266,0,2,女性,48,1,12,0.3333333333333333,0,0,19,4506647.2743158825,4.526027397260274,1.0
C-000846465,S-0100,-49.845097068271556,1,2,男性,47,9,12,0.1666666666666666,1841,1,17,4535925.154217558,4.720547945205479,2.0
C-001671141,S-0082,-12.303963235894885,0,2,男性,38,5,12,0.4166666666666667,10316,1,17,4607261.71451126,4.758904109589041,2.0
C-000186675,S-0019,-12.749737429046837,0,2,男性,70,12,12,0.5833333333333334,0,0,19,4327199.920883598,4.090410958904109,1.0
C-002430441,S-0050,-23.19885984553422,0,2,女性,72,2,12,0.5833333333333334,0,0,20,4615411.181286601,9.2013698630137,6.0
C-002346313,S-0048,-17.594596956418613,0,2,女性,36,2,12,0.5833333333333334,0,0,15,4502249.082895545,3.671232876712329,1.0
C-001988973,S-0002,-12.01167907225398,0,2,女性,49,4,12,0.5,0,0,15,4455566.655169959,5.663013698630137,2.0
C-000971806,S-0005,-11.082239965399678,0,2,女性,51,8,12,0.25,18482,2,21,4733942.970761149,4.69041095890411,2.0
C-001136873,S-0062,-27.114030275623826,0,2,女性,34,7,12,0.3333333333333333,22664,1,15,4713869.782113416,4.575342465753424,1.0
C-001325466,S-0019,2.0606380539514446,0,2,男性,81,7,12,0.5,0,0,19,4327199.920883598,4.090410958904109,1.0
C-000570598,S-0062,-50.354899241249896,1,2,女性,69,10,12,0.8333333333333334,4627,1,15,4713869.782113416,4.575342465753424,1.0
C-002403907,S-0126,-30.53684031131057,0,2,女性,46,2,12,0.5,0,0,17,4493168.352495564,5.53972602739726,3.0
C-000771992,S-0007,-14.366725698497845,0,2,男性,55,9,12,0.4166666666666667,0,0,21,4487075.727367008,3.7260273972602738,1.0
C-000799784,S-0131,-53.215777872816396,1,2,女性,54,9,12,0.3333333333333333,0,0,17,4569023.5643747775,5.13972602739726,2.0
C-000510746,S-0039,-69.46286790019087,1,2,女性,59,10,12,0.25,747,1,16,4591288.568998441,8.193150684931506,5.0
C-001156421,S-0012,-25.78904047117187,0,2,女性,46,7,12,0.5833333333333334,2697,1,16,4444678.825084195,7.994520547945205,5.0
C-002301507,S-0131,-100.0,1,2,男性,41,2,12,0.6666666666666666,0,0,17,4569023.5643747775,5.13972602739726,2.0
C-001939253,S-0096,-41.39106646224797,0,2,女性,55,4,12,0.1666666666666666,9794,2,16,4644856.458098179,8.302739726027397,5.0
C-002610607,S-0019,-3.351683369046484,0,2,女性,55,1,12,0.75,0,0,19,4327199.920883598,4.090410958904109,1.0
C-001135309,S-0054,-38.22991453889899,0,2,男性,58,7,12,0.25,0,0,23,4489160.181517739,6.358904109589041,4.0
C-001678349,S-0085,-21.66328889903805,0,2,女性,57,5,12,0.25,2268,1,15,4606655.398026554,4.928767123287671,2.0
C-001561533,S-0040,-66.48086900879649,1,2,男性,33,6,12,0.5833333333333334,13182,1,20,4550116.0180538,8.163013698630138,4.0
C-000202766,S-0082,-89.96354889902797,1,2,女性,62,12,12,0.5,23146,1,17,4607261.71451126,4.758904109589041,2.0
C-000923031,S-0017,-77.84365441730573,1,2,男性,39,8,12,0.3333333333333333,54138,2,20,4640207.03550726,5.608219178082192,2.5
C-000990887,S-0007,-100.0,1,2,男性,50,8,12,0.1666666666666666,14547,2,21,4487075.727367008,3.7260273972602738,1.0
C-002359713,S-0131,-54.42523481491403,1,2,女性,56,2,12,0.1666666666666666,65324,2,17,4569023.5643747775,5.13972602739726,2.0
C-002008643,S-0075,-53.18427805178298,1,2,男性,41,4,12,0.5833333333333334,45311,2,19,4506647.2743158825,4.526027397260274,1.0
C-001796979,S-0099,-22.524639102484656,0,2,男性,17,5,12,0.0833333333333333,0,0,13,4464126.154078853,8.147945205479452,5.0
C-002092271,S-0039,-30.673274497917667,0,2,女性,45,3,12,0.25,0,0,16,4591288.568998441,8.193150684931506,5.0
C-001796585,S-0121,-78.52433304909245,1,2,女性,35,5,12,0.75,0,0,14,4716268.25678644,9.856164383561644,7.0
C-002665973,S-0059,-22.316883291295426,0,2,男性,31,1,12,0.5833333333333334,0,0,14,4713188.969095345,6.8123287671232875,3.0
C-002422028,S-0020,-19.89619583116744,0,2,女性,63,2,12,0.3333333333333333,2442,1,16,4280702.057267675,6.986301369863014,3.5
C-002644640,S-0111,-73.96963755314398,1,2,男性,54,1,12,0.4166666666666667,7032,1,19,4489501.980758176,6.397260273972603,4.0
C-001532910,S-0019,-8.689399716744743,0,2,女性,56,6,12,0.4166666666666667,0,0,19,4327199.920883598,4.090410958904109,1.0
C-002359361,S-0050,-5.727519597281451,0,2,女性,40,2,12,0.5833333333333334,7946,1,20,4615411.181286601,9.2013698630137,6.0
C-001494590,S-0082,-30.9473456650876,0,2,男性,35,6,12,0.5,28440,1,17,4607261.71451126,4.758904109589041,2.0
C-001548075,S-0126,-8.143730105061767,0,2,男性,38,6,12,0.5,6305,2,17,4493168.352495564,5.53972602739726,3.0
C-000912011,S-0075,-91.68796852112474,1,2,女性,64,8,12,0.0833333333333333,0,0,19,4506647.2743158825,4.526027397260274,1.0
C-000753394,S-0005,-95.79525116334567,1,2,女性,55,9,12,0.6666666666666666,0,0,21,4733942.970761149,4.69041095890411,2.0
C-000031967,S-0099,-7.946342364047447,0,2,女性,36,12,12,0.6666666666666666,0,0,13,4464126.154078853,8.147945205479452,5.0
C-001605442,S-0004,-100.0,1,2,女性,52,5,12,0.0833333333333333,34505,2,22,4423576.351309,11.806849315068494,9.0
C-000630809,S-0131,-22.72005632062527,0,2,女性,57,10,12,0.25,8086,1,17,4569023.5643747775,5.13972602739726,2.0
C-000828449,S-0048,-34.762847446670975,0,2,女性,62,9,12,0.1666666666666666,0,0,15,4502249.082895545,3.671232876712329,1.0
C-000072559,S-0036,-100.0,1,2,男性,33,12,12,0.4166666666666667,0,0,19,4397834.424680548,11.123287671232877,9.0
C-001465457,S-0111,-41.578186121429276,0,2,男性,60,6,12,0.0833333333333333,7393,1,19,4489501.980758176,6.397260273972603,4.0
C-000625883,S-0039,-41.21841115290994,0,2,男性,39,10,12,0.0833333333333333,67909,1,16,4591288.568998441,8.193150684931506,5.0
C-001353155,S-0079,-82.89921570719734,1,2,女性,48,6,12,0.25,18234,1,13,4256656.371085242,8.479452054794521,6.0
C-000644198,S-0020,-40.186761609023094,0,2,男性,36,10,12,0.3333333333333333,0,0,16,4280702.057267675,6.986301369863014,3.5
C-000365716,S-0100,-22.566518504799827,0,2,女性,69,11,12,0.4166666666666667,32422,1,17,4535925.154217558,4.720547945205479,2.0
C-001647430,S-0085,1.1183166308299621,0,2,女性,35,5,12,0.3333333333333333,17734,1,15,4606655.398026554,4.928767123287671,2.0
C-001232707,S-0059,-15.544070944933788,0,2,女性,43,7,12,0.4166666666666667,0,0,14,4713188.969095345,6.8123287671232875,3.0
C-001671264,S-0111,-67.99874694143645,1,2,女性,49,5,12,0.0833333333333333,128686,1,19,4489501.980758176,6.397260273972603,4.0
C-002348165,S-0036,-100.0,1,2,男性,55,2,12,0.3333333333333333,16611,2,19,4397834.424680548,11.123287671232877,9.0
C-002269735,S-0131,-15.571188605574793,0,2,男性,49,2,12,0.25,10321,1,17,4569023.5643747775,5.13972602739726,2.0
C-000029128,S-0005,-11.515566374632595,0,2,女性,49,12,12,0.25,0,0,21,4733942.970761149,4.69041095890411,2.0
C-002153863,S-0063,-5.781637598214842,0,2,女性,55,3,12,0.5,46822,1,18,4564012.176421695,5.749315068493151,3.0
C-001588348,S-0039,-74.6893411201729,1,2,女性,37,5,12,0.1666666666666666,0,0,16,4591288.568998441,8.193150684931506,5.0
C-000599878,S-0054,-100.0,1,2,女性,63,10,12,0.6666666666666666,0,0,23,4489160.181517739,6.358904109589041,4.0
C-001122613,S-0063,-44.23724351958326,0,2,男性,19,8,12,0.3333333333333333,0,0,18,4564012.176421695,5.749315068493151,3.0
C-000182471,S-0100,-61.40966697317395,1,2,女性,47,12,12,0.5833333333333334,41798,1,17,4535925.154217558,4.720547945205479,2.0
C-002672466,S-0005,-31.634912026458746,0,2,女性,59,1,12,0.1666666666666666,149,1,21,4733942.970761149,4.69041095890411,2.0
C-000262707,S-0005,-29.196893819572544,0,2,女性,52,11,12,0.3333333333333333,0,0,21,4733942.970761149,4.69041095890411,2.0
C-002482705,S-0019,-2.911048794167134,0,2,女性,61,1,12,0.25,0,0,19,4327199.920883598,4.090410958904109,1.0
C-001732189,S-0005,-8.172281535601364,0,2,男性,50,5,12,0.6666666666666666,0,0,21,4733942.970761149,4.69041095890411,2.0
C-001297760,S-0039,-18.1395105626438,0,2,女性,36,7,12,0.8333333333333334,85618,1,16,4591288.568998441,8.193150684931506,5.0
C-000612735,S-0111,-17.8470707293022,0,2,男性,42,10,12,0.25,0,0,19,4489501.980758176,6.397260273972603,4.0
C-000242511,S-0019,-80.23515693324264,1,2,男性,47,11,12,0.8333333333333334,0,0,19,4327199.920883598,4.090410958904109,1.0
C-000275659,S-0059,-49.24196388226679,1,2,男性,40,11,12,0.8333333333333334,0,0,14,4713188.969095345,6.8123287671232875,3.0
C-000092749,S-0100,-100.0,1,2,女性,42,12,12,0.1666666666666666,8335,1,17,4535925.154217558,4.720547945205479,2.0
C-000802809,S-0062,-11.194424699777137,0,2,男性,46,9,12,0.6666666666666666,0,0,15,4713869.782113416,4.575342465753424,1.0
C-000073854,S-0050,-100.0,1,2,男性,52,12,12,0.25,0,0,20,4615411.181286601,9.2013698630137,6.0
C-002125658,S-0050,-28.56095946542268,0,2,男性,70,3,12,0.9166666666666666,8968,1,20,4615411.181286601,9.2013698630137,6.0
C-001590485,S-0063,-55.33470973160234,1,2,女性,41,5,12,0.1666666666666666,6125,1,18,4564012.176421695,5.749315068493151,3.0
C-000643380,S-0100,-49.070560276716726,1,2,女性,25,10,12,0.6666666666666666,55965,1,17,4535925.154217558,4.720547945205479,2.0
C-002573822,S-0017,-49.21516661366126,1,2,男性,56,1,12,0.0833333333333333,2852,2,20,4640207.03550726,5.608219178082192,2.5
C-000445418,S-0097,-48.62305759088174,0,2,女性,47,11,12,0.5,13012,1,21,4592508.716501317,10.09041095890411,7.0
C-001822133,S-0007,-100.0,1,2,女性,32,4,12,0.25,5121,2,21,4487075.727367008,3.7260273972602738,1.0
C-000599840,S-0004,-34.77816131549532,0,2,男性,18,10,12,0.0833333333333333,29307,1,22,4423576.351309,11.806849315068494,9.0
C-002061990,S-0056,-40.56999533882316,0,2,女性,52,3,12,0.4166666666666667,18781,1,15,4406070.585753419,7.528767123287671,4.0
C-001772622,S-0017,-100.0,1,2,女性,33,5,12,0.3333333333333333,0,0,20,4640207.03550726,5.608219178082192,2.5
C-000010149,S-0059,-35.576733115704116,0,2,女性,22,12,12,0.8333333333333334,0,0,14,4713188.969095345,6.8123287671232875,3.0
C-000618687,S-0096,-100.0,1,2,男性,43,10,12,0.0,0,0,16,4644856.458098179,8.302739726027397,5.0
C-001290812,S-0062,-11.207118243069484,0,2,女性,44,7,12,0.75,0,0,15,4713869.782113416,4.575342465753424,1.0
C-000408881,S-0131,-32.228590560859246,0,2,女性,36,11,12,0.1666666666666666,0,0,17,4569023.5643747775,5.13972602739726,2.0
C-001531132,S-0019,-28.698055053672018,0,2,女性,36,6,12,0.5,0,0,19,4327199.920883598,4.090410958904109,1.0
C-000298214,S-0007,-36.412817700189045,0,2,女性,57,11,12,0.5,0,0,21,4487075.727367008,3.7260273972602738,1.0
C-001487286,S-0099,-25.332474245462638,0,2,男性,43,6,12,0.6666666666666666,13677,1,13,4464126.154078853,8.147945205479452,5.0
C-000454379,S-0019,-4.384257719336735,0,2,男性,47,10,12,0.3333333333333333,0,0,19,4327199.920883598,4.090410958904109,1.0
C-000425086,S-0115,-47.343849629896596,0,2,男性,58,11,12,0.5833333333333334,11986,1,14,4553643.099564746,10.51095890410959,7.0
C-000955046,S-0062,-53.6643522050969,1,2,女性,62,8,12,0.1666666666666666,72902,2,15,4713869.782113416,4.575342465753424,1.0
C-001218685,S-0056,-16.165095818035283,0,2,女性,44,7,12,0.8333333333333334,0,0,15,4406070.585753419,7.528767123287671,4.0
C-000376787,S-0017,-100.0,1,2,女性,45,11,12,0.75,45050,2,20,4640207.03550726,5.608219178082192,2.5
C-000765251,S-0072,-22.17123498614105,0,2,女性,36,9,12,0.5833333333333334,0,0,12,4406797.312641796,9.01917808219178,6.0
C-000259017,S-0126,-59.789707112184395,1,2,女性,59,11,12,0.5833333333333334,11389,1,17,4493168.352495564,5.53972602739726,3.0
C-001204897,S-0018,-23.273478564700877,0,2,女性,59,7,12,0.5,18633,2,16,4493108.581950108,7.550684931506849,5.0
C-002396734,S-0005,-38.60719084420473,0,2,女性,56,2,12,0.8333333333333334,0,0,21,4733942.970761149,4.69041095890411,2.0
C-002022404,S-0020,-46.96177036479347,0,2,男性,31,4,12,0.1666666666666666,0,0,16,4280702.057267675,6.986301369863014,3.5
C-002564633,S-0005,-47.367794187708434,0,2,男性,68,1,12,0.1666666666666666,19749,1,21,4733942.970761149,4.69041095890411,2.0
C-000811213,S-0005,-23.175977060322854,0,2,女性,57,9,12,0.5833333333333334,0,0,21,4733942.970761149,4.69041095890411,2.0
C-001113403,S-0063,-12.778872227501333,0,2,女性,41,8,12,0.5,2924,1,18,4564012.176421695,5.749315068493151,3.0
C-000430429,S-0019,-6.3564771902596044,0,2,女性,36,11,12,0.8333333333333334,2536,1,19,4327199.920883598,4.090410958904109,1.0
C-001299431,S-0020,-19.162599060893452,0,2,女性,56,7,12,0.3333333333333333,35424,2,16,4280702.057267675,6.986301369863014,3.5
C-000654041,S-0089,-22.682343784745385,0,2,男性,35,10,12,0.1666666666666666,0,0,19,4721110.949352573,10.142465753424657,7.0
C-002553568,S-0131,-32.86019274127576,0,2,女性,80,1,12,0.0,6696,1,17,4569023.5643747775,5.13972602739726,2.0
C-000853890,S-0082,-30.987200451521375,0,2,男性,39,9,12,0.3333333333333333,1299,1,17,4607261.71451126,4.758904109589041,2.0
C-001015460,S-0005,-11.533566854934081,0,2,女性,56,8,12,0.4166666666666667,0,0,21,4733942.970761149,4.69041095890411,2.0
C-002272808,S-0005,-86.3197174651829,1,2,男性,41,2,12,0.5833333333333334,0,0,21,4733942.970761149,4.69041095890411,2.0
C-002529232,S-0089,-100.0,1,2,女性,41,1,12,0.0,0,0,19,4721110.949352573,10.142465753424657,7.0
C-001016959,S-0008,-7.8108525879869415,0,2,女性,32,8,12,0.1666666666666666,44331,1,22,4498453.308937302,10.772602739726027,7.0
C-001485394,S-0089,-33.50269788528417,0,2,女性,27,6,12,0.1666666666666666,46425,1,19,4721110.949352573,10.142465753424657,7.0
C-002617753,S-0059,-75.11188602543542,1,2,女性,56,1,12,0.3333333333333333,106627,1,14,4713188.969095345,6.8123287671232875,3.0
C-000410389,S-0099,-78.11104853782555,1,2,男性,31,11,12,0.5,0,0,13,4464126.154078853,8.147945205479452,5.0
C-002585976,S-0017,-72.86273367987462,1,2,男性,69,1,12,0.25,0,0,20,4640207.03550726,5.608219178082192,2.5
C-000353289,S-0050,-21.59690760214473,0,2,女性,43,11,12,0.3333333333333333,0,0,20,4615411.181286601,9.2013698630137,6.0
C-001185240,S-0099,-66.48552020021452,1,2,女性,54,7,12,0.5,2654,2,13,4464126.154078853,8.147945205479452,5.0
C-000839899,S-0089,-56.46961333351154,1,2,女性,56,9,12,0.5833333333333334,0,0,19,4721110.949352573,10.142465753424657,7.0
C-002301948,S-0048,-67.49254354368507,1,2,女性,55,2,12,0.5833333333333334,3519,2,15,4502249.082895545,3.671232876712329,1.0
C-002164140,S-0017,-24.230093430411177,0,2,男性,58,3,12,0.25,0,0,20,4640207.03550726,5.608219178082192,2.5
C-001896416,S-0019,-4.312902145285691,0,2,男性,60,4,12,1.0,0,0,19,4327199.920883598,4.090410958904109,1.0
C-000014403,S-0096,-16.612719036202893,0,2,男性,34,12,12,0.5,4170,1,16,4644856.458098179,8.302739726027397,5.0
C-000512616,S-0012,-100.0,1,2,男性,50,10,12,0.25,0,0,16,4444678.825084195,7.994520547945205,5.0
C-001342469,S-0100,-89.33749920295861,1,2,男性,42,7,12,0.6666666666666666,17317,1,17,4535925.154217558,4.720547945205479,2.0
C-001561528,S-0097,-63.58881139634961,1,2,女性,50,6,12,0.0833333333333333,11251,1,21,4592508.716501317,10.09041095890411,7.0
C-000598432,S-0126,-19.245722216606243,0,2,男性,42,10,12,0.8333333333333334,0,0,17,4493168.352495564,5.53972602739726,3.0
C-002645609,S-0062,-23.73973825751802,0,2,男性,57,1,12,0.4166666666666667,0,0,15,4713869.782113416,4.575342465753424,1.0
C-000006039,S-0115,-100.0,1,2,女性,51,12,12,0.1666666666666666,0,0,14,4553643.099564746,10.51095890410959,7.0
C-002118942,S-0056,-44.7160210733778,0,2,女性,43,3,12,0.1666666666666666,0,0,15,4406070.585753419,7.528767123287671,4.0
C-000493612,S-0005,-44.63152610441767,0,2,男性,47,10,12,0.5,0,0,21,4733942.970761149,4.69041095890411,2.0
C-000383038,S-0017,-11.610925696023159,0,2,女性,20,11,12,0.4166666666666667,36061,1,20,4640207.03550726,5.608219178082192,2.5
C-000249283,S-0111,-54.33737284897594,1,2,女性,71,11,12,0.5,0,0,19,4489501.980758176,6.397260273972603,4.0
C-002125405,S-0100,-63.59570442090777,1,2,女性,56,3,12,0.1666666666666666,5347,1,17,4535925.154217558,4.720547945205479,2.0
C-002358356,S-0050,-30.37129030876622,0,2,男性,59,2,12,0.75,0,0,20,4615411.181286601,9.2013698630137,6.0
C-001386124,S-0063,-37.59717500724695,0,2,女性,45,6,12,0.6666666666666666,10636,1,18,4564012.176421695,5.749315068493151,3.0
C-001324439,S-0082,-32.42369312775292,0,2,男性,41,7,12,0.3333333333333333,0,0,17,4607261.71451126,4.758904109589041,2.0
C-000578262,S-0082,-56.11433227818347,1,2,男性,34,10,12,0.5,0,0,17,4607261.71451126,4.758904109589041,2.0
C-000679818,S-0040,-98.06944995184953,1,2,女性,48,9,12,0.0833333333333333,0,0,20,4550116.0180538,8.163013698630138,4.0
C-002465767,S-0059,-21.7836875052817,0,2,女性,50,2,12,0.3333333333333333,0,0,14,4713188.969095345,6.8123287671232875,3.0
C-001310156,S-0050,-18.516972960895323,0,2,男性,26,7,12,0.25,0,0,20,4615411.181286601,9.2013698630137,6.0
C-000581494,S-0019,-11.549674351287088,0,2,女性,45,10,12,0.5833333333333334,0,0,19,4327199.920883598,4.090410958904109,1.0
C-001350887,S-0059,-10.277499741506215,0,2,女性,53,6,12,0.3333333333333333,1598,1,14,4713188.969095345,6.8123287671232875,3.0
C-000191720,S-0017,-50.83242051200209,1,2,女性,43,12,12,0.3333333333333333,0,0,20,4640207.03550726,5.608219178082192,2.5
C-001889512,S-0131,-100.0,1,2,男性,50,4,12,0.25,0,0,17,4569023.5643747775,5.13972602739726,2.0
C-002461075,S-0039,-86.1607327889916,1,2,女性,31,2,12,0.6666666666666666,0,0,16,4591288.568998441,8.193150684931506,5.0
C-002393868,S-0113,-19.819357189087793,0,2,男性,48,2,12,0.3333333333333333,1448,1,16,4336633.961311346,5.77945205479452,2.5
C-001078317,S-0054,5.639669772504048,0,2,女性,46,8,12,0.6666666666666666,0,0,23,4489160.181517739,6.358904109589041,4.0
C-000631877,S-0007,-100.0,1,2,女性,70,10,12,0.5833333333333334,0,0,21,4487075.727367008,3.7260273972602738,1.0
C-002441281,S-0106,-44.79932384231258,0,2,女性,45,2,12,0.1666666666666666,0,0,20,4462729.145118021,6.171232876712329,3.5
C-001639442,S-0002,-16.148891538399475,0,2,女性,63,5,12,0.0,0,0,15,4455566.655169959,5.663013698630137,2.0
C-000201993,S-0062,-21.040103897457726,0,2,男性,35,12,12,0.4166666666666667,0,0,15,4713869.782113416,4.575342465753424,1.0
C-002691475,S-0085,-33.510940919037196,0,2,女性,45,1,12,0.6666666666666666,0,0,15,4606655.398026554,4.928767123287671,2.0
C-001767972,S-0040,-25.696304880002685,0,2,女性,52,5,12,0.8333333333333334,0,0,20,4550116.0180538,8.163013698630138,4.0
C-001610517,S-0056,-67.24048973249242,1,2,男性,67,5,12,0.3333333333333333,4988,2,15,4406070.585753419,7.528767123287671,4.0
C-002347710,S-0007,-48.72232649646095,0,2,女性,39,2,12,0.0833333333333333,43606,1,21,4487075.727367008,3.7260273972602738,1.0
C-000774489,S-0080,-30.34169881481275,0,2,女性,54,9,12,0.0833333333333333,0,0,17,4457429.264950683,11.673972602739726,9.0
C-001543983,S-0019,-2.8958363348220715,0,2,女性,58,6,12,0.3333333333333333,0,0,19,4327199.920883598,4.090410958904109,1.0
C-001363554,S-0131,-58.9678842630154,1,2,女性,59,6,12,0.5833333333333334,11359,1,17,4569023.5643747775,5.13972602739726,2.0
C-001845905,S-0056,-19.746187881443266,0,2,男性,40,4,12,0.3333333333333333,0,0,15,4406070.585753419,7.528767123287671,4.0
C-000883053,S-0097,-100.0,1,2,女性,59,9,12,0.1666666666666666,0,0,21,4592508.716501317,10.09041095890411,7.0
C-000890048,S-0075,-28.61406809395664,0,2,女性,69,9,12,0.5833333333333334,0,0,19,4506647.2743158825,4.526027397260274,1.0
C-000783556,S-0113,-40.11572890025575,0,2,男性,63,9,12,0.5,0,0,16,4336633.961311346,5.77945205479452,2.5
C-002262004,S-0014,-41.05369887075641,0,2,女性,55,2,12,0.0833333333333333,0,0,21,4730192.353344672,7.336986301369863,4.0
C-002523473,S-0019,-28.766811431773604,0,2,男性,43,1,12,0.0833333333333333,0,0,19,4327199.920883598,4.090410958904109,1.0
C-000907650,S-0005,-6.708176519837754,0,2,男性,60,8,12,0.1666666666666666,0,0,21,4733942.970761149,4.69041095890411,2.0
C-002320301,S-0063,-3.2366440169256063,0,2,女性,75,2,12,0.5,24237,1,18,4564012.176421695,5.749315068493151,3.0
C-000986281,S-0019,-16.947453605782496,0,2,女性,59,8,12,0.4166666666666667,0,0,19,4327199.920883598,4.090410958904109,1.0
C-000722798,S-0056,-5.74789769403409,0,2,女性,41,9,12,0.9166666666666666,0,0,15,4406070.585753419,7.528767123287671,4.0
C-000956942,S-0002,-73.12128788794186,1,2,女性,63,8,12,0.25,0,0,15,4455566.655169959,5.663013698630137,2.0
C-001363062,S-0040,-71.32169359118234,1,2,男性,55,6,12,0.4166666666666667,14546,1,20,4550116.0180538,8.163013698630138,4.0
C-002639746,S-0004,-41.9090773560783,0,2,女性,64,1,12,0.25,0,0,22,4423576.351309,11.806849315068494,9.0
C-000748287,S-0059,-100.0,1,2,女性,46,9,12,0.3333333333333333,0,0,14,4713188.969095345,6.8123287671232875,3.0
C-002053837,S-0020,-24.780158826792213,0,2,女性,62,3,12,0.5,18483,1,16,4280702.057267675,6.986301369863014,3.5
C-002133828,S-0039,-95.233499048022,1,2,女性,45,3,12,0.3333333333333333,1772,1,16,4591288.568998441,8.193150684931506,5.0
C-002199640,S-0054,-32.58392436412719,0,2,男性,44,3,12,0.8333333333333334,0,0,23,4489160.181517739,6.358904109589041,4.0
C-001098235,S-0126,-23.06358794724238,0,2,男性,45,8,12,0.1666666666666666,30186,1,17,4493168.352495564,5.53972602739726,3.0
C-000294768,S-0075,-100.0,1,2,男性,56,11,12,0.25,1472,1,19,4506647.2743158825,4.526027397260274,1.0
C-002481565,S-0074,-46.1399611969498,0,2,女性,35,1,12,0.25,0,0,14,4614054.39694187,8.308219178082192,6.0
C-001824293,S-0063,-8.370139721219404,0,2,女性,57,4,12,0.75,0,0,18,4564012.176421695,5.749315068493151,3.0
C-001163733,S-0005,-52.111178614823814,1,2,女性,48,7,12,0.9166666666666666,0,0,21,4733942.970761149,4.69041095890411,2.0
C-002406329,S-0039,-98.63036883698526,1,2,女性,54,2,12,0.1666666666666666,18667,2,16,4591288.568998441,8.193150684931506,5.0
C-001278737,S-0131,-43.2992679186014,0,2,女性,70,7,12,0.0,0,0,17,4569023.5643747775,5.13972602739726,2.0
C-000432611,S-0059,-46.71117954326335,0,2,男性,46,11,12,0.4166666666666667,1132,1,14,4713188.969095345,6.8123287671232875,3.0
C-000061261,S-0099,-100.0,1,2,男性,74,12,12,0.4166666666666667,11247,1,13,4464126.154078853,8.147945205479452,5.0
C-001606703,S-0075,-35.56728641303582,0,2,男性,48,5,12,0.6666666666666666,0,0,19,4506647.2743158825,4.526027397260274,1.0
C-001053849,S-0005,-14.44839296475054,0,2,女性,79,8,12,0.5,17627,1,21,4733942.970761149,4.69041095890411,2.0
C-002133521,S-0126,-14.5015663994053,0,2,女性,48,3,12,0.3333333333333333,26118,1,17,4493168.352495564,5.53972602739726,3.0
C-001646469,S-0085,-13.37224674763959,0,2,男性,60,5,12,1.0,0,0,15,4606655.398026554,4.928767123287671,2.0
C-000064028,S-0050,-99.2446094346212,1,2,女性,54,12,12,0.1666666666666666,9081,1,20,4615411.181286601,9.2013698630137,6.0
C-000720782,S-0018,-75.18751722837204,1,2,女性,31,9,12,0.0833333333333333,3211,1,16,4493108.581950108,7.550684931506849,5.0
C-000716411,S-0075,-45.88444102006701,0,2,女性,49,9,12,0.25,0,0,19,4506647.2743158825,4.526027397260274,1.0
C-001659716,S-0059,-59.67792180820685,1,2,女性,54,5,12,0.5833333333333334,0,0,14,4713188.969095345,6.8123287671232875,3.0
C-000314830,S-0111,-11.852031749995296,0,2,女性,64,11,12,0.6666666666666666,0,0,19,4489501.980758176,6.397260273972603,4.0
C-000431772,S-0096,-100.0,1,2,女性,44,11,12,0.25,0,0,16,4644856.458098179,8.302739726027397,5.0
C-002439345,S-0096,-100.0,1,2,女性,31,2,12,0.0833333333333333,0,0,16,4644856.458098179,8.302739726027397,5.0
C-002167917,S-0131,-66.80619767587154,1,2,女性,47,3,12,0.5833333333333334,0,0,17,4569023.5643747775,5.13972602739726,2.0
C-001774530,S-0005,-2.571532799829356,0,2,男性,52,5,12,0.4166666666666667,0,0,21,4733942.970761149,4.69041095890411,2.0
C-002242294,S-0100,-100.0,1,2,女性,58,3,12,0.5,11235,1,17,4535925.154217558,4.720547945205479,2.0
C-000409844,S-0063,-100.0,1,2,女性,46,11,12,0.6666666666666666,2682,1,18,4564012.176421695,5.749315068493151,3.0
C-001704640,S-0059,-30.777805403613463,0,2,男性,34,5,12,0.4166666666666667,0,0,14,4713188.969095345,6.8123287671232875,3.0
C-000635738,S-0019,-20.094916512920484,0,2,男性,56,10,12,0.8333333333333334,0,0,19,4327199.920883598,4.090410958904109,1.0
C-001943053,S-0019,-40.81772088172894,0,2,女性,42,4,12,0.75,0,0,19,4327199.920883598,4.090410958904109,1.0
C-002310473,S-0017,-100.0,1,2,女性,33,2,12,0.1666666666666666,0,0,20,4640207.03550726,5.608219178082192,2.5
C-000842418,S-0054,-46.066613246002156,0,2,男性,18,9,12,1.0,0,0,23,4489160.181517739,6.358904109589041,4.0
C-002379731,S-0004,-18.960049650997696,0,2,男性,45,2,12,0.5,1399,1,22,4423576.351309,11.806849315068494,9.0
C-002682456,S-0102,-47.78515234816778,0,2,男性,57,1,12,0.0,21648,2,16,4383474.364435211,10.484931506849314,7.5
C-002044323,S-0131,-17.19995054129802,0,2,女性,39,3,12,0.6666666666666666,0,0,17,4569023.5643747775,5.13972602739726,2.0
C-001768643,S-0050,-30.575698733631,0,2,男性,46,5,12,0.25,0,0,20,4615411.181286601,9.2013698630137,6.0
C-002230122,S-0113,-91.12121394592641,1,2,男性,57,3,12,0.1666666666666666,21871,1,16,4336633.961311346,5.77945205479452,2.5
C-001410898,S-0005,-47.43437743017045,0,2,女性,48,6,12,0.5833333333333334,0,0,21,4733942.970761149,4.69041095890411,2.0
C-000794608,S-0085,-15.297669513430797,0,2,男性,54,9,12,0.5,0,0,15,4606655.398026554,4.928767123287671,2.0
C-001891555,S-0074,-100.0,1,2,女性,56,4,12,0.0833333333333333,38861,1,14,4614054.39694187,8.308219178082192,6.0
C-000981768,S-0014,-100.0,1,2,女性,46,8,12,0.6666666666666666,6918,2,21,4730192.353344672,7.336986301369863,4.0
C-002153936,S-0117,-25.877445430452685,0,2,男性,79,3,12,0.25,0,0,20,4500859.737076383,9.593150684931507,7.0
C-001738280,S-0030,-100.0,1,2,女性,57,5,12,0.6666666666666666,13366,1,22,4426478.045479023,9.236986301369862,5.5
C-000615657,S-0039,-36.55509923025846,0,2,男性,23,10,12,0.75,43108,1,16,4591288.568998441,8.193150684931506,5.0
C-001660043,S-0126,-39.053620660552525,0,2,男性,64,5,12,0.5,0,0,17,4493168.352495564,5.53972602739726,3.0
C-001117097,S-0050,-100.0,1,2,女性,53,8,12,0.25,0,0,20,4615411.181286601,9.2013698630137,6.0
C-001746585,S-0075,-11.767174007738232,0,2,男性,16,5,12,0.75,13442,1,19,4506647.2743158825,4.526027397260274,1.0
C-002197014,S-0096,-100.0,1,2,男性,63,3,12,0.0833333333333333,0,0,16,4644856.458098179,8.302739726027397,5.0
C-002244571,S-0117,-42.80531579808557,0,2,女性,57,3,12,0.25,55697,1,20,4500859.737076383,9.593150684931507,7.0
C-000043500,S-0072,-1.1327540100556361,0,2,男性,29,12,12,0.1666666666666666,0,0,12,4406797.312641796,9.01917808219178,6.0
C-000279442,S-0012,-18.245554683140995,0,2,女性,50,11,12,0.6666666666666666,0,0,16,4444678.825084195,7.994520547945205,5.0
C-001148465,S-0131,-42.93679206526205,0,2,女性,42,7,12,0.3333333333333333,2265,1,17,4569023.5643747775,5.13972602739726,2.0
C-001782707,S-0019,-25.61940376335275,0,2,男性,68,5,12,0.5833333333333334,0,0,19,4327199.920883598,4.090410958904109,1.0
C-001092854,S-0131,-28.963437760752488,0,2,男性,41,8,12,0.0833333333333333,2172,1,17,4569023.5643747775,5.13972602739726,2.0
C-001707646,S-0126,-45.34049268947502,0,2,女性,66,5,12,0.75,0,0,17,4493168.352495564,5.53972602739726,3.0
C-001689497,S-0096,-78.48541109540275,1,2,男性,52,5,12,0.3333333333333333,11166,1,16,4644856.458098179,8.302739726027397,5.0
C-001501297,S-0005,-31.765919087471676,0,2,女性,48,6,12,0.3333333333333333,0,0,21,4733942.970761149,4.69041095890411,2.0
C-002212447,S-0085,-21.831201358188636,0,2,女性,50,3,12,0.25,3378,1,15,4606655.398026554,4.928767123287671,2.0
C-001323000,S-0111,-53.36839354543673,1,2,女性,43,7,12,0.25,0,0,19,4489501.980758176,6.397260273972603,4.0
C-001126699,S-0082,-40.97584516944992,0,2,女性,53,7,12,0.4166666666666667,0,0,17,4607261.71451126,4.758904109589041,2.0
C-001648490,S-0059,-89.30796349060705,1,2,女性,48,5,12,0.5833333333333334,0,0,14,4713188.969095345,6.8123287671232875,3.0
C-001130572,S-0005,-5.999027174511972,0,2,男性,78,7,12,0.4166666666666667,0,0,21,4733942.970761149,4.69041095890411,2.0
C-000929624,S-0019,-17.111802568101396,0,2,女性,65,8,12,0.25,0,0,19,4327199.920883598,4.090410958904109,1.0
C-000659374,S-0017,-3.5523757060084558,0,2,男性,53,10,12,0.6666666666666666,27583,1,20,4640207.03550726,5.608219178082192,2.5
C-001338449,S-0131,-50.77521138690989,1,2,男性,25,7,12,0.3333333333333333,0,0,17,4569023.5643747775,5.13972602739726,2.0
C-002577758,S-0099,-100.0,1,2,男性,79,1,12,0.3333333333333333,132447,1,13,4464126.154078853,8.147945205479452,5.0
C-001259333,S-0050,-100.0,1,2,女性,60,7,12,0.0833333333333333,0,0,20,4615411.181286601,9.2013698630137,6.0
C-001090869,S-0002,-46.50427062871035,0,2,女性,50,8,12,0.3333333333333333,0,0,15,4455566.655169959,5.663013698630137,2.0
C-002455327,S-0050,-82.63038044987503,1,2,女性,57,2,12,0.3333333333333333,12595,2,20,4615411.181286601,9.2013698630137,6.0
C-000101800,S-0131,-11.751622788230256,0,2,男性,61,12,12,0.75,0,0,17,4569023.5643747775,5.13972602739726,2.0
C-001332508,S-0040,-100.0,1,2,女性,57,7,12,0.0,14321,1,20,4550116.0180538,8.163013698630138,4.0
C-001054894,S-0019,-4.728280767822585,0,2,男性,56,8,12,0.25,0,0,19,4327199.920883598,4.090410958904109,1.0
C-000733197,S-0085,-100.0,1,2,女性,37,9,12,0.1666666666666666,0,0,15,4606655.398026554,4.928767123287671,2.0
C-002472370,S-0030,-100.0,1,2,男性,41,1,12,0.75,3280,1,22,4426478.045479023,9.236986301369862,5.5
C-002617178,S-0036,-19.353989933196576,0,2,女性,47,1,12,0.3333333333333333,45868,2,19,4397834.424680548,11.123287671232877,9.0
C-001105511,S-0121,-67.43139558996336,1,2,男性,33,8,12,0.1666666666666666,54198,1,14,4716268.25678644,9.856164383561644,7.0
C-000831593,S-0017,-100.0,1,2,男性,55,9,12,0.25,0,0,20,4640207.03550726,5.608219178082192,2.5
C-000626001,S-0007,-8.247360482654601,0,2,男性,58,10,12,0.25,0,0,21,4487075.727367008,3.7260273972602738,1.0
C-000843379,S-0079,-21.753140255079398,0,2,男性,49,9,12,0.6666666666666666,0,0,13,4256656.371085242,8.479452054794521,6.0
C-001593003,S-0059,-49.076809722860546,1,2,男性,49,5,12,0.3333333333333333,0,0,14,4713188.969095345,6.8123287671232875,3.0
C-000305171,S-0131,-19.448538117099066,0,2,男性,21,11,12,0.5,0,0,17,4569023.5643747775,5.13972602739726,2.0
C-002042543,S-0100,-38.73910552901799,0,2,女性,50,3,12,0.1666666666666666,0,0,17,4535925.154217558,4.720547945205479,2.0
C-001030004,S-0113,-0.23561048617443697,0,2,女性,66,8,12,0.75,14429,2,16,4336633.961311346,5.77945205479452,2.5
C-002301068,S-0075,-71.33765468473777,1,2,男性,44,2,12,0.5833333333333334,2363,1,19,4506647.2743158825,4.526027397260274,1.0
C-002271585,S-0030,-25.08626058518473,0,2,男性,54,2,12,0.5833333333333334,1680,2,22,4426478.045479023,9.236986301369862,5.5
C-000617799,S-0100,-10.333489335636662,0,2,女性,51,10,12,0.25,0,0,17,4535925.154217558,4.720547945205479,2.0
C-002327818,S-0039,-61.209811038855314,1,2,女性,20,2,12,0.5833333333333334,0,0,16,4591288.568998441,8.193150684931506,5.0
C-000322002,S-0096,-100.0,1,2,女性,36,11,12,0.1666666666666666,157065,1,16,4644856.458098179,8.302739726027397,5.0
C-002236425,S-0063,-0.49146677895923363,0,2,男性,70,3,12,0.1666666666666666,23142,1,18,4564012.176421695,5.749315068493151,3.0
C-000286229,S-0039,-33.041914901117494,0,2,女性,73,11,12,0.5,26100,1,16,4591288.568998441,8.193150684931506,5.0
C-002505203,S-0089,-100.0,1,2,男性,59,1,12,0.3333333333333333,27735,1,19,4721110.949352573,10.142465753424657,7.0
C-002521198,S-0117,-100.0,1,2,女性,45,1,12,0.0833333333333333,0,0,20,4500859.737076383,9.593150684931507,7.0
C-001760378,S-0117,-100.0,1,2,女性,68,5,12,0.1666666666666666,0,0,20,4500859.737076383,9.593150684931507,7.0
C-001552312,S-0131,-65.84890965732087,1,2,女性,48,6,12,0.3333333333333333,0,0,17,4569023.5643747775,5.13972602739726,2.0
C-000100384,S-0004,-68.43703642394647,1,2,女性,43,12,12,0.25,0,0,22,4423576.351309,11.806849315068494,9.0
C-001044172,S-0121,-19.618792076096547,0,2,男性,70,8,12,0.0833333333333333,0,0,14,4716268.25678644,9.856164383561644,7.0
C-001144414,S-0005,-37.26159379389102,0,2,女性,36,7,12,0.5,0,0,21,4733942.970761149,4.69041095890411,2.0
C-000232683,S-0059,5.837634020644751,0,2,女性,55,11,12,0.5,0,0,14,4713188.969095345,6.8123287671232875,3.0
C-001657667,S-0096,-100.0,1,2,女性,43,5,12,0.3333333333333333,0,0,16,4644856.458098179,8.302739726027397,5.0
C-000886975,S-0050,-35.12760269687305,0,2,女性,37,9,12,0.3333333333333333,0,0,20,4615411.181286601,9.2013698630137,6.0
C-000251229,S-0020,-69.50470977427626,1,2,女性,48,11,12,0.3333333333333333,0,0,16,4280702.057267675,6.986301369863014,3.5
C-002601218,S-0126,-17.043494296680205,0,2,男性,45,1,12,0.6666666666666666,0,0,17,4493168.352495564,5.53972602739726,3.0
C-002147005,S-0099,-64.22464569376089,1,2,男性,49,3,12,0.4166666666666667,0,0,13,4464126.154078853,8.147945205479452,5.0
C-000617657,S-0017,-7.445954036479173,0,2,女性,31,10,12,0.3333333333333333,3996,2,20,4640207.03550726,5.608219178082192,2.5
C-000167387,S-0075,-42.75032844005255,0,2,男性,47,12,12,0.6666666666666666,0,0,19,4506647.2743158825,4.526027397260274,1.0
C-002663053,S-0014,-54.92204398422283,1,2,男性,59,1,12,0.3333333333333333,3414,1,21,4730192.353344672,7.336986301369863,4.0
C-002375350,S-0075,-26.38016198491214,0,2,女性,63,2,12,0.0833333333333333,5525,2,19,4506647.2743158825,4.526027397260274,1.0
C-000139466,S-0096,-17.26408998795853,0,2,女性,48,12,12,0.1666666666666666,11566,1,16,4644856.458098179,8.302739726027397,5.0
C-002290717,S-0008,-8.940039073810489,0,2,女性,49,2,12,0.3333333333333333,0,0,22,4498453.308937302,10.772602739726027,7.0
C-001046203,S-0075,-100.0,1,2,男性,55,8,12,0.3333333333333333,3452,1,19,4506647.2743158825,4.526027397260274,1.0
C-000756124,S-0111,-44.87167410812406,0,2,男性,67,9,12,0.6666666666666666,4996,1,19,4489501.980758176,6.397260273972603,4.0
C-000641307,S-0050,-26.83648698081208,0,2,男性,49,10,12,0.5,18963,1,20,4615411.181286601,9.2013698630137,6.0
C-002091035,S-0099,-82.35471633040179,1,2,男性,23,3,12,0.0833333333333333,0,0,13,4464126.154078853,8.147945205479452,5.0
C-000657651,S-0054,-100.0,1,2,女性,31,10,12,0.5,188855,1,23,4489160.181517739,6.358904109589041,4.0
C-002050717,S-0020,-40.69752350359753,0,2,男性,43,3,12,0.0833333333333333,0,0,16,4280702.057267675,6.986301369863014,3.5
C-000779731,S-0111,-100.0,1,2,女性,53,9,12,0.25,0,0,19,4489501.980758176,6.397260273972603,4.0
C-001179143,S-0100,-25.233293981703582,0,2,女性,42,7,12,0.5,16243,1,17,4535925.154217558,4.720547945205479,2.0
C-000374234,S-0082,-100.0,1,2,女性,51,11,12,0.5833333333333334,0,0,17,4607261.71451126,4.758904109589041,2.0
C-000535157,S-0002,-11.03074064631001,0,2,女性,41,10,12,0.5833333333333334,26292,2,15,4455566.655169959,5.663013698630137,2.0
C-000945064,S-0096,-16.26862766533261,0,2,男性,43,8,12,0.8333333333333334,8173,1,16,4644856.458098179,8.302739726027397,5.0
C-002287669,S-0020,-95.75741422756349,1,2,女性,38,2,12,0.25,29142,1,16,4280702.057267675,6.986301369863014,3.5
C-002206037,S-0096,-100.0,1,2,男性,46,3,12,0.4166666666666667,17388,2,16,4644856.458098179,8.302739726027397,5.0
C-001910989,S-0075,-27.736235283238546,0,2,男性,69,4,12,0.0,46028,2,19,4506647.2743158825,4.526027397260274,1.0
C-000340791,S-0018,-90.83076864622515,1,2,男性,22,11,12,0.6666666666666666,7750,2,16,4493108.581950108,7.550684931506849,5.0
C-002161888,S-0075,-20.595646613399516,0,2,女性,20,3,12,0.3333333333333333,0,0,19,4506647.2743158825,4.526027397260274,1.0
C-001792590,S-0117,-11.788488881836653,0,2,男性,76,5,12,0.4166666666666667,0,0,20,4500859.737076383,9.593150684931507,7.0
C-001469190,S-0048,-100.0,1,2,男性,63,6,12,0.0833333333333333,0,0,15,4502249.082895545,3.671232876712329,1.0
C-000479044,S-0017,-42.84940869947722,0,2,女性,52,10,12,0.6666666666666666,0,0,20,4640207.03550726,5.608219178082192,2.5
C-001261031,S-0007,-21.49416834528796,0,2,男性,37,7,12,0.0833333333333333,6147,1,21,4487075.727367008,3.7260273972602738,1.0
C-000772161,S-0102,-35.764481748413885,0,2,女性,34,9,12,0.4166666666666667,6971,1,16,4383474.364435211,10.484931506849314,7.5
C-000152115,S-0040,-100.0,1,2,女性,52,12,12,0.25,0,0,20,4550116.0180538,8.163013698630138,4.0
C-002167310,S-0059,-38.23030864724461,0,2,女性,55,3,12,0.5833333333333334,0,0,14,4713188.969095345,6.8123287671232875,3.0
C-001400444,S-0030,-93.5310654477793,1,2,男性,68,6,12,0.4166666666666667,5139,2,22,4426478.045479023,9.236986301369862,5.5
C-001149494,S-0036,-2.2382872236896985,0,2,女性,59,7,12,0.75,0,0,19,4397834.424680548,11.123287671232877,9.0
C-002519441,S-0036,-100.0,1,2,男性,51,1,12,0.5,11719,2,19,4397834.424680548,11.123287671232877,9.0
C-001398223,S-0041,-100.0,1,2,男性,45,6,12,0.9166666666666666,0,0,17,4828489.286769263,10.389041095890411,7.0
C-002275373,S-0089,-2.26488848011037,0,2,男性,44,2,12,0.75,94544,1,19,4721110.949352573,10.142465753424657,7.0
C-000728864,S-0040,-100.0,1,2,女性,47,9,12,0.3333333333333333,0,0,20,4550116.0180538,8.163013698630138,4.0
C-002410766,S-0005,-27.10696161994384,0,2,女性,60,2,12,0.3333333333333333,0,0,21,4733942.970761149,4.69041095890411,2.0
C-000901614,S-0039,-70.4036749317158,1,2,男性,66,8,12,0.4166666666666667,27212,1,16,4591288.568998441,8.193150684931506,5.0
C-002665409,S-0131,-28.080151360552936,0,2,男性,42,1,12,0.25,0,0,17,4569023.5643747775,5.13972602739726,2.0
C-001427738,S-0005,-15.545854792534067,0,2,女性,53,6,12,0.1666666666666666,21891,1,21,4733942.970761149,4.69041095890411,2.0
C-000530083,S-0007,-88.87192569464281,1,2,男性,38,10,12,0.0833333333333333,0,0,21,4487075.727367008,3.7260273972602738,1.0
C-002535142,S-0041,-57.8271153980303,1,2,男性,79,1,12,0.5,15709,1,17,4828489.286769263,10.389041095890411,7.0
C-000442746,S-0014,-1.3409554114596343,0,2,女性,39,11,12,0.6666666666666666,14993,2,21,4730192.353344672,7.336986301369863,4.0
C-000412998,S-0019,-17.554860136373744,0,2,女性,45,11,12,0.25,13138,2,19,4327199.920883598,4.090410958904109,1.0
C-000846755,S-0017,6.482955305939646,0,2,女性,36,9,12,0.6666666666666666,0,0,20,4640207.03550726,5.608219178082192,2.5
C-000668975,S-0002,-75.64344296554991,1,2,男性,42,10,12,0.6666666666666666,0,0,15,4455566.655169959,5.663013698630137,2.0
C-000766565,S-0008,-45.534673208991094,0,2,男性,58,9,12,0.1666666666666666,41361,1,22,4498453.308937302,10.772602739726027,7.0
C-000978372,S-0063,-74.81706542658682,1,2,女性,50,8,12,0.5,0,0,18,4564012.176421695,5.749315068493151,3.0
C-002181410,S-0131,-11.237056318934847,0,2,女性,42,3,12,0.6666666666666666,3041,1,17,4569023.5643747775,5.13972602739726,2.0
C-001081027,S-0063,-37.398814915676695,0,2,女性,39,8,12,0.5833333333333334,21515,2,18,4564012.176421695,5.749315068493151,3.0
C-001563664,S-0050,-100.0,1,2,女性,46,6,12,0.3333333333333333,0,0,20,4615411.181286601,9.2013698630137,6.0
C-001187454,S-0075,-65.12495727144973,1,2,男性,57,7,12,0.5,0,0,19,4506647.2743158825,4.526027397260274,1.0
C-001247652,S-0059,-100.0,1,2,男性,42,7,12,0.5833333333333334,0,0,14,4713188.969095345,6.8123287671232875,3.0
C-002598996,S-0019,-32.163070888203976,0,2,女性,19,1,12,0.6666666666666666,0,0,19,4327199.920883598,4.090410958904109,1.0
C-000575374,S-0085,-12.131405843125908,0,2,女性,53,10,12,0.0,0,0,15,4606655.398026554,4.928767123287671,2.0
C-000617108,S-0126,-16.774175475767862,0,2,男性,47,10,12,0.9166666666666666,2240,1,17,4493168.352495564,5.53972602739726,3.0
C-001299429,S-0082,-39.48766453850398,0,2,男性,44,7,12,0.5833333333333334,0,0,17,4607261.71451126,4.758904109589041,2.0
C-002545551,S-0030,-100.0,1,2,女性,19,1,12,0.1666666666666666,0,0,22,4426478.045479023,9.236986301369862,5.5
C-002385851,S-0020,-71.09740039079092,1,2,女性,60,2,12,0.0833333333333333,0,0,16,4280702.057267675,6.986301369863014,3.5
C-001024280,S-0085,-41.1043220920681,0,2,女性,60,8,12,1.0,0,0,15,4606655.398026554,4.928767123287671,2.0
C-000510810,S-0126,-45.424817221426814,0,2,男性,43,10,12,0.9166666666666666,0,0,17,4493168.352495564,5.53972602739726,3.0
C-001975103,S-0019,-19.99053759302027,0,2,女性,52,4,12,0.5,0,0,19,4327199.920883598,4.090410958904109,1.0
C-002013553,S-0019,-2.3392835288564084,0,2,男性,69,4,12,0.5,0,0,19,4327199.920883598,4.090410958904109,1.0
C-002095137,S-0059,-41.40434034051055,0,2,男性,42,3,12,0.75,0,0,14,4713188.969095345,6.8123287671232875,3.0
C-001912170,S-0075,-55.563544721929546,1,2,女性,25,4,12,0.1666666666666666,0,0,19,4506647.2743158825,4.526027397260274,1.0
C-001070562,S-0040,-69.2947812904611,1,2,女性,36,8,12,0.0833333333333333,42378,1,20,4550116.0180538,8.163013698630138,4.0
C-002264640,S-0019,-8.363145856548003,0,2,女性,61,2,12,0.9166666666666666,18878,1,19,4327199.920883598,4.090410958904109,1.0
C-000772629,S-0036,-35.43396808161241,0,2,男性,74,9,12,0.5,0,0,19,4397834.424680548,11.123287671232877,9.0
C-001884179,S-0039,-81.36185950254857,1,2,女性,50,4,12,0.0833333333333333,0,0,16,4591288.568998441,8.193150684931506,5.0
C-000709337,S-0062,-41.55197877764503,0,2,女性,51,9,12,0.75,41444,1,15,4713869.782113416,4.575342465753424,1.0
C-001659888,S-0100,-43.25723758140921,0,2,女性,65,5,12,0.4166666666666667,3599,2,17,4535925.154217558,4.720547945205479,2.0
C-000906310,S-0075,-18.335374611202653,0,2,女性,61,8,12,0.1666666666666666,3403,1,19,4506647.2743158825,4.526027397260274,1.0
C-001040230,S-0002,-100.0,1,2,女性,47,8,12,0.5833333333333334,56543,1,15,4455566.655169959,5.663013698630137,2.0
C-001718020,S-0062,-80.37572177430084,1,2,女性,65,5,12,0.6666666666666666,16523,2,15,4713869.782113416,4.575342465753424,1.0
C-001011083,S-0019,-15.0058379388184,0,2,女性,40,8,12,0.9166666666666666,11434,1,19,4327199.920883598,4.090410958904109,1.0
C-001162195,S-0040,-10.115367702216819,0,2,女性,63,7,12,0.1666666666666666,9730,2,20,4550116.0180538,8.163013698630138,4.0
C-002417186,S-0126,-21.420444087478874,0,2,男性,46,2,12,1.0,0,0,17,4493168.352495564,5.53972602739726,3.0
C-001254097,S-0063,-72.43774778119797,1,2,女性,35,7,12,0.6666666666666666,0,0,18,4564012.176421695,5.749315068493151,3.0
C-001222836,S-0056,-100.0,1,2,女性,42,7,12,0.25,0,0,15,4406070.585753419,7.528767123287671,4.0
C-001561428,S-0121,-26.12010262672365,0,2,女性,64,6,12,0.75,0,0,14,4716268.25678644,9.856164383561644,7.0
C-002547462,S-0017,-100.0,1,2,男性,52,1,12,0.25,0,0,20,4640207.03550726,5.608219178082192,2.5
C-001585889,S-0020,-26.323562694769585,0,2,女性,39,5,12,0.25,8818,1,16,4280702.057267675,6.986301369863014,3.5
C-001673924,S-0100,-60.759324905103995,1,2,女性,32,5,12,0.5833333333333334,0,0,17,4535925.154217558,4.720547945205479,2.0
C-001604894,S-0100,-36.85919423289344,0,2,女性,68,5,12,0.25,4666,2,17,4535925.154217558,4.720547945205479,2.0
C-002129258,S-0089,-56.03689908658895,1,2,女性,45,3,12,0.5833333333333334,51101,1,19,4721110.949352573,10.142465753424657,7.0
C-001999839,S-0017,-100.0,1,2,女性,48,4,12,0.5,3327,1,20,4640207.03550726,5.608219178082192,2.5
C-000763659,S-0111,-81.96832750069237,1,2,女性,57,9,12,0.1666666666666666,0,0,19,4489501.980758176,6.397260273972603,4.0
C-001623341,S-0097,-25.11874907803511,0,2,女性,59,5,12,0.75,36336,2,21,4592508.716501317,10.09041095890411,7.0
C-000030111,S-0002,-57.094978826376284,1,2,女性,46,12,12,0.25,69704,1,15,4455566.655169959,5.663013698630137,2.0
C-001317757,S-0020,-100.0,1,2,男性,68,7,12,0.1666666666666666,15996,1,16,4280702.057267675,6.986301369863014,3.5
C-000180022,S-0004,-98.95916303462596,1,2,女性,49,12,12,0.0,0,0,22,4423576.351309,11.806849315068494,9.0
C-002313738,S-0020,-12.441848170860649,0,2,男性,69,2,12,0.4166666666666667,0,0,16,4280702.057267675,6.986301369863014,3.5
C-000702743,S-0085,-10.873137179977073,0,2,男性,54,9,12,0.5833333333333334,0,0,15,4606655.398026554,4.928767123287671,2.0
C-002465120,S-0100,-100.0,1,2,男性,60,2,12,0.3333333333333333,0,0,17,4535925.154217558,4.720547945205479,2.0
C-002532227,S-0039,-77.29454109178164,1,2,女性,39,1,12,0.25,15493,1,16,4591288.568998441,8.193150684931506,5.0
C-001670355,S-0004,-66.65104466835975,1,2,女性,58,5,12,0.0833333333333333,0,0,22,4423576.351309,11.806849315068494,9.0
C-000211949,S-0005,-41.26988874267256,0,2,男性,37,12,12,0.75,0,0,21,4733942.970761149,4.69041095890411,2.0
C-001037441,S-0059,-29.278900302606758,0,2,男性,21,8,12,0.1666666666666666,121377,1,14,4713188.969095345,6.8123287671232875,3.0
C-000899826,S-0113,-4.297213989590634,0,2,男性,61,9,12,0.1666666666666666,20082,1,16,4336633.961311346,5.77945205479452,2.5
C-000627031,S-0131,-64.59559326673053,1,2,女性,55,10,12,0.0,0,0,17,4569023.5643747775,5.13972602739726,2.0
C-000524157,S-0059,-100.0,1,2,男性,45,10,12,0.4166666666666667,20966,1,14,4713188.969095345,6.8123287671232875,3.0
C-000673361,S-0111,-61.07401544162517,1,2,男性,70,10,12,0.1666666666666666,0,0,19,4489501.980758176,6.397260273972603,4.0
C-000521935,S-0040,-68.4944993473802,1,2,男性,58,10,12,0.0,0,0,20,4550116.0180538,8.163013698630138,4.0
C-001710267,S-0004,-100.0,1,2,男性,47,5,12,0.6666666666666666,0,0,22,4423576.351309,11.806849315068494,9.0
C-000372474,S-0002,-9.713318985855842,0,2,女性,25,11,12,0.75,0,0,15,4455566.655169959,5.663013698630137,2.0
C-002511586,S-0014,-41.85982651956904,0,2,女性,59,1,12,0.4166666666666667,0,0,21,4730192.353344672,7.336986301369863,4.0
C-002382327,S-0005,-29.290467591832613,0,2,女性,57,2,12,0.8333333333333334,19462,1,21,4733942.970761149,4.69041095890411,2.0
C-001641174,S-0096,-82.90381981295525,1,2,男性,42,5,12,0.1666666666666666,66429,1,16,4644856.458098179,8.302739726027397,5.0
C-000723881,S-0059,-100.0,1,2,女性,70,9,12,0.4166666666666667,53248,2,14,4713188.969095345,6.8123287671232875,3.0
C-000759675,S-0012,-60.03162507366542,1,2,男性,64,9,12,0.3333333333333333,32498,1,16,4444678.825084195,7.994520547945205,5.0
C-001277041,S-0050,-30.898519207909843,0,2,女性,58,7,12,0.5,0,0,20,4615411.181286601,9.2013698630137,6.0
C-000075949,S-0017,-67.15356399510924,1,2,男性,54,12,12,0.6666666666666666,0,0,20,4640207.03550726,5.608219178082192,2.5
C-000926123,S-0089,-100.0,1,2,男性,44,8,12,0.5,0,0,19,4721110.949352573,10.142465753424657,7.0
C-000767894,S-0121,-89.37387562825721,1,2,女性,47,9,12,0.0833333333333333,38951,2,14,4716268.25678644,9.856164383561644,7.0
C-001210425,S-0099,-52.25088477547075,1,2,男性,42,7,12,0.0833333333333333,24449,2,13,4464126.154078853,8.147945205479452,5.0
C-001152771,S-0002,-76.81518072979868,1,2,女性,58,7,12,0.6666666666666666,0,0,15,4455566.655169959,5.663013698630137,2.0
C-000776061,S-0082,-29.44051261543612,0,2,女性,57,9,12,1.0,29483,1,17,4607261.71451126,4.758904109589041,2.0
C-002334548,S-0063,-14.641257500211275,0,2,男性,32,2,12,0.8333333333333334,0,0,18,4564012.176421695,5.749315068493151,3.0
C-002060421,S-0100,-40.9868536563954,0,2,女性,59,3,12,0.0833333333333333,0,0,17,4535925.154217558,4.720547945205479,2.0
C-001500189,S-0048,-38.41020945862203,0,2,男性,58,6,12,0.4166666666666667,0,0,15,4502249.082895545,3.671232876712329,1.0
C-002220354,S-0085,-58.09024477186312,1,2,女性,58,3,12,0.8333333333333334,0,0,15,4606655.398026554,4.928767123287671,2.0
C-002131574,S-0036,-100.0,1,2,男性,53,3,12,0.25,48958,1,19,4397834.424680548,11.123287671232877,9.0
C-002187045,S-0020,-100.0,1,2,男性,54,3,12,0.5,5369,1,16,4280702.057267675,6.986301369863014,3.5
C-000812387,S-0019,-12.18401684155556,0,2,男性,40,9,12,0.5833333333333334,2034,1,19,4327199.920883598,4.090410958904109,1.0
C-001274545,S-0062,-20.913145313953862,0,2,女性,24,7,12,0.8333333333333334,12396,1,15,4713869.782113416,4.575342465753424,1.0
C-001826418,S-0075,-51.9641280668661,1,2,男性,40,4,12,0.4166666666666667,805,1,19,4506647.2743158825,4.526027397260274,1.0
C-000972660,S-0008,-10.64404849035913,0,2,男性,56,8,12,0.5833333333333334,5678,1,22,4498453.308937302,10.772602739726027,7.0
C-001906289,S-0002,-11.28031506085909,0,2,女性,35,4,12,0.1666666666666666,0,0,15,4455566.655169959,5.663013698630137,2.0
C-001493132,S-0082,-80.91744469935836,1,2,男性,34,6,12,0.6666666666666666,0,0,17,4607261.71451126,4.758904109589041,2.0
C-002014497,S-0062,-5.279273070082667,0,2,男性,39,4,12,0.5,0,0,15,4713869.782113416,4.575342465753424,1.0
C-000863522,S-0007,-18.999061713440334,0,2,男性,25,9,12,0.4166666666666667,0,0,21,4487075.727367008,3.7260273972602738,1.0
C-001181601,S-0089,-88.13414492631313,1,2,女性,36,7,12,0.1666666666666666,0,0,19,4721110.949352573,10.142465753424657,7.0
C-002039496,S-0039,-100.0,1,2,男性,63,3,12,0.1666666666666666,0,0,16,4591288.568998441,8.193150684931506,5.0
C-001449038,S-0002,-100.0,1,2,男性,30,6,12,0.6666666666666666,0,0,15,4455566.655169959,5.663013698630137,2.0
C-001110588,S-0008,-88.154463486687,1,2,女性,61,8,12,0.0833333333333333,0,0,22,4498453.308937302,10.772602739726027,7.0
C-000791816,S-0075,-31.58562031123075,0,2,女性,48,9,12,0.4166666666666667,0,0,19,4506647.2743158825,4.526027397260274,1.0
C-002596410,S-0082,-15.1366507325146,0,2,女性,40,1,12,0.6666666666666666,6390,2,17,4607261.71451126,4.758904109589041,2.0
C-002565460,S-0054,-58.342462155427,1,2,女性,55,1,12,0.0,39955,1,23,4489160.181517739,6.358904109589041,4.0
C-001483565,S-0111,-100.0,1,2,女性,42,6,12,0.25,1306,1,19,4489501.980758176,6.397260273972603,4.0
C-002476341,S-0075,-30.895889759168437,0,2,男性,44,1,12,0.4166666666666667,0,0,19,4506647.2743158825,4.526027397260274,1.0
C-001037351,S-0117,-98.6529155872721,1,2,男性,36,8,12,0.1666666666666666,0,0,20,4500859.737076383,9.593150684931507,7.0
C-001111666,S-0017,-94.04833076366383,1,2,女性,51,8,12,0.5833333333333334,0,0,20,4640207.03550726,5.608219178082192,2.5
C-000219970,S-0039,-17.609659579832392,0,2,女性,55,12,12,0.3333333333333333,0,0,16,4591288.568998441,8.193150684931506,5.0
C-000813867,S-0059,-71.49281698938164,1,2,女性,47,9,12,0.3333333333333333,2364,1,14,4713188.969095345,6.8123287671232875,3.0
C-001372962,S-0099,-38.21882707919251,0,2,女性,44,6,12,0.75,0,0,13,4464126.154078853,8.147945205479452,5.0
C-001428398,S-0054,-78.27628842264673,1,2,女性,55,6,12,0.3333333333333333,8352,1,23,4489160.181517739,6.358904109589041,4.0
C-001683174,S-0004,-55.60030203876164,1,2,男性,41,5,12,0.1666666666666666,0,0,22,4423576.351309,11.806849315068494,9.0
C-001166109,S-0111,-44.127453339291236,0,2,男性,84,7,12,0.3333333333333333,0,0,19,4489501.980758176,6.397260273972603,4.0
C-000459482,S-0079,-24.58685670494069,0,2,女性,49,10,12,0.8333333333333334,0,0,13,4256656.371085242,8.479452054794521,6.0
C-002168942,S-0075,-32.71192582497656,0,2,女性,60,3,12,0.4166666666666667,9267,1,19,4506647.2743158825,4.526027397260274,1.0
C-000542980,S-0106,-100.0,1,2,女性,70,10,12,0.1666666666666666,0,0,20,4462729.145118021,6.171232876712329,3.5
C-002652622,S-0005,-100.0,1,2,男性,56,1,12,0.5833333333333334,0,0,21,4733942.970761149,4.69041095890411,2.0
C-001413090,S-0019,-11.034816553808017,0,2,女性,81,6,12,0.75,0,0,19,4327199.920883598,4.090410958904109,1.0
C-001655414,S-0020,-100.0,1,2,女性,44,5,12,0.3333333333333333,20509,1,16,4280702.057267675,6.986301369863014,3.5
C-001488670,S-0004,-100.0,1,2,女性,69,6,12,0.6666666666666666,0,0,22,4423576.351309,11.806849315068494,9.0
C-002315373,S-0059,-64.6042650787472,1,2,女性,33,2,12,0.3333333333333333,6894,1,14,4713188.969095345,6.8123287671232875,3.0
C-001119409,S-0002,-100.0,1,2,女性,55,8,12,0.0833333333333333,4679,1,15,4455566.655169959,5.663013698630137,2.0
C-001816943,S-0121,-100.0,1,2,男性,34,4,12,0.25,0,0,14,4716268.25678644,9.856164383561644,7.0
C-001122744,S-0054,-7.837827172907474,0,2,男性,68,8,12,0.5,0,0,23,4489160.181517739,6.358904109589041,4.0
C-000509375,S-0007,-100.0,1,2,男性,49,10,12,0.1666666666666666,1669,2,21,4487075.727367008,3.7260273972602738,1.0
C-002134112,S-0063,-40.058198333467764,0,2,女性,69,3,12,0.25,16874,1,18,4564012.176421695,5.749315068493151,3.0
C-001084686,S-0075,-48.783630553551184,0,2,男性,38,8,12,0.5,1510,1,19,4506647.2743158825,4.526027397260274,1.0
C-002599060,S-0005,-32.327255588721826,0,2,女性,36,1,12,0.6666666666666666,99136,1,21,4733942.970761149,4.69041095890411,2.0
C-002052666,S-0002,-100.0,1,2,男性,51,3,12,0.25,0,0,15,4455566.655169959,5.663013698630137,2.0
C-002014470,S-0126,-77.49941704558704,1,2,男性,72,4,12,0.25,0,0,17,4493168.352495564,5.53972602739726,3.0
C-002488367,S-0056,-37.974577356274644,0,2,女性,47,1,12,0.25,4641,2,15,4406070.585753419,7.528767123287671,4.0
C-000156388,S-0100,-28.474014769825384,0,2,女性,44,12,12,0.1666666666666666,0,0,17,4535925.154217558,4.720547945205479,2.0
C-001310571,S-0050,-3.374068844637032,0,2,女性,49,7,12,0.5,0,0,20,4615411.181286601,9.2013698630137,6.0
C-002529246,S-0059,-36.20020641883175,0,2,男性,49,1,12,0.5833333333333334,0,0,14,4713188.969095345,6.8123287671232875,3.0
C-000490836,S-0056,-100.0,1,2,女性,47,10,12,0.3333333333333333,69466,1,15,4406070.585753419,7.528767123287671,4.0
C-000517827,S-0056,-100.0,1,2,男性,69,10,12,0.0,0,0,15,4406070.585753419,7.528767123287671,4.0
C-001288203,S-0113,-17.715672977612133,0,2,男性,44,7,12,0.25,31885,1,16,4336633.961311346,5.77945205479452,2.5
C-002433722,S-0019,-10.445814661512674,0,2,女性,52,2,12,0.5,0,0,19,4327199.920883598,4.090410958904109,1.0
C-000773053,S-0019,-9.347216415977956,0,2,男性,57,9,12,0.75,0,0,19,4327199.920883598,4.090410958904109,1.0
C-001334755,S-0007,-67.73823686615287,1,2,女性,42,7,12,0.5,6541,1,21,4487075.727367008,3.7260273972602738,1.0
C-000139469,S-0089,-16.09332913724002,0,2,男性,65,12,12,0.4166666666666667,0,0,19,4721110.949352573,10.142465753424657,7.0
C-000826077,S-0039,-20.630858898347665,0,2,男性,49,9,12,0.0833333333333333,0,0,16,4591288.568998441,8.193150684931506,5.0
C-001332458,S-0018,-92.99990955955504,1,2,女性,53,7,12,0.5833333333333334,0,0,16,4493108.581950108,7.550684931506849,5.0
C-001380788,S-0131,-44.11446231586546,0,2,男性,53,6,12,0.6666666666666666,0,0,17,4569023.5643747775,5.13972602739726,2.0
C-001991382,S-0048,-96.89090925077596,1,2,女性,58,4,12,0.1666666666666666,1142,1,15,4502249.082895545,3.671232876712329,1.0
C-002336837,S-0100,-44.880109176215825,0,2,女性,42,2,12,0.25,4672,2,17,4535925.154217558,4.720547945205479,2.0
C-000391762,S-0063,-25.97013869687948,0,2,男性,58,11,12,0.3333333333333333,0,0,18,4564012.176421695,5.749315068493151,3.0
C-002058836,S-0111,-28.68380347620792,0,2,男性,31,3,12,0.25,15020,1,19,4489501.980758176,6.397260273972603,4.0
C-001174844,S-0085,-53.94843789687579,1,2,女性,42,7,12,0.6666666666666666,2449,2,15,4606655.398026554,4.928767123287671,2.0
C-001188491,S-0099,-25.292861643292184,0,2,男性,57,7,12,0.25,2120,1,13,4464126.154078853,8.147945205479452,5.0
C-001613255,S-0019,-4.733941467122767,0,2,女性,54,5,12,0.9166666666666666,31009,1,19,4327199.920883598,4.090410958904109,1.0
C-001520198,S-0085,-31.22926420886174,0,2,女性,50,6,12,0.5,0,0,15,4606655.398026554,4.928767123287671,2.0
C-000596457,S-0131,-19.34162412032565,0,2,男性,49,10,12,0.75,3406,1,17,4569023.5643747775,5.13972602739726,2.0
C-000383836,S-0040,-31.02409241069268,0,2,女性,31,11,12,0.4166666666666667,0,0,20,4550116.0180538,8.163013698630138,4.0
C-000878297,S-0085,-21.205388325295193,0,2,男性,60,9,12,0.75,0,0,15,4606655.398026554,4.928767123287671,2.0
C-001333165,S-0121,-67.32335313247508,1,2,男性,41,7,12,0.75,0,0,14,4716268.25678644,9.856164383561644,7.0
C-000972452,S-0018,-28.460520951568103,0,2,男性,42,8,12,0.4166666666666667,20447,1,16,4493108.581950108,7.550684931506849,5.0
C-002283313,S-0002,-88.43664086415662,1,2,男性,36,2,12,0.0833333333333333,1685,1,15,4455566.655169959,5.663013698630137,2.0
C-000987091,S-0075,-26.573213159447416,0,2,女性,43,8,12,0.25,0,0,19,4506647.2743158825,4.526027397260274,1.0
C-001386882,S-0079,-100.0,1,2,女性,46,6,12,0.0833333333333333,6907,2,13,4256656.371085242,8.479452054794521,6.0
C-002405509,S-0080,-51.638187954684426,1,2,女性,27,2,12,0.1666666666666666,0,0,17,4457429.264950683,11.673972602739726,9.0
C-002238792,S-0089,-28.30473756794029,0,2,女性,31,3,12,0.3333333333333333,0,0,19,4721110.949352573,10.142465753424657,7.0
C-000829436,S-0004,-81.9376059407539,1,2,男性,59,9,12,0.5833333333333334,0,0,22,4423576.351309,11.806849315068494,9.0
C-001687994,S-0020,4.098409103993552,0,2,女性,58,5,12,0.3333333333333333,10228,1,16,4280702.057267675,6.986301369863014,3.5
C-002143224,S-0131,-70.39143783867024,1,2,女性,58,3,12,0.25,0,0,17,4569023.5643747775,5.13972602739726,2.0
C-002031334,S-0085,-28.119164396003633,0,2,女性,48,3,12,0.1666666666666666,8401,1,15,4606655.398026554,4.928767123287671,2.0
C-000422122,S-0020,-98.4574286688644,1,2,女性,57,11,12,0.0833333333333333,0,0,16,4280702.057267675,6.986301369863014,3.5
C-000158829,S-0019,-12.344375453084124,0,2,女性,44,12,12,0.1666666666666666,0,0,19,4327199.920883598,4.090410958904109,1.0
C-000132497,S-0050,-100.0,1,2,女性,60,12,12,0.4166666666666667,0,0,20,4615411.181286601,9.2013698630137,6.0
C-000443752,S-0100,-100.0,1,2,男性,45,11,12,0.5833333333333334,5615,1,17,4535925.154217558,4.720547945205479,2.0
C-000673217,S-0005,-28.344291528838433,0,2,女性,45,10,12,0.5,20499,1,21,4733942.970761149,4.69041095890411,2.0
C-001645938,S-0054,-32.514832836289436,0,2,男性,55,5,12,0.5,8029,1,23,4489160.181517739,6.358904109589041,4.0
C-000975516,S-0041,-100.0,1,2,女性,40,8,12,0.6666666666666666,10801,1,17,4828489.286769263,10.389041095890411,7.0
C-001736531,S-0005,-5.099693070754027,0,2,女性,36,5,12,0.6666666666666666,0,0,21,4733942.970761149,4.69041095890411,2.0
C-001411789,S-0131,-87.72224380097981,1,2,女性,52,6,12,0.3333333333333333,0,0,17,4569023.5643747775,5.13972602739726,2.0
C-001648319,S-0063,-25.302241535085834,0,2,男性,38,5,12,0.1666666666666666,29873,1,18,4564012.176421695,5.749315068493151,3.0
C-001675238,S-0131,-67.28411713574918,1,2,女性,67,5,12,0.6666666666666666,0,0,17,4569023.5643747775,5.13972602739726,2.0
C-000021255,S-0054,-100.0,1,2,女性,57,12,12,1.0,0,0,23,4489160.181517739,6.358904109589041,4.0
C-000077891,S-0131,-5.432526765084949,0,2,女性,40,12,12,0.3333333333333333,0,0,17,4569023.5643747775,5.13972602739726,2.0
C-000469973,S-0075,-15.372231925020333,0,2,女性,50,10,12,1.0,12725,1,19,4506647.2743158825,4.526027397260274,1.0
C-001805660,S-0005,-61.42571285642822,1,2,男性,57,4,12,0.75,0,0,21,4733942.970761149,4.69041095890411,2.0
C-002535675,S-0121,-100.0,1,2,女性,40,1,12,0.25,0,0,14,4716268.25678644,9.856164383561644,7.0
C-001831357,S-0106,-30.14498167300913,0,2,女性,64,4,12,0.1666666666666666,0,0,20,4462729.145118021,6.171232876712329,3.5
C-000431186,S-0039,-87.17130726466655,1,2,女性,45,11,12,0.25,0,0,16,4591288.568998441,8.193150684931506,5.0
C-002349395,S-0005,-100.0,1,2,男性,48,2,12,0.3333333333333333,0,0,21,4733942.970761149,4.69041095890411,2.0
C-002040040,S-0018,-100.0,1,2,女性,55,3,12,0.4166666666666667,8181,1,16,4493108.581950108,7.550684931506849,5.0
C-001945820,S-0059,-14.223963405959664,0,2,女性,44,4,12,1.0,0,0,14,4713188.969095345,6.8123287671232875,3.0
C-001058210,S-0019,-9.535708835647796,0,2,女性,49,8,12,0.6666666666666666,0,0,19,4327199.920883598,4.090410958904109,1.0
C-001773934,S-0131,-98.5588597016808,1,2,女性,46,5,12,0.6666666666666666,0,0,17,4569023.5643747775,5.13972602739726,2.0
C-002052754,S-0002,-47.98030719066415,0,2,女性,52,3,12,0.0833333333333333,3669,1,15,4455566.655169959,5.663013698630137,2.0
C-002474544,S-0126,-61.38795946940034,1,2,男性,48,1,12,0.6666666666666666,0,0,17,4493168.352495564,5.53972602739726,3.0
C-000691998,S-0131,-54.05345393775784,1,2,女性,57,9,12,0.5,0,0,17,4569023.5643747775,5.13972602739726,2.0
C-002021875,S-0004,-76.1393091942992,1,2,女性,51,4,12,0.0,90246,2,22,4423576.351309,11.806849315068494,9.0
C-000928797,S-0005,-27.875962331192884,0,2,女性,70,8,12,0.4166666666666667,0,0,21,4733942.970761149,4.69041095890411,2.0
C-000341819,S-0005,-36.489442018664235,0,2,男性,21,11,12,0.4166666666666667,5526,1,21,4733942.970761149,4.69041095890411,2.0
C-002104173,S-0085,-7.718109492988134,0,2,女性,57,3,12,0.75,0,0,15,4606655.398026554,4.928767123287671,2.0
C-001969659,S-0036,-37.98798864285621,0,2,女性,47,4,12,0.0,0,0,19,4397834.424680548,11.123287671232877,9.0
C-000508692,S-0019,-13.726029010540367,0,2,男性,21,10,12,0.4166666666666667,5576,1,19,4327199.920883598,4.090410958904109,1.0
C-001981412,S-0019,-11.734777360307987,0,2,女性,43,4,12,0.8333333333333334,36043,1,19,4327199.920883598,4.090410958904109,1.0
C-000123066,S-0106,-21.03277408844592,0,2,女性,56,12,12,0.3333333333333333,0,0,20,4462729.145118021,6.171232876712329,3.5
C-002497257,S-0041,-83.14267932433972,1,2,男性,46,1,12,0.0833333333333333,7335,1,17,4828489.286769263,10.389041095890411,7.0
C-000304553,S-0100,-100.0,1,2,男性,41,11,12,0.5833333333333334,0,0,17,4535925.154217558,4.720547945205479,2.0
C-002454467,S-0099,-10.93059081961601,0,2,女性,36,2,12,1.0,0,0,13,4464126.154078853,8.147945205479452,5.0
C-002225742,S-0050,-14.095208206259983,0,2,男性,58,3,12,0.75,0,0,20,4615411.181286601,9.2013698630137,6.0
C-000020340,S-0050,-44.22716644295939,0,2,女性,48,12,12,0.0833333333333333,130596,1,20,4615411.181286601,9.2013698630137,6.0
C-000896213,S-0005,-26.370980486943264,0,2,男性,39,9,12,0.4166666666666667,0,0,21,4733942.970761149,4.69041095890411,2.0
C-001341166,S-0085,-5.852281589791842,0,2,女性,60,7,12,1.0,3218,1,15,4606655.398026554,4.928767123287671,2.0
C-002000943,S-0020,-18.21226262290202,0,2,男性,43,4,12,0.25,26435,1,16,4280702.057267675,6.986301369863014,3.5
C-002409579,S-0075,-79.90082318942115,1,2,女性,47,2,12,0.5833333333333334,22709,1,19,4506647.2743158825,4.526027397260274,1.0
C-001395763,S-0008,-1.4050616035456587,0,2,女性,45,6,12,0.5,9050,1,22,4498453.308937302,10.772602739726027,7.0
C-002247704,S-0036,-100.0,1,2,男性,60,3,12,0.0,0,0,19,4397834.424680548,11.123287671232877,9.0
C-001322662,S-0050,-16.247092271904883,0,2,男性,32,7,12,0.8333333333333334,0,0,20,4615411.181286601,9.2013698630137,6.0
C-000778257,S-0096,-41.5269870472118,0,2,男性,70,9,12,0.25,8189,1,16,4644856.458098179,8.302739726027397,5.0
C-000945382,S-0121,-100.0,1,2,女性,36,8,12,0.0,0,0,14,4716268.25678644,9.856164383561644,7.0
C-002539787,S-0085,-0.010257918258068708,0,2,女性,57,1,12,0.3333333333333333,0,0,15,4606655.398026554,4.928767123287671,2.0
C-002171434,S-0085,-36.741985381092476,0,2,女性,54,3,12,0.1666666666666666,0,0,15,4606655.398026554,4.928767123287671,2.0
C-000778320,S-0059,-16.5762658102375,0,2,男性,40,9,12,0.4166666666666667,0,0,14,4713188.969095345,6.8123287671232875,3.0
C-000103837,S-0097,-100.0,1,2,女性,56,12,12,0.4166666666666667,0,0,21,4592508.716501317,10.09041095890411,7.0
C-001166589,S-0050,-17.59848786311182,0,2,女性,65,7,12,0.5833333333333334,0,0,20,4615411.181286601,9.2013698630137,6.0
C-000273809,S-0089,-23.371232399452758,0,2,男性,39,11,12,0.25,0,0,19,4721110.949352573,10.142465753424657,7.0
C-001268821,S-0019,-11.173674789276236,0,2,女性,28,7,12,0.9166666666666666,3747,1,19,4327199.920883598,4.090410958904109,1.0
C-002438226,S-0106,-100.0,1,2,女性,59,2,12,0.0833333333333333,12344,1,20,4462729.145118021,6.171232876712329,3.5
C-002138454,S-0059,-10.149450891007044,0,2,女性,37,3,12,0.5,0,0,14,4713188.969095345,6.8123287671232875,3.0
C-001008320,S-0131,-14.742699502931512,0,2,男性,24,8,12,0.6666666666666666,0,0,17,4569023.5643747775,5.13972602739726,2.0
C-002457012,S-0039,-54.453846484257554,1,2,男性,45,2,12,0.6666666666666666,17263,2,16,4591288.568998441,8.193150684931506,5.0
C-000474293,S-0075,-40.60779563972694,0,2,女性,41,10,12,0.3333333333333333,0,0,19,4506647.2743158825,4.526027397260274,1.0
C-002618230,S-0005,-42.535947972395135,0,2,女性,65,1,12,0.6666666666666666,0,0,21,4733942.970761149,4.69041095890411,2.0
C-000831200,S-0007,-27.358437438405154,0,2,男性,35,9,12,0.0,18811,1,21,4487075.727367008,3.7260273972602738,1.0
C-000870225,S-0075,-36.94481830417227,0,2,男性,54,9,12,0.3333333333333333,13308,2,19,4506647.2743158825,4.526027397260274,1.0
C-000847888,S-0004,-2.3178911011914662,0,2,男性,59,9,12,0.4166666666666667,0,0,22,4423576.351309,11.806849315068494,9.0
C-001833233,S-0059,-68.42921466080577,1,2,男性,51,4,12,0.3333333333333333,0,0,14,4713188.969095345,6.8123287671232875,3.0
C-000682562,S-0100,-51.23540227600258,1,2,女性,44,9,12,0.25,6706,1,17,4535925.154217558,4.720547945205479,2.0
C-002263864,S-0079,-3.1167560635547913,0,2,女性,44,2,12,0.4166666666666667,0,0,13,4256656.371085242,8.479452054794521,6.0
C-000652726,S-0012,-92.09087646376376,1,2,男性,41,10,12,0.0833333333333333,40321,1,16,4444678.825084195,7.994520547945205,5.0
C-002562252,S-0106,-69.63339072901556,1,2,女性,70,1,12,0.0833333333333333,10447,1,20,4462729.145118021,6.171232876712329,3.5
C-000809415,S-0082,-27.469042835249297,0,2,女性,37,9,12,0.1666666666666666,0,0,17,4607261.71451126,4.758904109589041,2.0
C-002366839,S-0056,-40.32660858221125,0,2,男性,51,2,12,0.5833333333333334,1327,2,15,4406070.585753419,7.528767123287671,4.0
C-001057115,S-0085,-19.52556428880795,0,2,男性,41,8,12,0.8333333333333334,1286,1,15,4606655.398026554,4.928767123287671,2.0
C-001328473,S-0085,-12.918588952481924,0,2,女性,33,7,12,0.4166666666666667,0,0,15,4606655.398026554,4.928767123287671,2.0
C-000026028,S-0039,-71.93920278001707,1,2,女性,49,12,12,0.0833333333333333,12907,1,16,4591288.568998441,8.193150684931506,5.0
C-000778581,S-0048,-100.0,1,2,男性,54,9,12,0.4166666666666667,0,0,15,4502249.082895545,3.671232876712329,1.0
C-000502928,S-0075,-100.0,1,2,男性,43,10,12,0.1666666666666666,0,0,19,4506647.2743158825,4.526027397260274,1.0
C-001317727,S-0040,-76.37114056671165,1,2,女性,63,7,12,0.5,0,0,20,4550116.0180538,8.163013698630138,4.0
C-000565858,S-0007,-77.42362550895511,1,2,男性,51,10,12,0.3333333333333333,9881,2,21,4487075.727367008,3.7260273972602738,1.0
C-002615889,S-0115,-13.666590858958333,0,2,女性,48,1,12,0.3333333333333333,842,1,14,4553643.099564746,10.51095890410959,7.0
C-002632437,S-0097,-10.730438757328832,0,2,男性,39,1,12,0.0,3853,2,21,4592508.716501317,10.09041095890411,7.0
C-002288894,S-0039,-23.465566413541737,0,2,男性,19,2,12,0.5,1679,2,16,4591288.568998441,8.193150684931506,5.0
C-001210064,S-0002,-42.20313404448855,0,2,女性,38,7,12,0.5833333333333334,0,0,15,4455566.655169959,5.663013698630137,2.0
C-002081476,S-0074,-100.0,1,2,女性,57,3,12,0.3333333333333333,39704,1,14,4614054.39694187,8.308219178082192,6.0
C-001865782,S-0111,-93.00671586636818,1,2,女性,56,4,12,0.25,31212,2,19,4489501.980758176,6.397260273972603,4.0
C-001011013,S-0002,-13.923817030753446,0,2,女性,45,8,12,0.3333333333333333,0,0,15,4455566.655169959,5.663013698630137,2.0
C-001478728,S-0050,-100.0,1,2,女性,55,6,12,0.1666666666666666,0,0,20,4615411.181286601,9.2013698630137,6.0
C-000694597,S-0056,-10.816481470892816,0,2,男性,48,9,12,1.0,15059,1,15,4406070.585753419,7.528767123287671,4.0
C-001472536,S-0096,-33.961917964608986,0,2,男性,23,6,12,0.5,0,0,16,4644856.458098179,8.302739726027397,5.0
C-000723901,S-0121,-100.0,1,2,女性,64,9,12,0.6666666666666666,0,0,14,4716268.25678644,9.856164383561644,7.0
C-000932686,S-0082,-64.82107137046218,1,2,女性,50,8,12,1.0,0,0,17,4607261.71451126,4.758904109589041,2.0
C-002663897,S-0102,-7.756553391922749,0,2,女性,36,1,12,0.3333333333333333,0,0,16,4383474.364435211,10.484931506849314,7.5
C-000618036,S-0131,-54.48439688324551,1,2,女性,44,10,12,0.5,5798,1,17,4569023.5643747775,5.13972602739726,2.0
C-002461642,S-0017,-95.68171615079413,1,2,男性,40,2,12,0.6666666666666666,0,0,20,4640207.03550726,5.608219178082192,2.5
C-000817841,S-0017,-81.6485646040831,1,2,女性,66,9,12,0.4166666666666667,0,0,20,4640207.03550726,5.608219178082192,2.5
C-002064567,S-0075,-13.799766314378994,0,2,女性,77,3,12,0.6666666666666666,8777,1,19,4506647.2743158825,4.526027397260274,1.0
C-000832253,S-0018,-54.897583577654416,1,2,女性,44,9,12,0.5,64487,1,16,4493108.581950108,7.550684931506849,5.0
C-000091866,S-0054,-97.56975941295136,1,2,女性,43,12,12,0.8333333333333334,0,0,23,4489160.181517739,6.358904109589041,4.0
C-002317416,S-0100,-100.0,1,2,男性,58,2,12,0.5833333333333334,0,0,17,4535925.154217558,4.720547945205479,2.0
C-002077696,S-0075,-42.43666493145931,0,2,男性,50,3,12,0.6666666666666666,0,0,19,4506647.2743158825,4.526027397260274,1.0
C-002114500,S-0096,-100.0,1,2,女性,71,3,12,0.25,0,0,16,4644856.458098179,8.302739726027397,5.0
C-001853154,S-0056,-100.0,1,2,女性,58,4,12,0.5,0,0,15,4406070.585753419,7.528767123287671,4.0
C-002053276,S-0054,-100.0,1,2,女性,51,3,12,0.4166666666666667,15064,1,23,4489160.181517739,6.358904109589041,4.0
C-000069681,S-0059,-15.245674662220562,0,2,男性,32,12,12,0.5,20952,1,14,4713188.969095345,6.8123287671232875,3.0
C-000361020,S-0100,-93.2679558373702,1,2,女性,68,11,12,0.5,9614,1,17,4535925.154217558,4.720547945205479,2.0
C-001877652,S-0002,-5.48778653259209,0,2,男性,57,4,12,0.5833333333333334,0,0,15,4455566.655169959,5.663013698630137,2.0
C-001228434,S-0062,-100.0,1,2,女性,49,7,12,0.1666666666666666,15446,2,15,4713869.782113416,4.575342465753424,1.0
C-000506106,S-0097,-41.0804912563865,0,2,男性,40,10,12,0.25,12175,2,21,4592508.716501317,10.09041095890411,7.0
C-000151268,S-0005,-13.995874053742199,0,2,男性,47,12,12,0.5,0,0,21,4733942.970761149,4.69041095890411,2.0
C-000242253,S-0126,-89.03445291633716,1,2,女性,57,11,12,0.5,0,0,17,4493168.352495564,5.53972602739726,3.0
C-000081942,S-0062,-46.54840761947532,0,2,男性,46,12,12,0.75,67868,2,15,4713869.782113416,4.575342465753424,1.0
C-000795825,S-0007,-100.0,1,2,女性,47,9,12,0.8333333333333334,0,0,21,4487075.727367008,3.7260273972602738,1.0
C-002563969,S-0036,-9.184890993491008,0,2,男性,54,1,12,0.5,0,0,19,4397834.424680548,11.123287671232877,9.0
C-000463143,S-0113,-77.71594238945413,1,2,女性,61,10,12,0.1666666666666666,0,0,16,4336633.961311346,5.77945205479452,2.5
C-000606180,S-0079,-100.0,1,2,女性,74,10,12,0.1666666666666666,0,0,13,4256656.371085242,8.479452054794521,6.0
C-002287841,S-0074,-10.86613282853242,0,2,男性,31,2,12,0.3333333333333333,0,0,14,4614054.39694187,8.308219178082192,6.0
C-000505085,S-0075,-89.44418993639667,1,2,女性,45,10,12,0.5833333333333334,14369,2,19,4506647.2743158825,4.526027397260274,1.0
C-000973101,S-0074,-71.85279813532351,1,2,男性,51,8,12,0.1666666666666666,0,0,14,4614054.39694187,8.308219178082192,6.0
C-001668700,S-0002,-8.373439959008893,0,2,女性,45,5,12,0.8333333333333334,18371,1,15,4455566.655169959,5.663013698630137,2.0
C-001317560,S-0075,-51.929905731305304,1,2,男性,48,7,12,0.4166666666666667,0,0,19,4506647.2743158825,4.526027397260274,1.0
C-002669175,S-0099,-52.08621855247871,1,2,男性,42,1,12,0.5833333333333334,12287,1,13,4464126.154078853,8.147945205479452,5.0
C-000470027,S-0062,-41.970065124487206,0,2,男性,57,10,12,0.0833333333333333,0,0,15,4713869.782113416,4.575342465753424,1.0
C-000285093,S-0131,-29.69773143406883,0,2,女性,51,11,12,0.0833333333333333,27076,1,17,4569023.5643747775,5.13972602739726,2.0
C-001979548,S-0050,-38.152456580291634,0,2,男性,25,4,12,0.5,11554,2,20,4615411.181286601,9.2013698630137,6.0
C-001567113,S-0054,-100.0,1,2,女性,55,6,12,0.25,0,0,23,4489160.181517739,6.358904109589041,4.0
C-001080728,S-0072,-95.03561617193009,1,2,女性,32,8,12,0.25,0,0,12,4406797.312641796,9.01917808219178,6.0
C-000633496,S-0005,-17.72057480362906,0,2,男性,45,10,12,0.25,5758,1,21,4733942.970761149,4.69041095890411,2.0
C-000865923,S-0050,-35.354145163489065,0,2,男性,60,9,12,0.75,1496,1,20,4615411.181286601,9.2013698630137,6.0
C-001121159,S-0020,-46.70758485674224,0,2,女性,45,8,12,0.5833333333333334,0,0,16,4280702.057267675,6.986301369863014,3.5
C-002516918,S-0002,-100.0,1,2,女性,54,1,12,0.5,0,0,15,4455566.655169959,5.663013698630137,2.0
C-002686850,S-0085,-22.289199347564004,0,2,女性,38,1,12,0.8333333333333334,0,0,15,4606655.398026554,4.928767123287671,2.0
C-001293587,S-0004,-1.5474152148895577,0,2,男性,55,7,12,0.75,0,0,22,4423576.351309,11.806849315068494,9.0
C-001881476,S-0082,-59.81783956548168,1,2,女性,22,4,12,0.75,3041,2,17,4607261.71451126,4.758904109589041,2.0
C-000845068,S-0111,-53.69445095811012,1,2,男性,60,9,12,0.4166666666666667,0,0,19,4489501.980758176,6.397260273972603,4.0
C-000574799,S-0005,-9.97307330456827,0,2,女性,35,10,12,0.75,0,0,21,4733942.970761149,4.69041095890411,2.0
C-000880410,S-0056,-54.47454862503548,1,2,女性,52,9,12,0.25,11080,1,15,4406070.585753419,7.528767123287671,4.0
C-001103738,S-0096,-100.0,1,2,男性,23,8,12,0.25,0,0,16,4644856.458098179,8.302739726027397,5.0
C-001945119,S-0002,-11.268236643245121,0,2,女性,56,4,12,0.0833333333333333,0,0,15,4455566.655169959,5.663013698630137,2.0
C-000206162,S-0106,-14.35234190582681,0,2,男性,69,12,12,0.5833333333333334,0,0,20,4462729.145118021,6.171232876712329,3.5
C-001233681,S-0030,-56.01124064438942,1,2,女性,48,7,12,0.5,4555,1,22,4426478.045479023,9.236986301369862,5.5
C-001104716,S-0002,-100.0,1,2,女性,54,8,12,0.5833333333333334,0,0,15,4455566.655169959,5.663013698630137,2.0
C-001985302,S-0005,-2.5446894490319028,0,2,男性,47,4,12,0.6666666666666666,0,0,21,4733942.970761149,4.69041095890411,2.0
C-002627366,S-0131,-46.354265260114616,0,2,女性,41,1,12,0.5,0,0,17,4569023.5643747775,5.13972602739726,2.0
C-000717935,S-0059,-53.035670913004516,1,2,女性,61,9,12,0.4166666666666667,0,0,14,4713188.969095345,6.8123287671232875,3.0
C-001964021,S-0017,-25.1950294657521,0,2,女性,42,4,12,0.1666666666666666,90240,1,20,4640207.03550726,5.608219178082192,2.5
C-002271809,S-0111,-39.1552484714666,0,2,女性,56,2,12,0.0,0,0,19,4489501.980758176,6.397260273972603,4.0
C-000684616,S-0019,-10.538633704086617,0,2,女性,38,9,12,0.4166666666666667,3491,1,19,4327199.920883598,4.090410958904109,1.0
C-000537917,S-0075,-43.50264494099747,0,2,女性,34,10,12,0.1666666666666666,149022,1,19,4506647.2743158825,4.526027397260274,1.0
C-002582641,S-0096,-6.376224341657938,0,2,女性,59,1,12,0.9166666666666666,0,0,16,4644856.458098179,8.302739726027397,5.0
C-001536188,S-0008,-21.28304453808507,0,2,女性,35,6,12,0.1666666666666666,169863,1,22,4498453.308937302,10.772602739726027,7.0
C-000735374,S-0040,-10.70035582318325,0,2,女性,36,9,12,0.25,0,0,20,4550116.0180538,8.163013698630138,4.0
C-002341650,S-0079,-21.35391624048684,0,2,女性,42,2,12,0.0,1551,2,13,4256656.371085242,8.479452054794521,6.0
C-002106725,S-0085,-100.0,1,2,女性,45,3,12,0.5,0,0,15,4606655.398026554,4.928767123287671,2.0
C-000208051,S-0096,-71.39786342357158,1,2,男性,69,12,12,0.25,31119,2,16,4644856.458098179,8.302739726027397,5.0
C-001564828,S-0062,-5.126916815724421,0,2,女性,42,6,12,0.75,0,0,15,4713869.782113416,4.575342465753424,1.0
C-000121688,S-0019,-4.223055600847872,0,2,女性,57,12,12,0.5,0,0,19,4327199.920883598,4.090410958904109,1.0
C-001639620,S-0082,-22.94478314487694,0,2,女性,41,5,12,0.75,0,0,17,4607261.71451126,4.758904109589041,2.0
C-000453173,S-0117,-13.432799146874247,0,2,女性,40,10,12,0.0,0,0,20,4500859.737076383,9.593150684931507,7.0
C-001871301,S-0059,-76.99807815502882,1,2,女性,19,4,12,0.5833333333333334,26585,1,14,4713188.969095345,6.8123287671232875,3.0
C-002402809,S-0005,-15.398157698189706,0,2,女性,34,2,12,0.8333333333333334,3754,1,21,4733942.970761149,4.69041095890411,2.0
C-001979482,S-0131,-54.23458901423035,1,2,男性,45,4,12,0.5833333333333334,0,0,17,4569023.5643747775,5.13972602739726,2.0
C-000960989,S-0056,-20.667197723750213,0,2,男性,34,8,12,0.1666666666666666,16375,1,15,4406070.585753419,7.528767123287671,4.0
C-000943390,S-0075,-7.4094117032353894,0,2,男性,40,8,12,0.1666666666666666,20661,1,19,4506647.2743158825,4.526027397260274,1.0
C-000118642,S-0019,-3.934914917401565,0,2,女性,35,12,12,0.5,17401,1,19,4327199.920883598,4.090410958904109,1.0
C-002220930,S-0082,-42.13056627385546,0,2,女性,59,3,12,0.25,12945,1,17,4607261.71451126,4.758904109589041,2.0
C-000386585,S-0019,-28.684115523465703,0,2,女性,42,11,12,0.9166666666666666,1328,1,19,4327199.920883598,4.090410958904109,1.0
C-002176355,S-0075,-94.02115855129398,1,2,男性,41,3,12,0.3333333333333333,0,0,19,4506647.2743158825,4.526027397260274,1.0
C-001194462,S-0106,-100.0,1,2,男性,53,7,12,0.3333333333333333,14896,1,20,4462729.145118021,6.171232876712329,3.5
C-002641919,S-0019,-6.95439946288265,0,2,女性,36,1,12,0.4166666666666667,24145,1,19,4327199.920883598,4.090410958904109,1.0
C-000637680,S-0059,-48.366383826924135,0,2,男性,45,10,12,0.1666666666666666,26140,1,14,4713188.969095345,6.8123287671232875,3.0
C-000964215,S-0030,-88.52814310483359,1,2,女性,61,8,12,0.3333333333333333,39880,2,22,4426478.045479023,9.236986301369862,5.5
C-001628544,S-0075,-79.03770555340236,1,2,女性,43,5,12,0.1666666666666666,0,0,19,4506647.2743158825,4.526027397260274,1.0
C-001809019,S-0012,-90.78431021198058,1,2,女性,87,4,12,0.6666666666666666,0,0,16,4444678.825084195,7.994520547945205,5.0
C-000997017,S-0008,-100.0,1,2,男性,41,8,12,0.1666666666666666,0,0,22,4498453.308937302,10.772602739726027,7.0
C-000519325,S-0089,-98.12466588260452,1,2,男性,63,10,12,0.75,9880,1,19,4721110.949352573,10.142465753424657,7.0
C-002511219,S-0050,-89.22623290778303,1,2,女性,54,1,12,0.0833333333333333,2990,1,20,4615411.181286601,9.2013698630137,6.0
C-000335249,S-0085,-3.754451102287817,0,2,女性,34,11,12,0.5,15879,1,15,4606655.398026554,4.928767123287671,2.0
C-000144852,S-0030,-25.459127650479036,0,2,女性,46,12,12,0.4166666666666667,0,0,22,4426478.045479023,9.236986301369862,5.5
C-002514649,S-0020,-32.11754537597234,0,2,男性,31,1,12,0.0833333333333333,27611,1,16,4280702.057267675,6.986301369863014,3.5
C-001484832,S-0131,-73.49931673499317,1,2,女性,44,6,12,0.5833333333333334,11413,2,17,4569023.5643747775,5.13972602739726,2.0
C-002472886,S-0126,-74.91192973896072,1,2,男性,57,1,12,0.0,31513,2,17,4493168.352495564,5.53972602739726,3.0
C-001892721,S-0008,-31.498443811232825,0,2,男性,51,4,12,0.0833333333333333,0,0,22,4498453.308937302,10.772602739726027,7.0
C-001446022,S-0121,-100.0,1,2,男性,31,6,12,0.25,5305,1,14,4716268.25678644,9.856164383561644,7.0
C-001907575,S-0005,-53.204059802482654,1,2,女性,46,4,12,0.5833333333333334,0,0,21,4733942.970761149,4.69041095890411,2.0
C-001780377,S-0039,-8.958425502738203,0,2,女性,34,5,12,0.6666666666666666,0,0,16,4591288.568998441,8.193150684931506,5.0
C-002320779,S-0100,-73.41845618107952,1,2,女性,60,2,12,0.3333333333333333,0,0,17,4535925.154217558,4.720547945205479,2.0
C-001214005,S-0019,-10.34177803187308,0,2,女性,54,7,12,0.8333333333333334,0,0,19,4327199.920883598,4.090410958904109,1.0
C-001171882,S-0008,-36.55291079180847,0,2,女性,43,7,12,0.1666666666666666,4368,1,22,4498453.308937302,10.772602739726027,7.0
C-002686038,S-0089,-58.64427098233138,1,2,女性,58,1,12,0.0,0,0,19,4721110.949352573,10.142465753424657,7.0
C-001817370,S-0017,-14.827675539352777,0,2,男性,51,4,12,0.5833333333333334,5744,2,20,4640207.03550726,5.608219178082192,2.5
C-001490406,S-0062,-58.67709356828762,1,2,男性,42,6,12,0.4166666666666667,0,0,15,4713869.782113416,4.575342465753424,1.0
C-001048725,S-0096,-100.0,1,2,男性,55,8,12,0.8333333333333334,0,0,16,4644856.458098179,8.302739726027397,5.0
C-000789649,S-0085,-51.190390042694844,1,2,女性,28,9,12,0.5,0,0,15,4606655.398026554,4.928767123287671,2.0
C-000850809,S-0050,-82.31017863510358,1,2,男性,34,9,12,0.0,4489,2,20,4615411.181286601,9.2013698630137,6.0
C-000042279,S-0099,-100.0,1,2,男性,49,12,12,0.8333333333333334,58032,1,13,4464126.154078853,8.147945205479452,5.0
C-000388711,S-0054,-72.73399334658689,1,2,女性,52,11,12,0.0833333333333333,0,0,23,4489160.181517739,6.358904109589041,4.0
C-002363088,S-0005,-6.7288474350433045,0,2,女性,69,2,12,0.5,0,0,21,4733942.970761149,4.69041095890411,2.0
C-001257570,S-0054,-23.095074562087316,0,2,男性,42,7,12,1.0,6064,1,23,4489160.181517739,6.358904109589041,4.0
C-000493689,S-0017,-100.0,1,2,女性,58,10,12,0.3333333333333333,2878,1,20,4640207.03550726,5.608219178082192,2.5
C-001532304,S-0131,-70.26876313195184,1,2,男性,56,6,12,0.25,26114,2,17,4569023.5643747775,5.13972602739726,2.0
C-000848571,S-0041,-100.0,1,2,女性,37,9,12,0.25,0,0,17,4828489.286769263,10.389041095890411,7.0
C-000950466,S-0017,-6.918737834274652,0,2,女性,60,8,12,0.5833333333333334,0,0,20,4640207.03550726,5.608219178082192,2.5
C-001318481,S-0082,-52.928590708299595,1,2,男性,46,7,12,0.5833333333333334,0,0,17,4607261.71451126,4.758904109589041,2.0
C-000273069,S-0002,-55.026532790816404,1,2,男性,31,11,12,0.75,2602,1,15,4455566.655169959,5.663013698630137,2.0
C-000640825,S-0106,0.2683338338211582,0,2,女性,62,10,12,0.5833333333333334,0,0,20,4462729.145118021,6.171232876712329,3.5
C-001470544,S-0085,-48.68404021227942,0,2,男性,53,6,12,0.5,0,0,15,4606655.398026554,4.928767123287671,2.0
C-000647358,S-0096,-61.00049776007964,1,2,女性,58,10,12,0.1666666666666666,30556,1,16,4644856.458098179,8.302739726027397,5.0
C-001858319,S-0102,-82.59454479098736,1,2,男性,76,4,12,0.5,52703,1,16,4383474.364435211,10.484931506849314,7.5
C-001612568,S-0030,-57.820707454076214,1,2,女性,30,5,12,0.3333333333333333,0,0,22,4426478.045479023,9.236986301369862,5.5
C-002581067,S-0020,-36.68500521507133,0,2,女性,44,1,12,0.5833333333333334,7632,2,16,4280702.057267675,6.986301369863014,3.5
C-002344042,S-0117,-21.88833851846278,0,2,男性,52,2,12,0.3333333333333333,0,0,20,4500859.737076383,9.593150684931507,7.0
C-000282905,S-0063,-62.70476990964489,1,2,女性,42,11,12,0.3333333333333333,10059,1,18,4564012.176421695,5.749315068493151,3.0
C-000821189,S-0019,-17.461478897753025,0,2,男性,54,9,12,0.75,16561,2,19,4327199.920883598,4.090410958904109,1.0
C-001927994,S-0126,-49.01710508855848,1,2,女性,58,4,12,0.75,801,1,17,4493168.352495564,5.53972602739726,3.0
C-000096492,S-0121,-7.7592942700219725,0,2,女性,39,12,12,0.4166666666666667,28634,1,14,4716268.25678644,9.856164383561644,7.0
C-000510813,S-0008,-27.016510584850657,0,2,女性,56,10,12,0.3333333333333333,0,0,22,4498453.308937302,10.772602739726027,7.0
C-001670971,S-0121,-100.0,1,2,男性,52,5,12,0.25,0,0,14,4716268.25678644,9.856164383561644,7.0
C-002623316,S-0039,-100.0,1,2,男性,44,1,12,0.3333333333333333,0,0,16,4591288.568998441,8.193150684931506,5.0
C-002262383,S-0100,-61.6338668900279,1,2,男性,57,2,12,0.5,0,0,17,4535925.154217558,4.720547945205479,2.0
C-002418758,S-0126,-41.845491729785586,0,2,女性,43,2,12,0.9166666666666666,6382,1,17,4493168.352495564,5.53972602739726,3.0
C-000534421,S-0089,-52.14719275218794,1,2,女性,48,10,12,0.0833333333333333,2096,1,19,4721110.949352573,10.142465753424657,7.0
C-001611952,S-0106,-100.0,1,2,女性,38,5,12,0.25,0,0,20,4462729.145118021,6.171232876712329,3.5
C-002536906,S-0059,-53.19922357508382,1,2,女性,41,1,12,0.0833333333333333,0,0,14,4713188.969095345,6.8123287671232875,3.0
C-000871457,S-0111,1.0811357906553063,0,2,女性,70,9,12,0.5833333333333334,29752,1,19,4489501.980758176,6.397260273972603,4.0
C-001895597,S-0007,-51.433789369132676,1,2,女性,49,4,12,0.6666666666666666,41344,1,21,4487075.727367008,3.7260273972602738,1.0
C-002118285,S-0121,-97.83144892361729,1,2,女性,39,3,12,0.0833333333333333,0,0,14,4716268.25678644,9.856164383561644,7.0
C-001430201,S-0019,-12.395262118885721,0,2,男性,46,6,12,0.6666666666666666,0,0,19,4327199.920883598,4.090410958904109,1.0
C-001030363,S-0131,-91.91341260843198,1,2,男性,51,8,12,0.4166666666666667,0,0,17,4569023.5643747775,5.13972602739726,2.0
C-001378115,S-0131,-25.589636004471462,0,2,男性,52,6,12,0.5833333333333334,68563,1,17,4569023.5643747775,5.13972602739726,2.0
C-001387950,S-0115,-100.0,1,2,男性,59,6,12,0.3333333333333333,0,0,14,4553643.099564746,10.51095890410959,7.0
C-002430043,S-0050,-36.28562859618332,0,2,女性,44,2,12,0.75,14303,2,20,4615411.181286601,9.2013698630137,6.0
C-000487267,S-0050,-6.219611069238615,0,2,女性,20,10,12,0.5,34311,1,20,4615411.181286601,9.2013698630137,6.0
C-002208866,S-0059,-85.90238746703281,1,2,女性,42,3,12,0.25,18850,2,14,4713188.969095345,6.8123287671232875,3.0
C-001546955,S-0041,-13.09538020771159,0,2,男性,54,6,12,0.4166666666666667,3032,1,17,4828489.286769263,10.389041095890411,7.0
C-002415076,S-0036,-16.88556752254161,0,2,女性,32,2,12,0.25,1034,1,19,4397834.424680548,11.123287671232877,9.0
C-000220472,S-0085,-8.677830879774051,0,2,男性,76,12,12,0.3333333333333333,0,0,15,4606655.398026554,4.928767123287671,2.0
C-000198520,S-0018,-22.558652063703708,0,2,男性,32,12,12,0.9166666666666666,19684,1,16,4493108.581950108,7.550684931506849,5.0
C-001156733,S-0063,-100.0,1,2,男性,53,7,12,0.0833333333333333,0,0,18,4564012.176421695,5.749315068493151,3.0
C-000567733,S-0126,-100.0,1,2,女性,49,10,12,0.5833333333333334,42817,1,17,4493168.352495564,5.53972602739726,3.0
C-000551568,S-0089,-33.45865513102167,0,2,女性,17,10,12,0.0833333333333333,15725,2,19,4721110.949352573,10.142465753424657,7.0
C-001606074,S-0100,-12.541826884903756,0,2,男性,68,5,12,0.0833333333333333,15463,1,17,4535925.154217558,4.720547945205479,2.0
C-000111380,S-0121,-48.50403287170902,0,2,女性,34,12,12,0.0833333333333333,2224,1,14,4716268.25678644,9.856164383561644,7.0
C-001254475,S-0126,-40.34815525355205,0,2,女性,53,7,12,0.8333333333333334,0,0,17,4493168.352495564,5.53972602739726,3.0
C-000763883,S-0096,-22.891328444100274,0,2,女性,63,9,12,0.5833333333333334,0,0,16,4644856.458098179,8.302739726027397,5.0
C-000110298,S-0117,-100.0,1,2,女性,42,12,12,0.0833333333333333,0,0,20,4500859.737076383,9.593150684931507,7.0
C-000543921,S-0085,-23.0761797869731,0,2,女性,34,10,12,0.5,0,0,15,4606655.398026554,4.928767123287671,2.0
C-001722897,S-0018,-29.826450468710412,0,2,男性,27,5,12,0.3333333333333333,5907,1,16,4493108.581950108,7.550684931506849,5.0
C-000865163,S-0054,-24.988101191085835,0,2,女性,46,9,12,0.6666666666666666,17292,1,23,4489160.181517739,6.358904109589041,4.0
C-001156443,S-0126,-22.383853304752492,0,2,女性,59,7,12,0.3333333333333333,0,0,17,4493168.352495564,5.53972602739726,3.0
C-001434723,S-0054,-23.131493759103698,0,2,女性,61,6,12,0.3333333333333333,0,0,23,4489160.181517739,6.358904109589041,4.0
C-000148664,S-0050,-10.256042678074976,0,2,男性,40,12,12,0.25,28091,2,20,4615411.181286601,9.2013698630137,6.0
C-000847240,S-0062,-61.60022883762745,1,2,女性,52,9,12,0.5,0,0,15,4713869.782113416,4.575342465753424,1.0
C-000863829,S-0097,-50.36573206981056,1,2,女性,51,9,12,0.3333333333333333,6478,1,21,4592508.716501317,10.09041095890411,7.0
C-002073518,S-0020,-16.406149798569434,0,2,女性,66,3,12,0.6666666666666666,0,0,16,4280702.057267675,6.986301369863014,3.5
C-000801225,S-0008,-15.273107349538003,0,2,女性,58,9,12,0.8333333333333334,10092,1,22,4498453.308937302,10.772602739726027,7.0
C-000047441,S-0005,-64.19079854581923,1,2,女性,57,12,12,1.0,0,0,21,4733942.970761149,4.69041095890411,2.0
C-000499650,S-0020,-57.55266612489842,1,2,女性,40,10,12,0.25,0,0,16,4280702.057267675,6.986301369863014,3.5
C-001234867,S-0082,-22.936157971344294,0,2,男性,20,7,12,0.5,0,0,17,4607261.71451126,4.758904109589041,2.0
C-002089997,S-0039,-31.32687345617551,0,2,女性,59,3,12,0.0833333333333333,0,0,16,4591288.568998441,8.193150684931506,5.0
C-000707259,S-0059,-10.825236539522255,0,2,男性,24,9,12,0.0833333333333333,86084,1,14,4713188.969095345,6.8123287671232875,3.0
C-000923639,S-0005,-15.633190442350747,0,2,女性,51,8,12,0.3333333333333333,0,0,21,4733942.970761149,4.69041095890411,2.0
C-001522790,S-0005,-9.793611279795059,0,2,男性,56,6,12,0.3333333333333333,0,0,21,4733942.970761149,4.69041095890411,2.0
C-000908137,S-0056,-29.59835344103029,0,2,女性,82,8,12,0.5,2854,2,15,4406070.585753419,7.528767123287671,4.0
C-001785322,S-0121,-9.28294875880634,0,2,男性,36,5,12,0.5,0,0,14,4716268.25678644,9.856164383561644,7.0
C-001892538,S-0097,-58.77168968389416,1,2,女性,21,4,12,0.25,0,0,21,4592508.716501317,10.09041095890411,7.0
C-000723060,S-0019,-10.062124142528198,0,2,男性,61,9,12,0.0833333333333333,0,0,19,4327199.920883598,4.090410958904109,1.0
C-002397825,S-0113,-29.726429135487887,0,2,男性,67,2,12,0.1666666666666666,4572,1,16,4336633.961311346,5.77945205479452,2.5
C-000611292,S-0004,-67.9378952392316,1,2,男性,53,10,12,0.3333333333333333,675,2,22,4423576.351309,11.806849315068494,9.0
C-001198280,S-0054,-96.47154024673263,1,2,男性,54,7,12,0.25,0,0,23,4489160.181517739,6.358904109589041,4.0
C-000452648,S-0039,-7.822142327158223,0,2,男性,65,10,12,0.5,0,0,16,4591288.568998441,8.193150684931506,5.0
C-000339165,S-0019,-11.084158749410417,0,2,男性,50,11,12,0.1666666666666666,0,0,19,4327199.920883598,4.090410958904109,1.0
C-000212979,S-0100,-17.48064855453589,0,2,女性,53,12,12,0.0,7742,2,17,4535925.154217558,4.720547945205479,2.0
C-001994786,S-0050,-42.55992237556434,0,2,女性,59,4,12,0.5833333333333334,0,0,20,4615411.181286601,9.2013698630137,6.0
C-001977316,S-0096,-5.586409284629338,0,2,女性,47,4,12,0.3333333333333333,10601,1,16,4644856.458098179,8.302739726027397,5.0
C-001846790,S-0131,-8.697558164102755,0,2,男性,59,4,12,1.0,0,0,17,4569023.5643747775,5.13972602739726,2.0
C-001335837,S-0089,-34.23324512911125,0,2,男性,54,7,12,0.75,4032,1,19,4721110.949352573,10.142465753424657,7.0
C-000244261,S-0019,-23.3371104815864,0,2,男性,42,11,12,0.4166666666666667,8769,1,19,4327199.920883598,4.090410958904109,1.0
C-002600070,S-0054,-13.056983199592716,0,2,女性,36,1,12,0.0833333333333333,0,0,23,4489160.181517739,6.358904109589041,4.0
C-002334697,S-0089,-7.887810847234461,0,2,女性,36,2,12,0.1666666666666666,0,0,19,4721110.949352573,10.142465753424657,7.0
C-000907067,S-0002,-25.992696509722506,0,2,女性,48,8,12,0.3333333333333333,0,0,15,4455566.655169959,5.663013698630137,2.0
C-001494965,S-0054,-31.889099688943283,0,2,男性,59,6,12,0.75,15766,1,23,4489160.181517739,6.358904109589041,4.0
C-002210766,S-0039,-25.931169935215316,0,2,男性,70,3,12,0.5833333333333334,1258,2,16,4591288.568998441,8.193150684931506,5.0
C-001140200,S-0036,-21.03763091324215,0,2,男性,51,7,12,0.6666666666666666,0,0,19,4397834.424680548,11.123287671232877,9.0
C-000882620,S-0054,-32.249476084406425,0,2,女性,44,9,12,0.4166666666666667,0,0,23,4489160.181517739,6.358904109589041,4.0
C-000123819,S-0126,-21.64894580915416,0,2,女性,42,12,12,0.5,18621,1,17,4493168.352495564,5.53972602739726,3.0
C-000173765,S-0018,-29.6570692804994,0,2,男性,59,12,12,0.3333333333333333,11974,1,16,4493108.581950108,7.550684931506849,5.0
C-000127588,S-0050,-28.61296094625894,0,2,男性,50,12,12,0.6666666666666666,0,0,20,4615411.181286601,9.2013698630137,6.0
C-001303284,S-0007,-71.42426979825353,1,2,男性,42,7,12,0.25,0,0,21,4487075.727367008,3.7260273972602738,1.0
C-002072349,S-0100,-30.197781911780798,0,2,女性,55,3,12,0.25,19412,1,17,4535925.154217558,4.720547945205479,2.0
C-002206783,S-0062,-100.0,1,2,男性,58,3,12,0.75,0,0,15,4713869.782113416,4.575342465753424,1.0
C-001076950,S-0019,3.056046539346187,0,2,女性,40,8,12,0.75,0,0,19,4327199.920883598,4.090410958904109,1.0
C-000021948,S-0111,-24.572936019069704,0,2,女性,55,12,12,0.5833333333333334,43383,1,19,4489501.980758176,6.397260273972603,4.0
C-000596478,S-0131,-27.967979921670228,0,2,男性,45,10,12,0.5,0,0,17,4569023.5643747775,5.13972602739726,2.0
C-001684156,S-0059,-29.726140289708074,0,2,女性,59,5,12,0.75,0,0,14,4713188.969095345,6.8123287671232875,3.0
C-001398739,S-0085,-45.47683080657829,0,2,女性,65,6,12,0.4166666666666667,0,0,15,4606655.398026554,4.928767123287671,2.0
C-002407651,S-0048,-100.0,1,2,女性,43,2,12,0.4166666666666667,0,0,15,4502249.082895545,3.671232876712329,1.0
C-001419718,S-0005,-7.390599452628348,0,2,男性,60,6,12,0.3333333333333333,77628,1,21,4733942.970761149,4.69041095890411,2.0
C-000440145,S-0100,-100.0,1,2,女性,60,11,12,0.5833333333333334,0,0,17,4535925.154217558,4.720547945205479,2.0
C-001350001,S-0075,-24.115250473926203,0,2,女性,45,7,12,0.4166666666666667,5220,2,19,4506647.2743158825,4.526027397260274,1.0
C-002051049,S-0072,-1.6577481018452749,0,2,女性,51,3,12,0.25,0,0,12,4406797.312641796,9.01917808219178,6.0
C-000900803,S-0050,-6.740387694742196,0,2,女性,71,9,12,0.6666666666666666,0,0,20,4615411.181286601,9.2013698630137,6.0
C-001301396,S-0017,-100.0,1,2,女性,25,7,12,0.4166666666666667,4888,1,20,4640207.03550726,5.608219178082192,2.5
C-000363352,S-0089,-100.0,1,2,男性,30,11,12,0.6666666666666666,0,0,19,4721110.949352573,10.142465753424657,7.0
C-000174602,S-0007,1.8381244783417832,0,2,女性,55,12,12,0.8333333333333334,0,0,21,4487075.727367008,3.7260273972602738,1.0
C-002669100,S-0085,-12.642843507521626,0,2,女性,41,1,12,0.6666666666666666,0,0,15,4606655.398026554,4.928767123287671,2.0
C-000891777,S-0017,-43.44772600044106,0,2,女性,58,9,12,0.1666666666666666,2760,1,20,4640207.03550726,5.608219178082192,2.5
C-000079692,S-0063,-10.058650396373558,0,2,男性,45,12,12,0.3333333333333333,0,0,18,4564012.176421695,5.749315068493151,3.0
C-000787507,S-0036,-100.0,1,2,女性,50,9,12,0.0833333333333333,0,0,19,4397834.424680548,11.123287671232877,9.0
C-001926702,S-0089,-26.65417671977674,0,2,女性,45,4,12,0.25,7914,1,19,4721110.949352573,10.142465753424657,7.0
C-002434121,S-0019,-9.937184302551483,0,2,男性,37,2,12,0.75,0,0,19,4327199.920883598,4.090410958904109,1.0
C-002304346,S-0085,-31.88625570802287,0,2,女性,48,2,12,0.5,0,0,15,4606655.398026554,4.928767123287671,2.0
C-001116300,S-0018,-100.0,1,2,男性,50,8,12,0.75,0,0,16,4493108.581950108,7.550684931506849,5.0
C-001973759,S-0039,-18.214979930830786,0,2,男性,58,4,12,0.25,0,0,16,4591288.568998441,8.193150684931506,5.0
C-000352151,S-0056,-100.0,1,2,女性,40,11,12,0.1666666666666666,15831,1,15,4406070.585753419,7.528767123287671,4.0
C-001306273,S-0115,-12.560520331146618,0,2,女性,64,7,12,0.0833333333333333,0,0,14,4553643.099564746,10.51095890410959,7.0
C-002669001,S-0054,-42.061666796600925,0,2,男性,43,1,12,0.5833333333333334,2594,2,23,4489160.181517739,6.358904109589041,4.0
C-001964939,S-0121,-32.758663193445805,0,2,男性,43,4,12,0.0833333333333333,0,0,14,4716268.25678644,9.856164383561644,7.0
C-002512399,S-0131,-28.996819627442072,0,2,男性,52,1,12,0.1666666666666666,0,0,17,4569023.5643747775,5.13972602739726,2.0
C-001879931,S-0062,-20.642548714464194,0,2,女性,48,4,12,0.5,5804,2,15,4713869.782113416,4.575342465753424,1.0
C-000891442,S-0020,-61.805815412383616,1,2,女性,49,9,12,0.1666666666666666,0,0,16,4280702.057267675,6.986301369863014,3.5
C-002610353,S-0040,-23.88559247888265,0,2,男性,78,1,12,0.25,0,0,20,4550116.0180538,8.163013698630138,4.0
C-000297362,S-0102,-6.811414459107465,0,2,男性,22,11,12,0.5833333333333334,0,0,16,4383474.364435211,10.484931506849314,7.5
C-002549580,S-0054,-48.45954440136725,0,2,男性,53,1,12,0.4166666666666667,0,0,23,4489160.181517739,6.358904109589041,4.0
C-000342832,S-0002,-74.91242574299619,1,2,男性,25,11,12,0.4166666666666667,0,0,15,4455566.655169959,5.663013698630137,2.0
C-000241947,S-0056,-59.717617534650266,1,2,女性,21,11,12,0.0833333333333333,12290,1,15,4406070.585753419,7.528767123287671,4.0
C-001963459,S-0085,-35.565008665350646,0,2,女性,49,4,12,0.5,0,0,15,4606655.398026554,4.928767123287671,2.0
C-000489082,S-0054,-71.08773038637061,1,2,女性,20,10,12,0.4166666666666667,45842,2,23,4489160.181517739,6.358904109589041,4.0
C-002120933,S-0085,-26.725133987610494,0,2,女性,43,3,12,0.8333333333333334,903,1,15,4606655.398026554,4.928767123287671,2.0
C-001487395,S-0062,-48.400545456124654,0,2,男性,34,6,12,0.6666666666666666,0,0,15,4713869.782113416,4.575342465753424,1.0
C-000593181,S-0111,-11.8022982765898,0,2,男性,45,10,12,0.5833333333333334,0,0,19,4489501.980758176,6.397260273972603,4.0
C-002570430,S-0050,-70.62065378775804,1,2,男性,22,1,12,0.4166666666666667,0,0,20,4615411.181286601,9.2013698630137,6.0
C-002137133,S-0126,-13.704359486782232,0,2,女性,42,3,12,0.3333333333333333,0,0,17,4493168.352495564,5.53972602739726,3.0
C-000493754,S-0005,-3.1431688198686865,0,2,女性,57,10,12,0.75,24477,1,21,4733942.970761149,4.69041095890411,2.0
C-002064098,S-0131,-24.06836467331426,0,2,女性,22,3,12,0.5833333333333334,4915,1,17,4569023.5643747775,5.13972602739726,2.0
C-000404914,S-0126,-32.31237482179872,0,2,女性,59,11,12,0.1666666666666666,0,0,17,4493168.352495564,5.53972602739726,3.0
C-002025750,S-0085,-25.20549035209867,0,2,女性,57,3,12,0.4166666666666667,9062,1,15,4606655.398026554,4.928767123287671,2.0
C-000432066,S-0056,-93.91783292171391,1,2,女性,41,11,12,0.3333333333333333,12579,1,15,4406070.585753419,7.528767123287671,4.0
C-002032690,S-0020,-67.3131391937043,1,2,男性,25,3,12,0.25,0,0,16,4280702.057267675,6.986301369863014,3.5
C-000292185,S-0062,-23.191245075568418,0,2,男性,52,11,12,0.75,0,0,15,4713869.782113416,4.575342465753424,1.0
C-001836823,S-0018,-18.04068861880422,0,2,女性,61,4,12,0.0833333333333333,2351,1,16,4493108.581950108,7.550684931506849,5.0
C-000362714,S-0085,-25.879038739057926,0,2,男性,38,11,12,0.75,754,1,15,4606655.398026554,4.928767123287671,2.0
C-002242275,S-0063,-30.978550052701326,0,2,女性,69,3,12,0.1666666666666666,0,0,18,4564012.176421695,5.749315068493151,3.0
C-001459018,S-0002,-1.1511973125265078,0,2,女性,74,6,12,0.5833333333333334,30117,1,15,4455566.655169959,5.663013698630137,2.0
C-002444860,S-0113,-16.56273036542538,0,2,女性,68,2,12,0.25,0,0,16,4336633.961311346,5.77945205479452,2.5
C-000136996,S-0121,-67.0364309150859,1,2,女性,47,12,12,0.0833333333333333,2419,2,14,4716268.25678644,9.856164383561644,7.0
C-001832902,S-0050,-33.420547402515425,0,2,女性,35,4,12,0.3333333333333333,8458,1,20,4615411.181286601,9.2013698630137,6.0
C-000807559,S-0050,-35.118849515668515,0,2,女性,39,9,12,0.8333333333333334,0,0,20,4615411.181286601,9.2013698630137,6.0
C-000223162,S-0040,-20.20249618259676,0,2,男性,54,12,12,0.6666666666666666,0,0,20,4550116.0180538,8.163013698630138,4.0
C-002068960,S-0019,-11.767607133649438,0,2,女性,44,3,12,1.0,10419,1,19,4327199.920883598,4.090410958904109,1.0
C-001762870,S-0062,-21.00495153079015,0,2,男性,44,5,12,0.8333333333333334,0,0,15,4713869.782113416,4.575342465753424,1.0
C-001688598,S-0082,-73.67611889306457,1,2,男性,38,5,12,0.75,0,0,17,4607261.71451126,4.758904109589041,2.0
C-000027366,S-0075,-74.21651467450073,1,2,女性,55,12,12,0.5,66258,1,19,4506647.2743158825,4.526027397260274,1.0
C-002216161,S-0050,-21.419509376341725,0,2,男性,78,3,12,0.6666666666666666,80938,1,20,4615411.181286601,9.2013698630137,6.0
C-000950338,S-0050,-17.472404212007987,0,2,女性,44,8,12,0.3333333333333333,4679,1,20,4615411.181286601,9.2013698630137,6.0
C-000747906,S-0126,-57.328825021132715,1,2,女性,47,9,12,0.5,0,0,17,4493168.352495564,5.53972602739726,3.0
C-000276152,S-0063,-6.522288655378102,0,2,男性,50,11,12,0.8333333333333334,-3085,2,18,4564012.176421695,5.749315068493151,3.0
C-001640810,S-0007,-15.541958285698351,0,2,女性,48,5,12,0.1666666666666666,0,0,21,4487075.727367008,3.7260273972602738,1.0
C-000891718,S-0075,-51.64255927211222,1,2,男性,32,9,12,0.25,8640,1,19,4506647.2743158825,4.526027397260274,1.0
C-001277929,S-0085,-22.615397405239403,0,2,女性,37,7,12,0.75,4703,2,15,4606655.398026554,4.928767123287671,2.0
C-000746452,S-0002,-8.999280763698183,0,2,女性,67,9,12,0.1666666666666666,0,0,15,4455566.655169959,5.663013698630137,2.0
C-002168868,S-0085,-5.337805462386201,0,2,男性,44,3,12,0.0833333333333333,0,0,15,4606655.398026554,4.928767123287671,2.0
C-000165602,S-0085,-13.012411256958986,0,2,男性,46,12,12,0.6666666666666666,41464,1,15,4606655.398026554,4.928767123287671,2.0
C-000312058,S-0004,-42.57897248446624,0,2,女性,51,11,12,0.1666666666666666,131279,1,22,4423576.351309,11.806849315068494,9.0
C-002348010,S-0079,-50.59728902492348,1,2,男性,42,2,12,0.1666666666666666,15228,1,13,4256656.371085242,8.479452054794521,6.0
C-002349412,S-0121,-88.8289970288284,1,2,女性,45,2,12,0.75,0,0,14,4716268.25678644,9.856164383561644,7.0
C-002649090,S-0079,-100.0,1,2,女性,20,1,12,0.75,0,0,13,4256656.371085242,8.479452054794521,6.0
C-002416259,S-0005,-45.35896888657938,0,2,男性,43,2,12,0.6666666666666666,0,0,21,4733942.970761149,4.69041095890411,2.0
C-001897550,S-0111,-21.968647466277798,0,2,男性,53,4,12,0.25,0,0,19,4489501.980758176,6.397260273972603,4.0
C-000811037,S-0075,-23.48583144758809,0,2,女性,56,9,12,0.3333333333333333,0,0,19,4506647.2743158825,4.526027397260274,1.0
C-001778798,S-0121,-46.19792276756081,0,2,男性,46,5,12,0.25,0,0,14,4716268.25678644,9.856164383561644,7.0
C-002561980,S-0017,-100.0,1,2,女性,47,1,12,0.5,0,0,20,4640207.03550726,5.608219178082192,2.5
C-001938766,S-0131,-25.772516263500282,0,2,女性,54,4,12,0.4166666666666667,0,0,17,4569023.5643747775,5.13972602739726,2.0
C-002060523,S-0085,-44.439024970556396,0,2,女性,47,3,12,0.6666666666666666,12935,1,15,4606655.398026554,4.928767123287671,2.0
C-002277206,S-0063,-46.56696778390526,0,2,女性,57,2,12,0.1666666666666666,2165,2,18,4564012.176421695,5.749315068493151,3.0
C-000087410,S-0007,-71.18237891130751,1,2,女性,61,12,12,0.3333333333333333,0,0,21,4487075.727367008,3.7260273972602738,1.0
C-002495379,S-0012,-100.0,1,2,男性,53,1,12,0.3333333333333333,0,0,16,4444678.825084195,7.994520547945205,5.0
C-000297426,S-0096,-19.087979517061758,0,2,女性,52,11,12,0.3333333333333333,0,0,16,4644856.458098179,8.302739726027397,5.0
C-002324163,S-0017,-75.42080566805814,1,2,男性,51,2,12,0.4166666666666667,0,0,20,4640207.03550726,5.608219178082192,2.5
C-001552528,S-0059,-65.41894308542928,1,2,男性,52,6,12,0.3333333333333333,56275,1,14,4713188.969095345,6.8123287671232875,3.0
C-002462989,S-0082,-12.170247409762752,0,2,男性,41,2,12,0.25,0,0,17,4607261.71451126,4.758904109589041,2.0
C-002296126,S-0062,-19.038461538461537,0,2,男性,44,2,12,0.75,0,0,15,4713869.782113416,4.575342465753424,1.0
C-000767222,S-0041,-100.0,1,2,男性,61,9,12,0.25,0,0,17,4828489.286769263,10.389041095890411,7.0
C-001040151,S-0085,-22.65637196522639,0,2,女性,44,8,12,0.9166666666666666,50,2,15,4606655.398026554,4.928767123287671,2.0
C-001038043,S-0020,-44.170496832349464,0,2,女性,38,8,12,0.6666666666666666,0,0,16,4280702.057267675,6.986301369863014,3.5
C-000378405,S-0079,-10.965466549749832,0,2,女性,43,11,12,0.0833333333333333,15439,1,13,4256656.371085242,8.479452054794521,6.0
C-001049288,S-0040,-100.0,1,2,女性,54,8,12,0.0833333333333333,0,0,20,4550116.0180538,8.163013698630138,4.0
C-001057804,S-0050,-10.538605424763313,0,2,男性,56,8,12,0.25,0,0,20,4615411.181286601,9.2013698630137,6.0
C-000012083,S-0012,-61.23273985563341,1,2,男性,45,12,12,0.8333333333333334,13959,2,16,4444678.825084195,7.994520547945205,5.0
C-000923124,S-0050,-38.5929648241206,0,2,女性,41,8,12,0.25,31016,1,20,4615411.181286601,9.2013698630137,6.0
C-001529441,S-0075,-30.951860105823,0,2,女性,45,6,12,0.0833333333333333,23110,1,19,4506647.2743158825,4.526027397260274,1.0
C-001064761,S-0075,-52.87582592845751,1,2,男性,44,8,12,0.3333333333333333,0,0,19,4506647.2743158825,4.526027397260274,1.0
C-000859021,S-0018,-25.641760415607468,0,2,女性,51,9,12,0.1666666666666666,0,0,16,4493108.581950108,7.550684931506849,5.0
C-001105807,S-0005,-100.0,1,2,男性,35,8,12,0.9166666666666666,0,0,21,4733942.970761149,4.69041095890411,2.0
C-001165519,S-0117,-100.0,1,2,男性,36,7,12,0.8333333333333334,30849,1,20,4500859.737076383,9.593150684931507,7.0
C-001909041,S-0075,-26.465496241648108,0,2,男性,44,4,12,0.5,14363,2,19,4506647.2743158825,4.526027397260274,1.0
C-000251751,S-0075,-14.41876923547387,0,2,男性,48,11,12,0.25,12737,1,19,4506647.2743158825,4.526027397260274,1.0
C-000828961,S-0019,-3.293707562656403,0,2,女性,41,9,12,1.0,0,0,19,4327199.920883598,4.090410958904109,1.0
C-000294547,S-0131,-20.652378772784793,0,2,女性,51,11,12,0.25,6257,1,17,4569023.5643747775,5.13972602739726,2.0
C-000002447,S-0004,-35.36344443658151,0,2,男性,60,12,12,0.5,6612,1,22,4423576.351309,11.806849315068494,9.0
C-001289659,S-0089,-97.56360673422311,1,2,女性,58,7,12,0.5,0,0,19,4721110.949352573,10.142465753424657,7.0
C-001945107,S-0020,-25.617519007082983,0,2,女性,67,4,12,0.5,61407,2,16,4280702.057267675,6.986301369863014,3.5
C-001208704,S-0017,-10.180793498304176,0,2,女性,25,7,12,0.4166666666666667,0,0,20,4640207.03550726,5.608219178082192,2.5
C-002229188,S-0131,-10.930156332388023,0,2,女性,35,3,12,0.3333333333333333,5945,1,17,4569023.5643747775,5.13972602739726,2.0
C-001262649,S-0082,-59.29419852576099,1,2,男性,40,7,12,0.5,0,0,17,4607261.71451126,4.758904109589041,2.0
C-000474904,S-0050,-28.939767800091282,0,2,女性,52,10,12,0.75,0,0,20,4615411.181286601,9.2013698630137,6.0
C-000320957,S-0002,-23.382093219688244,0,2,女性,49,11,12,0.9166666666666666,0,0,15,4455566.655169959,5.663013698630137,2.0
C-002142466,S-0059,-41.82708933717579,0,2,女性,41,3,12,0.5,16942,1,14,4713188.969095345,6.8123287671232875,3.0
C-001782850,S-0004,-27.29753942954768,0,2,女性,37,5,12,0.5,50877,1,22,4423576.351309,11.806849315068494,9.0
C-001937369,S-0059,-3.989584003086221,0,2,女性,44,4,12,0.75,18690,1,14,4713188.969095345,6.8123287671232875,3.0
C-000982867,S-0089,-66.24040506984382,1,2,女性,33,8,12,0.0833333333333333,0,0,19,4721110.949352573,10.142465753424657,7.0
C-001425238,S-0085,-15.598378997364614,0,2,男性,66,6,12,0.3333333333333333,23944,1,15,4606655.398026554,4.928767123287671,2.0
C-000583376,S-0096,-36.08848106344748,0,2,女性,28,10,12,0.1666666666666666,0,0,16,4644856.458098179,8.302739726027397,5.0
C-002157831,S-0014,-26.619335255110876,0,2,女性,56,3,12,0.75,15533,2,21,4730192.353344672,7.336986301369863,4.0
C-000588921,S-0017,-9.78575982670282,0,2,女性,49,10,12,0.3333333333333333,0,0,20,4640207.03550726,5.608219178082192,2.5
C-002547950,S-0019,-9.895343632397765,0,2,女性,56,1,12,0.4166666666666667,1306,1,19,4327199.920883598,4.090410958904109,1.0
C-002486763,S-0017,-99.03848645846833,1,2,女性,41,1,12,0.4166666666666667,0,0,20,4640207.03550726,5.608219178082192,2.5
C-002622567,S-0062,-31.179973893179593,0,2,男性,64,1,12,0.1666666666666666,0,0,15,4713869.782113416,4.575342465753424,1.0
C-002153303,S-0074,-28.61580217129071,0,2,男性,20,3,12,0.3333333333333333,0,0,14,4614054.39694187,8.308219178082192,6.0
C-000192369,S-0131,-100.0,1,2,男性,41,12,12,0.5833333333333334,0,0,17,4569023.5643747775,5.13972602739726,2.0
C-001186913,S-0005,-18.346737618673277,0,2,女性,35,7,12,0.3333333333333333,0,0,21,4733942.970761149,4.69041095890411,2.0
C-001970026,S-0036,-100.0,1,2,男性,52,4,12,0.3333333333333333,0,0,19,4397834.424680548,11.123287671232877,9.0
C-000836990,S-0056,-100.0,1,2,男性,59,9,12,0.0833333333333333,0,0,15,4406070.585753419,7.528767123287671,4.0
C-000703378,S-0074,-100.0,1,2,男性,19,9,12,0.3333333333333333,0,0,14,4614054.39694187,8.308219178082192,6.0
C-001596325,S-0005,-32.32700173080951,0,2,女性,49,5,12,0.5,0,0,21,4733942.970761149,4.69041095890411,2.0
C-001281856,S-0056,-19.637747265171186,0,2,女性,76,7,12,0.25,4235,2,15,4406070.585753419,7.528767123287671,4.0
C-000821247,S-0007,-30.97554640987733,0,2,男性,56,9,12,0.6666666666666666,0,0,21,4487075.727367008,3.7260273972602738,1.0
C-000065569,S-0097,-54.70053475935829,1,2,男性,59,12,12,0.1666666666666666,48614,1,21,4592508.716501317,10.09041095890411,7.0
C-001023223,S-0020,-3.1562229230627077,0,2,女性,36,8,12,0.3333333333333333,0,0,16,4280702.057267675,6.986301369863014,3.5
C-000883459,S-0007,-66.94097385313918,1,2,女性,54,9,12,0.0833333333333333,40473,2,21,4487075.727367008,3.7260273972602738,1.0
C-001772556,S-0131,-22.714664827503487,0,2,女性,74,5,12,0.75,0,0,17,4569023.5643747775,5.13972602739726,2.0
C-001198608,S-0019,2.2730057590981496,0,2,女性,66,7,12,0.3333333333333333,0,0,19,4327199.920883598,4.090410958904109,1.0
C-000911785,S-0111,-95.09297744765409,1,2,女性,57,8,12,0.1666666666666666,0,0,19,4489501.980758176,6.397260273972603,4.0
C-000173001,S-0050,-32.23504110387398,0,2,女性,57,12,12,0.3333333333333333,0,0,20,4615411.181286601,9.2013698630137,6.0
C-002442419,S-0019,-15.542627402950105,0,2,女性,39,2,12,0.9166666666666666,0,0,19,4327199.920883598,4.090410958904109,1.0
C-002147840,S-0039,-68.69342530845466,1,2,女性,54,3,12,0.25,7314,1,16,4591288.568998441,8.193150684931506,5.0
C-001745147,S-0018,-100.0,1,2,女性,37,5,12,0.25,5669,1,16,4493108.581950108,7.550684931506849,5.0
C-000242208,S-0059,-83.40388836625901,1,2,女性,44,11,12,0.5833333333333334,0,0,14,4713188.969095345,6.8123287671232875,3.0
C-001040938,S-0115,-76.56159133426287,1,2,男性,34,8,12,0.1666666666666666,0,0,14,4553643.099564746,10.51095890410959,7.0
C-002082561,S-0072,-100.0,1,2,女性,70,3,12,0.0833333333333333,7121,1,12,4406797.312641796,9.01917808219178,6.0
C-001687327,S-0085,-6.131354167760176,0,2,女性,48,5,12,0.8333333333333334,0,0,15,4606655.398026554,4.928767123287671,2.0
C-000393723,S-0089,-100.0,1,2,女性,60,11,12,0.3333333333333333,0,0,19,4721110.949352573,10.142465753424657,7.0
C-001886798,S-0002,-30.45433248464553,0,2,女性,68,4,12,0.5833333333333334,0,0,15,4455566.655169959,5.663013698630137,2.0
C-002496278,S-0117,-71.3914768212335,1,2,男性,56,1,12,0.0833333333333333,0,0,20,4500859.737076383,9.593150684931507,7.0
C-000063595,S-0039,-4.592339755993884,0,2,女性,59,12,12,0.75,701,1,16,4591288.568998441,8.193150684931506,5.0
C-001066790,S-0111,-25.272101384958635,0,2,男性,34,8,12,0.25,0,0,19,4489501.980758176,6.397260273972603,4.0
C-000642156,S-0005,-99.43906028713448,1,2,男性,41,10,12,0.4166666666666667,0,0,21,4733942.970761149,4.69041095890411,2.0
C-000755151,S-0019,-0.4844625294235717,0,2,男性,69,9,12,0.1666666666666666,5258,1,19,4327199.920883598,4.090410958904109,1.0
C-000161092,S-0097,-100.0,1,2,女性,23,12,12,0.5,0,0,21,4592508.716501317,10.09041095890411,7.0
C-000462385,S-0017,-13.354149727724293,0,2,男性,45,10,12,0.75,3183,1,20,4640207.03550726,5.608219178082192,2.5
C-000940519,S-0131,-67.40236680520975,1,2,女性,51,8,12,0.4166666666666667,37096,1,17,4569023.5643747775,5.13972602739726,2.0
C-001548354,S-0075,-32.58042897951696,0,2,女性,53,6,12,0.25,0,0,19,4506647.2743158825,4.526027397260274,1.0
C-000143500,S-0012,-41.01381071022116,0,2,男性,72,12,12,0.1666666666666666,0,0,16,4444678.825084195,7.994520547945205,5.0
C-001444729,S-0082,-88.54289735660643,1,2,男性,50,6,12,0.4166666666666667,37657,1,17,4607261.71451126,4.758904109589041,2.0
C-001726232,S-0017,-62.59606557377049,1,2,男性,48,5,12,0.1666666666666666,67875,2,20,4640207.03550726,5.608219178082192,2.5
C-002445781,S-0075,-49.62753418198963,1,2,男性,31,2,12,0.8333333333333334,0,0,19,4506647.2743158825,4.526027397260274,1.0
C-000053686,S-0062,-39.93134586838199,0,2,女性,34,12,12,0.25,12580,2,15,4713869.782113416,4.575342465753424,1.0
C-000288463,S-0050,-50.55417787246923,1,2,女性,62,11,12,0.1666666666666666,30697,1,20,4615411.181286601,9.2013698630137,6.0
C-000657453,S-0111,-80.14585045193098,1,2,女性,82,10,12,0.4166666666666667,0,0,19,4489501.980758176,6.397260273972603,4.0
C-000208737,S-0100,-100.0,1,2,女性,57,12,12,0.4166666666666667,12301,1,17,4535925.154217558,4.720547945205479,2.0
C-002027681,S-0054,-44.19239297288078,0,2,女性,40,3,12,0.5833333333333334,0,0,23,4489160.181517739,6.358904109589041,4.0
C-000746622,S-0111,-63.09954571389365,1,2,男性,41,9,12,0.4166666666666667,9448,1,19,4489501.980758176,6.397260273972603,4.0
C-001868051,S-0106,-8.324945407952665,0,2,女性,56,4,12,0.5,0,0,20,4462729.145118021,6.171232876712329,3.5
C-000949153,S-0085,-45.87785907171048,0,2,男性,69,8,12,0.3333333333333333,0,0,15,4606655.398026554,4.928767123287671,2.0
C-001678269,S-0040,-100.0,1,2,女性,38,5,12,0.3333333333333333,0,0,20,4550116.0180538,8.163013698630138,4.0
C-000438645,S-0089,-100.0,1,2,男性,68,11,12,0.1666666666666666,0,0,19,4721110.949352573,10.142465753424657,7.0
C-002334546,S-0099,-88.10002364625207,1,2,男性,34,2,12,0.1666666666666666,4637,1,13,4464126.154078853,8.147945205479452,5.0
C-001242311,S-0113,-58.1920044188183,1,2,男性,75,7,12,0.1666666666666666,45891,1,16,4336633.961311346,5.77945205479452,2.5
C-000152372,S-0085,-51.62552896488973,1,2,女性,58,12,12,0.9166666666666666,35700,1,15,4606655.398026554,4.928767123287671,2.0
C-001089256,S-0056,-26.64564605243817,0,2,女性,41,8,12,0.25,0,0,15,4406070.585753419,7.528767123287671,4.0
C-000751623,S-0106,-70.46382038315008,1,2,男性,55,9,12,0.4166666666666667,0,0,20,4462729.145118021,6.171232876712329,3.5
C-001100523,S-0063,-51.18158810503005,1,2,女性,70,8,12,0.75,2633,1,18,4564012.176421695,5.749315068493151,3.0
C-001295271,S-0063,-27.752440219939473,0,2,男性,35,7,12,0.9166666666666666,0,0,18,4564012.176421695,5.749315068493151,3.0
C-001267547,S-0096,-72.58473130612157,1,2,男性,48,7,12,0.1666666666666666,1878,1,16,4644856.458098179,8.302739726027397,5.0
C-002634053,S-0004,-63.663272387372714,1,2,女性,35,1,12,0.1666666666666666,0,0,22,4423576.351309,11.806849315068494,9.0
C-000378678,S-0072,-62.11293147734377,1,2,男性,57,11,12,0.0833333333333333,0,0,12,4406797.312641796,9.01917808219178,6.0
C-002037440,S-0019,11.470210749799085,0,2,男性,48,3,12,0.5833333333333334,13592,1,19,4327199.920883598,4.090410958904109,1.0
C-001184340,S-0054,-69.45360901080277,1,2,女性,53,7,12,0.3333333333333333,33489,1,23,4489160.181517739,6.358904109589041,4.0
C-000835817,S-0040,-85.86311282419571,1,2,女性,39,9,12,0.0833333333333333,256002,2,20,4550116.0180538,8.163013698630138,4.0
C-000157930,S-0019,-6.168239665888389,0,2,女性,49,12,12,0.5833333333333334,22243,1,19,4327199.920883598,4.090410958904109,1.0
C-001925158,S-0017,-25.196936836275903,0,2,女性,33,4,12,0.4166666666666667,0,0,20,4640207.03550726,5.608219178082192,2.5
C-001874102,S-0059,-63.571422645172525,1,2,男性,38,4,12,0.8333333333333334,0,0,14,4713188.969095345,6.8123287671232875,3.0
C-001751368,S-0102,-38.76832892128446,0,2,男性,42,5,12,0.1666666666666666,19991,1,16,4383474.364435211,10.484931506849314,7.5
C-001055505,S-0089,-55.22251363390367,1,2,男性,48,8,12,0.5833333333333334,0,0,19,4721110.949352573,10.142465753424657,7.0
C-001176442,S-0063,-20.61003201109531,0,2,女性,22,7,12,0.4166666666666667,0,0,18,4564012.176421695,5.749315068493151,3.0
C-001732721,S-0030,-100.0,1,2,女性,54,5,12,0.5833333333333334,37249,2,22,4426478.045479023,9.236986301369862,5.5
C-000775350,S-0008,-44.997195006544985,0,2,女性,56,9,12,0.1666666666666666,0,0,22,4498453.308937302,10.772602739726027,7.0
C-000507023,S-0059,-16.09520159638435,0,2,男性,54,10,12,0.25,0,0,14,4713188.969095345,6.8123287671232875,3.0
C-000634578,S-0075,-13.2918864794584,0,2,男性,45,10,12,0.9166666666666666,0,0,19,4506647.2743158825,4.526027397260274,1.0
C-001021591,S-0121,-21.559405750455134,0,2,女性,49,8,12,0.5,4827,1,14,4716268.25678644,9.856164383561644,7.0
C-001023466,S-0100,-29.005735597434523,0,2,女性,43,8,12,0.75,530,1,17,4535925.154217558,4.720547945205479,2.0
C-000519901,S-0097,-12.015996644465176,0,2,女性,39,10,12,0.25,23988,2,21,4592508.716501317,10.09041095890411,7.0
C-000379798,S-0063,-15.333515117744925,0,2,男性,37,11,12,0.75,0,0,18,4564012.176421695,5.749315068493151,3.0
C-001453493,S-0099,-100.0,1,2,男性,59,6,12,0.4166666666666667,2604,1,13,4464126.154078853,8.147945205479452,5.0
C-000195257,S-0030,-100.0,1,2,男性,34,12,12,0.25,0,0,22,4426478.045479023,9.236986301369862,5.5
C-002650282,S-0079,-12.201033261330378,0,2,女性,42,1,12,0.8333333333333334,17533,2,13,4256656.371085242,8.479452054794521,6.0
C-001099888,S-0005,4.221336412000562,0,2,女性,25,8,12,0.1666666666666666,23444,1,21,4733942.970761149,4.69041095890411,2.0
C-002191721,S-0082,-26.197770639533086,0,2,女性,70,3,12,0.4166666666666667,0,0,17,4607261.71451126,4.758904109589041,2.0
C-002083789,S-0054,-40.66237293203109,0,2,女性,47,3,12,0.6666666666666666,0,0,23,4489160.181517739,6.358904109589041,4.0
C-000911080,S-0040,-5.143673504403859,0,2,女性,48,8,12,1.0,0,0,20,4550116.0180538,8.163013698630138,4.0
C-002238823,S-0005,-15.123859191655804,0,2,女性,40,3,12,0.5,52141,1,21,4733942.970761149,4.69041095890411,2.0
C-002136955,S-0017,-24.135743383122232,0,2,女性,58,3,12,0.3333333333333333,12245,1,20,4640207.03550726,5.608219178082192,2.5
C-000367049,S-0005,-32.03983877091091,0,2,女性,42,11,12,0.6666666666666666,7675,1,21,4733942.970761149,4.69041095890411,2.0
C-000810621,S-0121,-53.873294303586135,1,2,女性,50,9,12,0.4166666666666667,0,0,14,4716268.25678644,9.856164383561644,7.0
C-000491714,S-0131,-100.0,1,2,男性,38,10,12,0.6666666666666666,40432,1,17,4569023.5643747775,5.13972602739726,2.0
C-001356645,S-0117,0.7365239433346685,0,2,男性,75,6,12,0.1666666666666666,0,0,20,4500859.737076383,9.593150684931507,7.0
C-000962565,S-0089,-100.0,1,2,女性,50,8,12,0.5,18940,1,19,4721110.949352573,10.142465753424657,7.0
C-001385693,S-0040,-36.76314311633332,0,2,男性,49,6,12,0.3333333333333333,6566,2,20,4550116.0180538,8.163013698630138,4.0
C-001331399,S-0018,-7.75614272778644,0,2,男性,50,7,12,0.5833333333333334,0,0,16,4493108.581950108,7.550684931506849,5.0
C-000537130,S-0121,-88.94476119263483,1,2,男性,45,10,12,0.75,0,0,14,4716268.25678644,9.856164383561644,7.0
C-002263999,S-0054,-59.94955529005708,1,2,女性,58,2,12,0.4166666666666667,12202,1,23,4489160.181517739,6.358904109589041,4.0
C-000527598,S-0059,-92.45588563770382,1,2,女性,53,10,12,0.9166666666666666,9268,1,14,4713188.969095345,6.8123287671232875,3.0
C-001124109,S-0102,-47.0313658770667,0,2,女性,67,8,12,0.4166666666666667,6661,1,16,4383474.364435211,10.484931506849314,7.5
C-002119239,S-0097,-100.0,1,2,男性,47,3,12,0.1666666666666666,643,1,21,4592508.716501317,10.09041095890411,7.0
C-001207092,S-0074,-100.0,1,2,男性,46,7,12,0.0833333333333333,0,0,14,4614054.39694187,8.308219178082192,6.0
C-002473952,S-0126,-26.038100629669785,0,2,女性,63,1,12,0.6666666666666666,0,0,17,4493168.352495564,5.53972602739726,3.0
C-001091444,S-0054,-2.475595159850838,0,2,女性,44,8,12,0.5,0,0,23,4489160.181517739,6.358904109589041,4.0
C-001455395,S-0075,-34.92499527281131,0,2,女性,52,6,12,0.5833333333333334,0,0,19,4506647.2743158825,4.526027397260274,1.0
C-002389833,S-0085,-44.059512944906096,0,2,女性,50,2,12,0.75,39180,1,15,4606655.398026554,4.928767123287671,2.0
C-000279644,S-0002,-100.0,1,2,女性,47,11,12,0.1666666666666666,0,0,15,4455566.655169959,5.663013698630137,2.0
C-002348076,S-0040,-100.0,1,2,男性,74,2,12,0.4166666666666667,1421,1,20,4550116.0180538,8.163013698630138,4.0
C-001737887,S-0005,-23.055272987523672,0,2,女性,36,5,12,0.8333333333333334,0,0,21,4733942.970761149,4.69041095890411,2.0
C-001245434,S-0008,-73.11865915614017,1,2,男性,38,7,12,0.5833333333333334,8387,2,22,4498453.308937302,10.772602739726027,7.0
C-000132745,S-0102,-51.669134284995955,1,2,女性,51,12,12,0.0833333333333333,6447,1,16,4383474.364435211,10.484931506849314,7.5
C-002261837,S-0131,-83.11231301907715,1,2,男性,40,2,12,0.6666666666666666,0,0,17,4569023.5643747775,5.13972602739726,2.0
C-001476374,S-0111,-30.550227999877112,0,2,女性,50,6,12,0.3333333333333333,0,0,19,4489501.980758176,6.397260273972603,4.0
C-001174109,S-0100,-20.08101171245339,0,2,男性,51,7,12,0.75,6846,1,17,4535925.154217558,4.720547945205479,2.0
C-001497255,S-0111,-48.47044100188892,0,2,女性,41,6,12,0.0833333333333333,0,0,19,4489501.980758176,6.397260273972603,4.0
C-000389994,S-0019,-14.137586435858054,0,2,女性,36,11,12,1.0,0,0,19,4327199.920883598,4.090410958904109,1.0
C-001305667,S-0020,-100.0,1,2,女性,47,7,12,0.25,12735,1,16,4280702.057267675,6.986301369863014,3.5
C-000594348,S-0115,-22.010676500916432,0,2,女性,56,10,12,0.3333333333333333,0,0,14,4553643.099564746,10.51095890410959,7.0
C-002134558,S-0007,-53.509422242704154,1,2,男性,45,3,12,0.75,0,0,21,4487075.727367008,3.7260273972602738,1.0
C-001083459,S-0085,-26.49291403357888,0,2,女性,53,8,12,0.1666666666666666,45762,1,15,4606655.398026554,4.928767123287671,2.0
C-001652582,S-0040,-100.0,1,2,女性,60,5,12,0.5,0,0,20,4550116.0180538,8.163013698630138,4.0
C-001489797,S-0007,-100.0,1,2,男性,47,6,12,0.8333333333333334,0,0,21,4487075.727367008,3.7260273972602738,1.0
C-000533893,S-0054,-13.050624966512817,0,2,女性,37,10,12,1.0,31154,1,23,4489160.181517739,6.358904109589041,4.0
C-001060719,S-0121,-100.0,1,2,女性,15,8,12,0.3333333333333333,10075,1,14,4716268.25678644,9.856164383561644,7.0
C-000515066,S-0040,-15.99932126029176,0,2,女性,63,10,12,0.1666666666666666,6811,2,20,4550116.0180538,8.163013698630138,4.0
C-002627382,S-0074,-66.64855281659048,1,2,女性,82,1,12,0.25,8072,1,14,4614054.39694187,8.308219178082192,6.0
C-002461100,S-0054,-25.267058800939584,0,2,女性,31,2,12,0.25,23309,1,23,4489160.181517739,6.358904109589041,4.0
C-001675411,S-0059,-53.69196307358132,1,2,女性,75,5,12,0.4166666666666667,0,0,14,4713188.969095345,6.8123287671232875,3.0
C-000054332,S-0005,-22.521342360906683,0,2,男性,58,12,12,0.3333333333333333,0,0,21,4733942.970761149,4.69041095890411,2.0
C-002082519,S-0099,-98.36006654207144,1,2,女性,86,3,12,0.4166666666666667,24957,1,13,4464126.154078853,8.147945205479452,5.0
C-000674313,S-0017,-50.43406177384403,1,2,女性,38,10,12,0.3333333333333333,0,0,20,4640207.03550726,5.608219178082192,2.5
C-000577358,S-0074,-100.0,1,2,男性,78,10,12,0.1666666666666666,0,0,14,4614054.39694187,8.308219178082192,6.0
C-000232539,S-0040,-100.0,1,2,女性,51,11,12,0.4166666666666667,62161,1,20,4550116.0180538,8.163013698630138,4.0
C-002549538,S-0020,-46.40932556203164,0,2,女性,38,1,12,0.3333333333333333,11754,1,16,4280702.057267675,6.986301369863014,3.5
C-000098194,S-0019,2.2208042575144584,0,2,女性,53,12,12,0.75,3059,2,19,4327199.920883598,4.090410958904109,1.0
C-000643398,S-0085,-29.70438056525035,0,2,女性,61,10,12,0.6666666666666666,0,0,15,4606655.398026554,4.928767123287671,2.0
C-002054317,S-0012,-89.75009477152773,1,2,女性,80,3,12,0.0,2428,1,16,4444678.825084195,7.994520547945205,5.0
C-000050943,S-0039,-48.93580316132232,1,2,女性,31,12,12,0.3333333333333333,15965,1,16,4591288.568998441,8.193150684931506,5.0
C-002375648,S-0007,-100.0,1,2,女性,68,2,12,0.3333333333333333,0,0,21,4487075.727367008,3.7260273972602738,1.0
C-000811340,S-0004,-88.09626872132283,1,2,女性,41,9,12,0.5,16649,1,22,4423576.351309,11.806849315068494,9.0
C-000192168,S-0019,-11.151640114102491,0,2,男性,47,12,12,0.4166666666666667,49537,1,19,4327199.920883598,4.090410958904109,1.0
C-002179970,S-0102,-36.57328574235379,0,2,女性,51,3,12,0.75,0,0,16,4383474.364435211,10.484931506849314,7.5
C-002067126,S-0085,-16.663474368006025,0,2,女性,47,3,12,0.6666666666666666,0,0,15,4606655.398026554,4.928767123287671,2.0
C-001819868,S-0062,-18.57638542684508,0,2,男性,57,4,12,0.3333333333333333,0,0,15,4713869.782113416,4.575342465753424,1.0
C-002050616,S-0126,-9.476276323176783,0,2,女性,54,3,12,0.25,14878,1,17,4493168.352495564,5.53972602739726,3.0
C-001378049,S-0121,-51.284618376834146,1,2,女性,54,6,12,0.3333333333333333,0,0,14,4716268.25678644,9.856164383561644,7.0
C-001637014,S-0075,-22.916072468128167,0,2,女性,48,5,12,0.1666666666666666,0,0,19,4506647.2743158825,4.526027397260274,1.0
C-000774201,S-0017,-58.30125920646234,1,2,女性,48,9,12,0.0,0,0,20,4640207.03550726,5.608219178082192,2.5
C-001653288,S-0117,-100.0,1,2,女性,60,5,12,0.8333333333333334,0,0,20,4500859.737076383,9.593150684931507,7.0
C-002531577,S-0100,-30.24506005424254,0,2,女性,31,1,12,0.3333333333333333,0,0,17,4535925.154217558,4.720547945205479,2.0
C-001568240,S-0111,-100.0,1,2,女性,73,6,12,0.6666666666666666,0,0,19,4489501.980758176,6.397260273972603,4.0
C-002107958,S-0117,-100.0,1,2,女性,53,3,12,0.0,20402,2,20,4500859.737076383,9.593150684931507,7.0
C-000095166,S-0008,-45.28956260369047,0,2,男性,21,12,12,0.0,29756,2,22,4498453.308937302,10.772602739726027,7.0
C-001089674,S-0063,-38.80509118541033,0,2,女性,20,8,12,0.25,0,0,18,4564012.176421695,5.749315068493151,3.0
C-002077073,S-0059,-18.9157367500341,0,2,男性,31,3,12,0.9166666666666666,134487,1,14,4713188.969095345,6.8123287671232875,3.0
C-000784628,S-0079,-9.207711769272443,0,2,女性,56,9,12,0.25,3963,1,13,4256656.371085242,8.479452054794521,6.0
C-002599433,S-0102,-100.0,1,2,男性,58,1,12,0.8333333333333334,1927,1,16,4383474.364435211,10.484931506849314,7.5
C-001779789,S-0063,-17.566706506452913,0,2,男性,46,5,12,0.3333333333333333,17367,1,18,4564012.176421695,5.749315068493151,3.0
C-000936942,S-0019,-2.2491337119994284,0,2,男性,53,8,12,0.4166666666666667,0,0,19,4327199.920883598,4.090410958904109,1.0
C-002486911,S-0004,5.033599637761945,0,2,女性,73,1,12,0.25,4509,1,22,4423576.351309,11.806849315068494,9.0
C-001737576,S-0020,-100.0,1,2,女性,33,5,12,0.5833333333333334,21186,2,16,4280702.057267675,6.986301369863014,3.5
C-001270364,S-0096,-40.025458797382804,0,2,女性,42,7,12,0.5833333333333334,19783,2,16,4644856.458098179,8.302739726027397,5.0
C-002606284,S-0007,-100.0,1,2,男性,56,1,12,0.4166666666666667,62445,1,21,4487075.727367008,3.7260273972602738,1.0
C-001923873,S-0017,-25.86025037520116,0,2,女性,35,4,12,0.0833333333333333,0,0,20,4640207.03550726,5.608219178082192,2.5
C-002047147,S-0050,-38.037001831544295,0,2,女性,40,3,12,0.1666666666666666,0,0,20,4615411.181286601,9.2013698630137,6.0
C-001628255,S-0096,-20.538622773508035,0,2,男性,25,5,12,0.1666666666666666,7712,1,16,4644856.458098179,8.302739726027397,5.0
C-000874450,S-0020,-24.07560598729495,0,2,男性,46,9,12,0.0833333333333333,0,0,16,4280702.057267675,6.986301369863014,3.5
C-000007980,S-0056,-95.83373841109353,1,2,女性,53,12,12,0.1666666666666666,0,0,15,4406070.585753419,7.528767123287671,4.0
C-000054517,S-0126,-100.0,1,2,女性,60,12,12,0.5,0,0,17,4493168.352495564,5.53972602739726,3.0
C-001980225,S-0059,-100.0,1,2,男性,48,4,12,0.3333333333333333,9620,2,14,4713188.969095345,6.8123287671232875,3.0
C-000733894,S-0002,-41.84887365017166,0,2,女性,43,9,12,0.25,40652,2,15,4455566.655169959,5.663013698630137,2.0
C-002670965,S-0054,-31.023207875750792,0,2,男性,46,1,12,0.5833333333333334,13341,2,23,4489160.181517739,6.358904109589041,4.0
C-001100686,S-0002,-58.91898567429607,1,2,男性,51,8,12,0.75,0,0,15,4455566.655169959,5.663013698630137,2.0
C-001139315,S-0017,-100.0,1,2,女性,52,7,12,0.3333333333333333,0,0,20,4640207.03550726,5.608219178082192,2.5
C-001791785,S-0100,-100.0,1,2,男性,58,5,12,0.5,12336,1,17,4535925.154217558,4.720547945205479,2.0
C-000335613,S-0039,-97.00617283950618,1,2,女性,40,11,12,0.75,0,0,16,4591288.568998441,8.193150684931506,5.0
C-000696556,S-0117,-100.0,1,2,男性,55,9,12,0.1666666666666666,28892,2,20,4500859.737076383,9.593150684931507,7.0
C-001979166,S-0002,-7.76257624083711,0,2,女性,63,4,12,0.3333333333333333,0,0,15,4455566.655169959,5.663013698630137,2.0
C-000782376,S-0096,-10.636598568370092,0,2,女性,47,9,12,0.5,5139,1,16,4644856.458098179,8.302739726027397,5.0
C-001547586,S-0036,-2.605657085686712,0,2,女性,51,6,12,0.1666666666666666,19480,1,19,4397834.424680548,11.123287671232877,9.0
C-000331159,S-0063,-23.484699276608104,0,2,男性,65,11,12,0.5833333333333334,20891,1,18,4564012.176421695,5.749315068493151,3.0
C-000286626,S-0063,-97.61551563100929,1,2,女性,49,11,12,0.4166666666666667,15047,1,18,4564012.176421695,5.749315068493151,3.0
C-001632416,S-0002,-34.51124790935122,0,2,女性,26,5,12,0.0833333333333333,3605,2,15,4455566.655169959,5.663013698630137,2.0
C-001210688,S-0059,-68.34110248580973,1,2,女性,30,7,12,0.3333333333333333,0,0,14,4713188.969095345,6.8123287671232875,3.0
C-002359085,S-0075,-27.536770611046098,0,2,女性,30,2,12,0.75,0,0,19,4506647.2743158825,4.526027397260274,1.0
C-000479595,S-0014,-100.0,1,2,女性,46,10,12,0.0,0,0,21,4730192.353344672,7.336986301369863,4.0
C-000728494,S-0121,-16.624391803717884,0,2,女性,53,9,12,0.3333333333333333,0,0,14,4716268.25678644,9.856164383561644,7.0
C-000295453,S-0005,-19.369999188143282,0,2,女性,58,11,12,0.25,19790,1,21,4733942.970761149,4.69041095890411,2.0
C-000023656,S-0089,-72.51796061439097,1,2,女性,49,12,12,0.4166666666666667,85208,1,19,4721110.949352573,10.142465753424657,7.0
C-000743172,S-0085,-88.86340331372443,1,2,女性,46,9,12,0.6666666666666666,14432,1,15,4606655.398026554,4.928767123287671,2.0
C-002267833,S-0111,-17.73331090608173,0,2,男性,59,2,12,0.5,0,0,19,4489501.980758176,6.397260273972603,4.0
C-000057196,S-0082,-54.81488110249673,1,2,女性,40,12,12,0.5,0,0,17,4607261.71451126,4.758904109589041,2.0
C-001558901,S-0126,-97.96768863594639,1,2,女性,21,6,12,0.4166666666666667,0,0,17,4493168.352495564,5.53972602739726,3.0
C-002581517,S-0106,-100.0,1,2,男性,41,1,12,0.25,10763,1,20,4462729.145118021,6.171232876712329,3.5
C-002289398,S-0085,-100.0,1,2,女性,48,2,12,0.1666666666666666,0,0,15,4606655.398026554,4.928767123287671,2.0
C-002390904,S-0113,-69.24483406386976,1,2,女性,51,2,12,0.0,15298,1,16,4336633.961311346,5.77945205479452,2.5
C-002408170,S-0002,-92.33817289291954,1,2,女性,20,2,12,0.3333333333333333,0,0,15,4455566.655169959,5.663013698630137,2.0
C-001936549,S-0019,-30.51193420542924,0,2,女性,67,4,12,0.9166666666666666,0,0,19,4327199.920883598,4.090410958904109,1.0
C-000830104,S-0005,-8.251867448739159,0,2,男性,54,9,12,0.5,0,0,21,4733942.970761149,4.69041095890411,2.0
C-000928904,S-0097,-24.746898011605587,0,2,男性,49,8,12,0.3333333333333333,17762,2,21,4592508.716501317,10.09041095890411,7.0
C-002251160,S-0007,-100.0,1,2,男性,60,2,12,0.0833333333333333,0,0,21,4487075.727367008,3.7260273972602738,1.0
C-000480784,S-0072,-68.40601851257495,1,2,女性,56,10,12,0.4166666666666667,18768,1,12,4406797.312641796,9.01917808219178,6.0
C-002368202,S-0048,-75.02083195555849,1,2,男性,46,2,12,0.1666666666666666,20755,2,15,4502249.082895545,3.671232876712329,1.0
C-000047675,S-0020,1.0845289511875071,0,2,女性,64,12,12,0.5,13563,1,16,4280702.057267675,6.986301369863014,3.5
C-002548004,S-0085,-100.0,1,2,男性,41,1,12,0.5,0,0,15,4606655.398026554,4.928767123287671,2.0
C-001707002,S-0005,-47.64342199856218,0,2,男性,42,5,12,0.4166666666666667,0,0,21,4733942.970761149,4.69041095890411,2.0
C-001238364,S-0075,-36.7601426231088,0,2,男性,25,7,12,0.1666666666666666,12135,1,19,4506647.2743158825,4.526027397260274,1.0
C-001789530,S-0039,-99.17955741755291,1,2,男性,49,5,12,0.6666666666666666,3993,1,16,4591288.568998441,8.193150684931506,5.0
C-002320989,S-0036,-22.25987125460635,0,2,女性,85,2,12,0.6666666666666666,25776,2,19,4397834.424680548,11.123287671232877,9.0
C-002141287,S-0020,-60.07454294251839,1,2,女性,52,3,12,0.0833333333333333,0,0,16,4280702.057267675,6.986301369863014,3.5
C-000410827,S-0085,-13.460641184632196,0,2,女性,57,11,12,0.75,0,0,15,4606655.398026554,4.928767123287671,2.0
C-000697075,S-0020,-100.0,1,2,女性,50,9,12,0.4166666666666667,21017,2,16,4280702.057267675,6.986301369863014,3.5
C-002178731,S-0075,-23.016021657330633,0,2,男性,73,3,12,0.5,15257,1,19,4506647.2743158825,4.526027397260274,1.0
C-000235288,S-0063,-40.18291946185325,0,2,男性,56,11,12,0.4166666666666667,0,0,18,4564012.176421695,5.749315068493151,3.0
C-001625180,S-0030,-100.0,1,2,女性,80,5,12,0.25,3088,2,22,4426478.045479023,9.236986301369862,5.5
C-001441090,S-0054,-13.727400986138788,0,2,女性,48,6,12,0.4166666666666667,6668,1,23,4489160.181517739,6.358904109589041,4.0
C-000455724,S-0017,-1.0264466283991418,0,2,男性,76,10,12,0.5833333333333334,29067,1,20,4640207.03550726,5.608219178082192,2.5
C-000846687,S-0099,-19.761176749985157,0,2,女性,49,9,12,0.5833333333333334,0,0,13,4464126.154078853,8.147945205479452,5.0
C-000177918,S-0040,-50.096009706255415,1,2,男性,60,12,12,0.25,0,0,20,4550116.0180538,8.163013698630138,4.0
C-001682376,S-0085,-59.72985316301534,1,2,女性,60,5,12,0.4166666666666667,70385,2,15,4606655.398026554,4.928767123287671,2.0
C-000595329,S-0085,-57.5534743901029,1,2,女性,36,10,12,0.8333333333333334,0,0,15,4606655.398026554,4.928767123287671,2.0
C-002111750,S-0018,-79.95581473414678,1,2,男性,45,3,12,0.25,14945,1,16,4493108.581950108,7.550684931506849,5.0
C-002691059,S-0099,-21.867251735006615,0,2,女性,18,1,12,0.4166666666666667,40360,1,13,4464126.154078853,8.147945205479452,5.0
C-000136456,S-0020,-60.350209806455354,1,2,女性,52,12,12,0.25,0,0,16,4280702.057267675,6.986301369863014,3.5
C-000177941,S-0056,-7.2647699400202,0,2,女性,83,12,12,0.3333333333333333,13508,1,15,4406070.585753419,7.528767123287671,4.0
C-000612400,S-0113,-27.647235234237392,0,2,女性,24,10,12,0.5833333333333334,0,0,16,4336633.961311346,5.77945205479452,2.5
C-002118982,S-0040,-81.71173089205877,1,2,男性,48,3,12,0.0833333333333333,0,0,20,4550116.0180538,8.163013698630138,4.0
C-001186222,S-0072,-59.02300978577097,1,2,男性,30,7,12,0.0833333333333333,0,0,12,4406797.312641796,9.01917808219178,6.0
C-000730223,S-0054,-13.165194373168084,0,2,女性,52,9,12,1.0,0,0,23,4489160.181517739,6.358904109589041,4.0
C-000255848,S-0019,-13.69666371685025,0,2,女性,54,11,12,1.0,0,0,19,4327199.920883598,4.090410958904109,1.0
C-001377977,S-0131,-59.353418649559785,1,2,男性,52,6,12,0.5833333333333334,46987,1,17,4569023.5643747775,5.13972602739726,2.0
C-000550902,S-0121,-100.0,1,2,女性,48,10,12,0.4166666666666667,0,0,14,4716268.25678644,9.856164383561644,7.0
C-000521892,S-0054,-52.98104935244743,1,2,男性,51,10,12,0.5833333333333334,10866,1,23,4489160.181517739,6.358904109589041,4.0
C-001088074,S-0059,-20.887205001472946,0,2,男性,51,8,12,0.5,0,0,14,4713188.969095345,6.8123287671232875,3.0
C-000697147,S-0054,-58.402099909769504,1,2,男性,55,9,12,0.5833333333333334,0,0,23,4489160.181517739,6.358904109589041,4.0
C-001921614,S-0100,-9.132997824491564,0,2,女性,41,4,12,0.5833333333333334,0,0,17,4535925.154217558,4.720547945205479,2.0
C-002022025,S-0002,-31.840631630204168,0,2,女性,29,4,12,0.5,0,0,15,4455566.655169959,5.663013698630137,2.0
C-000993316,S-0039,-20.053915429116717,0,2,男性,63,8,12,0.25,0,0,16,4591288.568998441,8.193150684931506,5.0
C-000627979,S-0062,-46.49544936845238,0,2,男性,62,10,12,0.9166666666666666,0,0,15,4713869.782113416,4.575342465753424,1.0
C-000417196,S-0019,-22.801883584580985,0,2,女性,24,11,12,0.5833333333333334,0,0,19,4327199.920883598,4.090410958904109,1.0
C-002647558,S-0131,-100.0,1,2,男性,41,1,12,0.5,0,0,17,4569023.5643747775,5.13972602739726,2.0
C-002411401,S-0126,-41.894905568332284,0,2,女性,39,2,12,0.6666666666666666,89411,1,17,4493168.352495564,5.53972602739726,3.0
C-002263648,S-0050,-38.552551833822946,0,2,男性,78,2,12,0.0,5215,2,20,4615411.181286601,9.2013698630137,6.0
C-001287393,S-0062,-8.415683472640511,0,2,男性,73,7,12,0.75,97770,1,15,4713869.782113416,4.575342465753424,1.0
C-001576987,S-0079,-46.71779266818303,0,2,男性,52,5,12,0.0833333333333333,3404,2,13,4256656.371085242,8.479452054794521,6.0
C-002532537,S-0054,-22.373370415435424,0,2,男性,47,1,12,0.4166666666666667,18959,1,23,4489160.181517739,6.358904109589041,4.0
C-002686149,S-0063,-14.634867468062563,0,2,女性,26,1,12,0.3333333333333333,164200,2,18,4564012.176421695,5.749315068493151,3.0
C-001249983,S-0018,-7.14240343367112,0,2,女性,43,7,12,0.6666666666666666,0,0,16,4493108.581950108,7.550684931506849,5.0
C-001198166,S-0005,-45.350971096497936,0,2,男性,46,7,12,0.8333333333333334,7801,1,21,4733942.970761149,4.69041095890411,2.0
C-002014726,S-0020,-71.81463097693465,1,2,女性,51,4,12,0.25,3249,1,16,4280702.057267675,6.986301369863014,3.5
C-002347559,S-0059,-45.382812688748764,0,2,男性,46,2,12,0.0,8280,1,14,4713188.969095345,6.8123287671232875,3.0
C-001978774,S-0007,-100.0,1,2,女性,77,4,12,0.0833333333333333,0,0,21,4487075.727367008,3.7260273972602738,1.0
C-002398080,S-0111,-52.10498155501112,1,2,男性,32,2,12,0.4166666666666667,0,0,19,4489501.980758176,6.397260273972603,4.0
C-000594749,S-0019,-3.8548205001928104,0,2,男性,42,10,12,0.5833333333333334,0,0,19,4327199.920883598,4.090410958904109,1.0
C-001436428,S-0030,-29.791555609165794,0,2,女性,44,6,12,0.3333333333333333,0,0,22,4426478.045479023,9.236986301369862,5.5
C-000388623,S-0036,-99.20256755720592,1,2,男性,34,11,12,0.1666666666666666,0,0,19,4397834.424680548,11.123287671232877,9.0
C-001078260,S-0019,-6.140470100782952,0,2,女性,54,8,12,0.3333333333333333,0,0,19,4327199.920883598,4.090410958904109,1.0
C-002415201,S-0063,-43.1157039603369,0,2,女性,83,2,12,0.5833333333333334,0,0,18,4564012.176421695,5.749315068493151,3.0
C-001473581,S-0113,-21.01783982433572,0,2,男性,46,6,12,0.6666666666666666,0,0,16,4336633.961311346,5.77945205479452,2.5
C-002523727,S-0097,-20.130600871182832,0,2,女性,40,1,12,0.3333333333333333,0,0,21,4592508.716501317,10.09041095890411,7.0
C-001499419,S-0050,-49.03766502718095,1,2,男性,57,6,12,0.3333333333333333,0,0,20,4615411.181286601,9.2013698630137,6.0
C-000185585,S-0063,-60.30185376572349,1,2,女性,32,12,12,0.5,13088,1,18,4564012.176421695,5.749315068493151,3.0
C-001298952,S-0008,-100.0,1,2,女性,47,7,12,0.5,0,0,22,4498453.308937302,10.772602739726027,7.0
C-002175143,S-0020,-69.20915916160449,1,2,男性,49,3,12,0.4166666666666667,0,0,16,4280702.057267675,6.986301369863014,3.5
C-002103344,S-0004,-27.27829934820307,0,2,女性,70,3,12,0.25,1416,1,22,4423576.351309,11.806849315068494,9.0
C-002598840,S-0099,-60.48975391228018,1,2,男性,52,1,12,0.3333333333333333,6629,1,13,4464126.154078853,8.147945205479452,5.0
C-001880431,S-0063,-15.300367232979333,0,2,女性,21,4,12,0.3333333333333333,0,0,18,4564012.176421695,5.749315068493151,3.0
C-000976999,S-0005,-19.282854095820674,0,2,女性,58,8,12,0.3333333333333333,0,0,21,4733942.970761149,4.69041095890411,2.0
C-002486129,S-0131,-22.647394545074455,0,2,男性,37,1,12,0.1666666666666666,4662,1,17,4569023.5643747775,5.13972602739726,2.0
C-000800833,S-0050,-100.0,1,2,男性,37,9,12,0.3333333333333333,11299,1,20,4615411.181286601,9.2013698630137,6.0
C-002168725,S-0017,-100.0,1,2,女性,48,3,12,0.0833333333333333,0,0,20,4640207.03550726,5.608219178082192,2.5
C-000026897,S-0005,-100.0,1,2,女性,62,12,12,0.6666666666666666,0,0,21,4733942.970761149,4.69041095890411,2.0
C-001367025,S-0063,-2.840367657516712,0,2,女性,56,6,12,0.9166666666666666,6177,1,18,4564012.176421695,5.749315068493151,3.0
C-000093040,S-0030,-19.5115298170153,0,2,男性,48,12,12,0.4166666666666667,1764,1,22,4426478.045479023,9.236986301369862,5.5
C-002617611,S-0019,-18.62182688801154,0,2,女性,35,1,12,0.1666666666666666,0,0,19,4327199.920883598,4.090410958904109,1.0
C-002410946,S-0050,-19.94321598741731,0,2,男性,26,2,12,0.4166666666666667,0,0,20,4615411.181286601,9.2013698630137,6.0
C-000351333,S-0039,-97.85631598767068,1,2,女性,46,11,12,0.0833333333333333,0,0,16,4591288.568998441,8.193150684931506,5.0
C-000529269,S-0075,-72.69130831714226,1,2,女性,55,10,12,0.25,10989,1,19,4506647.2743158825,4.526027397260274,1.0
C-000341096,S-0002,-23.242136770107976,0,2,女性,19,11,12,0.4166666666666667,0,0,15,4455566.655169959,5.663013698630137,2.0
C-000144673,S-0002,-21.76178971916938,0,2,女性,39,12,12,0.25,16904,1,15,4455566.655169959,5.663013698630137,2.0
C-002399032,S-0019,-33.33225473477801,0,2,女性,37,2,12,0.25,4636,1,19,4327199.920883598,4.090410958904109,1.0
C-000793819,S-0075,-29.671141766227365,0,2,女性,45,9,12,0.4166666666666667,15059,1,19,4506647.2743158825,4.526027397260274,1.0
C-001557837,S-0111,-56.01739603841308,1,2,男性,40,6,12,0.3333333333333333,0,0,19,4489501.980758176,6.397260273972603,4.0
C-001214083,S-0007,-16.65028811363738,0,2,女性,36,7,12,0.1666666666666666,0,0,21,4487075.727367008,3.7260273972602738,1.0
C-000065739,S-0096,-95.42964319986042,1,2,女性,52,12,12,0.6666666666666666,0,0,16,4644856.458098179,8.302739726027397,5.0
C-000765850,S-0126,-43.7208263412008,0,2,女性,41,9,12,0.9166666666666666,17390,1,17,4493168.352495564,5.53972602739726,3.0
C-001247547,S-0089,-44.10968546688267,0,2,女性,50,7,12,0.0833333333333333,10453,1,19,4721110.949352573,10.142465753424657,7.0
C-001920362,S-0131,-7.014008827480329,0,2,女性,35,4,12,0.6666666666666666,19017,1,17,4569023.5643747775,5.13972602739726,2.0
C-000108308,S-0002,-76.89045340922921,1,2,女性,44,12,12,0.0833333333333333,0,0,15,4455566.655169959,5.663013698630137,2.0
C-001511001,S-0019,-25.118892480579486,0,2,男性,59,6,12,0.6666666666666666,0,0,19,4327199.920883598,4.090410958904109,1.0
C-002541862,S-0089,-25.34150747459772,0,2,男性,68,1,12,0.6666666666666666,0,0,19,4721110.949352573,10.142465753424657,7.0
C-002140154,S-0040,-72.21811444549263,1,2,女性,32,3,12,0.0833333333333333,0,0,20,4550116.0180538,8.163013698630138,4.0
C-001472612,S-0106,11.996932031617392,0,2,男性,59,6,12,0.5833333333333334,9805,1,20,4462729.145118021,6.171232876712329,3.5
C-001077742,S-0062,-44.3220199048291,0,2,男性,25,8,12,0.6666666666666666,0,0,15,4713869.782113416,4.575342465753424,1.0
C-000816847,S-0099,-46.49256327737671,0,2,女性,45,9,12,0.1666666666666666,7575,1,13,4464126.154078853,8.147945205479452,5.0
C-000148320,S-0036,-100.0,1,2,女性,53,12,12,0.0833333333333333,0,0,19,4397834.424680548,11.123287671232877,9.0
C-001669161,S-0008,-20.426982101863825,0,2,男性,58,5,12,0.1666666666666666,13480,1,22,4498453.308937302,10.772602739726027,7.0
C-000791563,S-0005,-12.533979869223423,0,2,女性,46,9,12,0.5,0,0,21,4733942.970761149,4.69041095890411,2.0
C-001934194,S-0072,-26.407260820498145,0,2,女性,50,4,12,0.5,17365,2,12,4406797.312641796,9.01917808219178,6.0
C-002082874,S-0019,-9.13305441375967,0,2,女性,28,3,12,0.75,12528,1,19,4327199.920883598,4.090410958904109,1.0
C-001118294,S-0041,-72.45454967533114,1,2,女性,59,8,12,0.0833333333333333,0,0,17,4828489.286769263,10.389041095890411,7.0
C-000404861,S-0131,-16.896434991712,0,2,男性,46,11,12,0.5833333333333334,8439,1,17,4569023.5643747775,5.13972602739726,2.0
C-001491579,S-0019,-24.922399480256985,0,2,男性,54,6,12,0.5833333333333334,0,0,19,4327199.920883598,4.090410958904109,1.0
C-001329713,S-0017,-69.85928086347477,1,2,男性,54,7,12,0.8333333333333334,11833,2,20,4640207.03550726,5.608219178082192,2.5
C-001737867,S-0008,-62.48273083122265,1,2,男性,49,5,12,0.0833333333333333,0,0,22,4498453.308937302,10.772602739726027,7.0
C-000473083,S-0040,-12.701835065222197,0,2,男性,59,10,12,0.5833333333333334,0,0,20,4550116.0180538,8.163013698630138,4.0
C-000121699,S-0040,-100.0,1,2,女性,26,12,12,0.5,0,0,20,4550116.0180538,8.163013698630138,4.0
C-000591765,S-0096,-2.0187484424223445,0,2,男性,33,10,12,0.6666666666666666,0,0,16,4644856.458098179,8.302739726027397,5.0
C-001306556,S-0004,-90.16510557231307,1,2,女性,59,7,12,0.0833333333333333,8742,1,22,4423576.351309,11.806849315068494,9.0
C-001938546,S-0020,-77.22912998006632,1,2,女性,62,4,12,0.25,0,0,16,4280702.057267675,6.986301369863014,3.5
C-001776006,S-0096,-100.0,1,2,男性,45,5,12,0.5833333333333334,0,0,16,4644856.458098179,8.302739726027397,5.0
C-000020302,S-0085,-17.106364546321934,0,2,女性,35,12,12,0.5833333333333334,0,0,15,4606655.398026554,4.928767123287671,2.0
C-000482699,S-0117,-43.68763354977906,0,2,女性,53,10,12,0.25,2864,1,20,4500859.737076383,9.593150684931507,7.0
C-001985186,S-0012,-100.0,1,2,女性,33,4,12,0.0,0,0,16,4444678.825084195,7.994520547945205,5.0
C-001857996,S-0102,-5.172756697108799,0,2,女性,49,4,12,0.5,0,0,16,4383474.364435211,10.484931506849314,7.5
C-002373386,S-0121,-17.630089360112635,0,2,女性,59,2,12,0.25,0,0,14,4716268.25678644,9.856164383561644,7.0
C-000973046,S-0126,-55.19289252720769,1,2,男性,45,8,12,0.5833333333333334,28184,1,17,4493168.352495564,5.53972602739726,3.0
C-000623103,S-0002,-60.122095708576815,1,2,男性,58,10,12,0.25,7025,1,15,4455566.655169959,5.663013698630137,2.0
C-000665374,S-0039,-45.82907415571392,0,2,女性,42,10,12,0.4166666666666667,10956,1,16,4591288.568998441,8.193150684931506,5.0
C-001225731,S-0005,-5.5209514867305725,0,2,女性,22,7,12,0.5833333333333334,2931,1,21,4733942.970761149,4.69041095890411,2.0
C-000947080,S-0005,-31.920987980742748,0,2,男性,49,8,12,0.5,0,0,21,4733942.970761149,4.69041095890411,2.0
C-002259278,S-0079,-54.01409729631563,1,2,男性,53,2,12,0.0833333333333333,0,0,13,4256656.371085242,8.479452054794521,6.0
C-002371262,S-0004,-39.584058867633864,0,2,男性,53,2,12,0.0833333333333333,0,0,22,4423576.351309,11.806849315068494,9.0
C-000312519,S-0005,-30.827287225678923,0,2,女性,47,11,12,0.6666666666666666,0,0,21,4733942.970761149,4.69041095890411,2.0
C-000408350,S-0040,-26.59930195901824,0,2,男性,66,11,12,1.0,10382,1,20,4550116.0180538,8.163013698630138,4.0
C-000209544,S-0048,-33.00057648361584,0,2,女性,53,12,12,0.25,14648,1,15,4502249.082895545,3.671232876712329,1.0
C-001705612,S-0117,-11.473623998474627,0,2,女性,65,5,12,0.4166666666666667,6093,2,20,4500859.737076383,9.593150684931507,7.0
C-001700695,S-0014,-100.0,1,2,女性,42,5,12,0.1666666666666666,0,0,21,4730192.353344672,7.336986301369863,4.0
C-002085097,S-0017,-25.34634377325306,0,2,女性,70,3,12,0.25,2181,1,20,4640207.03550726,5.608219178082192,2.5
C-002058659,S-0002,-32.33048863104196,0,2,男性,34,3,12,0.5,4471,2,15,4455566.655169959,5.663013698630137,2.0
C-000713981,S-0089,-24.553930593327838,0,2,女性,47,9,12,0.1666666666666666,42844,1,19,4721110.949352573,10.142465753424657,7.0
C-001197312,S-0096,-41.07044717863592,0,2,男性,39,7,12,0.1666666666666666,9360,1,16,4644856.458098179,8.302739726027397,5.0
C-001709529,S-0111,-50.05279374625658,1,2,男性,55,5,12,0.4166666666666667,0,0,19,4489501.980758176,6.397260273972603,4.0
C-001622880,S-0002,-100.0,1,2,女性,37,5,12,0.3333333333333333,0,0,15,4455566.655169959,5.663013698630137,2.0
C-001467946,S-0062,-15.420675036686776,0,2,女性,56,6,12,0.1666666666666666,0,0,15,4713869.782113416,4.575342465753424,1.0
C-000970291,S-0007,-100.0,1,2,男性,71,8,12,0.3333333333333333,0,0,21,4487075.727367008,3.7260273972602738,1.0
C-000255767,S-0111,-43.25409973719924,0,2,男性,62,11,12,0.5833333333333334,3971,1,19,4489501.980758176,6.397260273972603,4.0
C-002590578,S-0113,-28.753409121594252,0,2,女性,54,1,12,0.1666666666666666,25914,1,16,4336633.961311346,5.77945205479452,2.5
C-002294183,S-0036,-100.0,1,2,男性,81,2,12,0.25,0,0,19,4397834.424680548,11.123287671232877,9.0
C-000825491,S-0020,-59.97667332712494,1,2,男性,45,9,12,0.0833333333333333,11320,1,16,4280702.057267675,6.986301369863014,3.5
C-002338259,S-0039,-30.14484871936999,0,2,女性,61,2,12,0.1666666666666666,85654,2,16,4591288.568998441,8.193150684931506,5.0
C-000847372,S-0020,-98.13290099712836,1,2,女性,33,9,12,0.25,0,0,16,4280702.057267675,6.986301369863014,3.5
C-000543924,S-0002,-100.0,1,2,女性,79,10,12,0.6666666666666666,9097,1,15,4455566.655169959,5.663013698630137,2.0
C-000205737,S-0126,-1.9396161828467353,0,2,女性,48,12,12,0.1666666666666666,15970,1,17,4493168.352495564,5.53972602739726,3.0
C-000254810,S-0005,-7.933748114402031,0,2,男性,39,11,12,0.5833333333333334,0,0,21,4733942.970761149,4.69041095890411,2.0
C-001601071,S-0102,-42.9491957792907,0,2,女性,35,5,12,0.25,12972,2,16,4383474.364435211,10.484931506849314,7.5
C-000232476,S-0019,-100.0,1,2,男性,51,11,12,0.4166666666666667,0,0,19,4327199.920883598,4.090410958904109,1.0
C-002133075,S-0050,-100.0,1,2,女性,51,3,12,0.5,6025,2,20,4615411.181286601,9.2013698630137,6.0
C-000924752,S-0126,-35.71176262804663,0,2,女性,25,8,12,0.6666666666666666,3469,1,17,4493168.352495564,5.53972602739726,3.0
C-000077918,S-0004,-100.0,1,2,女性,50,12,12,0.5833333333333334,46155,2,22,4423576.351309,11.806849315068494,9.0
C-000058339,S-0117,-99.58182534175933,1,2,女性,58,12,12,0.0833333333333333,13716,1,20,4500859.737076383,9.593150684931507,7.0
C-000381202,S-0019,-13.461327482172244,0,2,男性,36,11,12,0.5833333333333334,2931,1,19,4327199.920883598,4.090410958904109,1.0
C-001952960,S-0126,-42.338304383110845,0,2,女性,33,4,12,0.4166666666666667,0,0,17,4493168.352495564,5.53972602739726,3.0
C-000757115,S-0036,-22.552019496418705,0,2,女性,47,9,12,0.4166666666666667,1855,1,19,4397834.424680548,11.123287671232877,9.0
C-001967595,S-0017,-38.14082350975351,0,2,女性,46,4,12,0.5,0,0,20,4640207.03550726,5.608219178082192,2.5
C-002211736,S-0082,-45.20551205464455,0,2,男性,68,3,12,0.3333333333333333,3512,1,17,4607261.71451126,4.758904109589041,2.0
C-000438984,S-0131,-100.0,1,2,男性,47,11,12,0.25,0,0,17,4569023.5643747775,5.13972602739726,2.0
C-001234466,S-0039,-56.88617106566268,1,2,男性,43,7,12,0.1666666666666666,5026,1,16,4591288.568998441,8.193150684931506,5.0
C-000494544,S-0085,-14.895042089720366,0,2,女性,45,10,12,0.6666666666666666,0,0,15,4606655.398026554,4.928767123287671,2.0
C-000631452,S-0085,-24.68647753326969,0,2,男性,86,10,12,0.75,3779,1,15,4606655.398026554,4.928767123287671,2.0
C-000950313,S-0059,-74.39258890598136,1,2,女性,69,8,12,0.6666666666666666,0,0,14,4713188.969095345,6.8123287671232875,3.0
C-001379835,S-0054,-54.11443433029909,1,2,男性,58,6,12,0.3333333333333333,5942,1,23,4489160.181517739,6.358904109589041,4.0
C-000505645,S-0062,-43.33003576592345,0,2,男性,53,10,12,0.5833333333333334,0,0,15,4713869.782113416,4.575342465753424,1.0
C-001762994,S-0054,-44.415205017331125,0,2,女性,62,5,12,0.25,0,0,23,4489160.181517739,6.358904109589041,4.0
C-002546831,S-0017,-45.27018533778405,0,2,女性,54,1,12,0.6666666666666666,7789,1,20,4640207.03550726,5.608219178082192,2.5
C-001907439,S-0019,-10.33619408480499,0,2,女性,54,4,12,0.5,2936,1,19,4327199.920883598,4.090410958904109,1.0
C-000850697,S-0100,-100.0,1,2,女性,50,9,12,0.5833333333333334,0,0,17,4535925.154217558,4.720547945205479,2.0
C-000253520,S-0131,-39.87923247748085,0,2,男性,67,11,12,0.5,0,0,17,4569023.5643747775,5.13972602739726,2.0
C-001661357,S-0007,-53.75024376741757,1,2,男性,46,5,12,0.4166666666666667,12773,2,21,4487075.727367008,3.7260273972602738,1.0
C-000404475,S-0121,-4.881616140168613,0,2,女性,48,11,12,0.6666666666666666,270,1,14,4716268.25678644,9.856164383561644,7.0
C-000344949,S-0063,-21.422739670858736,0,2,男性,79,11,12,0.4166666666666667,0,0,18,4564012.176421695,5.749315068493151,3.0
C-002055652,S-0002,-24.454748900015172,0,2,女性,43,3,12,0.4166666666666667,0,0,15,4455566.655169959,5.663013698630137,2.0
C-000055302,S-0121,-59.17610846288356,1,2,男性,49,12,12,0.4166666666666667,3783,1,14,4716268.25678644,9.856164383561644,7.0
C-002592323,S-0082,-85.53047968021319,1,2,女性,38,1,12,0.25,5261,1,17,4607261.71451126,4.758904109589041,2.0
C-001368063,S-0072,-22.413993575861518,0,2,男性,47,6,12,0.3333333333333333,0,0,12,4406797.312641796,9.01917808219178,6.0
C-000389061,S-0111,-25.86137396780798,0,2,男性,81,11,12,0.1666666666666666,0,0,19,4489501.980758176,6.397260273972603,4.0
C-001217533,S-0056,-75.23045878410211,1,2,女性,43,7,12,0.1666666666666666,0,0,15,4406070.585753419,7.528767123287671,4.0
C-000286795,S-0115,-69.47778571387093,1,2,男性,32,11,12,0.25,-8407,1,14,4553643.099564746,10.51095890410959,7.0
C-002048213,S-0054,-43.5144115521213,0,2,男性,37,3,12,0.25,5031,2,23,4489160.181517739,6.358904109589041,4.0
C-001192433,S-0111,-59.741375864412205,1,2,男性,59,7,12,0.3333333333333333,0,0,19,4489501.980758176,6.397260273972603,4.0
C-000285893,S-0054,-38.398088781176185,0,2,男性,86,11,12,0.4166666666666667,9936,1,23,4489160.181517739,6.358904109589041,4.0
C-002419033,S-0017,-100.0,1,2,女性,55,2,12,0.4166666666666667,19751,1,20,4640207.03550726,5.608219178082192,2.5
C-001588100,S-0014,-73.22975836687607,1,2,女性,46,5,12,0.0833333333333333,32198,2,21,4730192.353344672,7.336986301369863,4.0
C-002124680,S-0005,-56.06573541495481,1,2,男性,51,3,12,0.5,0,0,21,4733942.970761149,4.69041095890411,2.0
C-001508354,S-0089,-34.3229567229941,0,2,女性,60,6,12,0.1666666666666666,0,0,19,4721110.949352573,10.142465753424657,7.0
C-000159374,S-0082,-3.0276456234006854,0,2,男性,78,12,12,0.75,4565,1,17,4607261.71451126,4.758904109589041,2.0
C-000855321,S-0007,-14.645937810026698,0,2,男性,49,9,12,0.4166666666666667,72565,1,21,4487075.727367008,3.7260273972602738,1.0
C-002157285,S-0085,-5.988145934986953,0,2,女性,67,3,12,0.75,0,0,15,4606655.398026554,4.928767123287671,2.0
C-002654775,S-0121,-16.419060985691235,0,2,男性,48,1,12,0.1666666666666666,2354,1,14,4716268.25678644,9.856164383561644,7.0
C-000977274,S-0036,-10.02523368629651,0,2,女性,67,8,12,0.6666666666666666,0,0,19,4397834.424680548,11.123287671232877,9.0
C-000809130,S-0012,-100.0,1,2,男性,59,9,12,0.5,20330,2,16,4444678.825084195,7.994520547945205,5.0
C-001547518,S-0030,-100.0,1,2,男性,31,6,12,0.3333333333333333,9538,1,22,4426478.045479023,9.236986301369862,5.5
C-002463149,S-0039,-23.49118685906369,0,2,女性,41,2,12,0.3333333333333333,0,0,16,4591288.568998441,8.193150684931506,5.0
C-000895634,S-0063,-100.0,1,2,女性,57,9,12,0.75,10021,2,18,4564012.176421695,5.749315068493151,3.0
C-000984136,S-0075,-13.255947290491092,0,2,男性,44,8,12,0.0,0,0,19,4506647.2743158825,4.526027397260274,1.0
C-000120945,S-0020,-45.029783214759064,0,2,女性,68,12,12,0.25,0,0,16,4280702.057267675,6.986301369863014,3.5
C-002513006,S-0040,-100.0,1,2,男性,52,1,12,0.3333333333333333,0,0,20,4550116.0180538,8.163013698630138,4.0
C-000379654,S-0036,-75.4311451950244,1,2,女性,34,11,12,0.25,0,0,19,4397834.424680548,11.123287671232877,9.0
C-000716348,S-0008,-100.0,1,2,女性,50,9,12,0.25,10385,1,22,4498453.308937302,10.772602739726027,7.0
C-001616968,S-0017,-68.7510988045007,1,2,女性,54,5,12,0.75,0,0,20,4640207.03550726,5.608219178082192,2.5
C-000708959,S-0089,-76.08352325922283,1,2,女性,23,9,12,0.3333333333333333,0,0,19,4721110.949352573,10.142465753424657,7.0
C-001323426,S-0085,-33.05428759116711,0,2,女性,61,7,12,1.0,0,0,15,4606655.398026554,4.928767123287671,2.0
C-002600573,S-0056,-100.0,1,2,女性,43,1,12,0.0,6938,1,15,4406070.585753419,7.528767123287671,4.0
C-000355137,S-0074,-0.1254292119526661,0,2,男性,33,11,12,0.4166666666666667,0,0,14,4614054.39694187,8.308219178082192,6.0
C-001098234,S-0059,-38.03474982973534,0,2,男性,25,8,12,0.6666666666666666,27569,1,14,4713188.969095345,6.8123287671232875,3.0
C-000418514,S-0059,-38.19625316267302,0,2,男性,46,11,12,0.25,1508,1,14,4713188.969095345,6.8123287671232875,3.0
C-000216675,S-0111,-100.0,1,2,男性,41,12,12,0.25,0,0,19,4489501.980758176,6.397260273972603,4.0
C-001355091,S-0126,-20.131003889291872,0,2,女性,68,6,12,0.1666666666666666,0,0,17,4493168.352495564,5.53972602739726,3.0
C-000148389,S-0099,-73.2541985404027,1,2,男性,76,12,12,0.5833333333333334,13108,1,13,4464126.154078853,8.147945205479452,5.0
C-002420159,S-0004,-100.0,1,2,女性,66,2,12,0.25,0,0,22,4423576.351309,11.806849315068494,9.0
C-001244573,S-0117,-22.557966734620003,0,2,男性,40,7,12,0.75,0,0,20,4500859.737076383,9.593150684931507,7.0
C-001694846,S-0085,-34.35236029717134,0,2,女性,45,5,12,0.5,0,0,15,4606655.398026554,4.928767123287671,2.0
C-000103296,S-0085,1.521058795671123,0,2,女性,56,12,12,0.75,17716,1,15,4606655.398026554,4.928767123287671,2.0
C-000971660,S-0050,-33.189443646740216,0,2,女性,34,8,12,0.6666666666666666,75011,1,20,4615411.181286601,9.2013698630137,6.0
C-000818615,S-0036,-2.929792843691149,0,2,男性,46,9,12,0.4166666666666667,41000,1,19,4397834.424680548,11.123287671232877,9.0
C-002545255,S-0089,4.873294676802867,0,2,女性,46,1,12,0.8333333333333334,10389,1,19,4721110.949352573,10.142465753424657,7.0
C-002553364,S-0002,-100.0,1,2,女性,53,1,12,0.4166666666666667,1351,1,15,4455566.655169959,5.663013698630137,2.0
C-000253138,S-0085,-6.869722889473529,0,2,女性,53,11,12,0.9166666666666666,0,0,15,4606655.398026554,4.928767123287671,2.0
C-001677278,S-0048,-100.0,1,2,女性,42,5,12,0.0833333333333333,61115,1,15,4502249.082895545,3.671232876712329,1.0
C-002046919,S-0131,-4.269187327151761,0,2,男性,34,3,12,0.8333333333333334,9023,1,17,4569023.5643747775,5.13972602739726,2.0
C-000273712,S-0030,-100.0,1,2,女性,52,11,12,0.5833333333333334,11232,1,22,4426478.045479023,9.236986301369862,5.5
C-001622492,S-0005,-19.84184371055953,0,2,女性,21,5,12,0.5,0,0,21,4733942.970761149,4.69041095890411,2.0
C-002555623,S-0121,-97.07224845054036,1,2,女性,27,1,12,0.6666666666666666,1157,2,14,4716268.25678644,9.856164383561644,7.0
C-000315415,S-0131,-18.427145614428184,0,2,男性,42,11,12,0.75,0,0,17,4569023.5643747775,5.13972602739726,2.0
C-000045030,S-0099,-100.0,1,2,女性,38,12,12,0.1666666666666666,28227,2,13,4464126.154078853,8.147945205479452,5.0
C-001819607,S-0089,-85.83256755996474,1,2,男性,38,4,12,0.6666666666666666,6209,1,19,4721110.949352573,10.142465753424657,7.0
C-001152905,S-0131,-39.56008502239429,0,2,女性,70,7,12,0.4166666666666667,5632,2,17,4569023.5643747775,5.13972602739726,2.0
C-001285422,S-0082,-68.6373484187404,1,2,男性,31,7,12,0.25,0,0,17,4607261.71451126,4.758904109589041,2.0
C-000892199,S-0099,-5.3608496034874555,0,2,男性,52,9,12,0.1666666666666666,50631,1,13,4464126.154078853,8.147945205479452,5.0
C-002414123,S-0121,-100.0,1,2,男性,50,2,12,0.6666666666666666,0,0,14,4716268.25678644,9.856164383561644,7.0
C-001281311,S-0018,-78.07816085103848,1,2,女性,64,7,12,0.25,0,0,16,4493108.581950108,7.550684931506849,5.0
C-002028000,S-0018,-4.059908234637536,0,2,女性,57,3,12,0.5,0,0,16,4493108.581950108,7.550684931506849,5.0
C-000087926,S-0100,-100.0,1,2,女性,58,12,12,0.25,0,0,17,4535925.154217558,4.720547945205479,2.0
C-001339892,S-0131,-38.018573844267124,0,2,男性,50,7,12,0.4166666666666667,0,0,17,4569023.5643747775,5.13972602739726,2.0
C-001780056,S-0018,-32.06574933318983,0,2,男性,66,5,12,0.1666666666666666,0,0,16,4493108.581950108,7.550684931506849,5.0
C-001933007,S-0115,-75.56625555295768,1,2,女性,64,4,12,0.75,93102,1,14,4553643.099564746,10.51095890410959,7.0
C-000033962,S-0072,-100.0,1,2,女性,20,12,12,0.0833333333333333,59423,1,12,4406797.312641796,9.01917808219178,6.0
C-000266926,S-0030,-35.60472770176564,0,2,女性,50,11,12,0.3333333333333333,17091,2,22,4426478.045479023,9.236986301369862,5.5
C-002480498,S-0041,-98.20001070148216,1,2,女性,43,1,12,0.0833333333333333,34683,1,17,4828489.286769263,10.389041095890411,7.0
C-001283293,S-0002,-100.0,1,2,女性,35,7,12,0.6666666666666666,0,0,15,4455566.655169959,5.663013698630137,2.0
C-000265886,S-0012,-26.863431171703624,0,2,男性,70,11,12,0.25,29572,1,16,4444678.825084195,7.994520547945205,5.0
C-002530352,S-0085,-0.5083871520596683,0,2,男性,63,1,12,0.4166666666666667,0,0,15,4606655.398026554,4.928767123287671,2.0
C-001267024,S-0050,-100.0,1,2,男性,64,7,12,0.5,0,0,20,4615411.181286601,9.2013698630137,6.0
C-000233772,S-0082,-72.48694763922518,1,2,女性,80,11,12,0.5,0,0,17,4607261.71451126,4.758904109589041,2.0
C-002198654,S-0019,-0.24141081703810316,0,2,女性,51,3,12,0.8333333333333334,236276,1,19,4327199.920883598,4.090410958904109,1.0
C-001322680,S-0075,-70.78354815442029,1,2,女性,88,7,12,0.4166666666666667,0,0,19,4506647.2743158825,4.526027397260274,1.0
C-001927217,S-0054,-5.98675173911117,0,2,男性,55,4,12,0.75,13253,2,23,4489160.181517739,6.358904109589041,4.0
C-001255538,S-0054,-100.0,1,2,女性,50,7,12,0.0,0,0,23,4489160.181517739,6.358904109589041,4.0
C-001209269,S-0062,-40.79209967125022,0,2,男性,44,7,12,0.1666666666666666,0,0,15,4713869.782113416,4.575342465753424,1.0
C-001681803,S-0111,-100.0,1,2,女性,51,5,12,0.5833333333333334,0,0,19,4489501.980758176,6.397260273972603,4.0
C-000289884,S-0005,-43.928534787260546,0,2,女性,63,11,12,0.5833333333333334,0,0,21,4733942.970761149,4.69041095890411,2.0
C-000368629,S-0100,-97.46350830710145,1,2,女性,53,11,12,0.1666666666666666,0,0,17,4535925.154217558,4.720547945205479,2.0
C-001535898,S-0004,-26.441030342748117,0,2,女性,32,6,12,0.4166666666666667,15079,2,22,4423576.351309,11.806849315068494,9.0
C-000106053,S-0131,-20.54908140836893,0,2,女性,55,12,12,0.5833333333333334,0,0,17,4569023.5643747775,5.13972602739726,2.0
C-001766937,S-0075,-27.40202486712406,0,2,女性,61,5,12,0.3333333333333333,10989,1,19,4506647.2743158825,4.526027397260274,1.0
C-002218762,S-0085,-68.59920488016868,1,2,男性,34,3,12,0.9166666666666666,0,0,15,4606655.398026554,4.928767123287671,2.0
C-001789802,S-0072,-58.092495616734205,1,2,女性,52,5,12,0.1666666666666666,10453,2,12,4406797.312641796,9.01917808219178,6.0
C-001102797,S-0099,-94.41512585899237,1,2,女性,45,8,12,0.4166666666666667,0,0,13,4464126.154078853,8.147945205479452,5.0
C-001701034,S-0018,-77.11800254854215,1,2,女性,49,5,12,0.25,0,0,16,4493108.581950108,7.550684931506849,5.0
C-001128161,S-0131,-100.0,1,2,女性,48,7,12,0.4166666666666667,0,0,17,4569023.5643747775,5.13972602739726,2.0
C-002409587,S-0019,-12.75718495687674,0,2,女性,53,2,12,0.5833333333333334,230289,1,19,4327199.920883598,4.090410958904109,1.0
C-001374570,S-0050,-56.87681952939291,1,2,男性,77,6,12,0.5,4546,1,20,4615411.181286601,9.2013698630137,6.0
C-002212649,S-0017,-55.445210727969354,1,2,男性,34,3,12,0.0833333333333333,0,0,20,4640207.03550726,5.608219178082192,2.5
C-002319389,S-0082,-69.25335508267221,1,2,女性,60,2,12,0.3333333333333333,0,0,17,4607261.71451126,4.758904109589041,2.0
C-001612978,S-0072,-100.0,1,2,男性,65,5,12,0.8333333333333334,38658,1,12,4406797.312641796,9.01917808219178,6.0
C-001206965,S-0074,-57.014509621860554,1,2,男性,34,7,12,0.25,5655,1,14,4614054.39694187,8.308219178082192,6.0
C-000703815,S-0100,-85.56277566411904,1,2,女性,41,9,12,0.4166666666666667,0,0,17,4535925.154217558,4.720547945205479,2.0
C-002526991,S-0099,-33.38202161377783,0,2,女性,59,1,12,0.0833333333333333,9368,1,13,4464126.154078853,8.147945205479452,5.0
C-000541007,S-0111,-100.0,1,2,女性,61,10,12,0.8333333333333334,0,0,19,4489501.980758176,6.397260273972603,4.0
C-002652074,S-0054,-44.28389184479916,0,2,男性,55,1,12,0.6666666666666666,7325,1,23,4489160.181517739,6.358904109589041,4.0
C-002151605,S-0085,-40.838223170554286,0,2,女性,52,3,12,0.6666666666666666,0,0,15,4606655.398026554,4.928767123287671,2.0
C-000023174,S-0041,-30.349532884709102,0,2,女性,34,12,12,0.5,0,0,17,4828489.286769263,10.389041095890411,7.0
C-000950506,S-0111,-100.0,1,2,女性,54,8,12,0.9166666666666666,17971,1,19,4489501.980758176,6.397260273972603,4.0
C-000064334,S-0005,-24.67007409811239,0,2,女性,33,12,12,0.5,0,0,21,4733942.970761149,4.69041095890411,2.0
C-001418039,S-0074,-19.87385457574676,0,2,男性,50,6,12,0.1666666666666666,0,0,14,4614054.39694187,8.308219178082192,6.0
C-000677141,S-0050,-49.92093794592927,1,2,女性,78,9,12,0.5833333333333334,26528,1,20,4615411.181286601,9.2013698630137,6.0
C-002380023,S-0085,-24.86386170404048,0,2,女性,78,2,12,0.25,11512,1,15,4606655.398026554,4.928767123287671,2.0
C-002452818,S-0020,-99.05665581728913,1,2,男性,31,2,12,0.6666666666666666,0,0,16,4280702.057267675,6.986301369863014,3.5
C-000425946,S-0054,-14.841711008153439,0,2,女性,60,11,12,0.25,0,0,23,4489160.181517739,6.358904109589041,4.0
C-002529112,S-0062,-14.455898373141988,0,2,男性,42,1,12,0.5833333333333334,0,0,15,4713869.782113416,4.575342465753424,1.0
C-002599830,S-0111,-33.51289958749714,0,2,女性,35,1,12,0.25,0,0,19,4489501.980758176,6.397260273972603,4.0
C-001955300,S-0019,-2.1565387588378377,0,2,女性,58,4,12,0.5,7067,1,19,4327199.920883598,4.090410958904109,1.0
C-002179480,S-0019,-7.743825424286488,0,2,女性,67,3,12,0.25,0,0,19,4327199.920883598,4.090410958904109,1.0
C-001437709,S-0111,-100.0,1,2,女性,54,6,12,0.25,0,0,19,4489501.980758176,6.397260273972603,4.0
C-001374683,S-0100,-6.483697985258701,0,2,女性,59,6,12,1.0,0,0,17,4535925.154217558,4.720547945205479,2.0
C-002216164,S-0075,-29.822787727670363,0,2,女性,34,3,12,0.3333333333333333,0,0,19,4506647.2743158825,4.526027397260274,1.0
C-002579731,S-0062,-15.57491746783623,0,2,女性,36,1,12,0.4166666666666667,0,0,15,4713869.782113416,4.575342465753424,1.0
C-000461977,S-0121,-83.42003468053888,1,2,男性,41,10,12,0.25,25460,1,14,4716268.25678644,9.856164383561644,7.0
C-002402707,S-0050,-45.56218453267323,0,2,男性,42,2,12,0.5,40456,1,20,4615411.181286601,9.2013698630137,6.0
C-001527736,S-0062,-3.4646604160739516,0,2,男性,42,6,12,0.5,12634,1,15,4713869.782113416,4.575342465753424,1.0
C-000018093,S-0085,-13.62622281090915,0,2,男性,42,12,12,0.5,11252,1,15,4606655.398026554,4.928767123287671,2.0
C-000338638,S-0054,-100.0,1,2,女性,43,11,12,0.6666666666666666,0,0,23,4489160.181517739,6.358904109589041,4.0
C-002029730,S-0056,-49.28304528189239,1,2,女性,46,3,12,0.0,21681,1,15,4406070.585753419,7.528767123287671,4.0
C-001906144,S-0005,-74.23061568103314,1,2,女性,49,4,12,0.0,0,0,21,4733942.970761149,4.69041095890411,2.0
C-002595785,S-0062,-0.854724413695245,0,2,女性,57,1,12,0.9166666666666666,17209,2,15,4713869.782113416,4.575342465753424,1.0
C-001599153,S-0085,-48.96617664634875,1,2,男性,59,5,12,0.5833333333333334,21612,1,15,4606655.398026554,4.928767123287671,2.0
C-002203448,S-0017,-24.742191628962193,0,2,女性,65,3,12,0.4166666666666667,139780,2,20,4640207.03550726,5.608219178082192,2.5
C-001891423,S-0059,-71.15479884233307,1,2,女性,58,4,12,0.5,0,0,14,4713188.969095345,6.8123287671232875,3.0
C-000556086,S-0017,-15.564273023712676,0,2,女性,35,10,12,0.5833333333333334,0,0,20,4640207.03550726,5.608219178082192,2.5
C-000890994,S-0007,-44.784199350167576,0,2,女性,41,9,12,0.0833333333333333,4595,1,21,4487075.727367008,3.7260273972602738,1.0
C-001862606,S-0017,-31.055240495694182,0,2,男性,75,4,12,0.4166666666666667,13686,1,20,4640207.03550726,5.608219178082192,2.5
C-002253351,S-0075,-97.8539604802231,1,2,男性,51,2,12,0.25,0,0,19,4506647.2743158825,4.526027397260274,1.0
C-002089157,S-0048,-63.74340189297415,1,2,女性,30,3,12,0.1666666666666666,7000,1,15,4502249.082895545,3.671232876712329,1.0
C-000295343,S-0002,-17.35332475818991,0,2,男性,55,11,12,0.1666666666666666,0,0,15,4455566.655169959,5.663013698630137,2.0
C-000747352,S-0059,-2.977150273331498,0,2,女性,89,9,12,0.5833333333333334,141,2,14,4713188.969095345,6.8123287671232875,3.0
C-001331269,S-0040,-66.33518247091783,1,2,男性,63,7,12,0.3333333333333333,5392,1,20,4550116.0180538,8.163013698630138,4.0
C-000720780,S-0019,-9.807023430966801,0,2,男性,60,9,12,0.1666666666666666,0,0,19,4327199.920883598,4.090410958904109,1.0
C-001230209,S-0018,-21.867366265334397,0,2,女性,31,7,12,0.3333333333333333,31778,2,16,4493108.581950108,7.550684931506849,5.0
C-002242067,S-0126,-16.105258641034993,0,2,女性,26,3,12,0.6666666666666666,0,0,17,4493168.352495564,5.53972602739726,3.0
C-001073332,S-0039,-8.859592311660942,0,2,男性,45,8,12,0.5833333333333334,0,0,16,4591288.568998441,8.193150684931506,5.0
C-000324008,S-0059,-26.798955923355283,0,2,男性,45,11,12,0.1666666666666666,0,0,14,4713188.969095345,6.8123287671232875,3.0
C-000407458,S-0131,-100.0,1,2,女性,33,11,12,0.1666666666666666,0,0,17,4569023.5643747775,5.13972602739726,2.0
C-001954790,S-0056,-27.919460375083773,0,2,男性,48,4,12,0.1666666666666666,3303,1,15,4406070.585753419,7.528767123287671,4.0
C-000099472,S-0007,-83.2552258427079,1,2,女性,71,12,12,0.3333333333333333,7511,1,21,4487075.727367008,3.7260273972602738,1.0
C-000038438,S-0039,-47.60575306490606,0,2,女性,56,12,12,0.3333333333333333,0,0,16,4591288.568998441,8.193150684931506,5.0
C-002252997,S-0079,-30.9806398895866,0,2,男性,63,2,12,0.0833333333333333,0,0,13,4256656.371085242,8.479452054794521,6.0
C-001124518,S-0019,-16.06784564416033,0,2,女性,57,8,12,0.0833333333333333,3201,1,19,4327199.920883598,4.090410958904109,1.0
C-001050362,S-0113,-53.48699507531447,1,2,男性,40,8,12,0.1666666666666666,50251,1,16,4336633.961311346,5.77945205479452,2.5
C-000576786,S-0082,-27.677236081735234,0,2,女性,42,10,12,0.5,0,0,17,4607261.71451126,4.758904109589041,2.0
C-001288381,S-0089,-33.21584195967367,0,2,男性,45,7,12,0.3333333333333333,1979,1,19,4721110.949352573,10.142465753424657,7.0
C-000218641,S-0131,-100.0,1,2,男性,45,12,12,0.0833333333333333,0,0,17,4569023.5643747775,5.13972602739726,2.0
C-002423987,S-0115,3.086067715479494,0,2,女性,64,2,12,0.5,0,0,14,4553643.099564746,10.51095890410959,7.0
C-002241877,S-0072,-23.370791977622016,0,2,女性,48,3,12,0.25,0,0,12,4406797.312641796,9.01917808219178,6.0
C-000663006,S-0111,1.2741420545208986,0,2,男性,63,10,12,0.75,11550,1,19,4489501.980758176,6.397260273972603,4.0
C-000663500,S-0040,-63.38790271374541,1,2,女性,18,10,12,0.0833333333333333,8783,2,20,4550116.0180538,8.163013698630138,4.0
C-001729474,S-0040,-31.07833910084133,0,2,男性,19,5,12,0.0,0,0,20,4550116.0180538,8.163013698630138,4.0
C-000550208,S-0074,-59.50679611650486,1,2,男性,50,10,12,0.5,0,0,14,4614054.39694187,8.308219178082192,6.0
C-001031874,S-0100,-100.0,1,2,女性,67,8,12,0.1666666666666666,0,0,17,4535925.154217558,4.720547945205479,2.0
C-001398858,S-0020,-100.0,1,2,男性,36,6,12,0.5833333333333334,0,0,16,4280702.057267675,6.986301369863014,3.5
C-001455108,S-0106,-61.817912920018934,1,2,女性,56,6,12,0.3333333333333333,0,0,20,4462729.145118021,6.171232876712329,3.5
C-000558926,S-0005,-13.691070216757813,0,2,女性,32,10,12,0.4166666666666667,17804,1,21,4733942.970761149,4.69041095890411,2.0
C-000177726,S-0056,-100.0,1,2,女性,31,12,12,0.25,0,0,15,4406070.585753419,7.528767123287671,4.0
C-001008526,S-0059,-24.418910885874023,0,2,女性,70,8,12,0.0833333333333333,0,0,14,4713188.969095345,6.8123287671232875,3.0
C-001645881,S-0089,-100.0,1,2,男性,65,5,12,0.25,19884,1,19,4721110.949352573,10.142465753424657,7.0
C-000276524,S-0131,-38.96713837746035,0,2,男性,52,11,12,0.9166666666666666,0,0,17,4569023.5643747775,5.13972602739726,2.0
C-002632247,S-0082,-7.558046826976331,0,2,女性,36,1,12,0.0,0,0,17,4607261.71451126,4.758904109589041,2.0
C-000343641,S-0030,-13.072310310364388,0,2,男性,50,11,12,0.4166666666666667,17770,2,22,4426478.045479023,9.236986301369862,5.5
C-000055172,S-0079,-23.27982605512322,0,2,女性,43,12,12,0.5,0,0,13,4256656.371085242,8.479452054794521,6.0
C-000815172,S-0115,-5.531604795177809,0,2,男性,55,9,12,0.8333333333333334,14474,1,14,4553643.099564746,10.51095890410959,7.0
C-000028161,S-0036,-30.301468511719854,0,2,女性,48,12,12,0.4166666666666667,90163,1,19,4397834.424680548,11.123287671232877,9.0
C-001951589,S-0019,-5.346417877120561,0,2,女性,52,4,12,0.4166666666666667,0,0,19,4327199.920883598,4.090410958904109,1.0
C-000832524,S-0075,-49.33907742451449,1,2,女性,49,9,12,0.5833333333333334,14393,1,19,4506647.2743158825,4.526027397260274,1.0
C-000148910,S-0056,-100.0,1,2,女性,49,12,12,0.1666666666666666,17291,1,15,4406070.585753419,7.528767123287671,4.0
C-000028511,S-0059,-61.09216582814674,1,2,女性,60,12,12,0.3333333333333333,9017,2,14,4713188.969095345,6.8123287671232875,3.0
C-000682116,S-0121,-100.0,1,2,女性,52,9,12,0.0833333333333333,0,0,14,4716268.25678644,9.856164383561644,7.0
C-001602335,S-0005,-37.87712031163495,0,2,男性,60,5,12,0.8333333333333334,12250,1,21,4733942.970761149,4.69041095890411,2.0
C-000250673,S-0099,-60.787827311899235,1,2,男性,22,11,12,0.1666666666666666,67768,1,13,4464126.154078853,8.147945205479452,5.0
C-000280113,S-0040,-9.253903752988064,0,2,女性,71,11,12,0.1666666666666666,0,0,20,4550116.0180538,8.163013698630138,4.0
C-000601499,S-0054,-64.16533100199135,1,2,女性,47,10,12,0.8333333333333334,0,0,23,4489160.181517739,6.358904109589041,4.0
C-001164028,S-0002,-100.0,1,2,女性,38,7,12,0.1666666666666666,0,0,15,4455566.655169959,5.663013698630137,2.0
C-001125844,S-0019,-0.4655265805153602,0,2,男性,39,7,12,0.75,0,0,19,4327199.920883598,4.090410958904109,1.0
C-002107307,S-0004,-97.95854610994293,1,2,女性,42,3,12,0.4166666666666667,0,0,22,4423576.351309,11.806849315068494,9.0
C-001933188,S-0005,-83.46142780814598,1,2,男性,20,4,12,1.0,11307,1,21,4733942.970761149,4.69041095890411,2.0
C-000335803,S-0063,-18.75569715858285,0,2,女性,41,11,12,1.0,0,0,18,4564012.176421695,5.749315068493151,3.0
C-002087826,S-0126,-49.98991997335367,1,2,女性,45,3,12,0.75,0,0,17,4493168.352495564,5.53972602739726,3.0
C-000393791,S-0048,-73.03149329166139,1,2,女性,46,11,12,0.0833333333333333,0,0,15,4502249.082895545,3.671232876712329,1.0
C-001143363,S-0096,-80.97963185809155,1,2,男性,52,7,12,0.6666666666666666,0,0,16,4644856.458098179,8.302739726027397,5.0
C-001493315,S-0005,-7.324960871942826,0,2,女性,53,6,12,0.4166666666666667,12580,1,21,4733942.970761149,4.69041095890411,2.0
C-000961350,S-0054,3.359613982608173,0,2,女性,49,8,12,0.9166666666666666,0,0,23,4489160.181517739,6.358904109589041,4.0
C-001415020,S-0074,-25.13343852519496,0,2,女性,38,6,12,0.1666666666666666,0,0,14,4614054.39694187,8.308219178082192,6.0
C-001139577,S-0040,-96.40055661495644,1,2,女性,53,7,12,0.25,2338,1,20,4550116.0180538,8.163013698630138,4.0
C-002090039,S-0062,-100.0,1,2,女性,42,3,12,0.5,1201,1,15,4713869.782113416,4.575342465753424,1.0
C-002456241,S-0062,-29.438955568239372,0,2,男性,35,2,12,0.3333333333333333,0,0,15,4713869.782113416,4.575342465753424,1.0
C-000605688,S-0005,-25.237909007952027,0,2,男性,57,10,12,0.25,13728,1,21,4733942.970761149,4.69041095890411,2.0
C-000639693,S-0062,-29.292275082430525,0,2,女性,41,10,12,0.4166666666666667,0,0,15,4713869.782113416,4.575342465753424,1.0
C-000353049,S-0117,-21.21026350751019,0,2,男性,55,11,12,0.1666666666666666,7262,1,20,4500859.737076383,9.593150684931507,7.0
C-002502860,S-0063,-27.607207688620306,0,2,女性,67,1,12,0.0,0,0,18,4564012.176421695,5.749315068493151,3.0
C-000130453,S-0020,-56.32882611777609,1,2,男性,38,12,12,0.4166666666666667,0,0,16,4280702.057267675,6.986301369863014,3.5
C-000993106,S-0121,-38.875350644873144,0,2,女性,39,8,12,0.4166666666666667,44646,1,14,4716268.25678644,9.856164383561644,7.0
C-001348439,S-0050,-100.0,1,2,男性,27,7,12,0.6666666666666666,0,0,20,4615411.181286601,9.2013698630137,6.0
C-001140726,S-0005,-6.254633164049967,0,2,女性,39,7,12,0.5,0,0,21,4733942.970761149,4.69041095890411,2.0
C-001572619,S-0007,-17.87257990857048,0,2,女性,71,6,12,0.75,0,0,21,4487075.727367008,3.7260273972602738,1.0
C-001583558,S-0030,-43.147669633457745,0,2,女性,50,5,12,0.25,0,0,22,4426478.045479023,9.236986301369862,5.5
C-001545780,S-0007,-53.480306197060976,1,2,女性,53,6,12,0.6666666666666666,0,0,21,4487075.727367008,3.7260273972602738,1.0
C-000338981,S-0085,-7.892580163735022,0,2,女性,58,11,12,0.6666666666666666,0,0,15,4606655.398026554,4.928767123287671,2.0
C-002137070,S-0039,-68.47877510644703,1,2,女性,46,3,12,0.0833333333333333,537174,1,16,4591288.568998441,8.193150684931506,5.0
C-001631131,S-0050,-4.849669631729013,0,2,男性,51,5,12,0.1666666666666666,17824,1,20,4615411.181286601,9.2013698630137,6.0
C-001710031,S-0097,-83.97399679612877,1,2,男性,43,5,12,0.0833333333333333,143769,2,21,4592508.716501317,10.09041095890411,7.0
C-001119690,S-0082,-100.0,1,2,女性,54,8,12,0.5,0,0,17,4607261.71451126,4.758904109589041,2.0
C-000524179,S-0004,-77.16401084671399,1,2,女性,58,10,12,0.1666666666666666,45538,1,22,4423576.351309,11.806849315068494,9.0
C-001317955,S-0048,-3.543562277471775,0,2,女性,47,7,12,0.75,0,0,15,4502249.082895545,3.671232876712329,1.0
C-002091115,S-0050,-44.35515758353662,0,2,男性,55,3,12,0.1666666666666666,10851,1,20,4615411.181286601,9.2013698630137,6.0
C-000764346,S-0096,-100.0,1,2,女性,45,9,12,0.4166666666666667,0,0,16,4644856.458098179,8.302739726027397,5.0
C-000310010,S-0056,-67.79772569380964,1,2,女性,35,11,12,0.25,12214,1,15,4406070.585753419,7.528767123287671,4.0
C-001310172,S-0005,-25.488109192633235,0,2,男性,57,7,12,0.8333333333333334,15907,1,21,4733942.970761149,4.69041095890411,2.0
C-000045347,S-0017,-54.47610066782092,1,2,女性,95,12,12,0.5,4802,1,20,4640207.03550726,5.608219178082192,2.5
C-001293529,S-0063,-13.183657389850852,0,2,女性,41,7,12,0.6666666666666666,0,0,18,4564012.176421695,5.749315068493151,3.0
C-002047467,S-0111,-12.70058323232951,0,2,男性,44,3,12,0.5833333333333334,0,0,19,4489501.980758176,6.397260273972603,4.0
C-000471524,S-0062,-5.39274007969405,0,2,女性,43,10,12,0.75,0,0,15,4713869.782113416,4.575342465753424,1.0
C-000446113,S-0082,-82.396718969609,1,2,女性,60,11,12,0.6666666666666666,130342,2,17,4607261.71451126,4.758904109589041,2.0
C-000802167,S-0100,-12.940260941198689,0,2,男性,62,9,12,0.5,7754,1,17,4535925.154217558,4.720547945205479,2.0
C-001087399,S-0005,-35.39905105186359,0,2,男性,34,8,12,0.5,0,0,21,4733942.970761149,4.69041095890411,2.0
C-000896569,S-0054,-34.37682041472851,0,2,男性,50,9,12,0.75,0,0,23,4489160.181517739,6.358904109589041,4.0
C-000370336,S-0075,-53.850984246594045,1,2,女性,77,11,12,0.9166666666666666,0,0,19,4506647.2743158825,4.526027397260274,1.0
C-001431526,S-0019,-24.68097328792417,0,2,男性,61,6,12,0.25,0,0,19,4327199.920883598,4.090410958904109,1.0
C-000852712,S-0126,-20.755324450795413,0,2,女性,51,9,12,1.0,0,0,17,4493168.352495564,5.53972602739726,3.0
C-000496394,S-0100,-56.5245662544438,1,2,男性,57,10,12,0.6666666666666666,0,0,17,4535925.154217558,4.720547945205479,2.0
C-001304323,S-0126,-23.279582695839682,0,2,男性,55,7,12,0.5833333333333334,0,0,17,4493168.352495564,5.53972602739726,3.0
C-000324642,S-0074,-4.459421462538969,0,2,男性,49,11,12,0.5,12949,1,14,4614054.39694187,8.308219178082192,6.0
C-001841066,S-0007,-41.632343377411665,0,2,男性,38,4,12,0.5833333333333334,0,0,21,4487075.727367008,3.7260273972602738,1.0
C-000620543,S-0054,-100.0,1,2,女性,46,10,12,0.25,0,0,23,4489160.181517739,6.358904109589041,4.0
C-000251260,S-0036,-67.24283608384567,1,2,女性,52,11,12,0.4166666666666667,3699,1,19,4397834.424680548,11.123287671232877,9.0
C-002350036,S-0059,-6.089197411476901,0,2,女性,51,2,12,0.4166666666666667,12817,2,14,4713188.969095345,6.8123287671232875,3.0
C-000354998,S-0111,-40.39923171902867,0,2,女性,25,11,12,0.5,1111,1,19,4489501.980758176,6.397260273972603,4.0
C-002377434,S-0040,-56.004652708541045,1,2,女性,57,2,12,0.5833333333333334,0,0,20,4550116.0180538,8.163013698630138,4.0
C-002666135,S-0039,-100.0,1,2,女性,46,1,12,0.3333333333333333,16132,1,16,4591288.568998441,8.193150684931506,5.0
C-002012625,S-0085,-25.60042094337447,0,2,男性,39,4,12,0.8333333333333334,0,0,15,4606655.398026554,4.928767123287671,2.0
C-000687392,S-0017,-52.210567653504604,1,2,女性,57,9,12,0.5,0,0,20,4640207.03550726,5.608219178082192,2.5
C-002096037,S-0040,-100.0,1,2,男性,38,3,12,0.4166666666666667,0,0,20,4550116.0180538,8.163013698630138,4.0
C-001487219,S-0005,-11.679336374063109,0,2,男性,34,6,12,0.4166666666666667,7502,1,21,4733942.970761149,4.69041095890411,2.0
C-000191610,S-0039,-72.47395073839384,1,2,女性,60,12,12,0.1666666666666666,34813,1,16,4591288.568998441,8.193150684931506,5.0
C-001314668,S-0017,-21.663381276998198,0,2,女性,89,7,12,0.5833333333333334,4379,2,20,4640207.03550726,5.608219178082192,2.5
C-000076304,S-0131,-41.65224212200754,0,2,女性,42,12,12,0.25,9173,2,17,4569023.5643747775,5.13972602739726,2.0
C-001105767,S-0002,-100.0,1,2,男性,46,8,12,0.0833333333333333,0,0,15,4455566.655169959,5.663013698630137,2.0
C-001431676,S-0097,-34.46553333734867,0,2,女性,41,6,12,0.1666666666666666,27927,2,21,4592508.716501317,10.09041095890411,7.0
C-001088115,S-0099,-74.27591672748103,1,2,男性,49,8,12,0.4166666666666667,2471,1,13,4464126.154078853,8.147945205479452,5.0
C-000688397,S-0056,-64.28887587059819,1,2,女性,24,9,12,0.1666666666666666,0,0,15,4406070.585753419,7.528767123287671,4.0
C-002192919,S-0039,-100.0,1,2,女性,67,3,12,0.0,12630,1,16,4591288.568998441,8.193150684931506,5.0
C-002031412,S-0085,-22.388965140703558,0,2,男性,42,3,12,0.75,0,0,15,4606655.398026554,4.928767123287671,2.0
C-002503362,S-0019,-12.510037989931124,0,2,女性,23,1,12,0.75,48336,1,19,4327199.920883598,4.090410958904109,1.0
C-002027860,S-0080,-29.979577570964516,0,2,女性,80,3,12,0.1666666666666666,0,0,17,4457429.264950683,11.673972602739726,9.0
C-001959346,S-0018,-81.76633635309017,1,2,女性,52,4,12,0.5833333333333334,112666,1,16,4493108.581950108,7.550684931506849,5.0
C-000565108,S-0007,-23.827448277113135,0,2,男性,54,10,12,0.4166666666666667,204,1,21,4487075.727367008,3.7260273972602738,1.0
C-000147286,S-0079,-92.4710915514566,1,2,女性,47,12,12,0.5,15365,1,13,4256656.371085242,8.479452054794521,6.0
C-001253500,S-0126,-18.43095125228255,0,2,男性,68,7,12,0.3333333333333333,59594,1,17,4493168.352495564,5.53972602739726,3.0
C-001793379,S-0085,11.35559076928222,0,2,女性,49,5,12,0.1666666666666666,12754,1,15,4606655.398026554,4.928767123287671,2.0
C-002046533,S-0063,-100.0,1,2,女性,48,3,12,0.0833333333333333,0,0,18,4564012.176421695,5.749315068493151,3.0
C-001914012,S-0054,-32.28237509271762,0,2,女性,54,4,12,0.5,0,0,23,4489160.181517739,6.358904109589041,4.0
C-002098205,S-0019,-15.253883218941807,0,2,女性,58,3,12,0.5833333333333334,31521,1,19,4327199.920883598,4.090410958904109,1.0
C-000248335,S-0004,-100.0,1,2,女性,55,11,12,0.25,0,0,22,4423576.351309,11.806849315068494,9.0
C-001620606,S-0019,-18.127511774654035,0,2,女性,46,5,12,0.9166666666666666,0,0,19,4327199.920883598,4.090410958904109,1.0
C-000380101,S-0005,-48.44933306553562,0,2,男性,61,11,12,0.3333333333333333,0,0,21,4733942.970761149,4.69041095890411,2.0
C-002152821,S-0019,-17.75284331560456,0,2,女性,50,3,12,0.3333333333333333,0,0,19,4327199.920883598,4.090410958904109,1.0
C-000080038,S-0014,-100.0,1,2,男性,58,12,12,0.25,31756,1,21,4730192.353344672,7.336986301369863,4.0
C-001189718,S-0020,-100.0,1,2,女性,66,7,12,0.1666666666666666,0,0,16,4280702.057267675,6.986301369863014,3.5
C-002055689,S-0075,-84.7081808231431,1,2,女性,60,3,12,0.6666666666666666,2725,2,19,4506647.2743158825,4.526027397260274,1.0
C-000541389,S-0017,-9.560189325321213,0,2,女性,59,10,12,0.4166666666666667,0,0,20,4640207.03550726,5.608219178082192,2.5
C-001258594,S-0126,-47.15501480760801,0,2,女性,41,7,12,0.25,33069,1,17,4493168.352495564,5.53972602739726,3.0
C-002246967,S-0100,-9.326143299055262,0,2,男性,60,3,12,0.9166666666666666,0,0,17,4535925.154217558,4.720547945205479,2.0
C-001618481,S-0089,-53.447036709420615,1,2,男性,42,5,12,0.3333333333333333,0,0,19,4721110.949352573,10.142465753424657,7.0
C-000937069,S-0039,-54.1673679037611,1,2,女性,56,8,12,0.6666666666666666,0,0,16,4591288.568998441,8.193150684931506,5.0
C-001900448,S-0063,-51.88209739063488,1,2,女性,45,4,12,1.0,0,0,18,4564012.176421695,5.749315068493151,3.0
C-001826279,S-0089,-81.86367607399248,1,2,女性,38,4,12,0.5,0,0,19,4721110.949352573,10.142465753424657,7.0
C-000235057,S-0019,-22.94702625272031,0,2,女性,41,11,12,0.6666666666666666,0,0,19,4327199.920883598,4.090410958904109,1.0
C-001534328,S-0085,-18.529121861580144,0,2,男性,35,6,12,0.4166666666666667,0,0,15,4606655.398026554,4.928767123287671,2.0
C-002014766,S-0050,-9.163523597578948,0,2,女性,42,4,12,0.5,24967,1,20,4615411.181286601,9.2013698630137,6.0
C-001380652,S-0054,-100.0,1,2,女性,52,6,12,0.75,0,0,23,4489160.181517739,6.358904109589041,4.0
C-000838625,S-0056,-100.0,1,2,女性,43,9,12,0.0833333333333333,0,0,15,4406070.585753419,7.528767123287671,4.0
C-000149209,S-0099,-100.0,1,2,男性,44,12,12,0.1666666666666666,35043,1,13,4464126.154078853,8.147945205479452,5.0
C-002064004,S-0100,-100.0,1,2,女性,54,3,12,0.25,0,0,17,4535925.154217558,4.720547945205479,2.0
C-000034746,S-0019,-42.217456124290536,0,2,女性,56,12,12,0.4166666666666667,0,0,19,4327199.920883598,4.090410958904109,1.0
C-000365858,S-0054,-64.13285969247666,1,2,女性,45,11,12,0.6666666666666666,0,0,23,4489160.181517739,6.358904109589041,4.0
C-000470034,S-0079,-93.4935716993922,1,2,女性,49,10,12,0.25,0,0,13,4256656.371085242,8.479452054794521,6.0
C-000862491,S-0099,-51.651609946462415,1,2,女性,68,9,12,0.6666666666666666,16860,1,13,4464126.154078853,8.147945205479452,5.0
C-001023265,S-0020,-97.83230195780408,1,2,男性,70,8,12,0.75,0,0,16,4280702.057267675,6.986301369863014,3.5
C-001802785,S-0054,-56.0713669370362,1,2,男性,22,4,12,0.4166666666666667,0,0,23,4489160.181517739,6.358904109589041,4.0
C-000174261,S-0117,-3.2214499530790475,0,2,男性,63,12,12,0.4166666666666667,29803,1,20,4500859.737076383,9.593150684931507,7.0
C-000177030,S-0019,-33.92153773436269,0,2,女性,54,12,12,0.4166666666666667,0,0,19,4327199.920883598,4.090410958904109,1.0
C-002127563,S-0019,-5.995846251091112,0,2,女性,64,3,12,0.8333333333333334,11976,1,19,4327199.920883598,4.090410958904109,1.0
C-002155700,S-0018,-18.44882381702613,0,2,女性,32,3,12,0.5833333333333334,7902,2,16,4493108.581950108,7.550684931506849,5.0
C-000674191,S-0040,-37.304280351487954,0,2,女性,56,10,12,0.0,11481,2,20,4550116.0180538,8.163013698630138,4.0
C-001470104,S-0050,-17.31426961370054,0,2,女性,43,6,12,0.75,11961,1,20,4615411.181286601,9.2013698630137,6.0
C-001622669,S-0131,-31.26531428666678,0,2,男性,52,5,12,0.5,0,0,17,4569023.5643747775,5.13972602739726,2.0
C-001791533,S-0039,-6.948581859734734,0,2,女性,31,5,12,0.9166666666666666,52627,1,16,4591288.568998441,8.193150684931506,5.0
C-000760463,S-0036,-7.536119762598739,0,2,女性,70,9,12,0.4166666666666667,0,0,19,4397834.424680548,11.123287671232877,9.0
C-000501796,S-0054,-100.0,1,2,男性,77,10,12,0.6666666666666666,0,0,23,4489160.181517739,6.358904109589041,4.0
C-001821950,S-0017,-93.41226360750574,1,2,女性,50,4,12,0.4166666666666667,0,0,20,4640207.03550726,5.608219178082192,2.5
C-000187091,S-0017,-39.376263234508684,0,2,男性,50,12,12,0.4166666666666667,0,0,20,4640207.03550726,5.608219178082192,2.5
C-001121670,S-0075,-2.879825673635049,0,2,女性,35,8,12,0.75,0,0,19,4506647.2743158825,4.526027397260274,1.0
C-001404642,S-0089,-74.95154993833629,1,2,女性,58,6,12,0.3333333333333333,36598,1,19,4721110.949352573,10.142465753424657,7.0
C-000048610,S-0062,-100.0,1,2,女性,59,12,12,0.6666666666666666,0,0,15,4713869.782113416,4.575342465753424,1.0
C-002317186,S-0054,-29.6992207413881,0,2,男性,47,2,12,0.3333333333333333,4963,1,23,4489160.181517739,6.358904109589041,4.0
C-000578030,S-0102,-5.427163919048505,0,2,女性,48,10,12,1.0,0,0,16,4383474.364435211,10.484931506849314,7.5
C-002318657,S-0075,-100.0,1,2,男性,51,2,12,0.75,0,0,19,4506647.2743158825,4.526027397260274,1.0
C-001367859,S-0005,-55.2612372275633,1,2,女性,38,6,12,0.8333333333333334,0,0,21,4733942.970761149,4.69041095890411,2.0
C-002142037,S-0050,-81.67737930758294,1,2,女性,54,3,12,0.3333333333333333,5356,1,20,4615411.181286601,9.2013698630137,6.0
C-001662499,S-0085,-15.175853870783735,0,2,女性,46,5,12,0.5833333333333334,0,0,15,4606655.398026554,4.928767123287671,2.0
C-000568812,S-0054,-100.0,1,2,男性,29,10,12,0.0833333333333333,0,0,23,4489160.181517739,6.358904109589041,4.0
C-000732216,S-0096,-97.61613953887031,1,2,女性,59,9,12,0.0833333333333333,0,0,16,4644856.458098179,8.302739726027397,5.0
C-002633383,S-0019,-2.5850508996818937,0,2,女性,68,1,12,0.6666666666666666,0,0,19,4327199.920883598,4.090410958904109,1.0
C-001267788,S-0007,-29.9216502600972,0,2,男性,55,7,12,0.25,49529,2,21,4487075.727367008,3.7260273972602738,1.0
C-002081755,S-0099,-68.87513191337564,1,2,女性,37,3,12,0.1666666666666666,51325,2,13,4464126.154078853,8.147945205479452,5.0
C-000632096,S-0036,-45.12521615144253,0,2,男性,46,10,12,0.0,18094,2,19,4397834.424680548,11.123287671232877,9.0
C-001440428,S-0075,-94.61866143394727,1,2,女性,64,6,12,0.1666666666666666,0,0,19,4506647.2743158825,4.526027397260274,1.0
C-001510672,S-0063,-29.691904022431764,0,2,女性,58,6,12,0.6666666666666666,21326,1,18,4564012.176421695,5.749315068493151,3.0
C-002443315,S-0004,-100.0,1,2,女性,39,2,12,0.0833333333333333,0,0,22,4423576.351309,11.806849315068494,9.0
C-002218788,S-0113,-82.40971561649228,1,2,女性,48,3,12,0.0833333333333333,0,0,16,4336633.961311346,5.77945205479452,2.5
C-002575675,S-0039,-100.0,1,2,女性,38,1,12,0.0833333333333333,0,0,16,4591288.568998441,8.193150684931506,5.0
C-002513408,S-0018,-100.0,1,2,男性,78,1,12,0.0833333333333333,1326,1,16,4493108.581950108,7.550684931506849,5.0
C-000756505,S-0079,-17.49285445201337,0,2,男性,36,9,12,0.5833333333333334,30917,1,13,4256656.371085242,8.479452054794521,6.0
C-002324477,S-0100,-8.03405807048852,0,2,女性,22,2,12,0.1666666666666666,0,0,17,4535925.154217558,4.720547945205479,2.0
C-000124817,S-0085,-60.948244661599716,1,2,女性,34,12,12,0.5833333333333334,0,0,15,4606655.398026554,4.928767123287671,2.0
C-000993921,S-0039,-25.574866651353904,0,2,男性,50,8,12,0.25,0,0,16,4591288.568998441,8.193150684931506,5.0
C-000644172,S-0085,-20.01029731452575,0,2,男性,48,10,12,1.0,1867,1,15,4606655.398026554,4.928767123287671,2.0
C-002533807,S-0063,-41.956554614059996,0,2,女性,42,1,12,0.25,1432,1,18,4564012.176421695,5.749315068493151,3.0
C-000432732,S-0040,-16.98574584825115,0,2,女性,45,11,12,0.75,0,0,20,4550116.0180538,8.163013698630138,4.0
C-000767141,S-0007,-76.9749425655821,1,2,女性,40,9,12,0.25,0,0,21,4487075.727367008,3.7260273972602738,1.0
C-002161853,S-0059,-27.063913813630684,0,2,男性,54,3,12,0.9166666666666666,0,0,14,4713188.969095345,6.8123287671232875,3.0
C-002397057,S-0019,-32.63875247434987,0,2,女性,56,2,12,0.25,19904,1,19,4327199.920883598,4.090410958904109,1.0
C-000539329,S-0085,-67.50056302079423,1,2,女性,41,10,12,0.75,0,0,15,4606655.398026554,4.928767123287671,2.0
C-000119959,S-0050,-90.04856762487057,1,2,女性,36,12,12,0.25,13210,1,20,4615411.181286601,9.2013698630137,6.0
C-001031099,S-0063,-54.81015793948889,1,2,男性,55,8,12,0.5833333333333334,26913,1,18,4564012.176421695,5.749315068493151,3.0
C-000932122,S-0007,-5.024630445221723,0,2,女性,34,8,12,0.25,34307,1,21,4487075.727367008,3.7260273972602738,1.0
C-001951425,S-0056,-100.0,1,2,女性,48,4,12,0.3333333333333333,0,0,15,4406070.585753419,7.528767123287671,4.0
C-000111080,S-0017,-100.0,1,2,女性,30,12,12,0.5833333333333334,0,0,20,4640207.03550726,5.608219178082192,2.5
C-002230212,S-0126,-100.0,1,2,女性,41,3,12,0.4166666666666667,0,0,17,4493168.352495564,5.53972602739726,3.0
C-001758918,S-0007,-49.77110608498978,1,2,男性,42,5,12,0.4166666666666667,3666,1,21,4487075.727367008,3.7260273972602738,1.0
C-000328674,S-0008,-61.29475110540579,1,2,女性,47,11,12,0.5833333333333334,16475,1,22,4498453.308937302,10.772602739726027,7.0
C-002134245,S-0008,-100.0,1,2,女性,47,3,12,0.5,0,0,22,4498453.308937302,10.772602739726027,7.0
C-000466091,S-0085,-55.790645879732736,1,2,女性,72,10,12,0.5,0,0,15,4606655.398026554,4.928767123287671,2.0
C-000438214,S-0062,-55.450044409169074,1,2,女性,33,11,12,0.6666666666666666,0,0,15,4713869.782113416,4.575342465753424,1.0
C-001908458,S-0097,-9.905486130755278,0,2,女性,30,4,12,0.75,0,0,21,4592508.716501317,10.09041095890411,7.0
C-000612518,S-0099,-30.693679157488802,0,2,男性,40,10,12,0.25,0,0,13,4464126.154078853,8.147945205479452,5.0
C-000411920,S-0126,-10.729292414694385,0,2,女性,70,11,12,0.25,0,0,17,4493168.352495564,5.53972602739726,3.0
C-000771299,S-0126,-69.68170071295924,1,2,男性,48,9,12,0.6666666666666666,0,0,17,4493168.352495564,5.53972602739726,3.0
C-002137325,S-0089,-50.16160163922363,1,2,男性,20,3,12,0.5,17259,2,19,4721110.949352573,10.142465753424657,7.0
C-001093892,S-0126,-100.0,1,2,男性,55,8,12,0.75,65185,2,17,4493168.352495564,5.53972602739726,3.0
C-001555176,S-0050,-100.0,1,2,女性,44,6,12,0.0833333333333333,34667,1,20,4615411.181286601,9.2013698630137,6.0
C-001799196,S-0059,-14.300476309216393,0,2,女性,61,5,12,0.75,0,0,14,4713188.969095345,6.8123287671232875,3.0
C-000178289,S-0075,-38.936589874950364,0,2,女性,31,12,12,0.5,0,0,19,4506647.2743158825,4.526027397260274,1.0
C-001854291,S-0040,-6.524156937045558,0,2,男性,49,4,12,0.5,0,0,20,4550116.0180538,8.163013698630138,4.0
C-001947951,S-0039,-100.0,1,2,女性,52,4,12,0.1666666666666666,0,0,16,4591288.568998441,8.193150684931506,5.0
C-000382334,S-0030,-28.602726315758435,0,2,女性,63,11,12,0.1666666666666666,49934,1,22,4426478.045479023,9.236986301369862,5.5
C-001251180,S-0131,-3.755993068723449,0,2,男性,30,7,12,0.75,60728,1,17,4569023.5643747775,5.13972602739726,2.0
C-002627098,S-0004,-6.1481585493900255,0,2,男性,42,1,12,0.8333333333333334,0,0,22,4423576.351309,11.806849315068494,9.0
C-000452806,S-0097,-31.26415920499039,0,2,男性,62,10,12,0.0833333333333333,0,0,21,4592508.716501317,10.09041095890411,7.0
C-001516542,S-0075,-83.43782165247498,1,2,男性,20,6,12,0.5833333333333334,42318,2,19,4506647.2743158825,4.526027397260274,1.0
C-001373231,S-0007,-18.47835662515517,0,2,女性,49,6,12,0.6666666666666666,11822,2,21,4487075.727367008,3.7260273972602738,1.0
C-000650844,S-0007,-56.51524589302734,1,2,男性,42,10,12,0.25,0,0,21,4487075.727367008,3.7260273972602738,1.0
C-002588442,S-0039,-1.3766278042657383,0,2,女性,37,1,12,0.9166666666666666,0,0,16,4591288.568998441,8.193150684931506,5.0
C-002128564,S-0063,-58.55328582083368,1,2,男性,59,3,12,0.8333333333333334,0,0,18,4564012.176421695,5.749315068493151,3.0
C-001155754,S-0121,-6.7157080886074665,0,2,女性,35,7,12,0.8333333333333334,0,0,14,4716268.25678644,9.856164383561644,7.0
C-000561891,S-0002,-55.7034025864982,1,2,女性,45,10,12,0.1666666666666666,48043,1,15,4455566.655169959,5.663013698630137,2.0
C-000309356,S-0062,-25.800910880897238,0,2,女性,71,11,12,0.1666666666666666,0,0,15,4713869.782113416,4.575342465753424,1.0
C-000523688,S-0121,-100.0,1,2,女性,60,10,12,0.5833333333333334,0,0,14,4716268.25678644,9.856164383561644,7.0
C-002404527,S-0039,-55.23710630924472,1,2,女性,32,2,12,0.3333333333333333,0,0,16,4591288.568998441,8.193150684931506,5.0
C-001489249,S-0126,-41.511333134506415,0,2,女性,42,6,12,0.6666666666666666,0,0,17,4493168.352495564,5.53972602739726,3.0
C-002574606,S-0007,-100.0,1,2,男性,31,1,12,0.5833333333333334,0,0,21,4487075.727367008,3.7260273972602738,1.0
C-000747086,S-0099,-100.0,1,2,男性,39,9,12,0.1666666666666666,16526,1,13,4464126.154078853,8.147945205479452,5.0
C-001836395,S-0054,-24.597033251002955,0,2,男性,78,4,12,0.5833333333333334,10098,1,23,4489160.181517739,6.358904109589041,4.0
C-000649089,S-0099,-100.0,1,2,男性,48,10,12,0.0833333333333333,83426,2,13,4464126.154078853,8.147945205479452,5.0
C-002463772,S-0059,-17.97242497972425,0,2,男性,54,2,12,0.0833333333333333,2923,1,14,4713188.969095345,6.8123287671232875,3.0
C-002657939,S-0007,-99.1410164638511,1,2,女性,49,1,12,0.0,0,0,21,4487075.727367008,3.7260273972602738,1.0
C-002028969,S-0039,-41.39877042137183,0,2,女性,54,3,12,0.6666666666666666,0,0,16,4591288.568998441,8.193150684931506,5.0
C-001095912,S-0089,-64.63653135070508,1,2,女性,42,8,12,0.4166666666666667,7004,1,19,4721110.949352573,10.142465753424657,7.0
C-000137673,S-0020,-34.614542922510694,0,2,男性,43,12,12,0.1666666666666666,0,0,16,4280702.057267675,6.986301369863014,3.5
C-002024926,S-0019,-38.262679874631104,0,2,男性,54,3,12,0.5833333333333334,3817,1,19,4327199.920883598,4.090410958904109,1.0
C-002047374,S-0072,-53.04079654595119,1,2,男性,51,3,12,0.3333333333333333,19344,2,12,4406797.312641796,9.01917808219178,6.0
C-001904443,S-0097,-100.0,1,2,女性,31,4,12,0.25,2151,1,21,4592508.716501317,10.09041095890411,7.0
C-001775048,S-0007,-31.26080572496705,0,2,女性,48,5,12,0.25,0,0,21,4487075.727367008,3.7260273972602738,1.0
C-001076396,S-0020,-31.66593535176247,0,2,女性,43,8,12,0.25,0,0,16,4280702.057267675,6.986301369863014,3.5
C-000063383,S-0089,-88.40618955512572,1,2,女性,36,12,12,0.3333333333333333,1007,1,19,4721110.949352573,10.142465753424657,7.0
C-001822460,S-0002,-100.0,1,2,男性,56,4,12,0.5,0,0,15,4455566.655169959,5.663013698630137,2.0
C-002322198,S-0131,-12.458860813123867,0,2,男性,37,2,12,0.75,0,0,17,4569023.5643747775,5.13972602739726,2.0
C-001279132,S-0099,-47.03937525446509,0,2,男性,50,7,12,0.5,1328,1,13,4464126.154078853,8.147945205479452,5.0
C-002265346,S-0036,-8.752197383363669,0,2,男性,40,2,12,0.4166666666666667,0,0,19,4397834.424680548,11.123287671232877,9.0
C-000595523,S-0017,-100.0,1,2,女性,45,10,12,0.75,5322,1,20,4640207.03550726,5.608219178082192,2.5
C-001252956,S-0020,-66.77161753324421,1,2,女性,31,7,12,0.5,59244,1,16,4280702.057267675,6.986301369863014,3.5
C-002102124,S-0085,-15.745767736119515,0,2,男性,56,3,12,0.3333333333333333,3710,1,15,4606655.398026554,4.928767123287671,2.0
C-002343283,S-0012,-90.86883468386071,1,2,女性,37,2,12,0.1666666666666666,3493,1,16,4444678.825084195,7.994520547945205,5.0
C-000773065,S-0012,-71.00246784989318,1,2,女性,72,9,12,0.25,6708,2,16,4444678.825084195,7.994520547945205,5.0
C-001334629,S-0004,-16.871241289337195,0,2,男性,35,7,12,0.75,26043,1,22,4423576.351309,11.806849315068494,9.0
C-001338780,S-0002,-100.0,1,2,男性,70,7,12,0.6666666666666666,0,0,15,4455566.655169959,5.663013698630137,2.0
C-002023129,S-0126,-13.264853930151684,0,2,女性,31,4,12,0.5833333333333334,0,0,17,4493168.352495564,5.53972602739726,3.0
C-001473554,S-0111,-100.0,1,2,女性,39,6,12,0.5833333333333334,0,0,19,4489501.980758176,6.397260273972603,4.0
C-002240793,S-0017,-34.81259633582424,0,2,女性,41,3,12,0.5,0,0,20,4640207.03550726,5.608219178082192,2.5
C-000857539,S-0017,-100.0,1,2,女性,83,9,12,0.4166666666666667,0,0,20,4640207.03550726,5.608219178082192,2.5
C-000974834,S-0004,-100.0,1,2,男性,41,8,12,0.5,0,0,22,4423576.351309,11.806849315068494,9.0
C-000880802,S-0036,-34.929395507804514,0,2,男性,50,9,12,0.75,5367,1,19,4397834.424680548,11.123287671232877,9.0
C-002384605,S-0099,-94.72977141776711,1,2,女性,50,2,12,0.1666666666666666,20267,2,13,4464126.154078853,8.147945205479452,5.0
C-002596740,S-0007,-59.85981308411215,1,2,女性,59,1,12,0.5,0,0,21,4487075.727367008,3.7260273972602738,1.0
C-002479018,S-0017,-27.904868237678954,0,2,男性,62,1,12,0.4166666666666667,0,0,20,4640207.03550726,5.608219178082192,2.5
C-000250981,S-0039,-56.69289443923097,1,2,女性,35,11,12,0.1666666666666666,12338,1,16,4591288.568998441,8.193150684931506,5.0
C-002473225,S-0036,-87.93940374580316,1,2,女性,59,1,12,0.0,0,0,19,4397834.424680548,11.123287671232877,9.0
C-001006378,S-0012,-14.594231595087603,0,2,女性,56,8,12,0.8333333333333334,0,0,16,4444678.825084195,7.994520547945205,5.0
C-001102009,S-0080,-41.74407075375938,0,2,女性,48,8,12,0.0833333333333333,1174,1,17,4457429.264950683,11.673972602739726,9.0
C-001941898,S-0099,-100.0,1,2,男性,54,4,12,0.25,0,0,13,4464126.154078853,8.147945205479452,5.0
C-001174061,S-0100,-31.758109526613588,0,2,女性,73,7,12,0.0,7313,1,17,4535925.154217558,4.720547945205479,2.0
C-000891776,S-0085,-37.727404897659895,0,2,女性,56,9,12,0.5,249609,1,15,4606655.398026554,4.928767123287671,2.0
C-002052610,S-0002,-100.0,1,2,女性,57,3,12,0.75,0,0,15,4455566.655169959,5.663013698630137,2.0
C-000527740,S-0072,-100.0,1,2,男性,51,10,12,0.1666666666666666,49609,1,12,4406797.312641796,9.01917808219178,6.0
C-000468792,S-0131,-40.58360671912385,0,2,男性,55,10,12,0.75,0,0,17,4569023.5643747775,5.13972602739726,2.0
C-000333736,S-0075,-43.075464707269305,0,2,男性,40,11,12,0.0833333333333333,0,0,19,4506647.2743158825,4.526027397260274,1.0
C-002584942,S-0039,-42.66333284613618,0,2,男性,56,1,12,0.3333333333333333,0,0,16,4591288.568998441,8.193150684931506,5.0
C-000463618,S-0126,-5.690415381649962,0,2,女性,51,10,12,0.8333333333333334,0,0,17,4493168.352495564,5.53972602739726,3.0
C-001833867,S-0041,-29.898835703426574,0,2,女性,43,4,12,0.5,0,0,17,4828489.286769263,10.389041095890411,7.0
C-001278262,S-0126,-88.97740064074812,1,2,女性,43,7,12,0.8333333333333334,0,0,17,4493168.352495564,5.53972602739726,3.0
C-000509010,S-0002,-100.0,1,2,女性,20,10,12,0.9166666666666666,-10992,1,15,4455566.655169959,5.663013698630137,2.0
C-000726699,S-0041,-9.469180675450554,0,2,女性,33,9,12,0.0,5952,2,17,4828489.286769263,10.389041095890411,7.0
C-000219450,S-0019,-26.217874058544915,0,2,女性,40,12,12,0.4166666666666667,0,0,19,4327199.920883598,4.090410958904109,1.0
C-002269714,S-0005,-26.652269382042803,0,2,男性,57,2,12,0.5833333333333334,0,0,21,4733942.970761149,4.69041095890411,2.0
C-001903992,S-0007,-100.0,1,2,男性,33,4,12,0.3333333333333333,126963,1,21,4487075.727367008,3.7260273972602738,1.0
C-000530698,S-0085,-74.53114371781167,1,2,男性,26,10,12,0.4166666666666667,0,0,15,4606655.398026554,4.928767123287671,2.0
C-002464429,S-0096,-67.61703696256828,1,2,女性,56,2,12,0.0,34280,1,16,4644856.458098179,8.302739726027397,5.0
C-001491419,S-0040,-100.0,1,2,女性,49,6,12,0.0,0,0,20,4550116.0180538,8.163013698630138,4.0
C-001492795,S-0106,-100.0,1,2,女性,42,6,12,0.0,567,1,20,4462729.145118021,6.171232876712329,3.5
C-002548431,S-0054,-95.3359275841388,1,2,女性,58,1,12,1.0,1743,1,23,4489160.181517739,6.358904109589041,4.0
C-000029671,S-0131,-46.931077418882296,0,2,女性,31,12,12,0.25,0,0,17,4569023.5643747775,5.13972602739726,2.0
C-001881647,S-0019,-1.362114740851899,0,2,男性,34,4,12,0.1666666666666666,0,0,19,4327199.920883598,4.090410958904109,1.0
C-002030550,S-0085,-17.13420406812688,0,2,男性,53,3,12,0.3333333333333333,0,0,15,4606655.398026554,4.928767123287671,2.0
C-000351317,S-0005,-79.48150697278076,1,2,男性,57,11,12,1.0,5141,1,21,4733942.970761149,4.69041095890411,2.0
C-000235862,S-0002,-100.0,1,2,男性,54,11,12,0.1666666666666666,12653,1,15,4455566.655169959,5.663013698630137,2.0
C-000178248,S-0050,-53.2464505474015,1,2,女性,51,12,12,0.25,0,0,20,4615411.181286601,9.2013698630137,6.0
C-000261050,S-0115,-100.0,1,2,女性,45,11,12,0.1666666666666666,0,0,14,4553643.099564746,10.51095890410959,7.0
C-001558231,S-0082,-96.04085486680941,1,2,女性,60,6,12,0.4166666666666667,0,0,17,4607261.71451126,4.758904109589041,2.0
C-001526878,S-0005,-2.096020169847185,0,2,女性,47,6,12,0.5,13445,1,21,4733942.970761149,4.69041095890411,2.0
C-000485333,S-0113,-28.886925046798105,0,2,男性,68,10,12,0.5,0,0,16,4336633.961311346,5.77945205479452,2.5
C-001982139,S-0063,-18.966408581215287,0,2,女性,75,4,12,0.3333333333333333,747,1,18,4564012.176421695,5.749315068493151,3.0
C-000919538,S-0131,-49.57334912231819,1,2,男性,37,8,12,0.5,0,0,17,4569023.5643747775,5.13972602739726,2.0
C-001178425,S-0121,-35.54827149539553,0,2,男性,50,7,12,0.0833333333333333,27166,2,14,4716268.25678644,9.856164383561644,7.0
C-002531884,S-0131,-49.630982112251395,1,2,女性,40,1,12,0.6666666666666666,29446,1,17,4569023.5643747775,5.13972602739726,2.0
C-002607308,S-0039,-100.0,1,2,男性,63,1,12,0.0833333333333333,0,0,16,4591288.568998441,8.193150684931506,5.0
C-000065322,S-0054,-28.006935287949418,0,2,男性,35,12,12,0.5,0,0,23,4489160.181517739,6.358904109589041,4.0
C-000287892,S-0019,14.880322656584594,0,2,女性,88,11,12,0.1666666666666666,0,0,19,4327199.920883598,4.090410958904109,1.0
C-001811174,S-0075,-20.809327846364884,0,2,男性,27,4,12,0.0833333333333333,11524,1,19,4506647.2743158825,4.526027397260274,1.0
C-001001117,S-0115,-100.0,1,2,男性,55,8,12,0.5833333333333334,0,0,14,4553643.099564746,10.51095890410959,7.0
C-000487743,S-0008,-13.122936472873576,0,2,女性,41,10,12,0.4166666666666667,0,0,22,4498453.308937302,10.772602739726027,7.0
C-000262040,S-0079,-73.0998211685166,1,2,女性,45,11,12,0.25,6789,1,13,4256656.371085242,8.479452054794521,6.0
C-001644351,S-0059,-31.153078313196016,0,2,男性,48,5,12,0.6666666666666666,8676,1,14,4713188.969095345,6.8123287671232875,3.0
C-001894769,S-0008,-27.87086029414147,0,2,男性,34,4,12,0.5,0,0,22,4498453.308937302,10.772602739726027,7.0
C-000844813,S-0036,-20.425628491620113,0,2,女性,44,9,12,0.4166666666666667,0,0,19,4397834.424680548,11.123287671232877,9.0
C-001721355,S-0048,-100.0,1,2,女性,41,5,12,0.4166666666666667,0,0,15,4502249.082895545,3.671232876712329,1.0
C-000731715,S-0075,-74.02394586153045,1,2,女性,58,9,12,0.5,0,0,19,4506647.2743158825,4.526027397260274,1.0
C-001176609,S-0063,-26.158353674675766,0,2,女性,56,7,12,0.5,0,0,18,4564012.176421695,5.749315068493151,3.0
C-000563062,S-0126,-19.776906368438055,0,2,女性,44,10,12,0.75,0,0,17,4493168.352495564,5.53972602739726,3.0
C-002387973,S-0040,-30.694932514809448,0,2,女性,48,2,12,0.1666666666666666,1275,1,20,4550116.0180538,8.163013698630138,4.0
C-002432536,S-0097,-2.913701805264341,0,2,女性,23,2,12,0.6666666666666666,9632,1,21,4592508.716501317,10.09041095890411,7.0
C-000692466,S-0054,-100.0,1,2,女性,60,9,12,0.1666666666666666,13469,1,23,4489160.181517739,6.358904109589041,4.0
C-000879538,S-0099,-100.0,1,2,女性,40,9,12,0.25,0,0,13,4464126.154078853,8.147945205479452,5.0
C-002591308,S-0121,-40.00740335155895,0,2,女性,47,1,12,0.0833333333333333,7500,1,14,4716268.25678644,9.856164383561644,7.0
C-000906965,S-0082,-27.761707341694603,0,2,男性,28,8,12,0.3333333333333333,4135,1,17,4607261.71451126,4.758904109589041,2.0
C-000256567,S-0005,-44.05400727020945,0,2,男性,40,11,12,0.9166666666666666,12004,1,21,4733942.970761149,4.69041095890411,2.0
C-001463967,S-0007,-38.17655208323647,0,2,女性,36,6,12,0.4166666666666667,2300,1,21,4487075.727367008,3.7260273972602738,1.0
C-001104536,S-0063,-66.62607836605287,1,2,男性,32,8,12,0.4166666666666667,13050,1,18,4564012.176421695,5.749315068493151,3.0
C-000689195,S-0054,-100.0,1,2,男性,49,9,12,0.0833333333333333,20322,1,23,4489160.181517739,6.358904109589041,4.0
C-002121374,S-0039,-25.57272817464597,0,2,女性,33,3,12,0.0833333333333333,0,0,16,4591288.568998441,8.193150684931506,5.0
C-001006647,S-0020,-54.33770747281391,1,2,女性,37,8,12,0.5,0,0,16,4280702.057267675,6.986301369863014,3.5
C-000573299,S-0099,-25.157305073614843,0,2,女性,57,10,12,0.4166666666666667,0,0,13,4464126.154078853,8.147945205479452,5.0
C-002269168,S-0019,-16.849977105505616,0,2,女性,34,2,12,0.5833333333333334,143084,2,19,4327199.920883598,4.090410958904109,1.0
C-000156540,S-0126,-23.922909062819844,0,2,男性,50,12,12,0.25,0,0,17,4493168.352495564,5.53972602739726,3.0
C-000780553,S-0062,-11.97526694630316,0,2,女性,89,9,12,0.4166666666666667,58943,1,15,4713869.782113416,4.575342465753424,1.0
C-000115658,S-0062,-78.79306261020606,1,2,男性,53,12,12,0.25,0,0,15,4713869.782113416,4.575342465753424,1.0
C-000978105,S-0019,-35.38515515359426,0,2,女性,30,8,12,0.75,7020,1,19,4327199.920883598,4.090410958904109,1.0
C-002113526,S-0008,-100.0,1,2,女性,24,3,12,0.6666666666666666,0,0,22,4498453.308937302,10.772602739726027,7.0
C-000580717,S-0054,-31.578364254949843,0,2,女性,33,10,12,0.8333333333333334,8421,2,23,4489160.181517739,6.358904109589041,4.0
C-000477532,S-0004,-47.42003146303094,0,2,女性,58,10,12,0.0833333333333333,5516,1,22,4423576.351309,11.806849315068494,9.0
C-000125520,S-0030,-39.10501033748547,0,2,男性,30,12,12,0.75,2544,1,22,4426478.045479023,9.236986301369862,5.5
C-002575554,S-0050,-63.35334233146267,1,2,女性,64,1,12,0.3333333333333333,4420,1,20,4615411.181286601,9.2013698630137,6.0
C-000860610,S-0039,-100.0,1,2,女性,46,9,12,0.8333333333333334,4430,1,16,4591288.568998441,8.193150684931506,5.0
C-002255654,S-0002,-32.96825451964925,0,2,女性,44,2,12,0.4166666666666667,100616,2,15,4455566.655169959,5.663013698630137,2.0
C-000296250,S-0059,-63.43009214392297,1,2,女性,43,11,12,0.25,55419,1,14,4713188.969095345,6.8123287671232875,3.0
C-002241637,S-0020,-28.486777652351076,0,2,女性,53,3,12,0.1666666666666666,0,0,16,4280702.057267675,6.986301369863014,3.5
C-002140850,S-0126,-11.156142000663378,0,2,男性,77,3,12,0.25,2893,2,17,4493168.352495564,5.53972602739726,3.0
C-001051905,S-0041,-75.05414465736975,1,2,男性,42,8,12,0.5,0,0,17,4828489.286769263,10.389041095890411,7.0
C-001730121,S-0007,-53.06083994637098,1,2,男性,60,5,12,0.4166666666666667,0,0,21,4487075.727367008,3.7260273972602738,1.0
C-000433689,S-0036,-100.0,1,2,男性,47,11,12,0.25,0,0,19,4397834.424680548,11.123287671232877,9.0
C-002395780,S-0004,-30.518564600374493,0,2,女性,63,2,12,0.1666666666666666,17931,1,22,4423576.351309,11.806849315068494,9.0
C-000250320,S-0089,-52.98883438167755,1,2,男性,46,11,12,0.3333333333333333,0,0,19,4721110.949352573,10.142465753424657,7.0
C-000565503,S-0075,-93.2541274936941,1,2,女性,36,10,12,0.6666666666666666,0,0,19,4506647.2743158825,4.526027397260274,1.0
C-002036726,S-0012,-100.0,1,2,女性,49,3,12,0.0,0,0,16,4444678.825084195,7.994520547945205,5.0
C-001128493,S-0121,-100.0,1,2,男性,54,7,12,0.0833333333333333,0,0,14,4716268.25678644,9.856164383561644,7.0
C-000486162,S-0099,-100.0,1,2,男性,72,10,12,0.1666666666666666,0,0,13,4464126.154078853,8.147945205479452,5.0
C-000536093,S-0063,-82.63643613991113,1,2,男性,64,10,12,0.6666666666666666,0,0,18,4564012.176421695,5.749315068493151,3.0
C-000133682,S-0005,-28.854636681947802,0,2,女性,42,12,12,0.8333333333333334,16382,2,21,4733942.970761149,4.69041095890411,2.0
C-000668568,S-0054,-44.784811294030845,0,2,女性,30,10,12,0.8333333333333334,3737,1,23,4489160.181517739,6.358904109589041,4.0
C-000866446,S-0019,-8.326309874982442,0,2,男性,52,9,12,0.5,0,0,19,4327199.920883598,4.090410958904109,1.0
C-001274036,S-0126,-100.0,1,2,女性,46,7,12,0.8333333333333334,0,0,17,4493168.352495564,5.53972602739726,3.0
C-002391855,S-0036,-76.5688564270245,1,2,女性,32,2,12,0.1666666666666666,0,0,19,4397834.424680548,11.123287671232877,9.0
C-001580134,S-0020,-65.1167031363968,1,2,女性,41,5,12,0.1666666666666666,0,0,16,4280702.057267675,6.986301369863014,3.5
C-001263529,S-0007,-69.36809926272252,1,2,男性,63,7,12,0.0833333333333333,908,1,21,4487075.727367008,3.7260273972602738,1.0
C-001629775,S-0079,-85.24500644192456,1,2,女性,33,5,12,0.1666666666666666,12627,1,13,4256656.371085242,8.479452054794521,6.0
C-001579273,S-0004,-10.422446522068912,0,2,男性,56,5,12,0.5,0,0,22,4423576.351309,11.806849315068494,9.0
C-000662871,S-0111,-100.0,1,2,男性,68,10,12,0.0,28301,1,19,4489501.980758176,6.397260273972603,4.0
C-001239612,S-0063,-76.02942435979179,1,2,女性,51,7,12,0.0833333333333333,0,0,18,4564012.176421695,5.749315068493151,3.0
C-002204129,S-0085,-3.5518530526230467,0,2,女性,63,3,12,0.75,0,0,15,4606655.398026554,4.928767123287671,2.0
C-002633508,S-0048,-37.040535031744305,0,2,男性,65,1,12,0.4166666666666667,579,2,15,4502249.082895545,3.671232876712329,1.0
C-000103150,S-0005,-4.540567103148394,0,2,男性,60,12,12,0.5833333333333334,0,0,21,4733942.970761149,4.69041095890411,2.0
C-000821051,S-0036,-88.4048630437967,1,2,女性,43,9,12,0.25,0,0,19,4397834.424680548,11.123287671232877,9.0
C-001242400,S-0111,-13.485843078782011,0,2,女性,30,7,12,0.5,4857,1,19,4489501.980758176,6.397260273972603,4.0
C-001082000,S-0017,-28.182768787065456,0,2,女性,79,8,12,0.5,0,0,20,4640207.03550726,5.608219178082192,2.5
C-000242206,S-0082,-46.69456636385288,0,2,女性,39,11,12,0.0833333333333333,0,0,17,4607261.71451126,4.758904109589041,2.0
C-001882401,S-0019,-10.497960173580134,0,2,女性,56,4,12,0.5,0,0,19,4327199.920883598,4.090410958904109,1.0
C-000641491,S-0085,-6.744891001898022,0,2,男性,31,10,12,0.5,1369,1,15,4606655.398026554,4.928767123287671,2.0
C-000140716,S-0036,-26.82847475273295,0,2,男性,66,12,12,0.1666666666666666,14862,2,19,4397834.424680548,11.123287671232877,9.0
C-000596983,S-0048,-22.12417836085105,0,2,男性,51,10,12,0.6666666666666666,0,0,15,4502249.082895545,3.671232876712329,1.0
C-001096116,S-0018,-35.81563119130752,0,2,女性,41,8,12,0.1666666666666666,9128,1,16,4493108.581950108,7.550684931506849,5.0
C-002023666,S-0072,-26.071851933806446,0,2,男性,41,3,12,0.1666666666666666,0,0,12,4406797.312641796,9.01917808219178,6.0
C-000849698,S-0063,-12.40654549345317,0,2,女性,48,9,12,0.1666666666666666,0,0,18,4564012.176421695,5.749315068493151,3.0
C-001755147,S-0019,-30.093519684551705,0,2,男性,45,5,12,0.3333333333333333,0,0,19,4327199.920883598,4.090410958904109,1.0
C-000954471,S-0004,-19.20713444388356,0,2,女性,42,8,12,0.4166666666666667,5701,2,22,4423576.351309,11.806849315068494,9.0
C-000889538,S-0089,-23.06962415280345,0,2,女性,45,9,12,0.3333333333333333,15601,2,19,4721110.949352573,10.142465753424657,7.0
C-002182257,S-0017,-100.0,1,2,男性,29,3,12,0.6666666666666666,0,0,20,4640207.03550726,5.608219178082192,2.5
C-000823036,S-0085,-13.475358468717005,0,2,女性,63,9,12,0.4166666666666667,0,0,15,4606655.398026554,4.928767123287671,2.0
C-002488272,S-0059,-56.16438356164384,1,2,女性,71,1,12,0.5,13774,1,14,4713188.969095345,6.8123287671232875,3.0
C-002529824,S-0040,-38.62885864409253,0,2,男性,46,1,12,0.3333333333333333,0,0,20,4550116.0180538,8.163013698630138,4.0
C-001701187,S-0054,-82.4563196076428,1,2,男性,74,5,12,0.5,9005,1,23,4489160.181517739,6.358904109589041,4.0
C-001145738,S-0062,-100.0,1,2,男性,36,7,12,0.5833333333333334,0,0,15,4713869.782113416,4.575342465753424,1.0
C-002019739,S-0117,4.879324152028914,0,2,女性,83,4,12,0.5833333333333334,19500,1,20,4500859.737076383,9.593150684931507,7.0
C-001815316,S-0036,-82.60844724400451,1,2,女性,36,4,12,0.0833333333333333,0,0,19,4397834.424680548,11.123287671232877,9.0
C-002663677,S-0113,-100.0,1,2,男性,48,1,12,0.0,14455,2,16,4336633.961311346,5.77945205479452,2.5
C-000016843,S-0020,-5.10955458510383,0,2,男性,38,12,12,0.5,0,0,16,4280702.057267675,6.986301369863014,3.5
C-000977958,S-0002,-34.42530358655747,0,2,女性,66,8,12,0.0833333333333333,0,0,15,4455566.655169959,5.663013698630137,2.0
C-000348697,S-0111,-4.203208485725553,0,2,女性,69,11,12,0.6666666666666666,0,0,19,4489501.980758176,6.397260273972603,4.0
C-000415046,S-0089,-65.73093220338984,1,2,女性,51,11,12,0.8333333333333334,0,0,19,4721110.949352573,10.142465753424657,7.0
C-002523364,S-0007,-100.0,1,2,女性,46,1,12,0.6666666666666666,1641,1,21,4487075.727367008,3.7260273972602738,1.0
C-002113155,S-0059,-10.594947554263163,0,2,男性,22,3,12,0.25,33496,1,14,4713188.969095345,6.8123287671232875,3.0
C-002266419,S-0008,-100.0,1,2,男性,42,2,12,0.1666666666666666,0,0,22,4498453.308937302,10.772602739726027,7.0
C-001031927,S-0019,-23.55925588656173,0,2,男性,60,8,12,0.1666666666666666,0,0,19,4327199.920883598,4.090410958904109,1.0
C-001406398,S-0097,-100.0,1,2,女性,51,6,12,0.3333333333333333,8585,1,21,4592508.716501317,10.09041095890411,7.0
C-002682617,S-0075,-100.0,1,2,男性,60,1,12,0.3333333333333333,0,0,19,4506647.2743158825,4.526027397260274,1.0
C-000843401,S-0131,-37.60439490648121,0,2,男性,41,9,12,0.9166666666666666,0,0,17,4569023.5643747775,5.13972602739726,2.0
C-000474757,S-0002,-100.0,1,2,女性,41,10,12,0.0833333333333333,0,0,15,4455566.655169959,5.663013698630137,2.0
C-000208937,S-0099,-5.1352860512730905,0,2,女性,45,12,12,0.5833333333333334,0,0,13,4464126.154078853,8.147945205479452,5.0
C-001318254,S-0075,-18.80918407056687,0,2,女性,55,7,12,0.3333333333333333,0,0,19,4506647.2743158825,4.526027397260274,1.0
C-001936473,S-0019,-16.70302238501289,0,2,女性,49,4,12,0.75,37796,1,19,4327199.920883598,4.090410958904109,1.0
C-000080062,S-0082,-28.494752644242304,0,2,女性,55,12,12,0.1666666666666666,5534,1,17,4607261.71451126,4.758904109589041,2.0
C-000281831,S-0002,-31.517329578875863,0,2,女性,38,11,12,0.25,14664,1,15,4455566.655169959,5.663013698630137,2.0
C-001426312,S-0039,-53.52165335539504,1,2,男性,60,6,12,0.5,12675,1,16,4591288.568998441,8.193150684931506,5.0
C-001763725,S-0131,-41.422641816554076,0,2,男性,77,5,12,0.6666666666666666,0,0,17,4569023.5643747775,5.13972602739726,2.0
C-000023522,S-0056,-17.78312226454117,0,2,女性,52,12,12,0.3333333333333333,1914,1,15,4406070.585753419,7.528767123287671,4.0
C-000056880,S-0017,-14.034506847520776,0,2,男性,40,12,12,0.75,5095,1,20,4640207.03550726,5.608219178082192,2.5
C-000454718,S-0111,-100.0,1,2,女性,27,10,12,0.5,12502,1,19,4489501.980758176,6.397260273972603,4.0
C-001631116,S-0085,-13.48139374198006,0,2,男性,44,5,12,0.5833333333333334,11111,1,15,4606655.398026554,4.928767123287671,2.0
C-000002503,S-0019,-19.28471976891586,0,2,女性,52,12,12,0.6666666666666666,0,0,19,4327199.920883598,4.090410958904109,1.0
C-000682775,S-0040,-37.681550812030636,0,2,男性,55,9,12,0.4166666666666667,0,0,20,4550116.0180538,8.163013698630138,4.0
C-002386788,S-0020,-96.91652894433,1,2,男性,85,2,12,0.1666666666666666,0,0,16,4280702.057267675,6.986301369863014,3.5
C-002253963,S-0131,-100.0,1,2,男性,58,2,12,0.5833333333333334,0,0,17,4569023.5643747775,5.13972602739726,2.0
C-002582216,S-0082,-64.37756294880597,1,2,男性,52,1,12,0.5833333333333334,42131,1,17,4607261.71451126,4.758904109589041,2.0
C-002011989,S-0059,-92.71397688756038,1,2,女性,31,4,12,0.1666666666666666,1347,2,14,4713188.969095345,6.8123287671232875,3.0
C-000474046,S-0085,-45.528412992363556,0,2,男性,59,10,12,1.0,32567,1,15,4606655.398026554,4.928767123287671,2.0
C-001470760,S-0040,-100.0,1,2,女性,50,6,12,0.3333333333333333,429,1,20,4550116.0180538,8.163013698630138,4.0
C-000613842,S-0019,-7.07910820096355,0,2,女性,59,10,12,0.5833333333333334,17457,1,19,4327199.920883598,4.090410958904109,1.0
C-001420115,S-0018,-25.78203706564063,0,2,男性,51,6,12,0.3333333333333333,10978,2,16,4493108.581950108,7.550684931506849,5.0
C-000597229,S-0012,-100.0,1,2,女性,33,10,12,0.1666666666666666,0,0,16,4444678.825084195,7.994520547945205,5.0
C-001898536,S-0085,-45.49543156213963,0,2,男性,56,4,12,1.0,5298,1,15,4606655.398026554,4.928767123287671,2.0
C-002303870,S-0063,-1.1182676151704882,0,2,女性,54,2,12,0.5,22101,1,18,4564012.176421695,5.749315068493151,3.0
C-001796838,S-0007,-100.0,1,2,女性,56,5,12,0.0833333333333333,0,0,21,4487075.727367008,3.7260273972602738,1.0
C-002604439,S-0062,-5.678054230749631,0,2,女性,67,1,12,0.25,0,0,15,4713869.782113416,4.575342465753424,1.0
C-001928604,S-0019,-73.8954796481898,1,2,女性,60,4,12,0.3333333333333333,10644,1,19,4327199.920883598,4.090410958904109,1.0
C-000045068,S-0017,-100.0,1,2,女性,30,12,12,0.3333333333333333,3909,1,20,4640207.03550726,5.608219178082192,2.5
C-001612228,S-0131,-57.75905593694189,1,2,男性,63,5,12,0.25,39236,1,17,4569023.5643747775,5.13972602739726,2.0
C-000331334,S-0036,-37.64450631757197,0,2,女性,78,11,12,0.75,18994,1,19,4397834.424680548,11.123287671232877,9.0
C-000693925,S-0048,-100.0,1,2,男性,37,9,12,0.0,0,0,15,4502249.082895545,3.671232876712329,1.0
C-000192887,S-0019,-27.54313819528771,0,2,男性,40,12,12,0.3333333333333333,108916,1,19,4327199.920883598,4.090410958904109,1.0
C-002598398,S-0131,-35.687247644683715,0,2,女性,49,1,12,0.5,42790,2,17,4569023.5643747775,5.13972602739726,2.0
C-001022647,S-0121,-52.758824452713114,1,2,女性,42,8,12,0.1666666666666666,0,0,14,4716268.25678644,9.856164383561644,7.0
C-001460848,S-0075,-61.90233879949307,1,2,男性,54,6,12,0.25,0,0,19,4506647.2743158825,4.526027397260274,1.0
C-002381145,S-0036,-62.55097838649255,1,2,女性,56,2,12,0.3333333333333333,27829,1,19,4397834.424680548,11.123287671232877,9.0
C-000098084,S-0050,-55.995749649083685,1,2,女性,51,12,12,0.8333333333333334,13227,2,20,4615411.181286601,9.2013698630137,6.0
C-001982054,S-0089,-100.0,1,2,女性,36,4,12,0.0833333333333333,0,0,19,4721110.949352573,10.142465753424657,7.0
C-002440923,S-0111,-75.4779632798409,1,2,男性,53,2,12,0.0,12163,1,19,4489501.980758176,6.397260273972603,4.0
C-000787057,S-0018,-39.09662799868186,0,2,男性,49,9,12,0.4166666666666667,0,0,16,4493108.581950108,7.550684931506849,5.0
C-000143186,S-0100,-74.68948358279131,1,2,女性,52,12,12,0.8333333333333334,26894,1,17,4535925.154217558,4.720547945205479,2.0
C-000843281,S-0008,-100.0,1,2,女性,64,9,12,0.5,0,0,22,4498453.308937302,10.772602739726027,7.0
C-000073591,S-0017,-100.0,1,2,男性,60,12,12,0.0,0,0,20,4640207.03550726,5.608219178082192,2.5
C-001507717,S-0063,-51.21169023118325,1,2,男性,49,6,12,0.3333333333333333,6963,1,18,4564012.176421695,5.749315068493151,3.0
C-001720078,S-0004,-100.0,1,2,女性,53,5,12,1.0,0,0,22,4423576.351309,11.806849315068494,9.0
C-000619636,S-0063,-97.84532747360069,1,2,女性,48,10,12,0.3333333333333333,10850,1,18,4564012.176421695,5.749315068493151,3.0
C-001970252,S-0126,-100.0,1,2,男性,49,4,12,0.3333333333333333,0,0,17,4493168.352495564,5.53972602739726,3.0
C-000738744,S-0085,-3.927540834968904,0,2,女性,43,9,12,0.6666666666666666,12383,1,15,4606655.398026554,4.928767123287671,2.0
C-001559356,S-0054,-25.967277144013906,0,2,女性,43,6,12,0.5833333333333334,1224,1,23,4489160.181517739,6.358904109589041,4.0
C-002296092,S-0030,-97.13367748456734,1,2,男性,46,2,12,0.1666666666666666,0,0,22,4426478.045479023,9.236986301369862,5.5
C-000937647,S-0082,-58.72258971600871,1,2,女性,68,8,12,0.3333333333333333,0,0,17,4607261.71451126,4.758904109589041,2.0
C-001295200,S-0004,-42.61301795103705,0,2,女性,54,7,12,0.1666666666666666,0,0,22,4423576.351309,11.806849315068494,9.0
C-002442189,S-0062,-75.48903930944545,1,2,男性,40,2,12,0.6666666666666666,0,0,15,4713869.782113416,4.575342465753424,1.0
C-000898395,S-0019,-28.993958397063324,0,2,男性,53,9,12,0.8333333333333334,0,0,19,4327199.920883598,4.090410958904109,1.0
C-000150066,S-0117,-99.58525442640898,1,2,女性,20,12,12,0.0833333333333333,7572,2,20,4500859.737076383,9.593150684931507,7.0
C-000462502,S-0100,-36.03051213834386,0,2,男性,59,10,12,0.8333333333333334,5393,1,17,4535925.154217558,4.720547945205479,2.0
C-000932678,S-0059,-18.425861338514274,0,2,男性,36,8,12,0.75,18896,1,14,4713188.969095345,6.8123287671232875,3.0
C-001942474,S-0131,-100.0,1,2,女性,64,4,12,0.25,0,0,17,4569023.5643747775,5.13972602739726,2.0
C-000092112,S-0121,-37.41922947971593,0,2,男性,46,12,12,0.4166666666666667,0,0,14,4716268.25678644,9.856164383561644,7.0
C-000515933,S-0004,-82.13239601640304,1,2,男性,53,10,12,0.25,0,0,22,4423576.351309,11.806849315068494,9.0
C-002613228,S-0113,-70.17732282531406,1,2,女性,47,1,12,0.0,3533,1,16,4336633.961311346,5.77945205479452,2.5
C-001674312,S-0036,-100.0,1,2,女性,45,5,12,0.4166666666666667,65938,1,19,4397834.424680548,11.123287671232877,9.0
C-000522514,S-0004,-100.0,1,2,女性,42,10,12,0.75,91090,1,22,4423576.351309,11.806849315068494,9.0
C-000965430,S-0054,-14.649486925556795,0,2,女性,48,8,12,0.25,0,0,23,4489160.181517739,6.358904109589041,4.0
C-000071817,S-0131,-100.0,1,2,女性,68,12,12,0.6666666666666666,11907,1,17,4569023.5643747775,5.13972602739726,2.0
C-002429086,S-0089,-45.54755363364926,0,2,女性,59,2,12,0.5,100817,2,19,4721110.949352573,10.142465753424657,7.0
C-002476803,S-0111,-43.01132993844203,0,2,女性,30,1,12,0.0833333333333333,0,0,19,4489501.980758176,6.397260273972603,4.0
C-001877216,S-0014,-6.088290083864897,0,2,女性,22,4,12,0.5833333333333334,0,0,21,4730192.353344672,7.336986301369863,4.0
C-002333843,S-0111,-97.3277997037171,1,2,男性,65,2,12,0.25,0,0,19,4489501.980758176,6.397260273972603,4.0
C-000017854,S-0097,-100.0,1,2,女性,64,12,12,0.5833333333333334,20519,1,21,4592508.716501317,10.09041095890411,7.0
C-000629734,S-0008,-14.438018615627989,0,2,男性,32,10,12,0.5,0,0,22,4498453.308937302,10.772602739726027,7.0
C-001666553,S-0075,-67.75841801911118,1,2,女性,34,5,12,0.3333333333333333,0,0,19,4506647.2743158825,4.526027397260274,1.0
C-001205380,S-0062,-15.72683045254607,0,2,男性,56,7,12,0.25,23815,2,15,4713869.782113416,4.575342465753424,1.0
C-000666067,S-0054,-66.22355998890521,1,2,女性,45,10,12,0.5,0,0,23,4489160.181517739,6.358904109589041,4.0
C-000449925,S-0005,-19.940056417489423,0,2,男性,55,11,12,0.3333333333333333,0,0,21,4733942.970761149,4.69041095890411,2.0
C-001684809,S-0126,-14.776738796518366,0,2,男性,44,5,12,0.5833333333333334,0,0,17,4493168.352495564,5.53972602739726,3.0
C-002269605,S-0002,-34.9292417972214,0,2,女性,42,2,12,0.25,0,0,15,4455566.655169959,5.663013698630137,2.0
C-000167616,S-0075,-62.24032790162951,1,2,女性,71,12,12,0.25,0,0,19,4506647.2743158825,4.526027397260274,1.0
C-002341381,S-0002,-22.583247732442807,0,2,女性,57,2,12,0.9166666666666666,12103,2,15,4455566.655169959,5.663013698630137,2.0
C-000101402,S-0062,-100.0,1,2,女性,34,12,12,0.5833333333333334,0,0,15,4713869.782113416,4.575342465753424,1.0
C-000749790,S-0126,-55.51641342739805,1,2,女性,79,9,12,1.0,0,0,17,4493168.352495564,5.53972602739726,3.0
C-000856354,S-0062,-36.05715451558664,0,2,男性,52,9,12,0.5,76300,1,15,4713869.782113416,4.575342465753424,1.0
C-000647569,S-0040,-100.0,1,2,男性,58,10,12,0.8333333333333334,0,0,20,4550116.0180538,8.163013698630138,4.0
C-000549798,S-0099,-6.3895529686088945,0,2,女性,37,10,12,0.6666666666666666,0,0,13,4464126.154078853,8.147945205479452,5.0
C-001595594,S-0019,-10.85810184162876,0,2,女性,68,5,12,0.3333333333333333,0,0,19,4327199.920883598,4.090410958904109,1.0
C-001955086,S-0126,-19.469165922158844,0,2,女性,68,4,12,0.0833333333333333,91377,1,17,4493168.352495564,5.53972602739726,3.0
C-002639117,S-0100,-85.53787510298892,1,2,女性,48,1,12,0.25,0,0,17,4535925.154217558,4.720547945205479,2.0
C-001966569,S-0082,-58.25405707890319,1,2,女性,42,4,12,0.6666666666666666,2570,1,17,4607261.71451126,4.758904109589041,2.0
C-000217378,S-0020,-35.5573564313191,0,2,女性,47,12,12,0.0,0,0,16,4280702.057267675,6.986301369863014,3.5
C-002040025,S-0030,-100.0,1,2,女性,67,3,12,0.25,0,0,22,4426478.045479023,9.236986301369862,5.5
C-000570638,S-0126,-100.0,1,2,女性,53,10,12,0.3333333333333333,6814,1,17,4493168.352495564,5.53972602739726,3.0
C-001432973,S-0121,-100.0,1,2,女性,34,6,12,0.1666666666666666,7007,1,14,4716268.25678644,9.856164383561644,7.0
C-001247877,S-0126,-21.89793604593342,0,2,男性,41,7,12,0.4166666666666667,24212,1,17,4493168.352495564,5.53972602739726,3.0
C-001450518,S-0039,-30.46089372409987,0,2,女性,42,6,12,0.25,0,0,16,4591288.568998441,8.193150684931506,5.0
C-000926816,S-0117,-22.480266190681142,0,2,女性,31,8,12,0.4166666666666667,55254,1,20,4500859.737076383,9.593150684931507,7.0
C-000063093,S-0012,-32.6192652165966,0,2,女性,58,12,12,0.0833333333333333,174040,1,16,4444678.825084195,7.994520547945205,5.0
C-002356405,S-0019,-15.628327748414891,0,2,男性,70,2,12,1.0,0,0,19,4327199.920883598,4.090410958904109,1.0
C-000256303,S-0007,-76.70639127312519,1,2,男性,48,11,12,0.4166666666666667,0,0,21,4487075.727367008,3.7260273972602738,1.0
C-000086070,S-0054,-4.476929404037738,0,2,男性,60,12,12,0.4166666666666667,11665,1,23,4489160.181517739,6.358904109589041,4.0
C-001239168,S-0054,-89.35323509592769,1,2,女性,42,7,12,1.0,75271,1,23,4489160.181517739,6.358904109589041,4.0
C-000563944,S-0036,-25.74911155483604,0,2,男性,39,10,12,0.1666666666666666,23746,1,19,4397834.424680548,11.123287671232877,9.0
C-001932416,S-0007,-6.908534454173126,0,2,女性,29,4,12,0.8333333333333334,0,0,21,4487075.727367008,3.7260273972602738,1.0
C-002240207,S-0089,-74.02279485351822,1,2,女性,28,3,12,0.0833333333333333,19344,1,19,4721110.949352573,10.142465753424657,7.0
C-001413153,S-0020,-32.125068954214406,0,2,女性,66,6,12,0.3333333333333333,3910,1,16,4280702.057267675,6.986301369863014,3.5
C-001207250,S-0117,-47.35661660467104,0,2,女性,46,7,12,0.3333333333333333,0,0,20,4500859.737076383,9.593150684931507,7.0
C-002325218,S-0080,-100.0,1,2,女性,49,2,12,0.1666666666666666,6115,2,17,4457429.264950683,11.673972602739726,9.0
C-002136609,S-0005,-55.75137284950651,1,2,男性,57,3,12,0.25,0,0,21,4733942.970761149,4.69041095890411,2.0
C-001403712,S-0097,-5.0273082576728445,0,2,男性,69,6,12,0.4166666666666667,19964,1,21,4592508.716501317,10.09041095890411,7.0
C-002524511,S-0017,-100.0,1,2,男性,66,1,12,0.1666666666666666,3835,1,20,4640207.03550726,5.608219178082192,2.5
C-000590939,S-0059,-30.551373765630895,0,2,男性,58,10,12,0.3333333333333333,15966,1,14,4713188.969095345,6.8123287671232875,3.0
C-000363627,S-0056,-2.331676950799978,0,2,男性,34,11,12,0.6666666666666666,0,0,15,4406070.585753419,7.528767123287671,4.0
C-000980306,S-0019,17.49364427188695,0,2,女性,35,8,12,0.3333333333333333,0,0,19,4327199.920883598,4.090410958904109,1.0
C-001932025,S-0005,-9.952827330167226,0,2,女性,50,4,12,0.75,0,0,21,4733942.970761149,4.69041095890411,2.0
C-001105887,S-0039,-47.31499943935531,0,2,男性,19,8,12,0.3333333333333333,25599,1,16,4591288.568998441,8.193150684931506,5.0
C-000746736,S-0017,-100.0,1,2,女性,62,9,12,0.5,6102,1,20,4640207.03550726,5.608219178082192,2.5
C-002463717,S-0126,-19.925521603836145,0,2,女性,50,2,12,0.25,0,0,17,4493168.352495564,5.53972602739726,3.0
C-000130759,S-0131,-72.558224328882,1,2,男性,57,12,12,0.6666666666666666,0,0,17,4569023.5643747775,5.13972602739726,2.0
C-000971646,S-0082,-63.5813824340975,1,2,女性,33,8,12,0.8333333333333334,2743,1,17,4607261.71451126,4.758904109589041,2.0
C-001742088,S-0019,-9.109200510690565,0,2,男性,46,5,12,0.5,0,0,19,4327199.920883598,4.090410958904109,1.0
C-001824260,S-0050,-53.37804391217564,1,2,女性,76,4,12,0.75,19079,1,20,4615411.181286601,9.2013698630137,6.0
C-000000882,S-0117,-72.97341138303123,1,2,男性,33,13,12,0.0,27327,2,20,4500859.737076383,9.593150684931507,7.0
C-002207554,S-0075,-7.183973576650018,0,2,男性,62,3,12,0.1666666666666666,0,0,19,4506647.2743158825,4.526027397260274,1.0
C-001497693,S-0017,-2.075488383076189,0,2,女性,52,6,12,0.0833333333333333,38344,1,20,4640207.03550726,5.608219178082192,2.5
C-000703912,S-0020,-99.79686211717471,1,2,男性,51,9,12,0.1666666666666666,42812,1,16,4280702.057267675,6.986301369863014,3.5
C-000482858,S-0002,-34.821184504973665,0,2,女性,71,10,12,0.9166666666666666,0,0,15,4455566.655169959,5.663013698630137,2.0
C-000539118,S-0048,-24.318636287729245,0,2,女性,50,10,12,0.1666666666666666,0,0,15,4502249.082895545,3.671232876712329,1.0
C-002117833,S-0041,-38.78960397583074,0,2,女性,55,3,12,0.25,0,0,17,4828489.286769263,10.389041095890411,7.0
C-000509606,S-0056,-100.0,1,2,女性,34,10,12,0.3333333333333333,0,0,15,4406070.585753419,7.528767123287671,4.0
C-002515294,S-0007,-15.023775783341206,0,2,男性,36,1,12,0.5,0,0,21,4487075.727367008,3.7260273972602738,1.0
C-001460638,S-0113,-4.101004479150667,0,2,男性,51,6,12,0.0833333333333333,11322,1,16,4336633.961311346,5.77945205479452,2.5
C-001894401,S-0018,-30.24716384197152,0,2,男性,39,4,12,0.5,0,0,16,4493108.581950108,7.550684931506849,5.0
C-000746574,S-0017,-100.0,1,2,男性,54,9,12,0.75,0,0,20,4640207.03550726,5.608219178082192,2.5
C-001674354,S-0005,-16.92225757555067,0,2,男性,70,5,12,0.25,0,0,21,4733942.970761149,4.69041095890411,2.0
C-000890086,S-0017,-50.13853677888043,1,2,男性,51,9,12,0.75,1553,1,20,4640207.03550726,5.608219178082192,2.5
C-001988756,S-0085,-27.367597741420507,0,2,男性,46,4,12,0.9166666666666666,31253,1,15,4606655.398026554,4.928767123287671,2.0
C-000223858,S-0089,-100.0,1,2,女性,31,12,12,0.0833333333333333,0,0,19,4721110.949352573,10.142465753424657,7.0
C-000104898,S-0019,-13.638598806889501,0,2,女性,34,12,12,0.6666666666666666,0,0,19,4327199.920883598,4.090410958904109,1.0
C-000293218,S-0019,-6.429342769985991,0,2,男性,91,11,12,0.4166666666666667,0,0,19,4327199.920883598,4.090410958904109,1.0
C-001565438,S-0099,-22.726268783272953,0,2,女性,49,6,12,0.5,0,0,13,4464126.154078853,8.147945205479452,5.0
C-000223813,S-0111,-100.0,1,2,女性,49,12,12,0.25,0,0,19,4489501.980758176,6.397260273972603,4.0
C-001411325,S-0099,-69.14006817477534,1,2,男性,72,6,12,0.5,25978,1,13,4464126.154078853,8.147945205479452,5.0
C-000964098,S-0054,-31.789567727303965,0,2,男性,45,8,12,0.25,80309,2,23,4489160.181517739,6.358904109589041,4.0
C-000201054,S-0019,-14.826102818228804,0,2,男性,58,12,12,1.0,48025,1,19,4327199.920883598,4.090410958904109,1.0
C-001390244,S-0062,-41.67697093545406,0,2,女性,34,6,12,0.25,49382,1,15,4713869.782113416,4.575342465753424,1.0
C-000737529,S-0056,-22.104462696728525,0,2,男性,53,9,12,0.5833333333333334,0,0,15,4406070.585753419,7.528767123287671,4.0
C-000894991,S-0036,-47.50279835829647,0,2,男性,60,9,12,0.25,609,1,19,4397834.424680548,11.123287671232877,9.0
C-001640604,S-0082,-98.30704170492169,1,2,女性,76,5,12,0.3333333333333333,0,0,17,4607261.71451126,4.758904109589041,2.0
C-001080658,S-0041,-78.33022638316606,1,2,男性,43,8,12,0.1666666666666666,6534,1,17,4828489.286769263,10.389041095890411,7.0
C-000514887,S-0100,-100.0,1,2,男性,58,10,12,0.8333333333333334,0,0,17,4535925.154217558,4.720547945205479,2.0
C-001388469,S-0002,-6.40189944073233,0,2,女性,41,6,12,0.5833333333333334,0,0,15,4455566.655169959,5.663013698630137,2.0
C-000897586,S-0040,-13.455919383774173,0,2,男性,48,9,12,0.5,0,0,20,4550116.0180538,8.163013698630138,4.0
C-000569516,S-0017,-92.07966031806177,1,2,男性,39,10,12,0.5833333333333334,1078,1,20,4640207.03550726,5.608219178082192,2.5
C-002627657,S-0030,-5.874293325551029,0,2,女性,59,1,12,0.0,0,0,22,4426478.045479023,9.236986301369862,5.5
C-002463041,S-0040,-88.76276733539655,1,2,男性,40,2,12,0.1666666666666666,0,0,20,4550116.0180538,8.163013698630138,4.0
C-002119807,S-0100,-63.96458111330999,1,2,女性,17,3,12,0.3333333333333333,0,0,17,4535925.154217558,4.720547945205479,2.0
C-000704210,S-0126,-1.1199880623034069,0,2,男性,54,9,12,0.5,0,0,17,4493168.352495564,5.53972602739726,3.0
C-002377838,S-0100,-16.847077491561034,0,2,男性,55,2,12,0.75,4534,1,17,4535925.154217558,4.720547945205479,2.0
C-001107014,S-0036,-100.0,1,2,男性,42,8,12,0.3333333333333333,31719,1,19,4397834.424680548,11.123287671232877,9.0
C-000372820,S-0074,-26.462156619065407,0,2,女性,57,11,12,0.4166666666666667,3543,2,14,4614054.39694187,8.308219178082192,6.0
C-000315876,S-0126,-30.517181881936484,0,2,男性,47,11,12,0.5,40032,1,17,4493168.352495564,5.53972602739726,3.0
C-000982409,S-0050,-62.95624640184225,1,2,男性,45,8,12,0.0,7759,1,20,4615411.181286601,9.2013698630137,6.0
C-002031590,S-0079,-29.71107194723015,0,2,男性,58,3,12,0.1666666666666666,55210,2,13,4256656.371085242,8.479452054794521,6.0
C-002140041,S-0008,-24.255307987882443,0,2,女性,58,3,12,0.0833333333333333,19218,1,22,4498453.308937302,10.772602739726027,7.0
C-001230974,S-0082,-14.362661043938976,0,2,女性,43,7,12,0.3333333333333333,32535,1,17,4607261.71451126,4.758904109589041,2.0
C-000610020,S-0131,-88.40586004227106,1,2,男性,62,10,12,0.75,0,0,17,4569023.5643747775,5.13972602739726,2.0
C-001913557,S-0041,-100.0,1,2,女性,58,4,12,0.75,4012,1,17,4828489.286769263,10.389041095890411,7.0
C-002549078,S-0040,-100.0,1,2,女性,49,1,12,0.3333333333333333,0,0,20,4550116.0180538,8.163013698630138,4.0
C-001638030,S-0059,-100.0,1,2,男性,74,5,12,0.6666666666666666,0,0,14,4713188.969095345,6.8123287671232875,3.0
C-001653744,S-0039,-66.93123835749574,1,2,女性,40,5,12,0.6666666666666666,0,0,16,4591288.568998441,8.193150684931506,5.0
C-000098518,S-0020,-22.551230481740728,0,2,女性,50,12,12,0.5833333333333334,2597,2,16,4280702.057267675,6.986301369863014,3.5
C-000321856,S-0036,-14.91921763718922,0,2,男性,55,11,12,0.8333333333333334,0,0,19,4397834.424680548,11.123287671232877,9.0
C-000190054,S-0082,-100.0,1,2,男性,75,12,12,0.4166666666666667,0,0,17,4607261.71451126,4.758904109589041,2.0
C-000025071,S-0054,-12.303763400409725,0,2,男性,47,12,12,0.9166666666666666,0,0,23,4489160.181517739,6.358904109589041,4.0
C-001983947,S-0126,-27.80862016755829,0,2,女性,40,4,12,0.5833333333333334,0,0,17,4493168.352495564,5.53972602739726,3.0
C-001606241,S-0020,-100.0,1,2,女性,60,5,12,0.25,0,0,16,4280702.057267675,6.986301369863014,3.5
C-000652294,S-0005,-27.13541890787039,0,2,女性,62,10,12,0.5833333333333334,0,0,21,4733942.970761149,4.69041095890411,2.0
C-001396776,S-0117,-92.22764003514878,1,2,女性,41,6,12,0.3333333333333333,18293,1,20,4500859.737076383,9.593150684931507,7.0
C-000789684,S-0117,-14.160481487762548,0,2,女性,60,9,12,0.4166666666666667,18503,1,20,4500859.737076383,9.593150684931507,7.0
C-002514547,S-0048,-100.0,1,2,女性,42,1,12,0.1666666666666666,3813,2,15,4502249.082895545,3.671232876712329,1.0
C-001298002,S-0048,-99.27603693197375,1,2,女性,63,7,12,0.5,44330,1,15,4502249.082895545,3.671232876712329,1.0
C-000204506,S-0007,-47.013633358066194,0,2,男性,49,12,12,0.6666666666666666,0,0,21,4487075.727367008,3.7260273972602738,1.0
C-000404824,S-0079,-100.0,1,2,女性,27,11,12,0.5,0,0,13,4256656.371085242,8.479452054794521,6.0
C-000800040,S-0062,-29.90269376288543,0,2,女性,48,9,12,0.5833333333333334,0,0,15,4713869.782113416,4.575342465753424,1.0
C-000228021,S-0085,-41.05367905646082,0,2,女性,42,11,12,0.25,0,0,15,4606655.398026554,4.928767123287671,2.0
C-001012926,S-0036,-0.20278090805534943,0,2,女性,37,8,12,0.25,0,0,19,4397834.424680548,11.123287671232877,9.0
C-002102671,S-0018,-77.02229422201651,1,2,男性,35,3,12,0.5,6672,1,16,4493108.581950108,7.550684931506849,5.0
C-000218541,S-0074,-23.826714801444044,0,2,女性,41,12,12,0.5,4660,1,14,4614054.39694187,8.308219178082192,6.0
C-002611301,S-0017,-94.04252791636969,1,2,女性,26,1,12,0.6666666666666666,4770,1,20,4640207.03550726,5.608219178082192,2.5
C-001581372,S-0096,-71.52573271630908,1,2,女性,64,5,12,0.1666666666666666,12423,1,16,4644856.458098179,8.302739726027397,5.0
C-000919587,S-0004,-6.675351722074197,0,2,女性,63,8,12,0.5,0,0,22,4423576.351309,11.806849315068494,9.0
C-001893090,S-0039,-100.0,1,2,男性,41,4,12,0.4166666666666667,0,0,16,4591288.568998441,8.193150684931506,5.0
C-002542564,S-0111,-26.010737146396863,0,2,女性,52,1,12,0.3333333333333333,11469,1,19,4489501.980758176,6.397260273972603,4.0
C-002137510,S-0019,-10.409272701928954,0,2,男性,56,3,12,0.25,0,0,19,4327199.920883598,4.090410958904109,1.0
C-002203154,S-0050,-17.75883106047889,0,2,男性,34,3,12,0.25,0,0,20,4615411.181286601,9.2013698630137,6.0
C-000649008,S-0012,-46.488808624746895,0,2,女性,32,10,12,0.75,0,0,16,4444678.825084195,7.994520547945205,5.0
C-001049121,S-0050,-20.18670865660087,0,2,女性,45,8,12,0.3333333333333333,0,0,20,4615411.181286601,9.2013698630137,6.0
C-001928802,S-0004,-100.0,1,2,男性,62,4,12,0.5833333333333334,31783,2,22,4423576.351309,11.806849315068494,9.0
C-000062658,S-0036,-100.0,1,2,女性,50,12,12,0.25,23186,1,19,4397834.424680548,11.123287671232877,9.0
C-002398955,S-0089,-100.0,1,2,男性,35,2,12,0.4166666666666667,0,0,19,4721110.949352573,10.142465753424657,7.0
C-000705718,S-0072,-30.133640865612914,0,2,男性,34,9,12,0.25,38532,2,12,4406797.312641796,9.01917808219178,6.0
C-002439173,S-0059,-97.86173994634527,1,2,男性,50,2,12,0.3333333333333333,7831,1,14,4713188.969095345,6.8123287671232875,3.0
C-002561457,S-0111,-100.0,1,2,男性,42,1,12,0.75,0,0,19,4489501.980758176,6.397260273972603,4.0
C-000350821,S-0106,-95.18218273086576,1,2,女性,54,11,12,0.0833333333333333,0,0,20,4462729.145118021,6.171232876712329,3.5
C-002016988,S-0050,-36.91406769885985,0,2,男性,37,4,12,0.4166666666666667,0,0,20,4615411.181286601,9.2013698630137,6.0
C-002421701,S-0121,-83.18567920897206,1,2,女性,53,2,12,0.0,34773,1,14,4716268.25678644,9.856164383561644,7.0
C-000643640,S-0079,-40.77596380802518,0,2,男性,37,10,12,0.0833333333333333,0,0,13,4256656.371085242,8.479452054794521,6.0
C-001070300,S-0040,-18.567711952829985,0,2,男性,39,8,12,0.75,0,0,20,4550116.0180538,8.163013698630138,4.0
C-002298638,S-0089,-27.430661815543996,0,2,男性,49,2,12,0.4166666666666667,8944,1,19,4721110.949352573,10.142465753424657,7.0
C-000648388,S-0062,-100.0,1,2,女性,39,10,12,0.3333333333333333,18942,1,15,4713869.782113416,4.575342465753424,1.0
C-002049082,S-0004,-100.0,1,2,男性,42,3,12,0.1666666666666666,2100,1,22,4423576.351309,11.806849315068494,9.0
C-001911372,S-0039,-100.0,1,2,男性,39,4,12,0.6666666666666666,0,0,16,4591288.568998441,8.193150684931506,5.0
C-001205232,S-0099,-13.463413598528446,0,2,女性,55,7,12,0.3333333333333333,0,0,13,4464126.154078853,8.147945205479452,5.0
C-000778010,S-0100,-100.0,1,2,女性,36,9,12,0.6666666666666666,0,0,17,4535925.154217558,4.720547945205479,2.0
C-000666184,S-0131,-100.0,1,2,男性,62,10,12,0.25,0,0,17,4569023.5643747775,5.13972602739726,2.0
C-001798826,S-0074,-25.319153912203856,0,2,男性,55,5,12,0.5,0,0,14,4614054.39694187,8.308219178082192,6.0
C-001847326,S-0048,-42.43990483222578,0,2,女性,45,4,12,0.1666666666666666,117045,2,15,4502249.082895545,3.671232876712329,1.0
C-000673182,S-0089,-30.783682505509237,0,2,男性,36,10,12,0.1666666666666666,3847,1,19,4721110.949352573,10.142465753424657,7.0
C-002413796,S-0075,-100.0,1,2,女性,48,2,12,0.4166666666666667,0,0,19,4506647.2743158825,4.526027397260274,1.0
C-000032650,S-0012,-29.295909641893985,0,2,男性,53,12,12,0.25,7648,1,16,4444678.825084195,7.994520547945205,5.0
C-002224735,S-0062,-20.661956347543953,0,2,女性,73,3,12,0.5833333333333334,3706,1,15,4713869.782113416,4.575342465753424,1.0
C-002360360,S-0039,-8.977268841087078,0,2,男性,69,2,12,0.75,2123,1,16,4591288.568998441,8.193150684931506,5.0
C-000157234,S-0117,-14.18533872434021,0,2,男性,55,12,12,0.1666666666666666,11038,1,20,4500859.737076383,9.593150684931507,7.0
C-002617407,S-0056,-19.442570284480077,0,2,男性,42,1,12,0.0833333333333333,0,0,15,4406070.585753419,7.528767123287671,4.0
C-001555861,S-0121,-34.936263861895505,0,2,女性,40,6,12,0.1666666666666666,11332,1,14,4716268.25678644,9.856164383561644,7.0
C-001501705,S-0054,-62.65807836822329,1,2,男性,60,6,12,0.5,0,0,23,4489160.181517739,6.358904109589041,4.0
C-000230770,S-0019,-11.76633417649024,0,2,男性,49,11,12,0.75,0,0,19,4327199.920883598,4.090410958904109,1.0
C-001521836,S-0020,-21.560469098072428,0,2,女性,36,6,12,0.4166666666666667,0,0,16,4280702.057267675,6.986301369863014,3.5
C-001279876,S-0002,-100.0,1,2,男性,86,7,12,0.8333333333333334,0,0,15,4455566.655169959,5.663013698630137,2.0
C-001781131,S-0131,-61.60677835547853,1,2,男性,39,5,12,0.25,0,0,17,4569023.5643747775,5.13972602739726,2.0
C-000799640,S-0005,-46.17592173716354,0,2,男性,33,9,12,0.0833333333333333,0,0,21,4733942.970761149,4.69041095890411,2.0
C-000373512,S-0062,-19.382116779625406,0,2,男性,59,11,12,0.3333333333333333,0,0,15,4713869.782113416,4.575342465753424,1.0
C-000842809,S-0085,2.695199683270266,0,2,男性,78,9,12,0.3333333333333333,0,0,15,4606655.398026554,4.928767123287671,2.0
C-000721628,S-0019,8.86683128687542,0,2,男性,24,9,12,0.75,0,0,19,4327199.920883598,4.090410958904109,1.0
C-000695306,S-0040,-51.9143124146359,1,2,男性,54,9,12,0.3333333333333333,0,0,20,4550116.0180538,8.163013698630138,4.0
C-002614003,S-0099,-81.83071203462944,1,2,女性,20,1,12,0.1666666666666666,0,0,13,4464126.154078853,8.147945205479452,5.0
C-000770190,S-0085,-4.6475099554148365,0,2,男性,53,9,12,0.5833333333333334,0,0,15,4606655.398026554,4.928767123287671,2.0
C-002153245,S-0063,-17.016843156318153,0,2,女性,67,3,12,0.6666666666666666,0,0,18,4564012.176421695,5.749315068493151,3.0
C-001629158,S-0063,-100.0,1,2,男性,38,5,12,0.0,0,0,18,4564012.176421695,5.749315068493151,3.0
C-001398665,S-0126,-100.0,1,2,男性,67,6,12,0.0833333333333333,0,0,17,4493168.352495564,5.53972602739726,3.0
C-001085603,S-0002,-100.0,1,2,女性,57,8,12,0.4166666666666667,0,0,15,4455566.655169959,5.663013698630137,2.0
C-002653454,S-0005,-19.667859744846197,0,2,女性,35,1,12,0.1666666666666666,13733,1,21,4733942.970761149,4.69041095890411,2.0
C-000319480,S-0040,-35.67370707669133,0,2,男性,54,11,12,0.75,106154,1,20,4550116.0180538,8.163013698630138,4.0
C-002445092,S-0019,-16.30936398724618,0,2,男性,42,2,12,0.75,0,0,19,4327199.920883598,4.090410958904109,1.0
C-001829039,S-0059,-17.055242908005052,0,2,男性,42,4,12,0.25,45990,1,14,4713188.969095345,6.8123287671232875,3.0
C-001917740,S-0063,-48.037922550566094,0,2,男性,35,4,12,0.3333333333333333,20222,1,18,4564012.176421695,5.749315068493151,3.0
C-002141279,S-0040,-40.29987743862647,0,2,女性,47,3,12,0.1666666666666666,0,0,20,4550116.0180538,8.163013698630138,4.0
C-002570163,S-0097,-49.89031839860569,1,2,女性,20,1,12,0.25,23829,1,21,4592508.716501317,10.09041095890411,7.0
C-001674526,S-0059,-21.062427883853058,0,2,男性,50,5,12,0.25,0,0,14,4713188.969095345,6.8123287671232875,3.0
C-000990151,S-0059,-88.64119566361435,1,2,男性,38,8,12,0.4166666666666667,0,0,14,4713188.969095345,6.8123287671232875,3.0
C-000987548,S-0005,-85.45220326936744,1,2,女性,52,8,12,0.75,0,0,21,4733942.970761149,4.69041095890411,2.0
C-001167126,S-0054,-38.59564851412677,0,2,男性,55,7,12,0.1666666666666666,0,0,23,4489160.181517739,6.358904109589041,4.0
C-000832190,S-0050,-33.721219061411965,0,2,女性,46,9,12,0.5,0,0,20,4615411.181286601,9.2013698630137,6.0
C-002188082,S-0111,-41.67123064826614,0,2,女性,48,3,12,0.4166666666666667,0,0,19,4489501.980758176,6.397260273972603,4.0
C-000032504,S-0007,-10.326355459842919,0,2,男性,53,12,12,0.3333333333333333,51044,1,21,4487075.727367008,3.7260273972602738,1.0
C-000003868,S-0019,-24.20420657870956,0,2,女性,31,12,12,0.5,0,0,19,4327199.920883598,4.090410958904109,1.0
C-000210252,S-0030,-97.49216664732505,1,2,女性,51,12,12,0.5833333333333334,24715,2,22,4426478.045479023,9.236986301369862,5.5
C-000993856,S-0040,-100.0,1,2,女性,51,8,12,0.5833333333333334,0,0,20,4550116.0180538,8.163013698630138,4.0
C-001508827,S-0063,-14.572488182730888,0,2,女性,34,6,12,0.6666666666666666,0,0,18,4564012.176421695,5.749315068493151,3.0
C-002319933,S-0082,-59.93044684787249,1,2,女性,58,2,12,0.3333333333333333,0,0,17,4607261.71451126,4.758904109589041,2.0
C-001325683,S-0017,-20.961431464625107,0,2,女性,76,7,12,0.5,0,0,20,4640207.03550726,5.608219178082192,2.5
C-000450004,S-0041,-100.0,1,2,男性,58,11,12,0.4166666666666667,3444,1,17,4828489.286769263,10.389041095890411,7.0
C-001585032,S-0030,-1.6409486001346365,0,2,男性,60,5,12,0.5,16075,1,22,4426478.045479023,9.236986301369862,5.5
C-000781538,S-0075,-11.65016105617084,0,2,男性,33,9,12,0.4166666666666667,0,0,19,4506647.2743158825,4.526027397260274,1.0
C-000393235,S-0113,-32.146888427407035,0,2,女性,42,11,12,0.0833333333333333,11035,1,16,4336633.961311346,5.77945205479452,2.5
C-001735640,S-0111,-100.0,1,2,女性,42,5,12,0.5833333333333334,0,0,19,4489501.980758176,6.397260273972603,4.0
C-000082727,S-0030,-28.480185747838117,0,2,男性,68,12,12,0.0833333333333333,0,0,22,4426478.045479023,9.236986301369862,5.5
C-000635722,S-0041,-50.2302636634206,1,2,女性,42,10,12,0.1666666666666666,43417,1,17,4828489.286769263,10.389041095890411,7.0
C-001497758,S-0039,-100.0,1,2,女性,31,6,12,0.75,0,0,16,4591288.568998441,8.193150684931506,5.0
C-000897022,S-0111,-22.446554000447232,0,2,女性,60,9,12,0.25,20115,2,19,4489501.980758176,6.397260273972603,4.0
C-001844335,S-0002,-100.0,1,2,男性,51,4,12,0.5833333333333334,0,0,15,4455566.655169959,5.663013698630137,2.0
C-001484328,S-0075,-100.0,1,2,男性,62,6,12,0.6666666666666666,1907,2,19,4506647.2743158825,4.526027397260274,1.0
C-000320495,S-0005,-4.148051089333539,0,2,女性,75,11,12,0.5833333333333334,0,0,21,4733942.970761149,4.69041095890411,2.0
C-002477126,S-0036,-31.21264394924631,0,2,女性,48,1,12,0.3333333333333333,43141,2,19,4397834.424680548,11.123287671232877,9.0
C-002095561,S-0089,-5.170126346350915,0,2,女性,52,3,12,0.0833333333333333,0,0,19,4721110.949352573,10.142465753424657,7.0
C-000136495,S-0102,-100.0,1,2,女性,32,12,12,0.5,9178,1,16,4383474.364435211,10.484931506849314,7.5
C-002114669,S-0097,-30.096426139011363,0,2,女性,31,3,12,1.0,44675,1,21,4592508.716501317,10.09041095890411,7.0
C-000191341,S-0100,-33.191689059747745,0,2,女性,78,12,12,0.4166666666666667,14218,1,17,4535925.154217558,4.720547945205479,2.0
C-000730121,S-0131,-31.889485710894146,0,2,女性,77,9,12,0.6666666666666666,23070,2,17,4569023.5643747775,5.13972602739726,2.0
C-001581117,S-0082,-17.38599224166896,0,2,女性,54,5,12,0.1666666666666666,3481,1,17,4607261.71451126,4.758904109589041,2.0
C-001048385,S-0131,-17.03364556952693,0,2,女性,44,8,12,0.0833333333333333,10759,2,17,4569023.5643747775,5.13972602739726,2.0
C-001288223,S-0039,-16.965870126622455,0,2,女性,44,7,12,0.5833333333333334,0,0,16,4591288.568998441,8.193150684931506,5.0
C-001399036,S-0004,-100.0,1,2,男性,52,6,12,0.0,0,0,22,4423576.351309,11.806849315068494,9.0
C-000761189,S-0039,-100.0,1,2,男性,45,9,12,0.8333333333333334,19153,1,16,4591288.568998441,8.193150684931506,5.0
C-001448265,S-0126,-16.108976278404366,0,2,女性,59,6,12,0.25,36891,1,17,4493168.352495564,5.53972602739726,3.0
C-000516339,S-0115,-22.288484726688104,0,2,男性,73,10,12,0.0833333333333333,3944,2,14,4553643.099564746,10.51095890410959,7.0
C-001981050,S-0063,-40.035809407296966,0,2,女性,35,4,12,0.5,0,0,18,4564012.176421695,5.749315068493151,3.0
C-001821118,S-0131,-16.330894424289102,0,2,女性,39,4,12,0.9166666666666666,0,0,17,4569023.5643747775,5.13972602739726,2.0
C-001173847,S-0126,-21.511702553490373,0,2,女性,52,7,12,0.4166666666666667,14979,2,17,4493168.352495564,5.53972602739726,3.0
C-002306492,S-0100,-65.78536546313346,1,2,男性,64,2,12,0.5,7595,2,17,4535925.154217558,4.720547945205479,2.0
C-000380653,S-0099,-10.692857817377506,0,2,男性,27,11,12,0.5,0,0,13,4464126.154078853,8.147945205479452,5.0
C-001877617,S-0005,-2.8899447367603837,0,2,女性,32,4,12,0.5833333333333334,63760,1,21,4733942.970761149,4.69041095890411,2.0
C-002376823,S-0115,-50.187276009808414,1,2,男性,50,2,12,0.75,33046,1,14,4553643.099564746,10.51095890410959,7.0
C-001342011,S-0040,-84.85872071202617,1,2,男性,20,7,12,0.3333333333333333,0,0,20,4550116.0180538,8.163013698630138,4.0
C-000153908,S-0082,-31.986334606729134,0,2,男性,58,12,12,0.0833333333333333,18872,2,17,4607261.71451126,4.758904109589041,2.0
C-001074572,S-0017,-12.84329479449684,0,2,女性,82,8,12,0.4166666666666667,0,0,20,4640207.03550726,5.608219178082192,2.5
C-001847907,S-0121,-100.0,1,2,女性,81,4,12,0.3333333333333333,0,0,14,4716268.25678644,9.856164383561644,7.0
C-001062120,S-0019,-23.981609266696648,0,2,女性,60,8,12,0.8333333333333334,0,0,19,4327199.920883598,4.090410958904109,1.0
C-001018888,S-0036,-100.0,1,2,男性,40,8,12,0.75,0,0,19,4397834.424680548,11.123287671232877,9.0
C-002574532,S-0018,-84.33449860320272,1,2,女性,42,1,12,0.25,6524,2,16,4493108.581950108,7.550684931506849,5.0
C-001109265,S-0004,-100.0,1,2,女性,64,8,12,0.25,56997,1,22,4423576.351309,11.806849315068494,9.0
C-000192894,S-0082,-18.222070685604592,0,2,女性,49,12,12,0.6666666666666666,10324,1,17,4607261.71451126,4.758904109589041,2.0
C-001133315,S-0030,-44.49852491077644,0,2,女性,63,7,12,0.6666666666666666,0,0,22,4426478.045479023,9.236986301369862,5.5
C-000890237,S-0089,-18.069595645412132,0,2,男性,37,9,12,0.3333333333333333,0,0,19,4721110.949352573,10.142465753424657,7.0
C-000413224,S-0004,-20.308486446175987,0,2,男性,83,11,12,0.1666666666666666,0,0,22,4423576.351309,11.806849315068494,9.0
C-000636833,S-0050,-70.33224990971469,1,2,女性,41,10,12,0.1666666666666666,0,0,20,4615411.181286601,9.2013698630137,6.0
C-001752314,S-0007,-19.671557013994143,0,2,女性,43,5,12,0.3333333333333333,0,0,21,4487075.727367008,3.7260273972602738,1.0
C-000159108,S-0121,-24.24428472597605,0,2,女性,47,12,12,0.0833333333333333,0,0,14,4716268.25678644,9.856164383561644,7.0
C-002143707,S-0050,-35.724793581933284,0,2,女性,62,3,12,0.5833333333333334,4357,2,20,4615411.181286601,9.2013698630137,6.0
C-000394045,S-0017,-33.10834422074958,0,2,男性,21,11,12,0.4166666666666667,0,0,20,4640207.03550726,5.608219178082192,2.5
C-000330980,S-0019,-8.238976041866001,0,2,女性,58,11,12,0.4166666666666667,24166,1,19,4327199.920883598,4.090410958904109,1.0
C-000491154,S-0063,-11.703868247883152,0,2,女性,31,10,12,0.25,2548,1,18,4564012.176421695,5.749315068493151,3.0
C-001411735,S-0080,-100.0,1,2,女性,46,6,12,0.0833333333333333,151,1,17,4457429.264950683,11.673972602739726,9.0
C-002074579,S-0002,-28.749111252479135,0,2,男性,35,3,12,0.0833333333333333,0,0,15,4455566.655169959,5.663013698630137,2.0
C-001003709,S-0019,-8.763243420821063,0,2,女性,53,8,12,0.5833333333333334,4020,1,19,4327199.920883598,4.090410958904109,1.0
C-002412818,S-0085,-10.0009768844712,0,2,女性,48,2,12,0.3333333333333333,0,0,15,4606655.398026554,4.928767123287671,2.0
C-002216474,S-0082,-40.390380846443136,0,2,女性,43,3,12,0.5,0,0,17,4607261.71451126,4.758904109589041,2.0
C-002315180,S-0019,-8.064422398406043,0,2,女性,45,2,12,0.5833333333333334,3470,1,19,4327199.920883598,4.090410958904109,1.0
C-001611011,S-0019,-92.53037684080856,1,2,女性,64,5,12,0.1666666666666666,13878,1,19,4327199.920883598,4.090410958904109,1.0
C-002387650,S-0019,-14.995275461156075,0,2,男性,44,2,12,0.6666666666666666,0,0,19,4327199.920883598,4.090410958904109,1.0
C-001673754,S-0111,-2.5117468287248137,0,2,男性,80,5,12,0.5833333333333334,0,0,19,4489501.980758176,6.397260273972603,4.0
C-002573995,S-0100,-100.0,1,2,女性,48,1,12,0.1666666666666666,10500,1,17,4535925.154217558,4.720547945205479,2.0
C-000882915,S-0019,-21.32874636194155,0,2,女性,53,9,12,0.5833333333333334,18423,1,19,4327199.920883598,4.090410958904109,1.0
C-002477500,S-0059,-52.08973706906084,1,2,女性,64,1,12,0.1666666666666666,1747,1,14,4713188.969095345,6.8123287671232875,3.0
C-001472373,S-0111,-100.0,1,2,女性,58,6,12,0.1666666666666666,24130,2,19,4489501.980758176,6.397260273972603,4.0
C-002315315,S-0048,-30.167759782269222,0,2,女性,35,2,12,0.1666666666666666,0,0,15,4502249.082895545,3.671232876712329,1.0
C-000023922,S-0039,-40.238928729225435,0,2,女性,45,12,12,0.5,2142,2,16,4591288.568998441,8.193150684931506,5.0
C-000818294,S-0131,-57.13339462783363,1,2,女性,35,9,12,0.5833333333333334,5025,1,17,4569023.5643747775,5.13972602739726,2.0
C-000805370,S-0002,-91.39408057300228,1,2,女性,51,9,12,0.25,0,0,15,4455566.655169959,5.663013698630137,2.0
C-001974480,S-0111,-17.208403643877183,0,2,男性,50,4,12,0.25,0,0,19,4489501.980758176,6.397260273972603,4.0
C-001064827,S-0019,-8.437411017413208,0,2,女性,59,8,12,0.3333333333333333,0,0,19,4327199.920883598,4.090410958904109,1.0
C-000152364,S-0020,-35.87175982543223,0,2,女性,59,12,12,0.0833333333333333,13922,1,16,4280702.057267675,6.986301369863014,3.5
C-000274557,S-0004,-31.423191809073046,0,2,男性,37,11,12,0.6666666666666666,0,0,22,4423576.351309,11.806849315068494,9.0
C-000448948,S-0019,-9.608576998050681,0,2,男性,49,11,12,0.25,0,0,19,4327199.920883598,4.090410958904109,1.0
C-002295986,S-0054,-32.38572225012325,0,2,女性,57,2,12,0.75,0,0,23,4489160.181517739,6.358904109589041,4.0
C-001316053,S-0131,-71.31798989982615,1,2,女性,42,7,12,0.1666666666666666,17332,1,17,4569023.5643747775,5.13972602739726,2.0
C-000667736,S-0075,-11.638562511281542,0,2,女性,45,10,12,0.5,9511,1,19,4506647.2743158825,4.526027397260274,1.0
C-001177864,S-0005,-32.13803658160717,0,2,男性,31,7,12,0.5,28896,1,21,4733942.970761149,4.69041095890411,2.0
C-001487299,S-0089,-100.0,1,2,男性,48,6,12,0.5,0,0,19,4721110.949352573,10.142465753424657,7.0
C-000051986,S-0085,-73.6239858412042,1,2,男性,45,12,12,0.25,0,0,15,4606655.398026554,4.928767123287671,2.0
C-002487155,S-0019,-15.15629885139949,0,2,女性,33,1,12,0.6666666666666666,3273,1,19,4327199.920883598,4.090410958904109,1.0
C-000037518,S-0106,-12.594394823802258,0,2,男性,58,12,12,0.4166666666666667,0,0,20,4462729.145118021,6.171232876712329,3.5
C-000801983,S-0075,-56.35660241706323,1,2,女性,63,9,12,0.5,0,0,19,4506647.2743158825,4.526027397260274,1.0
C-002253164,S-0005,-22.6260784581595,0,2,男性,42,2,12,0.4166666666666667,0,0,21,4733942.970761149,4.69041095890411,2.0
C-000167223,S-0075,-8.102823278131252,0,2,女性,51,12,12,0.5,0,0,19,4506647.2743158825,4.526027397260274,1.0
C-002152749,S-0017,-23.35286145236742,0,2,男性,33,3,12,0.1666666666666666,0,0,20,4640207.03550726,5.608219178082192,2.5
C-000684952,S-0002,-51.85731905736629,1,2,女性,62,9,12,0.0833333333333333,0,0,15,4455566.655169959,5.663013698630137,2.0
C-001882698,S-0082,-100.0,1,2,男性,86,4,12,0.5,0,0,17,4607261.71451126,4.758904109589041,2.0
C-002126580,S-0082,-100.0,1,2,女性,42,3,12,0.25,0,0,17,4607261.71451126,4.758904109589041,2.0
C-000828336,S-0082,-36.619891008174385,0,2,男性,41,9,12,0.6666666666666666,1037,1,17,4607261.71451126,4.758904109589041,2.0
C-001609808,S-0131,-44.18021631688274,0,2,男性,25,5,12,0.1666666666666666,0,0,17,4569023.5643747775,5.13972602739726,2.0
C-000913195,S-0017,-5.327605833950905,0,2,男性,38,8,12,0.25,0,0,20,4640207.03550726,5.608219178082192,2.5
C-000046878,S-0111,-100.0,1,2,男性,53,12,12,0.3333333333333333,0,0,19,4489501.980758176,6.397260273972603,4.0
C-002372495,S-0039,-48.6534484626654,0,2,女性,20,2,12,0.0833333333333333,0,0,16,4591288.568998441,8.193150684931506,5.0
C-000405063,S-0085,-6.081921301052131,0,2,女性,47,11,12,0.3333333333333333,0,0,15,4606655.398026554,4.928767123287671,2.0
C-002022828,S-0017,-5.3737577284176785,0,2,男性,45,4,12,0.6666666666666666,0,0,20,4640207.03550726,5.608219178082192,2.5
C-000846066,S-0040,-7.326085800694937,0,2,男性,58,9,12,0.6666666666666666,749,2,20,4550116.0180538,8.163013698630138,4.0
C-001712627,S-0075,-100.0,1,2,男性,47,5,12,0.1666666666666666,2877,1,19,4506647.2743158825,4.526027397260274,1.0
C-001923257,S-0019,-6.138744942455411,0,2,女性,52,4,12,0.5,7050,1,19,4327199.920883598,4.090410958904109,1.0
C-001718291,S-0039,-75.2054821456662,1,2,男性,57,5,12,0.4166666666666667,37922,1,16,4591288.568998441,8.193150684931506,5.0
C-001027721,S-0020,-30.215741668446032,0,2,女性,31,8,12,0.8333333333333334,0,0,16,4280702.057267675,6.986301369863014,3.5
C-000492976,S-0039,-20.870346766022813,0,2,女性,45,10,12,0.1666666666666666,52418,1,16,4591288.568998441,8.193150684931506,5.0
C-001477231,S-0085,-30.825353397172822,0,2,女性,37,6,12,0.8333333333333334,0,0,15,4606655.398026554,4.928767123287671,2.0
C-001165787,S-0063,-72.93739772115102,1,2,女性,68,7,12,0.5,0,0,18,4564012.176421695,5.749315068493151,3.0
C-002100000,S-0099,-55.57451609491238,1,2,女性,67,3,12,0.25,0,0,13,4464126.154078853,8.147945205479452,5.0
C-002151443,S-0113,-100.0,1,2,男性,60,3,12,0.0833333333333333,5793,1,16,4336633.961311346,5.77945205479452,2.5
C-000354188,S-0050,-49.754790408444,1,2,男性,55,11,12,0.3333333333333333,5321,1,20,4615411.181286601,9.2013698630137,6.0
C-000478754,S-0085,-38.00310618903089,0,2,女性,33,10,12,0.4166666666666667,70307,1,15,4606655.398026554,4.928767123287671,2.0
C-001604771,S-0063,-100.0,1,2,男性,31,5,12,0.1666666666666666,0,0,18,4564012.176421695,5.749315068493151,3.0
C-000407078,S-0005,-11.204019942684411,0,2,女性,75,11,12,0.5833333333333334,0,0,21,4733942.970761149,4.69041095890411,2.0
C-000687821,S-0121,-36.89230769230769,0,2,女性,43,9,12,0.1666666666666666,61470,1,14,4716268.25678644,9.856164383561644,7.0
C-002294065,S-0005,-12.881330451940244,0,2,女性,37,2,12,0.1666666666666666,20097,1,21,4733942.970761149,4.69041095890411,2.0
C-002116631,S-0019,-7.978368414919649,0,2,女性,64,3,12,1.0,1900,1,19,4327199.920883598,4.090410958904109,1.0
C-002646371,S-0131,-10.17983806943175,0,2,女性,47,1,12,0.0833333333333333,68585,1,17,4569023.5643747775,5.13972602739726,2.0
C-000899814,S-0030,-33.50905330863307,0,2,男性,57,9,12,0.5,26083,2,22,4426478.045479023,9.236986301369862,5.5
C-001145471,S-0062,-70.19684155377591,1,2,男性,40,7,12,0.4166666666666667,0,0,15,4713869.782113416,4.575342465753424,1.0
C-000913342,S-0054,-43.18531760530299,0,2,女性,28,8,12,0.75,0,0,23,4489160.181517739,6.358904109589041,4.0
C-002574477,S-0063,-21.568636684718626,0,2,女性,55,1,12,0.5,0,0,18,4564012.176421695,5.749315068493151,3.0
C-000570652,S-0111,-57.283738545994524,1,2,女性,62,10,12,0.0833333333333333,1731,2,19,4489501.980758176,6.397260273972603,4.0
C-001950163,S-0017,-22.15782249306142,0,2,男性,53,4,12,0.5833333333333334,0,0,20,4640207.03550726,5.608219178082192,2.5
C-000759164,S-0097,-99.37906785366948,1,2,女性,30,9,12,0.1666666666666666,22123,1,21,4592508.716501317,10.09041095890411,7.0
C-001249221,S-0004,-43.64715461090161,0,2,女性,63,7,12,0.1666666666666666,0,0,22,4423576.351309,11.806849315068494,9.0
C-001466701,S-0030,-46.70660768400153,0,2,男性,52,6,12,0.0833333333333333,0,0,22,4426478.045479023,9.236986301369862,5.5
C-000529281,S-0020,-0.46759724956357906,0,2,男性,60,10,12,0.4166666666666667,20771,1,16,4280702.057267675,6.986301369863014,3.5
C-000872576,S-0050,-20.920967822494525,0,2,女性,40,9,12,0.25,0,0,20,4615411.181286601,9.2013698630137,6.0
C-001582467,S-0072,-100.0,1,2,女性,55,5,12,0.1666666666666666,12614,2,12,4406797.312641796,9.01917808219178,6.0
C-000738378,S-0048,-95.58515383498268,1,2,女性,48,9,12,0.25,0,0,15,4502249.082895545,3.671232876712329,1.0
C-002124111,S-0008,-31.22104745286554,0,2,女性,67,3,12,0.0833333333333333,0,0,22,4498453.308937302,10.772602739726027,7.0
C-002681799,S-0080,-18.46702349965172,0,2,女性,18,1,12,0.5833333333333334,5303,2,17,4457429.264950683,11.673972602739726,9.0
C-000643528,S-0019,-19.689880304679,0,2,女性,67,10,12,0.25,0,0,19,4327199.920883598,4.090410958904109,1.0
C-000221134,S-0004,-46.158996834672514,0,2,女性,52,12,12,1.0,0,0,22,4423576.351309,11.806849315068494,9.0
C-000733406,S-0085,-50.7720385874446,1,2,女性,35,9,12,0.1666666666666666,0,0,15,4606655.398026554,4.928767123287671,2.0
C-002692451,S-0075,-24.63638450077994,0,2,男性,68,1,12,0.4166666666666667,0,0,19,4506647.2743158825,4.526027397260274,1.0
C-002203598,S-0062,-97.34550351638485,1,2,女性,45,3,12,0.0833333333333333,12852,1,15,4713869.782113416,4.575342465753424,1.0
C-000606036,S-0002,-100.0,1,2,男性,30,10,12,0.1666666666666666,15425,1,15,4455566.655169959,5.663013698630137,2.0
C-002458778,S-0131,-14.571909394119922,0,2,男性,70,2,12,0.5,37653,2,17,4569023.5643747775,5.13972602739726,2.0
C-001200611,S-0085,-10.983750153251668,0,2,女性,15,7,12,0.1666666666666666,0,0,15,4606655.398026554,4.928767123287671,2.0
C-001389753,S-0050,-24.941107821313565,0,2,女性,29,6,12,0.25,0,0,20,4615411.181286601,9.2013698630137,6.0
C-002084020,S-0005,-100.0,1,2,男性,32,3,12,0.8333333333333334,0,0,21,4733942.970761149,4.69041095890411,2.0
C-002231862,S-0062,-67.47965254206359,1,2,女性,46,3,12,0.25,0,0,15,4713869.782113416,4.575342465753424,1.0
C-000305758,S-0050,-100.0,1,2,男性,47,11,12,0.25,0,0,20,4615411.181286601,9.2013698630137,6.0
C-000260020,S-0018,-58.390503923794476,1,2,女性,59,11,12,0.8333333333333334,0,0,16,4493108.581950108,7.550684931506849,5.0
C-000233305,S-0007,-100.0,1,2,女性,42,11,12,0.5,0,0,21,4487075.727367008,3.7260273972602738,1.0
C-000771796,S-0040,-80.82608133325942,1,2,男性,34,9,12,0.0833333333333333,1396,1,20,4550116.0180538,8.163013698630138,4.0
C-000578695,S-0080,-12.20907622614539,0,2,女性,48,10,12,0.0833333333333333,0,0,17,4457429.264950683,11.673972602739726,9.0
C-001565047,S-0100,-100.0,1,2,男性,40,6,12,0.1666666666666666,6070,1,17,4535925.154217558,4.720547945205479,2.0
C-001723731,S-0111,-21.367126964533607,0,2,女性,58,5,12,0.5833333333333334,0,0,19,4489501.980758176,6.397260273972603,4.0
C-002143413,S-0004,-78.32908699419238,1,2,女性,56,3,12,0.0,64096,1,22,4423576.351309,11.806849315068494,9.0
C-002673514,S-0063,-29.04931891957487,0,2,女性,44,1,12,0.3333333333333333,0,0,18,4564012.176421695,5.749315068493151,3.0
C-001883275,S-0082,-30.60774031554091,0,2,女性,56,4,12,0.25,0,0,17,4607261.71451126,4.758904109589041,2.0
C-002149936,S-0019,-15.757506514183783,0,2,女性,63,3,12,0.4166666666666667,0,0,19,4327199.920883598,4.090410958904109,1.0
C-002074726,S-0131,-42.93426935317463,0,2,女性,48,3,12,0.6666666666666666,16597,2,17,4569023.5643747775,5.13972602739726,2.0
C-000544378,S-0126,-100.0,1,2,男性,50,10,12,0.6666666666666666,37622,1,17,4493168.352495564,5.53972602739726,3.0
C-001614063,S-0100,-10.764074839641456,0,2,女性,51,5,12,0.4166666666666667,0,0,17,4535925.154217558,4.720547945205479,2.0
C-001867767,S-0054,-22.062529532209794,0,2,女性,38,4,12,0.5,0,0,23,4489160.181517739,6.358904109589041,4.0
C-000774278,S-0017,-42.0316628549859,0,2,男性,44,9,12,0.4166666666666667,5174,1,20,4640207.03550726,5.608219178082192,2.5
C-002570559,S-0099,-43.68163041716276,0,2,男性,49,1,12,0.0833333333333333,29716,1,13,4464126.154078853,8.147945205479452,5.0
C-001295883,S-0036,-100.0,1,2,男性,51,7,12,0.0833333333333333,0,0,19,4397834.424680548,11.123287671232877,9.0
C-002287006,S-0113,-43.946163503434015,0,2,男性,51,2,12,0.25,8508,2,16,4336633.961311346,5.77945205479452,2.5
C-001581191,S-0030,-31.710919901030323,0,2,男性,41,5,12,0.9166666666666666,9959,1,22,4426478.045479023,9.236986301369862,5.5
C-002611082,S-0075,-53.33711427908535,1,2,女性,34,1,12,0.25,1800,1,19,4506647.2743158825,4.526027397260274,1.0
C-000255306,S-0017,-85.83758884223016,1,2,女性,37,11,12,0.4166666666666667,0,0,20,4640207.03550726,5.608219178082192,2.5
C-000789137,S-0005,-28.088812491047126,0,2,男性,68,9,12,0.5,0,0,21,4733942.970761149,4.69041095890411,2.0
C-002459443,S-0012,-74.66544441396833,1,2,男性,38,2,12,0.0833333333333333,0,0,16,4444678.825084195,7.994520547945205,5.0
C-000422628,S-0075,-100.0,1,2,女性,52,11,12,0.3333333333333333,17245,1,19,4506647.2743158825,4.526027397260274,1.0
C-001916706,S-0082,-37.32164335386813,0,2,男性,70,4,12,0.3333333333333333,0,0,17,4607261.71451126,4.758904109589041,2.0
C-002681758,S-0062,-13.374419377100697,0,2,女性,46,1,12,0.4166666666666667,1271,1,15,4713869.782113416,4.575342465753424,1.0
C-002191504,S-0054,-22.958426251421887,0,2,男性,47,3,12,1.0,0,0,23,4489160.181517739,6.358904109589041,4.0
C-001641210,S-0050,-75.28450197489343,1,2,女性,55,5,12,0.5,0,0,20,4615411.181286601,9.2013698630137,6.0
C-001780669,S-0059,-51.93993248459711,1,2,女性,72,5,12,0.6666666666666666,8592,1,14,4713188.969095345,6.8123287671232875,3.0
C-000515745,S-0017,-44.24306981650953,0,2,女性,20,10,12,0.0833333333333333,0,0,20,4640207.03550726,5.608219178082192,2.5
C-001104479,S-0121,-100.0,1,2,女性,59,8,12,0.4166666666666667,0,0,14,4716268.25678644,9.856164383561644,7.0
C-002250570,S-0005,-21.20995785643553,0,2,男性,35,2,12,0.5,39400,1,21,4733942.970761149,4.69041095890411,2.0
C-002538346,S-0017,-17.10098937044766,0,2,男性,53,1,12,0.5833333333333334,0,0,20,4640207.03550726,5.608219178082192,2.5
C-001079236,S-0054,-85.98898545336246,1,2,男性,50,8,12,0.4166666666666667,14485,1,23,4489160.181517739,6.358904109589041,4.0
C-000209586,S-0020,-100.0,1,2,女性,44,12,12,0.5,0,0,16,4280702.057267675,6.986301369863014,3.5
C-000739110,S-0050,-91.27966333823053,1,2,女性,49,9,12,0.5,0,0,20,4615411.181286601,9.2013698630137,6.0
C-001691281,S-0075,-100.0,1,2,男性,43,5,12,0.5833333333333334,0,0,19,4506647.2743158825,4.526027397260274,1.0
C-000014048,S-0056,-51.142349514664275,1,2,女性,43,12,12,0.25,49057,1,15,4406070.585753419,7.528767123287671,4.0
C-000899864,S-0039,-82.88372976309168,1,2,男性,56,9,12,0.6666666666666666,28426,1,16,4591288.568998441,8.193150684931506,5.0
C-000505969,S-0131,-27.37172458123795,0,2,男性,55,10,12,0.3333333333333333,73162,1,17,4569023.5643747775,5.13972602739726,2.0
C-001309208,S-0036,-100.0,1,2,女性,36,7,12,0.4166666666666667,12459,2,19,4397834.424680548,11.123287671232877,9.0
C-001284526,S-0100,-33.55513148864226,0,2,女性,47,7,12,0.1666666666666666,0,0,17,4535925.154217558,4.720547945205479,2.0
C-002013390,S-0020,-73.85102269892741,1,2,女性,43,4,12,0.3333333333333333,0,0,16,4280702.057267675,6.986301369863014,3.5
C-002665899,S-0059,-37.317484597665015,0,2,男性,57,1,12,0.5833333333333334,8012,2,14,4713188.969095345,6.8123287671232875,3.0
C-001064824,S-0054,-36.42269380684279,0,2,女性,57,8,12,0.5,22746,1,23,4489160.181517739,6.358904109589041,4.0
C-000158549,S-0019,1.3343965344839859,0,2,女性,58,12,12,0.5833333333333334,0,0,19,4327199.920883598,4.090410958904109,1.0
C-002150350,S-0056,-65.68990287017084,1,2,男性,34,3,12,0.25,0,0,15,4406070.585753419,7.528767123287671,4.0
C-001628712,S-0131,-41.893372551547145,0,2,女性,49,5,12,0.5,0,0,17,4569023.5643747775,5.13972602739726,2.0
C-002288555,S-0100,-59.16147595408986,1,2,女性,47,2,12,0.5833333333333334,0,0,17,4535925.154217558,4.720547945205479,2.0
C-000537285,S-0040,-78.86875497494967,1,2,女性,39,10,12,0.6666666666666666,4266,1,20,4550116.0180538,8.163013698630138,4.0
C-000317466,S-0005,-31.349240970162274,0,2,男性,19,11,12,0.4166666666666667,0,0,21,4733942.970761149,4.69041095890411,2.0
C-000312479,S-0007,-12.174844621101633,0,2,男性,71,11,12,0.5,4846,2,21,4487075.727367008,3.7260273972602738,1.0
C-001367078,S-0075,-100.0,1,2,女性,55,6,12,0.5833333333333334,620,1,19,4506647.2743158825,4.526027397260274,1.0
C-001653243,S-0005,-15.887977818328316,0,2,女性,47,5,12,0.8333333333333334,0,0,21,4733942.970761149,4.69041095890411,2.0
C-001608558,S-0131,-55.34475579163324,1,2,男性,34,5,12,0.5,0,0,17,4569023.5643747775,5.13972602739726,2.0
C-002481883,S-0126,-100.0,1,2,女性,20,1,12,0.25,0,0,17,4493168.352495564,5.53972602739726,3.0
C-001649766,S-0099,-33.709653235919525,0,2,女性,50,5,12,0.0833333333333333,2082,1,13,4464126.154078853,8.147945205479452,5.0
C-000054483,S-0005,-32.85783940633622,0,2,男性,46,12,12,0.5833333333333334,8830,1,21,4733942.970761149,4.69041095890411,2.0
C-000389191,S-0059,-37.21817840532255,0,2,女性,52,11,12,0.3333333333333333,0,0,14,4713188.969095345,6.8123287671232875,3.0
C-000418365,S-0085,-71.97581093399141,1,2,男性,57,11,12,0.1666666666666666,4671,1,15,4606655.398026554,4.928767123287671,2.0
C-002029405,S-0019,-16.037562087654937,0,2,女性,61,3,12,0.4166666666666667,34868,2,19,4327199.920883598,4.090410958904109,1.0
C-000917454,S-0019,0.8976331854449,0,2,女性,46,8,12,0.9166666666666666,8449,1,19,4327199.920883598,4.090410958904109,1.0
C-001929708,S-0039,-23.971267418383494,0,2,女性,32,4,12,0.5,10507,1,16,4591288.568998441,8.193150684931506,5.0
C-001681852,S-0002,-95.88576629878257,1,2,男性,78,5,12,0.1666666666666666,13911,2,15,4455566.655169959,5.663013698630137,2.0
C-001164667,S-0005,-47.39169007836759,0,2,女性,56,7,12,0.4166666666666667,0,0,21,4733942.970761149,4.69041095890411,2.0
C-001679674,S-0030,-100.0,1,2,女性,59,5,12,0.25,0,0,22,4426478.045479023,9.236986301369862,5.5
C-001423372,S-0040,-100.0,1,2,男性,36,6,12,0.5833333333333334,20853,1,20,4550116.0180538,8.163013698630138,4.0
C-000904327,S-0097,-100.0,1,2,男性,56,8,12,0.1666666666666666,5693,1,21,4592508.716501317,10.09041095890411,7.0
C-001753005,S-0085,-22.902240552892657,0,2,女性,33,5,12,0.3333333333333333,0,0,15,4606655.398026554,4.928767123287671,2.0
C-001025626,S-0017,-100.0,1,2,男性,55,8,12,0.1666666666666666,0,0,20,4640207.03550726,5.608219178082192,2.5
C-001402998,S-0002,-15.620795077953014,0,2,男性,48,6,12,0.4166666666666667,0,0,15,4455566.655169959,5.663013698630137,2.0
C-001633627,S-0019,-7.657991129193194,0,2,男性,61,5,12,0.4166666666666667,0,0,19,4327199.920883598,4.090410958904109,1.0
C-000490006,S-0019,-5.566257852228537,0,2,女性,59,10,12,0.8333333333333334,0,0,19,4327199.920883598,4.090410958904109,1.0
C-001659891,S-0059,-76.46760491948777,1,2,男性,66,5,12,0.3333333333333333,8862,2,14,4713188.969095345,6.8123287671232875,3.0
C-002647775,S-0002,-100.0,1,2,男性,40,1,12,0.25,8508,1,15,4455566.655169959,5.663013698630137,2.0
C-001876111,S-0074,-40.33040062615956,0,2,女性,43,4,12,0.25,162113,1,14,4614054.39694187,8.308219178082192,6.0
C-001585101,S-0131,-23.056532958010788,0,2,男性,60,5,12,0.5833333333333334,50232,2,17,4569023.5643747775,5.13972602739726,2.0
C-002598473,S-0012,-65.30803933567677,1,2,男性,42,1,12,0.25,0,0,16,4444678.825084195,7.994520547945205,5.0
C-001632412,S-0089,-57.6455491518132,1,2,女性,45,5,12,0.6666666666666666,0,0,19,4721110.949352573,10.142465753424657,7.0
C-001079655,S-0062,-60.50375309126167,1,2,女性,64,8,12,0.4166666666666667,6934,2,15,4713869.782113416,4.575342465753424,1.0
C-000305899,S-0126,-51.28373057641179,1,2,男性,43,11,12,0.3333333333333333,0,0,17,4493168.352495564,5.53972602739726,3.0
C-002526188,S-0063,-48.56942016870583,0,2,女性,42,1,12,0.5,66105,1,18,4564012.176421695,5.749315068493151,3.0
C-000764358,S-0054,-12.140725407110114,0,2,女性,61,9,12,0.0833333333333333,0,0,23,4489160.181517739,6.358904109589041,4.0
C-001815292,S-0017,-100.0,1,2,女性,47,4,12,0.0833333333333333,0,0,20,4640207.03550726,5.608219178082192,2.5
C-002357544,S-0017,-35.53644182888185,0,2,女性,56,2,12,0.4166666666666667,0,0,20,4640207.03550726,5.608219178082192,2.5
C-000802675,S-0089,-9.05829576010155,0,2,男性,25,9,12,0.75,0,0,19,4721110.949352573,10.142465753424657,7.0
C-002027188,S-0121,-44.964427629857,0,2,女性,58,3,12,0.1666666666666666,671,1,14,4716268.25678644,9.856164383561644,7.0
C-001667175,S-0117,-100.0,1,2,女性,33,5,12,0.0833333333333333,19004,1,20,4500859.737076383,9.593150684931507,7.0
C-000300967,S-0100,-84.7439027121453,1,2,女性,66,11,12,0.5,0,0,17,4535925.154217558,4.720547945205479,2.0
C-002554952,S-0056,-14.31410820321091,0,2,女性,39,1,12,0.1666666666666666,0,0,15,4406070.585753419,7.528767123287671,4.0
C-002273533,S-0100,-47.638577523186854,0,2,女性,42,2,12,0.3333333333333333,12276,1,17,4535925.154217558,4.720547945205479,2.0
C-001300845,S-0121,-100.0,1,2,男性,53,7,12,0.25,14295,1,14,4716268.25678644,9.856164383561644,7.0
C-002110213,S-0050,-11.659849487771623,0,2,女性,52,3,12,0.6666666666666666,9754,2,20,4615411.181286601,9.2013698630137,6.0
C-000718720,S-0115,-35.205148122185804,0,2,女性,28,9,12,0.25,10878,2,14,4553643.099564746,10.51095890410959,7.0
C-002258444,S-0106,-100.0,1,2,女性,48,2,12,0.25,0,0,20,4462729.145118021,6.171232876712329,3.5
C-002235516,S-0131,-100.0,1,2,女性,30,3,12,0.6666666666666666,0,0,17,4569023.5643747775,5.13972602739726,2.0
C-000295941,S-0007,-44.91918519504726,0,2,女性,45,11,12,0.5833333333333334,0,0,21,4487075.727367008,3.7260273972602738,1.0
C-000225572,S-0039,-51.861667062204994,1,2,男性,39,11,12,0.25,0,0,16,4591288.568998441,8.193150684931506,5.0
C-002132274,S-0005,-61.781082197439076,1,2,女性,49,3,12,0.75,0,0,21,4733942.970761149,4.69041095890411,2.0
C-001142239,S-0085,-16.39522130364535,0,2,女性,53,7,12,0.5,0,0,15,4606655.398026554,4.928767123287671,2.0
C-000892128,S-0012,-100.0,1,2,女性,43,9,12,0.1666666666666666,6720,1,16,4444678.825084195,7.994520547945205,5.0
C-001664923,S-0036,-45.42774697295462,0,2,男性,52,5,12,0.5,0,0,19,4397834.424680548,11.123287671232877,9.0
C-000302548,S-0059,-24.53874119149185,0,2,男性,43,11,12,0.25,0,0,14,4713188.969095345,6.8123287671232875,3.0
C-000548238,S-0089,-24.271834087883548,0,2,女性,47,10,12,0.3333333333333333,48866,1,19,4721110.949352573,10.142465753424657,7.0
C-002022004,S-0063,-31.72103527516354,0,2,女性,56,4,12,0.25,44232,1,18,4564012.176421695,5.749315068493151,3.0
C-001911604,S-0050,-7.4428313743744905,0,2,女性,28,4,12,0.5,0,0,20,4615411.181286601,9.2013698630137,6.0
C-000446062,S-0075,-83.90439786385528,1,2,男性,52,11,12,0.75,0,0,19,4506647.2743158825,4.526027397260274,1.0
C-001917018,S-0106,2.1273213506173354,0,2,女性,55,4,12,0.5833333333333334,1480,1,20,4462729.145118021,6.171232876712329,3.5
C-001707517,S-0002,-1.7265222176232966,0,2,男性,72,5,12,0.9166666666666666,168057,2,15,4455566.655169959,5.663013698630137,2.0
C-001944449,S-0131,-88.70949720670392,1,2,女性,60,4,12,0.9166666666666666,5004,1,17,4569023.5643747775,5.13972602739726,2.0
C-001824526,S-0054,-97.09776785062556,1,2,男性,52,4,12,0.3333333333333333,25864,1,23,4489160.181517739,6.358904109589041,4.0
C-001588439,S-0062,-8.065795508868431,0,2,女性,54,5,12,0.4166666666666667,0,0,15,4713869.782113416,4.575342465753424,1.0
C-002408171,S-0082,-23.34416779099718,0,2,女性,59,2,12,0.4166666666666667,14882,1,17,4607261.71451126,4.758904109589041,2.0
C-002535544,S-0007,-0.8568826472024603,0,2,男性,57,1,12,0.5,0,0,21,4487075.727367008,3.7260273972602738,1.0
C-001395443,S-0019,-18.81874811847255,0,2,男性,34,6,12,1.0,0,0,19,4327199.920883598,4.090410958904109,1.0
C-001446779,S-0096,-100.0,1,2,女性,84,6,12,0.3333333333333333,2111,2,16,4644856.458098179,8.302739726027397,5.0
C-000991203,S-0007,-47.06177273045263,0,2,女性,70,8,12,0.5833333333333334,0,0,21,4487075.727367008,3.7260273972602738,1.0
C-001225645,S-0019,-10.241117936267564,0,2,女性,46,7,12,0.5833333333333334,2397,1,19,4327199.920883598,4.090410958904109,1.0
C-001876333,S-0050,-100.0,1,2,男性,30,4,12,0.5833333333333334,0,0,20,4615411.181286601,9.2013698630137,6.0
C-001102912,S-0126,-52.60388655838801,1,2,男性,61,8,12,0.3333333333333333,21037,1,17,4493168.352495564,5.53972602739726,3.0
C-000157572,S-0036,-77.05067050670506,1,2,女性,36,12,12,0.0833333333333333,0,0,19,4397834.424680548,11.123287671232877,9.0
C-001832299,S-0007,-87.89104205444119,1,2,女性,55,4,12,0.3333333333333333,15424,2,21,4487075.727367008,3.7260273972602738,1.0
C-002456682,S-0079,-35.92798720330094,0,2,女性,41,2,12,0.1666666666666666,976,1,13,4256656.371085242,8.479452054794521,6.0
C-000467360,S-0041,-31.80653389581085,0,2,男性,38,10,12,0.5,0,0,17,4828489.286769263,10.389041095890411,7.0
C-000531581,S-0063,-17.424506933813195,0,2,女性,69,10,12,0.25,0,0,18,4564012.176421695,5.749315068493151,3.0
C-000306049,S-0004,-13.480658419957301,0,2,女性,42,11,12,0.3333333333333333,3986,1,22,4423576.351309,11.806849315068494,9.0
C-001822393,S-0121,-36.23504020066304,0,2,女性,19,4,12,0.4166666666666667,0,0,14,4716268.25678644,9.856164383561644,7.0
C-001195047,S-0079,-100.0,1,2,女性,50,7,12,0.25,0,0,13,4256656.371085242,8.479452054794521,6.0
C-000995944,S-0030,-62.428964551479325,1,2,女性,55,8,12,0.5833333333333334,11637,2,22,4426478.045479023,9.236986301369862,5.5
C-001035622,S-0082,-53.75953402560314,1,2,女性,58,8,12,0.9166666666666666,0,0,17,4607261.71451126,4.758904109589041,2.0
C-002122225,S-0056,-100.0,1,2,男性,55,3,12,0.5833333333333334,58239,2,15,4406070.585753419,7.528767123287671,4.0
C-000648731,S-0054,-20.124945821937256,0,2,女性,28,10,12,0.5,41921,2,23,4489160.181517739,6.358904109589041,4.0
C-001838153,S-0062,-32.90786725458343,0,2,男性,33,4,12,0.5,15486,1,15,4713869.782113416,4.575342465753424,1.0
C-001259206,S-0131,-5.83404017426842,0,2,女性,59,7,12,0.5833333333333334,1141,1,17,4569023.5643747775,5.13972602739726,2.0
C-000075218,S-0008,-30.59486024367769,0,2,男性,37,12,12,0.3333333333333333,2832,1,22,4498453.308937302,10.772602739726027,7.0
C-000581663,S-0111,-48.55536152211876,0,2,女性,69,10,12,0.4166666666666667,0,0,19,4489501.980758176,6.397260273972603,4.0
C-001825403,S-0020,-91.91434216396507,1,2,男性,55,4,12,0.4166666666666667,0,0,16,4280702.057267675,6.986301369863014,3.5
C-001051008,S-0054,-6.265210416187792,0,2,女性,32,8,12,0.8333333333333334,0,0,23,4489160.181517739,6.358904109589041,4.0
C-002249331,S-0039,-95.9430404682839,1,2,男性,57,2,12,0.3333333333333333,13150,1,16,4591288.568998441,8.193150684931506,5.0
C-001927350,S-0059,-12.3282304358512,0,2,女性,40,4,12,0.6666666666666666,0,0,14,4713188.969095345,6.8123287671232875,3.0
C-001200649,S-0075,-19.161781908603352,0,2,男性,51,7,12,0.75,0,0,19,4506647.2743158825,4.526027397260274,1.0
C-000091856,S-0085,-35.159896147902955,0,2,女性,34,12,12,0.8333333333333334,0,0,15,4606655.398026554,4.928767123287671,2.0
C-001018676,S-0039,-24.266008878117294,0,2,女性,39,8,12,0.1666666666666666,56030,1,16,4591288.568998441,8.193150684931506,5.0
C-002692279,S-0007,-100.0,1,2,男性,68,1,12,0.4166666666666667,0,0,21,4487075.727367008,3.7260273972602738,1.0
C-000341576,S-0111,-22.35323121269444,0,2,女性,43,11,12,0.3333333333333333,0,0,19,4489501.980758176,6.397260273972603,4.0
C-000891586,S-0131,-13.112979910220501,0,2,女性,59,9,12,1.0,0,0,17,4569023.5643747775,5.13972602739726,2.0
C-002445954,S-0020,-65.95239875728261,1,2,女性,61,2,12,0.3333333333333333,0,0,16,4280702.057267675,6.986301369863014,3.5
C-000825293,S-0019,-18.9569716237831,0,2,女性,58,9,12,1.0,7259,1,19,4327199.920883598,4.090410958904109,1.0
C-002690436,S-0002,-27.663707113887977,0,2,女性,64,1,12,0.5833333333333334,5759,1,15,4455566.655169959,5.663013698630137,2.0
C-002051708,S-0002,-100.0,1,2,男性,50,3,12,0.9166666666666666,0,0,15,4455566.655169959,5.663013698630137,2.0
C-000921540,S-0019,-4.7035605944617584,0,2,女性,55,8,12,0.4166666666666667,0,0,19,4327199.920883598,4.090410958904109,1.0
C-000911598,S-0126,-44.608188377871976,0,2,男性,50,8,12,1.0,0,0,17,4493168.352495564,5.53972602739726,3.0
C-000275073,S-0085,-16.01689762337292,0,2,女性,27,11,12,0.1666666666666666,23607,1,15,4606655.398026554,4.928767123287671,2.0
C-001450166,S-0059,-100.0,1,2,男性,60,6,12,0.3333333333333333,636,1,14,4713188.969095345,6.8123287671232875,3.0
C-000574875,S-0017,-100.0,1,2,女性,51,10,12,0.5,0,0,20,4640207.03550726,5.608219178082192,2.5
C-001757948,S-0121,-100.0,1,2,女性,20,5,12,0.0833333333333333,0,0,14,4716268.25678644,9.856164383561644,7.0
C-001861567,S-0126,-92.98676774829563,1,2,女性,26,4,12,0.5833333333333334,0,0,17,4493168.352495564,5.53972602739726,3.0
C-002659199,S-0018,-43.02979552563881,0,2,男性,47,1,12,0.3333333333333333,0,0,16,4493108.581950108,7.550684931506849,5.0
C-002320708,S-0111,-100.0,1,2,男性,41,2,12,0.5833333333333334,0,0,19,4489501.980758176,6.397260273972603,4.0
C-001844399,S-0059,-53.49286850989783,1,2,女性,41,4,12,0.25,46887,1,14,4713188.969095345,6.8123287671232875,3.0
C-001430375,S-0082,-20.008523332623053,0,2,女性,46,6,12,0.3333333333333333,0,0,17,4607261.71451126,4.758904109589041,2.0
C-001295360,S-0089,-100.0,1,2,男性,42,7,12,0.1666666666666666,3771,1,19,4721110.949352573,10.142465753424657,7.0
C-000191467,S-0126,-4.4364675828192635,0,2,女性,63,12,12,0.3333333333333333,0,0,17,4493168.352495564,5.53972602739726,3.0
C-001820838,S-0002,-100.0,1,2,女性,47,4,12,0.75,4111,1,15,4455566.655169959,5.663013698630137,2.0
C-002050413,S-0074,-68.65094389077544,1,2,女性,36,3,12,0.0833333333333333,15481,2,14,4614054.39694187,8.308219178082192,6.0
C-000157598,S-0005,-22.158902332317535,0,2,男性,62,12,12,0.6666666666666666,0,0,21,4733942.970761149,4.69041095890411,2.0
C-000937604,S-0080,-100.0,1,2,女性,58,8,12,0.3333333333333333,20031,1,17,4457429.264950683,11.673972602739726,9.0
C-000119489,S-0018,-100.0,1,2,男性,20,12,12,0.0833333333333333,2942,1,16,4493108.581950108,7.550684931506849,5.0
C-001692315,S-0017,-99.40755600133735,1,2,女性,49,5,12,0.9166666666666666,40314,1,20,4640207.03550726,5.608219178082192,2.5
C-000321130,S-0089,-91.31655520955638,1,2,女性,49,11,12,0.4166666666666667,90504,2,19,4721110.949352573,10.142465753424657,7.0
C-000420079,S-0075,-19.03396863109688,0,2,女性,48,11,12,0.5833333333333334,0,0,19,4506647.2743158825,4.526027397260274,1.0
C-002156866,S-0008,-100.0,1,2,女性,40,3,12,0.25,0,0,22,4498453.308937302,10.772602739726027,7.0
C-002414623,S-0121,-100.0,1,2,女性,45,2,12,0.1666666666666666,12208,1,14,4716268.25678644,9.856164383561644,7.0
C-001370892,S-0039,-66.00357051772508,1,2,女性,60,6,12,0.0,17606,1,16,4591288.568998441,8.193150684931506,5.0
C-001628608,S-0131,-73.72515995569753,1,2,女性,46,5,12,0.5,0,0,17,4569023.5643747775,5.13972602739726,2.0
C-002220864,S-0041,-90.88766343502624,1,2,女性,43,3,12,0.0833333333333333,0,0,17,4828489.286769263,10.389041095890411,7.0
C-002229461,S-0085,-68.75227175098306,1,2,男性,47,3,12,0.1666666666666666,25868,1,15,4606655.398026554,4.928767123287671,2.0
C-001866907,S-0040,-7.297365800206353,0,2,男性,29,4,12,0.9166666666666666,0,0,20,4550116.0180538,8.163013698630138,4.0
C-000061590,S-0121,-100.0,1,2,男性,46,12,12,0.0833333333333333,0,0,14,4716268.25678644,9.856164383561644,7.0
C-001028239,S-0063,-92.68150426172139,1,2,男性,48,8,12,0.3333333333333333,0,0,18,4564012.176421695,5.749315068493151,3.0
C-000276231,S-0059,-34.46625442862487,0,2,女性,36,11,12,0.8333333333333334,5495,1,14,4713188.969095345,6.8123287671232875,3.0
C-002422330,S-0075,-38.28954380892289,0,2,女性,48,2,12,0.5833333333333334,0,0,19,4506647.2743158825,4.526027397260274,1.0
C-000650392,S-0007,3.5427889673587356,0,2,男性,37,10,12,0.4166666666666667,0,0,21,4487075.727367008,3.7260273972602738,1.0
C-001157860,S-0020,-100.0,1,2,男性,36,7,12,0.0833333333333333,3283,1,16,4280702.057267675,6.986301369863014,3.5
C-001296327,S-0085,-31.06683505059648,0,2,女性,48,7,12,0.6666666666666666,0,0,15,4606655.398026554,4.928767123287671,2.0
C-002439562,S-0036,-100.0,1,2,女性,54,2,12,0.0833333333333333,0,0,19,4397834.424680548,11.123287671232877,9.0
C-002578492,S-0050,-82.44696728967463,1,2,女性,33,1,12,0.25,0,0,20,4615411.181286601,9.2013698630137,6.0
C-001047991,S-0089,-59.65554147089409,1,2,女性,28,8,12,0.6666666666666666,67693,1,19,4721110.949352573,10.142465753424657,7.0
C-001189888,S-0054,-100.0,1,2,女性,66,7,12,0.0833333333333333,39585,1,23,4489160.181517739,6.358904109589041,4.0
C-002447623,S-0040,-10.842985748850927,0,2,女性,67,2,12,1.0,0,0,20,4550116.0180538,8.163013698630138,4.0
C-001625083,S-0005,-18.96007076067728,0,2,女性,40,5,12,0.9166666666666666,5005,1,21,4733942.970761149,4.69041095890411,2.0
C-002389506,S-0131,-100.0,1,2,女性,72,2,12,0.3333333333333333,0,0,17,4569023.5643747775,5.13972602739726,2.0
C-001964521,S-0099,-95.05139063264741,1,2,女性,40,4,12,0.0833333333333333,32659,2,13,4464126.154078853,8.147945205479452,5.0
C-000428068,S-0008,-54.068251248044106,1,2,女性,35,11,12,0.5,4830,2,22,4498453.308937302,10.772602739726027,7.0
C-001924221,S-0002,-100.0,1,2,女性,59,4,12,0.0833333333333333,0,0,15,4455566.655169959,5.663013698630137,2.0
C-000658340,S-0007,-38.44438306274233,0,2,男性,32,10,12,0.75,36087,2,21,4487075.727367008,3.7260273972602738,1.0
C-000072200,S-0048,-25.61427332319024,0,2,女性,36,12,12,0.4166666666666667,64007,1,15,4502249.082895545,3.671232876712329,1.0
C-002026732,S-0100,-39.91080939809577,0,2,女性,47,3,12,0.25,0,0,17,4535925.154217558,4.720547945205479,2.0
C-001069200,S-0111,-100.0,1,2,男性,60,8,12,0.0833333333333333,0,0,19,4489501.980758176,6.397260273972603,4.0
C-001333746,S-0007,-51.30654162187276,1,2,男性,49,7,12,0.1666666666666666,4426,1,21,4487075.727367008,3.7260273972602738,1.0
C-001516432,S-0039,-46.33314013639343,0,2,女性,52,6,12,0.1666666666666666,4999,2,16,4591288.568998441,8.193150684931506,5.0
C-000592240,S-0030,-28.013736728820525,0,2,男性,24,10,12,0.1666666666666666,36356,2,22,4426478.045479023,9.236986301369862,5.5
C-000728727,S-0004,-100.0,1,2,男性,46,9,12,0.5833333333333334,0,0,22,4423576.351309,11.806849315068494,9.0
C-000852351,S-0050,-54.835358805336,1,2,女性,46,9,12,0.5,0,0,20,4615411.181286601,9.2013698630137,6.0
C-001249406,S-0079,-46.58503242097518,0,2,女性,42,7,12,0.25,1932,1,13,4256656.371085242,8.479452054794521,6.0
C-000055778,S-0099,-53.10432329258046,1,2,女性,34,12,12,0.1666666666666666,0,0,13,4464126.154078853,8.147945205479452,5.0
C-000751542,S-0012,-100.0,1,2,女性,46,9,12,0.4166666666666667,0,0,16,4444678.825084195,7.994520547945205,5.0
C-001219822,S-0017,-6.438842482897159,0,2,男性,35,7,12,1.0,0,0,20,4640207.03550726,5.608219178082192,2.5
C-000846499,S-0099,-56.30625359336124,1,2,女性,32,9,12,0.0833333333333333,0,0,13,4464126.154078853,8.147945205479452,5.0
C-002129812,S-0030,-100.0,1,2,女性,60,3,12,0.4166666666666667,29151,1,22,4426478.045479023,9.236986301369862,5.5
C-002175103,S-0062,-30.020085492094555,0,2,女性,48,3,12,0.75,5525,1,15,4713869.782113416,4.575342465753424,1.0
C-000299756,S-0075,-52.238459080212664,1,2,女性,60,11,12,0.3333333333333333,0,0,19,4506647.2743158825,4.526027397260274,1.0
C-000120496,S-0005,-36.588263905777715,0,2,女性,65,12,12,0.25,73978,2,21,4733942.970761149,4.69041095890411,2.0
C-000260871,S-0075,-73.33388983378028,1,2,女性,78,11,12,0.4166666666666667,0,0,19,4506647.2743158825,4.526027397260274,1.0
C-001440069,S-0019,-26.64442626046453,0,2,女性,47,6,12,0.5,0,0,19,4327199.920883598,4.090410958904109,1.0
C-001425508,S-0063,-35.532233883058474,0,2,女性,18,6,12,0.5,0,0,18,4564012.176421695,5.749315068493151,3.0
C-002534688,S-0096,0.1348327394818531,0,2,男性,50,1,12,1.0,0,0,16,4644856.458098179,8.302739726027397,5.0
C-001968756,S-0131,-99.40594404376154,1,2,男性,46,4,12,1.0,0,0,17,4569023.5643747775,5.13972602739726,2.0
C-000639246,S-0017,-77.43420079846221,1,2,男性,31,10,12,0.5833333333333334,0,0,20,4640207.03550726,5.608219178082192,2.5
C-000237988,S-0099,-78.21901693794547,1,2,女性,44,11,12,0.3333333333333333,26354,1,13,4464126.154078853,8.147945205479452,5.0
C-001359560,S-0121,-100.0,1,2,女性,46,6,12,0.0833333333333333,0,0,14,4716268.25678644,9.856164383561644,7.0
C-001373791,S-0075,-8.256673474182646,0,2,女性,57,6,12,0.6666666666666666,0,0,19,4506647.2743158825,4.526027397260274,1.0
C-001503437,S-0039,-53.18621554432853,1,2,女性,62,6,12,0.25,0,0,16,4591288.568998441,8.193150684931506,5.0
C-000589836,S-0075,-31.49272027355427,0,2,男性,74,10,12,0.25,14442,1,19,4506647.2743158825,4.526027397260274,1.0
C-002306016,S-0030,-23.044017524322665,0,2,女性,47,2,12,0.5,0,0,22,4426478.045479023,9.236986301369862,5.5
C-001501680,S-0059,-79.69202075512302,1,2,女性,66,6,12,0.1666666666666666,0,0,14,4713188.969095345,6.8123287671232875,3.0
C-001528637,S-0082,-90.92376956439752,1,2,女性,78,6,12,0.3333333333333333,0,0,17,4607261.71451126,4.758904109589041,2.0
C-002225256,S-0097,-100.0,1,2,女性,72,3,12,0.1666666666666666,24514,1,21,4592508.716501317,10.09041095890411,7.0
C-002656128,S-0008,-4.924534152508342,0,2,男性,39,1,12,0.5,0,0,22,4498453.308937302,10.772602739726027,7.0
C-001991251,S-0030,-100.0,1,2,女性,29,4,12,0.3333333333333333,0,0,22,4426478.045479023,9.236986301369862,5.5
C-002081466,S-0040,-100.0,1,2,男性,47,3,12,0.3333333333333333,21001,2,20,4550116.0180538,8.163013698630138,4.0
C-000038737,S-0020,-79.25712838326821,1,2,女性,42,12,12,0.75,480,1,16,4280702.057267675,6.986301369863014,3.5
C-002285660,S-0059,-7.2185825756856,0,2,男性,49,2,12,0.6666666666666666,0,0,14,4713188.969095345,6.8123287671232875,3.0
C-001325385,S-0005,-25.89964446725067,0,2,女性,48,7,12,0.5,0,0,21,4733942.970761149,4.69041095890411,2.0
C-001150422,S-0020,-76.47556232031117,1,2,男性,40,7,12,0.3333333333333333,5138,2,16,4280702.057267675,6.986301369863014,3.5
C-000591292,S-0012,-11.17178725861528,0,2,女性,48,10,12,0.5833333333333334,0,0,16,4444678.825084195,7.994520547945205,5.0
C-000609420,S-0097,-100.0,1,2,男性,35,10,12,0.0833333333333333,5433,1,21,4592508.716501317,10.09041095890411,7.0
C-001629050,S-0040,-87.19134811007604,1,2,女性,37,5,12,0.75,21290,1,20,4550116.0180538,8.163013698630138,4.0
C-000087784,S-0020,-42.90676392395763,0,2,男性,40,12,12,0.25,0,0,16,4280702.057267675,6.986301369863014,3.5
C-001908289,S-0040,-80.14649465588923,1,2,女性,67,4,12,0.25,0,0,20,4550116.0180538,8.163013698630138,4.0
C-000021373,S-0004,-62.59972478071101,1,2,男性,53,12,12,0.1666666666666666,0,0,22,4423576.351309,11.806849315068494,9.0
C-001906264,S-0102,-100.0,1,2,女性,21,4,12,0.1666666666666666,0,0,16,4383474.364435211,10.484931506849314,7.5
C-000693379,S-0019,-5.785014637962074,0,2,女性,53,9,12,0.6666666666666666,0,0,19,4327199.920883598,4.090410958904109,1.0
C-001798990,S-0007,-20.64156709862951,0,2,男性,50,5,12,0.1666666666666666,0,0,21,4487075.727367008,3.7260273972602738,1.0
C-002150954,S-0059,-56.273229070837175,1,2,女性,61,3,12,0.4166666666666667,29322,1,14,4713188.969095345,6.8123287671232875,3.0
C-001199366,S-0059,-33.63416400275516,0,2,男性,66,7,12,0.5833333333333334,0,0,14,4713188.969095345,6.8123287671232875,3.0
C-001872982,S-0113,-1.3830471069500951,0,2,女性,42,4,12,0.25,0,0,16,4336633.961311346,5.77945205479452,2.5
C-001588683,S-0126,-24.634476499588523,0,2,女性,48,5,12,0.25,0,0,17,4493168.352495564,5.53972602739726,3.0
C-001993702,S-0097,-21.9702792723546,0,2,女性,56,4,12,0.25,0,0,21,4592508.716501317,10.09041095890411,7.0
C-002631751,S-0007,-86.16967287644583,1,2,男性,32,1,12,0.1666666666666666,0,0,21,4487075.727367008,3.7260273972602738,1.0
C-000907838,S-0017,-41.5081322030441,0,2,女性,54,8,12,0.3333333333333333,0,0,20,4640207.03550726,5.608219178082192,2.5
C-000423222,S-0030,-16.217106484058938,0,2,男性,42,11,12,0.4166666666666667,0,0,22,4426478.045479023,9.236986301369862,5.5
C-001755948,S-0019,-20.150256551931314,0,2,女性,52,5,12,0.0833333333333333,0,0,19,4327199.920883598,4.090410958904109,1.0
C-002326725,S-0019,-5.392936378675763,0,2,男性,38,2,12,0.6666666666666666,19956,1,19,4327199.920883598,4.090410958904109,1.0
C-000049322,S-0085,-11.707917566589682,0,2,女性,62,12,12,0.6666666666666666,8956,1,15,4606655.398026554,4.928767123287671,2.0
C-000981317,S-0050,-42.286944409269346,0,2,男性,53,8,12,0.5,0,0,20,4615411.181286601,9.2013698630137,6.0
C-000763531,S-0039,-32.70619838311964,0,2,女性,61,9,12,0.4166666666666667,11710,1,16,4591288.568998441,8.193150684931506,5.0
C-000062466,S-0017,-66.28254939241134,1,2,女性,60,12,12,0.0833333333333333,77669,1,20,4640207.03550726,5.608219178082192,2.5
C-000925262,S-0115,1.3876786528444507,0,2,女性,44,8,12,0.75,0,0,14,4553643.099564746,10.51095890410959,7.0
C-000940077,S-0019,-95.29187733928688,1,2,男性,68,8,12,0.75,6301,2,19,4327199.920883598,4.090410958904109,1.0
C-001949256,S-0072,-12.06942035670095,0,2,女性,39,4,12,0.6666666666666666,23131,1,12,4406797.312641796,9.01917808219178,6.0
C-000802936,S-0063,-0.3581296261896514,0,2,女性,34,9,12,1.0,0,0,18,4564012.176421695,5.749315068493151,3.0
C-002557227,S-0039,-19.60236002024896,0,2,男性,44,1,12,0.25,0,0,16,4591288.568998441,8.193150684931506,5.0
C-000161235,S-0005,-20.5480620178647,0,2,男性,31,12,12,0.5833333333333334,0,0,21,4733942.970761149,4.69041095890411,2.0
C-000233518,S-0007,-22.947982326614895,0,2,男性,47,11,12,0.3333333333333333,5351,2,21,4487075.727367008,3.7260273972602738,1.0
C-000030128,S-0059,-15.651147976165847,0,2,男性,80,12,12,0.5833333333333334,0,0,14,4713188.969095345,6.8123287671232875,3.0
C-000285727,S-0062,-11.947534658457574,0,2,女性,44,11,12,0.75,22951,1,15,4713869.782113416,4.575342465753424,1.0
C-001965873,S-0082,-42.54900862266543,0,2,女性,46,4,12,0.5833333333333334,20088,2,17,4607261.71451126,4.758904109589041,2.0
C-000916979,S-0075,-57.29723157902264,1,2,女性,54,8,12,0.6666666666666666,6897,1,19,4506647.2743158825,4.526027397260274,1.0
C-000013727,S-0106,-20.39875888045173,0,2,男性,36,12,12,0.5833333333333334,118622,1,20,4462729.145118021,6.171232876712329,3.5
C-000355504,S-0019,-9.789885006140448,0,2,男性,42,11,12,0.6666666666666666,63461,1,19,4327199.920883598,4.090410958904109,1.0
C-001500157,S-0063,-47.82508171888703,0,2,男性,39,6,12,0.6666666666666666,0,0,18,4564012.176421695,5.749315068493151,3.0
C-001295040,S-0085,-57.46602922768334,1,2,男性,64,7,12,0.9166666666666666,0,0,15,4606655.398026554,4.928767123287671,2.0
C-001037002,S-0072,-55.03614695650029,1,2,男性,41,8,12,0.0833333333333333,10999,1,12,4406797.312641796,9.01917808219178,6.0
C-001844810,S-0100,-33.19788334715476,0,2,男性,41,4,12,0.9166666666666666,0,0,17,4535925.154217558,4.720547945205479,2.0
C-001032305,S-0020,-24.58868440457171,0,2,女性,55,8,12,0.1666666666666666,6107,1,16,4280702.057267675,6.986301369863014,3.5
C-000943656,S-0054,-34.843099101690115,0,2,女性,43,8,12,0.6666666666666666,0,0,23,4489160.181517739,6.358904109589041,4.0
C-000003480,S-0039,-11.393749530624724,0,2,男性,49,12,12,1.0,2606,1,16,4591288.568998441,8.193150684931506,5.0
C-001736640,S-0017,-56.32389705638556,1,2,男性,53,5,12,0.1666666666666666,4285,1,20,4640207.03550726,5.608219178082192,2.5
C-000895136,S-0019,-18.32369591179904,0,2,女性,48,9,12,0.25,1430,2,19,4327199.920883598,4.090410958904109,1.0
C-001218511,S-0062,-37.05225038320653,0,2,女性,57,7,12,0.75,0,0,15,4713869.782113416,4.575342465753424,1.0
C-001498232,S-0036,-73.34855346382724,1,2,女性,58,6,12,0.1666666666666666,2047,1,19,4397834.424680548,11.123287671232877,9.0
C-000836886,S-0050,-100.0,1,2,女性,27,9,12,0.6666666666666666,0,0,20,4615411.181286601,9.2013698630137,6.0
C-002208427,S-0005,-14.510948743984814,0,2,女性,51,3,12,0.6666666666666666,14290,1,21,4733942.970761149,4.69041095890411,2.0
C-000532373,S-0004,-52.07271846903853,1,2,女性,52,10,12,0.25,0,0,22,4423576.351309,11.806849315068494,9.0
C-001727301,S-0102,-50.52872516217937,1,2,女性,41,5,12,0.5,7982,2,16,4383474.364435211,10.484931506849314,7.5
C-001352708,S-0075,-86.49660050444128,1,2,女性,57,6,12,0.0,24461,2,19,4506647.2743158825,4.526027397260274,1.0
C-002046461,S-0111,-8.444447652595716,0,2,女性,18,3,12,0.3333333333333333,6687,1,19,4489501.980758176,6.397260273972603,4.0
C-000696877,S-0048,-100.0,1,2,女性,53,9,12,0.0833333333333333,7158,1,15,4502249.082895545,3.671232876712329,1.0
C-001924952,S-0005,-48.14051918735892,0,2,男性,50,4,12,0.5833333333333334,1664,1,21,4733942.970761149,4.69041095890411,2.0
C-002562509,S-0004,-24.400605498315347,0,2,女性,38,1,12,0.75,1883,1,22,4423576.351309,11.806849315068494,9.0
C-002323311,S-0085,-21.595095491015933,0,2,女性,38,2,12,0.5833333333333334,0,0,15,4606655.398026554,4.928767123287671,2.0
C-001661894,S-0100,-50.77170519410893,1,2,女性,42,5,12,0.75,22117,1,17,4535925.154217558,4.720547945205479,2.0
C-002263605,S-0040,-93.70375055341218,1,2,男性,54,2,12,0.5833333333333334,0,0,20,4550116.0180538,8.163013698630138,4.0
C-001192730,S-0004,-92.33307284883216,1,2,女性,51,7,12,0.4166666666666667,0,0,22,4423576.351309,11.806849315068494,9.0
C-001819141,S-0005,-33.588996716384415,0,2,女性,57,4,12,0.8333333333333334,45503,1,21,4733942.970761149,4.69041095890411,2.0
C-002323277,S-0082,-17.42280754547761,0,2,女性,43,2,12,0.6666666666666666,0,0,17,4607261.71451126,4.758904109589041,2.0
C-000916974,S-0099,-10.451824415152364,0,2,女性,58,8,12,1.0,0,0,13,4464126.154078853,8.147945205479452,5.0
C-001706349,S-0059,-56.2929061784897,1,2,女性,49,5,12,0.3333333333333333,12104,2,14,4713188.969095345,6.8123287671232875,3.0
C-002630638,S-0099,-17.94588363481323,0,2,男性,46,1,12,0.0,0,0,13,4464126.154078853,8.147945205479452,5.0
C-002415966,S-0100,-100.0,1,2,女性,30,2,12,0.25,6897,1,17,4535925.154217558,4.720547945205479,2.0
C-000064247,S-0054,-18.92851896585493,0,2,男性,57,12,12,0.25,6035,1,23,4489160.181517739,6.358904109589041,4.0
C-000986344,S-0020,-89.42229038854805,1,2,男性,57,8,12,0.75,0,0,16,4280702.057267675,6.986301369863014,3.5
C-001856730,S-0115,-3.9717037415835676,0,2,男性,58,4,12,0.75,0,0,14,4553643.099564746,10.51095890410959,7.0
C-000689755,S-0007,-0.06648831742674505,0,2,男性,43,9,12,0.3333333333333333,8077,1,21,4487075.727367008,3.7260273972602738,1.0
C-001067802,S-0020,-41.65965520085788,0,2,男性,57,8,12,0.8333333333333334,0,0,16,4280702.057267675,6.986301369863014,3.5
C-002405105,S-0063,-100.0,1,2,男性,36,2,12,0.3333333333333333,20828,1,18,4564012.176421695,5.749315068493151,3.0
C-002155947,S-0017,-70.2857534904463,1,2,男性,41,3,12,0.6666666666666666,0,0,20,4640207.03550726,5.608219178082192,2.5
C-002497536,S-0063,-49.368995941991145,1,2,女性,47,1,12,0.0833333333333333,0,0,18,4564012.176421695,5.749315068493151,3.0
C-001352629,S-0126,-23.19858654931536,0,2,女性,42,6,12,0.5,0,0,17,4493168.352495564,5.53972602739726,3.0
C-000887376,S-0059,-54.23659021130576,1,2,女性,37,9,12,0.4166666666666667,0,0,14,4713188.969095345,6.8123287671232875,3.0
C-000063129,S-0005,-20.546925405727333,0,2,女性,45,12,12,0.5,16852,1,21,4733942.970761149,4.69041095890411,2.0
C-000488013,S-0005,-27.871769004253462,0,2,女性,46,10,12,0.6666666666666666,0,0,21,4733942.970761149,4.69041095890411,2.0
C-002483300,S-0056,-4.913187158314272,0,2,女性,36,1,12,0.8333333333333334,0,0,15,4406070.585753419,7.528767123287671,4.0
C-000979253,S-0019,-24.396354079293182,0,2,女性,57,8,12,0.8333333333333334,14995,1,19,4327199.920883598,4.090410958904109,1.0
C-000166943,S-0054,-43.213566962728414,0,2,女性,55,12,12,0.5833333333333334,1846,1,23,4489160.181517739,6.358904109589041,4.0
C-001095171,S-0004,-100.0,1,2,男性,61,8,12,0.25,0,0,22,4423576.351309,11.806849315068494,9.0
C-002323696,S-0041,-90.1393933935737,1,2,男性,21,2,12,0.1666666666666666,3290,2,17,4828489.286769263,10.389041095890411,7.0
C-001206935,S-0005,-20.953843393647727,0,2,女性,57,7,12,0.5,0,0,21,4733942.970761149,4.69041095890411,2.0
C-000978287,S-0113,-100.0,1,2,男性,38,8,12,0.1666666666666666,0,0,16,4336633.961311346,5.77945205479452,2.5
C-000606570,S-0014,-15.137071659933971,0,2,男性,37,10,12,0.25,0,0,21,4730192.353344672,7.336986301369863,4.0
C-001737357,S-0040,-23.215554066085772,0,2,男性,34,5,12,0.5,0,0,20,4550116.0180538,8.163013698630138,4.0
C-000837125,S-0059,-8.573197273084755,0,2,男性,49,9,12,0.5833333333333334,24096,1,14,4713188.969095345,6.8123287671232875,3.0
C-002431228,S-0002,-63.376958276800686,1,2,女性,41,2,12,0.8333333333333334,0,0,15,4455566.655169959,5.663013698630137,2.0
C-001101816,S-0039,0.7127592464449576,0,2,女性,33,8,12,0.6666666666666666,0,0,16,4591288.568998441,8.193150684931506,5.0
C-001797376,S-0131,-40.852500872905026,0,2,女性,35,5,12,0.8333333333333334,0,0,17,4569023.5643747775,5.13972602739726,2.0
C-000978101,S-0019,-10.8286225816452,0,2,女性,34,8,12,0.5833333333333334,11242,1,19,4327199.920883598,4.090410958904109,1.0
C-000411599,S-0040,-11.101364630639234,0,2,男性,58,11,12,0.1666666666666666,0,0,20,4550116.0180538,8.163013698630138,4.0
C-000114237,S-0059,-29.310544477639596,0,2,男性,64,12,12,0.6666666666666666,2329,1,14,4713188.969095345,6.8123287671232875,3.0
C-001470244,S-0012,-48.98382992694739,1,2,女性,50,6,12,0.3333333333333333,0,0,16,4444678.825084195,7.994520547945205,5.0
C-000414407,S-0040,-50.73169889900024,1,2,男性,71,11,12,0.4166666666666667,10245,1,20,4550116.0180538,8.163013698630138,4.0
C-000721035,S-0054,-11.661947762859084,0,2,男性,33,9,12,0.4166666666666667,0,0,23,4489160.181517739,6.358904109589041,4.0
C-001707742,S-0007,-77.3141668610528,1,2,男性,24,5,12,0.4166666666666667,0,0,21,4487075.727367008,3.7260273972602738,1.0
C-001176796,S-0048,-32.08001742270941,0,2,女性,45,7,12,0.25,86351,1,15,4502249.082895545,3.671232876712329,1.0
C-000014877,S-0050,-100.0,1,2,女性,58,12,12,0.3333333333333333,0,0,20,4615411.181286601,9.2013698630137,6.0
C-001373906,S-0007,-54.17648082612983,1,2,女性,64,6,12,0.5833333333333334,24980,1,21,4487075.727367008,3.7260273972602738,1.0
C-001812852,S-0017,-67.80338794779229,1,2,女性,39,4,12,0.0,7925,1,20,4640207.03550726,5.608219178082192,2.5
C-001120794,S-0126,-24.833909115067765,0,2,男性,31,8,12,0.4166666666666667,0,0,17,4493168.352495564,5.53972602739726,3.0
C-000388313,S-0079,-100.0,1,2,女性,43,11,12,0.25,0,0,13,4256656.371085242,8.479452054794521,6.0
C-000146673,S-0040,-47.58026093967602,0,2,男性,39,12,12,0.25,2624,2,20,4550116.0180538,8.163013698630138,4.0
C-002353096,S-0050,-100.0,1,2,男性,43,2,12,0.5833333333333334,7685,1,20,4615411.181286601,9.2013698630137,6.0
C-001975122,S-0008,-100.0,1,2,男性,46,4,12,0.0833333333333333,0,0,22,4498453.308937302,10.772602739726027,7.0
C-001439213,S-0059,-34.92189708126849,0,2,男性,31,6,12,0.0833333333333333,0,0,14,4713188.969095345,6.8123287671232875,3.0
C-000193469,S-0121,-71.24595273601763,1,2,女性,16,12,12,0.4166666666666667,9192,1,14,4716268.25678644,9.856164383561644,7.0
C-001017755,S-0041,-69.30192850453297,1,2,男性,47,8,12,0.4166666666666667,0,0,17,4828489.286769263,10.389041095890411,7.0
C-000486650,S-0085,-4.906654986788244,0,2,女性,33,10,12,0.5,0,0,15,4606655.398026554,4.928767123287671,2.0
C-001728025,S-0089,-15.728153897023036,0,2,女性,30,5,12,0.1666666666666666,0,0,19,4721110.949352573,10.142465753424657,7.0
C-000297395,S-0131,-19.09117325547607,0,2,女性,56,11,12,0.8333333333333334,23761,1,17,4569023.5643747775,5.13972602739726,2.0
C-001255513,S-0059,-33.42808332937883,0,2,女性,49,7,12,0.5,23483,1,14,4713188.969095345,6.8123287671232875,3.0
C-001704133,S-0050,-100.0,1,2,男性,45,5,12,0.6666666666666666,24843,1,20,4615411.181286601,9.2013698630137,6.0
C-001985329,S-0030,-65.78108395324124,1,2,女性,27,4,12,0.25,33464,1,22,4426478.045479023,9.236986301369862,5.5
C-001820280,S-0085,-47.00134359350189,0,2,女性,37,4,12,0.3333333333333333,30256,1,15,4606655.398026554,4.928767123287671,2.0
C-002095663,S-0079,-100.0,1,2,女性,43,3,12,0.0,0,0,13,4256656.371085242,8.479452054794521,6.0
C-002611022,S-0012,-100.0,1,2,女性,26,1,12,0.3333333333333333,0,0,16,4444678.825084195,7.994520547945205,5.0
C-001033469,S-0075,-86.41788138422164,1,2,男性,44,8,12,0.3333333333333333,0,0,19,4506647.2743158825,4.526027397260274,1.0
C-001252083,S-0005,-22.640852911702485,0,2,男性,53,7,12,0.6666666666666666,18349,1,21,4733942.970761149,4.69041095890411,2.0
C-002314885,S-0017,-23.595308774149593,0,2,女性,48,2,12,0.6666666666666666,4679,1,20,4640207.03550726,5.608219178082192,2.5
C-002556476,S-0075,-31.009675116452428,0,2,男性,26,1,12,0.0833333333333333,22105,1,19,4506647.2743158825,4.526027397260274,1.0
C-001229596,S-0050,-100.0,1,2,男性,42,7,12,0.75,12942,2,20,4615411.181286601,9.2013698630137,6.0
C-002518757,S-0089,-17.7865087941571,0,2,男性,45,1,12,0.4166666666666667,0,0,19,4721110.949352573,10.142465753424657,7.0
C-002128821,S-0005,-6.831325940467979,0,2,男性,25,3,12,0.5,0,0,21,4733942.970761149,4.69041095890411,2.0
C-002512370,S-0080,-49.63565668202765,1,2,女性,52,1,12,0.0833333333333333,5238,2,17,4457429.264950683,11.673972602739726,9.0
C-001897327,S-0059,-29.493083807973964,0,2,女性,64,4,12,0.1666666666666666,0,0,14,4713188.969095345,6.8123287671232875,3.0
C-002312833,S-0131,-32.55911757725155,0,2,男性,50,2,12,0.6666666666666666,23102,1,17,4569023.5643747775,5.13972602739726,2.0
C-001411396,S-0019,-12.421688119375784,0,2,女性,61,6,12,1.0,15356,2,19,4327199.920883598,4.090410958904109,1.0
C-000912551,S-0111,-88.73509747269826,1,2,男性,47,8,12,0.3333333333333333,13151,1,19,4489501.980758176,6.397260273972603,4.0
C-001260751,S-0005,-29.845055254247153,0,2,男性,52,7,12,0.6666666666666666,0,0,21,4733942.970761149,4.69041095890411,2.0
C-000095160,S-0096,-27.37766186676177,0,2,女性,44,12,12,0.0833333333333333,0,0,16,4644856.458098179,8.302739726027397,5.0
C-002011003,S-0100,-50.13211161820621,1,2,男性,68,4,12,0.1666666666666666,0,0,17,4535925.154217558,4.720547945205479,2.0
C-000787316,S-0089,-99.33810045681919,1,2,女性,44,9,12,0.3333333333333333,469,2,19,4721110.949352573,10.142465753424657,7.0
C-000795826,S-0082,-87.25002231943576,1,2,女性,42,9,12,0.5833333333333334,0,0,17,4607261.71451126,4.758904109589041,2.0
C-001789865,S-0050,-100.0,1,2,女性,57,5,12,0.3333333333333333,6472,1,20,4615411.181286601,9.2013698630137,6.0
C-001203676,S-0063,-23.169636080947477,0,2,男性,51,7,12,0.4166666666666667,0,0,18,4564012.176421695,5.749315068493151,3.0
C-001770774,S-0082,-52.085479667898916,1,2,男性,62,5,12,0.75,0,0,17,4607261.71451126,4.758904109589041,2.0
C-000688489,S-0030,-85.25264179623831,1,2,男性,49,9,12,0.1666666666666666,0,0,22,4426478.045479023,9.236986301369862,5.5
C-001519184,S-0085,-19.087736078985003,0,2,女性,32,6,12,0.8333333333333334,0,0,15,4606655.398026554,4.928767123287671,2.0
C-001178150,S-0079,-43.30457045325242,0,2,男性,53,7,12,0.75,18830,2,13,4256656.371085242,8.479452054794521,6.0
C-001196163,S-0075,-6.291272459579574,0,2,女性,33,7,12,0.5,0,0,19,4506647.2743158825,4.526027397260274,1.0
C-000892920,S-0002,-31.841087817420842,0,2,男性,50,9,12,0.5,0,0,15,4455566.655169959,5.663013698630137,2.0
C-002442102,S-0079,-8.924047476560942,0,2,女性,54,2,12,0.1666666666666666,48386,1,13,4256656.371085242,8.479452054794521,6.0
C-001637807,S-0019,-7.631035905901775,0,2,女性,37,5,12,0.5833333333333334,27636,1,19,4327199.920883598,4.090410958904109,1.0
C-002149034,S-0121,-23.021229890886406,0,2,女性,39,3,12,0.8333333333333334,2773,2,14,4716268.25678644,9.856164383561644,7.0
C-001708667,S-0059,-9.187769005307493,0,2,男性,63,5,12,0.5,0,0,14,4713188.969095345,6.8123287671232875,3.0
C-000945389,S-0079,-98.86263293277537,1,2,女性,18,8,12,1.0,13430,2,13,4256656.371085242,8.479452054794521,6.0
C-002381170,S-0063,-16.749279651752822,0,2,女性,43,2,12,0.5833333333333334,11796,1,18,4564012.176421695,5.749315068493151,3.0
C-001532087,S-0131,-100.0,1,2,男性,70,6,12,0.3333333333333333,0,0,17,4569023.5643747775,5.13972602739726,2.0
C-002079344,S-0040,-22.74234094864499,0,2,女性,59,3,12,0.5833333333333334,0,0,20,4550116.0180538,8.163013698630138,4.0
C-000907979,S-0126,-22.49519948080796,0,2,女性,35,8,12,0.1666666666666666,0,0,17,4493168.352495564,5.53972602739726,3.0
C-002664625,S-0002,-20.347949944043137,0,2,男性,29,1,12,0.4166666666666667,0,0,15,4455566.655169959,5.663013698630137,2.0
C-001627473,S-0005,-15.196729934510353,0,2,女性,56,5,12,1.0,0,0,21,4733942.970761149,4.69041095890411,2.0
C-002204189,S-0012,-10.967255705576193,0,2,男性,41,3,12,0.25,0,0,16,4444678.825084195,7.994520547945205,5.0
C-001923783,S-0126,-6.8182328085854245,0,2,女性,69,4,12,0.6666666666666666,3429,1,17,4493168.352495564,5.53972602739726,3.0
C-002620279,S-0085,-24.018726343727234,0,2,男性,56,1,12,0.4166666666666667,0,0,15,4606655.398026554,4.928767123287671,2.0
C-001982821,S-0020,-53.67541882679654,1,2,男性,28,4,12,0.0833333333333333,38119,2,16,4280702.057267675,6.986301369863014,3.5
C-002527669,S-0113,-100.0,1,2,男性,46,1,12,0.1666666666666666,0,0,16,4336633.961311346,5.77945205479452,2.5
C-002307182,S-0019,-8.48522112900641,0,2,女性,20,2,12,0.25,0,0,19,4327199.920883598,4.090410958904109,1.0
C-001484067,S-0131,-41.646974211445595,0,2,男性,54,6,12,0.9166666666666666,0,0,17,4569023.5643747775,5.13972602739726,2.0
C-002541143,S-0039,-25.848274060285426,0,2,女性,45,1,12,0.1666666666666666,0,0,16,4591288.568998441,8.193150684931506,5.0
C-002277176,S-0075,-36.563608057632315,0,2,女性,48,2,12,1.0,0,0,19,4506647.2743158825,4.526027397260274,1.0
C-002146528,S-0075,-11.239306211657686,0,2,女性,64,3,12,0.75,4664,1,19,4506647.2743158825,4.526027397260274,1.0
C-002369654,S-0056,-13.500964161943246,0,2,女性,46,2,12,0.8333333333333334,0,0,15,4406070.585753419,7.528767123287671,4.0
C-000215778,S-0082,-89.92607787464509,1,2,女性,77,12,12,0.5833333333333334,10459,1,17,4607261.71451126,4.758904109589041,2.0
C-001103097,S-0080,-100.0,1,2,男性,34,8,12,0.1666666666666666,0,0,17,4457429.264950683,11.673972602739726,9.0
C-002465698,S-0089,-36.07422266800401,0,2,男性,44,2,12,0.5833333333333334,2719,2,19,4721110.949352573,10.142465753424657,7.0
C-001153667,S-0054,-100.0,1,2,男性,36,7,12,0.5,113091,1,23,4489160.181517739,6.358904109589041,4.0
C-000207649,S-0113,-100.0,1,2,男性,59,12,12,0.1666666666666666,0,0,16,4336633.961311346,5.77945205479452,2.5
C-001540497,S-0054,-100.0,1,2,男性,48,6,12,0.5833333333333334,0,0,23,4489160.181517739,6.358904109589041,4.0
C-001593591,S-0017,-41.349035361962,0,2,女性,47,5,12,0.9166666666666666,4280,1,20,4640207.03550726,5.608219178082192,2.5
C-001387527,S-0111,-55.24992163232738,1,2,男性,49,6,12,0.4166666666666667,0,0,19,4489501.980758176,6.397260273972603,4.0
C-001728895,S-0040,-44.0223563871122,0,2,女性,35,5,12,0.4166666666666667,47592,1,20,4550116.0180538,8.163013698630138,4.0
C-000375563,S-0117,-20.206511691243286,0,2,女性,55,11,12,0.8333333333333334,4566,1,20,4500859.737076383,9.593150684931507,7.0
C-002165084,S-0097,-23.469368054961816,0,2,男性,67,3,12,0.5833333333333334,177225,1,21,4592508.716501317,10.09041095890411,7.0
C-000224017,S-0085,-55.611347774857244,1,2,女性,58,12,12,0.25,3250,1,15,4606655.398026554,4.928767123287671,2.0
C-000638789,S-0019,-16.148529104715436,0,2,男性,25,10,12,0.5833333333333334,0,0,19,4327199.920883598,4.090410958904109,1.0
C-002078180,S-0059,-39.621841715623056,0,2,女性,38,3,12,0.9166666666666666,1076,1,14,4713188.969095345,6.8123287671232875,3.0
C-002145611,S-0020,-49.65284077850758,1,2,男性,60,3,12,0.25,3390,1,16,4280702.057267675,6.986301369863014,3.5
C-001856141,S-0085,-10.437650948326075,0,2,女性,64,4,12,0.0833333333333333,25176,1,15,4606655.398026554,4.928767123287671,2.0
C-000329410,S-0054,-49.97502234842509,1,2,女性,15,11,12,0.25,12527,1,23,4489160.181517739,6.358904109589041,4.0
C-001237161,S-0020,-31.76152444883071,0,2,女性,53,7,12,0.8333333333333334,0,0,16,4280702.057267675,6.986301369863014,3.5
C-000588004,S-0054,-100.0,1,2,男性,41,10,12,0.8333333333333334,101183,2,23,4489160.181517739,6.358904109589041,4.0
C-000812903,S-0062,4.296140636500476,0,2,女性,87,9,12,0.25,0,0,15,4713869.782113416,4.575342465753424,1.0
C-000086827,S-0004,-100.0,1,2,男性,54,12,12,0.0833333333333333,0,0,22,4423576.351309,11.806849315068494,9.0
C-001597593,S-0019,-18.620562130177515,0,2,女性,37,5,12,0.1666666666666666,8735,2,19,4327199.920883598,4.090410958904109,1.0
C-000263311,S-0002,-43.2886385608003,0,2,女性,66,11,12,0.25,0,0,15,4455566.655169959,5.663013698630137,2.0
C-000305999,S-0050,-19.318396811449183,0,2,女性,40,11,12,0.3333333333333333,0,0,20,4615411.181286601,9.2013698630137,6.0
C-001364996,S-0131,-100.0,1,2,男性,58,6,12,0.4166666666666667,18213,1,17,4569023.5643747775,5.13972602739726,2.0
C-001786426,S-0007,-46.986387599339054,0,2,女性,46,5,12,0.3333333333333333,11669,1,21,4487075.727367008,3.7260273972602738,1.0
C-002191362,S-0040,-77.24508943312046,1,2,男性,68,3,12,0.0833333333333333,16537,2,20,4550116.0180538,8.163013698630138,4.0
C-001042754,S-0002,-14.454761883845348,0,2,男性,37,8,12,0.0833333333333333,0,0,15,4455566.655169959,5.663013698630137,2.0
C-001840602,S-0121,-58.689754767656865,1,2,女性,44,4,12,0.5,3111,2,14,4716268.25678644,9.856164383561644,7.0
C-001794650,S-0041,-100.0,1,2,女性,64,5,12,0.3333333333333333,9893,1,17,4828489.286769263,10.389041095890411,7.0
C-001241374,S-0036,-83.97164442035368,1,2,女性,50,7,12,0.0833333333333333,0,0,19,4397834.424680548,11.123287671232877,9.0
C-000865213,S-0019,-18.070977745062724,0,2,女性,50,9,12,0.6666666666666666,0,0,19,4327199.920883598,4.090410958904109,1.0
C-002290326,S-0008,-79.36682242990655,1,2,女性,55,2,12,0.4166666666666667,864,2,22,4498453.308937302,10.772602739726027,7.0
C-000277498,S-0002,-68.0573206538411,1,2,男性,44,11,12,0.0,0,0,15,4455566.655169959,5.663013698630137,2.0
C-002186437,S-0059,-11.866164382759086,0,2,女性,40,3,12,0.1666666666666666,0,0,14,4713188.969095345,6.8123287671232875,3.0
C-000950300,S-0050,-73.35524259446137,1,2,女性,59,8,12,0.0833333333333333,5956,2,20,4615411.181286601,9.2013698630137,6.0
C-000457581,S-0019,-42.0261360025421,0,2,女性,59,10,12,0.4166666666666667,0,0,19,4327199.920883598,4.090410958904109,1.0
C-002508784,S-0040,-100.0,1,2,男性,70,1,12,0.6666666666666666,40622,1,20,4550116.0180538,8.163013698630138,4.0
C-000792674,S-0111,-71.10947778471942,1,2,男性,36,9,12,0.25,8036,1,19,4489501.980758176,6.397260273972603,4.0
C-000109051,S-0100,-42.39518895411422,0,2,男性,48,12,12,0.75,9496,1,17,4535925.154217558,4.720547945205479,2.0
C-000468647,S-0005,-10.704765000203139,0,2,女性,74,10,12,0.9166666666666666,0,0,21,4733942.970761149,4.69041095890411,2.0
C-000383629,S-0082,-15.837630300546902,0,2,女性,49,11,12,0.6666666666666666,166698,1,17,4607261.71451126,4.758904109589041,2.0
C-001616141,S-0050,-30.233006381976267,0,2,女性,39,5,12,0.4166666666666667,18819,1,20,4615411.181286601,9.2013698630137,6.0
C-000497997,S-0020,-72.79979167570852,1,2,女性,39,10,12,0.25,25111,1,16,4280702.057267675,6.986301369863014,3.5
C-000723680,S-0050,-35.86239063758816,0,2,女性,43,9,12,0.3333333333333333,2027,2,20,4615411.181286601,9.2013698630137,6.0
C-000281386,S-0075,-49.805297257376886,1,2,男性,45,11,12,1.0,0,0,19,4506647.2743158825,4.526027397260274,1.0
C-001757271,S-0063,-49.3498987227085,1,2,女性,54,5,12,0.1666666666666666,151063,2,18,4564012.176421695,5.749315068493151,3.0
C-001679124,S-0080,-70.94775405365303,1,2,女性,19,5,12,0.1666666666666666,20155,1,17,4457429.264950683,11.673972602739726,9.0
C-001483454,S-0020,-34.34020162148827,0,2,男性,75,6,12,0.1666666666666666,2920,1,16,4280702.057267675,6.986301369863014,3.5
C-001809215,S-0100,-5.748356275043735,0,2,女性,57,4,12,1.0,0,0,17,4535925.154217558,4.720547945205479,2.0
C-000599738,S-0113,-37.93387210025179,0,2,男性,41,10,12,0.5,0,0,16,4336633.961311346,5.77945205479452,2.5
C-002286522,S-0082,-29.40689918959623,0,2,男性,48,2,12,0.5,0,0,17,4607261.71451126,4.758904109589041,2.0
C-000106387,S-0131,-77.23860080576634,1,2,男性,58,12,12,0.4166666666666667,0,0,17,4569023.5643747775,5.13972602739726,2.0
C-002134038,S-0079,-37.17098391476917,0,2,女性,59,3,12,0.25,0,0,13,4256656.371085242,8.479452054794521,6.0
C-000536619,S-0002,-68.66459899932703,1,2,女性,34,10,12,0.25,4470,2,15,4455566.655169959,5.663013698630137,2.0
C-001618155,S-0100,-88.35857190228805,1,2,女性,48,5,12,0.5,0,0,17,4535925.154217558,4.720547945205479,2.0
C-000826778,S-0019,-1.4568556866379156,0,2,男性,56,9,12,0.8333333333333334,0,0,19,4327199.920883598,4.090410958904109,1.0
C-001793511,S-0079,-98.9243686855385,1,2,男性,58,5,12,0.25,2636,1,13,4256656.371085242,8.479452054794521,6.0
C-000600526,S-0121,-73.98220094323867,1,2,女性,43,10,12,0.0833333333333333,708,1,14,4716268.25678644,9.856164383561644,7.0
C-002046992,S-0079,-82.16020113177571,1,2,男性,60,3,12,0.0833333333333333,4210,2,13,4256656.371085242,8.479452054794521,6.0
C-002207357,S-0007,-100.0,1,2,女性,45,3,12,0.5,11475,2,21,4487075.727367008,3.7260273972602738,1.0
C-000383022,S-0074,-100.0,1,2,男性,27,11,12,0.1666666666666666,0,0,14,4614054.39694187,8.308219178082192,6.0
C-000084852,S-0050,-100.0,1,2,女性,40,12,12,0.5,6748,1,20,4615411.181286601,9.2013698630137,6.0
C-001672133,S-0039,-100.0,1,2,男性,41,5,12,0.5833333333333334,4929,1,16,4591288.568998441,8.193150684931506,5.0
C-001690792,S-0131,-70.21185279883116,1,2,女性,46,5,12,0.4166666666666667,0,0,17,4569023.5643747775,5.13972602739726,2.0
C-002631949,S-0100,-6.943838286067383,0,2,男性,29,1,12,0.8333333333333334,0,0,17,4535925.154217558,4.720547945205479,2.0
C-000751060,S-0036,-49.56836779311637,1,2,女性,52,9,12,0.6666666666666666,19937,1,19,4397834.424680548,11.123287671232877,9.0
C-001973647,S-0126,-10.35976199850605,0,2,女性,36,4,12,0.4166666666666667,0,0,17,4493168.352495564,5.53972602739726,3.0
C-000447703,S-0020,-47.93032797678302,0,2,男性,66,11,12,0.25,13469,1,16,4280702.057267675,6.986301369863014,3.5
C-001969583,S-0117,-88.70868303589778,1,2,女性,54,4,12,0.0,33304,1,20,4500859.737076383,9.593150684931507,7.0
C-001049329,S-0100,-100.0,1,2,男性,62,8,12,0.5833333333333334,0,0,17,4535925.154217558,4.720547945205479,2.0
C-000008741,S-0017,-34.920627124305,0,2,女性,31,12,12,0.4166666666666667,0,0,20,4640207.03550726,5.608219178082192,2.5
C-001174242,S-0085,-18.343190658448552,0,2,男性,59,7,12,0.5,58360,1,15,4606655.398026554,4.928767123287671,2.0
C-002427710,S-0062,-32.370479129835495,0,2,男性,53,2,12,0.1666666666666666,7309,2,15,4713869.782113416,4.575342465753424,1.0
C-001982708,S-0075,-96.08867254308645,1,2,男性,60,4,12,0.1666666666666666,0,0,19,4506647.2743158825,4.526027397260274,1.0
C-002458965,S-0106,-100.0,1,2,女性,46,2,12,0.25,0,0,20,4462729.145118021,6.171232876712329,3.5
C-001327775,S-0005,-37.70982234020829,0,2,男性,58,7,12,0.6666666666666666,0,0,21,4733942.970761149,4.69041095890411,2.0
C-001606058,S-0075,-34.33451621484608,0,2,男性,55,5,12,0.0833333333333333,0,0,19,4506647.2743158825,4.526027397260274,1.0
C-000156187,S-0111,-70.77932158658697,1,2,女性,78,12,12,0.0833333333333333,15711,2,19,4489501.980758176,6.397260273972603,4.0
C-002041077,S-0005,-14.97433644686951,0,2,女性,36,3,12,0.75,11698,1,21,4733942.970761149,4.69041095890411,2.0
C-000156263,S-0111,-60.61051615168539,1,2,女性,19,12,12,0.3333333333333333,31570,1,19,4489501.980758176,6.397260273972603,4.0
C-000232815,S-0117,-28.098512314039255,0,2,女性,42,11,12,0.25,4495,1,20,4500859.737076383,9.593150684931507,7.0
C-001206511,S-0111,-100.0,1,2,男性,51,7,12,0.0833333333333333,0,0,19,4489501.980758176,6.397260273972603,4.0
C-001042083,S-0030,-70.86719465117206,1,2,男性,42,8,12,0.4166666666666667,15062,1,22,4426478.045479023,9.236986301369862,5.5
C-001941048,S-0085,-38.44385560411576,0,2,女性,46,4,12,0.5,10001,2,15,4606655.398026554,4.928767123287671,2.0
C-001230301,S-0100,-44.89216888302053,0,2,男性,69,7,12,0.25,0,0,17,4535925.154217558,4.720547945205479,2.0
C-002412117,S-0082,-9.864911555301301,0,2,男性,58,2,12,0.25,0,0,17,4607261.71451126,4.758904109589041,2.0
C-002264313,S-0085,-18.07531309314112,0,2,女性,41,2,12,0.6666666666666666,14642,2,15,4606655.398026554,4.928767123287671,2.0
C-000196039,S-0085,-18.093361986628462,0,2,女性,49,12,12,0.75,0,0,15,4606655.398026554,4.928767123287671,2.0
C-001167452,S-0131,-47.979350803340736,0,2,女性,45,7,12,0.1666666666666666,0,0,17,4569023.5643747775,5.13972602739726,2.0
C-000001114,S-0020,-97.88282900546619,1,2,女性,50,13,12,0.1666666666666666,0,0,16,4280702.057267675,6.986301369863014,3.5
C-002391456,S-0075,-74.33443403886754,1,2,女性,53,2,12,0.4166666666666667,8363,1,19,4506647.2743158825,4.526027397260274,1.0
C-002376821,S-0039,-19.750313625510906,0,2,男性,48,2,12,0.3333333333333333,0,0,16,4591288.568998441,8.193150684931506,5.0
C-001979622,S-0041,-26.462483352696154,0,2,男性,41,4,12,0.5,26137,1,17,4828489.286769263,10.389041095890411,7.0
C-001529784,S-0019,-9.895502878066306,0,2,男性,52,6,12,0.5,0,0,19,4327199.920883598,4.090410958904109,1.0
C-002634094,S-0004,-88.2309187559505,1,2,男性,52,1,12,0.1666666666666666,16913,2,22,4423576.351309,11.806849315068494,9.0
C-002615484,S-0007,-14.326310841417033,0,2,男性,38,1,12,0.4166666666666667,0,0,21,4487075.727367008,3.7260273972602738,1.0
C-002404084,S-0056,-41.441174090161056,0,2,女性,47,2,12,0.25,22754,2,15,4406070.585753419,7.528767123287671,4.0
C-000369945,S-0063,-54.11342023038218,1,2,男性,43,11,12,0.5833333333333334,0,0,18,4564012.176421695,5.749315068493151,3.0
C-001753655,S-0063,-42.57620452310718,0,2,男性,68,5,12,0.8333333333333334,0,0,18,4564012.176421695,5.749315068493151,3.0
C-002521132,S-0062,-18.92833917553571,0,2,女性,54,1,12,0.0,39776,1,15,4713869.782113416,4.575342465753424,1.0
C-002449591,S-0040,-78.5942543576501,1,2,女性,43,2,12,0.1666666666666666,0,0,20,4550116.0180538,8.163013698630138,4.0
C-001682215,S-0062,-11.863316766810266,0,2,女性,43,5,12,0.75,21014,1,15,4713869.782113416,4.575342465753424,1.0
C-000405120,S-0117,-52.6550302692369,1,2,男性,44,11,12,0.0,0,0,20,4500859.737076383,9.593150684931507,7.0
C-001956112,S-0085,-6.756142251467854,0,2,女性,65,4,12,0.75,0,0,15,4606655.398026554,4.928767123287671,2.0
C-000261671,S-0005,-29.194709504406575,0,2,女性,49,11,12,0.5833333333333334,0,0,21,4733942.970761149,4.69041095890411,2.0
C-001283534,S-0131,-88.5952349954433,1,2,女性,53,7,12,0.8333333333333334,0,0,17,4569023.5643747775,5.13972602739726,2.0
C-001323757,S-0054,-66.71271176139064,1,2,女性,57,7,12,0.75,0,0,23,4489160.181517739,6.358904109589041,4.0
C-002635986,S-0099,-45.827825758554546,0,2,女性,36,1,12,0.0833333333333333,9031,1,13,4464126.154078853,8.147945205479452,5.0
C-001523574,S-0002,-28.739663840475416,0,2,女性,20,6,12,0.4166666666666667,0,0,15,4455566.655169959,5.663013698630137,2.0
C-001313269,S-0036,-38.892317256574465,0,2,女性,51,7,12,0.25,61040,1,19,4397834.424680548,11.123287671232877,9.0
C-002420422,S-0059,-100.0,1,2,男性,52,2,12,0.5,0,0,14,4713188.969095345,6.8123287671232875,3.0
C-000927842,S-0017,-54.89172815068082,1,2,女性,37,8,12,0.0833333333333333,13523,1,20,4640207.03550726,5.608219178082192,2.5
C-000117902,S-0004,-100.0,1,2,女性,53,12,12,0.75,7349,1,22,4423576.351309,11.806849315068494,9.0
C-000179382,S-0085,-29.206018061702988,0,2,女性,37,12,12,0.4166666666666667,0,0,15,4606655.398026554,4.928767123287671,2.0
C-000229300,S-0085,-96.40042276913785,1,2,女性,31,11,12,1.0,4045,1,15,4606655.398026554,4.928767123287671,2.0
C-000090066,S-0054,-41.652082995532645,0,2,女性,57,12,12,0.1666666666666666,0,0,23,4489160.181517739,6.358904109589041,4.0
C-002499263,S-0019,0.16415299367278838,0,2,男性,37,1,12,0.3333333333333333,0,0,19,4327199.920883598,4.090410958904109,1.0
C-002122734,S-0111,-100.0,1,2,男性,51,3,12,0.8333333333333334,26196,1,19,4489501.980758176,6.397260273972603,4.0
C-001570067,S-0012,-18.556069840188506,0,2,男性,63,6,12,0.3333333333333333,0,0,16,4444678.825084195,7.994520547945205,5.0
C-002170801,S-0030,-41.20339234215236,0,2,女性,54,3,12,0.25,6916,1,22,4426478.045479023,9.236986301369862,5.5
C-002620546,S-0008,-100.0,1,2,女性,41,1,12,0.25,0,0,22,4498453.308937302,10.772602739726027,7.0
C-002617310,S-0002,-32.58063340500747,0,2,男性,42,1,12,0.6666666666666666,0,0,15,4455566.655169959,5.663013698630137,2.0
C-002543140,S-0075,-100.0,1,2,男性,66,1,12,0.5833333333333334,0,0,19,4506647.2743158825,4.526027397260274,1.0
C-001257972,S-0030,-35.03217268649856,0,2,男性,40,7,12,0.4166666666666667,0,0,22,4426478.045479023,9.236986301369862,5.5
C-002595596,S-0075,-48.60138254725403,0,2,男性,66,1,12,0.0833333333333333,60418,1,19,4506647.2743158825,4.526027397260274,1.0
C-001826407,S-0097,-14.934165042560446,0,2,女性,37,4,12,0.25,20481,2,21,4592508.716501317,10.09041095890411,7.0
C-001923646,S-0115,-11.134283264606214,0,2,男性,39,4,12,0.1666666666666666,17614,1,14,4553643.099564746,10.51095890410959,7.0
C-002471919,S-0005,-32.411436885384326,0,2,女性,53,1,12,0.6666666666666666,0,0,21,4733942.970761149,4.69041095890411,2.0
C-002084081,S-0097,-18.508053951992483,0,2,男性,29,3,12,0.0833333333333333,18733,1,21,4592508.716501317,10.09041095890411,7.0
C-001842912,S-0017,-34.68386531020957,0,2,女性,36,4,12,0.8333333333333334,0,0,20,4640207.03550726,5.608219178082192,2.5
C-000108958,S-0040,-100.0,1,2,男性,55,12,12,0.6666666666666666,0,0,20,4550116.0180538,8.163013698630138,4.0
C-000891413,S-0131,-39.68203614002123,0,2,女性,46,9,12,0.8333333333333334,0,0,17,4569023.5643747775,5.13972602739726,2.0
C-001745732,S-0050,-67.30461040165994,1,2,女性,58,5,12,0.5,0,0,20,4615411.181286601,9.2013698630137,6.0
C-001105183,S-0048,-97.33119981712719,1,2,女性,59,8,12,0.3333333333333333,0,0,15,4502249.082895545,3.671232876712329,1.0
C-001564689,S-0005,-21.353860337948465,0,2,男性,54,6,12,0.75,0,0,21,4733942.970761149,4.69041095890411,2.0
C-001553224,S-0005,-13.054170100186493,0,2,女性,55,6,12,0.3333333333333333,0,0,21,4733942.970761149,4.69041095890411,2.0
C-000291378,S-0054,-25.42243747148972,0,2,男性,58,11,12,0.5833333333333334,0,0,23,4489160.181517739,6.358904109589041,4.0
C-000932773,S-0020,-28.9979016977173,0,2,男性,70,8,12,0.4166666666666667,20476,2,16,4280702.057267675,6.986301369863014,3.5
C-000597681,S-0111,-88.44035867340592,1,2,女性,60,10,12,0.5,0,0,19,4489501.980758176,6.397260273972603,4.0
C-000421712,S-0063,-64.35154291485563,1,2,男性,57,11,12,0.0,80928,1,18,4564012.176421695,5.749315068493151,3.0
C-002114777,S-0062,-100.0,1,2,男性,45,3,12,0.6666666666666666,0,0,15,4713869.782113416,4.575342465753424,1.0
C-000892351,S-0005,-33.84791494205298,0,2,女性,59,9,12,0.0,0,0,21,4733942.970761149,4.69041095890411,2.0
C-000146591,S-0121,6.159055107437088,0,2,男性,73,12,12,0.5,262553,1,14,4716268.25678644,9.856164383561644,7.0
C-002025602,S-0062,-75.97806367627304,1,2,女性,37,3,12,0.8333333333333334,0,0,15,4713869.782113416,4.575342465753424,1.0
C-000506861,S-0019,-7.920640564589812,0,2,男性,44,10,12,0.0833333333333333,0,0,19,4327199.920883598,4.090410958904109,1.0
C-000984806,S-0100,-36.02709797808286,0,2,男性,41,8,12,0.3333333333333333,33839,2,17,4535925.154217558,4.720547945205479,2.0
C-002047407,S-0039,-60.82568333304628,1,2,女性,60,3,12,0.3333333333333333,27933,1,16,4591288.568998441,8.193150684931506,5.0
C-000604617,S-0079,-25.47994462413016,0,2,男性,56,10,12,0.5,0,0,13,4256656.371085242,8.479452054794521,6.0
C-000765290,S-0030,-74.51107897469743,1,2,男性,35,9,12,0.6666666666666666,0,0,22,4426478.045479023,9.236986301369862,5.5
C-002466420,S-0050,-69.10331384015595,1,2,男性,73,2,12,0.3333333333333333,45626,1,20,4615411.181286601,9.2013698630137,6.0
C-002003958,S-0039,-20.638283854475496,0,2,女性,62,4,12,0.3333333333333333,0,0,16,4591288.568998441,8.193150684931506,5.0
C-002561115,S-0039,-22.33066229961331,0,2,男性,60,1,12,0.5833333333333334,0,0,16,4591288.568998441,8.193150684931506,5.0
C-001777908,S-0036,-100.0,1,2,男性,56,5,12,0.3333333333333333,0,0,19,4397834.424680548,11.123287671232877,9.0
C-001735417,S-0036,-55.95807067727154,1,2,男性,54,5,12,0.25,12824,2,19,4397834.424680548,11.123287671232877,9.0
C-000036959,S-0020,-100.0,1,2,女性,48,12,12,0.25,0,0,16,4280702.057267675,6.986301369863014,3.5
C-000559454,S-0017,-50.54690869173169,1,2,女性,73,10,12,0.5,0,0,20,4640207.03550726,5.608219178082192,2.5
C-000127687,S-0039,-56.91310094168182,1,2,男性,54,12,12,0.75,2847,2,16,4591288.568998441,8.193150684931506,5.0
C-001592671,S-0005,-6.996345924642183,0,2,男性,48,5,12,0.5833333333333334,15642,1,21,4733942.970761149,4.69041095890411,2.0
C-002670224,S-0005,-100.0,1,2,男性,74,1,12,0.4166666666666667,18150,1,21,4733942.970761149,4.69041095890411,2.0
C-002481084,S-0002,-9.282478210677205,0,2,男性,41,1,12,0.3333333333333333,62411,1,15,4455566.655169959,5.663013698630137,2.0
C-001379712,S-0054,-41.84247124269282,0,2,女性,21,6,12,0.25,0,0,23,4489160.181517739,6.358904109589041,4.0
C-002580837,S-0017,-25.696759314296585,0,2,男性,41,1,12,0.75,0,0,20,4640207.03550726,5.608219178082192,2.5
C-001548518,S-0099,-100.0,1,2,女性,57,6,12,0.1666666666666666,3370,1,13,4464126.154078853,8.147945205479452,5.0
C-001477482,S-0085,-49.75526129108536,1,2,男性,36,6,12,0.75,27834,2,15,4606655.398026554,4.928767123287671,2.0
C-000805254,S-0030,-51.59917151355322,1,2,女性,36,9,12,0.5,12707,1,22,4426478.045479023,9.236986301369862,5.5
C-001347839,S-0040,-68.75693901887414,1,2,女性,49,7,12,0.25,0,0,20,4550116.0180538,8.163013698630138,4.0
C-002060176,S-0019,-16.79587659825885,0,2,男性,54,3,12,0.3333333333333333,0,0,19,4327199.920883598,4.090410958904109,1.0
C-001777689,S-0005,-26.882814927516048,0,2,男性,28,5,12,0.5833333333333334,0,0,21,4733942.970761149,4.69041095890411,2.0
C-000767079,S-0072,-13.281215494015283,0,2,男性,57,9,12,0.9166666666666666,4888,2,12,4406797.312641796,9.01917808219178,6.0
C-000432478,S-0089,-5.8237493001660745,0,2,女性,33,11,12,0.5833333333333334,4530,1,19,4721110.949352573,10.142465753424657,7.0
C-002464055,S-0113,-26.423013621052753,0,2,男性,48,2,12,0.25,0,0,16,4336633.961311346,5.77945205479452,2.5
C-001256748,S-0002,-100.0,1,2,男性,50,7,12,0.25,0,0,15,4455566.655169959,5.663013698630137,2.0
C-002471429,S-0126,-56.211987338405976,1,2,女性,32,1,12,0.3333333333333333,94155,1,17,4493168.352495564,5.53972602739726,3.0
C-002439893,S-0062,-14.18013672578915,0,2,男性,34,2,12,0.5,0,0,15,4713869.782113416,4.575342465753424,1.0
C-000213924,S-0099,1.6869364264463702,0,2,女性,47,12,12,0.25,3940,1,13,4464126.154078853,8.147945205479452,5.0
C-000826317,S-0036,-93.22836929721367,1,2,男性,42,9,12,0.25,1548,1,19,4397834.424680548,11.123287671232877,9.0
C-002680400,S-0017,-5.199664488229356,0,2,女性,24,1,12,0.5,0,0,20,4640207.03550726,5.608219178082192,2.5
C-001909532,S-0019,-6.87007481773243,0,2,男性,54,4,12,0.9166666666666666,0,0,19,4327199.920883598,4.090410958904109,1.0
C-000607182,S-0039,-100.0,1,2,男性,43,10,12,0.4166666666666667,0,0,16,4591288.568998441,8.193150684931506,5.0
C-001329308,S-0017,-36.22964466231767,0,2,女性,52,7,12,0.3333333333333333,19804,2,20,4640207.03550726,5.608219178082192,2.5
C-000398349,S-0079,-40.46365037120045,0,2,女性,52,11,12,0.0,0,0,13,4256656.371085242,8.479452054794521,6.0
C-000878519,S-0039,-33.14947949845096,0,2,女性,25,9,12,0.25,0,0,16,4591288.568998441,8.193150684931506,5.0
C-002646057,S-0020,-26.205308093178907,0,2,女性,56,1,12,0.8333333333333334,32215,1,16,4280702.057267675,6.986301369863014,3.5
C-001552703,S-0020,-73.17357775823581,1,2,女性,40,6,12,0.3333333333333333,21898,2,16,4280702.057267675,6.986301369863014,3.5
C-002562133,S-0017,-83.4472053485217,1,2,女性,44,1,12,0.3333333333333333,0,0,20,4640207.03550726,5.608219178082192,2.5
C-000402500,S-0080,-20.484135581099412,0,2,男性,58,11,12,0.1666666666666666,101355,1,17,4457429.264950683,11.673972602739726,9.0
C-000562797,S-0099,-14.15761187850195,0,2,男性,45,10,12,0.25,0,0,13,4464126.154078853,8.147945205479452,5.0
C-001611120,S-0019,-8.567883409285747,0,2,女性,60,5,12,0.3333333333333333,0,0,19,4327199.920883598,4.090410958904109,1.0
C-000403738,S-0054,-26.864792850691828,0,2,女性,55,11,12,0.75,0,0,23,4489160.181517739,6.358904109589041,4.0
C-002299628,S-0014,-14.121046813697657,0,2,女性,45,2,12,0.8333333333333334,0,0,21,4730192.353344672,7.336986301369863,4.0
C-000583247,S-0056,-100.0,1,2,女性,60,10,12,0.9166666666666666,0,0,15,4406070.585753419,7.528767123287671,4.0
C-000879944,S-0126,-8.002034197007763,0,2,男性,43,9,12,0.3333333333333333,0,0,17,4493168.352495564,5.53972602739726,3.0
C-001062654,S-0085,-6.400091188874956,0,2,男性,49,8,12,0.5,0,0,15,4606655.398026554,4.928767123287671,2.0
C-000379448,S-0002,-100.0,1,2,女性,45,11,12,0.3333333333333333,46790,2,15,4455566.655169959,5.663013698630137,2.0
C-001285274,S-0126,-67.98209926769732,1,2,男性,63,7,12,0.3333333333333333,60976,1,17,4493168.352495564,5.53972602739726,3.0
C-000442958,S-0040,-8.953099448665105,0,2,男性,47,11,12,0.75,0,0,20,4550116.0180538,8.163013698630138,4.0
C-002538372,S-0039,-37.96183954300715,0,2,女性,50,1,12,0.5833333333333334,0,0,16,4591288.568998441,8.193150684931506,5.0
C-002129482,S-0111,-100.0,1,2,女性,54,3,12,0.5,0,0,19,4489501.980758176,6.397260273972603,4.0
C-000507365,S-0100,-24.499886748625322,0,2,男性,77,10,12,0.4166666666666667,0,0,17,4535925.154217558,4.720547945205479,2.0
C-001414092,S-0054,-100.0,1,2,男性,45,6,12,0.25,9426,1,23,4489160.181517739,6.358904109589041,4.0
C-002472660,S-0131,-47.887735037483104,0,2,女性,45,1,12,0.75,17527,1,17,4569023.5643747775,5.13972602739726,2.0
C-000642305,S-0089,-97.84085810132262,1,2,男性,55,10,12,0.4166666666666667,8578,1,19,4721110.949352573,10.142465753424657,7.0
C-001903591,S-0121,-66.6852808413607,1,2,女性,49,4,12,0.8333333333333334,0,0,14,4716268.25678644,9.856164383561644,7.0
C-001733723,S-0085,-13.585060693784545,0,2,女性,36,5,12,0.5,6465,2,15,4606655.398026554,4.928767123287671,2.0
C-001933218,S-0012,-36.83642371947861,0,2,女性,53,4,12,0.0833333333333333,0,0,16,4444678.825084195,7.994520547945205,5.0
C-002334475,S-0082,-100.0,1,2,女性,57,2,12,0.4166666666666667,0,0,17,4607261.71451126,4.758904109589041,2.0
C-001135191,S-0072,-30.984730507311408,0,2,女性,63,7,12,0.4166666666666667,9044,2,12,4406797.312641796,9.01917808219178,6.0
C-000673786,S-0075,-42.717965356260926,0,2,女性,55,10,12,0.4166666666666667,0,0,19,4506647.2743158825,4.526027397260274,1.0
C-000733094,S-0111,-20.476872993122452,0,2,女性,29,9,12,0.5,0,0,19,4489501.980758176,6.397260273972603,4.0
C-001106933,S-0020,-38.75487420334018,0,2,女性,44,8,12,0.25,52709,1,16,4280702.057267675,6.986301369863014,3.5
C-000170377,S-0115,-20.182630140638537,0,2,男性,69,12,12,0.4166666666666667,1294,1,14,4553643.099564746,10.51095890410959,7.0
C-000033906,S-0082,-45.20754716981132,0,2,男性,34,12,12,0.0833333333333333,0,0,17,4607261.71451126,4.758904109589041,2.0
C-002585424,S-0017,-79.63678979763212,1,2,女性,54,1,12,0.5,36455,1,20,4640207.03550726,5.608219178082192,2.5
C-001688424,S-0020,-100.0,1,2,男性,49,5,12,0.4166666666666667,0,0,16,4280702.057267675,6.986301369863014,3.5
C-000145675,S-0059,-2.8511292862734745,0,2,男性,62,12,12,1.0,0,0,14,4713188.969095345,6.8123287671232875,3.0
C-000309931,S-0085,-10.542670730545767,0,2,女性,69,11,12,0.5833333333333334,16217,1,15,4606655.398026554,4.928767123287671,2.0
C-001987848,S-0089,-45.07609668755595,0,2,女性,46,4,12,0.4166666666666667,0,0,19,4721110.949352573,10.142465753424657,7.0
C-002457696,S-0113,-15.93766434287461,0,2,男性,14,2,12,0.4166666666666667,20828,1,16,4336633.961311346,5.77945205479452,2.5
C-001931133,S-0019,-34.44232085132489,0,2,男性,55,4,12,0.25,3414,1,19,4327199.920883598,4.090410958904109,1.0
C-001321111,S-0096,-100.0,1,2,女性,48,7,12,0.3333333333333333,0,0,16,4644856.458098179,8.302739726027397,5.0
C-000129014,S-0050,-66.04637157482685,1,2,女性,45,12,12,0.0833333333333333,0,0,20,4615411.181286601,9.2013698630137,6.0
C-002414319,S-0099,-16.505011718944797,0,2,男性,48,2,12,0.5833333333333334,6223,1,13,4464126.154078853,8.147945205479452,5.0
C-002507236,S-0089,-95.1019557057881,1,2,男性,66,1,12,0.25,10080,2,19,4721110.949352573,10.142465753424657,7.0
C-000214856,S-0040,-100.0,1,2,女性,67,12,12,0.3333333333333333,2632,1,20,4550116.0180538,8.163013698630138,4.0
C-002226184,S-0036,-55.50056038185615,1,2,男性,55,3,12,0.4166666666666667,5495,1,19,4397834.424680548,11.123287671232877,9.0
C-001829550,S-0039,-46.60752350050368,0,2,男性,55,4,12,0.25,2749,1,16,4591288.568998441,8.193150684931506,5.0
C-000738000,S-0131,-55.00811307828219,1,2,女性,41,9,12,0.5,6260,1,17,4569023.5643747775,5.13972602739726,2.0
C-000040959,S-0039,-45.15595929225241,0,2,女性,65,12,12,0.6666666666666666,24443,1,16,4591288.568998441,8.193150684931506,5.0
C-002568194,S-0075,-47.789806900918016,0,2,女性,48,1,12,0.3333333333333333,0,0,19,4506647.2743158825,4.526027397260274,1.0
C-002015499,S-0004,-100.0,1,2,女性,63,4,12,0.4166666666666667,79651,1,22,4423576.351309,11.806849315068494,9.0
C-001647022,S-0075,0.5566884556900054,0,2,男性,46,5,12,1.0,2495,1,19,4506647.2743158825,4.526027397260274,1.0
C-001853842,S-0040,-40.84783310033337,0,2,男性,43,4,12,0.4166666666666667,0,0,20,4550116.0180538,8.163013698630138,4.0
C-000378529,S-0018,-100.0,1,2,男性,48,11,12,0.0833333333333333,0,0,16,4493108.581950108,7.550684931506849,5.0
C-002041627,S-0059,-11.283415356198525,0,2,男性,70,3,12,0.9166666666666666,0,0,14,4713188.969095345,6.8123287671232875,3.0
C-002485559,S-0039,-14.852395140958055,0,2,女性,60,1,12,0.25,94180,1,16,4591288.568998441,8.193150684931506,5.0
C-001997634,S-0018,-0.7582673125487244,0,2,男性,41,4,12,0.3333333333333333,0,0,16,4493108.581950108,7.550684931506849,5.0
C-001551287,S-0041,-100.0,1,2,男性,22,6,12,0.1666666666666666,18504,1,17,4828489.286769263,10.389041095890411,7.0
C-002335198,S-0054,-37.59546111560043,0,2,男性,47,2,12,0.75,0,0,23,4489160.181517739,6.358904109589041,4.0
C-002421475,S-0050,-74.50178500976703,1,2,男性,59,2,12,0.0,3576,1,20,4615411.181286601,9.2013698630137,6.0
C-000030883,S-0019,-20.002692231157308,0,2,男性,52,12,12,0.75,5781,1,19,4327199.920883598,4.090410958904109,1.0
C-000794498,S-0072,-100.0,1,2,女性,51,9,12,0.3333333333333333,0,0,12,4406797.312641796,9.01917808219178,6.0
C-000071616,S-0054,-73.79409326332492,1,2,女性,49,12,12,0.3333333333333333,27159,1,23,4489160.181517739,6.358904109589041,4.0
C-001758746,S-0111,-78.66421795757444,1,2,女性,22,5,12,0.25,791,1,19,4489501.980758176,6.397260273972603,4.0
C-002175874,S-0040,-18.946317932027817,0,2,男性,24,3,12,0.5,0,0,20,4550116.0180538,8.163013698630138,4.0
C-000575499,S-0111,-36.609990269583164,0,2,女性,30,10,12,0.5833333333333334,9741,1,19,4489501.980758176,6.397260273972603,4.0
C-001357740,S-0005,-37.81721147431621,0,2,女性,52,6,12,0.3333333333333333,1196,2,21,4733942.970761149,4.69041095890411,2.0
C-000883816,S-0126,-99.65526643814272,1,2,男性,49,9,12,0.5,0,0,17,4493168.352495564,5.53972602739726,3.0
C-001638960,S-0085,-8.475014615862355,0,2,女性,41,5,12,0.1666666666666666,0,0,15,4606655.398026554,4.928767123287671,2.0
C-000304639,S-0004,-13.024090989074272,0,2,男性,48,11,12,0.5833333333333334,0,0,22,4423576.351309,11.806849315068494,9.0
C-000859425,S-0039,-100.0,1,2,女性,40,9,12,0.25,15706,1,16,4591288.568998441,8.193150684931506,5.0
C-001295089,S-0085,-100.0,1,2,男性,60,7,12,0.8333333333333334,0,0,15,4606655.398026554,4.928767123287671,2.0
C-000929905,S-0100,-44.48609566724773,0,2,男性,54,8,12,0.3333333333333333,0,0,17,4535925.154217558,4.720547945205479,2.0
C-001257949,S-0100,-100.0,1,2,男性,48,7,12,0.5833333333333334,9623,1,17,4535925.154217558,4.720547945205479,2.0
C-001205728,S-0018,-100.0,1,2,女性,49,7,12,0.75,0,0,16,4493108.581950108,7.550684931506849,5.0
C-001229899,S-0005,-1.13497582974342,0,2,男性,46,7,12,0.3333333333333333,0,0,21,4733942.970761149,4.69041095890411,2.0
C-001484917,S-0002,-24.754859750715777,0,2,女性,35,6,12,0.4166666666666667,14479,1,15,4455566.655169959,5.663013698630137,2.0
C-000096067,S-0082,-63.03426522286932,1,2,女性,49,12,12,0.6666666666666666,33688,1,17,4607261.71451126,4.758904109589041,2.0
C-002179609,S-0131,-41.426156639328866,0,2,男性,51,3,12,0.25,0,0,17,4569023.5643747775,5.13972602739726,2.0
C-002219610,S-0036,-6.1415518533463995,0,2,女性,45,3,12,0.5833333333333334,0,0,19,4397834.424680548,11.123287671232877,9.0
C-001861040,S-0054,-56.93895988459353,1,2,女性,40,4,12,0.25,5386,1,23,4489160.181517739,6.358904109589041,4.0
C-001583129,S-0117,-16.857414087715966,0,2,女性,58,5,12,0.5,27250,2,20,4500859.737076383,9.593150684931507,7.0
C-001104738,S-0050,-79.73331512514875,1,2,男性,41,8,12,0.3333333333333333,71964,1,20,4615411.181286601,9.2013698630137,6.0
C-002525001,S-0089,-100.0,1,2,女性,45,1,12,0.5,4684,1,19,4721110.949352573,10.142465753424657,7.0
C-001498120,S-0121,-28.366101295101682,0,2,男性,42,6,12,0.3333333333333333,0,0,14,4716268.25678644,9.856164383561644,7.0
C-001142546,S-0131,-82.84609169062033,1,2,男性,41,7,12,0.0833333333333333,0,0,17,4569023.5643747775,5.13972602739726,2.0
C-002409823,S-0005,-14.128145912503005,0,2,男性,59,2,12,0.4166666666666667,0,0,21,4733942.970761149,4.69041095890411,2.0
C-001573570,S-0050,-81.18064035097198,1,2,男性,68,6,12,0.4166666666666667,0,0,20,4615411.181286601,9.2013698630137,6.0
C-000970128,S-0020,-24.99154977184384,0,2,男性,54,8,12,0.5,0,0,16,4280702.057267675,6.986301369863014,3.5
C-001243197,S-0111,-19.65889969483501,0,2,女性,58,7,12,0.5,0,0,19,4489501.980758176,6.397260273972603,4.0
C-000937201,S-0019,-27.55974439030084,0,2,女性,32,8,12,0.5,35440,1,19,4327199.920883598,4.090410958904109,1.0
C-001551705,S-0040,-46.722596832366314,0,2,女性,42,6,12,0.0833333333333333,0,0,20,4550116.0180538,8.163013698630138,4.0
C-002104972,S-0050,-22.3884573220327,0,2,女性,68,3,12,0.1666666666666666,10390,1,20,4615411.181286601,9.2013698630137,6.0
C-002562535,S-0004,-25.904394296471573,0,2,男性,45,1,12,0.0833333333333333,5040,1,22,4423576.351309,11.806849315068494,9.0
C-001957618,S-0131,-100.0,1,2,女性,57,4,12,0.3333333333333333,6346,1,17,4569023.5643747775,5.13972602739726,2.0
C-000114104,S-0056,-56.81841875675586,1,2,男性,59,12,12,0.3333333333333333,0,0,15,4406070.585753419,7.528767123287671,4.0
C-002291393,S-0002,-47.708535402521825,0,2,女性,38,2,12,0.3333333333333333,0,0,15,4455566.655169959,5.663013698630137,2.0
C-001960668,S-0089,-3.8457378670929345,0,2,女性,69,4,12,0.8333333333333334,0,0,19,4721110.949352573,10.142465753424657,7.0
C-001788844,S-0085,-23.15538834792302,0,2,男性,50,5,12,0.5,47886,1,15,4606655.398026554,4.928767123287671,2.0
C-002251775,S-0007,-100.0,1,2,男性,68,2,12,0.4166666666666667,0,0,21,4487075.727367008,3.7260273972602738,1.0
C-001512901,S-0007,-5.500115795549995,0,2,女性,57,6,12,0.5,0,0,21,4487075.727367008,3.7260273972602738,1.0
C-002513194,S-0100,-85.6762057494555,1,2,女性,58,1,12,0.4166666666666667,0,0,17,4535925.154217558,4.720547945205479,2.0
C-000290968,S-0085,-68.92123442093681,1,2,女性,47,11,12,0.6666666666666666,0,0,15,4606655.398026554,4.928767123287671,2.0
C-000371009,S-0099,-33.674619575427386,0,2,男性,56,11,12,0.4166666666666667,0,0,13,4464126.154078853,8.147945205479452,5.0
C-000529100,S-0102,-47.74202596569963,0,2,女性,38,10,12,0.6666666666666666,13309,2,16,4383474.364435211,10.484931506849314,7.5
C-002356108,S-0054,-100.0,1,2,男性,24,2,12,0.5,0,0,23,4489160.181517739,6.358904109589041,4.0
C-002390555,S-0063,-100.0,1,2,女性,55,2,12,0.4166666666666667,0,0,18,4564012.176421695,5.749315068493151,3.0
C-000276486,S-0039,-59.424994998713956,1,2,男性,48,11,12,0.4166666666666667,0,0,16,4591288.568998441,8.193150684931506,5.0
C-001682033,S-0004,-40.722724113968034,0,2,男性,56,5,12,0.4166666666666667,0,0,22,4423576.351309,11.806849315068494,9.0
C-000379403,S-0074,-49.25562162932893,1,2,男性,20,11,12,0.1666666666666666,15627,1,14,4614054.39694187,8.308219178082192,6.0
C-002143725,S-0096,-78.56925396503233,1,2,女性,45,3,12,0.0833333333333333,0,0,16,4644856.458098179,8.302739726027397,5.0
C-000617632,S-0017,-18.768262858754262,0,2,男性,39,10,12,0.75,59194,1,20,4640207.03550726,5.608219178082192,2.5
C-001077654,S-0040,-100.0,1,2,男性,41,8,12,0.5,0,0,20,4550116.0180538,8.163013698630138,4.0
C-000654364,S-0036,-36.37593939156582,0,2,女性,42,10,12,0.25,0,0,19,4397834.424680548,11.123287671232877,9.0
C-001987881,S-0099,-100.0,1,2,男性,44,4,12,0.1666666666666666,0,0,13,4464126.154078853,8.147945205479452,5.0
C-002368214,S-0002,-100.0,1,2,男性,48,2,12,0.1666666666666666,11434,1,15,4455566.655169959,5.663013698630137,2.0
C-001985394,S-0111,-100.0,1,2,女性,26,4,12,1.0,0,0,19,4489501.980758176,6.397260273972603,4.0
C-001431227,S-0005,-48.54787038495878,0,2,男性,44,6,12,0.3333333333333333,0,0,21,4733942.970761149,4.69041095890411,2.0
C-002370556,S-0111,-54.141936112905384,1,2,女性,38,2,12,0.0833333333333333,0,0,19,4489501.980758176,6.397260273972603,4.0
C-000531916,S-0040,-69.87712018049233,1,2,男性,32,10,12,0.0833333333333333,0,0,20,4550116.0180538,8.163013698630138,4.0
C-002105929,S-0005,-13.68263647486066,0,2,女性,51,3,12,0.6666666666666666,0,0,21,4733942.970761149,4.69041095890411,2.0
C-001549436,S-0111,-43.33897979288306,0,2,女性,60,6,12,0.5833333333333334,6208,1,19,4489501.980758176,6.397260273972603,4.0
C-001537882,S-0005,6.889524361427893,0,2,女性,39,6,12,0.3333333333333333,4821,2,21,4733942.970761149,4.69041095890411,2.0
C-001547628,S-0056,-100.0,1,2,女性,47,6,12,0.5,0,0,15,4406070.585753419,7.528767123287671,4.0
C-002626570,S-0089,-15.304809440004616,0,2,女性,63,1,12,0.3333333333333333,0,0,19,4721110.949352573,10.142465753424657,7.0
C-002435630,S-0096,-100.0,1,2,女性,57,2,12,0.25,17744,2,16,4644856.458098179,8.302739726027397,5.0
C-000084672,S-0063,-66.13409678611009,1,2,女性,39,12,12,0.4166666666666667,0,0,18,4564012.176421695,5.749315068493151,3.0
C-001067605,S-0106,-47.8201800018182,0,2,男性,19,8,12,0.3333333333333333,1055,1,20,4462729.145118021,6.171232876712329,3.5
C-001128449,S-0131,-39.13683348526753,0,2,女性,33,7,12,0.1666666666666666,126466,1,17,4569023.5643747775,5.13972602739726,2.0
C-000033556,S-0005,-35.092107734667415,0,2,女性,68,12,12,0.4166666666666667,28003,2,21,4733942.970761149,4.69041095890411,2.0
C-000033846,S-0062,-99.79106452623881,1,2,女性,63,12,12,0.4166666666666667,0,0,15,4713869.782113416,4.575342465753424,1.0
C-002163491,S-0007,-17.649030994046356,0,2,女性,47,3,12,0.5,56033,1,21,4487075.727367008,3.7260273972602738,1.0
C-000696938,S-0007,-51.40112446931933,1,2,男性,39,9,12,0.4166666666666667,0,0,21,4487075.727367008,3.7260273972602738,1.0
C-002361619,S-0054,-25.172956503086986,0,2,女性,17,2,12,0.4166666666666667,1930,2,23,4489160.181517739,6.358904109589041,4.0
C-002633777,S-0079,-18.564433935781995,0,2,男性,42,1,12,0.4166666666666667,17538,2,13,4256656.371085242,8.479452054794521,6.0
C-000270486,S-0054,-100.0,1,2,女性,56,11,12,0.6666666666666666,13088,1,23,4489160.181517739,6.358904109589041,4.0
C-000790749,S-0005,-0.39586865656810316,0,2,男性,61,9,12,0.8333333333333334,23265,1,21,4733942.970761149,4.69041095890411,2.0
C-000873388,S-0072,-100.0,1,2,男性,53,9,12,0.25,0,0,12,4406797.312641796,9.01917808219178,6.0
C-002618957,S-0126,-55.17780111619348,1,2,女性,34,1,12,0.5833333333333334,12237,1,17,4493168.352495564,5.53972602739726,3.0
C-002081830,S-0018,-100.0,1,2,女性,42,3,12,0.3333333333333333,0,0,16,4493108.581950108,7.550684931506849,5.0
C-000252351,S-0096,-5.043476214914996,0,2,女性,45,11,12,0.75,2657,1,16,4644856.458098179,8.302739726027397,5.0
C-000860268,S-0056,-100.0,1,2,女性,70,9,12,0.0833333333333333,14289,2,15,4406070.585753419,7.528767123287671,4.0
C-001501266,S-0036,-22.182350516335656,0,2,女性,69,6,12,0.1666666666666666,30955,2,19,4397834.424680548,11.123287671232877,9.0
C-002572705,S-0040,-7.770223433585214,0,2,女性,50,1,12,0.5,0,0,20,4550116.0180538,8.163013698630138,4.0
C-001927314,S-0059,-40.34167404514415,0,2,男性,37,4,12,0.8333333333333334,2693,1,14,4713188.969095345,6.8123287671232875,3.0
C-000045052,S-0056,-29.69550301471953,0,2,女性,49,12,12,0.4166666666666667,0,0,15,4406070.585753419,7.528767123287671,4.0
C-000222360,S-0019,-14.578406202177845,0,2,男性,53,12,12,0.5,2557,1,19,4327199.920883598,4.090410958904109,1.0
C-000743323,S-0012,-100.0,1,2,女性,44,9,12,0.0,26376,1,16,4444678.825084195,7.994520547945205,5.0
C-002213252,S-0131,-58.62149740309044,1,2,女性,41,3,12,0.25,4617,1,17,4569023.5643747775,5.13972602739726,2.0
C-001796092,S-0005,-30.97301057078822,0,2,女性,62,5,12,0.8333333333333334,10598,2,21,4733942.970761149,4.69041095890411,2.0
C-000043454,S-0030,-41.31576981498543,0,2,女性,58,12,12,0.4166666666666667,0,0,22,4426478.045479023,9.236986301369862,5.5
C-001279173,S-0059,-25.069214010390482,0,2,女性,43,7,12,0.75,4165,1,14,4713188.969095345,6.8123287671232875,3.0
C-001864223,S-0059,-2.5532163544855817,0,2,女性,44,4,12,0.0833333333333333,0,0,14,4713188.969095345,6.8123287671232875,3.0
C-000840069,S-0075,-14.634662511769992,0,2,女性,45,9,12,0.75,0,0,19,4506647.2743158825,4.526027397260274,1.0
C-001696972,S-0085,-42.62786922302365,0,2,女性,41,5,12,0.5833333333333334,10496,1,15,4606655.398026554,4.928767123287671,2.0
C-002118484,S-0117,-19.08755152647824,0,2,女性,40,3,12,0.5,14833,2,20,4500859.737076383,9.593150684931507,7.0
C-001448114,S-0085,-6.013866168107813,0,2,女性,21,6,12,0.1666666666666666,0,0,15,4606655.398026554,4.928767123287671,2.0
C-001540296,S-0018,-100.0,1,2,男性,42,6,12,0.0,3088,1,16,4493108.581950108,7.550684931506849,5.0
C-001179617,S-0017,-27.86699662212675,0,2,男性,70,7,12,0.1666666666666666,0,0,20,4640207.03550726,5.608219178082192,2.5
C-000019567,S-0017,-30.484722266382626,0,2,女性,51,12,12,0.3333333333333333,0,0,20,4640207.03550726,5.608219178082192,2.5
C-002063598,S-0004,-50.967192926623405,1,2,男性,35,3,12,0.4166666666666667,24291,1,22,4423576.351309,11.806849315068494,9.0
C-001486885,S-0102,-75.94641050165649,1,2,女性,31,6,12,0.0833333333333333,95241,1,16,4383474.364435211,10.484931506849314,7.5
C-000919545,S-0017,-40.31269503432604,0,2,女性,56,8,12,1.0,47673,1,20,4640207.03550726,5.608219178082192,2.5
C-001499352,S-0054,-57.52958689073149,1,2,男性,43,6,12,0.1666666666666666,53133,1,23,4489160.181517739,6.358904109589041,4.0
C-002598946,S-0102,-49.49281834224299,1,2,女性,57,1,12,0.3333333333333333,6588,2,16,4383474.364435211,10.484931506849314,7.5
C-002658533,S-0039,-100.0,1,2,女性,32,1,12,0.6666666666666666,40740,1,16,4591288.568998441,8.193150684931506,5.0
C-002124702,S-0075,-70.52252500229379,1,2,女性,49,3,12,0.9166666666666666,0,0,19,4506647.2743158825,4.526027397260274,1.0
C-000752023,S-0019,-11.779655136522916,0,2,男性,39,9,12,0.4166666666666667,7709,2,19,4327199.920883598,4.090410958904109,1.0
C-000637084,S-0115,-48.51400500684899,0,2,女性,37,10,12,0.0,10762,2,14,4553643.099564746,10.51095890410959,7.0
C-001370787,S-0039,-65.16630215804781,1,2,女性,43,6,12,0.0833333333333333,4601,1,16,4591288.568998441,8.193150684931506,5.0
C-002186477,S-0126,-12.498919670910851,0,2,女性,32,3,12,0.9166666666666666,6459,1,17,4493168.352495564,5.53972602739726,3.0
C-001914244,S-0056,-100.0,1,2,女性,35,4,12,0.4166666666666667,0,0,15,4406070.585753419,7.528767123287671,4.0
C-000431782,S-0100,-29.00343032227267,0,2,男性,48,11,12,0.5,0,0,17,4535925.154217558,4.720547945205479,2.0
C-001824533,S-0040,-80.48042090736588,1,2,女性,50,4,12,0.0833333333333333,0,0,20,4550116.0180538,8.163013698630138,4.0
C-001178294,S-0019,-22.04643751422718,0,2,女性,44,7,12,0.8333333333333334,0,0,19,4327199.920883598,4.090410958904109,1.0
C-001299508,S-0111,-100.0,1,2,男性,44,7,12,0.3333333333333333,0,0,19,4489501.980758176,6.397260273972603,4.0
C-001757808,S-0005,-6.353402900960381,0,2,女性,70,5,12,0.75,0,0,21,4733942.970761149,4.69041095890411,2.0
C-000565485,S-0100,-8.783612276750755,0,2,男性,38,10,12,0.5833333333333334,0,0,17,4535925.154217558,4.720547945205479,2.0
C-000550102,S-0040,-100.0,1,2,男性,47,10,12,0.1666666666666666,0,0,20,4550116.0180538,8.163013698630138,4.0
C-000508940,S-0131,-5.396084958310571,0,2,女性,66,10,12,0.3333333333333333,16980,1,17,4569023.5643747775,5.13972602739726,2.0
C-001173906,S-0040,-48.99211732355637,1,2,女性,58,7,12,0.4166666666666667,1125,2,20,4550116.0180538,8.163013698630138,4.0
C-001570903,S-0111,-26.43806398687449,0,2,女性,33,6,12,0.5,61568,1,19,4489501.980758176,6.397260273972603,4.0
C-000234581,S-0085,-5.897381682348381,0,2,女性,59,11,12,0.8333333333333334,0,0,15,4606655.398026554,4.928767123287671,2.0
C-001809613,S-0131,-10.7009984384444,0,2,女性,36,4,12,0.3333333333333333,6923,2,17,4569023.5643747775,5.13972602739726,2.0
C-002491664,S-0117,-9.999973613801037,0,2,女性,68,1,12,0.8333333333333334,5577,1,20,4500859.737076383,9.593150684931507,7.0
C-000699959,S-0074,-24.122709474805067,0,2,女性,44,9,12,0.0833333333333333,0,0,14,4614054.39694187,8.308219178082192,6.0
C-002229614,S-0113,-1.7789113877853522,0,2,女性,38,3,12,0.9166666666666666,7343,1,16,4336633.961311346,5.77945205479452,2.5
C-000059696,S-0007,-62.51771875206995,1,2,男性,32,12,12,0.5,15156,2,21,4487075.727367008,3.7260273972602738,1.0
C-001609951,S-0082,-28.29992758148998,0,2,女性,33,5,12,0.5,3854,1,17,4607261.71451126,4.758904109589041,2.0
C-000841600,S-0111,-24.71380289930943,0,2,男性,43,9,12,0.25,0,0,19,4489501.980758176,6.397260273972603,4.0
C-000204730,S-0126,-63.11460592913956,1,2,男性,64,12,12,0.5,0,0,17,4493168.352495564,5.53972602739726,3.0
C-002491538,S-0050,-100.0,1,2,女性,55,1,12,0.8333333333333334,920,1,20,4615411.181286601,9.2013698630137,6.0
C-000297297,S-0048,-15.672078199106378,0,2,女性,38,11,12,0.3333333333333333,0,0,15,4502249.082895545,3.671232876712329,1.0
C-002193382,S-0096,-64.52194522599548,1,2,男性,59,3,12,0.5,0,0,16,4644856.458098179,8.302739726027397,5.0
C-002229759,S-0005,-67.88343975003396,1,2,女性,61,3,12,0.3333333333333333,0,0,21,4733942.970761149,4.69041095890411,2.0
C-001169598,S-0005,-100.0,1,2,女性,45,7,12,0.75,0,0,21,4733942.970761149,4.69041095890411,2.0
C-001252700,S-0017,-35.31802658371947,0,2,女性,50,7,12,0.0,29493,1,20,4640207.03550726,5.608219178082192,2.5
C-002040331,S-0017,-68.0401782605668,1,2,女性,20,3,12,0.5833333333333334,0,0,20,4640207.03550726,5.608219178082192,2.5
C-000290211,S-0005,-14.632979952392978,0,2,男性,33,11,12,0.8333333333333334,0,0,21,4733942.970761149,4.69041095890411,2.0
C-001002305,S-0020,-100.0,1,2,女性,79,8,12,0.4166666666666667,0,0,16,4280702.057267675,6.986301369863014,3.5
C-001133510,S-0115,-37.08983906765964,0,2,男性,43,7,12,0.4166666666666667,16909,1,14,4553643.099564746,10.51095890410959,7.0
C-000803679,S-0111,-30.15567056522271,0,2,男性,54,9,12,0.25,4145,1,19,4489501.980758176,6.397260273972603,4.0
C-000501142,S-0054,-81.03694901080522,1,2,女性,58,10,12,0.25,0,0,23,4489160.181517739,6.358904109589041,4.0
C-002571114,S-0106,-43.78003944713152,0,2,男性,45,1,12,0.0,1059,2,20,4462729.145118021,6.171232876712329,3.5
C-001995877,S-0030,-24.962018493877483,0,2,男性,59,4,12,0.25,0,0,22,4426478.045479023,9.236986301369862,5.5
C-001493247,S-0131,-29.953588193005455,0,2,女性,26,6,12,0.3333333333333333,0,0,17,4569023.5643747775,5.13972602739726,2.0
C-002330939,S-0100,-100.0,1,2,女性,34,2,12,0.8333333333333334,0,0,17,4535925.154217558,4.720547945205479,2.0
C-001766253,S-0121,-97.93043343960639,1,2,女性,63,5,12,0.0833333333333333,0,0,14,4716268.25678644,9.856164383561644,7.0
C-000047655,S-0036,-12.943215082320258,0,2,女性,64,12,12,0.3333333333333333,0,0,19,4397834.424680548,11.123287671232877,9.0
C-001161416,S-0039,-63.64564463139796,1,2,男性,50,7,12,0.9166666666666666,7458,1,16,4591288.568998441,8.193150684931506,5.0
C-000052385,S-0019,-19.834212711251574,0,2,女性,50,12,12,0.1666666666666666,19381,2,19,4327199.920883598,4.090410958904109,1.0
C-000598333,S-0002,-97.73398906139732,1,2,男性,21,10,12,0.0,0,0,15,4455566.655169959,5.663013698630137,2.0
C-001115159,S-0059,-48.893231294073054,1,2,女性,58,8,12,0.0833333333333333,2966,1,14,4713188.969095345,6.8123287671232875,3.0
C-001861335,S-0063,-100.0,1,2,女性,40,4,12,0.75,10666,1,18,4564012.176421695,5.749315068493151,3.0
C-000204837,S-0007,-45.43008614976806,0,2,男性,40,12,12,0.4166666666666667,4577,1,21,4487075.727367008,3.7260273972602738,1.0
C-000082026,S-0063,-52.240247623647186,1,2,男性,47,12,12,0.5833333333333334,12681,1,18,4564012.176421695,5.749315068493151,3.0
C-000495052,S-0054,-100.0,1,2,女性,55,10,12,1.0,5537,1,23,4489160.181517739,6.358904109589041,4.0
C-002327442,S-0074,-100.0,1,2,女性,81,2,12,0.1666666666666666,5111,1,14,4614054.39694187,8.308219178082192,6.0
C-001046523,S-0020,-17.37602271550385,0,2,男性,59,8,12,0.1666666666666666,57312,2,16,4280702.057267675,6.986301369863014,3.5
C-000853905,S-0019,-3.489008961415803,0,2,男性,50,9,12,0.75,10174,1,19,4327199.920883598,4.090410958904109,1.0
C-001699754,S-0075,-24.195687609893728,0,2,男性,33,5,12,0.4166666666666667,18829,1,19,4506647.2743158825,4.526027397260274,1.0
C-001995144,S-0019,-19.157908608704247,0,2,女性,47,4,12,0.5,0,0,19,4327199.920883598,4.090410958904109,1.0
C-000128060,S-0007,-99.99885960610794,1,2,男性,62,12,12,0.0833333333333333,3898,1,21,4487075.727367008,3.7260273972602738,1.0
C-001750706,S-0002,-97.97144917747531,1,2,男性,69,5,12,0.0833333333333333,0,0,15,4455566.655169959,5.663013698630137,2.0
C-000330258,S-0041,-34.88992918386423,0,2,女性,86,11,12,0.25,58434,1,17,4828489.286769263,10.389041095890411,7.0
C-001269402,S-0075,-68.59813260220281,1,2,女性,55,7,12,0.9166666666666666,8920,2,19,4506647.2743158825,4.526027397260274,1.0
C-002676025,S-0056,-100.0,1,2,女性,47,1,12,0.6666666666666666,0,0,15,4406070.585753419,7.528767123287671,4.0
C-000044568,S-0100,-100.0,1,2,男性,60,12,12,0.5,16303,1,17,4535925.154217558,4.720547945205479,2.0
C-000797790,S-0002,-33.914740576170075,0,2,男性,42,9,12,0.5,0,0,15,4455566.655169959,5.663013698630137,2.0
C-001426616,S-0100,-93.79697820970313,1,2,女性,60,6,12,0.4166666666666667,10991,1,17,4535925.154217558,4.720547945205479,2.0
C-000228481,S-0019,-14.122365127107436,0,2,女性,49,11,12,0.4166666666666667,0,0,19,4327199.920883598,4.090410958904109,1.0
C-001347755,S-0048,-17.712795313642488,0,2,男性,47,7,12,0.5833333333333334,2572,1,15,4502249.082895545,3.671232876712329,1.0
C-002550893,S-0019,4.348707815506215,0,2,女性,59,1,12,0.0833333333333333,0,0,19,4327199.920883598,4.090410958904109,1.0
C-000013665,S-0100,-30.983286157164038,0,2,女性,55,12,12,0.25,2556,2,17,4535925.154217558,4.720547945205479,2.0
C-001072684,S-0019,-100.0,1,2,男性,53,8,12,0.25,0,0,19,4327199.920883598,4.090410958904109,1.0
C-001386069,S-0089,-35.596047735146925,0,2,女性,32,6,12,0.25,0,0,19,4721110.949352573,10.142465753424657,7.0
C-000398050,S-0030,-16.043000949958632,0,2,男性,50,11,12,0.25,41612,1,22,4426478.045479023,9.236986301369862,5.5
C-000363667,S-0099,-71.8994312810432,1,2,男性,41,11,12,0.3333333333333333,0,0,13,4464126.154078853,8.147945205479452,5.0
C-000092070,S-0050,-58.98568622413036,1,2,女性,43,12,12,0.6666666666666666,8733,2,20,4615411.181286601,9.2013698630137,6.0
C-001536201,S-0059,-70.6804284449786,1,2,女性,35,6,12,0.5833333333333334,0,0,14,4713188.969095345,6.8123287671232875,3.0
C-001187870,S-0131,-54.31340002691669,1,2,男性,55,7,12,0.0833333333333333,29549,1,17,4569023.5643747775,5.13972602739726,2.0
C-001313700,S-0040,-100.0,1,2,女性,46,7,12,0.25,10272,1,20,4550116.0180538,8.163013698630138,4.0
C-001692265,S-0040,-22.626055156175635,0,2,男性,77,5,12,0.5833333333333334,0,0,20,4550116.0180538,8.163013698630138,4.0
C-000479392,S-0056,-100.0,1,2,男性,49,10,12,0.0833333333333333,0,0,15,4406070.585753419,7.528767123287671,4.0
C-000578881,S-0059,-43.32513844396434,0,2,女性,65,10,12,0.5,26266,1,14,4713188.969095345,6.8123287671232875,3.0
C-002354112,S-0005,-20.351308922737495,0,2,男性,41,2,12,0.9166666666666666,0,0,21,4733942.970761149,4.69041095890411,2.0
C-001931086,S-0020,-47.635714468531646,0,2,男性,43,4,12,0.8333333333333334,0,0,16,4280702.057267675,6.986301369863014,3.5
C-000181210,S-0056,-50.99473423070151,1,2,男性,53,12,12,0.3333333333333333,5429,2,15,4406070.585753419,7.528767123287671,4.0
C-000962264,S-0012,-96.52715544395446,1,2,女性,62,8,12,0.25,0,0,16,4444678.825084195,7.994520547945205,5.0
C-000969423,S-0007,-19.845484015995833,0,2,男性,55,8,12,0.25,25015,1,21,4487075.727367008,3.7260273972602738,1.0
C-002017058,S-0054,-100.0,1,2,女性,49,4,12,1.0,0,0,23,4489160.181517739,6.358904109589041,4.0
C-002632358,S-0131,-100.0,1,2,男性,47,1,12,0.6666666666666666,0,0,17,4569023.5643747775,5.13972602739726,2.0
C-002081670,S-0102,-100.0,1,2,男性,62,3,12,0.25,0,0,16,4383474.364435211,10.484931506849314,7.5
C-000615764,S-0063,-22.133744426671612,0,2,女性,54,10,12,0.9166666666666666,0,0,18,4564012.176421695,5.749315068493151,3.0
C-001863874,S-0111,-47.54627811556326,0,2,女性,46,4,12,0.5833333333333334,0,0,19,4489501.980758176,6.397260273972603,4.0
C-000309547,S-0019,-16.214703999620664,0,2,女性,39,11,12,0.5,0,0,19,4327199.920883598,4.090410958904109,1.0
C-000497763,S-0063,-100.0,1,2,男性,48,10,12,0.0833333333333333,5616,1,18,4564012.176421695,5.749315068493151,3.0
C-001764326,S-0050,-88.79513024046184,1,2,女性,67,5,12,0.0833333333333333,0,0,20,4615411.181286601,9.2013698630137,6.0
C-002625763,S-0063,-58.253917885621284,1,2,男性,50,1,12,0.75,0,0,18,4564012.176421695,5.749315068493151,3.0
C-000332075,S-0017,-100.0,1,2,女性,21,11,12,0.25,3291,2,20,4640207.03550726,5.608219178082192,2.5
C-001800091,S-0063,-52.610851511008626,1,2,女性,61,4,12,0.5,0,0,18,4564012.176421695,5.749315068493151,3.0
C-002477414,S-0082,-28.06935106870045,0,2,男性,48,1,12,0.6666666666666666,6166,2,17,4607261.71451126,4.758904109589041,2.0
C-000066605,S-0062,-52.47742954241187,1,2,女性,57,12,12,0.5,0,0,15,4713869.782113416,4.575342465753424,1.0
C-001115343,S-0018,-1.7619209093690218,0,2,男性,39,8,12,0.4166666666666667,0,0,16,4493108.581950108,7.550684931506849,5.0
C-002175711,S-0096,-100.0,1,2,女性,44,3,12,0.3333333333333333,0,0,16,4644856.458098179,8.302739726027397,5.0
C-002260569,S-0036,-61.58536184318704,1,2,男性,42,2,12,0.3333333333333333,6530,1,19,4397834.424680548,11.123287671232877,9.0
C-001648778,S-0131,-46.65122141866246,0,2,女性,42,5,12,0.1666666666666666,0,0,17,4569023.5643747775,5.13972602739726,2.0
C-001324438,S-0012,-38.70078063482039,0,2,男性,43,7,12,0.6666666666666666,11619,2,16,4444678.825084195,7.994520547945205,5.0
C-000404048,S-0007,-100.0,1,2,男性,46,11,12,0.75,0,0,21,4487075.727367008,3.7260273972602738,1.0
C-001476498,S-0005,-4.881176161056466,0,2,女性,47,6,12,0.5,5735,2,21,4733942.970761149,4.69041095890411,2.0
C-000148574,S-0017,-19.749674570125876,0,2,女性,72,12,12,0.8333333333333334,0,0,20,4640207.03550726,5.608219178082192,2.5
C-001221114,S-0007,-56.550615961435454,1,2,女性,43,7,12,0.1666666666666666,0,0,21,4487075.727367008,3.7260273972602738,1.0
C-001923201,S-0017,-42.743657941929115,0,2,男性,50,4,12,0.5833333333333334,78724,1,20,4640207.03550726,5.608219178082192,2.5
C-001802056,S-0050,-38.81819948155836,0,2,女性,52,4,12,0.0833333333333333,0,0,20,4615411.181286601,9.2013698630137,6.0
C-002189775,S-0048,-65.55201892706009,1,2,男性,47,3,12,0.0833333333333333,0,0,15,4502249.082895545,3.671232876712329,1.0
C-002645805,S-0096,-34.945738244502664,0,2,男性,78,1,12,0.25,10871,1,16,4644856.458098179,8.302739726027397,5.0
C-000230711,S-0019,-5.12652885989862,0,2,女性,45,11,12,0.5,0,0,19,4327199.920883598,4.090410958904109,1.0
C-000062403,S-0017,-61.03874415497662,1,2,女性,75,12,12,0.0,0,0,20,4640207.03550726,5.608219178082192,2.5
C-001003667,S-0121,-80.0153187232313,1,2,女性,60,8,12,0.25,0,0,14,4716268.25678644,9.856164383561644,7.0
C-002659684,S-0050,-49.02358549667966,1,2,女性,63,1,12,0.6666666666666666,0,0,20,4615411.181286601,9.2013698630137,6.0
C-001924406,S-0041,-100.0,1,2,女性,44,4,12,0.0,0,0,17,4828489.286769263,10.389041095890411,7.0
C-002470463,S-0036,-82.79490878081086,1,2,男性,41,2,12,0.25,791,1,19,4397834.424680548,11.123287671232877,9.0
C-001896448,S-0005,-21.012685542133678,0,2,女性,36,4,12,0.3333333333333333,0,0,21,4733942.970761149,4.69041095890411,2.0
C-001669429,S-0121,-70.854593947095,1,2,女性,68,5,12,0.1666666666666666,0,0,14,4716268.25678644,9.856164383561644,7.0
C-000091638,S-0075,-68.71127891695696,1,2,女性,45,12,12,0.4166666666666667,0,0,19,4506647.2743158825,4.526027397260274,1.0
C-000158032,S-0096,-33.2505289486984,0,2,女性,46,12,12,0.5,0,0,16,4644856.458098179,8.302739726027397,5.0
C-001447375,S-0100,-60.1017680589997,1,2,女性,57,6,12,0.25,20378,1,17,4535925.154217558,4.720547945205479,2.0
C-001088496,S-0111,-3.0530419486220506,0,2,女性,38,8,12,0.4166666666666667,1028,2,19,4489501.980758176,6.397260273972603,4.0
C-002163432,S-0030,-97.0785819126115,1,2,女性,33,3,12,0.5,7358,1,22,4426478.045479023,9.236986301369862,5.5
C-000561562,S-0012,-66.82566470950856,1,2,男性,52,10,12,0.0,2096,1,16,4444678.825084195,7.994520547945205,5.0
C-001374311,S-0005,-37.12989405234334,0,2,女性,48,6,12,0.25,0,0,21,4733942.970761149,4.69041095890411,2.0
C-001184039,S-0059,-25.513911140194505,0,2,女性,25,7,12,0.8333333333333334,0,0,14,4713188.969095345,6.8123287671232875,3.0
C-002048992,S-0126,-72.71152180190586,1,2,男性,34,3,12,0.5833333333333334,21970,1,17,4493168.352495564,5.53972602739726,3.0
C-000126010,S-0017,-65.13039665001419,1,2,女性,61,12,12,0.3333333333333333,7744,1,20,4640207.03550726,5.608219178082192,2.5
C-000977488,S-0111,-54.6353194712308,1,2,男性,62,8,12,0.9166666666666666,39366,1,19,4489501.980758176,6.397260273972603,4.0
C-000281571,S-0005,-38.166922985922156,0,2,女性,53,11,12,0.6666666666666666,0,0,21,4733942.970761149,4.69041095890411,2.0
C-001450076,S-0062,-15.25396793865835,0,2,女性,38,6,12,0.6666666666666666,9020,2,15,4713869.782113416,4.575342465753424,1.0
C-001179039,S-0012,-19.38436783356773,0,2,女性,62,7,12,0.1666666666666666,17253,1,16,4444678.825084195,7.994520547945205,5.0
C-000761711,S-0050,-33.27210378647994,0,2,女性,76,9,12,0.5833333333333334,57510,2,20,4615411.181286601,9.2013698630137,6.0
C-001708503,S-0089,-9.12210025457536,0,2,男性,55,5,12,1.0,64040,1,19,4721110.949352573,10.142465753424657,7.0
C-000561373,S-0059,-42.61513137122,0,2,男性,88,10,12,0.1666666666666666,30519,1,14,4713188.969095345,6.8123287671232875,3.0
C-001475869,S-0117,-85.64106844741235,1,2,男性,50,6,12,0.5833333333333334,0,0,20,4500859.737076383,9.593150684931507,7.0
C-001556832,S-0017,-41.20706226218846,0,2,女性,79,6,12,0.4166666666666667,26852,1,20,4640207.03550726,5.608219178082192,2.5
C-002065834,S-0039,-68.55085906099553,1,2,女性,56,3,12,0.75,12073,1,16,4591288.568998441,8.193150684931506,5.0
C-002062446,S-0017,-100.0,1,2,女性,57,3,12,0.25,9212,1,20,4640207.03550726,5.608219178082192,2.5
C-001028373,S-0019,-10.64114175929738,0,2,男性,57,8,12,0.5,0,0,19,4327199.920883598,4.090410958904109,1.0
C-000698636,S-0079,-69.19079224084463,1,2,男性,47,9,12,0.25,10597,2,13,4256656.371085242,8.479452054794521,6.0
C-001140595,S-0085,-14.726695415620652,0,2,女性,65,7,12,0.6666666666666666,0,0,15,4606655.398026554,4.928767123287671,2.0
C-001098856,S-0111,-43.83603252840713,0,2,男性,39,8,12,0.25,16677,1,19,4489501.980758176,6.397260273972603,4.0
C-001551214,S-0039,-8.095256633427693,0,2,男性,22,6,12,0.9166666666666666,0,0,16,4591288.568998441,8.193150684931506,5.0
C-000190722,S-0085,-44.03938183924163,0,2,男性,23,12,12,0.3333333333333333,0,0,15,4606655.398026554,4.928767123287671,2.0
C-002251822,S-0126,-67.40549774158728,1,2,男性,50,2,12,0.6666666666666666,0,0,17,4493168.352495564,5.53972602739726,3.0
C-000632417,S-0039,-32.42130038246543,0,2,男性,57,10,12,0.4166666666666667,0,0,16,4591288.568998441,8.193150684931506,5.0
C-002370405,S-0131,-31.364517073596204,0,2,女性,36,2,12,0.3333333333333333,0,0,17,4569023.5643747775,5.13972602739726,2.0
C-000696211,S-0062,-40.03183852900154,0,2,女性,57,9,12,0.5,0,0,15,4713869.782113416,4.575342465753424,1.0
C-001039536,S-0054,-33.69923425893013,0,2,女性,69,8,12,0.9166666666666666,0,0,23,4489160.181517739,6.358904109589041,4.0
C-000813606,S-0111,0.7294455563931274,0,2,女性,43,9,12,1.0,54294,1,19,4489501.980758176,6.397260273972603,4.0
C-001661159,S-0019,2.770267907342098,0,2,女性,37,5,12,0.5833333333333334,3106,1,19,4327199.920883598,4.090410958904109,1.0
C-002495456,S-0082,-99.1912545385432,1,2,女性,79,1,12,0.5833333333333334,30462,1,17,4607261.71451126,4.758904109589041,2.0
C-002507501,S-0005,-9.825540506817305,0,2,男性,71,1,12,0.5833333333333334,0,0,21,4733942.970761149,4.69041095890411,2.0
C-000771909,S-0017,-22.245108470002076,0,2,女性,77,9,12,0.5833333333333334,10737,2,20,4640207.03550726,5.608219178082192,2.5
C-001342936,S-0007,-55.17503919913159,1,2,女性,69,7,12,0.3333333333333333,0,0,21,4487075.727367008,3.7260273972602738,1.0
C-001730162,S-0005,-7.994498355211034,0,2,男性,77,5,12,0.6666666666666666,0,0,21,4733942.970761149,4.69041095890411,2.0
C-000477893,S-0039,-21.275228866641683,0,2,女性,41,10,12,0.1666666666666666,0,0,16,4591288.568998441,8.193150684931506,5.0
C-002634899,S-0050,-100.0,1,2,女性,48,1,12,0.5,16722,1,20,4615411.181286601,9.2013698630137,6.0
C-001242213,S-0100,-89.92535726437563,1,2,女性,56,7,12,0.25,18577,1,17,4535925.154217558,4.720547945205479,2.0
C-001123650,S-0059,-21.631142508470464,0,2,女性,40,8,12,0.5,5770,1,14,4713188.969095345,6.8123287671232875,3.0
C-002027485,S-0059,-50.90943747571535,1,2,女性,57,3,12,0.5,0,0,14,4713188.969095345,6.8123287671232875,3.0
C-002546899,S-0040,-64.54653863051529,1,2,男性,37,1,12,0.3333333333333333,0,0,20,4550116.0180538,8.163013698630138,4.0
C-000520035,S-0007,-70.06251429442707,1,2,男性,42,10,12,0.4166666666666667,6682,1,21,4487075.727367008,3.7260273972602738,1.0
C-002525936,S-0126,-88.654800641785,1,2,男性,65,1,12,0.1666666666666666,0,0,17,4493168.352495564,5.53972602739726,3.0
C-000101245,S-0106,-99.01915043671676,1,2,男性,43,12,12,0.0833333333333333,0,0,20,4462729.145118021,6.171232876712329,3.5
C-001242987,S-0019,-10.89425970193491,0,2,男性,59,7,12,0.3333333333333333,0,0,19,4327199.920883598,4.090410958904109,1.0
C-001381054,S-0039,-23.210173294753915,0,2,男性,55,6,12,0.5833333333333334,21753,1,16,4591288.568998441,8.193150684931506,5.0
C-002574982,S-0019,-0.08492960307240933,0,2,男性,16,1,12,0.5833333333333334,0,0,19,4327199.920883598,4.090410958904109,1.0
C-000172138,S-0014,-36.489305312451144,0,2,男性,56,12,12,0.8333333333333334,65014,1,21,4730192.353344672,7.336986301369863,4.0
C-000175894,S-0096,-67.91421816953732,1,2,女性,46,12,12,0.1666666666666666,0,0,16,4644856.458098179,8.302739726027397,5.0
C-001914961,S-0126,-24.22201481009324,0,2,男性,48,4,12,0.4166666666666667,0,0,17,4493168.352495564,5.53972602739726,3.0
C-002658124,S-0008,-35.36107648434965,0,2,女性,52,1,12,0.4166666666666667,5039,1,22,4498453.308937302,10.772602739726027,7.0
C-000672418,S-0121,-100.0,1,2,男性,51,10,12,0.3333333333333333,9054,1,14,4716268.25678644,9.856164383561644,7.0
C-001524162,S-0075,-11.049141495101116,0,2,男性,32,6,12,0.9166666666666666,0,0,19,4506647.2743158825,4.526027397260274,1.0
C-001301934,S-0080,-96.71706441133333,1,2,女性,48,7,12,0.25,14364,1,17,4457429.264950683,11.673972602739726,9.0
C-000552818,S-0019,-18.613233560174912,0,2,女性,59,10,12,0.4166666666666667,0,0,19,4327199.920883598,4.090410958904109,1.0
C-000978046,S-0030,-80.7516871366347,1,2,女性,51,8,12,0.4166666666666667,0,0,22,4426478.045479023,9.236986301369862,5.5
C-000581204,S-0017,-100.0,1,2,女性,31,10,12,0.4166666666666667,0,0,20,4640207.03550726,5.608219178082192,2.5
C-001633363,S-0089,-100.0,1,2,女性,64,5,12,0.3333333333333333,0,0,19,4721110.949352573,10.142465753424657,7.0
C-001877337,S-0050,-58.48342815026372,1,2,女性,49,4,12,0.25,13798,1,20,4615411.181286601,9.2013698630137,6.0
C-000484827,S-0126,-84.2954906860518,1,2,男性,38,10,12,0.9166666666666666,0,0,17,4493168.352495564,5.53972602739726,3.0
C-000236803,S-0079,-35.01439774665834,0,2,女性,54,11,12,0.3333333333333333,0,0,13,4256656.371085242,8.479452054794521,6.0
C-001405064,S-0002,-41.36567939259365,0,2,女性,46,6,12,0.1666666666666666,0,0,15,4455566.655169959,5.663013698630137,2.0
C-002150571,S-0054,-9.825045670938783,0,2,男性,57,3,12,0.3333333333333333,19597,1,23,4489160.181517739,6.358904109589041,4.0
C-001677929,S-0041,-48.48820405022428,0,2,女性,23,5,12,0.0833333333333333,25047,2,17,4828489.286769263,10.389041095890411,7.0
C-000513336,S-0054,-100.0,1,2,男性,36,10,12,0.6666666666666666,0,0,23,4489160.181517739,6.358904109589041,4.0
C-001379684,S-0063,-22.02178677961074,0,2,女性,46,6,12,0.5,0,0,18,4564012.176421695,5.749315068493151,3.0
C-001189516,S-0002,-17.75461598048397,0,2,女性,37,7,12,0.6666666666666666,0,0,15,4455566.655169959,5.663013698630137,2.0
C-001904091,S-0099,-60.79584686596936,1,2,女性,49,4,12,0.3333333333333333,0,0,13,4464126.154078853,8.147945205479452,5.0
C-000200893,S-0131,-48.874825259831034,1,2,男性,48,12,12,0.0,115042,1,17,4569023.5643747775,5.13972602739726,2.0
C-001900346,S-0085,-49.61565252002587,1,2,男性,54,4,12,0.5833333333333334,0,0,15,4606655.398026554,4.928767123287671,2.0
C-002007721,S-0020,-55.301673017234855,1,2,女性,33,4,12,0.4166666666666667,1023,1,16,4280702.057267675,6.986301369863014,3.5
C-000874048,S-0050,-45.059124254452506,0,2,女性,54,9,12,0.25,161344,2,20,4615411.181286601,9.2013698630137,6.0
C-002002294,S-0054,-5.4172097722647585,0,2,女性,46,4,12,0.5833333333333334,0,0,23,4489160.181517739,6.358904109589041,4.0
C-000282912,S-0099,-9.780345179864446,0,2,女性,19,11,12,0.75,0,0,13,4464126.154078853,8.147945205479452,5.0
C-000947682,S-0050,-37.43957674351823,0,2,女性,46,8,12,0.25,0,0,20,4615411.181286601,9.2013698630137,6.0
C-002251689,S-0039,-45.73087962181327,0,2,女性,46,2,12,1.0,15546,1,16,4591288.568998441,8.193150684931506,5.0
C-001037268,S-0126,-31.109533591106814,0,2,女性,37,8,12,0.0833333333333333,9114,1,17,4493168.352495564,5.53972602739726,3.0
C-001317404,S-0004,-100.0,1,2,女性,51,7,12,0.0,12860,1,22,4423576.351309,11.806849315068494,9.0
C-002232440,S-0014,-28.94153677605697,0,2,男性,58,3,12,0.4166666666666667,0,0,21,4730192.353344672,7.336986301369863,4.0
C-001727159,S-0059,-100.0,1,2,男性,36,5,12,0.1666666666666666,15114,1,14,4713188.969095345,6.8123287671232875,3.0
C-001854085,S-0002,-26.009063588989417,0,2,女性,34,4,12,0.1666666666666666,38397,1,15,4455566.655169959,5.663013698630137,2.0
C-000835680,S-0007,-10.154391284164104,0,2,女性,42,9,12,0.5833333333333334,0,0,21,4487075.727367008,3.7260273972602738,1.0
C-001397182,S-0041,-8.606451197507944,0,2,男性,52,6,12,0.5,0,0,17,4828489.286769263,10.389041095890411,7.0
C-001984165,S-0020,-31.97495212867106,0,2,男性,33,4,12,0.25,4712,1,16,4280702.057267675,6.986301369863014,3.5
C-000651993,S-0007,-19.60563430784309,0,2,女性,55,10,12,0.5,86770,1,21,4487075.727367008,3.7260273972602738,1.0
C-002498328,S-0017,-96.92800488102502,1,2,男性,68,1,12,0.75,0,0,20,4640207.03550726,5.608219178082192,2.5
C-002190900,S-0017,-31.91325580955145,0,2,男性,62,3,12,0.4166666666666667,0,0,20,4640207.03550726,5.608219178082192,2.5
C-002210992,S-0063,-48.043185922311444,0,2,男性,64,3,12,0.0833333333333333,18425,1,18,4564012.176421695,5.749315068493151,3.0
C-000197460,S-0020,-46.798736892278356,0,2,男性,31,12,12,0.4166666666666667,10010,2,16,4280702.057267675,6.986301369863014,3.5
C-001973719,S-0004,-37.469116273464095,0,2,男性,43,4,12,0.25,0,0,22,4423576.351309,11.806849315068494,9.0
C-001689182,S-0039,-30.28438075858585,0,2,女性,41,5,12,0.3333333333333333,0,0,16,4591288.568998441,8.193150684931506,5.0
C-000226007,S-0063,-59.97647892526782,1,2,男性,50,11,12,0.6666666666666666,0,0,18,4564012.176421695,5.749315068493151,3.0
C-002369861,S-0019,-27.618475847413208,0,2,女性,45,2,12,0.4166666666666667,0,0,19,4327199.920883598,4.090410958904109,1.0
C-001411546,S-0020,-99.61210938001722,1,2,女性,71,6,12,0.5833333333333334,0,0,16,4280702.057267675,6.986301369863014,3.5
C-001589619,S-0075,-56.27856456035802,1,2,男性,51,5,12,0.0833333333333333,1617,2,19,4506647.2743158825,4.526027397260274,1.0
C-000461795,S-0126,-19.715032643955052,0,2,女性,39,10,12,0.5,0,0,17,4493168.352495564,5.53972602739726,3.0
C-000277135,S-0020,-100.0,1,2,男性,62,11,12,0.25,0,0,16,4280702.057267675,6.986301369863014,3.5
C-001267393,S-0075,-100.0,1,2,女性,34,7,12,0.3333333333333333,0,0,19,4506647.2743158825,4.526027397260274,1.0
C-000970085,S-0099,-72.93003942782043,1,2,女性,76,8,12,0.1666666666666666,0,0,13,4464126.154078853,8.147945205479452,5.0
C-002422408,S-0008,-100.0,1,2,男性,53,2,12,0.0833333333333333,16006,1,22,4498453.308937302,10.772602739726027,7.0
C-000592469,S-0085,-44.23766973897136,0,2,女性,42,10,12,0.5,0,0,15,4606655.398026554,4.928767123287671,2.0
C-002221212,S-0126,-14.84869927623038,0,2,女性,25,3,12,0.3333333333333333,0,0,17,4493168.352495564,5.53972602739726,3.0
C-002341891,S-0004,-51.89309917545014,1,2,女性,19,2,12,0.0833333333333333,3575,2,22,4423576.351309,11.806849315068494,9.0
C-001962665,S-0048,-17.809348895076724,0,2,女性,35,4,12,0.5,2377,1,15,4502249.082895545,3.671232876712329,1.0
C-001490012,S-0019,-15.274358924660323,0,2,女性,44,6,12,0.4166666666666667,0,0,19,4327199.920883598,4.090410958904109,1.0
C-001301034,S-0007,-56.247228051129625,1,2,男性,44,7,12,0.1666666666666666,14591,1,21,4487075.727367008,3.7260273972602738,1.0
C-002515016,S-0002,-100.0,1,2,女性,75,1,12,0.75,6013,1,15,4455566.655169959,5.663013698630137,2.0
C-002567237,S-0005,5.974885902656603,0,2,女性,46,1,12,0.75,13692,1,21,4733942.970761149,4.69041095890411,2.0
C-001192184,S-0100,-30.193635256895483,0,2,女性,64,7,12,0.1666666666666666,5378,1,17,4535925.154217558,4.720547945205479,2.0
C-001584404,S-0014,-7.000597785235296,0,2,女性,60,5,12,0.6666666666666666,0,0,21,4730192.353344672,7.336986301369863,4.0
C-001755623,S-0039,-24.53145029041611,0,2,女性,45,5,12,0.3333333333333333,0,0,16,4591288.568998441,8.193150684931506,5.0
C-001854504,S-0131,-61.38016426596228,1,2,女性,57,4,12,0.4166666666666667,0,0,17,4569023.5643747775,5.13972602739726,2.0
C-002076092,S-0131,-56.904509650375424,1,2,女性,64,3,12,0.0833333333333333,18589,1,17,4569023.5643747775,5.13972602739726,2.0
C-002279412,S-0059,-18.562778926010072,0,2,男性,41,2,12,0.5,17767,1,14,4713188.969095345,6.8123287671232875,3.0
C-000648241,S-0018,-63.14285552939051,1,2,女性,65,10,12,0.3333333333333333,10720,2,16,4493108.581950108,7.550684931506849,5.0
C-000291362,S-0017,-100.0,1,2,女性,51,11,12,0.1666666666666666,70348,1,20,4640207.03550726,5.608219178082192,2.5
C-002180574,S-0007,-19.72851462628848,0,2,女性,28,3,12,0.75,0,0,21,4487075.727367008,3.7260273972602738,1.0
C-000374601,S-0036,-100.0,1,2,女性,57,11,12,0.25,5756,2,19,4397834.424680548,11.123287671232877,9.0
C-000290494,S-0054,-61.17240028722502,1,2,女性,47,11,12,0.1666666666666666,1027,1,23,4489160.181517739,6.358904109589041,4.0
C-002020099,S-0075,-21.435848136137974,0,2,男性,53,4,12,0.0833333333333333,2519,1,19,4506647.2743158825,4.526027397260274,1.0
C-002679809,S-0050,-20.217636305790872,0,2,男性,50,1,12,0.4166666666666667,1316,1,20,4615411.181286601,9.2013698630137,6.0
C-002187706,S-0017,-100.0,1,2,女性,54,3,12,0.5833333333333334,0,0,20,4640207.03550726,5.608219178082192,2.5
C-002610981,S-0085,-38.2469780814295,0,2,女性,47,1,12,0.4166666666666667,0,0,15,4606655.398026554,4.928767123287671,2.0
C-002290590,S-0017,-69.40791543446801,1,2,女性,44,2,12,0.5833333333333334,79,1,20,4640207.03550726,5.608219178082192,2.5
C-001512237,S-0005,-25.15489699291431,0,2,女性,37,6,12,0.6666666666666666,1460,1,21,4733942.970761149,4.69041095890411,2.0
C-002389185,S-0039,-24.603540708064084,0,2,女性,38,2,12,0.1666666666666666,0,0,16,4591288.568998441,8.193150684931506,5.0
C-001107884,S-0106,-26.31028406431664,0,2,女性,33,8,12,0.1666666666666666,8833,1,20,4462729.145118021,6.171232876712329,3.5
C-000873775,S-0121,-0.9434668907278405,0,2,男性,47,9,12,0.25,3258,1,14,4716268.25678644,9.856164383561644,7.0
C-001840869,S-0099,-66.90511194493816,1,2,男性,46,4,12,0.25,0,0,13,4464126.154078853,8.147945205479452,5.0
C-000607396,S-0062,-37.68184794007057,0,2,男性,77,10,12,0.3333333333333333,0,0,15,4713869.782113416,4.575342465753424,1.0
C-001189510,S-0004,-100.0,1,2,女性,47,7,12,0.3333333333333333,0,0,22,4423576.351309,11.806849315068494,9.0
C-001944008,S-0113,9.15999746009647,0,2,女性,28,4,12,0.0833333333333333,0,0,16,4336633.961311346,5.77945205479452,2.5
C-001625478,S-0126,5.462600008063614,0,2,女性,35,5,12,0.75,0,0,17,4493168.352495564,5.53972602739726,3.0
C-002421330,S-0085,-81.21705698753591,1,2,女性,54,2,12,0.6666666666666666,0,0,15,4606655.398026554,4.928767123287671,2.0
C-001295072,S-0040,-27.64386098271831,0,2,男性,38,7,12,0.1666666666666666,0,0,20,4550116.0180538,8.163013698630138,4.0
C-001866605,S-0113,-4.811899980795657,0,2,男性,44,4,12,0.5833333333333334,17546,2,16,4336633.961311346,5.77945205479452,2.5
C-002024738,S-0059,-8.272293136568463,0,2,男性,43,3,12,0.25,0,0,14,4713188.969095345,6.8123287671232875,3.0
C-001647156,S-0117,-82.80047111312174,1,2,女性,45,5,12,0.1666666666666666,0,0,20,4500859.737076383,9.593150684931507,7.0
C-000633951,S-0020,-100.0,1,2,男性,57,10,12,0.8333333333333334,0,0,16,4280702.057267675,6.986301369863014,3.5
C-001227247,S-0005,-12.633959244273743,0,2,男性,38,7,12,0.5833333333333334,27144,1,21,4733942.970761149,4.69041095890411,2.0
C-001519253,S-0121,-7.211276495548427,0,2,女性,43,6,12,0.5,0,0,14,4716268.25678644,9.856164383561644,7.0
C-000872280,S-0075,-87.64237728826534,1,2,男性,63,9,12,0.5833333333333334,0,0,19,4506647.2743158825,4.526027397260274,1.0
C-002409271,S-0007,-100.0,1,2,女性,30,2,12,0.1666666666666666,0,0,21,4487075.727367008,3.7260273972602738,1.0
C-000466977,S-0054,-41.43955865258948,0,2,男性,65,10,12,0.5,0,0,23,4489160.181517739,6.358904109589041,4.0
C-000207117,S-0059,-24.24373605733816,0,2,男性,26,12,12,0.5,0,0,14,4713188.969095345,6.8123287671232875,3.0
C-000814020,S-0019,0.5800690868800105,0,2,女性,42,9,12,0.75,0,0,19,4327199.920883598,4.090410958904109,1.0
C-000373757,S-0063,-49.754705254074665,1,2,女性,41,11,12,0.1666666666666666,0,0,18,4564012.176421695,5.749315068493151,3.0
C-001745920,S-0054,-46.01431489974427,0,2,男性,50,5,12,0.0,13424,2,23,4489160.181517739,6.358904109589041,4.0
C-000397693,S-0030,-100.0,1,2,女性,50,11,12,0.8333333333333334,0,0,22,4426478.045479023,9.236986301369862,5.5
C-000269532,S-0002,-25.88414237034609,0,2,女性,68,11,12,0.1666666666666666,34853,1,15,4455566.655169959,5.663013698630137,2.0
C-001283341,S-0017,-96.97974536321006,1,2,女性,74,7,12,0.6666666666666666,53310,1,20,4640207.03550726,5.608219178082192,2.5
C-000463960,S-0100,-28.68479639958825,0,2,女性,56,10,12,0.5,0,0,17,4535925.154217558,4.720547945205479,2.0
C-002303047,S-0030,-23.624565992778994,0,2,女性,46,2,12,0.0833333333333333,0,0,22,4426478.045479023,9.236986301369862,5.5
C-001995266,S-0030,-97.59995116889458,1,2,男性,44,4,12,0.6666666666666666,0,0,22,4426478.045479023,9.236986301369862,5.5
C-000159577,S-0059,-78.51719967750604,1,2,女性,31,12,12,0.1666666666666666,27814,1,14,4713188.969095345,6.8123287671232875,3.0
C-002405437,S-0002,-100.0,1,2,男性,27,2,12,0.3333333333333333,0,0,15,4455566.655169959,5.663013698630137,2.0
C-002071127,S-0002,-84.3693807984644,1,2,男性,57,3,12,0.3333333333333333,0,0,15,4455566.655169959,5.663013698630137,2.0
C-002008740,S-0019,-24.333503796833238,0,2,女性,57,4,12,0.4166666666666667,0,0,19,4327199.920883598,4.090410958904109,1.0
C-001789184,S-0121,-100.0,1,2,男性,36,5,12,0.6666666666666666,32475,1,14,4716268.25678644,9.856164383561644,7.0
C-001886171,S-0102,-38.26645097322966,0,2,女性,57,4,12,0.1666666666666666,11943,2,16,4383474.364435211,10.484931506849314,7.5
C-002163809,S-0089,-100.0,1,2,女性,49,3,12,0.0,0,0,19,4721110.949352573,10.142465753424657,7.0
C-002161068,S-0075,-100.0,1,2,男性,39,3,12,0.4166666666666667,0,0,19,4506647.2743158825,4.526027397260274,1.0
C-002517978,S-0036,-16.466116262741203,0,2,男性,43,1,12,0.75,1496,1,19,4397834.424680548,11.123287671232877,9.0
C-001742163,S-0018,-10.888376803909972,0,2,女性,43,5,12,0.25,0,0,16,4493108.581950108,7.550684931506849,5.0
C-000133035,S-0017,-61.20007908264136,1,2,男性,26,12,12,0.4166666666666667,25343,2,20,4640207.03550726,5.608219178082192,2.5
C-000576653,S-0059,-11.279022620907288,0,2,女性,50,10,12,0.5833333333333334,3842,2,14,4713188.969095345,6.8123287671232875,3.0
C-000510131,S-0131,-30.761051330522033,0,2,男性,70,10,12,1.0,4693,2,17,4569023.5643747775,5.13972602739726,2.0
C-000985616,S-0002,-100.0,1,2,女性,67,8,12,0.75,0,0,15,4455566.655169959,5.663013698630137,2.0
C-002693439,S-0085,-37.18128753026,0,2,女性,43,1,12,0.5833333333333334,4274,1,15,4606655.398026554,4.928767123287671,2.0
C-001009100,S-0111,-71.53574008557617,1,2,女性,57,8,12,0.5833333333333334,0,0,19,4489501.980758176,6.397260273972603,4.0
C-002674561,S-0100,-53.03369804702373,1,2,女性,44,1,12,0.75,22824,2,17,4535925.154217558,4.720547945205479,2.0
C-001095724,S-0085,-15.139682700251209,0,2,男性,53,8,12,0.6666666666666666,0,0,15,4606655.398026554,4.928767123287671,2.0
C-001672761,S-0020,-24.388738694994313,0,2,女性,33,5,12,0.5833333333333334,0,0,16,4280702.057267675,6.986301369863014,3.5
C-002119435,S-0017,2.7868385527002313,0,2,女性,31,3,12,0.3333333333333333,7044,1,20,4640207.03550726,5.608219178082192,2.5
C-002041838,S-0041,-19.273312377024265,0,2,女性,60,3,12,0.1666666666666666,0,0,17,4828489.286769263,10.389041095890411,7.0
C-001964667,S-0075,-14.253802892075948,0,2,男性,40,4,12,0.75,0,0,19,4506647.2743158825,4.526027397260274,1.0
C-000661339,S-0005,-10.711230600024441,0,2,女性,58,10,12,0.6666666666666666,0,0,21,4733942.970761149,4.69041095890411,2.0
C-001401925,S-0005,-14.448569692291995,0,2,女性,68,6,12,0.5833333333333334,9790,1,21,4733942.970761149,4.69041095890411,2.0
C-001754610,S-0059,-49.64976259074943,1,2,女性,66,5,12,0.0,0,0,14,4713188.969095345,6.8123287671232875,3.0
C-000212085,S-0063,-22.65243427350237,0,2,女性,67,12,12,0.1666666666666666,0,0,18,4564012.176421695,5.749315068493151,3.0
C-001063594,S-0020,-96.81533068905082,1,2,男性,70,8,12,0.3333333333333333,5443,1,16,4280702.057267675,6.986301369863014,3.5
C-002222078,S-0054,-100.0,1,2,男性,73,3,12,0.4166666666666667,9446,1,23,4489160.181517739,6.358904109589041,4.0
C-000010538,S-0019,-14.53863363017156,0,2,女性,69,12,12,0.5833333333333334,13879,1,19,4327199.920883598,4.090410958904109,1.0
C-000827363,S-0131,-29.687092854967677,0,2,女性,21,9,12,0.6666666666666666,16198,1,17,4569023.5643747775,5.13972602739726,2.0
C-000084112,S-0079,-100.0,1,2,男性,36,12,12,0.5,0,0,13,4256656.371085242,8.479452054794521,6.0
C-000319521,S-0089,-100.0,1,2,女性,46,11,12,0.4166666666666667,0,0,19,4721110.949352573,10.142465753424657,7.0
C-000615011,S-0126,-90.61892442171975,1,2,女性,67,10,12,0.5833333333333334,0,0,17,4493168.352495564,5.53972602739726,3.0
C-002405647,S-0063,-100.0,1,2,男性,73,2,12,0.5833333333333334,7334,1,18,4564012.176421695,5.749315068493151,3.0
C-002513108,S-0059,-51.905238345571405,1,2,女性,20,1,12,0.3333333333333333,15010,2,14,4713188.969095345,6.8123287671232875,3.0
C-000497604,S-0017,-52.280728699021786,1,2,女性,20,10,12,0.1666666666666666,0,0,20,4640207.03550726,5.608219178082192,2.5
C-001761252,S-0121,1.024498090394788,0,2,男性,39,5,12,0.9166666666666666,0,0,14,4716268.25678644,9.856164383561644,7.0
C-002548998,S-0075,-34.25131640750538,0,2,女性,62,1,12,0.4166666666666667,9541,2,19,4506647.2743158825,4.526027397260274,1.0
C-000218343,S-0072,-100.0,1,2,女性,47,12,12,0.5,0,0,12,4406797.312641796,9.01917808219178,6.0
C-002272653,S-0004,-35.37341434448098,0,2,男性,52,2,12,0.25,49425,1,22,4423576.351309,11.806849315068494,9.0
C-002431616,S-0131,-39.402137492491974,0,2,男性,72,2,12,0.6666666666666666,0,0,17,4569023.5643747775,5.13972602739726,2.0
C-000091534,S-0111,-23.342100451483144,0,2,女性,48,12,12,0.5833333333333334,15552,1,19,4489501.980758176,6.397260273972603,4.0
C-000077851,S-0019,-7.599380095001701,0,2,女性,24,12,12,0.5833333333333334,0,0,19,4327199.920883598,4.090410958904109,1.0
C-002444852,S-0054,-59.68483472739684,1,2,男性,38,2,12,0.8333333333333334,0,0,23,4489160.181517739,6.358904109589041,4.0
C-002469691,S-0075,-9.162527194291611,0,2,女性,41,2,12,0.5833333333333334,5228,1,19,4506647.2743158825,4.526027397260274,1.0
C-001038983,S-0002,-91.06780546477299,1,2,女性,48,8,12,0.9166666666666666,55060,2,15,4455566.655169959,5.663013698630137,2.0
C-000569663,S-0002,-100.0,1,2,男性,65,10,12,0.5833333333333334,0,0,15,4455566.655169959,5.663013698630137,2.0
C-000186968,S-0079,-34.58470764617691,0,2,女性,45,12,12,0.1666666666666666,41571,2,13,4256656.371085242,8.479452054794521,6.0
C-001792441,S-0063,-18.215273323730113,0,2,男性,58,5,12,0.6666666666666666,0,0,18,4564012.176421695,5.749315068493151,3.0
C-001215481,S-0059,-52.78320546836971,1,2,女性,46,7,12,0.6666666666666666,0,0,14,4713188.969095345,6.8123287671232875,3.0
C-001309819,S-0007,-2.9003941694255584,0,2,男性,49,7,12,0.0833333333333333,14240,1,21,4487075.727367008,3.7260273972602738,1.0
C-001259875,S-0017,-100.0,1,2,女性,31,7,12,0.5,1448,1,20,4640207.03550726,5.608219178082192,2.5
C-002099960,S-0050,-30.462870639617538,0,2,男性,19,3,12,0.1666666666666666,0,0,20,4615411.181286601,9.2013698630137,6.0
C-001444498,S-0115,-7.8667768430843985,0,2,女性,47,6,12,0.1666666666666666,9588,1,14,4553643.099564746,10.51095890410959,7.0
C-000018372,S-0075,-27.002635116583406,0,2,女性,35,12,12,1.0,131910,1,19,4506647.2743158825,4.526027397260274,1.0
C-002173530,S-0054,-58.833770899544014,1,2,女性,72,3,12,0.8333333333333334,3814,2,23,4489160.181517739,6.358904109589041,4.0
C-000188585,S-0056,-19.791759858120944,0,2,女性,32,12,12,0.5,54224,2,15,4406070.585753419,7.528767123287671,4.0
C-001532509,S-0089,-31.250104300519,0,2,女性,49,6,12,0.0833333333333333,0,0,19,4721110.949352573,10.142465753424657,7.0
C-000451246,S-0054,-48.65152919369787,0,2,男性,38,11,12,0.1666666666666666,4502,2,23,4489160.181517739,6.358904109589041,4.0
C-000808850,S-0079,-20.639477134570306,0,2,女性,57,9,12,0.0833333333333333,1168,1,13,4256656.371085242,8.479452054794521,6.0
C-001666016,S-0030,-6.14781392823776,0,2,女性,31,5,12,0.0833333333333333,0,0,22,4426478.045479023,9.236986301369862,5.5
C-000471471,S-0099,-0.18143369647500246,0,2,男性,54,10,12,0.9166666666666666,31955,1,13,4464126.154078853,8.147945205479452,5.0
C-002050835,S-0062,-28.749510745396456,0,2,女性,39,3,12,0.4166666666666667,14013,1,15,4713869.782113416,4.575342465753424,1.0
C-002248991,S-0099,0.07083276886454684,0,2,女性,29,2,12,0.75,10351,1,13,4464126.154078853,8.147945205479452,5.0
C-002559113,S-0079,-100.0,1,2,女性,55,1,12,0.0833333333333333,0,0,13,4256656.371085242,8.479452054794521,6.0
C-002415882,S-0050,-100.0,1,2,女性,55,2,12,0.25,2595,2,20,4615411.181286601,9.2013698630137,6.0
C-000801444,S-0102,-34.265418575317,0,2,女性,42,9,12,0.25,17245,2,16,4383474.364435211,10.484931506849314,7.5
C-002213653,S-0012,-100.0,1,2,女性,51,3,12,0.5833333333333334,14746,1,16,4444678.825084195,7.994520547945205,5.0
C-001177160,S-0005,-18.448770470111256,0,2,男性,51,7,12,0.5,28245,1,21,4733942.970761149,4.69041095890411,2.0
C-000591477,S-0111,-100.0,1,2,女性,56,10,12,0.6666666666666666,0,0,19,4489501.980758176,6.397260273972603,4.0
C-001724279,S-0082,-78.70757641966831,1,2,女性,40,5,12,0.3333333333333333,0,0,17,4607261.71451126,4.758904109589041,2.0
C-000745253,S-0089,-15.150533254332691,0,2,男性,56,9,12,0.3333333333333333,8696,2,19,4721110.949352573,10.142465753424657,7.0
C-001794345,S-0002,-24.97793744386739,0,2,男性,20,5,12,0.1666666666666666,0,0,15,4455566.655169959,5.663013698630137,2.0
C-001285712,S-0017,-21.51117845326077,0,2,女性,51,7,12,0.3333333333333333,0,0,20,4640207.03550726,5.608219178082192,2.5
C-002123799,S-0100,-74.72316174767177,1,2,男性,23,3,12,0.5,29867,1,17,4535925.154217558,4.720547945205479,2.0
C-002511497,S-0111,-70.03537867994301,1,2,女性,41,1,12,0.1666666666666666,62126,1,19,4489501.980758176,6.397260273972603,4.0
C-001186856,S-0097,-100.0,1,2,女性,48,7,12,0.0833333333333333,18522,1,21,4592508.716501317,10.09041095890411,7.0
C-002454742,S-0050,-75.27956860872334,1,2,男性,43,2,12,0.9166666666666666,0,0,20,4615411.181286601,9.2013698630137,6.0
C-001085381,S-0059,-76.65777308665865,1,2,男性,48,8,12,0.1666666666666666,450436,1,14,4713188.969095345,6.8123287671232875,3.0
C-001469783,S-0062,-14.303328859456348,0,2,男性,37,6,12,0.6666666666666666,0,0,15,4713869.782113416,4.575342465753424,1.0
C-002541656,S-0099,-71.97641839831893,1,2,女性,47,1,12,0.3333333333333333,0,0,13,4464126.154078853,8.147945205479452,5.0
C-000882393,S-0085,-40.986382836269115,0,2,女性,54,9,12,0.75,0,0,15,4606655.398026554,4.928767123287671,2.0
C-000082313,S-0020,7.278759688719576,0,2,女性,39,12,12,0.5,6665,1,16,4280702.057267675,6.986301369863014,3.5
C-002544709,S-0126,-59.90418717907998,1,2,女性,42,1,12,0.3333333333333333,0,0,17,4493168.352495564,5.53972602739726,3.0
C-000123042,S-0002,-44.21649954421149,0,2,男性,50,12,12,0.75,0,0,15,4455566.655169959,5.663013698630137,2.0
C-001438139,S-0017,-56.85426923432282,1,2,男性,57,6,12,0.8333333333333334,0,0,20,4640207.03550726,5.608219178082192,2.5
C-001166851,S-0008,-53.06654381902602,1,2,女性,43,7,12,0.1666666666666666,5067,1,22,4498453.308937302,10.772602739726027,7.0
C-000065169,S-0050,-8.841656176485666,0,2,男性,45,12,12,0.5833333333333334,0,0,20,4615411.181286601,9.2013698630137,6.0
C-001265434,S-0019,-10.009021806207716,0,2,男性,36,7,12,0.25,0,0,19,4327199.920883598,4.090410958904109,1.0
C-001392406,S-0014,-100.0,1,2,男性,39,6,12,0.8333333333333334,78037,2,21,4730192.353344672,7.336986301369863,4.0
C-000823456,S-0019,3.3914014467743288,0,2,女性,40,9,12,1.0,11965,1,19,4327199.920883598,4.090410958904109,1.0
C-000364753,S-0017,0.04143944040179681,0,2,男性,39,11,12,0.3333333333333333,0,0,20,4640207.03550726,5.608219178082192,2.5
C-001449727,S-0121,-83.33912525443083,1,2,男性,41,6,12,0.1666666666666666,0,0,14,4716268.25678644,9.856164383561644,7.0
C-000709203,S-0082,-47.759723179288834,0,2,女性,66,9,12,0.4166666666666667,0,0,17,4607261.71451126,4.758904109589041,2.0
C-001551389,S-0056,-19.28897037238079,0,2,女性,47,6,12,0.75,0,0,15,4406070.585753419,7.528767123287671,4.0
C-002451981,S-0019,-2.5099012535253022,0,2,男性,57,2,12,0.4166666666666667,0,0,19,4327199.920883598,4.090410958904109,1.0
C-000434792,S-0089,-80.13206135073942,1,2,男性,26,11,12,0.5,0,0,19,4721110.949352573,10.142465753424657,7.0
C-002563177,S-0017,-66.05100819445722,1,2,男性,62,1,12,0.9166666666666666,5568,2,20,4640207.03550726,5.608219178082192,2.5
C-001024092,S-0075,-100.0,1,2,女性,33,8,12,0.3333333333333333,0,0,19,4506647.2743158825,4.526027397260274,1.0
C-002298835,S-0017,-47.619818871387885,0,2,男性,69,2,12,0.75,0,0,20,4640207.03550726,5.608219178082192,2.5
C-001697418,S-0020,-100.0,1,2,女性,43,5,12,0.6666666666666666,0,0,16,4280702.057267675,6.986301369863014,3.5
C-001056423,S-0020,-24.096573500321373,0,2,女性,55,8,12,0.75,0,0,16,4280702.057267675,6.986301369863014,3.5
C-002242896,S-0126,-29.63349290020551,0,2,女性,80,3,12,0.9166666666666666,5759,1,17,4493168.352495564,5.53972602739726,3.0
C-002692081,S-0048,-55.0791598334805,1,2,女性,70,1,12,0.1666666666666666,14065,1,15,4502249.082895545,3.671232876712329,1.0
C-001890650,S-0085,-16.770969776354725,0,2,男性,24,4,12,0.1666666666666666,1597,1,15,4606655.398026554,4.928767123287671,2.0
C-001344655,S-0131,-13.114623103923414,0,2,女性,65,7,12,0.5833333333333334,0,0,17,4569023.5643747775,5.13972602739726,2.0
C-000030483,S-0007,-36.77359312266216,0,2,男性,52,12,12,0.5833333333333334,13143,2,21,4487075.727367008,3.7260273972602738,1.0
C-000040599,S-0089,-89.51947145964134,1,2,女性,46,12,12,0.25,21907,2,19,4721110.949352573,10.142465753424657,7.0
C-000831608,S-0002,-100.0,1,2,女性,46,9,12,0.0,0,0,15,4455566.655169959,5.663013698630137,2.0
C-000638045,S-0113,-90.47164390222339,1,2,男性,43,10,12,0.1666666666666666,0,0,16,4336633.961311346,5.77945205479452,2.5
C-002250317,S-0036,-17.22584190015568,0,2,男性,36,2,12,0.5,38172,1,19,4397834.424680548,11.123287671232877,9.0
C-002327207,S-0030,-25.876980381151622,0,2,女性,46,2,12,0.3333333333333333,10795,2,22,4426478.045479023,9.236986301369862,5.5
C-002366802,S-0063,-94.84400744799132,1,2,女性,57,2,12,0.75,0,0,18,4564012.176421695,5.749315068493151,3.0
C-001134986,S-0085,-66.23305059728808,1,2,女性,50,7,12,0.3333333333333333,0,0,15,4606655.398026554,4.928767123287671,2.0
C-001601627,S-0075,-29.20608971084091,0,2,女性,61,5,12,0.6666666666666666,25700,1,19,4506647.2743158825,4.526027397260274,1.0
C-000678909,S-0019,-27.41255288656047,0,2,女性,34,9,12,0.4166666666666667,15380,1,19,4327199.920883598,4.090410958904109,1.0
C-001894560,S-0117,-59.83830972519447,1,2,男性,40,4,12,0.1666666666666666,6663,1,20,4500859.737076383,9.593150684931507,7.0
C-001021467,S-0099,-100.0,1,2,男性,74,8,12,0.0,0,0,13,4464126.154078853,8.147945205479452,5.0
C-000721271,S-0059,-100.0,1,2,女性,31,9,12,0.0833333333333333,0,0,14,4713188.969095345,6.8123287671232875,3.0
C-000540817,S-0062,-18.375174774097957,0,2,男性,44,10,12,0.3333333333333333,0,0,15,4713869.782113416,4.575342465753424,1.0
C-002376704,S-0030,-52.63647102108789,1,2,男性,63,2,12,0.0833333333333333,0,0,22,4426478.045479023,9.236986301369862,5.5
C-001358663,S-0097,-40.18789452433864,0,2,女性,46,6,12,0.3333333333333333,28331,2,21,4592508.716501317,10.09041095890411,7.0
C-001912946,S-0019,0.45902601982906477,0,2,男性,50,4,12,0.75,9607,1,19,4327199.920883598,4.090410958904109,1.0
C-002024854,S-0050,-100.0,1,2,女性,52,3,12,0.4166666666666667,0,0,20,4615411.181286601,9.2013698630137,6.0
C-002389528,S-0085,-62.481196926809545,1,2,女性,52,2,12,0.5833333333333334,0,0,15,4606655.398026554,4.928767123287671,2.0
C-000408257,S-0117,-42.50721484704524,0,2,女性,58,11,12,0.1666666666666666,0,0,20,4500859.737076383,9.593150684931507,7.0
C-002325039,S-0017,-37.827759459883815,0,2,女性,53,2,12,0.1666666666666666,10451,1,20,4640207.03550726,5.608219178082192,2.5
C-000044946,S-0020,-32.094296563362995,0,2,女性,36,12,12,0.75,13728,1,16,4280702.057267675,6.986301369863014,3.5
C-000028696,S-0131,-100.0,1,2,女性,41,12,12,0.4166666666666667,0,0,17,4569023.5643747775,5.13972602739726,2.0
C-000218256,S-0017,-19.375278414961674,0,2,女性,87,12,12,0.1666666666666666,0,0,20,4640207.03550726,5.608219178082192,2.5
C-000966986,S-0100,-40.80208430259608,0,2,女性,69,8,12,0.3333333333333333,0,0,17,4535925.154217558,4.720547945205479,2.0
C-000479232,S-0020,-45.99670737452821,0,2,男性,24,10,12,0.1666666666666666,0,0,16,4280702.057267675,6.986301369863014,3.5
C-001470731,S-0017,-0.10362159382247059,0,2,女性,53,6,12,0.9166666666666666,0,0,20,4640207.03550726,5.608219178082192,2.5
C-001393009,S-0054,-31.435956810899597,0,2,女性,37,6,12,0.1666666666666666,0,0,23,4489160.181517739,6.358904109589041,4.0
C-000425061,S-0005,-27.643905174097384,0,2,女性,42,11,12,0.5,46104,1,21,4733942.970761149,4.69041095890411,2.0
C-001736095,S-0085,-53.11031585498678,1,2,女性,38,5,12,0.5,0,0,15,4606655.398026554,4.928767123287671,2.0
C-001580867,S-0005,-44.79136123272297,0,2,女性,33,5,12,0.0,0,0,21,4733942.970761149,4.69041095890411,2.0
C-001652550,S-0005,-27.876217190029873,0,2,女性,52,5,12,0.5833333333333334,0,0,21,4733942.970761149,4.69041095890411,2.0
C-002352032,S-0030,-28.343139732158974,0,2,女性,56,2,12,0.0,3053,2,22,4426478.045479023,9.236986301369862,5.5
C-001306911,S-0050,-100.0,1,2,女性,42,7,12,0.4166666666666667,0,0,20,4615411.181286601,9.2013698630137,6.0
C-001975701,S-0054,-100.0,1,2,女性,44,4,12,0.4166666666666667,0,0,23,4489160.181517739,6.358904109589041,4.0
C-002462465,S-0002,-15.204542792441043,0,2,女性,81,2,12,0.25,0,0,15,4455566.655169959,5.663013698630137,2.0
C-002277554,S-0030,-61.98920138341724,1,2,男性,47,2,12,0.5,0,0,22,4426478.045479023,9.236986301369862,5.5
C-000330756,S-0097,-48.76473739304793,0,2,女性,32,11,12,0.0833333333333333,0,0,21,4592508.716501317,10.09041095890411,7.0
C-001969332,S-0085,-45.500114968958385,0,2,女性,49,4,12,0.5833333333333334,0,0,15,4606655.398026554,4.928767123287671,2.0
C-000835852,S-0002,-100.0,1,2,男性,32,9,12,0.5,0,0,15,4455566.655169959,5.663013698630137,2.0
C-001848685,S-0017,-47.531281618458316,0,2,女性,52,4,12,0.25,38378,2,20,4640207.03550726,5.608219178082192,2.5
C-001730852,S-0050,-98.62134931768907,1,2,女性,77,5,12,0.25,121543,2,20,4615411.181286601,9.2013698630137,6.0
C-000863758,S-0008,-100.0,1,2,男性,57,9,12,0.0833333333333333,2459,1,22,4498453.308937302,10.772602739726027,7.0
C-001441882,S-0131,-12.799656620099684,0,2,女性,34,6,12,1.0,2922,1,17,4569023.5643747775,5.13972602739726,2.0
C-001344033,S-0008,-22.511133341938816,0,2,男性,55,7,12,0.5,149680,2,22,4498453.308937302,10.772602739726027,7.0
C-000612787,S-0063,-69.56207450883079,1,2,女性,47,10,12,0.3333333333333333,0,0,18,4564012.176421695,5.749315068493151,3.0
C-000743732,S-0111,-28.37747874236855,0,2,男性,72,9,12,0.0833333333333333,22035,1,19,4489501.980758176,6.397260273972603,4.0
C-001404541,S-0020,-55.7398820768218,1,2,女性,55,6,12,0.25,7222,1,16,4280702.057267675,6.986301369863014,3.5
C-001976830,S-0019,-0.5452186009167889,0,2,女性,45,4,12,0.25,55790,2,19,4327199.920883598,4.090410958904109,1.0
C-001357857,S-0063,-13.937335303346485,0,2,女性,43,6,12,0.75,18015,2,18,4564012.176421695,5.749315068493151,3.0
C-002353826,S-0074,-30.783812647799223,0,2,男性,38,2,12,0.0833333333333333,0,0,14,4614054.39694187,8.308219178082192,6.0
C-002028450,S-0131,-35.599042870955024,0,2,男性,37,3,12,0.5,22407,1,17,4569023.5643747775,5.13972602739726,2.0
C-000022283,S-0099,-38.25442478712267,0,2,男性,36,12,12,0.5833333333333334,65908,2,13,4464126.154078853,8.147945205479452,5.0
C-000310902,S-0007,-19.75491410280781,0,2,女性,44,11,12,0.4166666666666667,0,0,21,4487075.727367008,3.7260273972602738,1.0
C-000516210,S-0102,-32.314744935701526,0,2,女性,51,10,12,0.5,6620,1,16,4383474.364435211,10.484931506849314,7.5
C-000754779,S-0102,-14.765634735549108,0,2,女性,42,9,12,0.25,0,0,16,4383474.364435211,10.484931506849314,7.5
C-000248121,S-0040,-100.0,1,2,女性,49,11,12,0.5,13430,1,20,4550116.0180538,8.163013698630138,4.0
C-001345778,S-0002,-88.53535128388017,1,2,女性,40,7,12,0.5,0,0,15,4455566.655169959,5.663013698630137,2.0
C-000200756,S-0040,-46.723102129983616,0,2,女性,37,12,12,0.1666666666666666,0,0,20,4550116.0180538,8.163013698630138,4.0
C-000934440,S-0054,-30.496522132322525,0,2,女性,32,8,12,0.5833333333333334,6437,1,23,4489160.181517739,6.358904109589041,4.0
C-000498893,S-0017,-96.3694826902374,1,2,男性,38,10,12,0.75,0,0,20,4640207.03550726,5.608219178082192,2.5
C-002259804,S-0039,-100.0,1,2,男性,33,2,12,0.1666666666666666,0,0,16,4591288.568998441,8.193150684931506,5.0
C-002063026,S-0089,-100.0,1,2,女性,34,3,12,0.0,14616,1,19,4721110.949352573,10.142465753424657,7.0
C-000161349,S-0005,12.281581283617944,0,2,女性,46,12,12,0.1666666666666666,42861,1,21,4733942.970761149,4.69041095890411,2.0
C-001670056,S-0085,-74.98401193775315,1,2,女性,44,5,12,0.5,0,0,15,4606655.398026554,4.928767123287671,2.0
C-001699208,S-0099,-71.4591423035321,1,2,男性,46,5,12,0.4166666666666667,0,0,13,4464126.154078853,8.147945205479452,5.0
C-000902557,S-0036,-71.10349127182045,1,2,女性,28,8,12,0.25,25286,2,19,4397834.424680548,11.123287671232877,9.0
C-001456324,S-0059,-57.15951158652568,1,2,女性,59,6,12,0.0833333333333333,8452,1,14,4713188.969095345,6.8123287671232875,3.0
C-000910960,S-0059,-41.849590541260845,0,2,男性,62,8,12,0.1666666666666666,0,0,14,4713188.969095345,6.8123287671232875,3.0
C-000642014,S-0039,-11.63261073454727,0,2,女性,58,10,12,0.6666666666666666,17318,1,16,4591288.568998441,8.193150684931506,5.0
C-000881037,S-0036,-100.0,1,2,男性,42,9,12,0.4166666666666667,0,0,19,4397834.424680548,11.123287671232877,9.0
C-001264822,S-0074,-62.67858639182169,1,2,女性,40,7,12,0.0,16206,2,14,4614054.39694187,8.308219178082192,6.0
C-001127969,S-0082,-11.574346011034425,0,2,女性,41,7,12,0.25,0,0,17,4607261.71451126,4.758904109589041,2.0
C-001900720,S-0126,-9.7347292671741,0,2,男性,52,4,12,0.5833333333333334,0,0,17,4493168.352495564,5.53972602739726,3.0
C-002512975,S-0082,-100.0,1,2,女性,66,1,12,0.0,16359,1,17,4607261.71451126,4.758904109589041,2.0
C-002609051,S-0089,-26.001445851567844,0,2,女性,43,1,12,0.5833333333333334,0,0,19,4721110.949352573,10.142465753424657,7.0
C-001811780,S-0100,-55.34156400359541,1,2,男性,74,4,12,0.25,0,0,17,4535925.154217558,4.720547945205479,2.0
C-002513731,S-0019,3.4096747211501315,0,2,男性,56,1,12,0.5,0,0,19,4327199.920883598,4.090410958904109,1.0
C-000425432,S-0039,-29.142701737235342,0,2,女性,52,11,12,0.5,0,0,16,4591288.568998441,8.193150684931506,5.0
C-000923129,S-0111,-100.0,1,2,女性,57,8,12,0.1666666666666666,0,0,19,4489501.980758176,6.397260273972603,4.0
C-002404639,S-0113,-82.29378818737271,1,2,女性,45,2,12,0.5833333333333334,0,0,16,4336633.961311346,5.77945205479452,2.5
C-000867539,S-0082,-34.766600866595134,0,2,男性,48,9,12,0.5,0,0,17,4607261.71451126,4.758904109589041,2.0
C-002611339,S-0089,-13.946322230029576,0,2,男性,50,1,12,0.8333333333333334,0,0,19,4721110.949352573,10.142465753424657,7.0
C-002313385,S-0085,-2.8888719895100947,0,2,女性,49,2,12,0.3333333333333333,1358,1,15,4606655.398026554,4.928767123287671,2.0
C-002377046,S-0075,-38.30270467514328,0,2,男性,58,2,12,0.0,0,0,19,4506647.2743158825,4.526027397260274,1.0
C-001952414,S-0126,-52.490568647186734,1,2,女性,63,4,12,0.4166666666666667,6133,1,17,4493168.352495564,5.53972602739726,3.0
C-002509879,S-0007,-50.382920196305214,1,2,女性,36,1,12,0.4166666666666667,23701,1,21,4487075.727367008,3.7260273972602738,1.0
C-001492926,S-0040,-98.73034036129911,1,2,女性,51,6,12,0.1666666666666666,0,0,20,4550116.0180538,8.163013698630138,4.0
C-001242127,S-0115,-18.8464925914413,0,2,男性,54,7,12,0.3333333333333333,21207,1,14,4553643.099564746,10.51095890410959,7.0
C-002000042,S-0020,-39.65503793334755,0,2,男性,45,4,12,0.25,0,0,16,4280702.057267675,6.986301369863014,3.5
C-001578617,S-0111,-67.95726571504565,1,2,女性,42,5,12,0.4166666666666667,0,0,19,4489501.980758176,6.397260273972603,4.0
C-001051534,S-0050,-56.35642788038976,1,2,女性,49,8,12,0.4166666666666667,7914,2,20,4615411.181286601,9.2013698630137,6.0
C-001690601,S-0050,-100.0,1,2,男性,60,5,12,0.1666666666666666,8986,1,20,4615411.181286601,9.2013698630137,6.0
C-002599456,S-0075,-27.06115559464117,0,2,女性,46,1,12,0.5833333333333334,0,0,19,4506647.2743158825,4.526027397260274,1.0
C-002479562,S-0097,-100.0,1,2,男性,50,1,12,0.1666666666666666,0,0,21,4592508.716501317,10.09041095890411,7.0
C-001952311,S-0017,-51.97512748616175,1,2,女性,59,4,12,0.4166666666666667,0,0,20,4640207.03550726,5.608219178082192,2.5
C-002254885,S-0131,-15.409195496995839,0,2,男性,45,2,12,0.5,0,0,17,4569023.5643747775,5.13972602739726,2.0
C-002245715,S-0036,-22.90840247979129,0,2,男性,52,3,12,0.8333333333333334,38436,1,19,4397834.424680548,11.123287671232877,9.0
C-000806938,S-0054,-31.526342959143687,0,2,男性,40,9,12,0.5833333333333334,0,0,23,4489160.181517739,6.358904109589041,4.0
C-001713561,S-0017,-12.451547858765615,0,2,男性,54,5,12,1.0,49570,1,20,4640207.03550726,5.608219178082192,2.5
C-000296175,S-0056,-41.15548880649552,0,2,女性,45,11,12,0.25,11753,2,15,4406070.585753419,7.528767123287671,4.0
C-000983178,S-0039,-100.0,1,2,女性,61,8,12,0.0,0,0,16,4591288.568998441,8.193150684931506,5.0
C-000632970,S-0019,-6.111722852786718,0,2,女性,76,10,12,0.4166666666666667,0,0,19,4327199.920883598,4.090410958904109,1.0
C-001450458,S-0111,-13.430256360130949,0,2,女性,67,6,12,0.0833333333333333,0,0,19,4489501.980758176,6.397260273972603,4.0
C-001158357,S-0004,-18.1778613392268,0,2,男性,41,7,12,0.5,7339,2,22,4423576.351309,11.806849315068494,9.0
C-000828421,S-0085,-12.47960168189344,0,2,女性,42,9,12,1.0,0,0,15,4606655.398026554,4.928767123287671,2.0
C-001750219,S-0099,-7.7749303600120525,0,2,女性,39,5,12,0.25,1655,1,13,4464126.154078853,8.147945205479452,5.0
C-002682984,S-0005,-13.261244415581508,0,2,女性,44,1,12,0.8333333333333334,0,0,21,4733942.970761149,4.69041095890411,2.0
C-001363992,S-0017,-99.24464396118384,1,2,女性,46,6,12,0.9166666666666666,0,0,20,4640207.03550726,5.608219178082192,2.5
C-002303852,S-0039,-22.452135627346216,0,2,女性,35,2,12,0.5833333333333334,0,0,16,4591288.568998441,8.193150684931506,5.0
C-001316636,S-0007,-100.0,1,2,男性,56,7,12,0.0833333333333333,0,0,21,4487075.727367008,3.7260273972602738,1.0
C-001970287,S-0054,-31.544032674953026,0,2,女性,21,4,12,0.0833333333333333,1640,2,23,4489160.181517739,6.358904109589041,4.0
C-002292893,S-0075,-53.44815301806499,1,2,女性,44,2,12,0.5,3013,2,19,4506647.2743158825,4.526027397260274,1.0
C-001563166,S-0100,-8.829119028895208,0,2,女性,23,6,12,0.5833333333333334,0,0,17,4535925.154217558,4.720547945205479,2.0
C-002088310,S-0059,-100.0,1,2,男性,58,3,12,0.1666666666666666,0,0,14,4713188.969095345,6.8123287671232875,3.0
C-000751557,S-0089,-45.89599700710812,0,2,男性,46,9,12,0.4166666666666667,37059,1,19,4721110.949352573,10.142465753424657,7.0
C-001098089,S-0054,-100.0,1,2,女性,28,8,12,0.6666666666666666,0,0,23,4489160.181517739,6.358904109589041,4.0
C-001989734,S-0059,-100.0,1,2,男性,54,4,12,0.5833333333333334,0,0,14,4713188.969095345,6.8123287671232875,3.0
C-001934383,S-0102,-67.32982714531738,1,2,女性,44,4,12,0.0833333333333333,10844,1,16,4383474.364435211,10.484931506849314,7.5
C-000619947,S-0041,-100.0,1,2,女性,69,10,12,0.4166666666666667,0,0,17,4828489.286769263,10.389041095890411,7.0
C-001939499,S-0007,-45.49591441914131,0,2,男性,70,4,12,0.5833333333333334,0,0,21,4487075.727367008,3.7260273972602738,1.0
C-001670332,S-0017,-100.0,1,2,女性,43,5,12,0.5833333333333334,0,0,20,4640207.03550726,5.608219178082192,2.5
C-000635175,S-0030,-100.0,1,2,男性,39,10,12,0.5833333333333334,0,0,22,4426478.045479023,9.236986301369862,5.5
C-000904886,S-0019,-10.928179633005124,0,2,男性,37,8,12,0.5833333333333334,0,0,19,4327199.920883598,4.090410958904109,1.0
C-001355283,S-0126,-29.945511329656455,0,2,女性,52,6,12,0.6666666666666666,0,0,17,4493168.352495564,5.53972602739726,3.0
C-001830051,S-0131,-17.727055182576752,0,2,男性,53,4,12,0.1666666666666666,15313,1,17,4569023.5643747775,5.13972602739726,2.0
C-002523492,S-0059,-100.0,1,2,女性,40,1,12,0.5833333333333334,10710,2,14,4713188.969095345,6.8123287671232875,3.0
C-001475556,S-0019,-14.177827201083016,0,2,女性,57,6,12,0.5833333333333334,0,0,19,4327199.920883598,4.090410958904109,1.0
C-001528709,S-0059,-34.82368680916128,0,2,女性,57,6,12,0.75,15954,1,14,4713188.969095345,6.8123287671232875,3.0
C-002124262,S-0002,-41.77874590119456,0,2,女性,50,3,12,0.0833333333333333,5197,2,15,4455566.655169959,5.663013698630137,2.0
C-002518847,S-0036,-34.96261105449744,0,2,男性,55,1,12,0.3333333333333333,21952,2,19,4397834.424680548,11.123287671232877,9.0
C-001300009,S-0082,-36.38604760782465,0,2,女性,58,7,12,0.1666666666666666,5557,1,17,4607261.71451126,4.758904109589041,2.0
C-002074912,S-0017,-14.038897412246751,0,2,女性,55,3,12,0.9166666666666666,1975,1,20,4640207.03550726,5.608219178082192,2.5
C-002071272,S-0075,-6.939649669497068,0,2,男性,37,3,12,0.5833333333333334,63460,1,19,4506647.2743158825,4.526027397260274,1.0
C-000840059,S-0131,-48.51435689579947,0,2,女性,34,9,12,1.0,0,0,17,4569023.5643747775,5.13972602739726,2.0
C-000982887,S-0111,-100.0,1,2,男性,39,8,12,0.0,0,0,19,4489501.980758176,6.397260273972603,4.0
C-000612450,S-0063,-100.0,1,2,男性,55,10,12,0.4166666666666667,0,0,18,4564012.176421695,5.749315068493151,3.0
C-001855449,S-0008,-100.0,1,2,女性,74,4,12,0.3333333333333333,1496,1,22,4498453.308937302,10.772602739726027,7.0
C-000883535,S-0126,-2.4738665036751453,0,2,女性,43,9,12,0.5,16162,1,17,4493168.352495564,5.53972602739726,3.0
C-000346200,S-0131,-80.29223918401809,1,2,女性,52,11,12,0.6666666666666666,0,0,17,4569023.5643747775,5.13972602739726,2.0
C-000928559,S-0121,-70.91881733281679,1,2,女性,74,8,12,0.0,0,0,14,4716268.25678644,9.856164383561644,7.0
C-000408997,S-0131,-31.161109958126303,0,2,男性,60,11,12,0.3333333333333333,12820,2,17,4569023.5643747775,5.13972602739726,2.0
C-000780579,S-0102,-100.0,1,2,女性,36,9,12,0.25,0,0,16,4383474.364435211,10.484931506849314,7.5
C-000284843,S-0020,-25.186995298758326,0,2,男性,24,11,12,0.25,0,0,16,4280702.057267675,6.986301369863014,3.5
C-000982977,S-0100,-55.61511703189983,1,2,女性,70,8,12,0.4166666666666667,1860,2,17,4535925.154217558,4.720547945205479,2.0
C-001352133,S-0007,-81.55647945358031,1,2,男性,50,6,12,0.4166666666666667,15520,2,21,4487075.727367008,3.7260273972602738,1.0
C-000235735,S-0096,-0.22087542646706226,0,2,男性,47,11,12,0.3333333333333333,14190,1,16,4644856.458098179,8.302739726027397,5.0
C-001227243,S-0020,-49.328478138870466,1,2,男性,47,7,12,0.1666666666666666,0,0,16,4280702.057267675,6.986301369863014,3.5
C-000578106,S-0005,-17.43720574737114,0,2,女性,53,10,12,0.3333333333333333,22943,2,21,4733942.970761149,4.69041095890411,2.0
C-000314631,S-0005,-56.50121779646915,1,2,男性,45,11,12,0.1666666666666666,3601,2,21,4733942.970761149,4.69041095890411,2.0
C-000141823,S-0020,-89.82792443174549,1,2,男性,73,12,12,0.1666666666666666,0,0,16,4280702.057267675,6.986301369863014,3.5
C-000201366,S-0121,-10.641865964788613,0,2,男性,55,12,12,0.5,2756,1,14,4716268.25678644,9.856164383561644,7.0
C-002037947,S-0099,-36.878961644952284,0,2,女性,32,3,12,0.3333333333333333,0,0,13,4464126.154078853,8.147945205479452,5.0
C-001983478,S-0100,-71.60006976938186,1,2,女性,74,4,12,0.5,1732,1,17,4535925.154217558,4.720547945205479,2.0
C-002532336,S-0050,-31.615910725305884,0,2,男性,50,1,12,0.5,4136,1,20,4615411.181286601,9.2013698630137,6.0
C-001499696,S-0111,-17.204907153817064,0,2,男性,53,6,12,0.3333333333333333,23247,1,19,4489501.980758176,6.397260273972603,4.0
C-000148966,S-0085,-23.536663371518287,0,2,男性,46,12,12,0.5833333333333334,0,0,15,4606655.398026554,4.928767123287671,2.0
C-002207356,S-0007,-67.79836060241355,1,2,女性,21,3,12,0.5833333333333334,7099,1,21,4487075.727367008,3.7260273972602738,1.0
C-002659083,S-0075,-43.54165849320622,0,2,女性,49,1,12,0.25,0,0,19,4506647.2743158825,4.526027397260274,1.0
C-001124777,S-0075,-47.70787941957643,0,2,女性,67,8,12,0.1666666666666666,20989,1,19,4506647.2743158825,4.526027397260274,1.0
C-002554630,S-0004,-12.257896692679301,0,2,女性,50,1,12,0.0833333333333333,4144,1,22,4423576.351309,11.806849315068494,9.0
C-002471219,S-0131,-62.43004580359486,1,2,女性,41,1,12,0.25,0,0,17,4569023.5643747775,5.13972602739726,2.0
C-002474756,S-0019,-14.223741961825048,0,2,女性,59,1,12,0.3333333333333333,0,0,19,4327199.920883598,4.090410958904109,1.0
C-001923060,S-0099,-47.85473856292107,0,2,男性,69,4,12,0.1666666666666666,0,0,13,4464126.154078853,8.147945205479452,5.0
C-002602393,S-0121,-100.0,1,2,男性,57,1,12,0.5,2442,2,14,4716268.25678644,9.856164383561644,7.0
C-000134261,S-0020,-14.891460691517345,0,2,男性,45,12,12,0.1666666666666666,0,0,16,4280702.057267675,6.986301369863014,3.5
C-000440562,S-0019,-14.610797102076498,0,2,女性,52,11,12,0.4166666666666667,0,0,19,4327199.920883598,4.090410958904109,1.0
C-002343117,S-0079,-100.0,1,2,男性,31,2,12,0.0,0,0,13,4256656.371085242,8.479452054794521,6.0
C-000051714,S-0041,-19.900729270408327,0,2,女性,35,12,12,0.75,0,0,17,4828489.286769263,10.389041095890411,7.0
C-001172541,S-0082,-79.4356469526802,1,2,女性,44,7,12,0.75,0,0,17,4607261.71451126,4.758904109589041,2.0
C-001380205,S-0040,-40.14119132456401,0,2,男性,41,6,12,0.75,9889,1,20,4550116.0180538,8.163013698630138,4.0
C-002661511,S-0030,-100.0,1,2,男性,48,1,12,0.8333333333333334,2993,1,22,4426478.045479023,9.236986301369862,5.5
C-000010453,S-0004,-100.0,1,2,女性,32,12,12,0.9166666666666666,18540,1,22,4423576.351309,11.806849315068494,9.0
C-001195969,S-0030,-96.51654447418441,1,2,女性,67,7,12,0.3333333333333333,0,0,22,4426478.045479023,9.236986301369862,5.5
C-001776265,S-0007,-46.53102553555043,0,2,男性,44,5,12,0.1666666666666666,2991,1,21,4487075.727367008,3.7260273972602738,1.0
C-000738392,S-0005,-31.945593862271078,0,2,女性,52,9,12,0.25,5852,1,21,4733942.970761149,4.69041095890411,2.0
C-000526403,S-0030,-100.0,1,2,女性,29,10,12,0.0833333333333333,0,0,22,4426478.045479023,9.236986301369862,5.5
C-000751082,S-0030,-16.36916269278687,0,2,女性,53,9,12,0.75,19591,1,22,4426478.045479023,9.236986301369862,5.5
C-002062910,S-0072,-100.0,1,2,女性,41,3,12,0.0,0,0,12,4406797.312641796,9.01917808219178,6.0
C-000605299,S-0063,-42.67746941426973,0,2,女性,54,10,12,0.6666666666666666,0,0,18,4564012.176421695,5.749315068493151,3.0
C-001864818,S-0096,-25.897843795864894,0,2,男性,34,4,12,0.25,33938,2,16,4644856.458098179,8.302739726027397,5.0
C-000571109,S-0005,-31.239917568840276,0,2,女性,34,10,12,0.1666666666666666,3342,1,21,4733942.970761149,4.69041095890411,2.0
C-002211218,S-0002,-17.21169017733085,0,2,女性,50,3,12,0.8333333333333334,0,0,15,4455566.655169959,5.663013698630137,2.0
C-001902844,S-0017,-17.944571767040472,0,2,女性,59,4,12,0.5833333333333334,0,0,20,4640207.03550726,5.608219178082192,2.5
C-001859037,S-0131,-97.25464455923061,1,2,女性,46,4,12,0.3333333333333333,135920,1,17,4569023.5643747775,5.13972602739726,2.0
C-002308790,S-0126,-100.0,1,2,女性,59,2,12,0.6666666666666666,0,0,17,4493168.352495564,5.53972602739726,3.0
C-001212914,S-0007,-22.414926795721758,0,2,男性,45,7,12,0.25,2152,1,21,4487075.727367008,3.7260273972602738,1.0
C-000789584,S-0075,-21.922912778439528,0,2,女性,51,9,12,0.4166666666666667,0,0,19,4506647.2743158825,4.526027397260274,1.0
C-001628902,S-0102,-29.942561338817185,0,2,女性,40,5,12,0.1666666666666666,31220,1,16,4383474.364435211,10.484931506849314,7.5
C-002170832,S-0126,-2.445169771306445,0,2,女性,32,3,12,0.8333333333333334,0,0,17,4493168.352495564,5.53972602739726,3.0
C-000198850,S-0131,-100.0,1,2,女性,43,12,12,0.1666666666666666,30176,1,17,4569023.5643747775,5.13972602739726,2.0
C-000628533,S-0063,-14.767762267914941,0,2,男性,55,10,12,0.3333333333333333,0,0,18,4564012.176421695,5.749315068493151,3.0
C-000483041,S-0007,-32.62135378758188,0,2,男性,47,10,12,0.6666666666666666,0,0,21,4487075.727367008,3.7260273972602738,1.0
C-000095637,S-0019,-5.421018379686304,0,2,女性,55,12,12,0.4166666666666667,0,0,19,4327199.920883598,4.090410958904109,1.0
C-002067231,S-0030,-52.919914739440785,1,2,女性,33,3,12,0.3333333333333333,0,0,22,4426478.045479023,9.236986301369862,5.5
C-001332193,S-0121,1.4923337684349978,0,2,男性,57,7,12,0.75,491,1,14,4716268.25678644,9.856164383561644,7.0
C-001302157,S-0099,-43.23902806097679,0,2,女性,50,7,12,0.6666666666666666,0,0,13,4464126.154078853,8.147945205479452,5.0
C-002005305,S-0082,-100.0,1,2,女性,48,4,12,0.5,0,0,17,4607261.71451126,4.758904109589041,2.0
C-000395380,S-0050,-100.0,1,2,女性,66,11,12,0.3333333333333333,0,0,20,4615411.181286601,9.2013698630137,6.0
C-001340244,S-0131,-4.115252315168591,0,2,男性,60,7,12,0.75,0,0,17,4569023.5643747775,5.13972602739726,2.0
C-000655689,S-0113,-71.01603251304041,1,2,女性,35,10,12,0.3333333333333333,4197,1,16,4336633.961311346,5.77945205479452,2.5
C-001833726,S-0089,-32.0753791964279,0,2,男性,61,4,12,0.0833333333333333,0,0,19,4721110.949352573,10.142465753424657,7.0
C-001853323,S-0059,-3.0002573679580733,0,2,男性,51,4,12,0.25,0,0,14,4713188.969095345,6.8123287671232875,3.0
C-002366786,S-0085,-15.281554951207807,0,2,男性,39,2,12,0.6666666666666666,0,0,15,4606655.398026554,4.928767123287671,2.0
C-002045934,S-0056,-59.96350776340632,1,2,男性,52,3,12,0.1666666666666666,0,0,15,4406070.585753419,7.528767123287671,4.0
C-001995577,S-0111,-32.664214174835735,0,2,女性,49,4,12,0.25,0,0,19,4489501.980758176,6.397260273972603,4.0
C-000069236,S-0100,-100.0,1,2,女性,30,12,12,0.25,117116,2,17,4535925.154217558,4.720547945205479,2.0
C-000021533,S-0039,-0.5836736910991379,0,2,女性,67,12,12,0.8333333333333334,779,1,16,4591288.568998441,8.193150684931506,5.0
C-000248475,S-0036,-70.6553359299605,1,2,男性,41,11,12,0.25,0,0,19,4397834.424680548,11.123287671232877,9.0
C-002478800,S-0059,-100.0,1,2,女性,62,1,12,0.5833333333333334,21488,1,14,4713188.969095345,6.8123287671232875,3.0
C-001733525,S-0017,-91.5319546433483,1,2,男性,31,5,12,0.5,12426,2,20,4640207.03550726,5.608219178082192,2.5
C-001381135,S-0063,-32.484599589322386,0,2,女性,70,6,12,0.0833333333333333,0,0,18,4564012.176421695,5.749315068493151,3.0
C-001676995,S-0017,-57.13385674130077,1,2,男性,54,5,12,1.0,0,0,20,4640207.03550726,5.608219178082192,2.5
C-001523408,S-0054,-33.10382305161958,0,2,女性,60,6,12,0.4166666666666667,0,0,23,4489160.181517739,6.358904109589041,4.0
C-002363364,S-0072,-11.507603560821828,0,2,女性,34,2,12,0.5833333333333334,13882,1,12,4406797.312641796,9.01917808219178,6.0
C-002415504,S-0017,-25.750049857904973,0,2,男性,47,2,12,0.25,0,0,20,4640207.03550726,5.608219178082192,2.5
C-000125699,S-0089,-9.640601738870345,0,2,女性,51,12,12,0.0,1645,1,19,4721110.949352573,10.142465753424657,7.0
C-001067886,S-0030,-7.543401312619098,0,2,男性,60,8,12,0.9166666666666666,35567,1,22,4426478.045479023,9.236986301369862,5.5
C-000540732,S-0005,-10.345040161006654,0,2,男性,58,10,12,0.4166666666666667,0,0,21,4733942.970761149,4.69041095890411,2.0
C-001909374,S-0019,-13.73602871436276,0,2,女性,40,4,12,0.6666666666666666,0,0,19,4327199.920883598,4.090410958904109,1.0
C-002034754,S-0113,-68.77226732817374,1,2,女性,50,3,12,0.0833333333333333,0,0,16,4336633.961311346,5.77945205479452,2.5
C-002063309,S-0019,-20.762087912087914,0,2,女性,56,3,12,0.5,0,0,19,4327199.920883598,4.090410958904109,1.0
C-001635157,S-0039,-33.68491647360078,0,2,女性,34,5,12,0.1666666666666666,0,0,16,4591288.568998441,8.193150684931506,5.0
C-002660120,S-0082,-17.056638713074577,0,2,男性,60,1,12,0.8333333333333334,15632,2,17,4607261.71451126,4.758904109589041,2.0
C-001006826,S-0050,-57.09065189201933,1,2,女性,53,8,12,0.5833333333333334,25598,1,20,4615411.181286601,9.2013698630137,6.0
C-000130872,S-0059,-41.894302963216504,0,2,女性,49,12,12,0.25,69871,2,14,4713188.969095345,6.8123287671232875,3.0
C-000772857,S-0063,-16.16556005379157,0,2,男性,54,9,12,0.25,236556,1,18,4564012.176421695,5.749315068493151,3.0
C-001189893,S-0111,3.947397848500436,0,2,女性,58,7,12,0.5833333333333334,0,0,19,4489501.980758176,6.397260273972603,4.0
C-000915937,S-0075,-53.36053994663318,1,2,女性,47,8,12,0.3333333333333333,0,0,19,4506647.2743158825,4.526027397260274,1.0
C-002269547,S-0121,-70.44105504229829,1,2,女性,45,2,12,0.0833333333333333,15898,1,14,4716268.25678644,9.856164383561644,7.0
C-002034586,S-0004,-31.771329487193213,0,2,女性,86,3,12,0.25,7608,2,22,4423576.351309,11.806849315068494,9.0
C-000238796,S-0075,-100.0,1,2,男性,33,11,12,0.6666666666666666,4139,2,19,4506647.2743158825,4.526027397260274,1.0
C-001949540,S-0039,-12.769616692955285,0,2,男性,18,4,12,0.5,0,0,16,4591288.568998441,8.193150684931506,5.0
C-001525924,S-0074,-90.86562169778091,1,2,女性,19,6,12,0.5,0,0,14,4614054.39694187,8.308219178082192,6.0
C-000714648,S-0002,-47.844338433086754,0,2,女性,58,9,12,0.1666666666666666,4424,1,15,4455566.655169959,5.663013698630137,2.0
C-002116643,S-0040,-100.0,1,2,女性,60,3,12,0.4166666666666667,0,0,20,4550116.0180538,8.163013698630138,4.0
C-000123175,S-0059,-100.0,1,2,女性,59,12,12,0.4166666666666667,15286,1,14,4713188.969095345,6.8123287671232875,3.0
C-002072592,S-0020,-3.475561713804439,0,2,男性,26,3,12,0.4166666666666667,0,0,16,4280702.057267675,6.986301369863014,3.5
C-002491481,S-0017,-54.24138732932461,1,2,女性,31,1,12,0.0833333333333333,0,0,20,4640207.03550726,5.608219178082192,2.5
C-001517080,S-0007,-53.31793774883744,1,2,男性,55,6,12,0.5,0,0,21,4487075.727367008,3.7260273972602738,1.0
C-002217658,S-0099,-72.16265658198046,1,2,女性,33,3,12,0.6666666666666666,48796,1,13,4464126.154078853,8.147945205479452,5.0
C-002252282,S-0036,-97.86585715103958,1,2,女性,58,2,12,0.0833333333333333,0,0,19,4397834.424680548,11.123287671232877,9.0
C-001771634,S-0075,-100.0,1,2,女性,65,5,12,0.5,16477,1,19,4506647.2743158825,4.526027397260274,1.0
C-000848257,S-0004,-98.86211203108377,1,2,女性,40,9,12,0.3333333333333333,3638,1,22,4423576.351309,11.806849315068494,9.0
C-000383718,S-0059,-54.11933237831895,1,2,男性,43,11,12,0.5,13602,2,14,4713188.969095345,6.8123287671232875,3.0
C-002407558,S-0117,-14.528495720569227,0,2,女性,41,2,12,0.5,0,0,20,4500859.737076383,9.593150684931507,7.0
C-001083307,S-0019,-0.8019361757138801,0,2,女性,59,8,12,0.6666666666666666,0,0,19,4327199.920883598,4.090410958904109,1.0
C-001865400,S-0099,-5.897117330276026,0,2,男性,48,4,12,0.5,0,0,13,4464126.154078853,8.147945205479452,5.0
C-000635568,S-0074,-100.0,1,2,男性,76,10,12,0.3333333333333333,0,0,14,4614054.39694187,8.308219178082192,6.0
C-001277051,S-0079,-79.1976401179941,1,2,女性,31,7,12,0.0833333333333333,6150,1,13,4256656.371085242,8.479452054794521,6.0
C-001605414,S-0004,-83.70348613903889,1,2,女性,55,5,12,0.3333333333333333,35959,1,22,4423576.351309,11.806849315068494,9.0
C-000088383,S-0019,-11.004978935273842,0,2,女性,87,12,12,0.9166666666666666,30015,1,19,4327199.920883598,4.090410958904109,1.0
C-000961787,S-0002,-100.0,1,2,女性,53,8,12,0.5833333333333334,2697,2,15,4455566.655169959,5.663013698630137,2.0
C-000575405,S-0085,-16.16115314519247,0,2,男性,42,10,12,0.25,7012,1,15,4606655.398026554,4.928767123287671,2.0
C-001133765,S-0075,-18.556432776286265,0,2,女性,53,7,12,1.0,0,0,19,4506647.2743158825,4.526027397260274,1.0
C-000152378,S-0050,-79.26888650830891,1,2,女性,55,12,12,0.1666666666666666,2226,1,20,4615411.181286601,9.2013698630137,6.0
C-001808083,S-0002,-30.998293583714542,0,2,女性,75,4,12,0.3333333333333333,2787,1,15,4455566.655169959,5.663013698630137,2.0
C-001369548,S-0063,-21.988318061406176,0,2,女性,70,6,12,0.6666666666666666,0,0,18,4564012.176421695,5.749315068493151,3.0
C-001905928,S-0056,-100.0,1,2,女性,35,4,12,0.4166666666666667,11559,1,15,4406070.585753419,7.528767123287671,4.0
C-002639338,S-0040,-31.894724561028255,0,2,男性,33,1,12,0.6666666666666666,0,0,20,4550116.0180538,8.163013698630138,4.0
C-001923287,S-0059,-91.59526105524178,1,2,女性,44,4,12,0.6666666666666666,0,0,14,4713188.969095345,6.8123287671232875,3.0
C-001251363,S-0096,-44.25237412181051,0,2,女性,60,7,12,0.0,22358,2,16,4644856.458098179,8.302739726027397,5.0
C-001646157,S-0002,-45.29570604119235,0,2,女性,41,5,12,0.1666666666666666,4199,1,15,4455566.655169959,5.663013698630137,2.0
C-000076302,S-0099,-41.69726259602554,0,2,女性,32,12,12,0.1666666666666666,6700,1,13,4464126.154078853,8.147945205479452,5.0
C-001058513,S-0075,-36.56007983702689,0,2,女性,51,8,12,0.6666666666666666,0,0,19,4506647.2743158825,4.526027397260274,1.0
C-001514713,S-0030,-10.678236330002056,0,2,女性,58,6,12,0.75,0,0,22,4426478.045479023,9.236986301369862,5.5
C-000661770,S-0019,-16.562834257346516,0,2,女性,50,10,12,0.4166666666666667,0,0,19,4327199.920883598,4.090410958904109,1.0
C-000481003,S-0121,-100.0,1,2,男性,77,10,12,0.3333333333333333,0,0,14,4716268.25678644,9.856164383561644,7.0
C-002303353,S-0097,-18.381991948417504,0,2,女性,49,2,12,0.5,16583,1,21,4592508.716501317,10.09041095890411,7.0
C-000919578,S-0017,-6.372101687641335,0,2,男性,34,8,12,0.75,3656,1,20,4640207.03550726,5.608219178082192,2.5
C-000833358,S-0126,-7.840747158681848,0,2,女性,25,9,12,0.9166666666666666,0,0,17,4493168.352495564,5.53972602739726,3.0
C-001786555,S-0096,-2.6480780133041266,0,2,女性,64,5,12,0.5833333333333334,1298,2,16,4644856.458098179,8.302739726027397,5.0
C-001766337,S-0018,-100.0,1,2,女性,35,5,12,0.5,21462,2,16,4493108.581950108,7.550684931506849,5.0
C-000831371,S-0100,-44.95441295044347,0,2,女性,51,9,12,0.5,16527,1,17,4535925.154217558,4.720547945205479,2.0
C-002633110,S-0039,-1.673897023794448,0,2,男性,70,1,12,0.8333333333333334,14418,1,16,4591288.568998441,8.193150684931506,5.0
C-000132809,S-0126,-79.135500327462,1,2,女性,61,12,12,0.4166666666666667,0,0,17,4493168.352495564,5.53972602739726,3.0
C-001040062,S-0039,-38.69663957463715,0,2,女性,24,8,12,0.5,12546,1,16,4591288.568998441,8.193150684931506,5.0
C-000409863,S-0074,-15.072274967532728,0,2,女性,64,11,12,1.0,10332,1,14,4614054.39694187,8.308219178082192,6.0
C-001888031,S-0040,-78.08755100226237,1,2,女性,55,4,12,0.1666666666666666,47867,2,20,4550116.0180538,8.163013698630138,4.0
C-001347029,S-0050,-26.3948694076377,0,2,男性,74,7,12,0.1666666666666666,0,0,20,4615411.181286601,9.2013698630137,6.0
C-002317077,S-0117,-31.92809780720075,0,2,男性,66,2,12,0.25,0,0,20,4500859.737076383,9.593150684931507,7.0
C-002420244,S-0131,-100.0,1,2,男性,39,2,12,0.5,3905,2,17,4569023.5643747775,5.13972602739726,2.0
C-002438100,S-0005,-14.567880840285236,0,2,男性,42,2,12,0.3333333333333333,0,0,21,4733942.970761149,4.69041095890411,2.0
C-001080934,S-0085,-34.735206636195784,0,2,女性,57,8,12,0.75,0,0,15,4606655.398026554,4.928767123287671,2.0
C-000987487,S-0020,-14.498827329001498,0,2,女性,74,8,12,0.3333333333333333,0,0,16,4280702.057267675,6.986301369863014,3.5
C-001054861,S-0017,-50.76571323348883,1,2,女性,63,8,12,0.0,20677,1,20,4640207.03550726,5.608219178082192,2.5
C-000078420,S-0012,-84.21270706786107,1,2,男性,38,12,12,0.3333333333333333,0,0,16,4444678.825084195,7.994520547945205,5.0
C-001111504,S-0111,-69.79510700998553,1,2,女性,44,8,12,0.0833333333333333,1142,2,19,4489501.980758176,6.397260273972603,4.0
C-001206113,S-0056,-100.0,1,2,女性,57,7,12,0.0833333333333333,15214,1,15,4406070.585753419,7.528767123287671,4.0
C-001030594,S-0041,7.664637130829435,0,2,女性,48,8,12,0.0833333333333333,1342,1,17,4828489.286769263,10.389041095890411,7.0
C-002638089,S-0131,-24.956377790702877,0,2,男性,60,1,12,0.9166666666666666,14695,1,17,4569023.5643747775,5.13972602739726,2.0
C-000021681,S-0085,-14.132895840602197,0,2,女性,40,12,12,0.5,0,0,15,4606655.398026554,4.928767123287671,2.0
C-000561431,S-0079,-100.0,1,2,女性,46,10,12,0.1666666666666666,929,1,13,4256656.371085242,8.479452054794521,6.0
C-000789283,S-0085,-16.911237979464694,0,2,男性,62,9,12,1.0,4859,1,15,4606655.398026554,4.928767123287671,2.0
C-002164890,S-0075,-3.8437203982055723,0,2,女性,48,3,12,0.75,44075,1,19,4506647.2743158825,4.526027397260274,1.0
C-002291863,S-0126,-26.344510317215892,0,2,女性,64,2,12,0.3333333333333333,0,0,17,4493168.352495564,5.53972602739726,3.0
C-000214075,S-0019,-5.423043056654666,0,2,男性,19,12,12,1.0,0,0,19,4327199.920883598,4.090410958904109,1.0
C-001684338,S-0063,-39.75933675033326,0,2,女性,33,5,12,0.4166666666666667,0,0,18,4564012.176421695,5.749315068493151,3.0
C-001516484,S-0111,-100.0,1,2,女性,57,6,12,0.75,0,0,19,4489501.980758176,6.397260273972603,4.0
C-000638120,S-0007,-7.03637526629909,0,2,女性,46,10,12,0.5,0,0,21,4487075.727367008,3.7260273972602738,1.0
C-002514084,S-0019,-23.64376487038102,0,2,女性,57,1,12,0.3333333333333333,0,0,19,4327199.920883598,4.090410958904109,1.0
C-002279710,S-0131,-15.17610829537435,0,2,男性,33,2,12,0.1666666666666666,29046,1,17,4569023.5643747775,5.13972602739726,2.0
C-002019895,S-0017,-80.24882179466513,1,2,男性,49,4,12,0.6666666666666666,0,0,20,4640207.03550726,5.608219178082192,2.5
C-000128669,S-0082,-17.91600906221362,0,2,男性,35,12,12,0.1666666666666666,0,0,17,4607261.71451126,4.758904109589041,2.0
C-000298723,S-0099,-35.237510237510236,0,2,女性,56,11,12,0.0,0,0,13,4464126.154078853,8.147945205479452,5.0
C-000715568,S-0019,-7.016754188547136,0,2,女性,33,9,12,0.4166666666666667,16762,1,19,4327199.920883598,4.090410958904109,1.0
C-002256390,S-0002,-58.72302091321278,1,2,女性,54,2,12,0.1666666666666666,12757,1,15,4455566.655169959,5.663013698630137,2.0
C-000176677,S-0082,-70.84608895923571,1,2,女性,38,12,12,0.3333333333333333,5022,1,17,4607261.71451126,4.758904109589041,2.0
C-001952334,S-0050,-82.48191066862522,1,2,男性,49,4,12,0.4166666666666667,0,0,20,4615411.181286601,9.2013698630137,6.0
C-000604072,S-0085,-14.122410097642296,0,2,男性,65,10,12,0.6666666666666666,20250,2,15,4606655.398026554,4.928767123287671,2.0
C-002189199,S-0096,-100.0,1,2,男性,80,3,12,0.25,23804,1,16,4644856.458098179,8.302739726027397,5.0
C-001513731,S-0074,-100.0,1,2,男性,40,6,12,0.0,27340,2,14,4614054.39694187,8.308219178082192,6.0
C-001983269,S-0002,-26.435232244663453,0,2,女性,18,4,12,0.25,0,0,15,4455566.655169959,5.663013698630137,2.0
C-001278966,S-0056,-7.882032890511686,0,2,男性,56,7,12,0.0833333333333333,55019,1,15,4406070.585753419,7.528767123287671,4.0
C-001697235,S-0036,-15.845572807385649,0,2,女性,62,5,12,0.3333333333333333,5437,2,19,4397834.424680548,11.123287671232877,9.0
C-001021538,S-0004,-100.0,1,2,女性,62,8,12,0.0,3440,1,22,4423576.351309,11.806849315068494,9.0
C-001397851,S-0050,-87.84646677258422,1,2,女性,80,6,12,0.8333333333333334,0,0,20,4615411.181286601,9.2013698630137,6.0
C-002472906,S-0004,-33.35805398991397,0,2,女性,59,1,12,0.3333333333333333,2927,1,22,4423576.351309,11.806849315068494,9.0
C-002671312,S-0115,-100.0,1,2,女性,34,1,12,0.25,0,0,14,4553643.099564746,10.51095890410959,7.0
C-001663089,S-0082,-100.0,1,2,女性,59,5,12,0.25,0,0,17,4607261.71451126,4.758904109589041,2.0
C-000194476,S-0075,-53.647361531169594,1,2,男性,60,12,12,0.4166666666666667,13103,2,19,4506647.2743158825,4.526027397260274,1.0
C-000317708,S-0089,-97.49435873349738,1,2,女性,20,11,12,0.3333333333333333,0,0,19,4721110.949352573,10.142465753424657,7.0
C-000595949,S-0036,-41.66246305336574,0,2,女性,47,10,12,0.3333333333333333,317,1,19,4397834.424680548,11.123287671232877,9.0
C-000065846,S-0099,-45.60083701227448,0,2,女性,59,12,12,0.9166666666666666,0,0,13,4464126.154078853,8.147945205479452,5.0
C-002130880,S-0082,-100.0,1,2,男性,42,3,12,0.0833333333333333,0,0,17,4607261.71451126,4.758904109589041,2.0
C-002573851,S-0048,-47.038079983465956,0,2,女性,45,1,12,0.25,0,0,15,4502249.082895545,3.671232876712329,1.0
C-000617831,S-0007,-47.35914388230664,0,2,女性,32,10,12,0.6666666666666666,35447,1,21,4487075.727367008,3.7260273972602738,1.0
C-000655355,S-0085,-100.0,1,2,女性,46,10,12,0.8333333333333334,0,0,15,4606655.398026554,4.928767123287671,2.0
C-002475989,S-0019,-8.007353238253,0,2,女性,34,1,12,0.8333333333333334,47844,1,19,4327199.920883598,4.090410958904109,1.0
C-000140391,S-0059,-68.91391971729888,1,2,女性,54,12,12,0.4166666666666667,1960,1,14,4713188.969095345,6.8123287671232875,3.0
C-002488870,S-0017,-6.400524575368931,0,2,男性,41,1,12,0.75,12344,1,20,4640207.03550726,5.608219178082192,2.5
C-000661256,S-0102,-100.0,1,2,女性,80,10,12,0.3333333333333333,0,0,16,4383474.364435211,10.484931506849314,7.5
C-000316519,S-0079,-31.817948454666805,0,2,男性,54,11,12,0.1666666666666666,15756,2,13,4256656.371085242,8.479452054794521,6.0
C-001369256,S-0062,-73.66187481947253,1,2,男性,63,6,12,0.8333333333333334,0,0,15,4713869.782113416,4.575342465753424,1.0
C-001118236,S-0059,-42.30807973970768,0,2,女性,37,8,12,0.75,22324,2,14,4713188.969095345,6.8123287671232875,3.0
C-001559492,S-0039,-51.82482271016936,1,2,女性,76,6,12,0.25,0,0,16,4591288.568998441,8.193150684931506,5.0
C-002172720,S-0075,-100.0,1,2,男性,52,3,12,0.5833333333333334,460,1,19,4506647.2743158825,4.526027397260274,1.0
C-001309383,S-0054,-83.39544059622972,1,2,女性,67,7,12,0.4166666666666667,0,0,23,4489160.181517739,6.358904109589041,4.0
C-002404750,S-0004,-38.72877837743352,0,2,女性,31,2,12,0.25,0,0,22,4423576.351309,11.806849315068494,9.0
C-000812484,S-0039,-100.0,1,2,男性,50,9,12,0.6666666666666666,0,0,16,4591288.568998441,8.193150684931506,5.0
C-002357271,S-0089,-50.38545299076783,1,2,女性,37,2,12,0.75,0,0,19,4721110.949352573,10.142465753424657,7.0
C-001565423,S-0131,-45.81793021646733,0,2,女性,45,6,12,0.5,51991,1,17,4569023.5643747775,5.13972602739726,2.0
C-002288789,S-0054,-89.40829094310939,1,2,女性,56,2,12,0.4166666666666667,598,1,23,4489160.181517739,6.358904109589041,4.0
C-002609315,S-0099,-58.688532740074194,1,2,男性,52,1,12,0.4166666666666667,0,0,13,4464126.154078853,8.147945205479452,5.0
C-001422745,S-0085,-7.399531558185404,0,2,女性,55,6,12,0.4166666666666667,0,0,15,4606655.398026554,4.928767123287671,2.0
C-001119566,S-0131,-15.931021573307127,0,2,女性,47,8,12,0.3333333333333333,0,0,17,4569023.5643747775,5.13972602739726,2.0
C-002279624,S-0019,2.6518233597159555,0,2,男性,55,2,12,0.5833333333333334,4344,1,19,4327199.920883598,4.090410958904109,1.0
C-000493827,S-0030,-53.7856458183561,1,2,男性,52,10,12,0.25,0,0,22,4426478.045479023,9.236986301369862,5.5
C-002672749,S-0096,-100.0,1,2,女性,46,1,12,0.0,0,0,16,4644856.458098179,8.302739726027397,5.0
C-000214984,S-0039,-41.746680779956264,0,2,男性,46,12,12,0.25,8827,2,16,4591288.568998441,8.193150684931506,5.0
C-000159213,S-0036,-57.55996313021797,1,2,女性,55,12,12,0.3333333333333333,24356,2,19,4397834.424680548,11.123287671232877,9.0
C-002524896,S-0056,-6.5973802334790586,0,2,男性,60,1,12,0.5833333333333334,6273,1,15,4406070.585753419,7.528767123287671,4.0
C-001923133,S-0004,-74.53544065827138,1,2,女性,39,4,12,0.5833333333333334,35675,1,22,4423576.351309,11.806849315068494,9.0
C-000652721,S-0075,-59.02771926868312,1,2,女性,58,10,12,0.1666666666666666,5856,1,19,4506647.2743158825,4.526027397260274,1.0
C-002584744,S-0054,-77.67969577956487,1,2,男性,49,1,12,0.5,9734,1,23,4489160.181517739,6.358904109589041,4.0
C-002443999,S-0039,-100.0,1,2,女性,41,2,12,0.5,0,0,16,4591288.568998441,8.193150684931506,5.0
C-001249456,S-0074,-17.926326603869338,0,2,女性,31,7,12,0.1666666666666666,32349,1,14,4614054.39694187,8.308219178082192,6.0
C-002365194,S-0111,-32.16943158909926,0,2,女性,59,2,12,0.3333333333333333,0,0,19,4489501.980758176,6.397260273972603,4.0
C-000291511,S-0059,-100.0,1,2,女性,47,11,12,0.5833333333333334,59312,2,14,4713188.969095345,6.8123287671232875,3.0
C-001375558,S-0121,-13.204452576587194,0,2,女性,53,6,12,0.8333333333333334,0,0,14,4716268.25678644,9.856164383561644,7.0
C-002624438,S-0059,-38.501818786999834,0,2,男性,24,1,12,0.0,4577,1,14,4713188.969095345,6.8123287671232875,3.0
C-001089486,S-0005,-68.14512745640974,1,2,男性,53,8,12,0.6666666666666666,66535,2,21,4733942.970761149,4.69041095890411,2.0
C-001948860,S-0005,-61.22835473318896,1,2,女性,70,4,12,0.0,0,0,21,4733942.970761149,4.69041095890411,2.0
C-002280912,S-0050,-24.919792570471557,0,2,女性,55,2,12,0.1666666666666666,0,0,20,4615411.181286601,9.2013698630137,6.0
C-002528834,S-0007,-57.572305049015725,1,2,女性,45,1,12,0.3333333333333333,17438,1,21,4487075.727367008,3.7260273972602738,1.0
C-001365073,S-0040,-14.22490092332942,0,2,男性,52,6,12,0.4166666666666667,1186,1,20,4550116.0180538,8.163013698630138,4.0
C-000183546,S-0075,-33.235730934498925,0,2,男性,52,12,12,0.1666666666666666,0,0,19,4506647.2743158825,4.526027397260274,1.0
C-001428722,S-0039,-67.52529251341602,1,2,女性,69,6,12,0.0833333333333333,4175,1,16,4591288.568998441,8.193150684931506,5.0
C-002042355,S-0005,-12.371330207774683,0,2,女性,19,3,12,1.0,21091,1,21,4733942.970761149,4.69041095890411,2.0
C-000604282,S-0040,-76.69484532301543,1,2,女性,31,10,12,0.3333333333333333,0,0,20,4550116.0180538,8.163013698630138,4.0
C-000084718,S-0063,-28.63325881472513,0,2,男性,76,12,12,0.5,16026,1,18,4564012.176421695,5.749315068493151,3.0
C-000342893,S-0017,-24.1241336604187,0,2,男性,31,11,12,0.3333333333333333,11726,1,20,4640207.03550726,5.608219178082192,2.5
C-000644735,S-0004,-3.479410193196412,0,2,男性,55,10,12,0.3333333333333333,0,0,22,4423576.351309,11.806849315068494,9.0
C-002239730,S-0036,-100.0,1,2,女性,42,3,12,0.25,20437,1,19,4397834.424680548,11.123287671232877,9.0
C-002660040,S-0056,-4.722899564237218,0,2,男性,56,1,12,0.25,0,0,15,4406070.585753419,7.528767123287671,4.0
C-001945801,S-0075,-24.569114545517408,0,2,男性,53,4,12,0.5833333333333334,0,0,19,4506647.2743158825,4.526027397260274,1.0
C-001081017,S-0050,-79.54021866458415,1,2,女性,40,8,12,0.25,61101,2,20,4615411.181286601,9.2013698630137,6.0
C-001878462,S-0075,-56.23177891526608,1,2,男性,50,4,12,0.3333333333333333,61901,1,19,4506647.2743158825,4.526027397260274,1.0
C-002066729,S-0050,-17.167710950669505,0,2,女性,75,3,12,0.3333333333333333,0,0,20,4615411.181286601,9.2013698630137,6.0
C-001425201,S-0121,-100.0,1,2,女性,80,6,12,0.3333333333333333,0,0,14,4716268.25678644,9.856164383561644,7.0
C-002514556,S-0040,-12.853600868632817,0,2,女性,55,1,12,0.5833333333333334,0,0,20,4550116.0180538,8.163013698630138,4.0
C-001100780,S-0085,-28.141247261882768,0,2,女性,60,8,12,0.6666666666666666,0,0,15,4606655.398026554,4.928767123287671,2.0
C-001611541,S-0082,-40.50733254062624,0,2,女性,62,5,12,0.75,-2064,1,17,4607261.71451126,4.758904109589041,2.0
C-000125881,S-0085,-5.761345341114913,0,2,女性,74,12,12,0.8333333333333334,18277,1,15,4606655.398026554,4.928767123287671,2.0
C-001283091,S-0002,-1.8998693114056675,0,2,女性,47,7,12,0.5,24574,1,15,4455566.655169959,5.663013698630137,2.0
C-001233502,S-0075,-28.3372686609355,0,2,女性,47,7,12,0.75,0,0,19,4506647.2743158825,4.526027397260274,1.0
C-001761059,S-0040,-100.0,1,2,女性,38,5,12,0.0833333333333333,0,0,20,4550116.0180538,8.163013698630138,4.0
C-002680832,S-0085,-12.832471018142414,0,2,女性,60,1,12,1.0,0,0,15,4606655.398026554,4.928767123287671,2.0
C-002113986,S-0075,-16.323088019730566,0,2,女性,59,3,12,0.5,0,0,19,4506647.2743158825,4.526027397260274,1.0
C-002411332,S-0050,-76.08424486662828,1,2,女性,57,2,12,0.1666666666666666,0,0,20,4615411.181286601,9.2013698630137,6.0
C-000763615,S-0002,-100.0,1,2,女性,47,9,12,0.0833333333333333,0,0,15,4455566.655169959,5.663013698630137,2.0
C-000954630,S-0126,-16.910110974443825,0,2,女性,46,8,12,0.1666666666666666,5341,1,17,4493168.352495564,5.53972602739726,3.0
C-002631268,S-0017,-100.0,1,2,女性,25,1,12,0.6666666666666666,0,0,20,4640207.03550726,5.608219178082192,2.5
C-001064412,S-0020,-34.64418568605417,0,2,女性,39,8,12,0.4166666666666667,3122,1,16,4280702.057267675,6.986301369863014,3.5
C-001841112,S-0020,-100.0,1,2,女性,66,4,12,0.3333333333333333,0,0,16,4280702.057267675,6.986301369863014,3.5
C-001873101,S-0089,-33.78159377515428,0,2,女性,16,4,12,0.5833333333333334,20340,1,19,4721110.949352573,10.142465753424657,7.0
C-001886369,S-0036,-18.548362241006004,0,2,男性,32,4,12,0.25,11679,1,19,4397834.424680548,11.123287671232877,9.0
C-002678946,S-0100,-56.41713012976967,1,2,女性,61,1,12,0.0833333333333333,0,0,17,4535925.154217558,4.720547945205479,2.0
C-001670921,S-0085,-19.891408856965104,0,2,女性,91,5,12,0.75,0,0,15,4606655.398026554,4.928767123287671,2.0
C-000159341,S-0002,-85.11539125402321,1,2,女性,55,12,12,0.3333333333333333,0,0,15,4455566.655169959,5.663013698630137,2.0
C-001166169,S-0099,-74.14234593730058,1,2,女性,31,7,12,0.0833333333333333,0,0,13,4464126.154078853,8.147945205479452,5.0
C-001658268,S-0063,-18.41836411442329,0,2,女性,56,5,12,0.1666666666666666,3478,1,18,4564012.176421695,5.749315068493151,3.0
C-001536313,S-0089,-15.217613508596193,0,2,女性,26,6,12,0.1666666666666666,30257,1,19,4721110.949352573,10.142465753424657,7.0
C-000917417,S-0115,5.359106683388877,0,2,男性,23,8,12,0.5833333333333334,0,0,14,4553643.099564746,10.51095890410959,7.0
C-001734249,S-0079,-100.0,1,2,女性,50,5,12,0.4166666666666667,0,0,13,4256656.371085242,8.479452054794521,6.0
C-000675228,S-0017,-60.42134785389776,1,2,男性,33,10,12,0.5833333333333334,0,0,20,4640207.03550726,5.608219178082192,2.5
C-000818718,S-0040,-37.058311498371765,0,2,男性,38,9,12,0.0833333333333333,0,0,20,4550116.0180538,8.163013698630138,4.0
C-000284410,S-0017,-100.0,1,2,女性,20,11,12,0.25,0,0,20,4640207.03550726,5.608219178082192,2.5
C-002641419,S-0054,-10.15186628144254,0,2,女性,57,1,12,0.25,12536,1,23,4489160.181517739,6.358904109589041,4.0
C-002111712,S-0039,-100.0,1,2,男性,43,3,12,0.1666666666666666,0,0,16,4591288.568998441,8.193150684931506,5.0
C-000878009,S-0115,-77.12104465703892,1,2,男性,31,9,12,0.3333333333333333,2492,1,14,4553643.099564746,10.51095890410959,7.0
C-002491034,S-0017,-12.125657339151676,0,2,女性,42,1,12,0.5,0,0,20,4640207.03550726,5.608219178082192,2.5
C-001541837,S-0041,-24.791248726485943,0,2,女性,70,6,12,0.4166666666666667,0,0,17,4828489.286769263,10.389041095890411,7.0
C-001302811,S-0030,-85.76329504629864,1,2,女性,48,7,12,0.4166666666666667,0,0,22,4426478.045479023,9.236986301369862,5.5
C-000079000,S-0007,-100.0,1,2,女性,31,12,12,0.25,0,0,21,4487075.727367008,3.7260273972602738,1.0
C-002320685,S-0115,-97.62824631751893,1,2,女性,42,2,12,0.0833333333333333,0,0,14,4553643.099564746,10.51095890410959,7.0
C-000990050,S-0097,-4.132559820751032,0,2,女性,41,8,12,0.4166666666666667,0,0,21,4592508.716501317,10.09041095890411,7.0
C-001032781,S-0082,-80.01090664128913,1,2,男性,58,8,12,0.1666666666666666,0,0,17,4607261.71451126,4.758904109589041,2.0
C-002679310,S-0019,-11.570376094390255,0,2,女性,45,1,12,0.75,0,0,19,4327199.920883598,4.090410958904109,1.0
C-000393067,S-0111,-11.753487643032551,0,2,女性,58,11,12,0.1666666666666666,0,0,19,4489501.980758176,6.397260273972603,4.0
C-001896955,S-0075,-56.13639798315633,1,2,女性,43,4,12,0.25,0,0,19,4506647.2743158825,4.526027397260274,1.0
C-002526699,S-0030,-49.254516042059855,1,2,女性,40,1,12,0.1666666666666666,0,0,22,4426478.045479023,9.236986301369862,5.5
C-002085403,S-0075,-100.0,1,2,女性,44,3,12,0.75,0,0,19,4506647.2743158825,4.526027397260274,1.0
C-001628027,S-0040,-94.03600729261623,1,2,女性,23,5,12,0.5,6099,2,20,4550116.0180538,8.163013698630138,4.0
C-000669602,S-0062,-29.772290465446645,0,2,女性,28,10,12,0.6666666666666666,106191,1,15,4713869.782113416,4.575342465753424,1.0
C-001548095,S-0131,-5.5842264704690825,0,2,女性,43,6,12,1.0,683,1,17,4569023.5643747775,5.13972602739726,2.0
C-000155144,S-0030,-100.0,1,2,女性,57,12,12,0.4166666666666667,0,0,22,4426478.045479023,9.236986301369862,5.5
C-001109410,S-0050,-33.63794624313338,0,2,女性,44,8,12,0.5,1798,1,20,4615411.181286601,9.2013698630137,6.0
C-000350176,S-0072,-8.16486852273261,0,2,女性,50,11,12,0.5833333333333334,7012,2,12,4406797.312641796,9.01917808219178,6.0
C-002323719,S-0002,-80.98851593368043,1,2,女性,55,2,12,0.5,0,0,15,4455566.655169959,5.663013698630137,2.0
C-001556837,S-0113,-73.30692367770558,1,2,男性,49,6,12,0.4166666666666667,116335,1,16,4336633.961311346,5.77945205479452,2.5
C-002600073,S-0019,5.76018051872794,0,2,女性,41,1,12,0.0,17377,1,19,4327199.920883598,4.090410958904109,1.0
C-001553452,S-0062,-27.29077031689156,0,2,男性,51,6,12,0.25,0,0,15,4713869.782113416,4.575342465753424,1.0
C-001066428,S-0079,-50.766169483304125,1,2,女性,46,8,12,0.0833333333333333,1746,1,13,4256656.371085242,8.479452054794521,6.0
C-001493605,S-0007,-12.7756532153851,0,2,男性,40,6,12,0.3333333333333333,0,0,21,4487075.727367008,3.7260273972602738,1.0
C-002318163,S-0131,-43.96213847502191,0,2,女性,44,2,12,0.25,130969,1,17,4569023.5643747775,5.13972602739726,2.0
C-000421700,S-0048,-22.282405918301702,0,2,女性,35,11,12,0.1666666666666666,0,0,15,4502249.082895545,3.671232876712329,1.0
C-001070229,S-0017,-9.824944358842663,0,2,男性,75,8,12,0.5833333333333334,3883,1,20,4640207.03550726,5.608219178082192,2.5
C-002288252,S-0117,-100.0,1,2,男性,67,2,12,0.1666666666666666,0,0,20,4500859.737076383,9.593150684931507,7.0
C-000147509,S-0131,-12.644947829153441,0,2,女性,69,12,12,0.6666666666666666,0,0,17,4569023.5643747775,5.13972602739726,2.0
C-001899128,S-0062,-25.858433443599715,0,2,男性,31,4,12,0.5,682,1,15,4713869.782113416,4.575342465753424,1.0
C-000627672,S-0079,-4.277711382279377,0,2,男性,68,10,12,0.3333333333333333,25022,2,13,4256656.371085242,8.479452054794521,6.0
C-002001582,S-0036,-77.08234378041658,1,2,女性,69,4,12,0.0833333333333333,36937,2,19,4397834.424680548,11.123287671232877,9.0
C-001379657,S-0131,-6.103094925776329,0,2,男性,50,6,12,0.6666666666666666,123072,1,17,4569023.5643747775,5.13972602739726,2.0
C-002041632,S-0005,-37.71977663243438,0,2,女性,54,3,12,1.0,0,0,21,4733942.970761149,4.69041095890411,2.0
C-000622435,S-0050,-42.1024386055298,0,2,女性,39,10,12,0.3333333333333333,16994,1,20,4615411.181286601,9.2013698630137,6.0
C-002152625,S-0017,-46.185596541711696,0,2,女性,48,3,12,0.3333333333333333,0,0,20,4640207.03550726,5.608219178082192,2.5
C-002205141,S-0002,-100.0,1,2,女性,35,3,12,0.5,0,0,15,4455566.655169959,5.663013698630137,2.0
C-000324365,S-0072,-100.0,1,2,男性,53,11,12,0.0,0,0,12,4406797.312641796,9.01917808219178,6.0
C-000526213,S-0117,-100.0,1,2,女性,57,10,12,0.1666666666666666,8475,1,20,4500859.737076383,9.593150684931507,7.0
C-002375937,S-0039,-1.3874153917969827,0,2,男性,44,2,12,0.4166666666666667,34822,1,16,4591288.568998441,8.193150684931506,5.0
C-002218677,S-0062,-91.48862187536221,1,2,女性,55,3,12,0.6666666666666666,8417,1,15,4713869.782113416,4.575342465753424,1.0
C-001740479,S-0017,-64.88826014265504,1,2,男性,29,5,12,0.1666666666666666,41012,1,20,4640207.03550726,5.608219178082192,2.5
C-000652472,S-0082,-40.77671383264211,0,2,男性,56,10,12,0.1666666666666666,0,0,17,4607261.71451126,4.758904109589041,2.0
C-002141164,S-0121,-11.703074811728653,0,2,女性,69,3,12,0.0,0,0,14,4716268.25678644,9.856164383561644,7.0
C-000278054,S-0002,-100.0,1,2,女性,44,11,12,1.0,0,0,15,4455566.655169959,5.663013698630137,2.0
C-002410945,S-0019,0.9507143904861293,0,2,女性,21,2,12,0.6666666666666666,0,0,19,4327199.920883598,4.090410958904109,1.0
C-001885559,S-0111,-21.509803870176366,0,2,男性,69,4,12,0.25,4029,1,19,4489501.980758176,6.397260273972603,4.0
C-000706679,S-0096,-76.99111629091638,1,2,女性,22,9,12,0.8333333333333334,29420,2,16,4644856.458098179,8.302739726027397,5.0
C-000124601,S-0056,-73.87407765627194,1,2,女性,57,12,12,0.0833333333333333,8355,2,15,4406070.585753419,7.528767123287671,4.0
C-001646730,S-0079,-100.0,1,2,男性,49,5,12,0.1666666666666666,3446,1,13,4256656.371085242,8.479452054794521,6.0
C-001300279,S-0048,-81.19043651454916,1,2,男性,67,7,12,0.4166666666666667,30935,1,15,4502249.082895545,3.671232876712329,1.0
C-000255631,S-0030,-26.61331432017405,0,2,女性,66,11,12,0.5,0,0,22,4426478.045479023,9.236986301369862,5.5
C-000882906,S-0040,-61.56694384816846,1,2,女性,44,9,12,0.25,0,0,20,4550116.0180538,8.163013698630138,4.0
C-001820426,S-0005,-39.11970422686346,0,2,男性,31,4,12,0.1666666666666666,0,0,21,4733942.970761149,4.69041095890411,2.0
C-000380474,S-0121,-100.0,1,2,女性,53,11,12,0.1666666666666666,0,0,14,4716268.25678644,9.856164383561644,7.0
C-000994215,S-0111,-39.208815047741226,0,2,女性,61,8,12,0.4166666666666667,8237,1,19,4489501.980758176,6.397260273972603,4.0
C-000807892,S-0075,-91.92824507729424,1,2,男性,51,9,12,0.1666666666666666,0,0,19,4506647.2743158825,4.526027397260274,1.0
C-001099450,S-0050,-42.20560440463473,0,2,女性,48,8,12,0.4166666666666667,2607,2,20,4615411.181286601,9.2013698630137,6.0
C-001930448,S-0059,-16.918716940301227,0,2,女性,41,4,12,0.6666666666666666,14891,1,14,4713188.969095345,6.8123287671232875,3.0
C-002105924,S-0085,-93.8477813039363,1,2,女性,30,3,12,0.8333333333333334,0,0,15,4606655.398026554,4.928767123287671,2.0
C-000563644,S-0063,-18.51359325781062,0,2,男性,48,10,12,0.5833333333333334,23966,2,18,4564012.176421695,5.749315068493151,3.0
C-000529562,S-0004,-100.0,1,2,男性,53,10,12,0.5,0,0,22,4423576.351309,11.806849315068494,9.0
C-002052065,S-0017,-50.95193989914583,1,2,男性,51,3,12,0.0833333333333333,37246,1,20,4640207.03550726,5.608219178082192,2.5
C-000328339,S-0059,-100.0,1,2,女性,56,11,12,0.3333333333333333,8770,1,14,4713188.969095345,6.8123287671232875,3.0
C-001877601,S-0005,-17.97627082519271,0,2,男性,38,4,12,0.5833333333333334,0,0,21,4733942.970761149,4.69041095890411,2.0
C-002002766,S-0005,-10.455165258366492,0,2,男性,42,4,12,0.25,0,0,21,4733942.970761149,4.69041095890411,2.0
C-000771849,S-0005,-12.285549815240682,0,2,女性,49,9,12,0.5833333333333334,0,0,21,4733942.970761149,4.69041095890411,2.0
C-001500099,S-0039,-47.76545219594878,0,2,女性,60,6,12,0.0833333333333333,2110,2,16,4591288.568998441,8.193150684931506,5.0
C-000488803,S-0111,-100.0,1,2,女性,70,10,12,0.6666666666666666,0,0,19,4489501.980758176,6.397260273972603,4.0
C-002479047,S-0002,-83.99786536555615,1,2,男性,43,1,12,0.5833333333333334,6633,1,15,4455566.655169959,5.663013698630137,2.0
C-002313256,S-0059,-17.772384498310362,0,2,女性,78,2,12,0.4166666666666667,0,0,14,4713188.969095345,6.8123287671232875,3.0
C-000357192,S-0063,-73.58828569203209,1,2,男性,62,11,12,0.5,53130,1,18,4564012.176421695,5.749315068493151,3.0
C-000040444,S-0102,-100.0,1,2,女性,46,12,12,0.1666666666666666,21026,2,16,4383474.364435211,10.484931506849314,7.5
C-000468831,S-0079,-78.05204269730356,1,2,男性,38,10,12,0.25,0,0,13,4256656.371085242,8.479452054794521,6.0
C-001531965,S-0054,-62.27992475050406,1,2,男性,57,6,12,0.5833333333333334,0,0,23,4489160.181517739,6.358904109589041,4.0
C-001309719,S-0075,-36.26759274967484,0,2,女性,59,7,12,0.1666666666666666,728,1,19,4506647.2743158825,4.526027397260274,1.0
C-002170267,S-0017,-56.32638507953922,1,2,男性,52,3,12,0.25,0,0,20,4640207.03550726,5.608219178082192,2.5
C-001042536,S-0097,-100.0,1,2,女性,60,8,12,0.0,0,0,21,4592508.716501317,10.09041095890411,7.0
C-001661558,S-0131,-34.68538882187809,0,2,女性,35,5,12,0.6666666666666666,1657,1,17,4569023.5643747775,5.13972602739726,2.0
C-001201766,S-0019,-13.968680468407154,0,2,男性,55,7,12,0.4166666666666667,0,0,19,4327199.920883598,4.090410958904109,1.0
C-000565106,S-0019,-28.66381294301758,0,2,女性,52,10,12,0.4166666666666667,0,0,19,4327199.920883598,4.090410958904109,1.0
C-001202682,S-0075,-100.0,1,2,女性,55,7,12,0.9166666666666666,6161,1,19,4506647.2743158825,4.526027397260274,1.0
C-002554605,S-0004,-71.34160178410735,1,2,女性,44,1,12,0.4166666666666667,0,0,22,4423576.351309,11.806849315068494,9.0
C-002615122,S-0072,-60.380987587290406,1,2,男性,53,1,12,0.0833333333333333,20982,1,12,4406797.312641796,9.01917808219178,6.0
C-000533310,S-0048,-83.39800422330134,1,2,女性,22,10,12,0.6666666666666666,0,0,15,4502249.082895545,3.671232876712329,1.0
C-000214636,S-0085,-70.97295679073945,1,2,女性,75,12,12,0.5,131199,1,15,4606655.398026554,4.928767123287671,2.0
C-000952284,S-0111,-54.417331285386524,1,2,男性,55,8,12,0.5833333333333334,107713,1,19,4489501.980758176,6.397260273972603,4.0
C-000350297,S-0075,-100.0,1,2,女性,43,11,12,0.4166666666666667,0,0,19,4506647.2743158825,4.526027397260274,1.0
C-000656964,S-0121,-100.0,1,2,男性,42,10,12,0.1666666666666666,1339,1,14,4716268.25678644,9.856164383561644,7.0
C-000030187,S-0005,-42.348960477562784,0,2,男性,39,12,12,0.1666666666666666,0,0,21,4733942.970761149,4.69041095890411,2.0
C-000563688,S-0111,-4.896605133353543,0,2,男性,46,10,12,0.6666666666666666,0,0,19,4489501.980758176,6.397260273972603,4.0
C-002367296,S-0075,-26.815660039743555,0,2,女性,21,2,12,0.25,0,0,19,4506647.2743158825,4.526027397260274,1.0
C-001483638,S-0085,-3.491325212255445,0,2,女性,55,6,12,0.5,0,0,15,4606655.398026554,4.928767123287671,2.0
C-000025740,S-0005,-66.5154420591491,1,2,女性,46,12,12,0.3333333333333333,0,0,21,4733942.970761149,4.69041095890411,2.0
C-000598275,S-0056,-100.0,1,2,女性,38,10,12,0.6666666666666666,0,0,15,4406070.585753419,7.528767123287671,4.0
C-000255881,S-0007,-29.43707066174186,0,2,男性,64,11,12,0.3333333333333333,0,0,21,4487075.727367008,3.7260273972602738,1.0
C-001759396,S-0020,-50.909734674996855,1,2,男性,32,5,12,0.0833333333333333,2433,1,16,4280702.057267675,6.986301369863014,3.5
C-001450554,S-0020,-100.0,1,2,男性,41,6,12,0.25,0,0,16,4280702.057267675,6.986301369863014,3.5
C-000260279,S-0056,-100.0,1,2,女性,46,11,12,0.5,0,0,15,4406070.585753419,7.528767123287671,4.0
C-002467351,S-0008,-22.71147402232505,0,2,女性,44,2,12,0.1666666666666666,98863,2,22,4498453.308937302,10.772602739726027,7.0
C-002617979,S-0131,-76.31141850266722,1,2,女性,45,1,12,0.0,6598,1,17,4569023.5643747775,5.13972602739726,2.0
C-001361529,S-0100,-100.0,1,2,女性,47,6,12,0.5,2005,1,17,4535925.154217558,4.720547945205479,2.0
C-000483069,S-0075,-7.903926411719615,0,2,女性,44,10,12,0.3333333333333333,0,0,19,4506647.2743158825,4.526027397260274,1.0
C-001644341,S-0017,-8.854861990853303,0,2,男性,59,5,12,0.0,2880,1,20,4640207.03550726,5.608219178082192,2.5
C-000380584,S-0040,-32.05150064283641,0,2,女性,55,11,12,0.8333333333333334,0,0,20,4550116.0180538,8.163013698630138,4.0
C-000695719,S-0054,-23.230369220660045,0,2,女性,54,9,12,0.5,19989,1,23,4489160.181517739,6.358904109589041,4.0
C-002209285,S-0111,-100.0,1,2,女性,50,3,12,0.25,25570,1,19,4489501.980758176,6.397260273972603,4.0
C-000040633,S-0085,-16.32634105912949,0,2,女性,66,12,12,0.0,0,0,15,4606655.398026554,4.928767123287671,2.0
C-002116708,S-0005,-11.6389292554803,0,2,女性,46,3,12,0.25,39101,1,21,4733942.970761149,4.69041095890411,2.0
C-000913598,S-0059,-99.27204627490069,1,2,女性,33,8,12,0.3333333333333333,0,0,14,4713188.969095345,6.8123287671232875,3.0
C-001157419,S-0115,-100.0,1,2,男性,73,7,12,0.0833333333333333,0,0,14,4553643.099564746,10.51095890410959,7.0
C-000432904,S-0100,-16.026523827899585,0,2,男性,43,11,12,0.25,0,0,17,4535925.154217558,4.720547945205479,2.0
C-001807146,S-0063,-8.454214948384665,0,2,女性,61,4,12,0.25,0,0,18,4564012.176421695,5.749315068493151,3.0
C-000434123,S-0036,-100.0,1,2,男性,40,11,12,0.4166666666666667,0,0,19,4397834.424680548,11.123287671232877,9.0
C-002457406,S-0115,-100.0,1,2,女性,47,2,12,0.0833333333333333,27,1,14,4553643.099564746,10.51095890410959,7.0
C-001729274,S-0097,-100.0,1,2,男性,42,5,12,0.25,0,0,21,4592508.716501317,10.09041095890411,7.0
C-000738207,S-0019,-4.462399005593536,0,2,女性,44,9,12,0.4166666666666667,0,0,19,4327199.920883598,4.090410958904109,1.0
C-001973265,S-0017,-21.33921913324209,0,2,男性,63,4,12,0.25,51159,1,20,4640207.03550726,5.608219178082192,2.5
C-001140634,S-0039,-28.1643232396427,0,2,女性,89,7,12,0.1666666666666666,117167,2,16,4591288.568998441,8.193150684931506,5.0
C-001734467,S-0121,-89.57753549640398,1,2,男性,48,5,12,0.5,16003,1,14,4716268.25678644,9.856164383561644,7.0
C-002132699,S-0036,-100.0,1,2,女性,58,3,12,0.0833333333333333,0,0,19,4397834.424680548,11.123287671232877,9.0
C-000506532,S-0048,-19.27373233836932,0,2,女性,52,10,12,0.4166666666666667,0,0,15,4502249.082895545,3.671232876712329,1.0
C-002603038,S-0008,-74.57382680840031,1,2,女性,55,1,12,0.25,0,0,22,4498453.308937302,10.772602739726027,7.0
C-001043778,S-0082,-48.53847558250074,0,2,女性,41,8,12,0.5,34646,1,17,4607261.71451126,4.758904109589041,2.0
C-001435831,S-0017,-100.0,1,2,男性,47,6,12,0.1666666666666666,0,0,20,4640207.03550726,5.608219178082192,2.5
C-001469254,S-0059,-31.17264395920152,0,2,男性,41,6,12,0.5,0,0,14,4713188.969095345,6.8123287671232875,3.0
C-000648201,S-0017,-33.226305831087664,0,2,女性,36,10,12,0.6666666666666666,0,0,20,4640207.03550726,5.608219178082192,2.5
C-000468475,S-0063,-91.6907514450867,1,2,女性,38,10,12,0.4166666666666667,0,0,18,4564012.176421695,5.749315068493151,3.0
C-002597846,S-0111,-14.130860128135184,0,2,女性,46,1,12,0.6666666666666666,0,0,19,4489501.980758176,6.397260273972603,4.0
C-001112495,S-0019,-4.2524940575337435,0,2,男性,56,8,12,0.5,0,0,19,4327199.920883598,4.090410958904109,1.0
C-002358123,S-0099,-100.0,1,2,女性,43,2,12,0.0833333333333333,0,0,13,4464126.154078853,8.147945205479452,5.0
C-000356495,S-0005,-21.75755863238203,0,2,男性,42,11,12,0.5833333333333334,0,0,21,4733942.970761149,4.69041095890411,2.0
C-001083486,S-0099,-100.0,1,2,女性,54,8,12,0.5,0,0,13,4464126.154078853,8.147945205479452,5.0
C-001781078,S-0059,-99.27812139276054,1,2,男性,55,5,12,0.5833333333333334,0,0,14,4713188.969095345,6.8123287671232875,3.0
C-001003080,S-0117,-100.0,1,2,男性,42,8,12,0.3333333333333333,0,0,20,4500859.737076383,9.593150684931507,7.0
C-000676306,S-0054,-47.57435534936768,0,2,男性,32,10,12,0.5,0,0,23,4489160.181517739,6.358904109589041,4.0
C-000464834,S-0063,-82.63125400707621,1,2,男性,44,10,12,0.5833333333333334,6723,2,18,4564012.176421695,5.749315068493151,3.0
C-000559414,S-0072,-22.450526338583636,0,2,女性,33,10,12,0.4166666666666667,0,0,12,4406797.312641796,9.01917808219178,6.0
C-001424016,S-0005,-100.0,1,2,女性,44,6,12,0.1666666666666666,0,0,21,4733942.970761149,4.69041095890411,2.0
C-001521355,S-0074,-53.88769215418117,1,2,女性,50,6,12,0.0,83267,1,14,4614054.39694187,8.308219178082192,6.0
C-000343129,S-0005,-55.896407720595874,1,2,男性,68,11,12,0.4166666666666667,0,0,21,4733942.970761149,4.69041095890411,2.0
C-000343378,S-0075,-37.750531758521106,0,2,女性,50,11,12,0.6666666666666666,60144,1,19,4506647.2743158825,4.526027397260274,1.0
C-002544086,S-0111,-54.411579609817494,1,2,女性,52,1,12,0.5833333333333334,63504,1,19,4489501.980758176,6.397260273972603,4.0
C-000902194,S-0036,-40.61630858925726,0,2,女性,35,8,12,0.4166666666666667,6384,2,19,4397834.424680548,11.123287671232877,9.0
C-000211213,S-0126,-40.771041325785085,0,2,女性,60,12,12,0.5833333333333334,0,0,17,4493168.352495564,5.53972602739726,3.0
C-002203087,S-0019,-16.714059613714415,0,2,女性,68,3,12,0.5,18207,1,19,4327199.920883598,4.090410958904109,1.0
C-001389897,S-0007,-100.0,1,2,女性,50,6,12,1.0,0,0,21,4487075.727367008,3.7260273972602738,1.0
C-000103264,S-0036,-40.85673024444198,0,2,女性,55,12,12,0.1666666666666666,6281,2,19,4397834.424680548,11.123287671232877,9.0
C-000444482,S-0036,-100.0,1,2,男性,48,11,12,0.4166666666666667,0,0,19,4397834.424680548,11.123287671232877,9.0
C-001790963,S-0056,-71.18093407539159,1,2,女性,54,5,12,0.0833333333333333,21704,1,15,4406070.585753419,7.528767123287671,4.0
C-000450645,S-0012,-71.14480381985524,1,2,女性,75,11,12,0.0833333333333333,21370,2,16,4444678.825084195,7.994520547945205,5.0
C-001856646,S-0004,-100.0,1,2,女性,57,4,12,0.0,0,0,22,4423576.351309,11.806849315068494,9.0
C-000074704,S-0017,-46.68236570377769,0,2,女性,53,12,12,0.0833333333333333,0,0,20,4640207.03550726,5.608219178082192,2.5
C-002573953,S-0111,-63.84651980854622,1,2,女性,46,1,12,0.0833333333333333,13115,1,19,4489501.980758176,6.397260273972603,4.0
C-001982429,S-0030,-28.432953851453984,0,2,女性,62,4,12,0.5,0,0,22,4426478.045479023,9.236986301369862,5.5
C-000674543,S-0041,-17.315689438537635,0,2,女性,54,10,12,0.25,2555,1,17,4828489.286769263,10.389041095890411,7.0
C-000457806,S-0079,-100.0,1,2,女性,48,10,12,0.25,0,0,13,4256656.371085242,8.479452054794521,6.0
C-001552874,S-0050,-17.165154432897882,0,2,女性,53,6,12,0.4166666666666667,0,0,20,4615411.181286601,9.2013698630137,6.0
C-000248912,S-0059,-79.8701916218915,1,2,女性,54,11,12,0.6666666666666666,7848,1,14,4713188.969095345,6.8123287671232875,3.0
C-002000359,S-0085,-33.06561715181446,0,2,女性,35,4,12,0.5,76283,1,15,4606655.398026554,4.928767123287671,2.0
C-000593840,S-0036,-100.0,1,2,男性,45,10,12,0.0833333333333333,5752,1,19,4397834.424680548,11.123287671232877,9.0
C-002512023,S-0075,-28.27134754634923,0,2,女性,43,1,12,0.5,32157,1,19,4506647.2743158825,4.526027397260274,1.0
C-002657991,S-0018,-81.7922817922818,1,2,女性,54,1,12,0.0,65303,1,16,4493108.581950108,7.550684931506849,5.0
C-001747666,S-0082,-44.795352993744416,0,2,男性,53,5,12,0.5,0,0,17,4607261.71451126,4.758904109589041,2.0
C-001450237,S-0126,-0.9853416080591296,0,2,男性,42,6,12,0.25,3862,1,17,4493168.352495564,5.53972602739726,3.0
C-001630954,S-0131,-74.00334012971179,1,2,男性,44,5,12,0.75,0,0,17,4569023.5643747775,5.13972602739726,2.0
C-000253170,S-0017,-34.40576121746483,0,2,女性,54,11,12,0.9166666666666666,0,0,20,4640207.03550726,5.608219178082192,2.5
C-000904328,S-0017,-41.82033443027823,0,2,女性,37,8,12,0.25,0,0,20,4640207.03550726,5.608219178082192,2.5
C-001401635,S-0054,-100.0,1,2,男性,44,6,12,0.3333333333333333,0,0,23,4489160.181517739,6.358904109589041,4.0
C-000273140,S-0063,-39.3018018018018,0,2,女性,32,11,12,0.1666666666666666,28700,1,18,4564012.176421695,5.749315068493151,3.0
C-001855343,S-0050,-41.29156157707099,0,2,女性,56,4,12,0.25,0,0,20,4615411.181286601,9.2013698630137,6.0
C-000035258,S-0005,-26.851991103160593,0,2,男性,25,12,12,0.25,0,0,21,4733942.970761149,4.69041095890411,2.0
C-001203298,S-0017,-22.577302761731424,0,2,女性,54,7,12,0.4166666666666667,0,0,20,4640207.03550726,5.608219178082192,2.5
C-000067923,S-0121,-100.0,1,2,男性,67,12,12,0.0833333333333333,0,0,14,4716268.25678644,9.856164383561644,7.0
C-001644610,S-0085,-21.1746579930631,0,2,男性,58,5,12,0.5,0,0,15,4606655.398026554,4.928767123287671,2.0
C-002439168,S-0074,-23.839086744800262,0,2,女性,23,2,12,0.25,7010,1,14,4614054.39694187,8.308219178082192,6.0
C-002458422,S-0039,-63.255539530614925,1,2,女性,44,2,12,0.4166666666666667,0,0,16,4591288.568998441,8.193150684931506,5.0
C-001163039,S-0085,-19.19157817199681,0,2,女性,51,7,12,0.5833333333333334,11522,1,15,4606655.398026554,4.928767123287671,2.0
C-001700668,S-0131,-55.046622114455815,1,2,男性,66,5,12,0.4166666666666667,0,0,17,4569023.5643747775,5.13972602739726,2.0
C-002204467,S-0131,-43.02496568851709,0,2,女性,58,3,12,0.5833333333333334,0,0,17,4569023.5643747775,5.13972602739726,2.0
C-002078946,S-0099,-4.161238873886354,0,2,女性,48,3,12,0.3333333333333333,10649,1,13,4464126.154078853,8.147945205479452,5.0
C-002396062,S-0030,-100.0,1,2,男性,32,2,12,0.1666666666666666,0,0,22,4426478.045479023,9.236986301369862,5.5
C-001627912,S-0079,-33.60458671350317,0,2,女性,51,5,12,0.5,0,0,13,4256656.371085242,8.479452054794521,6.0
C-002019773,S-0019,-29.768681666214874,0,2,女性,48,4,12,0.3333333333333333,0,0,19,4327199.920883598,4.090410958904109,1.0
C-001061434,S-0063,-76.7152159203097,1,2,男性,55,8,12,0.4166666666666667,9562,1,18,4564012.176421695,5.749315068493151,3.0
C-000374666,S-0082,-32.3628953183106,0,2,女性,50,11,12,0.3333333333333333,7973,2,17,4607261.71451126,4.758904109589041,2.0
C-000345286,S-0089,-64.19676373746044,1,2,女性,44,11,12,0.4166666666666667,0,0,19,4721110.949352573,10.142465753424657,7.0
C-000288996,S-0089,-100.0,1,2,女性,25,11,12,0.4166666666666667,0,0,19,4721110.949352573,10.142465753424657,7.0
C-000800596,S-0048,-55.70433694501781,1,2,男性,57,9,12,0.3333333333333333,3464,1,15,4502249.082895545,3.671232876712329,1.0
C-000365928,S-0040,-100.0,1,2,男性,39,11,12,0.5833333333333334,3349,1,20,4550116.0180538,8.163013698630138,4.0
C-000240834,S-0012,-100.0,1,2,男性,50,11,12,0.1666666666666666,5793,1,16,4444678.825084195,7.994520547945205,5.0
C-000100404,S-0054,-100.0,1,2,男性,57,12,12,0.4166666666666667,0,0,23,4489160.181517739,6.358904109589041,4.0
C-002690134,S-0075,-73.42042943543062,1,2,女性,37,1,12,0.5,43480,1,19,4506647.2743158825,4.526027397260274,1.0
C-001964594,S-0080,-45.76435514738857,0,2,女性,54,4,12,0.3333333333333333,19325,1,17,4457429.264950683,11.673972602739726,9.0
C-002527912,S-0089,-44.19815911228545,0,2,男性,20,1,12,0.25,20121,2,19,4721110.949352573,10.142465753424657,7.0
C-001374531,S-0100,-47.405795952347916,0,2,女性,36,6,12,0.0833333333333333,17467,1,17,4535925.154217558,4.720547945205479,2.0
C-000773219,S-0117,-100.0,1,2,男性,68,9,12,0.1666666666666666,0,0,20,4500859.737076383,9.593150684931507,7.0
C-000136668,S-0059,-18.8556421570499,0,2,女性,20,12,12,0.0833333333333333,0,0,14,4713188.969095345,6.8123287671232875,3.0
C-000679965,S-0017,-73.4944991314418,1,2,女性,56,9,12,0.25,2193,1,20,4640207.03550726,5.608219178082192,2.5
C-001983629,S-0019,-38.73790983146698,0,2,女性,61,4,12,0.1666666666666666,21063,1,19,4327199.920883598,4.090410958904109,1.0
C-001334891,S-0059,-24.74666745748135,0,2,女性,53,7,12,0.0833333333333333,2940,2,14,4713188.969095345,6.8123287671232875,3.0
C-000005181,S-0019,-30.22828543070133,0,2,男性,45,12,12,0.75,3440,1,19,4327199.920883598,4.090410958904109,1.0
C-000136014,S-0002,-100.0,1,2,男性,26,12,12,0.25,22215,1,15,4455566.655169959,5.663013698630137,2.0
C-001020278,S-0121,-51.51013928717738,1,2,男性,45,8,12,0.0833333333333333,6565,1,14,4716268.25678644,9.856164383561644,7.0
C-001195301,S-0019,-14.085001864481475,0,2,女性,29,7,12,0.75,0,0,19,4327199.920883598,4.090410958904109,1.0
C-001388512,S-0096,-10.581007956108007,0,2,女性,42,6,12,0.75,0,0,16,4644856.458098179,8.302739726027397,5.0
C-002485348,S-0056,-100.0,1,2,男性,50,1,12,0.25,12763,1,15,4406070.585753419,7.528767123287671,4.0
C-002601192,S-0111,-30.472589235794366,0,2,男性,24,1,12,0.5833333333333334,0,0,19,4489501.980758176,6.397260273972603,4.0
C-000983725,S-0050,-40.44096914725049,0,2,女性,59,8,12,0.0833333333333333,0,0,20,4615411.181286601,9.2013698630137,6.0
C-002158893,S-0062,-6.528555221722165,0,2,男性,58,3,12,0.6666666666666666,0,0,15,4713869.782113416,4.575342465753424,1.0
C-002393283,S-0082,-42.74888421373083,0,2,女性,34,2,12,0.6666666666666666,0,0,17,4607261.71451126,4.758904109589041,2.0
C-000044716,S-0007,-92.3700556466272,1,2,男性,70,12,12,0.0833333333333333,73971,1,21,4487075.727367008,3.7260273972602738,1.0
C-000216230,S-0056,-62.14070798120891,1,2,男性,37,12,12,0.0833333333333333,0,0,15,4406070.585753419,7.528767123287671,4.0
C-000683659,S-0036,-83.13489171937393,1,2,男性,50,9,12,0.4166666666666667,0,0,19,4397834.424680548,11.123287671232877,9.0
C-000879435,S-0020,-44.539914841538966,0,2,男性,40,9,12,0.0833333333333333,0,0,16,4280702.057267675,6.986301369863014,3.5
C-000845714,S-0005,-42.657290248441775,0,2,女性,46,9,12,0.4166666666666667,0,0,21,4733942.970761149,4.69041095890411,2.0
C-000743246,S-0099,-100.0,1,2,女性,34,9,12,0.1666666666666666,0,0,13,4464126.154078853,8.147945205479452,5.0
C-001675691,S-0040,-97.15346930934008,1,2,女性,51,5,12,0.0833333333333333,7547,1,20,4550116.0180538,8.163013698630138,4.0
C-000263557,S-0019,1.1040035034825828,0,2,女性,51,11,12,0.5,0,0,19,4327199.920883598,4.090410958904109,1.0
C-002187547,S-0039,-56.48636030147402,1,2,女性,66,3,12,0.0,0,0,16,4591288.568998441,8.193150684931506,5.0
C-000918483,S-0059,-23.006338409916143,0,2,男性,45,8,12,0.25,0,0,14,4713188.969095345,6.8123287671232875,3.0
C-000343965,S-0007,-97.33422621730564,1,2,男性,60,11,12,0.1666666666666666,2034,1,21,4487075.727367008,3.7260273972602738,1.0
C-001467110,S-0082,-25.7222370497436,0,2,女性,50,6,12,0.3333333333333333,0,0,17,4607261.71451126,4.758904109589041,2.0
C-000510720,S-0100,-40.35027285747956,0,2,女性,44,10,12,0.75,0,0,17,4535925.154217558,4.720547945205479,2.0
C-001365831,S-0079,-100.0,1,2,女性,30,6,12,0.1666666666666666,2090,1,13,4256656.371085242,8.479452054794521,6.0
C-001785756,S-0056,-53.40040298955371,1,2,男性,61,5,12,0.3333333333333333,0,0,15,4406070.585753419,7.528767123287671,4.0
C-002296979,S-0085,-35.36594998499234,0,2,女性,58,2,12,0.75,13159,2,15,4606655.398026554,4.928767123287671,2.0
C-000070736,S-0089,-58.16073099448982,1,2,男性,64,12,12,0.75,12355,1,19,4721110.949352573,10.142465753424657,7.0
C-002061824,S-0113,-39.1101468675034,0,2,女性,53,3,12,0.1666666666666666,0,0,16,4336633.961311346,5.77945205479452,2.5
C-001396152,S-0017,-95.99088210613328,1,2,女性,38,6,12,0.3333333333333333,16403,1,20,4640207.03550726,5.608219178082192,2.5
C-002078913,S-0019,-11.09701994376571,0,2,男性,60,3,12,0.5,0,0,19,4327199.920883598,4.090410958904109,1.0
C-002058731,S-0050,-21.776563957654503,0,2,女性,41,3,12,0.4166666666666667,0,0,20,4615411.181286601,9.2013698630137,6.0
C-002395481,S-0054,-14.282909810894262,0,2,男性,62,2,12,0.4166666666666667,0,0,23,4489160.181517739,6.358904109589041,4.0
C-001590145,S-0059,-12.423529114587527,0,2,男性,35,5,12,0.4166666666666667,8649,1,14,4713188.969095345,6.8123287671232875,3.0
C-001269659,S-0115,-21.686862922806664,0,2,女性,43,7,12,0.4166666666666667,9074,1,14,4553643.099564746,10.51095890410959,7.0
C-000064623,S-0111,-12.407843885681569,0,2,男性,37,12,12,0.25,0,0,19,4489501.980758176,6.397260273972603,4.0
C-000648780,S-0054,-37.34348819497335,0,2,男性,42,10,12,0.1666666666666666,0,0,23,4489160.181517739,6.358904109589041,4.0
C-000471314,S-0056,-61.58626409675543,1,2,女性,58,10,12,0.0833333333333333,5473,2,15,4406070.585753419,7.528767123287671,4.0
C-001470988,S-0008,-60.32275189404164,1,2,女性,35,6,12,0.0833333333333333,15935,1,22,4498453.308937302,10.772602739726027,7.0
C-002255596,S-0100,-39.69786337646705,0,2,女性,76,2,12,0.0833333333333333,204538,1,17,4535925.154217558,4.720547945205479,2.0
C-001142116,S-0050,-80.70190046002374,1,2,女性,60,7,12,0.6666666666666666,85735,1,20,4615411.181286601,9.2013698630137,6.0
C-002162402,S-0121,-73.75939192731084,1,2,女性,37,3,12,0.1666666666666666,0,0,14,4716268.25678644,9.856164383561644,7.0
C-000609637,S-0063,-35.716029490747516,0,2,女性,50,10,12,0.6666666666666666,0,0,18,4564012.176421695,5.749315068493151,3.0
C-000384248,S-0079,-20.74957350194139,0,2,女性,42,11,12,0.6666666666666666,4134,1,13,4256656.371085242,8.479452054794521,6.0
C-001396320,S-0089,-39.02430531374051,0,2,女性,43,6,12,0.0833333333333333,7306,1,19,4721110.949352573,10.142465753424657,7.0
C-001564669,S-0096,-4.238721157721915,0,2,女性,86,6,12,0.75,13614,1,16,4644856.458098179,8.302739726027397,5.0
C-000385216,S-0020,-4.875824891650677,0,2,女性,57,11,12,0.1666666666666666,0,0,16,4280702.057267675,6.986301369863014,3.5
C-002522287,S-0005,-29.198069038246498,0,2,男性,23,1,12,0.25,0,0,21,4733942.970761149,4.69041095890411,2.0
C-002463236,S-0099,-12.905046500331371,0,2,男性,59,2,12,0.3333333333333333,0,0,13,4464126.154078853,8.147945205479452,5.0
C-001008150,S-0040,-31.92691391841626,0,2,男性,49,8,12,0.5,0,0,20,4550116.0180538,8.163013698630138,4.0
C-001090383,S-0111,-52.58679493813803,1,2,女性,53,8,12,0.5,0,0,19,4489501.980758176,6.397260273972603,4.0
C-000889112,S-0017,-34.08249678093831,0,2,女性,51,9,12,0.0833333333333333,9062,1,20,4640207.03550726,5.608219178082192,2.5
C-000621665,S-0017,-20.28118601164084,0,2,女性,60,10,12,0.9166666666666666,0,0,20,4640207.03550726,5.608219178082192,2.5
C-000770284,S-0063,-52.12857103374575,1,2,女性,59,9,12,0.75,4551,2,18,4564012.176421695,5.749315068493151,3.0
C-000614944,S-0099,-31.579427671203923,0,2,男性,65,10,12,0.8333333333333334,9512,1,13,4464126.154078853,8.147945205479452,5.0
C-001491272,S-0131,-52.84127421279721,1,2,女性,45,6,12,0.1666666666666666,30938,1,17,4569023.5643747775,5.13972602739726,2.0
C-000736923,S-0017,3.7259744111970514,0,2,女性,51,9,12,0.1666666666666666,0,0,20,4640207.03550726,5.608219178082192,2.5
C-000788124,S-0126,-23.999610790824395,0,2,男性,40,9,12,0.5833333333333334,0,0,17,4493168.352495564,5.53972602739726,3.0
C-000339092,S-0082,-8.89120920029841,0,2,女性,49,11,12,0.5,0,0,17,4607261.71451126,4.758904109589041,2.0
C-000179631,S-0020,-75.67093444038281,1,2,男性,65,12,12,0.25,0,0,16,4280702.057267675,6.986301369863014,3.5
C-001926984,S-0111,-52.66791380125291,1,2,男性,52,4,12,0.5833333333333334,7195,2,19,4489501.980758176,6.397260273972603,4.0
C-000917329,S-0079,-100.0,1,2,女性,52,8,12,0.0833333333333333,0,0,13,4256656.371085242,8.479452054794521,6.0
C-000601271,S-0099,-94.41497723193007,1,2,女性,42,10,12,0.25,17203,2,13,4464126.154078853,8.147945205479452,5.0
C-002274061,S-0019,-12.316715542521994,0,2,男性,57,2,12,0.3333333333333333,0,0,19,4327199.920883598,4.090410958904109,1.0
C-001003110,S-0012,-14.75765740654712,0,2,男性,68,8,12,0.5,8871,1,16,4444678.825084195,7.994520547945205,5.0
C-000530921,S-0020,-32.03585832258772,0,2,女性,44,10,12,0.1666666666666666,10866,1,16,4280702.057267675,6.986301369863014,3.5
C-000063573,S-0131,-34.74017323342573,0,2,女性,75,12,12,0.1666666666666666,0,0,17,4569023.5643747775,5.13972602739726,2.0
C-002579830,S-0004,-22.567616383186405,0,2,女性,51,1,12,0.6666666666666666,0,0,22,4423576.351309,11.806849315068494,9.0
C-001799890,S-0072,-100.0,1,2,男性,56,4,12,0.0833333333333333,0,0,12,4406797.312641796,9.01917808219178,6.0
C-001327041,S-0018,-18.79413513973859,0,2,男性,47,7,12,0.75,0,0,16,4493108.581950108,7.550684931506849,5.0
C-001403996,S-0100,-84.36795061775005,1,2,女性,59,6,12,0.4166666666666667,19335,2,17,4535925.154217558,4.720547945205479,2.0
C-002085735,S-0079,-35.83224985476777,0,2,男性,57,3,12,0.0833333333333333,1092,1,13,4256656.371085242,8.479452054794521,6.0
C-002293935,S-0041,-19.73411884752746,0,2,女性,69,2,12,0.25,15740,1,17,4828489.286769263,10.389041095890411,7.0
C-002621454,S-0041,-31.971354593675283,0,2,男性,70,1,12,0.0833333333333333,36710,1,17,4828489.286769263,10.389041095890411,7.0
C-002519951,S-0100,-2.6881325377930616,0,2,女性,34,1,12,0.5,57595,1,17,4535925.154217558,4.720547945205479,2.0
C-002045180,S-0099,-51.94451280635306,1,2,女性,48,3,12,0.75,0,0,13,4464126.154078853,8.147945205479452,5.0
C-002061793,S-0113,-17.910598591944666,0,2,女性,45,3,12,0.25,543,1,16,4336633.961311346,5.77945205479452,2.5
C-000907896,S-0082,-100.0,1,2,女性,49,8,12,0.25,0,0,17,4607261.71451126,4.758904109589041,2.0
C-000238808,S-0054,-34.942622195025855,0,2,女性,44,11,12,0.5,8140,1,23,4489160.181517739,6.358904109589041,4.0
C-000266993,S-0005,-17.22532742883364,0,2,女性,55,11,12,0.4166666666666667,5674,2,21,4733942.970761149,4.69041095890411,2.0
C-002580535,S-0054,-96.10720649376361,1,2,女性,42,1,12,0.6666666666666666,0,0,23,4489160.181517739,6.358904109589041,4.0
C-000551595,S-0019,-14.592914649449087,0,2,女性,54,10,12,0.25,0,0,19,4327199.920883598,4.090410958904109,1.0
C-002126288,S-0054,-100.0,1,2,女性,58,3,12,0.4166666666666667,0,0,23,4489160.181517739,6.358904109589041,4.0
C-002024505,S-0097,-92.73817954592793,1,2,女性,50,3,12,0.3333333333333333,0,0,21,4592508.716501317,10.09041095890411,7.0
C-002066247,S-0100,-100.0,1,2,女性,48,3,12,0.3333333333333333,23134,1,17,4535925.154217558,4.720547945205479,2.0
C-001115088,S-0017,-70.73847036450752,1,2,女性,36,8,12,0.9166666666666666,1245,1,20,4640207.03550726,5.608219178082192,2.5
C-000734781,S-0082,-81.22497699748837,1,2,女性,46,9,12,0.75,0,0,17,4607261.71451126,4.758904109589041,2.0
C-002570753,S-0002,-18.11099628985885,0,2,女性,56,1,12,0.75,16699,1,15,4455566.655169959,5.663013698630137,2.0
C-000774299,S-0002,-36.59052474324904,0,2,女性,58,9,12,0.5833333333333334,2513,1,15,4455566.655169959,5.663013698630137,2.0
C-001179335,S-0100,-23.743492796677252,0,2,女性,31,7,12,0.3333333333333333,59992,1,17,4535925.154217558,4.720547945205479,2.0
C-002547284,S-0030,-46.78145960556612,0,2,男性,50,1,12,0.6666666666666666,0,0,22,4426478.045479023,9.236986301369862,5.5
C-001663060,S-0039,-100.0,1,2,女性,33,5,12,0.3333333333333333,0,0,16,4591288.568998441,8.193150684931506,5.0
C-002678563,S-0041,-100.0,1,2,女性,45,1,12,0.5,0,0,17,4828489.286769263,10.389041095890411,7.0
C-002622753,S-0019,-8.48145993164277,0,2,女性,69,1,12,0.9166666666666666,0,0,19,4327199.920883598,4.090410958904109,1.0
C-001644065,S-0063,-3.359486079897262,0,2,女性,52,5,12,0.25,11302,1,18,4564012.176421695,5.749315068493151,3.0
C-001319076,S-0004,-89.56229314546597,1,2,男性,41,7,12,0.5,7107,1,22,4423576.351309,11.806849315068494,9.0
C-002044156,S-0007,-74.74233875024005,1,2,女性,37,3,12,0.25,0,0,21,4487075.727367008,3.7260273972602738,1.0
C-001258646,S-0050,-100.0,1,2,女性,42,7,12,0.25,0,0,20,4615411.181286601,9.2013698630137,6.0
C-000596178,S-0039,-30.594671921155165,0,2,女性,32,10,12,0.25,0,0,16,4591288.568998441,8.193150684931506,5.0
C-001800670,S-0020,-39.41666996903324,0,2,男性,56,4,12,0.5,0,0,16,4280702.057267675,6.986301369863014,3.5
C-000090912,S-0059,-18.54990744695999,0,2,男性,49,12,12,0.5,0,0,14,4713188.969095345,6.8123287671232875,3.0
C-002645767,S-0115,-43.01864029028752,0,2,男性,50,1,12,0.4166666666666667,3171,1,14,4553643.099564746,10.51095890410959,7.0
C-000151825,S-0050,-68.52184935848022,1,2,女性,63,12,12,0.6666666666666666,0,0,20,4615411.181286601,9.2013698630137,6.0
C-001217354,S-0115,-97.76567221347406,1,2,女性,57,7,12,0.1666666666666666,46041,1,14,4553643.099564746,10.51095890410959,7.0
C-001932319,S-0100,-10.256836711584192,0,2,女性,58,4,12,0.3333333333333333,0,0,17,4535925.154217558,4.720547945205479,2.0
C-000908671,S-0005,-68.34628190899001,1,2,女性,49,8,12,0.25,0,0,21,4733942.970761149,4.69041095890411,2.0
C-001494597,S-0121,-100.0,1,2,男性,54,6,12,0.5,5676,1,14,4716268.25678644,9.856164383561644,7.0
C-001749736,S-0100,-9.993717671227852,0,2,女性,59,5,12,1.0,0,0,17,4535925.154217558,4.720547945205479,2.0
C-002059080,S-0019,-10.464952695811206,0,2,男性,76,3,12,0.5,0,0,19,4327199.920883598,4.090410958904109,1.0
C-000131121,S-0111,-12.552591231689098,0,2,男性,75,12,12,0.6666666666666666,0,0,19,4489501.980758176,6.397260273972603,4.0
C-001633709,S-0075,-25.251984834674168,0,2,男性,64,5,12,0.25,0,0,19,4506647.2743158825,4.526027397260274,1.0
C-001490179,S-0004,-35.37219951227215,0,2,女性,52,6,12,0.0833333333333333,0,0,22,4423576.351309,11.806849315068494,9.0
C-000887501,S-0030,-71.82859598684016,1,2,女性,24,9,12,0.25,0,0,22,4426478.045479023,9.236986301369862,5.5
C-001128723,S-0005,-8.16282551492605,0,2,男性,49,7,12,0.4166666666666667,0,0,21,4733942.970761149,4.69041095890411,2.0
C-000899723,S-0089,-25.161006468797563,0,2,男性,66,9,12,0.0,59491,1,19,4721110.949352573,10.142465753424657,7.0
C-000943036,S-0019,-0.04069175991861648,0,2,女性,50,8,12,0.3333333333333333,8534,1,19,4327199.920883598,4.090410958904109,1.0
C-001953507,S-0131,-34.84397018625104,0,2,女性,54,4,12,0.4166666666666667,0,0,17,4569023.5643747775,5.13972602739726,2.0
C-000581282,S-0054,-79.65177496991576,1,2,女性,82,10,12,0.9166666666666666,0,0,23,4489160.181517739,6.358904109589041,4.0
C-000420434,S-0012,-49.513290006412895,1,2,女性,56,11,12,0.0833333333333333,56538,1,16,4444678.825084195,7.994520547945205,5.0
C-000068194,S-0039,-13.46979516259692,0,2,女性,54,12,12,0.5833333333333334,0,0,16,4591288.568998441,8.193150684931506,5.0
C-000490125,S-0040,-43.77904171850799,0,2,女性,50,10,12,0.1666666666666666,9824,1,20,4550116.0180538,8.163013698630138,4.0
C-002347343,S-0056,-23.655521223070114,0,2,女性,49,2,12,0.1666666666666666,0,0,15,4406070.585753419,7.528767123287671,4.0
C-001945099,S-0126,-100.0,1,2,女性,42,4,12,0.6666666666666666,0,0,17,4493168.352495564,5.53972602739726,3.0
C-002357783,S-0113,-100.0,1,2,男性,48,2,12,0.0833333333333333,0,0,16,4336633.961311346,5.77945205479452,2.5
C-000893025,S-0126,-100.0,1,2,女性,60,9,12,0.5,0,0,17,4493168.352495564,5.53972602739726,3.0
C-001546201,S-0082,-100.0,1,2,女性,48,6,12,0.5833333333333334,0,0,17,4607261.71451126,4.758904109589041,2.0
C-000773924,S-0082,-14.769637659689423,0,2,女性,22,9,12,0.8333333333333334,0,0,17,4607261.71451126,4.758904109589041,2.0
C-001618622,S-0040,-25.68342304385561,0,2,男性,35,5,12,0.6666666666666666,0,0,20,4550116.0180538,8.163013698630138,4.0
C-002660551,S-0059,-88.67297524336611,1,2,男性,38,1,12,0.3333333333333333,0,0,14,4713188.969095345,6.8123287671232875,3.0
C-001443370,S-0050,-9.909393804045376,0,2,女性,54,6,12,0.5833333333333334,12799,1,20,4615411.181286601,9.2013698630137,6.0
C-000364461,S-0126,-29.370918801127964,0,2,女性,37,11,12,0.5833333333333334,0,0,17,4493168.352495564,5.53972602739726,3.0
C-002277550,S-0072,-95.66398126274557,1,2,女性,58,2,12,0.25,0,0,12,4406797.312641796,9.01917808219178,6.0
C-000265080,S-0036,-83.41188722181509,1,2,女性,54,11,12,0.1666666666666666,13370,1,19,4397834.424680548,11.123287671232877,9.0
C-001389090,S-0059,-100.0,1,2,女性,51,6,12,0.1666666666666666,0,0,14,4713188.969095345,6.8123287671232875,3.0
C-001458550,S-0099,-15.44344514513451,0,2,女性,41,6,12,0.25,0,0,13,4464126.154078853,8.147945205479452,5.0
C-000682358,S-0121,-100.0,1,2,女性,34,9,12,0.3333333333333333,5490,1,14,4716268.25678644,9.856164383561644,7.0
C-000651092,S-0075,-100.0,1,2,女性,51,10,12,0.9166666666666666,41856,1,19,4506647.2743158825,4.526027397260274,1.0
C-000325365,S-0004,-5.235563281269971,0,2,男性,41,11,12,0.1666666666666666,513,1,22,4423576.351309,11.806849315068494,9.0
C-001937176,S-0020,-53.37343461603512,1,2,男性,55,4,12,0.6666666666666666,0,0,16,4280702.057267675,6.986301369863014,3.5
C-000482700,S-0126,2.538277007093359,0,2,女性,42,10,12,0.5833333333333334,0,0,17,4493168.352495564,5.53972602739726,3.0
C-001985093,S-0012,-66.4383866233824,1,2,女性,70,4,12,0.1666666666666666,5420,1,16,4444678.825084195,7.994520547945205,5.0
C-002206814,S-0007,-55.83586287377648,1,2,男性,61,3,12,0.5,1132,1,21,4487075.727367008,3.7260273972602738,1.0
C-000822131,S-0097,-31.115940946961214,0,2,男性,76,9,12,0.25,32475,1,21,4592508.716501317,10.09041095890411,7.0
C-001336322,S-0096,-52.501147010126935,1,2,女性,42,7,12,0.4166666666666667,11255,2,16,4644856.458098179,8.302739726027397,5.0
C-001872281,S-0030,-21.20497144403656,0,2,女性,37,4,12,0.3333333333333333,34055,1,22,4426478.045479023,9.236986301369862,5.5
C-000076683,S-0056,-91.64839583712313,1,2,男性,34,12,12,0.25,0,0,15,4406070.585753419,7.528767123287671,4.0
C-000806448,S-0019,-11.97416642903161,0,2,女性,58,9,12,0.3333333333333333,0,0,19,4327199.920883598,4.090410958904109,1.0
C-001182352,S-0004,-16.58996578851397,0,2,男性,46,7,12,0.5,0,0,22,4423576.351309,11.806849315068494,9.0
C-002044767,S-0054,-27.694440082207304,0,2,男性,60,3,12,0.5,2367,1,23,4489160.181517739,6.358904109589041,4.0
C-000877453,S-0121,-76.1968263487229,1,2,女性,52,9,12,0.4166666666666667,0,0,14,4716268.25678644,9.856164383561644,7.0
C-000748529,S-0089,-100.0,1,2,男性,33,9,12,0.25,6354,1,19,4721110.949352573,10.142465753424657,7.0
C-000997865,S-0018,-100.0,1,2,女性,54,8,12,0.5833333333333334,0,0,16,4493108.581950108,7.550684931506849,5.0
C-002360216,S-0102,-100.0,1,2,男性,49,2,12,0.25,3231,2,16,4383474.364435211,10.484931506849314,7.5
C-000771408,S-0041,-71.60899101810058,1,2,女性,42,9,12,0.8333333333333334,17084,1,17,4828489.286769263,10.389041095890411,7.0
C-001433693,S-0008,-42.90030211480362,0,2,男性,45,6,12,0.25,5567,1,22,4498453.308937302,10.772602739726027,7.0
C-001378026,S-0100,-51.18822775870847,1,2,女性,55,6,12,0.25,4734,1,17,4535925.154217558,4.720547945205479,2.0
C-000035163,S-0054,-52.06375825777583,1,2,女性,49,12,12,0.0833333333333333,0,0,23,4489160.181517739,6.358904109589041,4.0
C-000484293,S-0020,-28.087979123145413,0,2,男性,55,10,12,0.1666666666666666,26115,1,16,4280702.057267675,6.986301369863014,3.5
C-000941904,S-0056,0.33548114927404493,0,2,女性,48,8,12,0.5833333333333334,0,0,15,4406070.585753419,7.528767123287671,4.0
C-000536015,S-0079,-18.642027954388897,0,3,男性,42,10,12,0.3333333333333333,1941,1,13,4256656.371085242,8.479452054794521,6.0
C-002418365,S-0131,-60.95195111292598,1,3,男性,43,2,12,0.3333333333333333,17980,1,17,4569023.5643747775,5.13972602739726,2.0
C-001216590,S-0040,-33.57066285510095,0,3,女性,53,7,12,0.1666666666666666,0,0,20,4550116.0180538,8.163013698630138,4.0
C-001460872,S-0075,-54.24465183548664,1,3,女性,24,6,12,0.1666666666666666,10115,2,19,4506647.2743158825,4.526027397260274,1.0
C-001730918,S-0113,-59.27377321338945,1,3,男性,51,5,12,0.3333333333333333,43522,1,16,4336633.961311346,5.77945205479452,2.5
C-002169829,S-0056,-29.464101642801182,0,3,女性,49,3,12,0.1666666666666666,10572,2,15,4406070.585753419,7.528767123287671,4.0
C-002235237,S-0007,-44.42789702063404,0,3,男性,47,3,12,0.1666666666666666,24957,1,21,4487075.727367008,3.7260273972602738,1.0
C-001168964,S-0039,-45.940588962108734,0,3,女性,44,7,12,0.8333333333333334,38266,1,16,4591288.568998441,8.193150684931506,5.0
C-002613528,S-0036,-85.78446955466289,1,3,女性,41,1,12,0.6666666666666666,0,0,19,4397834.424680548,11.123287671232877,9.0
C-002471464,S-0012,-41.85051818333103,0,3,男性,55,1,12,0.5833333333333334,0,0,16,4444678.825084195,7.994520547945205,5.0
C-000183319,S-0041,-15.005989171577788,0,3,男性,50,12,12,0.0833333333333333,53666,2,17,4828489.286769263,10.389041095890411,7.0
C-000329393,S-0097,-100.0,1,3,女性,52,11,12,0.25,0,0,21,4592508.716501317,10.09041095890411,7.0
C-001633584,S-0100,-22.5169939820779,0,3,女性,33,5,12,0.0833333333333333,0,0,17,4535925.154217558,4.720547945205479,2.0
C-001324853,S-0019,-10.221322901345186,0,3,女性,58,7,12,0.0,3518,1,19,4327199.920883598,4.090410958904109,1.0
C-001937914,S-0072,-24.201641115616273,0,3,女性,43,4,12,0.3333333333333333,11313,1,12,4406797.312641796,9.01917808219178,6.0
C-001981846,S-0012,-100.0,1,3,女性,43,4,12,0.25,8771,1,16,4444678.825084195,7.994520547945205,5.0
C-002475398,S-0056,-36.63397028541062,0,3,男性,53,1,12,0.0833333333333333,0,0,15,4406070.585753419,7.528767123287671,4.0
C-000911166,S-0063,-9.404590882591725,0,3,女性,36,8,12,0.75,14246,1,18,4564012.176421695,5.749315068493151,3.0
C-001399066,S-0048,-34.89910693643172,0,3,男性,65,6,12,0.25,8933,1,15,4502249.082895545,3.671232876712329,1.0
C-002663917,S-0117,-92.52403403975177,1,3,男性,73,1,12,0.5,48957,1,20,4500859.737076383,9.593150684931507,7.0
C-001098497,S-0054,-45.63041638703277,0,3,男性,56,8,12,0.75,0,0,23,4489160.181517739,6.358904109589041,4.0
C-000452331,S-0113,-57.413409729337886,1,3,男性,46,10,12,0.4166666666666667,31679,1,16,4336633.961311346,5.77945205479452,2.5
C-000855239,S-0012,-20.987538262613466,0,3,女性,54,9,12,0.25,57316,1,16,4444678.825084195,7.994520547945205,5.0
C-001363576,S-0080,-32.09927149143639,0,3,男性,51,6,12,0.1666666666666666,4634,2,17,4457429.264950683,11.673972602739726,9.0
C-001767302,S-0007,-100.0,1,3,女性,43,5,12,0.5,6879,1,21,4487075.727367008,3.7260273972602738,1.0
C-000532635,S-0106,-40.42650409153798,0,3,女性,47,10,12,0.25,42237,2,20,4462729.145118021,6.171232876712329,3.5
C-000685799,S-0106,-57.19953366162627,1,3,女性,20,9,12,0.0833333333333333,26677,2,20,4462729.145118021,6.171232876712329,3.5
C-002019744,S-0040,-26.173554070732436,0,3,女性,30,4,12,0.25,43256,1,20,4550116.0180538,8.163013698630138,4.0
C-000579802,S-0102,-100.0,1,3,女性,31,10,12,0.3333333333333333,0,0,16,4383474.364435211,10.484931506849314,7.5
C-001188055,S-0121,-36.09150977168063,0,3,男性,63,7,12,0.25,11927,1,14,4716268.25678644,9.856164383561644,7.0
C-000996209,S-0004,-13.244933301023092,0,3,女性,58,8,12,0.5833333333333334,0,0,22,4423576.351309,11.806849315068494,9.0
C-002575628,S-0007,-20.995444283521593,0,3,女性,40,1,12,0.25,7881,2,21,4487075.727367008,3.7260273972602738,1.0
C-001290211,S-0102,-55.734210227917,1,3,男性,32,7,12,0.25,13524,2,16,4383474.364435211,10.484931506849314,7.5
C-000956636,S-0074,-50.851580560027756,1,3,女性,56,8,12,0.0833333333333333,1408,1,14,4614054.39694187,8.308219178082192,6.0
C-000943482,S-0007,-48.208618797639176,0,3,男性,61,8,12,0.3333333333333333,2397,2,21,4487075.727367008,3.7260273972602738,1.0
C-000946047,S-0018,-100.0,1,3,女性,62,8,12,0.5,0,0,16,4493108.581950108,7.550684931506849,5.0
C-002648836,S-0018,-100.0,1,3,女性,27,1,12,0.0,43050,2,16,4493108.581950108,7.550684931506849,5.0
C-001553560,S-0097,-81.86376317420955,1,3,男性,43,6,12,0.25,6822,1,21,4592508.716501317,10.09041095890411,7.0
C-001725608,S-0017,-32.799184475702944,0,3,女性,42,5,12,0.0,33720,2,20,4640207.03550726,5.608219178082192,2.5
C-000381252,S-0074,-33.280950223190615,0,3,男性,69,11,12,0.0833333333333333,0,0,14,4614054.39694187,8.308219178082192,6.0
C-001796441,S-0040,-20.951635057955997,0,3,女性,53,5,12,0.25,4971,1,20,4550116.0180538,8.163013698630138,4.0
C-001636172,S-0106,-54.35689016993841,1,3,女性,37,5,12,0.0,1987,2,20,4462729.145118021,6.171232876712329,3.5
C-000630141,S-0100,-74.14200739948353,1,3,女性,60,10,12,0.25,13442,1,17,4535925.154217558,4.720547945205479,2.0
C-002572480,S-0030,-39.263364600526934,0,3,男性,66,1,12,0.5,40066,1,22,4426478.045479023,9.236986301369862,5.5
C-001681055,S-0113,-43.43373106634701,0,3,男性,41,5,12,0.1666666666666666,32180,1,16,4336633.961311346,5.77945205479452,2.5
C-001980901,S-0059,-34.00416584011109,0,3,女性,76,4,12,0.5833333333333334,0,0,14,4713188.969095345,6.8123287671232875,3.0
C-000217801,S-0097,-100.0,1,3,男性,33,12,12,0.6666666666666666,0,0,21,4592508.716501317,10.09041095890411,7.0
C-002347848,S-0102,-16.745795659263788,0,3,男性,41,2,12,0.25,10258,1,16,4383474.364435211,10.484931506849314,7.5
C-001175394,S-0036,-72.32060473921989,1,3,男性,52,7,12,0.3333333333333333,31469,1,19,4397834.424680548,11.123287671232877,9.0
C-000522869,S-0080,-36.848098995695835,0,3,女性,49,10,12,0.0833333333333333,0,0,17,4457429.264950683,11.673972602739726,9.0
C-001266174,S-0111,-100.0,1,3,女性,58,7,12,0.3333333333333333,0,0,19,4489501.980758176,6.397260273972603,4.0
C-002164239,S-0020,-21.060989607081652,0,3,女性,47,3,12,0.3333333333333333,22133,2,16,4280702.057267675,6.986301369863014,3.5
C-002256221,S-0041,-12.588361210673039,0,3,男性,56,2,12,0.4166666666666667,19949,1,17,4828489.286769263,10.389041095890411,7.0
C-001598745,S-0040,-100.0,1,3,女性,72,5,12,0.3333333333333333,0,0,20,4550116.0180538,8.163013698630138,4.0
C-001609880,S-0048,-100.0,1,3,男性,51,5,12,0.1666666666666666,21690,1,15,4502249.082895545,3.671232876712329,1.0
C-002129738,S-0014,-43.85219775277383,0,3,女性,49,3,12,0.0833333333333333,48907,1,21,4730192.353344672,7.336986301369863,4.0
C-001642773,S-0111,-37.72045315370484,0,3,男性,36,5,12,0.1666666666666666,0,0,19,4489501.980758176,6.397260273972603,4.0
C-000704523,S-0115,-34.31896222815719,0,3,男性,70,9,12,0.0833333333333333,0,0,14,4553643.099564746,10.51095890410959,7.0
C-002394792,S-0059,-42.379279465454296,0,3,男性,39,2,12,0.4166666666666667,0,0,14,4713188.969095345,6.8123287671232875,3.0
C-002606175,S-0080,-62.91134060325943,1,3,女性,48,1,12,0.0,13274,2,17,4457429.264950683,11.673972602739726,9.0
C-002346287,S-0040,-100.0,1,3,女性,50,2,12,0.1666666666666666,2246,1,20,4550116.0180538,8.163013698630138,4.0
C-002075494,S-0002,-35.850802562891175,0,3,女性,38,3,12,0.25,68361,1,15,4455566.655169959,5.663013698630137,2.0
C-001500308,S-0040,-100.0,1,3,男性,25,6,12,0.1666666666666666,0,0,20,4550116.0180538,8.163013698630138,4.0
C-002202052,S-0097,-90.61841409627822,1,3,男性,53,3,12,0.25,0,0,21,4592508.716501317,10.09041095890411,7.0
C-000145330,S-0111,-51.60582269783303,1,3,男性,60,12,12,0.0,0,0,19,4489501.980758176,6.397260273972603,4.0
C-000500043,S-0036,-50.21570420848921,1,3,女性,49,10,12,0.3333333333333333,20166,1,19,4397834.424680548,11.123287671232877,9.0
C-000230049,S-0020,-39.232227260730824,0,3,男性,54,11,12,0.5,0,0,16,4280702.057267675,6.986301369863014,3.5
C-002624660,S-0074,-37.58951012472139,0,3,男性,66,1,12,0.1666666666666666,52360,1,14,4614054.39694187,8.308219178082192,6.0
C-000554487,S-0099,-49.60460100647017,1,3,女性,25,10,12,0.25,6139,1,13,4464126.154078853,8.147945205479452,5.0
C-001514716,S-0041,-53.42729019859065,1,3,男性,51,6,12,0.0833333333333333,8471,1,17,4828489.286769263,10.389041095890411,7.0
C-001843270,S-0131,-100.0,1,3,女性,64,4,12,0.4166666666666667,2371,1,17,4569023.5643747775,5.13972602739726,2.0
C-002332336,S-0115,-29.53506444783879,0,3,男性,54,2,12,0.4166666666666667,30663,1,14,4553643.099564746,10.51095890410959,7.0
C-001661901,S-0008,-73.67725232048916,1,3,女性,64,5,12,0.25,23465,2,22,4498453.308937302,10.772602739726027,7.0
C-000993609,S-0096,-81.65307980756133,1,3,男性,51,8,12,0.25,18722,2,16,4644856.458098179,8.302739726027397,5.0
C-001290962,S-0018,-100.0,1,3,女性,51,7,12,0.4166666666666667,7413,1,16,4493108.581950108,7.550684931506849,5.0
C-002196960,S-0099,-73.1758233822844,1,3,女性,38,3,12,0.1666666666666666,0,0,13,4464126.154078853,8.147945205479452,5.0
C-000664565,S-0004,-28.582467967352827,0,3,女性,51,10,12,0.3333333333333333,37119,1,22,4423576.351309,11.806849315068494,9.0
C-002580974,S-0075,-24.625698362015907,0,3,女性,33,1,12,0.1666666666666666,406,1,19,4506647.2743158825,4.526027397260274,1.0
C-000827843,S-0014,-69.43729185978646,1,3,男性,51,9,12,0.3333333333333333,0,0,21,4730192.353344672,7.336986301369863,4.0
C-000882724,S-0121,-100.0,1,3,男性,53,9,12,0.1666666666666666,0,0,14,4716268.25678644,9.856164383561644,7.0
C-001379811,S-0048,-100.0,1,3,女性,58,6,12,0.1666666666666666,0,0,15,4502249.082895545,3.671232876712329,1.0
C-000521934,S-0111,-49.36206755541016,1,3,男性,42,10,12,0.1666666666666666,0,0,19,4489501.980758176,6.397260273972603,4.0
C-001499447,S-0096,-53.78198292672869,1,3,女性,72,6,12,0.0,11461,2,16,4644856.458098179,8.302739726027397,5.0
C-001034463,S-0012,-100.0,1,3,女性,32,8,12,0.4166666666666667,9717,1,16,4444678.825084195,7.994520547945205,5.0
C-000471640,S-0102,-61.313818707239584,1,3,男性,63,10,12,0.1666666666666666,1109,2,16,4383474.364435211,10.484931506849314,7.5
C-002626503,S-0121,-53.394526714322666,1,3,女性,50,1,12,0.25,98917,2,14,4716268.25678644,9.856164383561644,7.0
C-001034615,S-0007,-24.01547761984407,0,3,男性,48,8,12,0.5,0,0,21,4487075.727367008,3.7260273972602738,1.0
C-002255946,S-0050,-100.0,1,3,女性,24,2,12,0.4166666666666667,10312,2,20,4615411.181286601,9.2013698630137,6.0
C-001081708,S-0018,-19.61918541129143,0,3,男性,60,8,12,0.25,0,0,16,4493108.581950108,7.550684931506849,5.0
C-002275568,S-0056,-61.50087858397977,1,3,男性,45,2,12,0.1666666666666666,0,0,15,4406070.585753419,7.528767123287671,4.0
C-000803828,S-0004,-38.949103888370686,0,3,女性,42,9,12,0.25,6355,1,22,4423576.351309,11.806849315068494,9.0
C-001598521,S-0004,-61.28372728881728,1,3,女性,44,5,12,0.3333333333333333,0,0,22,4423576.351309,11.806849315068494,9.0
C-002133341,S-0048,-100.0,1,3,男性,29,3,12,0.0833333333333333,0,0,15,4502249.082895545,3.671232876712329,1.0
C-001743997,S-0072,-97.17299939960546,1,3,男性,44,5,12,0.3333333333333333,2762,1,12,4406797.312641796,9.01917808219178,6.0
C-000100273,S-0121,-56.709891616845695,1,3,男性,53,12,12,0.4166666666666667,35809,2,14,4716268.25678644,9.856164383561644,7.0
C-001851281,S-0115,-42.12768628286352,0,3,男性,41,4,12,0.1666666666666666,0,0,14,4553643.099564746,10.51095890410959,7.0
C-001282339,S-0080,-100.0,1,3,女性,55,7,12,0.0,17965,2,17,4457429.264950683,11.673972602739726,9.0
C-001171155,S-0121,-100.0,1,3,女性,54,7,12,0.4166666666666667,9111,1,14,4716268.25678644,9.856164383561644,7.0
C-002147726,S-0018,-80.30197683422088,1,3,女性,59,3,12,0.5,0,0,16,4493108.581950108,7.550684931506849,5.0
C-000422663,S-0072,-60.710956040230535,1,3,男性,68,11,12,0.5,0,0,12,4406797.312641796,9.01917808219178,6.0
C-000898060,S-0089,-40.86982460686447,0,3,女性,48,9,12,0.3333333333333333,0,0,19,4721110.949352573,10.142465753424657,7.0
C-002486383,S-0106,-73.04831665549241,1,3,女性,53,1,12,0.0833333333333333,7521,2,20,4462729.145118021,6.171232876712329,3.5
C-000854700,S-0115,-26.876456644289952,0,3,女性,60,9,12,0.1666666666666666,2184,2,14,4553643.099564746,10.51095890410959,7.0
C-002565803,S-0113,-43.706584138850374,0,3,女性,75,1,12,0.5,16414,2,16,4336633.961311346,5.77945205479452,2.5
C-001480897,S-0074,-100.0,1,3,女性,58,6,12,0.4166666666666667,0,0,14,4614054.39694187,8.308219178082192,6.0
C-001869143,S-0036,-47.00677281067415,0,3,男性,56,4,12,0.0833333333333333,78384,2,19,4397834.424680548,11.123287671232877,9.0
C-001058248,S-0005,-21.475210541279814,0,3,男性,48,8,12,0.0833333333333333,0,0,21,4733942.970761149,4.69041095890411,2.0
C-001026627,S-0072,-100.0,1,3,女性,45,8,12,0.4166666666666667,0,0,12,4406797.312641796,9.01917808219178,6.0
C-000843817,S-0079,-32.55584906891041,0,3,女性,58,9,12,0.1666666666666666,66131,1,13,4256656.371085242,8.479452054794521,6.0
C-000959989,S-0014,-92.20287288469106,1,3,女性,43,8,12,0.0,23422,1,21,4730192.353344672,7.336986301369863,4.0
C-002137724,S-0115,-100.0,1,3,男性,60,3,12,0.1666666666666666,0,0,14,4553643.099564746,10.51095890410959,7.0
C-000804521,S-0036,-39.73486205661053,0,3,男性,26,9,12,0.1666666666666666,1398,1,19,4397834.424680548,11.123287671232877,9.0
C-001715603,S-0048,-12.20927158853405,0,3,男性,60,5,12,0.9166666666666666,0,0,15,4502249.082895545,3.671232876712329,1.0
C-001202970,S-0012,-62.32614055690679,1,3,女性,56,7,12,0.0833333333333333,0,0,16,4444678.825084195,7.994520547945205,5.0
C-002119606,S-0097,-48.38206470124674,0,3,男性,44,3,12,0.3333333333333333,2026,1,21,4592508.716501317,10.09041095890411,7.0
C-000060202,S-0056,-100.0,1,3,男性,32,12,12,0.1666666666666666,20843,1,15,4406070.585753419,7.528767123287671,4.0
C-002449148,S-0007,-16.585612328680604,0,3,女性,52,2,12,0.3333333333333333,0,0,21,4487075.727367008,3.7260273972602738,1.0
C-000842349,S-0131,-78.86028540274025,1,3,女性,50,9,12,0.25,20524,1,17,4569023.5643747775,5.13972602739726,2.0
C-001640818,S-0040,-51.014306054647776,1,3,女性,46,5,12,0.75,0,0,20,4550116.0180538,8.163013698630138,4.0
C-000238235,S-0020,-27.794477091892457,0,3,男性,35,11,12,0.3333333333333333,0,0,16,4280702.057267675,6.986301369863014,3.5
C-002169300,S-0079,-16.336958136110912,0,3,男性,48,3,12,0.6666666666666666,0,0,13,4256656.371085242,8.479452054794521,6.0
C-000793267,S-0074,-100.0,1,3,女性,39,9,12,0.1666666666666666,0,0,14,4614054.39694187,8.308219178082192,6.0
C-001411698,S-0030,-100.0,1,3,女性,32,6,12,0.4166666666666667,0,0,22,4426478.045479023,9.236986301369862,5.5
C-002570457,S-0039,-23.26012114873404,0,3,男性,44,1,12,0.0833333333333333,0,0,16,4591288.568998441,8.193150684931506,5.0
C-000693482,S-0117,-93.2668222702949,1,3,女性,41,9,12,0.3333333333333333,8738,2,20,4500859.737076383,9.593150684931507,7.0
C-001247986,S-0008,-71.29953953323626,1,3,男性,50,7,12,0.1666666666666666,5722,1,22,4498453.308937302,10.772602739726027,7.0
C-002176937,S-0121,-61.904957510718596,1,3,男性,50,3,12,0.1666666666666666,0,0,14,4716268.25678644,9.856164383561644,7.0
C-000755398,S-0072,-62.90774001288659,1,3,女性,52,9,12,0.1666666666666666,12740,1,12,4406797.312641796,9.01917808219178,6.0
C-001554453,S-0041,-39.68183262199754,0,3,男性,59,6,12,0.0833333333333333,17116,2,17,4828489.286769263,10.389041095890411,7.0
C-000375827,S-0089,-100.0,1,3,男性,51,11,12,0.5,23241,2,19,4721110.949352573,10.142465753424657,7.0
C-001361933,S-0111,-27.175182443179718,0,3,男性,41,6,12,0.3333333333333333,0,0,19,4489501.980758176,6.397260273972603,4.0
C-001792739,S-0020,-100.0,1,3,女性,29,5,12,0.25,0,0,16,4280702.057267675,6.986301369863014,3.5
C-000592870,S-0056,-36.09504840532983,0,3,女性,46,10,12,0.3333333333333333,68076,1,15,4406070.585753419,7.528767123287671,4.0
C-001002245,S-0012,-100.0,1,3,女性,45,8,12,0.3333333333333333,38916,2,16,4444678.825084195,7.994520547945205,5.0
C-000962122,S-0089,-16.27458982223802,0,3,男性,35,8,12,0.0833333333333333,0,0,19,4721110.949352573,10.142465753424657,7.0
C-001925709,S-0020,-45.22067176984009,0,3,女性,68,4,12,0.1666666666666666,7491,1,16,4280702.057267675,6.986301369863014,3.5
C-001939770,S-0056,-100.0,1,3,女性,34,4,12,0.0833333333333333,0,0,15,4406070.585753419,7.528767123287671,4.0
C-001865801,S-0019,-14.873736539604943,0,3,女性,29,4,12,0.5833333333333334,2732,1,19,4327199.920883598,4.090410958904109,1.0
C-001495614,S-0106,-49.55431475691806,1,3,女性,51,6,12,0.1666666666666666,2637,2,20,4462729.145118021,6.171232876712329,3.5
C-001511077,S-0102,-38.569384501956854,0,3,女性,41,6,12,0.4166666666666667,1434,1,16,4383474.364435211,10.484931506849314,7.5
C-002349483,S-0100,-65.73844714686624,1,3,女性,43,2,12,0.5,15659,1,17,4535925.154217558,4.720547945205479,2.0
C-000902795,S-0002,-100.0,1,3,男性,69,8,12,0.0833333333333333,15291,1,15,4455566.655169959,5.663013698630137,2.0
C-001022492,S-0106,-12.519403031114255,0,3,女性,49,8,12,0.0,22785,2,20,4462729.145118021,6.171232876712329,3.5
C-001244571,S-0014,-95.17093564775614,1,3,女性,57,7,12,0.0833333333333333,0,0,21,4730192.353344672,7.336986301369863,4.0
C-001901319,S-0097,-100.0,1,3,女性,42,4,12,0.3333333333333333,0,0,21,4592508.716501317,10.09041095890411,7.0
C-002643184,S-0041,-69.0542409901711,1,3,男性,45,1,12,0.1666666666666666,4651,1,17,4828489.286769263,10.389041095890411,7.0
C-002665532,S-0040,-30.888470935820834,0,3,男性,44,1,12,0.0833333333333333,0,0,20,4550116.0180538,8.163013698630138,4.0
C-001385187,S-0040,-28.60473001610579,0,3,男性,71,6,12,0.5833333333333334,7448,2,20,4550116.0180538,8.163013698630138,4.0
C-001624970,S-0017,-66.57782327814452,1,3,女性,34,5,12,0.75,27880,1,20,4640207.03550726,5.608219178082192,2.5
C-001082123,S-0036,-26.43768770290152,0,3,女性,79,8,12,0.25,22848,1,19,4397834.424680548,11.123287671232877,9.0
C-001787490,S-0048,-49.72829236935377,1,3,女性,55,5,12,0.1666666666666666,14628,2,15,4502249.082895545,3.671232876712329,1.0
C-001827504,S-0096,-51.191515550530276,1,3,男性,55,4,12,0.5,34154,1,16,4644856.458098179,8.302739726027397,5.0
C-002511806,S-0040,-100.0,1,3,女性,28,1,12,0.6666666666666666,0,0,20,4550116.0180538,8.163013698630138,4.0
C-001640188,S-0004,-24.2827544956482,0,3,男性,42,5,12,0.3333333333333333,6706,1,22,4423576.351309,11.806849315068494,9.0
C-001537106,S-0007,-17.034713159893077,0,3,男性,49,6,12,0.5,42687,1,21,4487075.727367008,3.7260273972602738,1.0
C-000326733,S-0111,-12.33752977992433,0,3,女性,44,11,12,0.0833333333333333,0,0,19,4489501.980758176,6.397260273972603,4.0
C-000327077,S-0089,-92.2041302621128,1,3,男性,64,11,12,0.25,19185,2,19,4721110.949352573,10.142465753424657,7.0
C-000707379,S-0014,-97.19546940273723,1,3,女性,33,9,12,0.6666666666666666,6480,1,21,4730192.353344672,7.336986301369863,4.0
C-002139701,S-0115,-100.0,1,3,男性,52,3,12,0.3333333333333333,15015,1,14,4553643.099564746,10.51095890410959,7.0
C-000510985,S-0014,-100.0,1,3,女性,60,10,12,0.1666666666666666,0,0,21,4730192.353344672,7.336986301369863,4.0
C-002111860,S-0040,-29.321300531586104,0,3,男性,13,3,12,0.4166666666666667,0,0,20,4550116.0180538,8.163013698630138,4.0
C-002028849,S-0012,-81.29579471020514,1,3,女性,69,3,12,0.1666666666666666,39131,2,16,4444678.825084195,7.994520547945205,5.0
C-000127317,S-0041,-48.7512574317979,0,3,女性,48,12,12,0.3333333333333333,992,1,17,4828489.286769263,10.389041095890411,7.0
C-002537762,S-0106,-100.0,1,3,女性,75,1,12,0.1666666666666666,0,0,20,4462729.145118021,6.171232876712329,3.5
C-002374049,S-0102,-100.0,1,3,女性,64,2,12,0.25,14336,1,16,4383474.364435211,10.484931506849314,7.5
C-000742770,S-0089,-43.33867043132934,0,3,女性,72,9,12,0.0833333333333333,16162,2,19,4721110.949352573,10.142465753424657,7.0
C-000984937,S-0036,-77.34680184881468,1,3,男性,27,8,12,0.1666666666666666,17779,2,19,4397834.424680548,11.123287671232877,9.0
C-001376932,S-0072,-32.929579584421724,0,3,男性,27,6,12,0.25,0,0,12,4406797.312641796,9.01917808219178,6.0
C-001612835,S-0121,-42.512757727770136,0,3,女性,48,5,12,0.0833333333333333,13242,1,14,4716268.25678644,9.856164383561644,7.0
C-001599375,S-0089,-100.0,1,3,男性,67,5,12,0.75,0,0,19,4721110.949352573,10.142465753424657,7.0
C-002645610,S-0117,-100.0,1,3,女性,48,1,12,0.0,6227,1,20,4500859.737076383,9.593150684931507,7.0
C-002694356,S-0117,-33.17037800074236,0,3,女性,47,1,12,0.4166666666666667,13499,2,20,4500859.737076383,9.593150684931507,7.0
C-001739593,S-0004,-26.785366653907143,0,3,男性,85,5,12,0.0833333333333333,2270,2,22,4423576.351309,11.806849315068494,9.0
C-000489872,S-0063,-7.638280014687919,0,3,女性,31,10,12,0.1666666666666666,0,0,18,4564012.176421695,5.749315068493151,3.0
C-002477667,S-0036,-30.89576846628445,0,3,女性,78,1,12,0.5833333333333334,45859,1,19,4397834.424680548,11.123287671232877,9.0
C-001979202,S-0131,-55.83401559874176,1,3,男性,48,4,12,0.8333333333333334,0,0,17,4569023.5643747775,5.13972602739726,2.0
C-001662607,S-0096,-51.64955631601559,1,3,女性,41,5,12,0.4166666666666667,13627,2,16,4644856.458098179,8.302739726027397,5.0
C-001172628,S-0121,-29.454988653514153,0,3,男性,41,7,12,0.5833333333333334,0,0,14,4716268.25678644,9.856164383561644,7.0
C-000103430,S-0115,-52.30549654493469,1,3,女性,59,12,12,0.1666666666666666,1528,2,14,4553643.099564746,10.51095890410959,7.0
C-002440102,S-0048,-42.57348851364824,0,3,女性,50,2,12,0.3333333333333333,79566,1,15,4502249.082895545,3.671232876712329,1.0
C-001324465,S-0020,-29.36725539779788,0,3,男性,32,7,12,0.25,21869,2,16,4280702.057267675,6.986301369863014,3.5
C-000686443,S-0063,-50.93094968578008,1,3,女性,87,9,12,0.25,0,0,18,4564012.176421695,5.749315068493151,3.0
C-000476841,S-0020,-29.119196467438208,0,3,女性,50,10,12,0.1666666666666666,0,0,16,4280702.057267675,6.986301369863014,3.5
C-002470439,S-0036,-37.625442081174526,0,3,男性,56,2,12,0.25,7137,1,19,4397834.424680548,11.123287671232877,9.0
C-000552329,S-0007,-14.890294249532262,0,3,女性,42,10,12,0.4166666666666667,13911,1,21,4487075.727367008,3.7260273972602738,1.0
C-002692531,S-0007,-100.0,1,3,女性,44,1,12,0.1666666666666666,7382,1,21,4487075.727367008,3.7260273972602738,1.0
C-000499298,S-0117,-64.67652189413907,1,3,男性,54,10,12,0.25,2628,2,20,4500859.737076383,9.593150684931507,7.0
C-001937824,S-0100,-24.851861373597778,0,3,男性,63,4,12,0.5833333333333334,0,0,17,4535925.154217558,4.720547945205479,2.0
C-000172415,S-0115,-100.0,1,3,男性,46,12,12,0.5833333333333334,0,0,14,4553643.099564746,10.51095890410959,7.0
C-002045650,S-0089,-37.70015251992561,0,3,男性,36,3,12,0.5,0,0,19,4721110.949352573,10.142465753424657,7.0
C-002590707,S-0048,-17.92174470814625,0,3,女性,45,1,12,0.1666666666666666,14326,2,15,4502249.082895545,3.671232876712329,1.0
C-000657779,S-0096,-36.74812303573507,0,3,男性,18,10,12,0.4166666666666667,52320,2,16,4644856.458098179,8.302739726027397,5.0
C-000979298,S-0059,-29.196501961714784,0,3,女性,50,8,12,0.3333333333333333,31681,2,14,4713188.969095345,6.8123287671232875,3.0
C-001824551,S-0102,-100.0,1,3,女性,44,4,12,0.0,0,0,16,4383474.364435211,10.484931506849314,7.5
C-002111397,S-0014,-100.0,1,3,男性,53,3,12,0.1666666666666666,1250,1,21,4730192.353344672,7.336986301369863,4.0
C-001699282,S-0121,-23.686677355123994,0,3,女性,43,5,12,0.4166666666666667,3593,2,14,4716268.25678644,9.856164383561644,7.0
C-002240917,S-0085,-100.0,1,3,女性,76,3,12,0.1666666666666666,26763,2,15,4606655.398026554,4.928767123287671,2.0
C-000046731,S-0074,-100.0,1,3,女性,54,12,12,0.1666666666666666,0,0,14,4614054.39694187,8.308219178082192,6.0
C-000358523,S-0096,-76.8916186624957,1,3,女性,49,11,12,0.0833333333333333,28811,1,16,4644856.458098179,8.302739726027397,5.0
C-000145944,S-0111,-37.03609836868827,0,3,男性,67,12,12,0.1666666666666666,17862,1,19,4489501.980758176,6.397260273972603,4.0
C-000264832,S-0113,-100.0,1,3,女性,60,11,12,0.25,51562,1,16,4336633.961311346,5.77945205479452,2.5
C-002430472,S-0054,-100.0,1,3,男性,57,2,12,0.25,12201,1,23,4489160.181517739,6.358904109589041,4.0
C-000835252,S-0115,-100.0,1,3,女性,37,9,12,0.1666666666666666,0,0,14,4553643.099564746,10.51095890410959,7.0
C-000477355,S-0075,-36.945557435935164,0,3,女性,48,10,12,0.1666666666666666,77286,2,19,4506647.2743158825,4.526027397260274,1.0
C-001753676,S-0113,-100.0,1,3,女性,57,5,12,0.0833333333333333,651,2,16,4336633.961311346,5.77945205479452,2.5
C-001329657,S-0102,-100.0,1,3,男性,57,7,12,0.1666666666666666,15645,1,16,4383474.364435211,10.484931506849314,7.5
C-001956527,S-0080,-99.43267171668744,1,3,女性,33,4,12,0.1666666666666666,10897,1,17,4457429.264950683,11.673972602739726,9.0
C-000799956,S-0062,-100.0,1,3,男性,19,9,12,0.0833333333333333,0,0,15,4713869.782113416,4.575342465753424,1.0
C-000128862,S-0018,-84.42629519805912,1,3,男性,22,12,12,0.5,0,0,16,4493108.581950108,7.550684931506849,5.0
C-001782334,S-0097,-100.0,1,3,女性,47,5,12,0.5,789,1,21,4592508.716501317,10.09041095890411,7.0
C-001414489,S-0080,-62.82580632446122,1,3,男性,70,6,12,0.4166666666666667,7930,1,17,4457429.264950683,11.673972602739726,9.0
C-000039175,S-0012,-62.2881497143238,1,3,男性,43,12,12,0.25,6395,1,16,4444678.825084195,7.994520547945205,5.0
C-001756888,S-0036,-100.0,1,3,女性,41,5,12,0.4166666666666667,0,0,19,4397834.424680548,11.123287671232877,9.0
C-000696452,S-0040,-42.67899548681886,0,3,男性,51,9,12,0.4166666666666667,17167,1,20,4550116.0180538,8.163013698630138,4.0
C-000771100,S-0102,-100.0,1,3,女性,63,9,12,0.1666666666666666,6049,1,16,4383474.364435211,10.484931506849314,7.5
C-000807757,S-0102,-100.0,1,3,男性,60,9,12,0.5833333333333334,0,0,16,4383474.364435211,10.484931506849314,7.5
C-001912696,S-0017,-38.851315927440496,0,3,男性,36,4,12,0.5833333333333334,0,0,20,4640207.03550726,5.608219178082192,2.5
C-001914758,S-0030,-100.0,1,3,男性,42,4,12,0.25,0,0,22,4426478.045479023,9.236986301369862,5.5
C-002282658,S-0004,-97.49173501331175,1,3,男性,43,2,12,0.0833333333333333,5317,1,22,4423576.351309,11.806849315068494,9.0
C-001902971,S-0115,-100.0,1,3,女性,36,4,12,0.3333333333333333,21808,2,14,4553643.099564746,10.51095890410959,7.0
C-000652063,S-0117,-57.519691015499816,1,3,男性,41,10,12,0.1666666666666666,0,0,20,4500859.737076383,9.593150684931507,7.0
C-002331158,S-0040,-100.0,1,3,女性,55,2,12,0.0833333333333333,2596,1,20,4550116.0180538,8.163013698630138,4.0
C-001127756,S-0099,-96.73425952141525,1,3,女性,45,7,12,0.3333333333333333,1865,1,13,4464126.154078853,8.147945205479452,5.0
C-000993173,S-0007,-27.484893130911964,0,3,女性,38,8,12,0.25,0,0,21,4487075.727367008,3.7260273972602738,1.0
C-001641103,S-0117,-24.731539989167718,0,3,男性,45,5,12,0.8333333333333334,26122,1,20,4500859.737076383,9.593150684931507,7.0
C-000629276,S-0111,-98.62635031098071,1,3,男性,70,10,12,0.25,8067,1,19,4489501.980758176,6.397260273972603,4.0
C-000979403,S-0113,-24.54034260409986,0,3,男性,53,8,12,0.5,0,0,16,4336633.961311346,5.77945205479452,2.5
C-002070881,S-0014,-43.409675867320004,0,3,女性,60,3,12,0.25,6982,1,21,4730192.353344672,7.336986301369863,4.0
C-000223228,S-0050,-45.32297225524166,0,3,男性,47,12,12,0.3333333333333333,0,0,20,4615411.181286601,9.2013698630137,6.0
C-001235137,S-0002,-29.8868756128203,0,3,男性,65,7,12,0.3333333333333333,100895,1,15,4455566.655169959,5.663013698630137,2.0
C-001189260,S-0096,-20.590151959323727,0,3,女性,55,7,12,0.1666666666666666,38850,1,16,4644856.458098179,8.302739726027397,5.0
C-002130497,S-0039,-54.67431015856988,1,3,男性,50,3,12,0.25,0,0,16,4591288.568998441,8.193150684931506,5.0
C-001413084,S-0074,-100.0,1,3,女性,38,6,12,0.0833333333333333,8515,1,14,4614054.39694187,8.308219178082192,6.0
C-002353034,S-0039,-46.06832336437072,0,3,男性,61,2,12,0.5833333333333334,0,0,16,4591288.568998441,8.193150684931506,5.0
C-001026375,S-0005,-16.70431588339386,0,3,女性,68,8,12,0.3333333333333333,80945,1,21,4733942.970761149,4.69041095890411,2.0
C-001662053,S-0017,-43.54133215215104,0,3,男性,38,5,12,0.25,8121,2,20,4640207.03550726,5.608219178082192,2.5
C-001319411,S-0040,-36.332402963193914,0,3,男性,54,7,12,0.5833333333333334,1756,1,20,4550116.0180538,8.163013698630138,4.0
C-002444389,S-0089,-42.663201713226975,0,3,女性,17,2,12,0.1666666666666666,6844,1,19,4721110.949352573,10.142465753424657,7.0
C-001615174,S-0017,-17.980814878941047,0,3,女性,20,5,12,0.1666666666666666,0,0,20,4640207.03550726,5.608219178082192,2.5
C-002477506,S-0102,-69.09348875380785,1,3,男性,50,1,12,0.1666666666666666,6275,1,16,4383474.364435211,10.484931506849314,7.5
C-000644365,S-0072,-82.09470568891813,1,3,女性,42,10,12,0.1666666666666666,17530,2,12,4406797.312641796,9.01917808219178,6.0
C-002258264,S-0111,-40.11925103232237,0,3,女性,50,2,12,0.1666666666666666,69902,2,19,4489501.980758176,6.397260273972603,4.0
C-001458954,S-0089,-60.035171910162596,1,3,女性,48,6,12,0.25,0,0,19,4721110.949352573,10.142465753424657,7.0
C-001642401,S-0017,-96.63257811175772,1,3,男性,29,5,12,0.25,43481,1,20,4640207.03550726,5.608219178082192,2.5
C-000369290,S-0079,-24.00677313070002,0,3,男性,49,11,12,0.25,23081,2,13,4256656.371085242,8.479452054794521,6.0
C-002661450,S-0097,-27.833294938287743,0,3,女性,50,1,12,0.0,0,0,21,4592508.716501317,10.09041095890411,7.0
C-001261440,S-0115,-83.84105303427462,1,3,男性,35,7,12,0.3333333333333333,0,0,14,4553643.099564746,10.51095890410959,7.0
C-000388870,S-0096,-100.0,1,3,男性,45,11,12,0.0833333333333333,0,0,16,4644856.458098179,8.302739726027397,5.0
C-000401674,S-0097,-23.43157817911366,0,3,女性,69,11,12,0.1666666666666666,5584,1,21,4592508.716501317,10.09041095890411,7.0
C-001842454,S-0014,-100.0,1,3,女性,49,4,12,0.5,0,0,21,4730192.353344672,7.336986301369863,4.0
C-001060004,S-0036,-47.04758795920528,0,3,男性,56,8,12,0.5833333333333334,5171,1,19,4397834.424680548,11.123287671232877,9.0
C-001039477,S-0018,-100.0,1,3,女性,49,8,12,0.0833333333333333,27734,2,16,4493108.581950108,7.550684931506849,5.0
C-001188724,S-0056,-38.564504044404345,0,3,女性,82,7,12,0.3333333333333333,32063,1,15,4406070.585753419,7.528767123287671,4.0
C-002285918,S-0097,-100.0,1,3,女性,55,2,12,0.5,0,0,21,4592508.716501317,10.09041095890411,7.0
C-001449338,S-0036,-67.50968606469029,1,3,女性,60,6,12,0.0833333333333333,5515,2,19,4397834.424680548,11.123287671232877,9.0
C-000417901,S-0117,-100.0,1,3,女性,55,11,12,0.8333333333333334,0,0,20,4500859.737076383,9.593150684931507,7.0
C-001236503,S-0012,-77.2991045430566,1,3,女性,35,7,12,0.1666666666666666,62398,1,16,4444678.825084195,7.994520547945205,5.0
C-000438103,S-0097,-22.160735729800745,0,3,女性,49,11,12,0.0833333333333333,4041,1,21,4592508.716501317,10.09041095890411,7.0
C-000066375,S-0030,-50.60694523473772,1,3,女性,56,12,12,0.25,0,0,22,4426478.045479023,9.236986301369862,5.5
C-000898323,S-0111,-33.39185689333253,0,3,女性,55,9,12,0.1666666666666666,0,0,19,4489501.980758176,6.397260273972603,4.0
C-001853860,S-0089,-60.19943471950453,1,3,女性,42,4,12,0.0833333333333333,0,0,19,4721110.949352573,10.142465753424657,7.0
C-001066932,S-0106,-100.0,1,3,男性,31,8,12,0.25,29374,2,20,4462729.145118021,6.171232876712329,3.5
C-002051695,S-0017,-100.0,1,3,女性,41,3,12,0.1666666666666666,1728,1,20,4640207.03550726,5.608219178082192,2.5
C-002135860,S-0089,-26.463206928303613,0,3,男性,40,3,12,0.75,41086,1,19,4721110.949352573,10.142465753424657,7.0
C-001778143,S-0012,-24.261534767663445,0,3,女性,38,5,12,0.8333333333333334,0,0,16,4444678.825084195,7.994520547945205,5.0
C-001578988,S-0002,-31.97276851420023,0,3,女性,33,5,12,0.25,4436,1,15,4455566.655169959,5.663013698630137,2.0
C-000885749,S-0097,-11.76996317677971,0,3,女性,82,9,12,0.5,73170,1,21,4592508.716501317,10.09041095890411,7.0
C-001222428,S-0072,-97.14796502695606,1,3,女性,70,7,12,0.1666666666666666,5158,2,12,4406797.312641796,9.01917808219178,6.0
C-001853342,S-0102,-100.0,1,3,男性,53,4,12,0.3333333333333333,14704,2,16,4383474.364435211,10.484931506849314,7.5
C-000813437,S-0041,-33.13803746743845,0,3,男性,38,9,12,0.0833333333333333,27894,2,17,4828489.286769263,10.389041095890411,7.0
C-000394016,S-0056,-81.26692351730648,1,3,女性,77,11,12,0.5,0,0,15,4406070.585753419,7.528767123287671,4.0
C-002297254,S-0039,-30.080111623768584,0,3,女性,75,2,12,0.6666666666666666,12448,1,16,4591288.568998441,8.193150684931506,5.0
C-002303798,S-0117,-57.35141318835865,1,3,女性,47,2,12,0.0833333333333333,13476,1,20,4500859.737076383,9.593150684931507,7.0
C-001651635,S-0054,-10.787167873634276,0,3,女性,57,5,12,0.6666666666666666,0,0,23,4489160.181517739,6.358904109589041,4.0
C-002600466,S-0074,-31.651341627726975,0,3,女性,57,1,12,0.0833333333333333,24319,2,14,4614054.39694187,8.308219178082192,6.0
C-002269705,S-0096,-28.437265214124718,0,3,男性,58,2,12,0.3333333333333333,2473,2,16,4644856.458098179,8.302739726027397,5.0
C-001738860,S-0079,-48.31920439079499,0,3,女性,72,5,12,0.3333333333333333,2411,2,13,4256656.371085242,8.479452054794521,6.0
C-002046748,S-0048,-37.686621088321935,0,3,女性,54,3,12,0.1666666666666666,1155,1,15,4502249.082895545,3.671232876712329,1.0
C-001135543,S-0117,-100.0,1,3,女性,66,7,12,0.4166666666666667,100330,1,20,4500859.737076383,9.593150684931507,7.0
C-002061699,S-0080,-34.31382363916015,0,3,女性,60,3,12,0.1666666666666666,4591,2,17,4457429.264950683,11.673972602739726,9.0
C-000408877,S-0007,-17.148533263120726,0,3,男性,40,11,12,0.3333333333333333,0,0,21,4487075.727367008,3.7260273972602738,1.0
C-000322694,S-0018,-63.78845367441909,1,3,女性,60,11,12,0.3333333333333333,4160,2,16,4493108.581950108,7.550684931506849,5.0
C-002449322,S-0100,-36.306988152500736,0,3,男性,37,2,12,0.1666666666666666,0,0,17,4535925.154217558,4.720547945205479,2.0
C-000476212,S-0018,-24.4166724726538,0,3,男性,54,10,12,0.25,7055,2,16,4493108.581950108,7.550684931506849,5.0
C-000319956,S-0014,-100.0,1,3,女性,48,11,12,0.75,0,0,21,4730192.353344672,7.336986301369863,4.0
C-000989083,S-0036,-76.88649378790224,1,3,男性,44,8,12,0.1666666666666666,96983,1,19,4397834.424680548,11.123287671232877,9.0
C-001646584,S-0004,-52.89058798330618,1,3,女性,42,5,12,0.4166666666666667,0,0,22,4423576.351309,11.806849315068494,9.0
C-000222857,S-0097,-26.565909339771547,0,3,女性,38,12,12,0.4166666666666667,9394,2,21,4592508.716501317,10.09041095890411,7.0
C-002383943,S-0020,-29.928681371917754,0,3,女性,55,2,12,0.25,40113,1,16,4280702.057267675,6.986301369863014,3.5
C-001823479,S-0096,-24.807133886625955,0,3,女性,33,4,12,0.4166666666666667,0,0,16,4644856.458098179,8.302739726027397,5.0
C-001251004,S-0004,-26.721246985645763,0,3,女性,69,7,12,0.3333333333333333,57429,2,22,4423576.351309,11.806849315068494,9.0
C-000790153,S-0040,-67.8853557322134,1,3,女性,64,9,12,0.1666666666666666,18915,1,20,4550116.0180538,8.163013698630138,4.0
C-000280314,S-0008,-37.85250145758503,0,3,女性,54,11,12,0.0,21675,1,22,4498453.308937302,10.772602739726027,7.0
C-002469578,S-0115,-100.0,1,3,男性,48,2,12,0.0,8517,1,14,4553643.099564746,10.51095890410959,7.0
C-002405331,S-0111,-28.80485802938346,0,3,女性,81,2,12,0.25,16600,1,19,4489501.980758176,6.397260273972603,4.0
C-001418934,S-0017,-30.801618916205836,0,3,男性,34,6,12,0.3333333333333333,0,0,20,4640207.03550726,5.608219178082192,2.5
C-001408746,S-0041,-93.93366763762398,1,3,男性,50,6,12,0.1666666666666666,0,0,17,4828489.286769263,10.389041095890411,7.0
C-001087182,S-0017,-27.564828233262713,0,3,女性,15,8,12,0.1666666666666666,25477,1,20,4640207.03550726,5.608219178082192,2.5
C-002177101,S-0117,-100.0,1,3,女性,60,3,12,0.3333333333333333,0,0,20,4500859.737076383,9.593150684931507,7.0
C-000103422,S-0106,-76.53734312825222,1,3,男性,61,12,12,0.4166666666666667,7098,1,20,4462729.145118021,6.171232876712329,3.5
C-002692821,S-0012,-69.87471954947223,1,3,女性,36,1,12,0.8333333333333334,5779,1,16,4444678.825084195,7.994520547945205,5.0
C-001129613,S-0106,-24.014262990990908,0,3,女性,66,7,12,0.5,0,0,20,4462729.145118021,6.171232876712329,3.5
C-002425879,S-0012,-100.0,1,3,女性,18,2,12,0.0833333333333333,0,0,16,4444678.825084195,7.994520547945205,5.0
C-001270054,S-0007,-51.014714556729956,1,3,女性,61,7,12,0.25,34455,2,21,4487075.727367008,3.7260273972602738,1.0
C-002068704,S-0074,-13.743779612709295,0,3,女性,49,3,12,0.0833333333333333,0,0,14,4614054.39694187,8.308219178082192,6.0
C-001621053,S-0056,-59.28969310273686,1,3,男性,47,5,12,0.0833333333333333,3487,1,15,4406070.585753419,7.528767123287671,4.0
C-001762941,S-0018,-100.0,1,3,女性,50,5,12,0.1666666666666666,0,0,16,4493108.581950108,7.550684931506849,5.0
C-000685659,S-0059,-19.99250481833107,0,3,女性,45,9,12,0.6666666666666666,125991,1,14,4713188.969095345,6.8123287671232875,3.0
C-001154024,S-0113,-100.0,1,3,男性,70,7,12,0.25,431,1,16,4336633.961311346,5.77945205479452,2.5
C-000095117,S-0004,-27.839462791624243,0,3,女性,38,12,12,0.4166666666666667,14482,1,22,4423576.351309,11.806849315068494,9.0
C-001705229,S-0079,-75.84092650940985,1,3,女性,20,5,12,0.3333333333333333,7844,1,13,4256656.371085242,8.479452054794521,6.0
C-002532747,S-0012,-97.56621665810249,1,3,男性,32,1,12,0.0833333333333333,0,0,16,4444678.825084195,7.994520547945205,5.0
C-001289315,S-0111,-31.315252092381147,0,3,女性,36,7,12,0.3333333333333333,11297,1,19,4489501.980758176,6.397260273972603,4.0
C-000855884,S-0050,-46.80131177426386,0,3,女性,48,9,12,0.4166666666666667,29840,2,20,4615411.181286601,9.2013698630137,6.0
C-000791727,S-0115,-72.60314766846656,1,3,女性,46,9,12,0.1666666666666666,14129,1,14,4553643.099564746,10.51095890410959,7.0
C-000451367,S-0117,-22.618610805341515,0,3,女性,19,11,12,0.0833333333333333,0,0,20,4500859.737076383,9.593150684931507,7.0
C-001475913,S-0117,-81.61648404342878,1,3,女性,43,6,12,0.25,0,0,20,4500859.737076383,9.593150684931507,7.0
C-002158056,S-0074,-35.04172859266034,0,3,男性,19,3,12,0.1666666666666666,25740,1,14,4614054.39694187,8.308219178082192,6.0
C-001900244,S-0089,-11.987206126195174,0,3,女性,43,4,12,0.3333333333333333,19740,2,19,4721110.949352573,10.142465753424657,7.0
C-001558147,S-0063,-17.067674070214288,0,3,女性,52,6,12,0.0833333333333333,13608,1,18,4564012.176421695,5.749315068493151,3.0
C-002238412,S-0099,-36.302960673135736,0,3,女性,44,3,12,0.5,13152,1,13,4464126.154078853,8.147945205479452,5.0
C-000996276,S-0102,-48.80706943946456,0,3,男性,70,8,12,0.25,61273,1,16,4383474.364435211,10.484931506849314,7.5
C-001358522,S-0020,-49.72976901274848,1,3,女性,48,6,12,0.3333333333333333,4955,1,16,4280702.057267675,6.986301369863014,3.5
C-000966725,S-0096,-28.350811170517908,0,3,男性,44,8,12,0.6666666666666666,0,0,16,4644856.458098179,8.302739726027397,5.0
C-001798522,S-0115,-47.34909373094618,0,3,男性,31,5,12,0.1666666666666666,16719,1,14,4553643.099564746,10.51095890410959,7.0
C-002610621,S-0017,-31.295119696284203,0,3,女性,51,1,12,0.0833333333333333,0,0,20,4640207.03550726,5.608219178082192,2.5
C-001094898,S-0050,-24.19679494560798,0,3,女性,59,8,12,0.1666666666666666,9480,2,20,4615411.181286601,9.2013698630137,6.0
C-000241488,S-0041,-61.452310755446646,1,3,男性,43,11,12,0.3333333333333333,19211,1,17,4828489.286769263,10.389041095890411,7.0
C-001114174,S-0041,-100.0,1,3,女性,42,8,12,0.3333333333333333,0,0,17,4828489.286769263,10.389041095890411,7.0
C-000529893,S-0106,-63.86071316532469,1,3,女性,26,10,12,0.0833333333333333,4502,1,20,4462729.145118021,6.171232876712329,3.5
C-001005231,S-0056,-11.207385001612638,0,3,女性,24,8,12,0.0,114209,2,15,4406070.585753419,7.528767123287671,4.0
C-001988376,S-0018,-63.63814417548994,1,3,女性,45,4,12,0.25,1619,1,16,4493108.581950108,7.550684931506849,5.0
C-002474885,S-0100,-14.07926143426727,0,3,男性,44,1,12,0.1666666666666666,1471,2,17,4535925.154217558,4.720547945205479,2.0
C-000411086,S-0018,-25.184392770677327,0,3,女性,42,11,12,0.1666666666666666,0,0,16,4493108.581950108,7.550684931506849,5.0
C-001037182,S-0115,-100.0,1,3,男性,63,8,12,0.1666666666666666,1044,1,14,4553643.099564746,10.51095890410959,7.0
C-001509386,S-0117,-100.0,1,3,男性,54,6,12,0.1666666666666666,7131,1,20,4500859.737076383,9.593150684931507,7.0
C-000642978,S-0014,-41.72349695721152,0,3,女性,54,10,12,0.0833333333333333,26342,2,21,4730192.353344672,7.336986301369863,4.0
C-001351660,S-0100,-19.03761025403852,0,3,男性,54,6,12,0.5833333333333334,83330,2,17,4535925.154217558,4.720547945205479,2.0
C-001723056,S-0007,-69.5590541681747,1,3,女性,52,5,12,0.6666666666666666,10435,1,21,4487075.727367008,3.7260273972602738,1.0
C-000377944,S-0008,-100.0,1,3,女性,51,11,12,0.25,0,0,22,4498453.308937302,10.772602739726027,7.0
C-000960636,S-0080,-52.1511246997161,1,3,女性,51,8,12,0.3333333333333333,0,0,17,4457429.264950683,11.673972602739726,9.0
C-001181710,S-0062,-64.76669611486145,1,3,男性,48,7,12,0.75,3224,2,15,4713869.782113416,4.575342465753424,1.0
C-000436547,S-0004,-51.24913473035051,1,3,男性,35,11,12,0.1666666666666666,8879,1,22,4423576.351309,11.806849315068494,9.0
C-002363666,S-0020,-100.0,1,3,女性,49,2,12,0.3333333333333333,0,0,16,4280702.057267675,6.986301369863014,3.5
C-001807657,S-0096,-23.369188739015716,0,3,女性,55,4,12,0.0,2373,2,16,4644856.458098179,8.302739726027397,5.0
C-000225503,S-0097,-100.0,1,3,女性,40,11,12,0.0833333333333333,0,0,21,4592508.716501317,10.09041095890411,7.0
C-000738886,S-0075,-25.850095739679794,0,3,女性,57,9,12,0.1666666666666666,34286,1,19,4506647.2743158825,4.526027397260274,1.0
C-002532209,S-0097,-18.5867140294442,0,3,女性,60,1,12,0.3333333333333333,9437,2,21,4592508.716501317,10.09041095890411,7.0
C-001558598,S-0002,-77.97835969493181,1,3,女性,36,6,12,0.6666666666666666,86607,1,15,4455566.655169959,5.663013698630137,2.0
C-000504684,S-0056,-22.485233270105848,0,3,男性,50,10,12,0.25,2333,2,15,4406070.585753419,7.528767123287671,4.0
C-001183769,S-0113,-100.0,1,3,男性,51,7,12,0.4166666666666667,24778,2,16,4336633.961311346,5.77945205479452,2.5
C-002653876,S-0004,-100.0,1,3,女性,70,1,12,0.0833333333333333,0,0,22,4423576.351309,11.806849315068494,9.0
C-000492746,S-0004,-41.31602919050592,0,3,女性,50,10,12,0.25,0,0,22,4423576.351309,11.806849315068494,9.0
C-001898260,S-0074,-29.60061061454724,0,3,女性,31,4,12,0.1666666666666666,8864,2,14,4614054.39694187,8.308219178082192,6.0
C-002629909,S-0018,-41.9413520542154,0,3,女性,55,1,12,0.1666666666666666,5854,2,16,4493108.581950108,7.550684931506849,5.0
C-001952359,S-0040,-16.03237289505305,0,3,男性,19,4,12,0.0,40391,2,20,4550116.0180538,8.163013698630138,4.0
C-002614683,S-0002,-14.611833499080817,0,3,女性,48,1,12,0.1666666666666666,56630,1,15,4455566.655169959,5.663013698630137,2.0
C-001675424,S-0012,-16.552744809407425,0,3,男性,41,5,12,0.0833333333333333,14734,2,16,4444678.825084195,7.994520547945205,5.0
C-000787951,S-0018,-62.609114665381696,1,3,女性,32,9,12,0.3333333333333333,38248,2,16,4493108.581950108,7.550684931506849,5.0
C-001594602,S-0074,-96.54753787563818,1,3,男性,44,5,12,0.25,0,0,14,4614054.39694187,8.308219178082192,6.0
C-002089998,S-0102,-69.44731691892216,1,3,女性,50,3,12,0.1666666666666666,728,1,16,4383474.364435211,10.484931506849314,7.5
C-002266129,S-0059,-39.22068463219228,0,3,男性,31,2,12,0.3333333333333333,12876,1,14,4713188.969095345,6.8123287671232875,3.0
C-000105392,S-0117,-100.0,1,3,女性,43,12,12,0.0833333333333333,3512,1,20,4500859.737076383,9.593150684931507,7.0
C-000477564,S-0050,-30.07746442162331,0,3,女性,51,10,12,0.0833333333333333,55807,1,20,4615411.181286601,9.2013698630137,6.0
C-002635737,S-0113,-40.66391601424825,0,3,女性,49,1,12,0.3333333333333333,0,0,16,4336633.961311346,5.77945205479452,2.5
C-000788912,S-0075,-20.03292120273192,0,3,女性,60,9,12,0.1666666666666666,43224,2,19,4506647.2743158825,4.526027397260274,1.0
C-000228518,S-0040,-23.133303214532244,0,3,女性,39,11,12,0.25,3808,1,20,4550116.0180538,8.163013698630138,4.0
C-002177292,S-0074,-62.5353255181076,1,3,女性,34,3,12,0.75,3000,2,14,4614054.39694187,8.308219178082192,6.0
C-000181624,S-0018,-47.16616593482782,0,3,女性,59,12,12,0.4166666666666667,4463,1,16,4493108.581950108,7.550684931506849,5.0
C-000924456,S-0056,-45.08018016329641,0,3,男性,28,8,12,0.0833333333333333,6875,2,15,4406070.585753419,7.528767123287671,4.0
C-001180853,S-0082,-22.36952566778531,0,3,女性,55,7,12,0.0,5900,2,17,4607261.71451126,4.758904109589041,2.0
C-001642894,S-0080,-100.0,1,3,男性,57,5,12,0.0833333333333333,0,0,17,4457429.264950683,11.673972602739726,9.0
C-001889682,S-0113,-71.59603132633275,1,3,女性,77,4,12,0.0833333333333333,51422,1,16,4336633.961311346,5.77945205479452,2.5
C-002134190,S-0017,-17.137833855695707,0,3,女性,49,3,12,0.5,73738,1,20,4640207.03550726,5.608219178082192,2.5
C-001514829,S-0048,-23.532733224222586,0,3,男性,43,6,12,0.3333333333333333,2955,2,15,4502249.082895545,3.671232876712329,1.0
C-002651766,S-0007,-100.0,1,3,女性,32,1,12,0.1666666666666666,10319,1,21,4487075.727367008,3.7260273972602738,1.0
C-000735340,S-0036,-100.0,1,3,男性,48,9,12,0.25,0,0,19,4397834.424680548,11.123287671232877,9.0
C-000992566,S-0115,-75.09675858732463,1,3,男性,46,8,12,0.25,26192,1,14,4553643.099564746,10.51095890410959,7.0
C-001950436,S-0079,-99.1731097393979,1,3,女性,44,4,12,0.5,617,1,13,4256656.371085242,8.479452054794521,6.0
C-000243403,S-0036,-96.98398287508641,1,3,女性,67,11,12,0.0,12155,1,19,4397834.424680548,11.123287671232877,9.0
C-000110551,S-0004,-30.421072023291345,0,3,女性,36,12,12,1.0,0,0,22,4423576.351309,11.806849315068494,9.0
C-002084520,S-0040,-31.08693558165757,0,3,女性,46,3,12,0.1666666666666666,8478,2,20,4550116.0180538,8.163013698630138,4.0
C-001836059,S-0020,-100.0,1,3,男性,37,4,12,0.0833333333333333,54380,2,16,4280702.057267675,6.986301369863014,3.5
C-001942090,S-0113,-71.07514620958545,1,3,男性,35,4,12,0.5,0,0,16,4336633.961311346,5.77945205479452,2.5
C-001277954,S-0039,-36.05786791124056,0,3,男性,57,7,12,0.3333333333333333,23870,1,16,4591288.568998441,8.193150684931506,5.0
C-001456604,S-0096,-24.16882977869357,0,3,男性,29,6,12,0.1666666666666666,39863,1,16,4644856.458098179,8.302739726027397,5.0
C-000165400,S-0002,-11.80470496855158,0,3,女性,57,12,12,0.6666666666666666,21415,1,15,4455566.655169959,5.663013698630137,2.0
C-002228441,S-0063,-48.48991316837501,0,3,女性,54,3,12,0.25,0,0,18,4564012.176421695,5.749315068493151,3.0
C-000793710,S-0002,-28.239807431924174,0,3,男性,55,9,12,0.0833333333333333,16647,1,15,4455566.655169959,5.663013698630137,2.0
C-002390587,S-0072,-96.62916275373836,1,3,男性,56,2,12,0.3333333333333333,7705,1,12,4406797.312641796,9.01917808219178,6.0
C-000219721,S-0014,-25.079752966764428,0,3,女性,74,12,12,0.0,0,0,21,4730192.353344672,7.336986301369863,4.0
C-001951801,S-0121,-23.664411930781984,0,3,女性,49,4,12,0.1666666666666666,35831,2,14,4716268.25678644,9.856164383561644,7.0
C-001302155,S-0075,-8.922323847310015,0,3,女性,40,7,12,0.5,0,0,19,4506647.2743158825,4.526027397260274,1.0
C-002207842,S-0072,-75.88230622617534,1,3,男性,48,3,12,0.3333333333333333,-987,2,12,4406797.312641796,9.01917808219178,6.0
C-000200285,S-0063,-100.0,1,3,女性,52,12,12,0.5,0,0,18,4564012.176421695,5.749315068493151,3.0
C-000135830,S-0020,-51.20686248682824,1,3,女性,61,12,12,0.5833333333333334,62462,1,16,4280702.057267675,6.986301369863014,3.5
C-001483143,S-0131,-23.15732209624634,0,3,男性,37,6,12,0.3333333333333333,44312,1,17,4569023.5643747775,5.13972602739726,2.0
C-001254077,S-0059,-17.36908053063903,0,3,女性,78,7,12,0.0,29446,2,14,4713188.969095345,6.8123287671232875,3.0
C-000191259,S-0085,-21.15928369462771,0,3,男性,56,12,12,0.75,0,0,15,4606655.398026554,4.928767123287671,2.0
C-000508009,S-0080,-26.043361856265424,0,3,男性,53,10,12,0.1666666666666666,111605,2,17,4457429.264950683,11.673972602739726,9.0
C-000105580,S-0106,-81.9576032193669,1,3,男性,53,12,12,0.25,0,0,20,4462729.145118021,6.171232876712329,3.5
C-000667247,S-0048,-100.0,1,3,女性,38,10,12,0.0833333333333333,7671,1,15,4502249.082895545,3.671232876712329,1.0
C-002060709,S-0020,-22.560059653222293,0,3,男性,40,3,12,0.75,7054,1,16,4280702.057267675,6.986301369863014,3.5
C-000357938,S-0099,-100.0,1,3,男性,56,11,12,0.0833333333333333,27548,1,13,4464126.154078853,8.147945205479452,5.0
C-000483218,S-0019,-8.399791194387618,0,3,女性,68,10,12,0.25,30051,1,19,4327199.920883598,4.090410958904109,1.0
C-000746572,S-0121,-38.76691585125638,0,3,女性,44,9,12,0.25,17678,1,14,4716268.25678644,9.856164383561644,7.0
C-002273257,S-0018,-100.0,1,3,男性,42,2,12,0.0,0,0,16,4493108.581950108,7.550684931506849,5.0
C-001274039,S-0072,-30.636828127647327,0,3,女性,53,7,12,0.1666666666666666,5260,2,12,4406797.312641796,9.01917808219178,6.0
C-002295753,S-0014,-43.62914693408183,0,3,女性,42,2,12,0.1666666666666666,3985,1,21,4730192.353344672,7.336986301369863,4.0
C-001532299,S-0062,-69.03090752370397,1,3,女性,51,6,12,0.5833333333333334,41900,2,15,4713869.782113416,4.575342465753424,1.0
C-001614224,S-0014,-42.81103976871618,0,3,女性,18,5,12,0.1666666666666666,0,0,21,4730192.353344672,7.336986301369863,4.0
C-000248987,S-0020,-14.697412369800583,0,3,男性,40,11,12,0.5,27859,1,16,4280702.057267675,6.986301369863014,3.5
C-000256013,S-0121,-46.613737272506974,0,3,男性,42,11,12,0.1666666666666666,836,1,14,4716268.25678644,9.856164383561644,7.0
C-001167265,S-0062,-61.716492104228806,1,3,女性,33,7,12,0.5,0,0,15,4713869.782113416,4.575342465753424,1.0
C-000027422,S-0040,-33.61742178612586,0,3,男性,39,12,12,0.25,8105,1,20,4550116.0180538,8.163013698630138,4.0
C-000246429,S-0059,-100.0,1,3,男性,43,11,12,0.4166666666666667,31770,1,14,4713188.969095345,6.8123287671232875,3.0
C-001841565,S-0097,-19.10572892408011,0,3,女性,18,4,12,0.1666666666666666,136093,2,21,4592508.716501317,10.09041095890411,7.0
C-000315964,S-0113,-100.0,1,3,女性,32,11,12,0.6666666666666666,0,0,16,4336633.961311346,5.77945205479452,2.5
C-002238533,S-0063,-90.19555317439057,1,3,女性,59,3,12,0.0833333333333333,0,0,18,4564012.176421695,5.749315068493151,3.0
C-001999062,S-0115,-100.0,1,3,女性,38,4,12,0.1666666666666666,3901,1,14,4553643.099564746,10.51095890410959,7.0
C-001945424,S-0111,-39.11259771762177,0,3,男性,46,4,12,0.1666666666666666,13737,2,19,4489501.980758176,6.397260273972603,4.0
C-001930671,S-0002,-25.025288313642257,0,3,女性,75,4,12,0.25,0,0,15,4455566.655169959,5.663013698630137,2.0
C-001196265,S-0014,-16.06940540087764,0,3,女性,49,7,12,0.0833333333333333,960,2,21,4730192.353344672,7.336986301369863,4.0
C-000484461,S-0012,-98.84516372932006,1,3,男性,67,10,12,0.25,5527,2,16,4444678.825084195,7.994520547945205,5.0
C-002216658,S-0039,-25.224515860195414,0,3,女性,45,3,12,0.25,0,0,16,4591288.568998441,8.193150684931506,5.0
C-001929945,S-0097,-100.0,1,3,女性,63,4,12,0.25,0,0,21,4592508.716501317,10.09041095890411,7.0
C-002485949,S-0099,-47.82462073583751,0,3,男性,43,1,12,0.25,17481,1,13,4464126.154078853,8.147945205479452,5.0
C-001142202,S-0059,-100.0,1,3,女性,65,7,12,0.25,0,0,14,4713188.969095345,6.8123287671232875,3.0
C-002432584,S-0017,-36.60482019361842,0,3,女性,58,2,12,0.3333333333333333,3620,1,20,4640207.03550726,5.608219178082192,2.5
C-000483664,S-0040,-35.512815173832124,0,3,女性,33,10,12,0.1666666666666666,12801,1,20,4550116.0180538,8.163013698630138,4.0
C-001757491,S-0020,-59.299962216460585,1,3,男性,67,5,12,0.1666666666666666,0,0,16,4280702.057267675,6.986301369863014,3.5
C-001037454,S-0111,-29.412588357989875,0,3,女性,36,8,12,0.3333333333333333,0,0,19,4489501.980758176,6.397260273972603,4.0
C-001267727,S-0126,-55.57630847134022,1,3,女性,41,7,12,0.6666666666666666,0,0,17,4493168.352495564,5.53972602739726,3.0
C-002124192,S-0059,-9.772974956630042,0,3,女性,61,3,12,0.25,0,0,14,4713188.969095345,6.8123287671232875,3.0
C-001545415,S-0115,-100.0,1,3,男性,24,6,12,0.4166666666666667,28780,1,14,4553643.099564746,10.51095890410959,7.0
C-001873569,S-0079,-100.0,1,3,女性,28,4,12,0.0833333333333333,2832,2,13,4256656.371085242,8.479452054794521,6.0
C-000024465,S-0126,-100.0,1,3,女性,50,12,12,0.1666666666666666,13581,2,17,4493168.352495564,5.53972602739726,3.0
C-000853869,S-0089,-100.0,1,3,男性,42,9,12,0.4166666666666667,0,0,19,4721110.949352573,10.142465753424657,7.0
C-002153744,S-0097,-100.0,1,3,女性,69,3,12,0.0833333333333333,0,0,21,4592508.716501317,10.09041095890411,7.0
C-001013267,S-0096,-54.19332735993253,1,3,男性,49,8,12,0.25,0,0,16,4644856.458098179,8.302739726027397,5.0
C-002161381,S-0121,-38.408166544184375,0,3,女性,31,3,12,0.1666666666666666,24299,1,14,4716268.25678644,9.856164383561644,7.0
C-001007140,S-0036,-100.0,1,3,女性,36,8,12,0.25,0,0,19,4397834.424680548,11.123287671232877,9.0
C-001368138,S-0012,-97.6978813960902,1,3,男性,79,6,12,0.0833333333333333,0,0,16,4444678.825084195,7.994520547945205,5.0
C-002103123,S-0012,-45.314343954511315,0,3,女性,36,3,12,0.1666666666666666,62185,1,16,4444678.825084195,7.994520547945205,5.0
C-002475393,S-0117,-20.83864985284455,0,3,男性,47,1,12,0.0833333333333333,0,0,20,4500859.737076383,9.593150684931507,7.0
C-001624602,S-0041,-100.0,1,3,女性,63,5,12,0.3333333333333333,1470,2,17,4828489.286769263,10.389041095890411,7.0
C-000896743,S-0111,-59.570741554354925,1,3,男性,39,9,12,0.5,45290,1,19,4489501.980758176,6.397260273972603,4.0
C-001197458,S-0080,-100.0,1,3,男性,53,7,12,0.1666666666666666,0,0,17,4457429.264950683,11.673972602739726,9.0
C-000076568,S-0040,-49.021837524033245,1,3,女性,80,12,12,0.5,9977,2,20,4550116.0180538,8.163013698630138,4.0
C-001138606,S-0113,-38.15268532140828,0,3,女性,47,7,12,0.4166666666666667,36472,1,16,4336633.961311346,5.77945205479452,2.5
C-002180640,S-0113,-31.019661417763185,0,3,女性,59,3,12,0.1666666666666666,0,0,16,4336633.961311346,5.77945205479452,2.5
C-002665297,S-0004,-64.14531076518705,1,3,男性,33,1,12,0.0833333333333333,59251,2,22,4423576.351309,11.806849315068494,9.0
C-000378266,S-0050,-33.144582484453856,0,3,女性,30,11,12,0.5,7625,1,20,4615411.181286601,9.2013698630137,6.0
C-002019101,S-0074,-98.0400231237676,1,3,男性,38,4,12,0.25,0,0,14,4614054.39694187,8.308219178082192,6.0
C-000475493,S-0008,-51.30448719337078,1,3,男性,46,10,12,0.4166666666666667,14971,2,22,4498453.308937302,10.772602739726027,7.0
C-000205510,S-0004,-24.331320310717842,0,3,男性,50,12,12,0.4166666666666667,0,0,22,4423576.351309,11.806849315068494,9.0
C-000965714,S-0036,-80.42114871617315,1,3,男性,63,8,12,0.1666666666666666,59937,1,19,4397834.424680548,11.123287671232877,9.0
C-000197876,S-0039,-18.856058197879484,0,3,男性,43,12,12,0.0833333333333333,0,0,16,4591288.568998441,8.193150684931506,5.0
C-001564011,S-0115,-100.0,1,3,男性,56,6,12,0.3333333333333333,0,0,14,4553643.099564746,10.51095890410959,7.0
C-000124193,S-0039,-41.575488028800514,0,3,男性,58,12,12,0.1666666666666666,43153,2,16,4591288.568998441,8.193150684931506,5.0
C-001003607,S-0115,-100.0,1,3,女性,51,8,12,0.0833333333333333,0,0,14,4553643.099564746,10.51095890410959,7.0
C-000949190,S-0106,-72.03986094375423,1,3,男性,58,8,12,0.3333333333333333,0,0,20,4462729.145118021,6.171232876712329,3.5
C-000517690,S-0074,-68.34919348513763,1,3,男性,52,10,12,0.1666666666666666,0,0,14,4614054.39694187,8.308219178082192,6.0
C-001445150,S-0075,-54.37291215077937,1,3,男性,70,6,12,0.0833333333333333,3737,1,19,4506647.2743158825,4.526027397260274,1.0
C-002342712,S-0099,-74.5273694284504,1,3,男性,60,2,12,0.1666666666666666,32314,1,13,4464126.154078853,8.147945205479452,5.0
C-000156731,S-0007,-39.83075475882744,0,3,女性,25,12,12,0.25,0,0,21,4487075.727367008,3.7260273972602738,1.0
C-001241003,S-0008,-82.74003630463767,1,3,男性,46,7,12,0.25,11419,1,22,4498453.308937302,10.772602739726027,7.0
C-000090679,S-0050,-33.02289023513099,0,3,女性,47,12,12,0.1666666666666666,1230,1,20,4615411.181286601,9.2013698630137,6.0
C-001049424,S-0097,-32.80039510098162,0,3,女性,36,8,12,0.1666666666666666,0,0,21,4592508.716501317,10.09041095890411,7.0
C-000099552,S-0131,-52.40281822675647,1,3,男性,35,12,12,0.3333333333333333,4626,1,17,4569023.5643747775,5.13972602739726,2.0
C-001494593,S-0079,-100.0,1,3,男性,50,6,12,0.1666666666666666,0,0,13,4256656.371085242,8.479452054794521,6.0
C-002318769,S-0121,-100.0,1,3,男性,44,2,12,0.0833333333333333,16375,1,14,4716268.25678644,9.856164383561644,7.0
C-001392623,S-0002,-32.94143805598381,0,3,男性,56,6,12,0.4166666666666667,10526,1,15,4455566.655169959,5.663013698630137,2.0
C-002003222,S-0059,-87.48844028419984,1,3,男性,76,4,12,0.25,8374,1,14,4713188.969095345,6.8123287671232875,3.0
C-000530481,S-0019,-9.52851651936008,0,3,女性,53,10,12,0.5,0,0,19,4327199.920883598,4.090410958904109,1.0
C-001839012,S-0020,-27.01534884788045,0,3,女性,32,4,12,0.1666666666666666,1271,1,16,4280702.057267675,6.986301369863014,3.5
C-000870933,S-0115,-49.27028709088581,1,3,女性,53,9,12,0.1666666666666666,96975,1,14,4553643.099564746,10.51095890410959,7.0
C-001333519,S-0054,-16.178167110467726,0,3,女性,59,7,12,0.0,1803,1,23,4489160.181517739,6.358904109589041,4.0
C-000858011,S-0121,-8.971090608526271,0,3,女性,57,9,12,0.25,2459,1,14,4716268.25678644,9.856164383561644,7.0
C-001193873,S-0036,-100.0,1,3,男性,59,7,12,0.4166666666666667,0,0,19,4397834.424680548,11.123287671232877,9.0
C-000817951,S-0117,-100.0,1,3,男性,71,9,12,0.0833333333333333,0,0,20,4500859.737076383,9.593150684931507,7.0
C-000033996,S-0074,-10.866673772702626,0,3,女性,33,12,12,0.6666666666666666,22949,1,14,4614054.39694187,8.308219178082192,6.0
C-000241078,S-0096,-100.0,1,3,女性,52,11,12,0.5,4727,1,16,4644856.458098179,8.302739726027397,5.0
C-000433716,S-0096,-23.624065605697538,0,3,女性,62,11,12,0.0833333333333333,35915,1,16,4644856.458098179,8.302739726027397,5.0
C-000427654,S-0102,-62.783473900272845,1,3,女性,15,11,12,0.5,0,0,16,4383474.364435211,10.484931506849314,7.5
C-001021245,S-0075,-57.87384551523746,1,3,男性,45,8,12,0.6666666666666666,0,0,19,4506647.2743158825,4.526027397260274,1.0
C-002468801,S-0117,-61.363614211218874,1,3,男性,34,2,12,0.1666666666666666,2698,2,20,4500859.737076383,9.593150684931507,7.0
C-000501238,S-0106,-72.09709782061883,1,3,女性,92,10,12,0.1666666666666666,1451,1,20,4462729.145118021,6.171232876712329,3.5
C-002175154,S-0111,-100.0,1,3,女性,68,3,12,0.4166666666666667,0,0,19,4489501.980758176,6.397260273972603,4.0
C-000907128,S-0012,-24.08747014201905,0,3,男性,49,8,12,0.4166666666666667,10196,1,16,4444678.825084195,7.994520547945205,5.0
C-000980431,S-0007,-59.66885655462768,1,3,女性,53,8,12,0.0,82724,1,21,4487075.727367008,3.7260273972602738,1.0
C-000276138,S-0096,-31.65097731663255,0,3,男性,77,11,12,0.3333333333333333,28648,2,16,4644856.458098179,8.302739726027397,5.0
C-000108110,S-0115,-56.009446685421715,1,3,女性,45,12,12,0.3333333333333333,17063,1,14,4553643.099564746,10.51095890410959,7.0
C-002553861,S-0056,-52.55040472556356,1,3,女性,53,1,12,0.3333333333333333,5521,2,15,4406070.585753419,7.528767123287671,4.0
C-000900828,S-0097,-100.0,1,3,女性,43,9,12,0.5,0,0,21,4592508.716501317,10.09041095890411,7.0
C-001698678,S-0111,-7.396603111900983,0,3,女性,58,5,12,0.3333333333333333,5008,2,19,4489501.980758176,6.397260273972603,4.0
C-001882254,S-0012,-49.720986436274934,1,3,男性,15,4,12,0.0833333333333333,86483,2,16,4444678.825084195,7.994520547945205,5.0
C-001194347,S-0113,-12.830988578033917,0,3,女性,44,7,12,0.0833333333333333,12046,1,16,4336633.961311346,5.77945205479452,2.5
C-001369588,S-0056,-55.783819179693786,1,3,女性,32,6,12,0.1666666666666666,10300,1,15,4406070.585753419,7.528767123287671,4.0
C-001370449,S-0072,-58.511297028274,1,3,男性,42,6,12,0.5,18628,1,12,4406797.312641796,9.01917808219178,6.0
C-002063097,S-0048,-54.9292794402543,1,3,女性,31,3,12,0.25,0,0,15,4502249.082895545,3.671232876712329,1.0
C-001532052,S-0054,-24.226230119615312,0,3,女性,53,6,12,0.1666666666666666,0,0,23,4489160.181517739,6.358904109589041,4.0
C-002077790,S-0115,-25.938421560206276,0,3,女性,62,3,12,0.5,0,0,14,4553643.099564746,10.51095890410959,7.0
C-001387012,S-0017,-100.0,1,3,女性,44,6,12,0.4166666666666667,1820,2,20,4640207.03550726,5.608219178082192,2.5
C-000958138,S-0102,-100.0,1,3,女性,58,8,12,0.1666666666666666,0,0,16,4383474.364435211,10.484931506849314,7.5
C-001939189,S-0074,-32.63840749205043,0,3,女性,68,4,12,0.25,27682,1,14,4614054.39694187,8.308219178082192,6.0
C-002098416,S-0117,-100.0,1,3,女性,67,3,12,0.1666666666666666,31750,1,20,4500859.737076383,9.593150684931507,7.0
C-001309842,S-0113,-19.73355197593723,0,3,男性,80,7,12,0.1666666666666666,11379,2,16,4336633.961311346,5.77945205479452,2.5
C-001092146,S-0017,-32.880434782608695,0,3,女性,54,8,12,0.0833333333333333,8097,1,20,4640207.03550726,5.608219178082192,2.5
C-002521159,S-0100,-16.056729312809566,0,3,女性,43,1,12,0.0833333333333333,8916,1,17,4535925.154217558,4.720547945205479,2.0
C-001926555,S-0036,-100.0,1,3,女性,41,4,12,0.5833333333333334,64272,2,19,4397834.424680548,11.123287671232877,9.0
C-002411158,S-0004,-18.374560322245667,0,3,女性,14,2,12,0.25,0,0,22,4423576.351309,11.806849315068494,9.0
C-001449285,S-0056,-30.159520049818738,0,3,男性,60,6,12,0.8333333333333334,8661,2,15,4406070.585753419,7.528767123287671,4.0
C-000807664,S-0005,-100.0,1,3,男性,72,9,12,0.0833333333333333,2556,2,21,4733942.970761149,4.69041095890411,2.0
C-002190860,S-0089,-63.084517259071845,1,3,女性,68,3,12,0.4166666666666667,0,0,19,4721110.949352573,10.142465753424657,7.0
C-000732457,S-0030,-37.93647784044059,0,3,男性,48,9,12,0.5,18475,1,22,4426478.045479023,9.236986301369862,5.5
C-002347020,S-0050,-43.520439952008985,0,3,女性,54,2,12,0.25,0,0,20,4615411.181286601,9.2013698630137,6.0
C-002070195,S-0089,-88.36221485141813,1,3,男性,79,3,12,0.4166666666666667,0,0,19,4721110.949352573,10.142465753424657,7.0
C-001307026,S-0018,-100.0,1,3,女性,70,7,12,0.0,5326,1,16,4493108.581950108,7.550684931506849,5.0
C-001367358,S-0106,-79.27924708976181,1,3,女性,32,6,12,0.0,2742,1,20,4462729.145118021,6.171232876712329,3.5
C-002428881,S-0012,-9.50750828448885,0,3,女性,43,2,12,0.5,7552,1,16,4444678.825084195,7.994520547945205,5.0
C-000247769,S-0080,-93.47458497347253,1,3,男性,40,11,12,0.6666666666666666,0,0,17,4457429.264950683,11.673972602739726,9.0
C-001072986,S-0082,-47.907653939127954,0,3,男性,55,8,12,0.1666666666666666,0,0,17,4607261.71451126,4.758904109589041,2.0
C-000567123,S-0106,-48.106443072312985,0,3,女性,51,10,12,0.5,0,0,20,4462729.145118021,6.171232876712329,3.5
C-002586358,S-0117,-27.083304308019944,0,3,女性,52,1,12,0.5833333333333334,47186,1,20,4500859.737076383,9.593150684931507,7.0
C-002072239,S-0050,-26.361455727218797,0,3,女性,79,3,12,0.1666666666666666,0,0,20,4615411.181286601,9.2013698630137,6.0
C-000181282,S-0056,-59.75206943893935,1,3,女性,50,12,12,0.0833333333333333,0,0,15,4406070.585753419,7.528767123287671,4.0
C-001918657,S-0097,-100.0,1,3,女性,52,4,12,0.0833333333333333,0,0,21,4592508.716501317,10.09041095890411,7.0
C-001537995,S-0074,-99.48415679774453,1,3,女性,50,6,12,0.3333333333333333,4930,2,14,4614054.39694187,8.308219178082192,6.0
C-000441222,S-0018,-62.029463781928186,1,3,女性,37,11,12,0.3333333333333333,10758,1,16,4493108.581950108,7.550684931506849,5.0
C-001071314,S-0074,-100.0,1,3,男性,63,8,12,0.0833333333333333,16358,1,14,4614054.39694187,8.308219178082192,6.0
C-000062724,S-0014,-100.0,1,3,女性,47,12,12,0.0833333333333333,0,0,21,4730192.353344672,7.336986301369863,4.0
C-001421480,S-0036,-32.69220249231409,0,3,女性,53,6,12,0.1666666666666666,6322,1,19,4397834.424680548,11.123287671232877,9.0
C-000327158,S-0082,-35.03566791551413,0,3,女性,47,11,12,0.0833333333333333,11267,2,17,4607261.71451126,4.758904109589041,2.0
C-000180266,S-0018,-87.76741729652043,1,3,男性,46,12,12,0.1666666666666666,4240,1,16,4493108.581950108,7.550684931506849,5.0
C-000108590,S-0079,-100.0,1,3,女性,47,12,12,0.3333333333333333,0,0,13,4256656.371085242,8.479452054794521,6.0
C-000614426,S-0050,-78.56873130065163,1,3,女性,43,10,12,0.1666666666666666,11853,1,20,4615411.181286601,9.2013698630137,6.0
C-002060433,S-0089,-12.366250162028376,0,3,男性,54,3,12,0.4166666666666667,13167,1,19,4721110.949352573,10.142465753424657,7.0
C-002622527,S-0072,-100.0,1,3,女性,61,1,12,0.0833333333333333,0,0,12,4406797.312641796,9.01917808219178,6.0
C-000170907,S-0072,-100.0,1,3,男性,55,12,12,0.0833333333333333,0,0,12,4406797.312641796,9.01917808219178,6.0
C-002284999,S-0050,-23.336984814528204,0,3,女性,45,2,12,0.3333333333333333,10354,1,20,4615411.181286601,9.2013698630137,6.0
C-000907427,S-0074,-73.00915701774301,1,3,女性,44,8,12,0.25,0,0,14,4614054.39694187,8.308219178082192,6.0
C-001251618,S-0008,-33.375007536261315,0,3,男性,54,7,12,0.25,0,0,22,4498453.308937302,10.772602739726027,7.0
C-002252229,S-0005,-31.509051457894486,0,3,女性,60,2,12,0.9166666666666666,0,0,21,4733942.970761149,4.69041095890411,2.0
C-001851276,S-0008,-100.0,1,3,男性,49,4,12,0.1666666666666666,2628,1,22,4498453.308937302,10.772602739726027,7.0
C-000853807,S-0082,-31.57414493436157,0,3,男性,34,9,12,0.4166666666666667,0,0,17,4607261.71451126,4.758904109589041,2.0
C-000803488,S-0008,-23.30972003196131,0,3,女性,37,9,12,0.4166666666666667,1745,2,22,4498453.308937302,10.772602739726027,7.0
C-000354897,S-0117,-72.59919380335124,1,3,女性,77,11,12,0.3333333333333333,0,0,20,4500859.737076383,9.593150684931507,7.0
C-001975546,S-0005,-18.528394589606524,0,3,女性,69,4,12,0.0,0,0,21,4733942.970761149,4.69041095890411,2.0
C-001149175,S-0096,-71.71632642574525,1,3,男性,81,7,12,0.3333333333333333,0,0,16,4644856.458098179,8.302739726027397,5.0
C-002661093,S-0079,-34.772940175494384,0,3,男性,56,1,12,0.0,0,0,13,4256656.371085242,8.479452054794521,6.0
C-001868762,S-0036,-60.27515796320386,1,3,男性,23,4,12,0.0833333333333333,23426,2,19,4397834.424680548,11.123287671232877,9.0
C-000245640,S-0054,-34.234724336130824,0,3,男性,60,11,12,0.25,112684,1,23,4489160.181517739,6.358904109589041,4.0
C-001289482,S-0012,-6.24299273416558,0,3,女性,46,7,12,0.25,9679,2,16,4444678.825084195,7.994520547945205,5.0
C-001180537,S-0089,-100.0,1,3,女性,52,7,12,0.3333333333333333,0,0,19,4721110.949352573,10.142465753424657,7.0
C-002163514,S-0117,-100.0,1,3,女性,55,3,12,0.4166666666666667,0,0,20,4500859.737076383,9.593150684931507,7.0
C-002305863,S-0115,-100.0,1,3,女性,23,2,12,0.3333333333333333,6766,2,14,4553643.099564746,10.51095890410959,7.0
C-001902498,S-0096,-11.779977872380117,0,3,女性,60,4,12,0.3333333333333333,22068,1,16,4644856.458098179,8.302739726027397,5.0
C-000841431,S-0074,-14.059034816800228,0,3,女性,68,9,12,0.0833333333333333,5061,1,14,4614054.39694187,8.308219178082192,6.0
C-000991274,S-0117,-15.441427991541026,0,3,女性,28,8,12,0.25,6512,1,20,4500859.737076383,9.593150684931507,7.0
C-001741036,S-0040,-40.43591847037294,0,3,男性,57,5,12,0.3333333333333333,0,0,20,4550116.0180538,8.163013698630138,4.0
C-002366121,S-0079,-100.0,1,3,女性,58,2,12,0.25,0,0,13,4256656.371085242,8.479452054794521,6.0
C-001433796,S-0018,-100.0,1,3,男性,40,6,12,0.25,0,0,16,4493108.581950108,7.550684931506849,5.0
C-002655966,S-0079,-18.19095672769659,0,3,女性,43,1,12,0.1666666666666666,31118,2,13,4256656.371085242,8.479452054794521,6.0
C-000042769,S-0117,-31.3556606796208,0,3,女性,56,12,12,0.0833333333333333,0,0,20,4500859.737076383,9.593150684931507,7.0
C-001284982,S-0117,-100.0,1,3,女性,52,7,12,0.0833333333333333,0,0,20,4500859.737076383,9.593150684931507,7.0
C-002256556,S-0097,-49.00194139825649,1,3,男性,43,2,12,0.4166666666666667,9227,1,21,4592508.716501317,10.09041095890411,7.0
C-002268424,S-0002,-100.0,1,3,男性,61,2,12,0.75,11563,1,15,4455566.655169959,5.663013698630137,2.0
C-000901238,S-0012,-100.0,1,3,男性,69,8,12,0.25,34513,1,16,4444678.825084195,7.994520547945205,5.0
C-000793791,S-0007,-48.1044941650839,0,3,女性,38,9,12,0.0833333333333333,0,0,21,4487075.727367008,3.7260273972602738,1.0
C-000456317,S-0079,-100.0,1,3,男性,47,10,12,0.1666666666666666,0,0,13,4256656.371085242,8.479452054794521,6.0
C-002276646,S-0115,-68.6244459237013,1,3,男性,74,2,12,0.0833333333333333,9313,1,14,4553643.099564746,10.51095890410959,7.0
C-000554361,S-0097,-69.13060979238007,1,3,女性,34,10,12,0.0833333333333333,0,0,21,4592508.716501317,10.09041095890411,7.0
C-002188332,S-0062,-40.75861539766325,0,3,女性,40,3,12,0.0833333333333333,0,0,15,4713869.782113416,4.575342465753424,1.0
C-002565907,S-0080,-17.767332651878025,0,3,女性,38,1,12,0.25,9203,2,17,4457429.264950683,11.673972602739726,9.0
C-000158624,S-0018,-54.08985991722381,1,3,男性,34,12,12,0.25,6035,2,16,4493108.581950108,7.550684931506849,5.0
C-001856124,S-0039,-83.82621720175102,1,3,男性,41,4,12,0.4166666666666667,28283,1,16,4591288.568998441,8.193150684931506,5.0
C-001168770,S-0080,-21.21735734651287,0,3,女性,57,7,12,0.0,17007,1,17,4457429.264950683,11.673972602739726,9.0
C-001487326,S-0131,-30.797328427248004,0,3,女性,48,6,12,0.1666666666666666,51228,1,17,4569023.5643747775,5.13972602739726,2.0
C-000453031,S-0017,-30.970309152127335,0,3,男性,40,10,12,0.0833333333333333,0,0,20,4640207.03550726,5.608219178082192,2.5
C-000063057,S-0096,-37.321976130165375,0,3,女性,51,12,12,0.4166666666666667,590,2,16,4644856.458098179,8.302739726027397,5.0
C-001899719,S-0074,-50.48562993718153,1,3,男性,70,4,12,0.3333333333333333,24946,2,14,4614054.39694187,8.308219178082192,6.0
C-001639185,S-0117,-41.13445722063741,0,3,男性,53,5,12,0.25,13344,2,20,4500859.737076383,9.593150684931507,7.0
C-001863188,S-0017,-10.481847481554485,0,3,女性,42,4,12,0.1666666666666666,9497,2,20,4640207.03550726,5.608219178082192,2.5
C-001504838,S-0056,-35.644647209549404,0,3,女性,60,6,12,0.1666666666666666,7689,1,15,4406070.585753419,7.528767123287671,4.0
C-001745110,S-0121,-100.0,1,3,女性,49,5,12,0.25,33479,1,14,4716268.25678644,9.856164383561644,7.0
C-000577708,S-0007,-16.827900430746485,0,3,男性,53,10,12,0.3333333333333333,40094,1,21,4487075.727367008,3.7260273972602738,1.0
C-000880322,S-0012,-32.46636790773213,0,3,女性,40,9,12,0.4166666666666667,0,0,16,4444678.825084195,7.994520547945205,5.0
C-000030855,S-0072,-13.324926843138973,0,3,男性,37,12,12,0.4166666666666667,1620,1,12,4406797.312641796,9.01917808219178,6.0
C-000893669,S-0036,-100.0,1,3,女性,43,9,12,0.0833333333333333,0,0,19,4397834.424680548,11.123287671232877,9.0
C-000061159,S-0102,-73.56592429502922,1,3,女性,56,12,12,0.3333333333333333,22642,1,16,4383474.364435211,10.484931506849314,7.5
C-000275481,S-0063,-100.0,1,3,男性,56,11,12,0.3333333333333333,0,0,18,4564012.176421695,5.749315068493151,3.0
C-001956899,S-0048,-22.746825210143108,0,3,女性,46,4,12,0.25,7503,1,15,4502249.082895545,3.671232876712329,1.0
C-000471770,S-0079,-55.20127324249835,1,3,女性,49,10,12,0.1666666666666666,4199,1,13,4256656.371085242,8.479452054794521,6.0
C-002661444,S-0099,-84.36361141837952,1,3,女性,51,1,12,0.1666666666666666,21789,1,13,4464126.154078853,8.147945205479452,5.0
C-001093909,S-0017,-21.56060460190623,0,3,女性,50,8,12,0.1666666666666666,0,0,20,4640207.03550726,5.608219178082192,2.5
C-000958086,S-0036,-9.366999339949796,0,3,女性,62,8,12,0.0,11053,2,19,4397834.424680548,11.123287671232877,9.0
C-002492472,S-0097,-50.78915780179953,1,3,女性,78,1,12,0.1666666666666666,0,0,21,4592508.716501317,10.09041095890411,7.0
C-002053936,S-0030,-100.0,1,3,男性,33,3,12,0.1666666666666666,0,0,22,4426478.045479023,9.236986301369862,5.5
C-000889257,S-0115,-92.92763420117024,1,3,女性,50,9,12,0.3333333333333333,13035,1,14,4553643.099564746,10.51095890410959,7.0
C-001639222,S-0074,-19.84260222623662,0,3,男性,58,5,12,0.1666666666666666,0,0,14,4614054.39694187,8.308219178082192,6.0
C-000538488,S-0036,-100.0,1,3,女性,29,10,12,0.3333333333333333,0,0,19,4397834.424680548,11.123287671232877,9.0
C-001859024,S-0121,-22.31226017122635,0,3,男性,49,4,12,0.1666666666666666,65487,1,14,4716268.25678644,9.856164383561644,7.0
C-001552169,S-0056,-35.901976702475125,0,3,男性,49,6,12,0.8333333333333334,7905,2,15,4406070.585753419,7.528767123287671,4.0
C-002479851,S-0018,-33.52656009608009,0,3,男性,43,1,12,0.25,0,0,16,4493108.581950108,7.550684931506849,5.0
C-002359732,S-0062,3.5864610416936276,0,3,女性,42,2,12,0.5833333333333334,0,0,15,4713869.782113416,4.575342465753424,1.0
C-000337195,S-0002,-100.0,1,3,男性,35,11,12,0.1666666666666666,13082,1,15,4455566.655169959,5.663013698630137,2.0
C-002273249,S-0111,-72.65856122375351,1,3,女性,45,2,12,0.1666666666666666,19277,1,19,4489501.980758176,6.397260273972603,4.0
C-000564063,S-0012,-44.81895016198252,0,3,女性,20,10,12,0.3333333333333333,13574,1,16,4444678.825084195,7.994520547945205,5.0
C-000003121,S-0014,-32.417097940983666,0,3,女性,51,12,12,0.5833333333333334,69356,1,21,4730192.353344672,7.336986301369863,4.0
C-001677228,S-0004,-49.4063385487249,1,3,男性,58,5,12,0.1666666666666666,10523,2,22,4423576.351309,11.806849315068494,9.0
C-000538771,S-0002,-62.390305579549576,1,3,女性,53,10,12,0.0833333333333333,88578,1,15,4455566.655169959,5.663013698630137,2.0
C-000073185,S-0121,-100.0,1,3,男性,38,12,12,0.0833333333333333,0,0,14,4716268.25678644,9.856164383561644,7.0
C-000397188,S-0106,-25.73982056590752,0,3,女性,35,11,12,0.75,0,0,20,4462729.145118021,6.171232876712329,3.5
C-000618912,S-0113,-100.0,1,3,男性,76,10,12,0.1666666666666666,1519,1,16,4336633.961311346,5.77945205479452,2.5
C-000099293,S-0017,-100.0,1,3,男性,67,12,12,0.0833333333333333,12352,2,20,4640207.03550726,5.608219178082192,2.5
C-000592587,S-0079,-47.14019877352506,0,3,女性,50,10,12,0.5,5043,1,13,4256656.371085242,8.479452054794521,6.0
C-002057520,S-0097,-100.0,1,3,女性,44,3,12,0.3333333333333333,0,0,21,4592508.716501317,10.09041095890411,7.0
C-001014786,S-0080,-100.0,1,3,女性,60,8,12,0.25,0,0,17,4457429.264950683,11.673972602739726,9.0
C-002000962,S-0117,-53.788224998784585,1,3,女性,73,4,12,0.0833333333333333,0,0,20,4500859.737076383,9.593150684931507,7.0
C-001245531,S-0063,-62.30926583864306,1,3,女性,65,7,12,1.0,0,0,18,4564012.176421695,5.749315068493151,3.0
C-000548631,S-0004,-87.505107460979,1,3,男性,92,10,12,0.0,0,0,22,4423576.351309,11.806849315068494,9.0
C-002011394,S-0048,-42.50179735288225,0,3,男性,43,4,12,0.25,12287,2,15,4502249.082895545,3.671232876712329,1.0
C-001831786,S-0020,-100.0,1,3,女性,53,4,12,0.4166666666666667,12524,1,16,4280702.057267675,6.986301369863014,3.5
C-001501359,S-0115,-62.992924886602864,1,3,男性,37,6,12,0.3333333333333333,4096,1,14,4553643.099564746,10.51095890410959,7.0
C-001062400,S-0097,-42.70317178515594,0,3,男性,53,8,12,0.0833333333333333,3790,1,21,4592508.716501317,10.09041095890411,7.0
C-002493616,S-0050,-95.69307746468324,1,3,女性,45,1,12,0.3333333333333333,3862,2,20,4615411.181286601,9.2013698630137,6.0
C-002479321,S-0100,-26.07139128886269,0,3,男性,53,1,12,0.25,38791,2,17,4535925.154217558,4.720547945205479,2.0
C-002211618,S-0080,-25.704764650346835,0,3,女性,29,3,12,0.5,167732,2,17,4457429.264950683,11.673972602739726,9.0
C-000007489,S-0079,-46.15323156955609,0,3,女性,80,12,12,0.1666666666666666,2525,1,13,4256656.371085242,8.479452054794521,6.0
C-002063652,S-0018,-56.690859089005045,1,3,女性,42,3,12,0.5,26914,1,16,4493108.581950108,7.550684931506849,5.0
C-000096343,S-0030,-25.974434963634796,0,3,女性,48,12,12,1.0,17892,2,22,4426478.045479023,9.236986301369862,5.5
C-000551838,S-0018,-72.27906842681732,1,3,女性,24,10,12,0.0833333333333333,8365,2,16,4493108.581950108,7.550684931506849,5.0
C-001831632,S-0106,-33.61355081555835,0,3,男性,35,4,12,0.1666666666666666,-640,2,20,4462729.145118021,6.171232876712329,3.5
C-002391924,S-0008,-39.94946629500548,0,3,女性,40,2,12,0.0833333333333333,29352,1,22,4498453.308937302,10.772602739726027,7.0
C-002666117,S-0100,-100.0,1,3,男性,48,1,12,0.0833333333333333,12882,1,17,4535925.154217558,4.720547945205479,2.0
C-002644419,S-0007,-78.42629569491376,1,3,女性,24,1,12,0.1666666666666666,16201,2,21,4487075.727367008,3.7260273972602738,1.0
C-001956852,S-0018,-51.5322080237367,1,3,女性,55,4,12,0.0,6605,2,16,4493108.581950108,7.550684931506849,5.0
C-001136329,S-0121,-40.053820789496335,0,3,男性,39,7,12,0.3333333333333333,1016,2,14,4716268.25678644,9.856164383561644,7.0
C-000796237,S-0096,-91.7167649176054,1,3,女性,56,9,12,0.25,0,0,16,4644856.458098179,8.302739726027397,5.0
C-001436011,S-0050,-100.0,1,3,女性,32,6,12,0.0833333333333333,0,0,20,4615411.181286601,9.2013698630137,6.0
C-001960508,S-0020,-83.17914614277956,1,3,女性,60,4,12,0.25,56106,1,16,4280702.057267675,6.986301369863014,3.5
C-001731456,S-0080,-23.393908100492744,0,3,男性,44,5,12,0.25,13938,1,17,4457429.264950683,11.673972602739726,9.0
C-002513601,S-0080,-26.771498664102328,0,3,女性,56,1,12,0.25,0,0,17,4457429.264950683,11.673972602739726,9.0
C-001224416,S-0063,-38.63000208726926,0,3,女性,70,7,12,0.0833333333333333,17297,2,18,4564012.176421695,5.749315068493151,3.0
C-000737461,S-0004,-100.0,1,3,女性,47,9,12,0.25,0,0,22,4423576.351309,11.806849315068494,9.0
C-001910775,S-0085,-100.0,1,3,男性,34,4,12,0.3333333333333333,12319,1,15,4606655.398026554,4.928767123287671,2.0
C-002555676,S-0115,-100.0,1,3,女性,54,1,12,0.1666666666666666,5367,1,14,4553643.099564746,10.51095890410959,7.0
C-002657335,S-0096,-38.91650973006905,0,3,女性,75,1,12,0.0833333333333333,9889,1,16,4644856.458098179,8.302739726027397,5.0
C-001659100,S-0050,-22.463419373702628,0,3,女性,47,5,12,0.5833333333333334,0,0,20,4615411.181286601,9.2013698630137,6.0
C-000807994,S-0079,-100.0,1,3,男性,61,9,12,0.4166666666666667,0,0,13,4256656.371085242,8.479452054794521,6.0
C-002679074,S-0117,-65.94063607768736,1,3,女性,36,1,12,0.6666666666666666,183259,2,20,4500859.737076383,9.593150684931507,7.0
C-001793516,S-0106,-27.65310018854971,0,3,男性,52,5,12,0.3333333333333333,35542,1,20,4462729.145118021,6.171232876712329,3.5
C-002239632,S-0089,-82.05198027291156,1,3,女性,32,3,12,0.25,38646,1,19,4721110.949352573,10.142465753424657,7.0
C-000577802,S-0113,-100.0,1,3,女性,37,10,12,0.5833333333333334,0,0,16,4336633.961311346,5.77945205479452,2.5
C-000339300,S-0121,-34.751918918378486,0,3,女性,56,11,12,0.3333333333333333,4477,2,14,4716268.25678644,9.856164383561644,7.0
C-000390158,S-0036,-100.0,1,3,男性,35,11,12,0.3333333333333333,0,0,19,4397834.424680548,11.123287671232877,9.0
C-001859406,S-0017,-100.0,1,3,女性,41,4,12,0.25,57196,1,20,4640207.03550726,5.608219178082192,2.5
C-001795189,S-0020,-83.31511908350919,1,3,女性,56,5,12,0.4166666666666667,0,0,16,4280702.057267675,6.986301369863014,3.5
C-000023782,S-0007,-40.62407925751326,0,3,男性,39,12,12,0.1666666666666666,7952,1,21,4487075.727367008,3.7260273972602738,1.0
C-000553548,S-0096,-67.89394181291219,1,3,女性,58,10,12,0.4166666666666667,20453,1,16,4644856.458098179,8.302739726027397,5.0
C-002034362,S-0100,-22.881698090621914,0,3,女性,39,3,12,0.4166666666666667,0,0,17,4535925.154217558,4.720547945205479,2.0
C-002033612,S-0018,-100.0,1,3,男性,46,3,12,0.25,0,0,16,4493108.581950108,7.550684931506849,5.0
C-001864034,S-0072,-56.44963278196402,1,3,女性,60,4,12,0.0,62714,1,12,4406797.312641796,9.01917808219178,6.0
C-001371275,S-0097,-100.0,1,3,男性,59,6,12,0.0833333333333333,1580,2,21,4592508.716501317,10.09041095890411,7.0
C-000700067,S-0102,-90.71623985289501,1,3,女性,32,9,12,0.25,12456,1,16,4383474.364435211,10.484931506849314,7.5
C-002543407,S-0036,-17.822686816879003,0,3,女性,44,1,12,0.0833333333333333,36360,1,19,4397834.424680548,11.123287671232877,9.0
C-001865796,S-0089,-33.17570349932285,0,3,女性,44,4,12,0.25,0,0,19,4721110.949352573,10.142465753424657,7.0
C-000636895,S-0096,-33.34319937104009,0,3,女性,54,10,12,0.3333333333333333,19208,1,16,4644856.458098179,8.302739726027397,5.0
C-000446642,S-0018,-100.0,1,3,女性,21,11,12,0.0,0,0,16,4493108.581950108,7.550684931506849,5.0
C-001774222,S-0007,-64.41376837576193,1,3,女性,54,5,12,0.0833333333333333,5313,2,21,4487075.727367008,3.7260273972602738,1.0
C-001666132,S-0040,-40.46759349097663,0,3,男性,58,5,12,0.75,0,0,20,4550116.0180538,8.163013698630138,4.0
C-001203993,S-0099,-24.50340133372495,0,3,女性,44,7,12,0.3333333333333333,59495,1,13,4464126.154078853,8.147945205479452,5.0
C-001122809,S-0106,-32.12323960033033,0,3,女性,45,8,12,0.25,1712,2,20,4462729.145118021,6.171232876712329,3.5
C-001544436,S-0050,-24.047069514455703,0,3,女性,55,6,12,0.1666666666666666,632,2,20,4615411.181286601,9.2013698630137,6.0
C-002154507,S-0014,-37.65183733410492,0,3,男性,55,3,12,0.4166666666666667,7177,2,21,4730192.353344672,7.336986301369863,4.0
C-002003414,S-0054,-39.7593655031384,0,3,女性,59,4,12,0.3333333333333333,11266,1,23,4489160.181517739,6.358904109589041,4.0
C-001484922,S-0036,-75.00800582241631,1,3,女性,58,6,12,0.1666666666666666,0,0,19,4397834.424680548,11.123287671232877,9.0
C-002430330,S-0096,-100.0,1,3,女性,20,2,12,0.4166666666666667,14670,2,16,4644856.458098179,8.302739726027397,5.0
C-000540385,S-0074,-36.27090258570377,0,3,女性,53,10,12,0.25,10041,1,14,4614054.39694187,8.308219178082192,6.0
C-001301059,S-0080,-74.62956007608709,1,3,女性,69,7,12,0.1666666666666666,17491,1,17,4457429.264950683,11.673972602739726,9.0
C-001670863,S-0008,-100.0,1,3,女性,39,5,12,0.1666666666666666,8769,1,22,4498453.308937302,10.772602739726027,7.0
C-001629419,S-0036,-51.54056445063232,1,3,男性,50,5,12,0.4166666666666667,15400,1,19,4397834.424680548,11.123287671232877,9.0
C-000414510,S-0080,-47.8564120972808,0,3,女性,39,11,12,0.25,2850,2,17,4457429.264950683,11.673972602739726,9.0
C-001234960,S-0106,-47.836162130009086,0,3,男性,36,7,12,0.1666666666666666,35048,1,20,4462729.145118021,6.171232876712329,3.5
C-001214951,S-0113,-38.08881394041597,0,3,女性,27,7,12,0.3333333333333333,20498,1,16,4336633.961311346,5.77945205479452,2.5
C-001088039,S-0040,-36.105631953330615,0,3,女性,60,8,12,0.1666666666666666,0,0,20,4550116.0180538,8.163013698630138,4.0
C-000973669,S-0017,-16.9424018971636,0,3,女性,51,8,12,0.3333333333333333,0,0,20,4640207.03550726,5.608219178082192,2.5
C-000149601,S-0074,-47.738159029275685,0,3,男性,59,12,12,0.25,8943,1,14,4614054.39694187,8.308219178082192,6.0
C-001645410,S-0074,-66.9007934527671,1,3,男性,58,5,12,0.3333333333333333,0,0,14,4614054.39694187,8.308219178082192,6.0
C-000817265,S-0008,-25.811585519725917,0,3,女性,27,9,12,0.3333333333333333,0,0,22,4498453.308937302,10.772602739726027,7.0
C-001548749,S-0080,-100.0,1,3,男性,38,6,12,0.0833333333333333,2100,2,17,4457429.264950683,11.673972602739726,9.0
C-000868470,S-0079,-20.941300590186398,0,3,男性,49,9,12,0.1666666666666666,0,0,13,4256656.371085242,8.479452054794521,6.0
C-000380234,S-0074,-45.8162386573456,0,3,女性,65,11,12,0.25,0,0,14,4614054.39694187,8.308219178082192,6.0
C-000933980,S-0040,-23.381966454989453,0,3,男性,41,8,12,0.1666666666666666,46170,2,20,4550116.0180538,8.163013698630138,4.0
C-000374402,S-0018,-10.659101124541321,0,3,女性,46,11,12,0.0833333333333333,0,0,16,4493108.581950108,7.550684931506849,5.0
C-000038858,S-0007,-77.15819344251086,1,3,女性,43,12,12,0.25,8494,1,21,4487075.727367008,3.7260273972602738,1.0
C-000372222,S-0100,-23.774440979560467,0,3,男性,60,11,12,0.1666666666666666,0,0,17,4535925.154217558,4.720547945205479,2.0
C-002558425,S-0036,-43.42522216798766,0,3,女性,56,1,12,0.0833333333333333,4043,2,19,4397834.424680548,11.123287671232877,9.0
C-001794946,S-0017,-97.39917971976092,1,3,女性,31,5,12,0.1666666666666666,4840,1,20,4640207.03550726,5.608219178082192,2.5
C-002346852,S-0050,-73.14932227777742,1,3,女性,44,2,12,0.1666666666666666,20245,1,20,4615411.181286601,9.2013698630137,6.0
C-001860302,S-0096,-40.47810067718889,0,3,男性,57,4,12,0.0833333333333333,0,0,16,4644856.458098179,8.302739726027397,5.0
C-001916224,S-0005,-42.21383080651525,0,3,女性,52,4,12,0.4166666666666667,0,0,21,4733942.970761149,4.69041095890411,2.0
C-001844161,S-0018,-30.692383952507495,0,3,女性,47,4,12,0.5,16432,1,16,4493108.581950108,7.550684931506849,5.0
C-000234231,S-0054,-55.59956768144486,1,3,女性,43,11,12,0.5833333333333334,129599,2,23,4489160.181517739,6.358904109589041,4.0
C-002222377,S-0075,-40.5763441403119,0,3,男性,53,3,12,0.25,42122,1,19,4506647.2743158825,4.526027397260274,1.0
C-002002353,S-0117,-36.53920739286183,0,3,女性,44,4,12,0.5833333333333334,18141,1,20,4500859.737076383,9.593150684931507,7.0
C-002638524,S-0115,-89.40299591026789,1,3,女性,36,1,12,0.0833333333333333,0,0,14,4553643.099564746,10.51095890410959,7.0
C-000445425,S-0115,-100.0,1,3,女性,62,11,12,0.0,1453,1,14,4553643.099564746,10.51095890410959,7.0
C-000133464,S-0063,-25.622690941522947,0,3,女性,54,12,12,0.3333333333333333,0,0,18,4564012.176421695,5.749315068493151,3.0
C-002639509,S-0082,-49.68033796561356,1,3,女性,50,1,12,0.0,5764,2,17,4607261.71451126,4.758904109589041,2.0
C-001719781,S-0048,-18.3154127747591,0,3,男性,44,5,12,0.25,36397,1,15,4502249.082895545,3.671232876712329,1.0
C-000788813,S-0074,-39.53636950791628,0,3,男性,67,9,12,0.1666666666666666,17132,1,14,4614054.39694187,8.308219178082192,6.0
C-002472413,S-0036,-18.797217385968814,0,3,女性,43,1,12,0.0,7472,1,19,4397834.424680548,11.123287671232877,9.0
C-001720076,S-0100,-100.0,1,3,男性,52,5,12,0.0833333333333333,1703,1,17,4535925.154217558,4.720547945205479,2.0
C-001439518,S-0102,-20.297331183951282,0,3,女性,36,6,12,0.25,8041,1,16,4383474.364435211,10.484931506849314,7.5
C-001465631,S-0115,-87.88651107928216,1,3,男性,20,6,12,0.5,0,0,14,4553643.099564746,10.51095890410959,7.0
C-000268989,S-0036,-100.0,1,3,男性,58,11,12,0.25,69445,1,19,4397834.424680548,11.123287671232877,9.0
C-002236400,S-0005,-12.934805105208694,0,3,女性,78,3,12,0.25,0,0,21,4733942.970761149,4.69041095890411,2.0
C-001936410,S-0097,-10.696593490015509,0,3,女性,29,4,12,0.5833333333333334,0,0,21,4592508.716501317,10.09041095890411,7.0
C-001244079,S-0036,-100.0,1,3,男性,44,7,12,0.1666666666666666,27219,2,19,4397834.424680548,11.123287671232877,9.0
C-001074578,S-0048,-69.02484411217394,1,3,男性,25,8,12,0.1666666666666666,12815,2,15,4502249.082895545,3.671232876712329,1.0
C-000230109,S-0036,-21.877572340331263,0,3,女性,44,11,12,0.1666666666666666,4170,1,19,4397834.424680548,11.123287671232877,9.0
C-000155434,S-0082,-18.541360675859732,0,3,女性,43,12,12,0.1666666666666666,0,0,17,4607261.71451126,4.758904109589041,2.0
C-001195850,S-0079,-59.830981181030815,1,3,男性,34,7,12,0.1666666666666666,70395,1,13,4256656.371085242,8.479452054794521,6.0
C-001466687,S-0072,-92.92720165628822,1,3,女性,31,6,12,0.0833333333333333,8948,1,12,4406797.312641796,9.01917808219178,6.0
C-000767023,S-0117,-42.05731226023342,0,3,女性,60,9,12,0.25,0,0,20,4500859.737076383,9.593150684931507,7.0
C-000767721,S-0099,-73.66374765026822,1,3,女性,40,9,12,0.6666666666666666,14102,1,13,4464126.154078853,8.147945205479452,5.0
C-001420390,S-0041,-20.321261765165175,0,3,女性,77,6,12,0.0833333333333333,0,0,17,4828489.286769263,10.389041095890411,7.0
C-002623979,S-0054,-29.02218453801964,0,3,男性,49,1,12,0.1666666666666666,22407,2,23,4489160.181517739,6.358904109589041,4.0
C-000491243,S-0100,-6.8430510603770145,0,3,女性,60,10,12,0.0,24618,1,17,4535925.154217558,4.720547945205479,2.0
C-001027286,S-0014,-100.0,1,3,女性,58,8,12,0.0,38210,1,21,4730192.353344672,7.336986301369863,4.0
C-002446049,S-0100,-30.44550161836186,0,3,女性,66,2,12,0.6666666666666666,4762,1,17,4535925.154217558,4.720547945205479,2.0
C-002133140,S-0117,-37.68340188879919,0,3,男性,40,3,12,0.0833333333333333,0,0,20,4500859.737076383,9.593150684931507,7.0
C-001042028,S-0115,-70.52209981450228,1,3,女性,45,8,12,0.25,7826,2,14,4553643.099564746,10.51095890410959,7.0
C-001478595,S-0113,-55.81144916507531,1,3,男性,35,6,12,0.1666666666666666,0,0,16,4336633.961311346,5.77945205479452,2.5
C-002177081,S-0117,-100.0,1,3,女性,50,3,12,0.3333333333333333,0,0,20,4500859.737076383,9.593150684931507,7.0
C-002516022,S-0131,-23.528734373643136,0,3,男性,45,1,12,0.4166666666666667,28752,1,17,4569023.5643747775,5.13972602739726,2.0
C-001171684,S-0039,-75.50528110066051,1,3,女性,44,7,12,0.5,38367,1,16,4591288.568998441,8.193150684931506,5.0
C-001739234,S-0131,-100.0,1,3,男性,33,5,12,0.6666666666666666,6932,2,17,4569023.5643747775,5.13972602739726,2.0
C-000164954,S-0079,-76.37669861154048,1,3,女性,31,12,12,0.1666666666666666,0,0,13,4256656.371085242,8.479452054794521,6.0
C-000860906,S-0018,-35.55519797922144,0,3,女性,42,9,12,0.1666666666666666,0,0,16,4493108.581950108,7.550684931506849,5.0
C-000807275,S-0074,-76.85333577544759,1,3,女性,56,9,12,0.1666666666666666,10266,1,14,4614054.39694187,8.308219178082192,6.0
C-001587388,S-0002,-35.01621012858147,0,3,男性,37,5,12,0.3333333333333333,81429,2,15,4455566.655169959,5.663013698630137,2.0
C-002143228,S-0018,-24.814843366500735,0,3,男性,36,3,12,0.3333333333333333,37865,2,16,4493108.581950108,7.550684931506849,5.0
C-000765598,S-0097,-10.378494132159087,0,3,女性,41,9,12,0.25,2370,2,21,4592508.716501317,10.09041095890411,7.0
C-000204699,S-0063,-17.89749640792094,0,3,女性,59,12,12,0.0833333333333333,1369,1,18,4564012.176421695,5.749315068493151,3.0
C-000224540,S-0097,-85.60129012440485,1,3,男性,51,12,12,0.3333333333333333,1522,2,21,4592508.716501317,10.09041095890411,7.0
C-001420939,S-0102,-100.0,1,3,男性,37,6,12,0.25,2608,1,16,4383474.364435211,10.484931506849314,7.5
C-002631626,S-0097,-100.0,1,3,男性,57,1,12,0.0,9164,2,21,4592508.716501317,10.09041095890411,7.0
C-000130482,S-0074,-34.906378145526446,0,3,女性,58,12,12,0.1666666666666666,0,0,14,4614054.39694187,8.308219178082192,6.0
C-000058331,S-0117,-99.83449812786247,1,3,女性,35,12,12,0.25,1320,1,20,4500859.737076383,9.593150684931507,7.0
C-001974884,S-0004,-23.87922985200501,0,3,女性,69,4,12,0.1666666666666666,9088,1,22,4423576.351309,11.806849315068494,9.0
C-002363504,S-0020,-35.96141922149501,0,3,女性,69,2,12,0.1666666666666666,12233,1,16,4280702.057267675,6.986301369863014,3.5
C-001108549,S-0041,-88.74226030395897,1,3,女性,54,8,12,0.1666666666666666,16664,1,17,4828489.286769263,10.389041095890411,7.0
C-002020004,S-0089,-61.81300439837612,1,3,女性,51,4,12,0.0833333333333333,24647,1,19,4721110.949352573,10.142465753424657,7.0
C-000678933,S-0018,-62.67831929499975,1,3,男性,40,9,12,0.5833333333333334,18215,2,16,4493108.581950108,7.550684931506849,5.0
C-000811247,S-0054,-49.72918804132567,1,3,女性,33,9,12,0.4166666666666667,18872,1,23,4489160.181517739,6.358904109589041,4.0
C-001861597,S-0018,-100.0,1,3,女性,20,4,12,0.1666666666666666,20702,1,16,4493108.581950108,7.550684931506849,5.0
C-000779813,S-0072,-43.424294909383015,0,3,男性,60,9,12,0.25,34165,2,12,4406797.312641796,9.01917808219178,6.0
C-001687358,S-0041,-51.48334186762901,1,3,女性,48,5,12,0.0833333333333333,40541,2,17,4828489.286769263,10.389041095890411,7.0
C-000328407,S-0056,-42.29863941672886,0,3,女性,41,11,12,0.3333333333333333,0,0,15,4406070.585753419,7.528767123287671,4.0
C-000880148,S-0102,-100.0,1,3,男性,70,9,12,0.4166666666666667,15577,1,16,4383474.364435211,10.484931506849314,7.5
C-000481710,S-0099,-82.36938987718855,1,3,女性,35,10,12,0.0833333333333333,98878,2,13,4464126.154078853,8.147945205479452,5.0
C-002475017,S-0002,-92.39372367235067,1,3,男性,38,1,12,0.0,2703,1,15,4455566.655169959,5.663013698630137,2.0
C-002255402,S-0020,-54.71452991452992,1,3,女性,49,2,12,0.1666666666666666,15120,2,16,4280702.057267675,6.986301369863014,3.5
C-000245799,S-0121,-28.128997926090076,0,3,女性,42,11,12,0.25,21444,1,14,4716268.25678644,9.856164383561644,7.0
C-002593883,S-0056,-70.43830814604172,1,3,女性,56,1,12,0.5833333333333334,0,0,15,4406070.585753419,7.528767123287671,4.0
C-000135351,S-0096,-79.46450608090282,1,3,女性,48,12,12,0.1666666666666666,18928,1,16,4644856.458098179,8.302739726027397,5.0
C-002151047,S-0074,-41.14606290025668,0,3,女性,66,3,12,0.3333333333333333,7865,1,14,4614054.39694187,8.308219178082192,6.0
C-002451553,S-0018,-100.0,1,3,男性,48,2,12,0.3333333333333333,43570,2,16,4493108.581950108,7.550684931506849,5.0
C-000259394,S-0072,-29.511755758057014,0,3,男性,38,11,12,0.4166666666666667,9838,2,12,4406797.312641796,9.01917808219178,6.0
C-001055808,S-0100,-31.51540200193736,0,3,男性,45,8,12,0.25,8880,1,17,4535925.154217558,4.720547945205479,2.0
C-001748101,S-0004,-78.67206906381072,1,3,男性,51,5,12,0.4166666666666667,10414,1,22,4423576.351309,11.806849315068494,9.0
C-000187439,S-0121,-77.51795423487337,1,3,女性,35,12,12,0.0833333333333333,13775,1,14,4716268.25678644,9.856164383561644,7.0
C-001161982,S-0113,-46.77131565753384,0,3,女性,40,7,12,0.25,0,0,16,4336633.961311346,5.77945205479452,2.5
C-001078916,S-0004,-100.0,1,3,女性,33,8,12,0.0833333333333333,4171,1,22,4423576.351309,11.806849315068494,9.0
C-000348160,S-0102,-100.0,1,3,女性,45,11,12,0.4166666666666667,0,0,16,4383474.364435211,10.484931506849314,7.5
C-000219891,S-0074,-83.81529850746269,1,3,男性,53,12,12,0.1666666666666666,11651,2,14,4614054.39694187,8.308219178082192,6.0
C-000829332,S-0117,-28.37205661888219,0,3,女性,40,9,12,0.25,0,0,20,4500859.737076383,9.593150684931507,7.0
C-000294344,S-0020,-100.0,1,3,女性,46,11,12,0.1666666666666666,9264,1,16,4280702.057267675,6.986301369863014,3.5
C-000988373,S-0099,-100.0,1,3,男性,45,8,12,0.0833333333333333,6605,1,13,4464126.154078853,8.147945205479452,5.0
C-002164747,S-0005,-100.0,1,3,男性,55,3,12,0.25,7610,2,21,4733942.970761149,4.69041095890411,2.0
C-001840250,S-0115,-100.0,1,3,女性,46,4,12,0.0833333333333333,22484,2,14,4553643.099564746,10.51095890410959,7.0
C-000269902,S-0002,-100.0,1,3,男性,33,11,12,0.5833333333333334,0,0,15,4455566.655169959,5.663013698630137,2.0
C-002241757,S-0072,-100.0,1,3,女性,47,3,12,0.5,0,0,12,4406797.312641796,9.01917808219178,6.0
C-002372760,S-0048,-100.0,1,3,女性,70,2,12,0.4166666666666667,0,0,15,4502249.082895545,3.671232876712329,1.0
C-000935799,S-0056,-99.51506300436256,1,3,男性,32,8,12,0.0,8240,2,15,4406070.585753419,7.528767123287671,4.0
C-001911467,S-0111,-41.69110746128578,0,3,女性,19,4,12,0.3333333333333333,8481,1,19,4489501.980758176,6.397260273972603,4.0
C-000839908,S-0085,-100.0,1,3,女性,83,9,12,0.4166666666666667,0,0,15,4606655.398026554,4.928767123287671,2.0
C-001540372,S-0020,-8.582772186569374,0,3,男性,35,6,12,0.0,5955,1,16,4280702.057267675,6.986301369863014,3.5
C-000653903,S-0102,-98.28455398403585,1,3,女性,51,10,12,0.0,26422,2,16,4383474.364435211,10.484931506849314,7.5
C-000612714,S-0050,-26.546083879305776,0,3,女性,32,10,12,0.0833333333333333,4481,2,20,4615411.181286601,9.2013698630137,6.0
C-001683614,S-0099,-100.0,1,3,女性,46,5,12,0.1666666666666666,0,0,13,4464126.154078853,8.147945205479452,5.0
C-000398571,S-0002,-23.60192994453309,0,3,女性,52,11,12,0.25,5894,1,15,4455566.655169959,5.663013698630137,2.0
C-002125586,S-0121,-100.0,1,3,女性,46,3,12,0.1666666666666666,0,0,14,4716268.25678644,9.856164383561644,7.0
C-001339609,S-0121,-19.691299241964074,0,3,女性,51,7,12,0.25,80098,1,14,4716268.25678644,9.856164383561644,7.0
C-000894762,S-0014,-39.41621767327829,0,3,女性,57,9,12,0.25,23043,1,21,4730192.353344672,7.336986301369863,4.0
C-002096483,S-0056,-81.24905753220264,1,3,男性,50,3,12,0.25,11214,2,15,4406070.585753419,7.528767123287671,4.0
C-001226701,S-0115,-100.0,1,3,女性,63,7,12,0.0833333333333333,7640,1,14,4553643.099564746,10.51095890410959,7.0
C-001371377,S-0072,-100.0,1,3,女性,52,6,12,0.0833333333333333,0,0,12,4406797.312641796,9.01917808219178,6.0
C-002017155,S-0020,-78.14065090306256,1,3,女性,47,4,12,0.25,6915,1,16,4280702.057267675,6.986301369863014,3.5
C-000266648,S-0121,-47.28534352124037,0,3,女性,78,11,12,0.0833333333333333,6800,2,14,4716268.25678644,9.856164383561644,7.0
C-002261084,S-0018,-14.327898842664572,0,3,男性,54,2,12,0.0833333333333333,8202,2,16,4493108.581950108,7.550684931506849,5.0
C-000623889,S-0002,-23.551684818159003,0,3,男性,39,10,12,0.0833333333333333,19160,1,15,4455566.655169959,5.663013698630137,2.0
C-000180539,S-0063,-51.19937603013892,1,3,女性,45,12,12,0.25,16426,1,18,4564012.176421695,5.749315068493151,3.0
C-001023163,S-0050,-21.965589037800946,0,3,女性,44,8,12,0.3333333333333333,37285,1,20,4615411.181286601,9.2013698630137,6.0
C-002580149,S-0115,-99.682974441233,1,3,女性,43,1,12,0.0833333333333333,3564,1,14,4553643.099564746,10.51095890410959,7.0
C-001726338,S-0012,-100.0,1,3,女性,44,5,12,0.0,3052,1,16,4444678.825084195,7.994520547945205,5.0
C-002058609,S-0117,-8.195950109796637,0,3,女性,76,3,12,0.1666666666666666,2448,2,20,4500859.737076383,9.593150684931507,7.0
C-000654240,S-0111,-100.0,1,3,女性,47,10,12,1.0,0,0,19,4489501.980758176,6.397260273972603,4.0
C-000842232,S-0126,-84.05103881354799,1,3,女性,44,9,12,0.5,0,0,17,4493168.352495564,5.53972602739726,3.0
C-001675366,S-0048,-83.06492041609225,1,3,女性,45,5,12,0.0,206539,1,15,4502249.082895545,3.671232876712329,1.0
C-000711077,S-0100,-20.89450054025858,0,3,男性,66,9,12,0.25,0,0,17,4535925.154217558,4.720547945205479,2.0
C-001357034,S-0126,-15.349221476297261,0,3,女性,33,6,12,0.0833333333333333,0,0,17,4493168.352495564,5.53972602739726,3.0
C-000429786,S-0014,-99.86627301146231,1,3,男性,53,11,12,0.1666666666666666,5592,1,21,4730192.353344672,7.336986301369863,4.0
C-000332904,S-0097,-65.03482450508031,1,3,女性,41,11,12,0.3333333333333333,23041,2,21,4592508.716501317,10.09041095890411,7.0
C-001936232,S-0097,-3.815453916061241,0,3,女性,63,4,12,0.6666666666666666,24486,1,21,4592508.716501317,10.09041095890411,7.0
C-002298943,S-0082,-100.0,1,3,女性,51,2,12,0.5,0,0,17,4607261.71451126,4.758904109589041,2.0
C-001305627,S-0121,-63.59692949269628,1,3,女性,33,7,12,0.3333333333333333,0,0,14,4716268.25678644,9.856164383561644,7.0
C-001112823,S-0012,-97.56092845196778,1,3,女性,53,8,12,0.0833333333333333,0,0,16,4444678.825084195,7.994520547945205,5.0
C-002015097,S-0096,-56.3142227372918,1,3,女性,51,4,12,0.1666666666666666,22786,1,16,4644856.458098179,8.302739726027397,5.0
C-002292281,S-0117,-51.08994742145852,1,3,女性,52,2,12,0.0833333333333333,0,0,20,4500859.737076383,9.593150684931507,7.0
C-001049857,S-0097,-21.10098425446208,0,3,女性,33,8,12,0.1666666666666666,61518,1,21,4592508.716501317,10.09041095890411,7.0
C-002331726,S-0056,-31.73650307539706,0,3,女性,38,2,12,0.3333333333333333,16845,2,15,4406070.585753419,7.528767123287671,4.0
C-001451065,S-0018,-46.95529786127344,0,3,女性,24,6,12,0.3333333333333333,0,0,16,4493108.581950108,7.550684931506849,5.0
C-001725640,S-0115,-44.411940961047605,0,3,男性,65,5,12,0.1666666666666666,0,0,14,4553643.099564746,10.51095890410959,7.0
C-001367881,S-0002,-32.733483079322056,0,3,女性,59,6,12,1.0,0,0,15,4455566.655169959,5.663013698630137,2.0
C-000875289,S-0005,-11.025630072618538,0,3,女性,43,9,12,0.25,12750,2,21,4733942.970761149,4.69041095890411,2.0
C-000221734,S-0017,-31.815879530120718,0,3,男性,59,12,12,0.4166666666666667,0,0,20,4640207.03550726,5.608219178082192,2.5
C-001893387,S-0007,-11.642034635959742,0,3,男性,58,4,12,0.3333333333333333,17465,2,21,4487075.727367008,3.7260273972602738,1.0
C-001314822,S-0007,-48.66420151474291,0,3,女性,55,7,12,0.1666666666666666,0,0,21,4487075.727367008,3.7260273972602738,1.0
C-000035234,S-0072,-89.81690018412714,1,3,男性,27,12,12,0.0,0,0,12,4406797.312641796,9.01917808219178,6.0
C-001190223,S-0020,-58.645121460977435,1,3,男性,31,7,12,0.5,0,0,16,4280702.057267675,6.986301369863014,3.5
C-002025175,S-0056,-100.0,1,3,女性,47,3,12,0.0,110191,1,15,4406070.585753419,7.528767123287671,4.0
C-001918108,S-0039,-24.211360301583714,0,3,男性,22,4,12,0.5,0,0,16,4591288.568998441,8.193150684931506,5.0
C-002425866,S-0040,-54.763491699818786,1,3,男性,34,2,12,0.25,0,0,20,4550116.0180538,8.163013698630138,4.0
C-000197616,S-0056,-100.0,1,3,女性,36,12,12,0.3333333333333333,19708,2,15,4406070.585753419,7.528767123287671,4.0
C-000971720,S-0020,-61.70111510287873,1,3,女性,51,8,12,0.4166666666666667,0,0,16,4280702.057267675,6.986301369863014,3.5
C-001145007,S-0089,-57.78095597229759,1,3,女性,35,7,12,0.3333333333333333,6699,1,19,4721110.949352573,10.142465753424657,7.0
C-000042684,S-0074,-100.0,1,3,女性,53,12,12,0.3333333333333333,9691,2,14,4614054.39694187,8.308219178082192,6.0
C-001032714,S-0008,-48.64866133013016,0,3,女性,50,8,12,0.1666666666666666,0,0,22,4498453.308937302,10.772602739726027,7.0
C-001251527,S-0074,-26.83574708791241,0,3,女性,48,7,12,0.0833333333333333,3011,2,14,4614054.39694187,8.308219178082192,6.0
C-001855762,S-0056,-100.0,1,3,男性,47,4,12,0.25,0,0,15,4406070.585753419,7.528767123287671,4.0
C-002140170,S-0089,-84.99263394587888,1,3,男性,56,3,12,0.25,0,0,19,4721110.949352573,10.142465753424657,7.0
C-002125886,S-0089,-22.153969985490516,0,3,男性,53,3,12,0.25,10131,1,19,4721110.949352573,10.142465753424657,7.0
C-000211623,S-0050,-46.123237346318966,0,3,男性,54,12,12,0.4166666666666667,19796,1,20,4615411.181286601,9.2013698630137,6.0
C-000076981,S-0117,-74.92770643128638,1,3,女性,31,12,12,0.6666666666666666,943,2,20,4500859.737076383,9.593150684931507,7.0
C-001876685,S-0074,-24.36799099512236,0,3,女性,54,4,12,0.0833333333333333,0,0,14,4614054.39694187,8.308219178082192,6.0
C-001366653,S-0012,-25.437132545000807,0,3,男性,27,6,12,0.1666666666666666,38259,1,16,4444678.825084195,7.994520547945205,5.0
C-002512596,S-0018,-55.92037859198907,1,3,女性,47,1,12,0.4166666666666667,0,0,16,4493108.581950108,7.550684931506849,5.0
C-000391573,S-0079,-36.109857015023024,0,3,女性,54,11,12,0.3333333333333333,1810,1,13,4256656.371085242,8.479452054794521,6.0
C-001473216,S-0072,-99.63138087426421,1,3,男性,39,6,12,0.0833333333333333,0,0,12,4406797.312641796,9.01917808219178,6.0
C-001139302,S-0097,-30.781879453390882,0,3,男性,43,7,12,0.4166666666666667,48344,2,21,4592508.716501317,10.09041095890411,7.0
C-001949342,S-0074,-29.01633071985133,0,3,女性,34,4,12,0.5,2172,1,14,4614054.39694187,8.308219178082192,6.0
C-002328023,S-0018,-22.61217412803644,0,3,女性,41,2,12,0.3333333333333333,98280,2,16,4493108.581950108,7.550684931506849,5.0
C-002044811,S-0113,-100.0,1,3,男性,29,3,12,0.3333333333333333,17007,2,16,4336633.961311346,5.77945205479452,2.5
C-000623038,S-0018,-33.47102325837136,0,3,女性,58,10,12,0.3333333333333333,6104,1,16,4493108.581950108,7.550684931506849,5.0
C-002441550,S-0072,-25.647093586181967,0,3,女性,70,2,12,0.1666666666666666,14564,1,12,4406797.312641796,9.01917808219178,6.0
C-002265402,S-0054,-21.967896304747416,0,3,女性,53,2,12,0.5,1434,2,23,4489160.181517739,6.358904109589041,4.0
C-000634129,S-0079,-15.899213401049995,0,3,女性,45,10,12,0.25,75797,1,13,4256656.371085242,8.479452054794521,6.0
C-001121601,S-0100,-69.75135607411993,1,3,女性,48,8,12,0.0833333333333333,78757,2,17,4535925.154217558,4.720547945205479,2.0
C-000609612,S-0115,-29.81081506906173,0,3,女性,47,10,12,0.0833333333333333,0,0,14,4553643.099564746,10.51095890410959,7.0
C-002667028,S-0040,-100.0,1,3,男性,32,1,12,0.0833333333333333,29152,1,20,4550116.0180538,8.163013698630138,4.0
C-000839172,S-0115,-100.0,1,3,男性,45,9,12,0.25,1205,1,14,4553643.099564746,10.51095890410959,7.0
C-002407265,S-0113,-40.89855798723011,0,3,女性,46,2,12,0.3333333333333333,8640,2,16,4336633.961311346,5.77945205479452,2.5
C-002313429,S-0115,-72.8822971767702,1,3,女性,43,2,12,0.4166666666666667,0,0,14,4553643.099564746,10.51095890410959,7.0
C-001119982,S-0041,-100.0,1,3,女性,47,8,12,0.0833333333333333,120402,1,17,4828489.286769263,10.389041095890411,7.0
C-000735224,S-0121,-100.0,1,3,男性,42,9,12,0.1666666666666666,0,0,14,4716268.25678644,9.856164383561644,7.0
C-001769686,S-0054,-100.0,1,3,女性,46,5,12,0.0833333333333333,12079,1,23,4489160.181517739,6.358904109589041,4.0
C-001493439,S-0102,-100.0,1,3,女性,51,6,12,0.0833333333333333,0,0,16,4383474.364435211,10.484931506849314,7.5
C-001950590,S-0012,-32.71209528792357,0,3,男性,32,4,12,0.25,0,0,16,4444678.825084195,7.994520547945205,5.0
C-000889074,S-0080,-49.91196937093033,1,3,女性,64,9,12,0.0833333333333333,4943,2,17,4457429.264950683,11.673972602739726,9.0
C-001967788,S-0079,-49.59519525875754,1,3,女性,57,4,12,0.4166666666666667,1904,1,13,4256656.371085242,8.479452054794521,6.0
C-001258754,S-0018,-79.48510181360633,1,3,女性,75,7,12,0.5,159485,1,16,4493108.581950108,7.550684931506849,5.0
C-002343125,S-0131,-24.173246660070248,0,3,男性,79,2,12,0.1666666666666666,0,0,17,4569023.5643747775,5.13972602739726,2.0
C-001650894,S-0099,-27.37020770946351,0,3,男性,38,5,12,0.1666666666666666,0,0,13,4464126.154078853,8.147945205479452,5.0
C-000479235,S-0074,-20.148482953017606,0,3,男性,51,10,12,0.3333333333333333,0,0,14,4614054.39694187,8.308219178082192,6.0
C-002163682,S-0079,-41.14066943355622,0,3,男性,53,3,12,0.25,74507,2,13,4256656.371085242,8.479452054794521,6.0
C-002310749,S-0072,-67.34634267603008,1,3,男性,31,2,12,0.25,8736,1,12,4406797.312641796,9.01917808219178,6.0
C-002442069,S-0014,-99.57792663687648,1,3,女性,70,2,12,0.0833333333333333,2732,2,21,4730192.353344672,7.336986301369863,4.0
C-001424074,S-0097,-62.64802366227481,1,3,女性,69,6,12,0.0833333333333333,23903,2,21,4592508.716501317,10.09041095890411,7.0
C-000499957,S-0059,-76.3610920951959,1,3,男性,73,10,12,0.8333333333333334,0,0,14,4713188.969095345,6.8123287671232875,3.0
C-002201375,S-0079,-100.0,1,3,男性,41,3,12,0.25,42841,2,13,4256656.371085242,8.479452054794521,6.0
C-002329696,S-0072,-26.366531054884955,0,3,女性,77,2,12,0.0833333333333333,0,0,12,4406797.312641796,9.01917808219178,6.0
C-000119987,S-0014,-62.72291521201714,1,3,男性,41,12,12,0.0833333333333333,23133,1,21,4730192.353344672,7.336986301369863,4.0
C-002218646,S-0059,-100.0,1,3,女性,38,3,12,0.0833333333333333,38784,2,14,4713188.969095345,6.8123287671232875,3.0
C-001788435,S-0097,-24.585994719809232,0,3,女性,65,5,12,0.1666666666666666,11124,1,21,4592508.716501317,10.09041095890411,7.0
C-002002982,S-0072,-87.18186845127536,1,3,男性,57,4,12,0.5,5745,1,12,4406797.312641796,9.01917808219178,6.0
C-002169679,S-0020,-100.0,1,3,女性,38,3,12,0.5833333333333334,0,0,16,4280702.057267675,6.986301369863014,3.5
C-001798293,S-0102,-26.04577694749472,0,3,男性,54,5,12,0.25,7600,2,16,4383474.364435211,10.484931506849314,7.5
C-001872347,S-0048,-29.062184337840474,0,3,男性,50,4,12,0.0833333333333333,11267,1,15,4502249.082895545,3.671232876712329,1.0
C-002612703,S-0041,-100.0,1,3,男性,57,1,12,0.5,0,0,17,4828489.286769263,10.389041095890411,7.0
C-001259106,S-0115,-7.587955653880872,0,3,男性,64,7,12,0.1666666666666666,0,0,14,4553643.099564746,10.51095890410959,7.0
C-001352968,S-0056,-68.39045888678828,1,3,女性,49,6,12,0.0833333333333333,16326,2,15,4406070.585753419,7.528767123287671,4.0
C-000973532,S-0115,-15.257420483688378,0,3,男性,38,8,12,0.3333333333333333,4929,1,14,4553643.099564746,10.51095890410959,7.0
C-001845841,S-0089,-29.591903013445307,0,3,女性,34,4,12,0.4166666666666667,13657,1,19,4721110.949352573,10.142465753424657,7.0
C-001244801,S-0004,-35.40923398012529,0,3,女性,40,7,12,0.1666666666666666,3070,2,22,4423576.351309,11.806849315068494,9.0
C-001688497,S-0054,-12.895264205642643,0,3,男性,30,5,12,0.5833333333333334,7129,2,23,4489160.181517739,6.358904109589041,4.0
C-000688731,S-0005,-8.054843039152724,0,3,男性,47,9,12,0.4166666666666667,2228,2,21,4733942.970761149,4.69041095890411,2.0
C-000976828,S-0012,-7.711498510303054,0,3,男性,48,8,12,0.5,0,0,16,4444678.825084195,7.994520547945205,5.0
C-001096844,S-0014,-38.03268575778589,0,3,女性,39,8,12,0.25,0,0,21,4730192.353344672,7.336986301369863,4.0
C-002650529,S-0048,-56.38785195952122,1,3,男性,50,1,12,0.3333333333333333,0,0,15,4502249.082895545,3.671232876712329,1.0
C-001868143,S-0079,-43.302750785566936,0,3,女性,46,4,12,0.25,8648,1,13,4256656.371085242,8.479452054794521,6.0
C-001691321,S-0056,-84.78290812812781,1,3,女性,35,5,12,0.0833333333333333,818,1,15,4406070.585753419,7.528767123287671,4.0
C-000174268,S-0080,-36.17101855045413,0,3,男性,41,12,12,0.1666666666666666,0,0,17,4457429.264950683,11.673972602739726,9.0
C-002510686,S-0085,-47.850064956568254,0,3,男性,63,1,12,1.0,0,0,15,4606655.398026554,4.928767123287671,2.0
C-002068903,S-0111,-40.550083782891576,0,3,女性,49,3,12,0.4166666666666667,8809,2,19,4489501.980758176,6.397260273972603,4.0
C-001312320,S-0014,-78.02522512405511,1,3,女性,32,7,12,0.25,1087,1,21,4730192.353344672,7.336986301369863,4.0
C-001431044,S-0074,-58.41949778434269,1,3,女性,68,6,12,0.0833333333333333,2658,1,14,4614054.39694187,8.308219178082192,6.0
C-000076530,S-0131,-41.017795596820704,0,3,女性,24,12,12,0.3333333333333333,4155,2,17,4569023.5643747775,5.13972602739726,2.0
C-002690596,S-0018,-65.96460603833388,1,3,女性,79,1,12,0.0833333333333333,0,0,16,4493108.581950108,7.550684931506849,5.0
C-002451937,S-0012,-43.003984717786466,0,3,男性,27,2,12,0.1666666666666666,14994,1,16,4444678.825084195,7.994520547945205,5.0
C-001474204,S-0072,-74.094858663416,1,3,男性,73,6,12,0.0833333333333333,0,0,12,4406797.312641796,9.01917808219178,6.0
C-000926227,S-0007,-10.334409538909572,0,3,男性,42,8,12,0.0833333333333333,13095,1,21,4487075.727367008,3.7260273972602738,1.0
C-001111498,S-0056,-54.865260134182414,1,3,男性,45,8,12,0.25,29937,1,15,4406070.585753419,7.528767123287671,4.0
C-001417698,S-0040,-63.5224392159663,1,3,女性,39,6,12,0.1666666666666666,0,0,20,4550116.0180538,8.163013698630138,4.0
C-001447274,S-0017,-22.553064156327068,0,3,女性,39,6,12,0.1666666666666666,923,2,20,4640207.03550726,5.608219178082192,2.5
C-000571414,S-0089,-21.16166167947971,0,3,女性,50,10,12,0.3333333333333333,0,0,19,4721110.949352573,10.142465753424657,7.0
C-001644979,S-0012,-100.0,1,3,女性,43,5,12,0.5,0,0,16,4444678.825084195,7.994520547945205,5.0
C-000216713,S-0050,-52.03558841777374,1,3,男性,42,12,12,0.1666666666666666,0,0,20,4615411.181286601,9.2013698630137,6.0
C-001403957,S-0040,-99.00056746459137,1,3,女性,44,6,12,0.5,1172,1,20,4550116.0180538,8.163013698630138,4.0
C-000404888,S-0117,-16.19854478338115,0,3,女性,15,11,12,0.25,11734,2,20,4500859.737076383,9.593150684931507,7.0
C-001936431,S-0039,-30.731328755071935,0,3,男性,44,4,12,0.25,867,1,16,4591288.568998441,8.193150684931506,5.0
C-001120446,S-0072,-63.51961249767126,1,3,男性,50,8,12,0.1666666666666666,5425,1,12,4406797.312641796,9.01917808219178,6.0
C-001392320,S-0014,-11.80113180891002,0,3,男性,68,6,12,1.0,19168,1,21,4730192.353344672,7.336986301369863,4.0
C-002109241,S-0102,-100.0,1,3,男性,58,3,12,0.1666666666666666,0,0,16,4383474.364435211,10.484931506849314,7.5
C-002378427,S-0007,-19.30659529087031,0,3,男性,46,2,12,0.3333333333333333,0,0,21,4487075.727367008,3.7260273972602738,1.0
C-001736915,S-0020,-56.487473450173276,1,3,女性,54,5,12,0.8333333333333334,0,0,16,4280702.057267675,6.986301369863014,3.5
C-000247270,S-0121,-100.0,1,3,女性,50,11,12,0.1666666666666666,0,0,14,4716268.25678644,9.856164383561644,7.0
C-001986318,S-0121,-100.0,1,3,女性,35,4,12,0.6666666666666666,3942,1,14,4716268.25678644,9.856164383561644,7.0
C-001730885,S-0012,-55.99722348452691,1,3,女性,64,5,12,0.0833333333333333,187416,1,16,4444678.825084195,7.994520547945205,5.0
C-000495674,S-0074,-49.89239933880174,1,3,女性,66,10,12,0.3333333333333333,17634,2,14,4614054.39694187,8.308219178082192,6.0
C-001553395,S-0018,-100.0,1,3,女性,35,6,12,0.1666666666666666,15185,2,16,4493108.581950108,7.550684931506849,5.0
C-000149305,S-0007,-33.051518631449724,0,3,男性,40,12,12,0.25,0,0,21,4487075.727367008,3.7260273972602738,1.0
C-000342276,S-0113,-59.94112804087203,1,3,男性,90,11,12,0.3333333333333333,12280,1,16,4336633.961311346,5.77945205479452,2.5
C-000555629,S-0072,-20.448062673915423,0,3,女性,70,10,12,0.5,0,0,12,4406797.312641796,9.01917808219178,6.0
C-001282269,S-0018,-94.05230797776784,1,3,男性,60,7,12,0.1666666666666666,8776,1,16,4493108.581950108,7.550684931506849,5.0
C-000942070,S-0050,-38.25917437785658,0,3,女性,56,8,12,0.1666666666666666,30237,1,20,4615411.181286601,9.2013698630137,6.0
C-002414688,S-0113,-9.530503926443314,0,3,男性,48,2,12,0.0,0,0,16,4336633.961311346,5.77945205479452,2.5
C-001180733,S-0014,-54.14337342017682,1,3,男性,27,7,12,0.4166666666666667,31109,2,21,4730192.353344672,7.336986301369863,4.0
C-001027977,S-0036,-23.340234165673948,0,3,女性,48,8,12,0.25,40205,1,19,4397834.424680548,11.123287671232877,9.0
C-001612231,S-0111,-31.743609486393343,0,3,男性,47,5,12,0.25,0,0,19,4489501.980758176,6.397260273972603,4.0
C-002253636,S-0050,-52.49731400475276,1,3,男性,46,2,12,0.3333333333333333,1716,1,20,4615411.181286601,9.2013698630137,6.0
C-000695221,S-0075,-55.81444523060157,1,3,男性,37,9,12,1.0,14890,1,19,4506647.2743158825,4.526027397260274,1.0
C-001242996,S-0036,-51.95617075323445,1,3,女性,47,7,12,0.25,2092,1,19,4397834.424680548,11.123287671232877,9.0
C-002234706,S-0080,-63.066207250612116,1,3,男性,68,3,12,0.0833333333333333,23934,1,17,4457429.264950683,11.673972602739726,9.0
C-002534959,S-0059,-32.40520165849981,0,3,女性,53,1,12,0.3333333333333333,0,0,14,4713188.969095345,6.8123287671232875,3.0
C-001484347,S-0115,-15.703011342422721,0,3,女性,48,6,12,0.4166666666666667,2729,2,14,4553643.099564746,10.51095890410959,7.0
C-001398261,S-0115,-34.247157021668315,0,3,男性,23,6,12,0.0833333333333333,38085,2,14,4553643.099564746,10.51095890410959,7.0
C-000012034,S-0012,-33.19177771723827,0,3,女性,49,12,12,0.3333333333333333,36295,1,16,4444678.825084195,7.994520547945205,5.0
C-002588910,S-0097,-100.0,1,3,女性,70,1,12,0.0,0,0,21,4592508.716501317,10.09041095890411,7.0
C-000232638,S-0007,-33.20714260954824,0,3,男性,49,11,12,0.25,116537,2,21,4487075.727367008,3.7260273972602738,1.0
C-000951262,S-0131,-43.083911800734995,0,3,女性,52,8,12,0.3333333333333333,0,0,17,4569023.5643747775,5.13972602739726,2.0
C-001138617,S-0012,-100.0,1,3,男性,42,7,12,0.25,98912,2,16,4444678.825084195,7.994520547945205,5.0
C-000985519,S-0074,-82.28034925832218,1,3,女性,67,8,12,0.0833333333333333,646,1,14,4614054.39694187,8.308219178082192,6.0
C-002353810,S-0102,-100.0,1,3,女性,65,2,12,0.1666666666666666,10393,1,16,4383474.364435211,10.484931506849314,7.5
C-001722264,S-0097,-100.0,1,3,男性,71,5,12,0.6666666666666666,0,0,21,4592508.716501317,10.09041095890411,7.0
C-001175742,S-0063,-19.590816498585014,0,3,女性,51,7,12,0.5,17653,1,18,4564012.176421695,5.749315068493151,3.0
C-001047044,S-0018,-24.78940862942349,0,3,男性,45,8,12,0.4166666666666667,1810,1,16,4493108.581950108,7.550684931506849,5.0
C-000587446,S-0008,-100.0,1,3,女性,53,10,12,0.3333333333333333,5231,1,22,4498453.308937302,10.772602739726027,7.0
C-001048913,S-0056,-13.113963405393866,0,3,女性,50,8,12,0.4166666666666667,3306,1,15,4406070.585753419,7.528767123287671,4.0
C-000947661,S-0056,-71.91052438577191,1,3,男性,48,8,12,0.25,0,0,15,4406070.585753419,7.528767123287671,4.0
C-000813278,S-0075,-88.60660690905429,1,3,女性,36,9,12,0.4166666666666667,8304,1,19,4506647.2743158825,4.526027397260274,1.0
C-000397750,S-0089,-47.944119442967164,0,3,女性,44,11,12,0.0833333333333333,8558,1,19,4721110.949352573,10.142465753424657,7.0
C-000397526,S-0117,-100.0,1,3,女性,48,11,12,1.0,2353,2,20,4500859.737076383,9.593150684931507,7.0
C-002183889,S-0014,-22.889709071337876,0,3,女性,50,3,12,0.25,79427,1,21,4730192.353344672,7.336986301369863,4.0
C-000596383,S-0002,-32.54885633625869,0,3,男性,22,10,12,0.3333333333333333,135231,1,15,4455566.655169959,5.663013698630137,2.0
C-002514224,S-0126,-100.0,1,3,女性,21,1,12,0.1666666666666666,10562,1,17,4493168.352495564,5.53972602739726,3.0
C-001447812,S-0072,-44.04453518618645,0,3,女性,40,6,12,0.4166666666666667,11946,1,12,4406797.312641796,9.01917808219178,6.0
C-001271346,S-0062,-31.750358582528364,0,3,女性,56,7,12,0.5833333333333334,0,0,15,4713869.782113416,4.575342465753424,1.0
C-001648384,S-0017,-36.60413248278846,0,3,男性,38,5,12,0.6666666666666666,0,0,20,4640207.03550726,5.608219178082192,2.5
C-001137934,S-0002,-50.9608821953352,1,3,女性,57,7,12,0.0833333333333333,3922,1,15,4455566.655169959,5.663013698630137,2.0
C-001604667,S-0039,-98.74631715508566,1,3,男性,50,5,12,0.25,0,0,16,4591288.568998441,8.193150684931506,5.0
C-000663128,S-0096,-68.41142887799033,1,3,女性,38,10,12,0.3333333333333333,2228,1,16,4644856.458098179,8.302739726027397,5.0
C-001458435,S-0036,-100.0,1,3,男性,47,6,12,0.25,10273,2,19,4397834.424680548,11.123287671232877,9.0
C-001179595,S-0117,-100.0,1,3,女性,59,7,12,0.1666666666666666,36534,1,20,4500859.737076383,9.593150684931507,7.0
C-000077712,S-0111,-39.196524585388005,0,3,女性,64,12,12,0.4166666666666667,5978,1,19,4489501.980758176,6.397260273972603,4.0
C-000623752,S-0111,-49.16639144216211,1,3,女性,51,10,12,0.1666666666666666,6301,1,19,4489501.980758176,6.397260273972603,4.0
C-000910606,S-0079,-100.0,1,3,女性,37,8,12,0.3333333333333333,34368,1,13,4256656.371085242,8.479452054794521,6.0
C-000011145,S-0007,-18.4560163491667,0,3,男性,55,12,12,0.4166666666666667,35065,2,21,4487075.727367008,3.7260273972602738,1.0
C-000270143,S-0056,-88.85923299467167,1,3,男性,64,11,12,0.1666666666666666,5162,1,15,4406070.585753419,7.528767123287671,4.0
C-002149030,S-0100,-5.341154145700868,0,3,女性,39,3,12,0.25,0,0,17,4535925.154217558,4.720547945205479,2.0
C-002523171,S-0079,-28.998554216867472,0,3,女性,47,1,12,0.25,2790,2,13,4256656.371085242,8.479452054794521,6.0
C-001169413,S-0039,-100.0,1,3,女性,57,7,12,0.25,14165,1,16,4591288.568998441,8.193150684931506,5.0
C-000408654,S-0099,-100.0,1,3,男性,52,11,12,0.4166666666666667,20333,1,13,4464126.154078853,8.147945205479452,5.0
C-001242289,S-0115,-100.0,1,3,女性,55,7,12,0.0833333333333333,0,0,14,4553643.099564746,10.51095890410959,7.0
C-002023076,S-0113,-84.14271729249703,1,3,男性,58,4,12,0.4166666666666667,0,0,16,4336633.961311346,5.77945205479452,2.5
C-001652917,S-0036,-19.286002636289055,0,3,女性,38,5,12,0.0833333333333333,0,0,19,4397834.424680548,11.123287671232877,9.0
C-001567397,S-0004,-91.33094389491811,1,3,男性,41,6,12,0.0833333333333333,0,0,22,4423576.351309,11.806849315068494,9.0
C-000292201,S-0062,-44.20191083210147,0,3,女性,48,11,12,0.75,0,0,15,4713869.782113416,4.575342465753424,1.0
C-002204164,S-0014,-52.35646791749937,1,3,女性,56,3,12,0.1666666666666666,10609,2,21,4730192.353344672,7.336986301369863,4.0
C-002395868,S-0036,-15.178574229964326,0,3,女性,64,2,12,0.4166666666666667,0,0,19,4397834.424680548,11.123287671232877,9.0
C-000168608,S-0115,-81.02141022374339,1,3,男性,50,12,12,0.1666666666666666,0,0,14,4553643.099564746,10.51095890410959,7.0
C-002015468,S-0012,-100.0,1,3,女性,43,4,12,0.0833333333333333,0,0,16,4444678.825084195,7.994520547945205,5.0
C-002168542,S-0089,-100.0,1,3,女性,58,3,12,0.5,0,0,19,4721110.949352573,10.142465753424657,7.0
C-002538630,S-0115,-75.06589647243564,1,3,男性,49,1,12,0.25,720,2,14,4553643.099564746,10.51095890410959,7.0
C-000483058,S-0004,-100.0,1,3,女性,52,10,12,0.4166666666666667,128509,1,22,4423576.351309,11.806849315068494,9.0
C-001441070,S-0111,-29.793531948453765,0,3,女性,56,6,12,0.1666666666666666,0,0,19,4489501.980758176,6.397260273972603,4.0
C-002661787,S-0121,-100.0,1,3,女性,42,1,12,0.25,0,0,14,4716268.25678644,9.856164383561644,7.0
C-001270546,S-0100,-25.30751344344993,0,3,男性,47,7,12,0.1666666666666666,0,0,17,4535925.154217558,4.720547945205479,2.0
C-001950584,S-0012,-100.0,1,3,女性,41,4,12,0.5,17160,1,16,4444678.825084195,7.994520547945205,5.0
C-001892741,S-0115,-17.300469299500904,0,3,女性,54,4,12,0.0833333333333333,0,0,14,4553643.099564746,10.51095890410959,7.0
C-000652921,S-0115,-30.04461716300066,0,3,女性,39,10,12,0.1666666666666666,24175,2,14,4553643.099564746,10.51095890410959,7.0
C-002105044,S-0115,-21.921080726826844,0,3,女性,54,3,12,0.1666666666666666,0,0,14,4553643.099564746,10.51095890410959,7.0
C-000652180,S-0019,-15.750376405987069,0,3,女性,72,10,12,0.6666666666666666,1455,1,19,4327199.920883598,4.090410958904109,1.0
C-000304279,S-0036,-36.55706580077286,0,3,女性,30,11,12,0.1666666666666666,0,0,19,4397834.424680548,11.123287671232877,9.0
C-002055344,S-0017,-100.0,1,3,女性,55,3,12,0.9166666666666666,0,0,20,4640207.03550726,5.608219178082192,2.5
C-002545682,S-0102,-41.75361017066261,0,3,女性,56,1,12,0.1666666666666666,164887,2,16,4383474.364435211,10.484931506849314,7.5
C-000898385,S-0080,-16.29437643239478,0,3,男性,53,9,12,0.3333333333333333,8517,1,17,4457429.264950683,11.673972602739726,9.0
C-000904350,S-0113,-23.823830608210926,0,3,男性,20,8,12,0.0,2320,1,16,4336633.961311346,5.77945205479452,2.5
C-000392440,S-0008,-45.312410207686035,0,3,女性,47,11,12,0.3333333333333333,19631,1,22,4498453.308937302,10.772602739726027,7.0
C-001184155,S-0079,-23.518491564555532,0,3,女性,57,7,12,0.4166666666666667,3920,2,13,4256656.371085242,8.479452054794521,6.0
C-000794703,S-0036,-87.38714953571935,1,3,女性,43,9,12,0.5833333333333334,38403,2,19,4397834.424680548,11.123287671232877,9.0
C-002554508,S-0085,-100.0,1,3,女性,33,1,12,0.0833333333333333,46770,1,15,4606655.398026554,4.928767123287671,2.0
C-000200851,S-0002,-64.22322537121697,1,3,女性,56,12,12,0.4166666666666667,27111,1,15,4455566.655169959,5.663013698630137,2.0
C-002401684,S-0039,-18.205506148512285,0,3,女性,40,2,12,0.4166666666666667,0,0,16,4591288.568998441,8.193150684931506,5.0
C-002378312,S-0126,-15.000888421930888,0,3,女性,52,2,12,0.0833333333333333,0,0,17,4493168.352495564,5.53972602739726,3.0
C-001725577,S-0056,-65.50448996807243,1,3,女性,53,5,12,0.1666666666666666,0,0,15,4406070.585753419,7.528767123287671,4.0
C-002593633,S-0036,-59.37547906898065,1,3,男性,49,1,12,0.3333333333333333,6570,2,19,4397834.424680548,11.123287671232877,9.0
C-001858384,S-0080,-100.0,1,3,男性,60,4,12,0.0,0,0,17,4457429.264950683,11.673972602739726,9.0
C-001575360,S-0079,-100.0,1,3,男性,58,6,12,0.0833333333333333,309379,2,13,4256656.371085242,8.479452054794521,6.0
C-002079553,S-0007,-34.37076611897278,0,3,男性,42,3,12,0.5833333333333334,2840,1,21,4487075.727367008,3.7260273972602738,1.0
C-000918837,S-0115,-100.0,1,3,男性,64,8,12,0.25,-13,1,14,4553643.099564746,10.51095890410959,7.0
C-001016671,S-0041,-91.31168831168831,1,3,女性,22,8,12,0.1666666666666666,0,0,17,4828489.286769263,10.389041095890411,7.0
C-000947587,S-0018,-100.0,1,3,女性,28,8,12,0.25,0,0,16,4493108.581950108,7.550684931506849,5.0
C-002584915,S-0039,-100.0,1,3,男性,33,1,12,0.0,6451,2,16,4591288.568998441,8.193150684931506,5.0
C-001972425,S-0041,-53.376845405336034,1,3,女性,55,4,12,0.25,0,0,17,4828489.286769263,10.389041095890411,7.0
C-000519299,S-0106,-33.59406273714301,0,3,女性,44,10,12,0.3333333333333333,6244,1,20,4462729.145118021,6.171232876712329,3.5
C-001063179,S-0074,-41.87472606127381,0,3,女性,68,8,12,0.0833333333333333,10543,1,14,4614054.39694187,8.308219178082192,6.0
C-000146176,S-0080,-97.47267369245965,1,3,女性,42,12,12,0.4166666666666667,12023,1,17,4457429.264950683,11.673972602739726,9.0
C-001708443,S-0106,-55.360953200956196,1,3,女性,58,5,12,0.5833333333333334,0,0,20,4462729.145118021,6.171232876712329,3.5
C-002191367,S-0004,-37.582338739771444,0,3,女性,30,3,12,0.1666666666666666,38585,2,22,4423576.351309,11.806849315068494,9.0
C-002462631,S-0004,-100.0,1,3,女性,42,2,12,0.6666666666666666,7708,1,22,4423576.351309,11.806849315068494,9.0
C-000685796,S-0079,-100.0,1,3,女性,43,9,12,0.1666666666666666,0,0,13,4256656.371085242,8.479452054794521,6.0
C-001776585,S-0072,-46.03460897328476,0,3,男性,34,5,12,0.1666666666666666,0,0,12,4406797.312641796,9.01917808219178,6.0
C-001816493,S-0096,-40.013876279680844,0,3,男性,52,4,12,0.3333333333333333,2239,1,16,4644856.458098179,8.302739726027397,5.0
C-001543135,S-0008,-72.68222472054939,1,3,男性,67,6,12,0.3333333333333333,0,0,22,4498453.308937302,10.772602739726027,7.0
C-000907437,S-0054,-92.41519725514347,1,3,男性,41,8,12,0.4166666666666667,95401,2,23,4489160.181517739,6.358904109589041,4.0
C-000571213,S-0099,-100.0,1,3,女性,42,10,12,0.1666666666666666,0,0,13,4464126.154078853,8.147945205479452,5.0
C-000642546,S-0074,-38.88093775792928,0,3,女性,41,10,12,0.1666666666666666,28215,2,14,4614054.39694187,8.308219178082192,6.0
C-000867410,S-0096,-36.43148418865892,0,3,女性,53,9,12,0.3333333333333333,41083,1,16,4644856.458098179,8.302739726027397,5.0
C-000151255,S-0017,-64.07203195402472,1,3,男性,33,12,12,0.1666666666666666,0,0,20,4640207.03550726,5.608219178082192,2.5
C-001738525,S-0074,-100.0,1,3,男性,76,5,12,0.5833333333333334,0,0,14,4614054.39694187,8.308219178082192,6.0
C-002044337,S-0121,-100.0,1,3,女性,45,3,12,0.5,2145,1,14,4716268.25678644,9.856164383561644,7.0
C-001699833,S-0020,-30.737920109141985,0,3,男性,57,5,12,0.3333333333333333,0,0,16,4280702.057267675,6.986301369863014,3.5
C-002624746,S-0041,-28.909125528797198,0,3,女性,22,1,12,0.0,33454,2,17,4828489.286769263,10.389041095890411,7.0
C-001041120,S-0074,-82.83231744859008,1,3,男性,52,8,12,0.25,18512,2,14,4614054.39694187,8.308219178082192,6.0
C-000586323,S-0080,-30.80128812275052,0,3,女性,42,10,12,0.1666666666666666,95054,2,17,4457429.264950683,11.673972602739726,9.0
C-000261355,S-0097,-31.981844430912894,0,3,女性,64,11,12,0.1666666666666666,1925,2,21,4592508.716501317,10.09041095890411,7.0
C-000301485,S-0106,-100.0,1,3,女性,56,11,12,0.25,60920,2,20,4462729.145118021,6.171232876712329,3.5
C-001268519,S-0040,-43.827304162787605,0,3,男性,35,7,12,0.3333333333333333,0,0,20,4550116.0180538,8.163013698630138,4.0
C-001778895,S-0014,-100.0,1,3,女性,50,5,12,0.0,16767,1,21,4730192.353344672,7.336986301369863,4.0
C-002370198,S-0041,-58.51490725647659,1,3,男性,55,2,12,0.3333333333333333,86746,2,17,4828489.286769263,10.389041095890411,7.0
C-002269461,S-0005,-20.778960578606107,0,3,男性,42,2,12,0.6666666666666666,15138,1,21,4733942.970761149,4.69041095890411,2.0
C-000549381,S-0115,-100.0,1,3,女性,59,10,12,0.3333333333333333,0,0,14,4553643.099564746,10.51095890410959,7.0
C-000606944,S-0005,-56.28863226753889,1,3,女性,31,10,12,0.3333333333333333,0,0,21,4733942.970761149,4.69041095890411,2.0
C-002366429,S-0072,-100.0,1,3,女性,63,2,12,0.1666666666666666,21496,1,12,4406797.312641796,9.01917808219178,6.0
C-000046198,S-0072,-54.75778338742637,1,3,男性,41,12,12,0.3333333333333333,2570,1,12,4406797.312641796,9.01917808219178,6.0
C-002252551,S-0115,-40.805920798504346,0,3,女性,50,2,12,0.1666666666666666,154,2,14,4553643.099564746,10.51095890410959,7.0
C-000407697,S-0063,-36.238142806659226,0,3,女性,64,11,12,0.25,0,0,18,4564012.176421695,5.749315068493151,3.0
C-001625579,S-0089,-71.97527617043662,1,3,女性,54,5,12,0.25,5479,1,19,4721110.949352573,10.142465753424657,7.0
C-000968186,S-0096,-39.59663252745575,0,3,女性,31,8,12,0.25,149276,1,16,4644856.458098179,8.302739726027397,5.0
C-000772377,S-0121,-41.48875751865142,0,3,男性,37,9,12,0.25,19932,1,14,4716268.25678644,9.856164383561644,7.0
C-001425295,S-0079,-20.80926619177825,0,3,女性,53,6,12,0.1666666666666666,34892,2,13,4256656.371085242,8.479452054794521,6.0
C-001652621,S-0115,-86.45820206126821,1,3,女性,45,5,12,0.4166666666666667,0,0,14,4553643.099564746,10.51095890410959,7.0
C-000805129,S-0012,-100.0,1,3,女性,23,9,12,0.1666666666666666,0,0,16,4444678.825084195,7.994520547945205,5.0
C-002362558,S-0072,-27.947067989384067,0,3,男性,56,2,12,0.1666666666666666,34437,2,12,4406797.312641796,9.01917808219178,6.0
C-001244607,S-0002,-47.57597642030109,0,3,男性,54,7,12,0.25,95545,1,15,4455566.655169959,5.663013698630137,2.0
C-002333784,S-0040,-64.19110409386086,1,3,女性,34,2,12,0.0833333333333333,36332,2,20,4550116.0180538,8.163013698630138,4.0
C-001949517,S-0096,-66.51131504348244,1,3,女性,40,4,12,0.0,0,0,16,4644856.458098179,8.302739726027397,5.0
C-002054032,S-0121,-100.0,1,3,女性,35,3,12,0.25,5171,1,14,4716268.25678644,9.856164383561644,7.0
C-001555921,S-0041,-33.55638917710911,0,3,女性,20,6,12,0.1666666666666666,1845,1,17,4828489.286769263,10.389041095890411,7.0
C-002128026,S-0079,-93.1131946579226,1,3,女性,45,3,12,0.1666666666666666,0,0,13,4256656.371085242,8.479452054794521,6.0
C-001002902,S-0074,-72.69139663986977,1,3,女性,58,8,12,0.1666666666666666,19554,2,14,4614054.39694187,8.308219178082192,6.0
C-002643936,S-0115,-100.0,1,3,女性,53,1,12,0.1666666666666666,0,0,14,4553643.099564746,10.51095890410959,7.0
C-001264585,S-0115,-100.0,1,3,女性,44,7,12,0.4166666666666667,17438,1,14,4553643.099564746,10.51095890410959,7.0
C-001713249,S-0074,-72.68263884287065,1,3,女性,57,5,12,0.1666666666666666,192031,1,14,4614054.39694187,8.308219178082192,6.0
C-001899967,S-0074,-74.43975932155209,1,3,女性,33,4,12,0.5,0,0,14,4614054.39694187,8.308219178082192,6.0
C-001077203,S-0018,-65.69341068301226,1,3,男性,47,8,12,0.1666666666666666,55898,2,16,4493108.581950108,7.550684931506849,5.0
C-001840208,S-0115,-100.0,1,3,女性,46,4,12,0.5,0,0,14,4553643.099564746,10.51095890410959,7.0
C-001264231,S-0072,-57.480884920224575,1,3,男性,31,7,12,0.1666666666666666,40025,1,12,4406797.312641796,9.01917808219178,6.0
C-002607117,S-0041,-20.34042881226978,0,3,女性,39,1,12,0.1666666666666666,42685,2,17,4828489.286769263,10.389041095890411,7.0
C-001903418,S-0111,-57.46684137816541,1,3,女性,55,4,12,0.5,0,0,19,4489501.980758176,6.397260273972603,4.0
C-002340285,S-0102,-15.952592421323628,0,3,女性,46,2,12,0.4166666666666667,15850,1,16,4383474.364435211,10.484931506849314,7.5
C-002142316,S-0036,-71.88069331528276,1,3,女性,48,3,12,0.4166666666666667,43617,1,19,4397834.424680548,11.123287671232877,9.0
C-000978722,S-0113,-21.86776687660394,0,3,男性,70,8,12,0.5,14318,2,16,4336633.961311346,5.77945205479452,2.5
C-000490732,S-0040,-83.46015218261914,1,3,男性,60,10,12,0.25,0,0,20,4550116.0180538,8.163013698630138,4.0
C-001629310,S-0014,-100.0,1,3,女性,46,5,12,0.0833333333333333,0,0,21,4730192.353344672,7.336986301369863,4.0
C-001461230,S-0039,-48.4496685098868,0,3,男性,21,6,12,0.1666666666666666,22401,1,16,4591288.568998441,8.193150684931506,5.0
C-000030064,S-0014,-44.26298878274091,0,3,女性,66,12,12,0.3333333333333333,4580,2,21,4730192.353344672,7.336986301369863,4.0
C-001671371,S-0121,-43.80265132682506,0,3,男性,62,5,12,0.0833333333333333,0,0,14,4716268.25678644,9.856164383561644,7.0
C-001402692,S-0080,-62.156648488250866,1,3,男性,69,6,12,0.25,31966,1,17,4457429.264950683,11.673972602739726,9.0
C-000672868,S-0020,-42.35067451103292,0,3,女性,46,10,12,0.3333333333333333,5878,1,16,4280702.057267675,6.986301369863014,3.5
C-001493203,S-0036,-100.0,1,3,女性,57,6,12,0.6666666666666666,0,0,19,4397834.424680548,11.123287671232877,9.0
C-000585975,S-0040,-100.0,1,3,男性,56,10,12,0.5,0,0,20,4550116.0180538,8.163013698630138,4.0
C-002388088,S-0036,-36.65131656630062,0,3,女性,40,2,12,0.0833333333333333,49778,2,19,4397834.424680548,11.123287671232877,9.0
C-000386452,S-0007,-32.518907310826854,0,3,男性,36,11,12,0.75,0,0,21,4487075.727367008,3.7260273972602738,1.0
C-001672847,S-0072,-27.34837139648072,0,3,女性,56,5,12,0.0,0,0,12,4406797.312641796,9.01917808219178,6.0
C-002464272,S-0072,-65.18313680475842,1,3,女性,60,2,12,0.1666666666666666,0,0,12,4406797.312641796,9.01917808219178,6.0
C-001897029,S-0004,-53.29469230983328,1,3,女性,73,4,12,0.0,934,1,22,4423576.351309,11.806849315068494,9.0
C-002004387,S-0106,-100.0,1,3,女性,50,4,12,0.0833333333333333,2501,1,20,4462729.145118021,6.171232876712329,3.5
C-002128283,S-0050,-89.01885703795011,1,3,男性,67,3,12,0.5833333333333334,7984,1,20,4615411.181286601,9.2013698630137,6.0
C-001866758,S-0117,-100.0,1,3,女性,55,4,12,0.4166666666666667,0,0,20,4500859.737076383,9.593150684931507,7.0
C-000925498,S-0075,-33.73095513215929,0,3,女性,50,8,12,0.25,22764,1,19,4506647.2743158825,4.526027397260274,1.0
C-001004350,S-0050,-23.326967507578892,0,3,女性,41,8,12,0.4166666666666667,2474,2,20,4615411.181286601,9.2013698630137,6.0
C-002463633,S-0074,-85.62305539858798,1,3,女性,44,2,12,0.1666666666666666,8189,2,14,4614054.39694187,8.308219178082192,6.0
C-000268125,S-0079,-59.06983218352806,1,3,女性,67,11,12,0.3333333333333333,61223,1,13,4256656.371085242,8.479452054794521,6.0
C-001151481,S-0002,-94.18079245917005,1,3,男性,79,7,12,0.4166666666666667,5299,2,15,4455566.655169959,5.663013698630137,2.0
C-000408493,S-0099,-33.93146103779352,0,3,女性,41,11,12,0.1666666666666666,0,0,13,4464126.154078853,8.147945205479452,5.0
C-000221321,S-0008,-30.539513746059406,0,3,男性,66,12,12,0.5,3504,2,22,4498453.308937302,10.772602739726027,7.0
C-002241584,S-0004,-39.54410639112132,0,3,女性,60,3,12,0.5,0,0,22,4423576.351309,11.806849315068494,9.0
C-001099148,S-0036,-32.32667678773016,0,3,男性,49,8,12,0.75,0,0,19,4397834.424680548,11.123287671232877,9.0
C-001392596,S-0113,-52.1100778601256,1,3,男性,34,6,12,0.4166666666666667,19117,1,16,4336633.961311346,5.77945205479452,2.5
C-001777183,S-0030,-52.40794778696011,1,3,女性,48,5,12,0.5,149245,2,22,4426478.045479023,9.236986301369862,5.5
C-001373097,S-0017,-49.49856255907627,1,3,女性,37,6,12,0.3333333333333333,645,2,20,4640207.03550726,5.608219178082192,2.5
C-002370068,S-0082,-20.09515988163675,0,3,女性,56,2,12,0.6666666666666666,363,1,17,4607261.71451126,4.758904109589041,2.0
C-002334188,S-0096,-100.0,1,3,女性,49,2,12,0.5,0,0,16,4644856.458098179,8.302739726027397,5.0
C-000882122,S-0018,-93.46547975390736,1,3,女性,54,9,12,0.4166666666666667,1704,1,16,4493108.581950108,7.550684931506849,5.0
C-002627048,S-0089,-100.0,1,3,女性,43,1,12,0.5833333333333334,0,0,19,4721110.949352573,10.142465753424657,7.0
C-001644087,S-0080,-100.0,1,3,男性,53,5,12,0.3333333333333333,12371,1,17,4457429.264950683,11.673972602739726,9.0
C-002279109,S-0131,-49.23508385414325,1,3,女性,61,2,12,0.1666666666666666,0,0,17,4569023.5643747775,5.13972602739726,2.0
C-000942907,S-0099,-99.13840480791391,1,3,女性,51,8,12,0.0833333333333333,38494,1,13,4464126.154078853,8.147945205479452,5.0
C-001946511,S-0007,-63.14333890687946,1,3,女性,55,4,12,0.25,10746,1,21,4487075.727367008,3.7260273972602738,1.0
C-001559071,S-0056,-100.0,1,3,男性,48,6,12,0.1666666666666666,0,0,15,4406070.585753419,7.528767123287671,4.0
C-000106718,S-0074,-44.202020289622546,0,3,女性,31,12,12,0.1666666666666666,68585,1,14,4614054.39694187,8.308219178082192,6.0
C-000677034,S-0008,-50.206394703377,1,3,男性,39,9,12,0.1666666666666666,5134,1,22,4498453.308937302,10.772602739726027,7.0
C-002453972,S-0012,-82.37651984144658,1,3,女性,42,2,12,0.4166666666666667,0,0,16,4444678.825084195,7.994520547945205,5.0
C-001920785,S-0080,-88.70265109603505,1,3,女性,46,4,12,0.25,0,0,17,4457429.264950683,11.673972602739726,9.0
C-001680873,S-0019,-30.487577755428912,0,3,女性,57,5,12,0.6666666666666666,0,0,19,4327199.920883598,4.090410958904109,1.0
C-001749071,S-0036,-57.53012985511885,1,3,女性,60,5,12,0.1666666666666666,8392,2,19,4397834.424680548,11.123287671232877,9.0
C-001144805,S-0074,-57.338307139602165,1,3,男性,61,7,12,0.1666666666666666,0,0,14,4614054.39694187,8.308219178082192,6.0
C-000363537,S-0017,-28.66425365750778,0,3,男性,50,11,12,0.5,0,0,20,4640207.03550726,5.608219178082192,2.5
C-000536026,S-0056,-100.0,1,3,女性,55,10,12,0.0833333333333333,0,0,15,4406070.585753419,7.528767123287671,4.0
C-002487173,S-0115,-36.65314310185499,0,3,女性,59,1,12,0.25,0,0,14,4553643.099564746,10.51095890410959,7.0
C-001794841,S-0030,-22.213410237923576,0,3,男性,48,5,12,0.6666666666666666,5780,2,22,4426478.045479023,9.236986301369862,5.5
C-001899938,S-0014,-100.0,1,3,女性,60,4,12,0.1666666666666666,0,0,21,4730192.353344672,7.336986301369863,4.0
C-000921384,S-0121,-100.0,1,3,男性,59,8,12,0.0833333333333333,9481,2,14,4716268.25678644,9.856164383561644,7.0
C-001716354,S-0080,-100.0,1,3,男性,55,5,12,0.25,53147,1,17,4457429.264950683,11.673972602739726,9.0
C-001163662,S-0040,-48.960903987448184,1,3,女性,46,7,12,0.25,0,0,20,4550116.0180538,8.163013698630138,4.0
C-001877609,S-0079,-44.96612371096299,0,3,女性,47,4,12,0.0833333333333333,21775,1,13,4256656.371085242,8.479452054794521,6.0
C-002533804,S-0080,-100.0,1,3,女性,53,1,12,0.0833333333333333,0,0,17,4457429.264950683,11.673972602739726,9.0
C-000068351,S-0121,-9.658723145967228,0,3,男性,46,12,12,0.3333333333333333,0,0,14,4716268.25678644,9.856164383561644,7.0
C-002604630,S-0012,-58.418042690294,1,3,男性,42,1,12,0.0833333333333333,0,0,16,4444678.825084195,7.994520547945205,5.0
C-000323323,S-0012,-66.82365970419416,1,3,男性,45,11,12,0.1666666666666666,7275,1,16,4444678.825084195,7.994520547945205,5.0
C-001351506,S-0041,-100.0,1,3,女性,52,6,12,0.3333333333333333,0,0,17,4828489.286769263,10.389041095890411,7.0
C-002296934,S-0072,-100.0,1,3,男性,45,2,12,0.5,33443,1,12,4406797.312641796,9.01917808219178,6.0
C-001741892,S-0131,-42.86777639233274,0,3,男性,20,5,12,0.25,8510,2,17,4569023.5643747775,5.13972602739726,2.0
C-000238860,S-0039,-22.693466204319108,0,3,女性,52,11,12,0.0833333333333333,10612,1,16,4591288.568998441,8.193150684931506,5.0
C-000020651,S-0115,-60.26949146398927,1,3,女性,51,12,12,0.0833333333333333,19846,2,14,4553643.099564746,10.51095890410959,7.0
C-000520208,S-0074,-100.0,1,3,女性,35,10,12,0.1666666666666666,0,0,14,4614054.39694187,8.308219178082192,6.0
C-002022691,S-0005,-49.002810591053816,1,3,男性,32,4,12,0.25,0,0,21,4733942.970761149,4.69041095890411,2.0
C-000973571,S-0018,-47.77228503260028,0,3,女性,53,8,12,0.1666666666666666,20749,2,16,4493108.581950108,7.550684931506849,5.0
C-000254981,S-0012,-30.25423634460799,0,3,男性,74,11,12,0.1666666666666666,21870,1,16,4444678.825084195,7.994520547945205,5.0
C-002587404,S-0102,-100.0,1,3,女性,49,1,12,0.0,0,0,16,4383474.364435211,10.484931506849314,7.5
C-002493729,S-0056,-100.0,1,3,女性,58,1,12,0.0,4053,1,15,4406070.585753419,7.528767123287671,4.0
C-000521849,S-0080,-100.0,1,3,女性,32,10,12,0.3333333333333333,0,0,17,4457429.264950683,11.673972602739726,9.0
C-000787787,S-0018,-100.0,1,3,男性,74,9,12,0.25,0,0,16,4493108.581950108,7.550684931506849,5.0
C-000922126,S-0111,-36.33181363132119,0,3,女性,42,8,12,0.1666666666666666,22303,2,19,4489501.980758176,6.397260273972603,4.0
C-002586574,S-0059,-22.265658117397304,0,3,女性,60,1,12,0.0,1646,1,14,4713188.969095345,6.8123287671232875,3.0
C-002155432,S-0018,-100.0,1,3,男性,31,3,12,0.5833333333333334,93021,1,16,4493108.581950108,7.550684931506849,5.0
C-001470049,S-0115,-53.11071498645337,1,3,女性,48,6,12,0.1666666666666666,3603,1,14,4553643.099564746,10.51095890410959,7.0
C-002000837,S-0082,-84.60215594983433,1,3,男性,44,4,12,0.4166666666666667,0,0,17,4607261.71451126,4.758904109589041,2.0
C-001933314,S-0115,-100.0,1,3,男性,20,4,12,0.4166666666666667,0,0,14,4553643.099564746,10.51095890410959,7.0
C-000575848,S-0079,-100.0,1,3,女性,42,10,12,0.25,0,0,13,4256656.371085242,8.479452054794521,6.0
C-000941953,S-0115,-100.0,1,3,男性,44,8,12,0.1666666666666666,17182,2,14,4553643.099564746,10.51095890410959,7.0
C-000350462,S-0014,-100.0,1,3,女性,69,11,12,0.1666666666666666,0,0,21,4730192.353344672,7.336986301369863,4.0
C-001075429,S-0004,-22.792697690184493,0,3,男性,44,8,12,0.3333333333333333,34082,2,22,4423576.351309,11.806849315068494,9.0
C-001190102,S-0102,-100.0,1,3,女性,56,7,12,0.3333333333333333,0,0,16,4383474.364435211,10.484931506849314,7.5
C-000805558,S-0056,-82.81221509893588,1,3,女性,43,9,12,0.1666666666666666,5928,1,15,4406070.585753419,7.528767123287671,4.0
C-000417608,S-0041,-51.02299015443235,1,3,女性,44,11,12,0.1666666666666666,97024,1,17,4828489.286769263,10.389041095890411,7.0
C-000258887,S-0079,-27.19555095608992,0,3,男性,60,11,12,0.0833333333333333,0,0,13,4256656.371085242,8.479452054794521,6.0
C-002327080,S-0059,-25.18396241060617,0,3,男性,60,2,12,0.3333333333333333,6726,1,14,4713188.969095345,6.8123287671232875,3.0
C-000224638,S-0008,-53.56127847492458,1,3,女性,41,12,12,0.3333333333333333,0,0,22,4498453.308937302,10.772602739726027,7.0
C-002616606,S-0099,-64.68294508562354,1,3,男性,47,1,12,0.4166666666666667,13527,1,13,4464126.154078853,8.147945205479452,5.0
C-002532369,S-0005,1.329509951375047,0,3,女性,15,1,12,0.6666666666666666,0,0,21,4733942.970761149,4.69041095890411,2.0
C-001273661,S-0056,-99.50162286671552,1,3,男性,64,7,12,0.5,6415,1,15,4406070.585753419,7.528767123287671,4.0
C-000613402,S-0117,-89.25785392755297,1,3,女性,57,10,12,0.5,0,0,20,4500859.737076383,9.593150684931507,7.0
C-002176932,S-0113,-21.987940563363125,0,3,男性,70,3,12,0.0833333333333333,29446,1,16,4336633.961311346,5.77945205479452,2.5
C-000528353,S-0072,-43.8554689829262,0,3,男性,43,10,12,0.4166666666666667,29431,2,12,4406797.312641796,9.01917808219178,6.0
C-000880668,S-0089,-26.466816418215235,0,3,女性,49,9,12,0.0833333333333333,20426,2,19,4721110.949352573,10.142465753424657,7.0
C-001392314,S-0115,-40.855814115617115,0,3,女性,57,6,12,0.0833333333333333,7053,2,14,4553643.099564746,10.51095890410959,7.0
C-001380623,S-0097,-100.0,1,3,女性,49,6,12,0.0833333333333333,15011,1,21,4592508.716501317,10.09041095890411,7.0
C-000281196,S-0014,-54.47649838348669,1,3,女性,32,11,12,0.1666666666666666,1714,2,21,4730192.353344672,7.336986301369863,4.0
C-000444361,S-0102,-100.0,1,3,女性,33,11,12,0.4166666666666667,1475,2,16,4383474.364435211,10.484931506849314,7.5
C-001071904,S-0007,-100.0,1,3,男性,45,8,12,0.0833333333333333,0,0,21,4487075.727367008,3.7260273972602738,1.0
C-000012382,S-0018,-98.18074604699922,1,3,女性,53,12,12,0.3333333333333333,3742,1,16,4493108.581950108,7.550684931506849,5.0
C-001788931,S-0018,-61.469560429375946,1,3,女性,57,5,12,0.1666666666666666,0,0,16,4493108.581950108,7.550684931506849,5.0
C-001844420,S-0012,-56.71331501480393,1,3,男性,64,4,12,0.4166666666666667,22866,2,16,4444678.825084195,7.994520547945205,5.0
C-001577853,S-0080,-86.27761105253197,1,3,男性,57,5,12,0.25,0,0,17,4457429.264950683,11.673972602739726,9.0
C-001647803,S-0059,-34.03958756862697,0,3,女性,27,5,12,0.8333333333333334,40398,1,14,4713188.969095345,6.8123287671232875,3.0
C-002100871,S-0018,-25.980689578744688,0,3,女性,41,3,12,0.1666666666666666,40366,1,16,4493108.581950108,7.550684931506849,5.0
C-001635171,S-0056,-100.0,1,3,男性,45,5,12,0.0833333333333333,0,0,15,4406070.585753419,7.528767123287671,4.0
C-001195532,S-0050,-69.51163502755664,1,3,男性,44,7,12,0.5833333333333334,0,0,20,4615411.181286601,9.2013698630137,6.0
C-001421612,S-0012,-100.0,1,3,女性,55,6,12,0.4166666666666667,0,0,16,4444678.825084195,7.994520547945205,5.0
C-002035338,S-0080,-70.44274502873138,1,3,女性,48,3,12,0.1666666666666666,6502,2,17,4457429.264950683,11.673972602739726,9.0
C-001237238,S-0041,-30.110406603050116,0,3,女性,52,7,12,0.0833333333333333,80765,1,17,4828489.286769263,10.389041095890411,7.0
C-000789262,S-0113,-29.425831351501834,0,3,女性,48,9,12,0.4166666666666667,15208,2,16,4336633.961311346,5.77945205479452,2.5
C-001344452,S-0074,-22.963803043190627,0,3,男性,57,7,12,0.3333333333333333,123563,2,14,4614054.39694187,8.308219178082192,6.0
C-000020062,S-0012,-47.31426659023829,0,3,女性,36,12,12,0.0,0,0,16,4444678.825084195,7.994520547945205,5.0
C-002639368,S-0040,-33.23600672759135,0,3,男性,44,1,12,0.8333333333333334,2058,1,20,4550116.0180538,8.163013698630138,4.0
C-000003376,S-0111,-59.66020380333722,1,3,男性,45,12,12,0.0833333333333333,0,0,19,4489501.980758176,6.397260273972603,4.0
C-002106572,S-0002,-19.57044230086783,0,3,女性,20,3,12,0.1666666666666666,0,0,15,4455566.655169959,5.663013698630137,2.0
C-002577975,S-0126,-37.41681790683605,0,3,女性,37,1,12,0.75,72103,1,17,4493168.352495564,5.53972602739726,3.0
C-001389085,S-0048,-100.0,1,3,女性,57,6,12,0.0833333333333333,14194,1,15,4502249.082895545,3.671232876712329,1.0
C-001563223,S-0014,-38.095005432670945,0,3,女性,69,6,12,0.25,23051,1,21,4730192.353344672,7.336986301369863,4.0
C-001119800,S-0018,-45.73460499020637,0,3,男性,56,8,12,0.3333333333333333,12896,2,16,4493108.581950108,7.550684931506849,5.0
C-000611413,S-0131,-31.90759849583743,0,3,女性,39,10,12,0.1666666666666666,26829,1,17,4569023.5643747775,5.13972602739726,2.0
C-001121250,S-0085,-100.0,1,3,女性,62,8,12,0.25,2635,2,15,4606655.398026554,4.928767123287671,2.0
C-000305252,S-0100,-100.0,1,3,男性,43,11,12,0.0833333333333333,7466,1,17,4535925.154217558,4.720547945205479,2.0
C-001562658,S-0018,-57.41143273998423,1,3,男性,42,6,12,0.1666666666666666,0,0,16,4493108.581950108,7.550684931506849,5.0
C-000951007,S-0121,-49.99384224786373,1,3,男性,56,8,12,0.3333333333333333,13535,1,14,4716268.25678644,9.856164383561644,7.0
C-000217646,S-0113,-32.313270814999356,0,3,男性,75,12,12,0.4166666666666667,7407,1,16,4336633.961311346,5.77945205479452,2.5
C-000905303,S-0082,-22.973814061226715,0,3,男性,43,8,12,0.6666666666666666,0,0,17,4607261.71451126,4.758904109589041,2.0
C-001441220,S-0004,-33.576397136167756,0,3,男性,36,6,12,0.1666666666666666,9098,1,22,4423576.351309,11.806849315068494,9.0
C-000064431,S-0040,-49.27267889620685,1,3,男性,47,12,12,0.1666666666666666,22515,1,20,4550116.0180538,8.163013698630138,4.0
C-002391701,S-0059,-67.39329057265469,1,3,男性,19,2,12,0.4166666666666667,0,0,14,4713188.969095345,6.8123287671232875,3.0
C-000217323,S-0131,-42.17898376604349,0,3,女性,50,12,12,1.0,0,0,17,4569023.5643747775,5.13972602739726,2.0
C-002202983,S-0054,-21.517879103100157,0,3,男性,54,3,12,0.25,2242,1,23,4489160.181517739,6.358904109589041,4.0
C-001601669,S-0014,-56.81830336089922,1,3,男性,44,5,12,0.0833333333333333,46766,2,21,4730192.353344672,7.336986301369863,4.0
C-000862958,S-0106,-100.0,1,3,女性,33,9,12,0.0833333333333333,7174,2,20,4462729.145118021,6.171232876712329,3.5
C-000536070,S-0036,-98.3722875658896,1,3,女性,56,10,12,0.0,6762,1,19,4397834.424680548,11.123287671232877,9.0
C-000953333,S-0054,-34.683342443908316,0,3,女性,51,8,12,0.3333333333333333,0,0,23,4489160.181517739,6.358904109589041,4.0
C-000833930,S-0111,-100.0,1,3,女性,46,9,12,0.25,0,0,19,4489501.980758176,6.397260273972603,4.0
C-000313531,S-0121,-57.85128380399026,1,3,男性,48,11,12,0.3333333333333333,806,2,14,4716268.25678644,9.856164383561644,7.0
C-002050992,S-0079,-50.52270758099912,1,3,女性,59,3,12,0.5833333333333334,662,1,13,4256656.371085242,8.479452054794521,6.0
C-000734958,S-0121,-100.0,1,3,男性,43,9,12,0.25,0,0,14,4716268.25678644,9.856164383561644,7.0
C-002085215,S-0059,-20.238670086407502,0,3,男性,53,3,12,0.25,0,0,14,4713188.969095345,6.8123287671232875,3.0
C-001082399,S-0002,-27.320116821785483,0,3,女性,49,8,12,0.3333333333333333,0,0,15,4455566.655169959,5.663013698630137,2.0
C-000504215,S-0018,-26.086885646751977,0,3,女性,28,10,12,0.4166666666666667,20722,1,16,4493108.581950108,7.550684931506849,5.0
C-002347829,S-0036,-37.239693265507555,0,3,男性,46,2,12,0.1666666666666666,22016,2,19,4397834.424680548,11.123287671232877,9.0
C-000336726,S-0113,-23.834000596381625,0,3,男性,26,11,12,0.3333333333333333,1764,2,16,4336633.961311346,5.77945205479452,2.5
C-000101191,S-0018,-80.94866710363652,1,3,女性,49,12,12,0.3333333333333333,0,0,16,4493108.581950108,7.550684931506849,5.0
C-002038210,S-0113,-50.95020994663659,1,3,男性,50,3,12,0.0833333333333333,0,0,16,4336633.961311346,5.77945205479452,2.5
C-000650739,S-0036,-70.66239273162242,1,3,男性,39,10,12,0.3333333333333333,0,0,19,4397834.424680548,11.123287671232877,9.0
C-001636431,S-0097,-100.0,1,3,女性,37,5,12,0.25,15542,1,21,4592508.716501317,10.09041095890411,7.0
C-001669886,S-0020,-28.290053266278886,0,3,男性,43,5,12,0.5833333333333334,0,0,16,4280702.057267675,6.986301369863014,3.5
C-000566216,S-0050,-38.80100154806981,0,3,女性,58,10,12,0.4166666666666667,0,0,20,4615411.181286601,9.2013698630137,6.0
C-002241355,S-0005,-14.257840121170634,0,3,女性,22,3,12,0.6666666666666666,53505,2,21,4733942.970761149,4.69041095890411,2.0
C-001287774,S-0056,-44.19279757140275,0,3,男性,39,7,12,0.1666666666666666,5311,2,15,4406070.585753419,7.528767123287671,4.0
C-001675492,S-0041,-40.63027109743162,0,3,女性,76,5,12,0.4166666666666667,23039,1,17,4828489.286769263,10.389041095890411,7.0
C-001057319,S-0074,-100.0,1,3,男性,41,8,12,0.25,0,0,14,4614054.39694187,8.308219178082192,6.0
C-002681617,S-0115,-44.209743066370116,0,3,女性,73,1,12,0.1666666666666666,29741,1,14,4553643.099564746,10.51095890410959,7.0
C-002450861,S-0097,-64.63277111962704,1,3,男性,50,2,12,0.0833333333333333,0,0,21,4592508.716501317,10.09041095890411,7.0
C-001640165,S-0018,-100.0,1,3,女性,19,5,12,0.0833333333333333,0,0,16,4493108.581950108,7.550684931506849,5.0
C-000442142,S-0036,-19.953622414720712,0,3,女性,39,11,12,0.4166666666666667,128656,2,19,4397834.424680548,11.123287671232877,9.0
C-000200896,S-0062,-1.8042501726185056,0,3,女性,42,12,12,0.8333333333333334,0,0,15,4713869.782113416,4.575342465753424,1.0
C-001531793,S-0036,-70.41058510865086,1,3,女性,59,6,12,0.25,19870,1,19,4397834.424680548,11.123287671232877,9.0
C-000584128,S-0050,-25.39439962296037,0,3,女性,66,10,12,0.25,0,0,20,4615411.181286601,9.2013698630137,6.0
C-000898644,S-0048,-100.0,1,3,女性,33,9,12,0.0833333333333333,0,0,15,4502249.082895545,3.671232876712329,1.0
C-002248281,S-0040,-100.0,1,3,女性,33,2,12,0.0833333333333333,5455,2,20,4550116.0180538,8.163013698630138,4.0
C-001665705,S-0036,-100.0,1,3,男性,42,5,12,0.4166666666666667,4345,2,19,4397834.424680548,11.123287671232877,9.0
C-000486032,S-0041,-26.400236789238683,0,3,男性,41,10,12,0.0833333333333333,11517,2,17,4828489.286769263,10.389041095890411,7.0
C-000891142,S-0050,-15.215389862163956,0,3,女性,60,9,12,0.25,0,0,20,4615411.181286601,9.2013698630137,6.0
C-000314528,S-0054,-19.93848767787051,0,3,男性,49,11,12,0.25,17115,1,23,4489160.181517739,6.358904109589041,4.0
C-000014077,S-0089,-43.08480740618284,0,3,男性,36,12,12,0.75,4683,1,19,4721110.949352573,10.142465753424657,7.0
C-000228165,S-0005,-30.933255954029658,0,3,男性,42,11,12,0.1666666666666666,0,0,21,4733942.970761149,4.69041095890411,2.0
C-002258857,S-0072,-49.69739876208584,1,3,女性,36,2,12,0.1666666666666666,7223,1,12,4406797.312641796,9.01917808219178,6.0
C-002425007,S-0050,-77.17124553799081,1,3,男性,64,2,12,0.1666666666666666,4688,1,20,4615411.181286601,9.2013698630137,6.0
C-000696044,S-0097,-35.76504964396979,0,3,女性,47,9,12,0.25,951,1,21,4592508.716501317,10.09041095890411,7.0
C-001277463,S-0002,-32.151298694238776,0,3,男性,48,7,12,0.3333333333333333,0,0,15,4455566.655169959,5.663013698630137,2.0
C-000088820,S-0082,-100.0,1,3,女性,45,12,12,0.3333333333333333,640,1,17,4607261.71451126,4.758904109589041,2.0
C-000290851,S-0121,-100.0,1,3,女性,42,11,12,0.4166666666666667,0,0,14,4716268.25678644,9.856164383561644,7.0
C-002178198,S-0096,-100.0,1,3,男性,44,3,12,0.1666666666666666,24314,1,16,4644856.458098179,8.302739726027397,5.0
C-002572641,S-0100,-17.560808579849095,0,3,女性,41,1,12,0.4166666666666667,0,0,17,4535925.154217558,4.720547945205479,2.0
C-002123985,S-0072,-22.750702120101078,0,3,女性,26,3,12,0.25,3631,1,12,4406797.312641796,9.01917808219178,6.0
C-000366618,S-0002,-83.11068702290076,1,3,女性,36,11,12,0.25,0,0,15,4455566.655169959,5.663013698630137,2.0
C-000408385,S-0059,-39.296702378278425,0,3,男性,44,11,12,0.5833333333333334,0,0,14,4713188.969095345,6.8123287671232875,3.0
C-000061471,S-0008,-28.27114382758579,0,3,男性,32,12,12,0.3333333333333333,0,0,22,4498453.308937302,10.772602739726027,7.0
C-002458260,S-0018,-74.89399628723315,1,3,男性,53,2,12,0.4166666666666667,7508,2,16,4493108.581950108,7.550684931506849,5.0
C-000322706,S-0082,-100.0,1,3,女性,48,11,12,0.0,0,0,17,4607261.71451126,4.758904109589041,2.0
C-001848442,S-0072,-37.407214577910004,0,3,男性,55,4,12,0.4166666666666667,14107,1,12,4406797.312641796,9.01917808219178,6.0
C-002341862,S-0048,-39.38436599423631,0,3,女性,57,2,12,0.25,7858,1,15,4502249.082895545,3.671232876712329,1.0
C-000415109,S-0099,-66.97019753596255,1,3,男性,48,11,12,0.1666666666666666,0,0,13,4464126.154078853,8.147945205479452,5.0
C-000220635,S-0004,-38.33386841923036,0,3,男性,43,12,12,0.3333333333333333,770,2,22,4423576.351309,11.806849315068494,9.0
C-000121637,S-0002,-94.75386701854703,1,3,女性,46,12,12,0.3333333333333333,0,0,15,4455566.655169959,5.663013698630137,2.0
C-000211561,S-0063,-51.898798137654744,1,3,男性,58,12,12,0.6666666666666666,1572,2,18,4564012.176421695,5.749315068493151,3.0
C-000412217,S-0019,-100.0,1,3,男性,55,11,12,0.3333333333333333,25024,2,19,4327199.920883598,4.090410958904109,1.0
C-001008414,S-0074,-70.25610170530197,1,3,女性,33,8,12,0.25,0,0,14,4614054.39694187,8.308219178082192,6.0
C-001117688,S-0008,-78.00432042138904,1,3,男性,57,8,12,0.3333333333333333,47906,2,22,4498453.308937302,10.772602739726027,7.0
C-001499605,S-0113,-100.0,1,3,女性,30,6,12,0.5833333333333334,3336,1,16,4336633.961311346,5.77945205479452,2.5
C-000447834,S-0020,-30.586711190901905,0,3,女性,28,11,12,0.3333333333333333,7320,1,16,4280702.057267675,6.986301369863014,3.5
C-001584428,S-0004,-20.397194144977803,0,3,男性,56,5,12,0.1666666666666666,656,1,22,4423576.351309,11.806849315068494,9.0
C-000477005,S-0115,-31.82164572728382,0,3,男性,46,10,12,0.3333333333333333,12085,2,14,4553643.099564746,10.51095890410959,7.0
C-000162923,S-0063,-20.650775950359552,0,3,女性,43,12,12,0.25,5129,1,18,4564012.176421695,5.749315068493151,3.0
C-000533652,S-0048,-23.5670749865989,0,3,男性,31,10,12,0.0833333333333333,89887,1,15,4502249.082895545,3.671232876712329,1.0
C-002321896,S-0075,-23.629638516580158,0,3,女性,69,2,12,0.25,214729,1,19,4506647.2743158825,4.526027397260274,1.0
C-002566858,S-0113,-32.06926735331019,0,3,女性,32,1,12,0.0833333333333333,4671,1,16,4336633.961311346,5.77945205479452,2.5
C-000021942,S-0014,-15.109385330786063,0,3,女性,53,12,12,0.1666666666666666,30510,2,21,4730192.353344672,7.336986301369863,4.0
C-001281417,S-0040,-100.0,1,3,女性,46,7,12,0.25,0,0,20,4550116.0180538,8.163013698630138,4.0
C-002603021,S-0041,-28.777244753566954,0,3,男性,68,1,12,0.25,3569,1,17,4828489.286769263,10.389041095890411,7.0
C-000271883,S-0113,-46.647228913336264,0,3,女性,33,11,12,0.3333333333333333,0,0,16,4336633.961311346,5.77945205479452,2.5
C-001901030,S-0004,-64.3955386777502,1,3,女性,49,4,12,0.1666666666666666,0,0,22,4423576.351309,11.806849315068494,9.0
C-001649361,S-0111,-46.13013727313081,0,3,男性,64,5,12,0.4166666666666667,0,0,19,4489501.980758176,6.397260273972603,4.0
C-000764590,S-0096,-100.0,1,3,女性,34,9,12,0.0833333333333333,0,0,16,4644856.458098179,8.302739726027397,5.0
C-001249674,S-0111,-68.87657870086244,1,3,男性,57,7,12,0.5,0,0,19,4489501.980758176,6.397260273972603,4.0
C-001084246,S-0036,-100.0,1,3,女性,46,8,12,0.0833333333333333,0,0,19,4397834.424680548,11.123287671232877,9.0
C-000745525,S-0115,-100.0,1,3,女性,50,9,12,0.25,11325,1,14,4553643.099564746,10.51095890410959,7.0
C-000237518,S-0004,-27.04151926135464,0,3,男性,34,11,12,0.25,0,0,22,4423576.351309,11.806849315068494,9.0
C-000950414,S-0075,-19.230284046822266,0,3,女性,43,8,12,0.0833333333333333,1181,1,19,4506647.2743158825,4.526027397260274,1.0
C-000379878,S-0018,-49.82361265747413,1,3,女性,34,11,12,0.0833333333333333,5626,1,16,4493108.581950108,7.550684931506849,5.0
C-000419897,S-0002,-6.6279563513428394,0,3,女性,31,11,12,0.1666666666666666,4675,2,15,4455566.655169959,5.663013698630137,2.0
C-000596235,S-0007,-64.4703987657412,1,3,女性,48,10,12,0.0833333333333333,10919,1,21,4487075.727367008,3.7260273972602738,1.0
C-000167188,S-0036,-76.79848149319835,1,3,女性,70,12,12,0.3333333333333333,16931,1,19,4397834.424680548,11.123287671232877,9.0
C-001788016,S-0008,-37.37718816233613,0,3,女性,52,5,12,0.0833333333333333,2526,1,22,4498453.308937302,10.772602739726027,7.0
C-002179853,S-0115,-44.30289562003741,0,3,女性,59,3,12,0.1666666666666666,20679,2,14,4553643.099564746,10.51095890410959,7.0
C-002060271,S-0102,-45.40046141357752,0,3,男性,64,3,12,0.0,96424,1,16,4383474.364435211,10.484931506849314,7.5
C-001865324,S-0082,-19.111349464904627,0,3,女性,60,4,12,0.3333333333333333,0,0,17,4607261.71451126,4.758904109589041,2.0
C-000588654,S-0074,-100.0,1,3,男性,50,10,12,0.3333333333333333,4700,1,14,4614054.39694187,8.308219178082192,6.0
C-001680351,S-0080,-64.18810538089912,1,3,女性,37,5,12,0.4166666666666667,48640,2,17,4457429.264950683,11.673972602739726,9.0
C-000750924,S-0004,-49.30425719809377,1,3,女性,58,9,12,0.1666666666666666,0,0,22,4423576.351309,11.806849315068494,9.0
C-001076357,S-0102,-100.0,1,3,男性,49,8,12,0.3333333333333333,0,0,16,4383474.364435211,10.484931506849314,7.5
C-002157390,S-0097,-98.08211180014331,1,3,男性,26,3,12,0.25,4276,2,21,4592508.716501317,10.09041095890411,7.0
C-002639949,S-0117,-21.776223666815298,0,3,女性,26,1,12,0.5,0,0,20,4500859.737076383,9.593150684931507,7.0
C-000642345,S-0048,-47.63314345414293,0,3,男性,54,10,12,0.25,0,0,15,4502249.082895545,3.671232876712329,1.0
C-001138200,S-0096,-100.0,1,3,女性,51,7,12,0.25,0,0,16,4644856.458098179,8.302739726027397,5.0
C-002083359,S-0097,-100.0,1,3,女性,23,3,12,0.1666666666666666,0,0,21,4592508.716501317,10.09041095890411,7.0
C-001075527,S-0106,-58.182802381763864,1,3,女性,47,8,12,0.3333333333333333,0,0,20,4462729.145118021,6.171232876712329,3.5
C-000381208,S-0121,-31.824069442003218,0,3,女性,31,11,12,0.1666666666666666,1037,1,14,4716268.25678644,9.856164383561644,7.0
C-000894144,S-0117,-100.0,1,3,女性,56,9,12,0.0,46534,2,20,4500859.737076383,9.593150684931507,7.0
C-000713630,S-0036,-84.4524845861107,1,3,女性,45,9,12,0.1666666666666666,89693,1,19,4397834.424680548,11.123287671232877,9.0
C-001765099,S-0072,-100.0,1,3,男性,42,5,12,0.3333333333333333,0,0,12,4406797.312641796,9.01917808219178,6.0
C-001499959,S-0097,-59.014016433059446,1,3,女性,43,6,12,0.25,0,0,21,4592508.716501317,10.09041095890411,7.0
C-000355530,S-0002,-28.94808570779598,0,3,男性,80,11,12,0.5,49556,1,15,4455566.655169959,5.663013698630137,2.0
C-000647406,S-0117,-30.459497568779202,0,3,女性,53,10,12,0.1666666666666666,0,0,20,4500859.737076383,9.593150684931507,7.0
C-000155783,S-0014,-100.0,1,3,男性,48,12,12,0.1666666666666666,0,0,21,4730192.353344672,7.336986301369863,4.0
C-001824813,S-0056,-100.0,1,3,女性,41,4,12,0.0833333333333333,13101,1,15,4406070.585753419,7.528767123287671,4.0
C-002686293,S-0004,-46.07832353771036,0,3,男性,34,1,12,0.1666666666666666,104126,2,22,4423576.351309,11.806849315068494,9.0
C-001788110,S-0062,-10.744663463110065,0,3,男性,44,5,12,0.0,0,0,15,4713869.782113416,4.575342465753424,1.0
C-001761055,S-0036,-100.0,1,3,女性,50,5,12,0.5833333333333334,0,0,19,4397834.424680548,11.123287671232877,9.0
C-002066393,S-0018,-86.48896346973022,1,3,男性,33,3,12,0.25,0,0,16,4493108.581950108,7.550684931506849,5.0
C-001201790,S-0017,-17.9068372415794,0,3,男性,43,7,12,0.6666666666666666,0,0,20,4640207.03550726,5.608219178082192,2.5
C-001270305,S-0097,-46.21026894865526,0,3,男性,45,7,12,0.25,2258,2,21,4592508.716501317,10.09041095890411,7.0
C-000213130,S-0115,-28.591366135735857,0,3,女性,40,12,12,0.0833333333333333,0,0,14,4553643.099564746,10.51095890410959,7.0
C-000918808,S-0036,-69.59402072362833,1,3,男性,44,8,12,0.25,0,0,19,4397834.424680548,11.123287671232877,9.0
C-001080639,S-0005,-100.0,1,3,女性,46,8,12,0.3333333333333333,0,0,21,4733942.970761149,4.69041095890411,2.0
C-002451756,S-0054,-35.387412526971175,0,3,女性,58,2,12,0.3333333333333333,238756,1,23,4489160.181517739,6.358904109589041,4.0
C-001695871,S-0096,-32.02096799154431,0,3,女性,53,5,12,0.3333333333333333,99515,1,16,4644856.458098179,8.302739726027397,5.0
C-001442938,S-0059,-20.346413669579302,0,3,女性,29,6,12,0.3333333333333333,17251,1,14,4713188.969095345,6.8123287671232875,3.0
C-000551421,S-0062,-34.75703891811274,0,3,女性,70,10,12,0.0833333333333333,0,0,15,4713869.782113416,4.575342465753424,1.0
C-000153500,S-0020,-29.977098276079023,0,3,女性,47,12,12,0.25,0,0,16,4280702.057267675,6.986301369863014,3.5
C-000191275,S-0036,-100.0,1,3,男性,29,12,12,0.1666666666666666,3968,2,19,4397834.424680548,11.123287671232877,9.0
C-001065696,S-0099,-25.45081761637239,0,3,女性,32,8,12,0.1666666666666666,6737,2,13,4464126.154078853,8.147945205479452,5.0
C-002169519,S-0115,-65.89611150980967,1,3,男性,50,3,12,0.1666666666666666,23209,2,14,4553643.099564746,10.51095890410959,7.0
C-002322654,S-0012,-100.0,1,3,男性,46,2,12,0.25,29746,2,16,4444678.825084195,7.994520547945205,5.0
C-001514324,S-0115,-34.14929031074298,0,3,女性,57,6,12,0.3333333333333333,4004,1,14,4553643.099564746,10.51095890410959,7.0
C-001729391,S-0100,-96.92648784941095,1,3,男性,50,5,12,0.0,40252,1,17,4535925.154217558,4.720547945205479,2.0
C-000850101,S-0004,-100.0,1,3,女性,51,9,12,0.0,0,0,22,4423576.351309,11.806849315068494,9.0
C-001528561,S-0106,-100.0,1,3,男性,55,6,12,0.25,77870,2,20,4462729.145118021,6.171232876712329,3.5
C-001806788,S-0079,-72.07372840562657,1,3,男性,49,4,12,0.25,0,0,13,4256656.371085242,8.479452054794521,6.0
C-001000980,S-0020,-100.0,1,3,男性,32,8,12,0.1666666666666666,0,0,16,4280702.057267675,6.986301369863014,3.5
C-000055048,S-0036,-54.9599020475663,1,3,女性,29,12,12,0.1666666666666666,0,0,19,4397834.424680548,11.123287671232877,9.0
C-001950594,S-0072,-58.26692795738507,1,3,女性,47,4,12,0.25,6267,1,12,4406797.312641796,9.01917808219178,6.0
C-000113499,S-0056,-100.0,1,3,女性,35,12,12,0.25,25237,2,15,4406070.585753419,7.528767123287671,4.0
C-001958069,S-0074,-78.5694607929074,1,3,男性,85,4,12,0.0,8605,1,14,4614054.39694187,8.308219178082192,6.0
C-002612777,S-0040,-21.748900092524405,0,3,女性,31,1,12,0.0,48462,1,20,4550116.0180538,8.163013698630138,4.0
C-001363481,S-0002,-46.14189489124351,0,3,女性,50,6,12,0.0833333333333333,4431,1,15,4455566.655169959,5.663013698630137,2.0
C-002442956,S-0036,-45.94709915284078,0,3,男性,20,2,12,0.25,12143,1,19,4397834.424680548,11.123287671232877,9.0
C-001394394,S-0075,-41.258597679909656,0,3,女性,42,6,12,0.4166666666666667,0,0,19,4506647.2743158825,4.526027397260274,1.0
C-000387030,S-0121,-100.0,1,3,男性,50,11,12,0.1666666666666666,67892,1,14,4716268.25678644,9.856164383561644,7.0
C-001153495,S-0096,-99.84281009879254,1,3,男性,40,7,12,0.0833333333333333,16333,1,16,4644856.458098179,8.302739726027397,5.0
C-002107920,S-0117,-42.18043779047078,0,3,女性,57,3,12,0.3333333333333333,16690,1,20,4500859.737076383,9.593150684931507,7.0
C-000130150,S-0040,-100.0,1,3,男性,56,12,12,0.25,8554,2,20,4550116.0180538,8.163013698630138,4.0
C-000422321,S-0050,-35.047111774622586,0,3,男性,75,11,12,0.4166666666666667,58269,2,20,4615411.181286601,9.2013698630137,6.0
C-001629328,S-0079,-88.13088544136576,1,3,女性,45,5,12,0.1666666666666666,7686,1,13,4256656.371085242,8.479452054794521,6.0
C-001836336,S-0036,-20.219738579746682,0,3,男性,31,4,12,0.25,297,1,19,4397834.424680548,11.123287671232877,9.0
C-001032213,S-0036,-37.17591165996419,0,3,女性,59,8,12,0.3333333333333333,0,0,19,4397834.424680548,11.123287671232877,9.0
C-000711959,S-0019,-100.0,1,3,女性,83,9,12,0.0833333333333333,23168,1,19,4327199.920883598,4.090410958904109,1.0
C-000144442,S-0050,-25.214945168460567,0,3,女性,67,12,12,0.1666666666666666,0,0,20,4615411.181286601,9.2013698630137,6.0
C-000335352,S-0050,-14.926683271441485,0,3,男性,47,11,12,0.0833333333333333,0,0,20,4615411.181286601,9.2013698630137,6.0
C-000728951,S-0004,-100.0,1,3,女性,58,9,12,0.1666666666666666,22469,1,22,4423576.351309,11.806849315068494,9.0
C-001542559,S-0113,-76.92283135270597,1,3,男性,58,6,12,0.4166666666666667,9292,2,16,4336633.961311346,5.77945205479452,2.5
C-001736998,S-0050,-37.059201258728564,0,3,男性,44,5,12,0.4166666666666667,14599,1,20,4615411.181286601,9.2013698630137,6.0
C-000582217,S-0002,-29.099513214924578,0,3,男性,57,10,12,0.4166666666666667,0,0,15,4455566.655169959,5.663013698630137,2.0
C-002693701,S-0012,-100.0,1,3,女性,46,1,12,0.25,47594,1,16,4444678.825084195,7.994520547945205,5.0
C-001207510,S-0020,-16.843717952098316,0,3,女性,46,7,12,0.4166666666666667,0,0,16,4280702.057267675,6.986301369863014,3.5
C-001255807,S-0079,-23.678551820899163,0,3,男性,42,7,12,0.5,7280,1,13,4256656.371085242,8.479452054794521,6.0
C-000796213,S-0012,-90.03534637858837,1,3,女性,50,9,12,0.5833333333333334,759,1,16,4444678.825084195,7.994520547945205,5.0
C-001104130,S-0036,-43.15371843048152,0,3,女性,54,8,12,0.3333333333333333,21601,1,19,4397834.424680548,11.123287671232877,9.0
C-001045592,S-0131,-10.552669821031598,0,3,女性,46,8,12,0.0,0,0,17,4569023.5643747775,5.13972602739726,2.0
C-000070028,S-0030,-8.890416689737485,0,3,男性,51,12,12,0.75,0,0,22,4426478.045479023,9.236986301369862,5.5
C-000225108,S-0075,-29.306400299429214,0,3,女性,33,12,12,0.3333333333333333,0,0,19,4506647.2743158825,4.526027397260274,1.0
C-001536709,S-0056,-34.4754849174652,0,3,女性,53,6,12,0.1666666666666666,5469,1,15,4406070.585753419,7.528767123287671,4.0
C-002034006,S-0020,-96.34948096885813,1,3,男性,55,3,12,0.0,9604,1,16,4280702.057267675,6.986301369863014,3.5
C-001357947,S-0039,-100.0,1,3,男性,26,6,12,0.1666666666666666,6779,1,16,4591288.568998441,8.193150684931506,5.0
C-000647374,S-0018,-29.44776360406911,0,3,女性,39,10,12,0.25,0,0,16,4493108.581950108,7.550684931506849,5.0
C-001955074,S-0018,-100.0,1,3,女性,44,4,12,0.25,0,0,16,4493108.581950108,7.550684931506849,5.0
C-001578076,S-0075,-31.20869646836336,0,3,女性,59,5,12,0.4166666666666667,0,0,19,4506647.2743158825,4.526027397260274,1.0
C-002228125,S-0113,-11.595488999815123,0,3,男性,50,3,12,0.3333333333333333,40140,1,16,4336633.961311346,5.77945205479452,2.5
C-000801065,S-0004,-100.0,1,3,女性,39,9,12,0.3333333333333333,0,0,22,4423576.351309,11.806849315068494,9.0
C-001843300,S-0096,-100.0,1,3,女性,45,4,12,0.25,1242,2,16,4644856.458098179,8.302739726027397,5.0
C-002353400,S-0115,-49.46813204716552,1,3,男性,70,2,12,0.0,33554,1,14,4553643.099564746,10.51095890410959,7.0
C-000374577,S-0056,-100.0,1,3,男性,85,11,12,0.0833333333333333,1606,2,15,4406070.585753419,7.528767123287671,4.0
C-001462972,S-0100,-44.77986142874083,0,3,女性,66,6,12,0.4166666666666667,0,0,17,4535925.154217558,4.720547945205479,2.0
C-000062856,S-0036,-100.0,1,3,男性,67,12,12,0.0833333333333333,0,0,19,4397834.424680548,11.123287671232877,9.0
C-000036954,S-0012,-100.0,1,3,女性,47,12,12,0.0833333333333333,2680,1,16,4444678.825084195,7.994520547945205,5.0
C-002082024,S-0008,-18.553550640279397,0,3,女性,55,3,12,0.25,79662,1,22,4498453.308937302,10.772602739726027,7.0
C-002517137,S-0056,-100.0,1,3,男性,48,1,12,0.0833333333333333,17232,1,15,4406070.585753419,7.528767123287671,4.0
C-001256111,S-0079,-24.81366253102629,0,3,女性,33,7,12,0.4166666666666667,675,2,13,4256656.371085242,8.479452054794521,6.0
C-000039776,S-0079,-21.89210610723649,0,3,女性,33,12,12,0.4166666666666667,0,0,13,4256656.371085242,8.479452054794521,6.0
C-001129448,S-0048,-27.14756228045182,0,3,女性,62,7,12,0.25,2433,1,15,4502249.082895545,3.671232876712329,1.0
C-001394677,S-0014,-45.73826302466904,0,3,女性,46,6,12,0.25,44548,1,21,4730192.353344672,7.336986301369863,4.0
C-002099909,S-0063,-39.097275449529405,0,3,男性,35,3,12,0.3333333333333333,75287,1,18,4564012.176421695,5.749315068493151,3.0
C-000653870,S-0014,-16.552565757624656,0,3,男性,52,10,12,0.1666666666666666,20727,1,21,4730192.353344672,7.336986301369863,4.0
C-002067872,S-0085,-12.021993697712352,0,3,男性,40,3,12,0.4166666666666667,0,0,15,4606655.398026554,4.928767123287671,2.0
C-001880514,S-0018,-100.0,1,3,男性,72,4,12,0.1666666666666666,0,0,16,4493108.581950108,7.550684931506849,5.0
C-002305923,S-0099,-18.03921090888418,0,3,女性,52,2,12,0.1666666666666666,0,0,13,4464126.154078853,8.147945205479452,5.0
C-002442213,S-0050,-34.95639726352211,0,3,女性,49,2,12,0.0833333333333333,20472,1,20,4615411.181286601,9.2013698630137,6.0
C-001170475,S-0097,-30.58725909535428,0,3,男性,47,7,12,0.25,15741,2,21,4592508.716501317,10.09041095890411,7.0
C-000107787,S-0115,-17.09884754727242,0,3,女性,58,12,12,0.0,20384,1,14,4553643.099564746,10.51095890410959,7.0
C-002649883,S-0117,-12.784490195386006,0,3,男性,63,1,12,0.0,13217,2,20,4500859.737076383,9.593150684931507,7.0
C-002368759,S-0063,-100.0,1,3,女性,57,2,12,0.25,44509,2,18,4564012.176421695,5.749315068493151,3.0
C-001604363,S-0082,-100.0,1,3,男性,39,5,12,0.5,0,0,17,4607261.71451126,4.758904109589041,2.0
C-002340920,S-0082,-13.99759410799127,0,3,女性,53,2,12,0.0833333333333333,0,0,17,4607261.71451126,4.758904109589041,2.0
C-001168015,S-0012,-21.325359376714584,0,3,男性,32,7,12,0.25,0,0,16,4444678.825084195,7.994520547945205,5.0
C-002605712,S-0117,-27.408276933790916,0,3,男性,44,1,12,0.0,453,1,20,4500859.737076383,9.593150684931507,7.0
C-000638663,S-0036,-100.0,1,3,女性,44,10,12,0.25,39215,1,19,4397834.424680548,11.123287671232877,9.0
C-000246347,S-0115,-100.0,1,3,男性,57,11,12,0.1666666666666666,0,0,14,4553643.099564746,10.51095890410959,7.0
C-001479023,S-0080,-100.0,1,3,女性,20,6,12,0.5833333333333334,11150,2,17,4457429.264950683,11.673972602739726,9.0
C-000903509,S-0040,-100.0,1,3,女性,45,8,12,0.25,0,0,20,4550116.0180538,8.163013698630138,4.0
C-001915659,S-0082,-12.226146783231709,0,3,女性,46,4,12,0.75,0,0,17,4607261.71451126,4.758904109589041,2.0
C-000257952,S-0040,-100.0,1,3,男性,50,11,12,0.3333333333333333,0,0,20,4550116.0180538,8.163013698630138,4.0
C-001295028,S-0080,-100.0,1,3,女性,50,7,12,0.0833333333333333,0,0,17,4457429.264950683,11.673972602739726,9.0
C-001535745,S-0121,-47.871228565850075,0,3,女性,60,6,12,0.4166666666666667,41471,1,14,4716268.25678644,9.856164383561644,7.0
C-001013278,S-0050,-48.439288656862246,0,3,女性,53,8,12,0.1666666666666666,3150,2,20,4615411.181286601,9.2013698630137,6.0
C-001948406,S-0097,-100.0,1,3,女性,45,4,12,0.5,0,0,21,4592508.716501317,10.09041095890411,7.0
C-002064344,S-0121,-37.250718005597136,0,3,女性,46,3,12,0.3333333333333333,22255,1,14,4716268.25678644,9.856164383561644,7.0
C-000114432,S-0017,-24.013046833550376,0,3,女性,20,12,12,0.5,0,0,20,4640207.03550726,5.608219178082192,2.5
C-001056518,S-0017,-90.4484875433851,1,3,女性,48,8,12,0.4166666666666667,0,0,20,4640207.03550726,5.608219178082192,2.5
C-000983562,S-0099,-84.68966383519917,1,3,男性,42,8,12,0.4166666666666667,0,0,13,4464126.154078853,8.147945205479452,5.0
C-000368611,S-0040,-2.9121937038041272,0,3,女性,63,11,12,1.0,0,0,20,4550116.0180538,8.163013698630138,4.0
C-001475925,S-0097,-65.3895984882479,1,3,女性,50,6,12,0.25,1838,2,21,4592508.716501317,10.09041095890411,7.0
C-001862494,S-0036,-56.20760837511058,1,3,男性,60,4,12,0.25,0,0,19,4397834.424680548,11.123287671232877,9.0
C-000575850,S-0121,-81.59596362966148,1,3,女性,32,10,12,0.5833333333333334,19380,1,14,4716268.25678644,9.856164383561644,7.0
C-000981780,S-0099,-41.448537010722134,0,3,女性,82,8,12,0.4166666666666667,0,0,13,4464126.154078853,8.147945205479452,5.0
C-002048743,S-0004,-18.82235077503329,0,3,女性,34,3,12,0.0833333333333333,6810,2,22,4423576.351309,11.806849315068494,9.0
C-000549977,S-0056,-100.0,1,3,女性,32,10,12,0.5833333333333334,88106,1,15,4406070.585753419,7.528767123287671,4.0
C-002537593,S-0080,-100.0,1,3,女性,45,1,12,0.0,0,0,17,4457429.264950683,11.673972602739726,9.0
C-000581019,S-0096,-43.9453241264361,0,3,男性,59,10,12,0.1666666666666666,27285,2,16,4644856.458098179,8.302739726027397,5.0
C-002332499,S-0096,-13.157823186652978,0,3,女性,50,2,12,0.25,20553,2,16,4644856.458098179,8.302739726027397,5.0
C-001106285,S-0054,-24.890574929848427,0,3,女性,45,8,12,0.4166666666666667,0,0,23,4489160.181517739,6.358904109589041,4.0
C-002624824,S-0050,-100.0,1,3,男性,53,1,12,0.25,30932,1,20,4615411.181286601,9.2013698630137,6.0
C-002505593,S-0004,-51.41326892514344,1,3,男性,39,1,12,0.0833333333333333,17174,1,22,4423576.351309,11.806849315068494,9.0
C-000522640,S-0041,-100.0,1,3,男性,44,10,12,0.6666666666666666,31311,2,17,4828489.286769263,10.389041095890411,7.0
C-002519188,S-0012,-86.00329505257547,1,3,男性,52,1,12,0.5,0,0,16,4444678.825084195,7.994520547945205,5.0
C-000227210,S-0115,-100.0,1,3,男性,55,11,12,0.0833333333333333,0,0,14,4553643.099564746,10.51095890410959,7.0
C-002395931,S-0099,-57.24580316188968,1,3,女性,37,2,12,0.3333333333333333,0,0,13,4464126.154078853,8.147945205479452,5.0
C-001208260,S-0117,-21.337052466437704,0,3,女性,43,7,12,0.25,0,0,20,4500859.737076383,9.593150684931507,7.0
C-000309089,S-0096,-30.931403690905988,0,3,男性,62,11,12,0.1666666666666666,10540,1,16,4644856.458098179,8.302739726027397,5.0
C-000072905,S-0014,-41.61365805351574,0,3,女性,43,12,12,0.1666666666666666,89977,1,21,4730192.353344672,7.336986301369863,4.0
C-001454394,S-0039,-33.152275778706866,0,3,女性,66,6,12,0.5833333333333334,186,1,16,4591288.568998441,8.193150684931506,5.0
C-002237842,S-0040,-18.16115917358316,0,3,女性,19,3,12,0.25,15206,1,20,4550116.0180538,8.163013698630138,4.0
C-001281883,S-0007,-68.34369093304313,1,3,女性,66,7,12,0.4166666666666667,0,0,21,4487075.727367008,3.7260273972602738,1.0
C-000132188,S-0111,-31.10460926794787,0,3,女性,34,12,12,0.25,4577,2,19,4489501.980758176,6.397260273972603,4.0
C-000065501,S-0079,-40.85868991971279,0,3,女性,76,12,12,0.3333333333333333,3423,2,13,4256656.371085242,8.479452054794521,6.0
C-001782836,S-0121,-100.0,1,3,女性,46,5,12,0.0,21324,2,14,4716268.25678644,9.856164383561644,7.0
C-001308770,S-0018,-79.30571262122615,1,3,女性,43,7,12,0.25,0,0,16,4493108.581950108,7.550684931506849,5.0
C-000310111,S-0039,-40.14767489198524,0,3,女性,19,11,12,0.6666666666666666,8246,2,16,4591288.568998441,8.193150684931506,5.0
C-000460329,S-0097,-64.40891985195782,1,3,女性,43,10,12,0.1666666666666666,7569,2,21,4592508.716501317,10.09041095890411,7.0
C-001603119,S-0059,-32.983670322274655,0,3,女性,55,5,12,0.25,5290,1,14,4713188.969095345,6.8123287671232875,3.0
C-001949757,S-0014,-22.473883909341865,0,3,女性,43,4,12,0.0833333333333333,11554,1,21,4730192.353344672,7.336986301369863,4.0
C-001873784,S-0012,-24.496071975901092,0,3,女性,74,4,12,0.25,15221,1,16,4444678.825084195,7.994520547945205,5.0
C-000297060,S-0008,-55.46717977538793,1,3,女性,56,11,12,0.1666666666666666,6739,1,22,4498453.308937302,10.772602739726027,7.0
C-002618971,S-0020,-63.991899955171505,1,3,男性,51,1,12,0.0833333333333333,29874,1,16,4280702.057267675,6.986301369863014,3.5
C-002101589,S-0036,-67.66078345094333,1,3,男性,46,3,12,0.3333333333333333,29664,1,19,4397834.424680548,11.123287671232877,9.0
C-000237597,S-0036,-100.0,1,3,女性,34,11,12,0.8333333333333334,0,0,19,4397834.424680548,11.123287671232877,9.0
C-000212571,S-0020,-65.93592625259625,1,3,男性,27,12,12,0.1666666666666666,0,0,16,4280702.057267675,6.986301369863014,3.5
C-000149312,S-0054,-100.0,1,3,女性,50,12,12,0.5,57123,1,23,4489160.181517739,6.358904109589041,4.0
C-002320617,S-0030,-57.60465941343425,1,3,男性,48,2,12,0.4166666666666667,3030,1,22,4426478.045479023,9.236986301369862,5.5
C-002208458,S-0039,-100.0,1,3,女性,67,3,12,0.0,80271,2,16,4591288.568998441,8.193150684931506,5.0
C-001604047,S-0126,-100.0,1,3,男性,60,5,12,0.3333333333333333,30962,1,17,4493168.352495564,5.53972602739726,3.0
C-001801126,S-0080,-54.556560565701474,1,3,女性,54,4,12,0.0,761,2,17,4457429.264950683,11.673972602739726,9.0
C-000720248,S-0102,-85.89266782222373,1,3,女性,46,9,12,0.1666666666666666,15730,1,16,4383474.364435211,10.484931506849314,7.5
C-001602259,S-0054,-15.51622647855983,0,3,女性,42,5,12,0.0833333333333333,39650,1,23,4489160.181517739,6.358904109589041,4.0
C-000280126,S-0017,-62.14323467230444,1,3,男性,30,11,12,0.3333333333333333,0,0,20,4640207.03550726,5.608219178082192,2.5
C-000076689,S-0050,-32.396506874767745,0,3,女性,51,12,12,0.5833333333333334,0,0,20,4615411.181286601,9.2013698630137,6.0
C-000206139,S-0048,-61.20626548312188,1,3,女性,86,12,12,0.25,0,0,15,4502249.082895545,3.671232876712329,1.0
C-000020431,S-0040,-38.68886597727667,0,3,男性,70,12,12,0.3333333333333333,0,0,20,4550116.0180538,8.163013698630138,4.0
C-001779797,S-0014,-75.63917552104617,1,3,女性,34,5,12,0.25,717,2,21,4730192.353344672,7.336986301369863,4.0
C-002623367,S-0039,-33.08721214640845,0,3,男性,60,1,12,0.5,55791,1,16,4591288.568998441,8.193150684931506,5.0
C-002171432,S-0072,-100.0,1,3,男性,28,3,12,0.0,8590,1,12,4406797.312641796,9.01917808219178,6.0
C-001970932,S-0115,-100.0,1,3,女性,46,4,12,0.5833333333333334,18555,1,14,4553643.099564746,10.51095890410959,7.0
C-001172435,S-0056,-28.741654365460924,0,3,女性,60,7,12,0.0,0,0,15,4406070.585753419,7.528767123287671,4.0
C-000357772,S-0020,-53.20120955045834,1,3,女性,45,11,12,0.5,0,0,16,4280702.057267675,6.986301369863014,3.5
C-001935834,S-0041,-100.0,1,3,男性,45,4,12,0.3333333333333333,4211,2,17,4828489.286769263,10.389041095890411,7.0
C-000482585,S-0072,-62.462321375409346,1,3,男性,44,10,12,0.25,7777,2,12,4406797.312641796,9.01917808219178,6.0
C-002630416,S-0102,-39.464956591950994,0,3,女性,57,1,12,0.0833333333333333,5374,1,16,4383474.364435211,10.484931506849314,7.5
C-001398664,S-0111,-100.0,1,3,女性,52,6,12,0.1666666666666666,0,0,19,4489501.980758176,6.397260273972603,4.0
C-001439204,S-0102,-100.0,1,3,女性,44,6,12,0.25,0,0,16,4383474.364435211,10.484931506849314,7.5
C-002009001,S-0018,-29.09737431937549,0,3,女性,42,4,12,0.3333333333333333,28664,1,16,4493108.581950108,7.550684931506849,5.0
C-000506105,S-0039,-22.299646699320377,0,3,女性,49,10,12,0.25,70747,2,16,4591288.568998441,8.193150684931506,5.0
C-002373360,S-0018,-58.976760222147675,1,3,女性,39,2,12,0.25,12899,1,16,4493108.581950108,7.550684931506849,5.0
C-001823534,S-0113,-100.0,1,3,男性,43,4,12,0.1666666666666666,13877,1,16,4336633.961311346,5.77945205479452,2.5
C-000771149,S-0050,-100.0,1,3,男性,60,9,12,0.75,0,0,20,4615411.181286601,9.2013698630137,6.0
C-001249727,S-0096,-45.38420094378181,0,3,女性,44,7,12,0.4166666666666667,0,0,16,4644856.458098179,8.302739726027397,5.0
C-002058983,S-0079,-100.0,1,3,女性,41,3,12,0.1666666666666666,0,0,13,4256656.371085242,8.479452054794521,6.0
C-001886003,S-0074,-92.49191029771514,1,3,男性,66,4,12,0.5833333333333334,17493,2,14,4614054.39694187,8.308219178082192,6.0
C-001384208,S-0036,-100.0,1,3,女性,44,6,12,0.25,417,1,19,4397834.424680548,11.123287671232877,9.0
C-000397244,S-0002,-100.0,1,3,女性,40,11,12,0.0833333333333333,0,0,15,4455566.655169959,5.663013698630137,2.0
C-001818065,S-0012,-33.442213558857596,0,3,男性,36,4,12,0.3333333333333333,0,0,16,4444678.825084195,7.994520547945205,5.0
C-000509832,S-0030,-7.9755089430742085,0,3,女性,50,10,12,0.5,0,0,22,4426478.045479023,9.236986301369862,5.5
C-001845458,S-0017,-37.39876266606164,0,3,女性,69,4,12,0.3333333333333333,57411,1,20,4640207.03550726,5.608219178082192,2.5
C-001242070,S-0072,-100.0,1,3,女性,32,7,12,0.5833333333333334,0,0,12,4406797.312641796,9.01917808219178,6.0
C-001273337,S-0002,-56.635231503635666,1,3,男性,51,7,12,0.25,3820,1,15,4455566.655169959,5.663013698630137,2.0
C-001218794,S-0040,-24.940054779979718,0,3,女性,76,7,12,0.0833333333333333,14778,1,20,4550116.0180538,8.163013698630138,4.0
C-001125233,S-0004,-46.486289321496436,0,3,男性,49,8,12,0.5833333333333334,0,0,22,4423576.351309,11.806849315068494,9.0
C-002331651,S-0036,-12.438917749935356,0,3,女性,58,2,12,0.0833333333333333,0,0,19,4397834.424680548,11.123287671232877,9.0
C-000940945,S-0030,-100.0,1,3,女性,74,8,12,0.5833333333333334,20361,1,22,4426478.045479023,9.236986301369862,5.5
C-000389995,S-0018,-100.0,1,3,男性,52,11,12,0.5,25026,2,16,4493108.581950108,7.550684931506849,5.0
C-000596968,S-0019,-18.510400090572304,0,3,女性,51,10,12,0.5,0,0,19,4327199.920883598,4.090410958904109,1.0
C-002267996,S-0062,-15.93597128307872,0,3,男性,47,2,12,0.25,3300,1,15,4713869.782113416,4.575342465753424,1.0
C-001307858,S-0100,-78.20882945022706,1,3,女性,24,7,12,0.4166666666666667,0,0,17,4535925.154217558,4.720547945205479,2.0
C-000425718,S-0048,-72.6125206345839,1,3,女性,87,11,12,0.4166666666666667,0,0,15,4502249.082895545,3.671232876712329,1.0
C-000547362,S-0063,-100.0,1,3,女性,20,10,12,0.1666666666666666,75855,1,18,4564012.176421695,5.749315068493151,3.0
C-001808402,S-0111,-100.0,1,3,男性,53,4,12,0.6666666666666666,18469,1,19,4489501.980758176,6.397260273972603,4.0
C-002098566,S-0097,-40.549778268363056,0,3,女性,39,3,12,0.3333333333333333,63220,1,21,4592508.716501317,10.09041095890411,7.0
C-000148524,S-0089,-48.914699367943385,1,3,男性,36,12,12,0.25,0,0,19,4721110.949352573,10.142465753424657,7.0
C-002545653,S-0030,-100.0,1,3,男性,39,1,12,0.0833333333333333,0,0,22,4426478.045479023,9.236986301369862,5.5
C-000016169,S-0004,-100.0,1,3,女性,45,12,12,0.1666666666666666,0,0,22,4423576.351309,11.806849315068494,9.0
C-002248443,S-0059,-23.1231545224134,0,3,男性,68,2,12,0.0833333333333333,0,0,14,4713188.969095345,6.8123287671232875,3.0
C-002596244,S-0059,-55.12174560853199,1,3,男性,52,1,12,0.8333333333333334,0,0,14,4713188.969095345,6.8123287671232875,3.0
C-001123035,S-0041,-41.59194140422037,0,3,男性,47,8,12,0.0833333333333333,0,0,17,4828489.286769263,10.389041095890411,7.0
C-000515012,S-0004,-40.64280451229257,0,3,女性,55,10,12,0.25,13033,1,22,4423576.351309,11.806849315068494,9.0
C-000432199,S-0039,-100.0,1,3,女性,21,11,12,0.1666666666666666,10626,2,16,4591288.568998441,8.193150684931506,5.0
C-002507655,S-0106,-100.0,1,3,女性,70,1,12,0.0833333333333333,32343,1,20,4462729.145118021,6.171232876712329,3.5
C-000059636,S-0014,-54.86053097193483,1,3,男性,50,12,12,0.4166666666666667,4142,2,21,4730192.353344672,7.336986301369863,4.0
C-000210787,S-0014,-34.69622567853548,0,3,男性,56,12,12,0.25,0,0,21,4730192.353344672,7.336986301369863,4.0
C-002360850,S-0036,-82.11937006603279,1,3,男性,48,2,12,0.0833333333333333,0,0,19,4397834.424680548,11.123287671232877,9.0
C-000010252,S-0050,-28.854783214621726,0,3,男性,28,12,12,0.3333333333333333,4826,2,20,4615411.181286601,9.2013698630137,6.0
C-001350153,S-0117,-15.843028993230307,0,3,女性,43,7,12,0.5,10305,1,20,4500859.737076383,9.593150684931507,7.0
C-001575546,S-0063,-16.53345652848134,0,3,男性,65,6,12,0.1666666666666666,0,0,18,4564012.176421695,5.749315068493151,3.0
C-000064091,S-0096,-47.74188511490347,0,3,男性,70,12,12,0.4166666666666667,0,0,16,4644856.458098179,8.302739726027397,5.0
C-001910314,S-0131,-20.505636594785773,0,3,女性,61,4,12,0.0833333333333333,25553,2,17,4569023.5643747775,5.13972602739726,2.0
C-002353111,S-0080,-100.0,1,3,女性,55,2,12,0.25,0,0,17,4457429.264950683,11.673972602739726,9.0
C-001152777,S-0012,-100.0,1,3,女性,50,7,12,0.25,2270,2,16,4444678.825084195,7.994520547945205,5.0
C-000157276,S-0115,-48.66810655147588,0,3,男性,61,12,12,0.0833333333333333,0,0,14,4553643.099564746,10.51095890410959,7.0
C-001864328,S-0014,-35.24089073293461,0,3,女性,38,4,12,0.5,15393,1,21,4730192.353344672,7.336986301369863,4.0
C-000781864,S-0018,-40.95750562046217,0,3,女性,37,9,12,0.3333333333333333,35041,1,16,4493108.581950108,7.550684931506849,5.0
C-000069971,S-0007,-56.87701382467305,1,3,女性,57,12,12,0.5,0,0,21,4487075.727367008,3.7260273972602738,1.0
C-001108894,S-0117,-100.0,1,3,男性,45,8,12,0.0,0,0,20,4500859.737076383,9.593150684931507,7.0
C-000704814,S-0050,-87.3323303172215,1,3,女性,59,9,12,0.5833333333333334,0,0,20,4615411.181286601,9.2013698630137,6.0
C-000184906,S-0072,-100.0,1,3,女性,31,12,12,0.3333333333333333,40838,1,12,4406797.312641796,9.01917808219178,6.0
C-000138210,S-0004,-75.52419295590461,1,3,女性,58,12,12,0.3333333333333333,13004,1,22,4423576.351309,11.806849315068494,9.0
C-001607224,S-0079,-48.765737486778804,0,3,男性,64,5,12,0.1666666666666666,12876,1,13,4256656.371085242,8.479452054794521,6.0
C-000987616,S-0017,-51.90537155580295,1,3,女性,47,8,12,0.5,6139,1,20,4640207.03550726,5.608219178082192,2.5
C-000565193,S-0117,-83.95488099978559,1,3,男性,57,10,12,0.0833333333333333,0,0,20,4500859.737076383,9.593150684931507,7.0
C-001875731,S-0007,-100.0,1,3,女性,57,4,12,0.5833333333333334,0,0,21,4487075.727367008,3.7260273972602738,1.0
C-000800652,S-0072,-100.0,1,3,男性,37,9,12,0.1666666666666666,20014,1,12,4406797.312641796,9.01917808219178,6.0
C-001678944,S-0096,-48.77952652460653,0,3,男性,39,5,12,0.0833333333333333,4924,2,16,4644856.458098179,8.302739726027397,5.0
C-000380889,S-0017,-25.15698613655259,0,3,女性,57,11,12,0.0,0,0,20,4640207.03550726,5.608219178082192,2.5
C-000430876,S-0074,-36.316227306727065,0,3,女性,59,11,12,0.3333333333333333,0,0,14,4614054.39694187,8.308219178082192,6.0
C-000043947,S-0054,-45.32956993009712,0,3,女性,63,12,12,0.1666666666666666,0,0,23,4489160.181517739,6.358904109589041,4.0
C-001266289,S-0113,-100.0,1,3,女性,78,7,12,0.25,0,0,16,4336633.961311346,5.77945205479452,2.5
C-000826706,S-0036,-100.0,1,3,男性,46,9,12,0.1666666666666666,44426,2,19,4397834.424680548,11.123287671232877,9.0
C-001624875,S-0121,-46.56056731909576,0,3,男性,42,5,12,0.4166666666666667,3788,1,14,4716268.25678644,9.856164383561644,7.0
C-001912322,S-0036,-54.88034976094377,1,3,女性,54,4,12,0.3333333333333333,0,0,19,4397834.424680548,11.123287671232877,9.0
C-001007621,S-0007,-71.67426270718796,1,3,男性,52,8,12,0.4166666666666667,256153,1,21,4487075.727367008,3.7260273972602738,1.0
C-001773670,S-0056,-30.93346549973405,0,3,女性,45,5,12,0.4166666666666667,7956,2,15,4406070.585753419,7.528767123287671,4.0
C-000746767,S-0074,-21.207425403378803,0,3,男性,66,9,12,0.0833333333333333,0,0,14,4614054.39694187,8.308219178082192,6.0
C-000509454,S-0050,-28.542197937057146,0,3,女性,45,10,12,0.1666666666666666,0,0,20,4615411.181286601,9.2013698630137,6.0
C-001481225,S-0007,-51.773352512811286,1,3,男性,35,6,12,0.3333333333333333,0,0,21,4487075.727367008,3.7260273972602738,1.0
C-000866626,S-0113,-100.0,1,3,男性,46,9,12,0.1666666666666666,0,0,16,4336633.961311346,5.77945205479452,2.5
C-000298287,S-0054,-32.502254772799176,0,3,女性,50,11,12,0.25,0,0,23,4489160.181517739,6.358904109589041,4.0
C-001382292,S-0063,-100.0,1,3,女性,44,6,12,0.25,38121,2,18,4564012.176421695,5.749315068493151,3.0
C-002336052,S-0113,-48.25118051528457,0,3,男性,39,2,12,0.25,21535,2,16,4336633.961311346,5.77945205479452,2.5
C-001642187,S-0096,-13.896220646613111,0,3,女性,49,5,12,0.25,10057,1,16,4644856.458098179,8.302739726027397,5.0
C-000210814,S-0121,-100.0,1,3,女性,66,12,12,0.1666666666666666,16590,2,14,4716268.25678644,9.856164383561644,7.0
C-000364726,S-0036,-100.0,1,3,男性,49,11,12,0.5,93282,1,19,4397834.424680548,11.123287671232877,9.0
C-001801861,S-0054,-100.0,1,3,男性,33,4,12,0.1666666666666666,4767,1,23,4489160.181517739,6.358904109589041,4.0
C-002557752,S-0115,-47.696549893647216,0,3,女性,49,1,12,0.3333333333333333,12067,2,14,4553643.099564746,10.51095890410959,7.0
C-001918182,S-0050,-100.0,1,3,女性,59,4,12,0.0833333333333333,20707,2,20,4615411.181286601,9.2013698630137,6.0
C-001822825,S-0056,-100.0,1,3,女性,78,4,12,0.25,3597,1,15,4406070.585753419,7.528767123287671,4.0
C-001598628,S-0036,-49.12029619788207,1,3,女性,48,5,12,0.1666666666666666,0,0,19,4397834.424680548,11.123287671232877,9.0
C-002416048,S-0014,-36.28752632043474,0,3,女性,53,2,12,0.1666666666666666,33462,1,21,4730192.353344672,7.336986301369863,4.0
C-001936117,S-0048,-85.01612915410708,1,3,女性,53,4,12,0.5833333333333334,13733,1,15,4502249.082895545,3.671232876712329,1.0
C-000657382,S-0059,-21.384999365455393,0,3,男性,29,10,12,0.5833333333333334,6366,1,14,4713188.969095345,6.8123287671232875,3.0
C-001590185,S-0117,-37.45159251404499,0,3,男性,63,5,12,0.25,0,0,20,4500859.737076383,9.593150684931507,7.0
C-001447223,S-0014,-97.75381427764174,1,3,男性,18,6,12,0.3333333333333333,2839,2,21,4730192.353344672,7.336986301369863,4.0
C-002438961,S-0036,-100.0,1,3,男性,50,2,12,0.25,12037,1,19,4397834.424680548,11.123287671232877,9.0
C-000048709,S-0115,-50.182479364788676,1,3,女性,24,12,12,0.1666666666666666,0,0,14,4553643.099564746,10.51095890410959,7.0
C-001896181,S-0080,-51.88899846480749,1,3,男性,62,4,12,0.5,1443,2,17,4457429.264950683,11.673972602739726,9.0
C-001373328,S-0012,-100.0,1,3,女性,33,6,12,0.25,0,0,16,4444678.825084195,7.994520547945205,5.0
C-002673690,S-0036,-77.12407853768005,1,3,女性,35,1,12,0.5,17578,1,19,4397834.424680548,11.123287671232877,9.0
C-001491039,S-0096,-50.24901262680712,1,3,男性,58,6,12,0.9166666666666666,55234,2,16,4644856.458098179,8.302739726027397,5.0
C-002121526,S-0005,-100.0,1,3,男性,38,3,12,0.5,3317,1,21,4733942.970761149,4.69041095890411,2.0
C-000682659,S-0007,-59.63645620003008,1,3,男性,53,9,12,0.5833333333333334,0,0,21,4487075.727367008,3.7260273972602738,1.0
C-000430144,S-0040,-31.76537034048733,0,3,男性,44,11,12,0.1666666666666666,8429,1,20,4550116.0180538,8.163013698630138,4.0
C-001852701,S-0056,-38.831069419813716,0,3,女性,69,4,12,0.3333333333333333,0,0,15,4406070.585753419,7.528767123287671,4.0
C-001656753,S-0004,-26.82343822275563,0,3,女性,55,5,12,0.25,0,0,22,4423576.351309,11.806849315068494,9.0
C-002600321,S-0097,-100.0,1,3,女性,52,1,12,0.0,0,0,21,4592508.716501317,10.09041095890411,7.0
C-001513098,S-0056,-100.0,1,3,女性,54,6,12,0.1666666666666666,29101,1,15,4406070.585753419,7.528767123287671,4.0
C-000589510,S-0097,-100.0,1,3,女性,68,10,12,0.25,10148,1,21,4592508.716501317,10.09041095890411,7.0
C-001090891,S-0117,-84.38482117347601,1,3,女性,40,8,12,0.1666666666666666,3800,2,20,4500859.737076383,9.593150684931507,7.0
C-002580303,S-0126,-10.940824784604143,0,3,女性,62,1,12,0.0,10946,2,17,4493168.352495564,5.53972602739726,3.0
C-002230182,S-0106,-54.485713510923894,1,3,女性,37,3,12,0.4166666666666667,4983,1,20,4462729.145118021,6.171232876712329,3.5
C-000255952,S-0050,-29.539253597632197,0,3,男性,57,11,12,0.25,10196,2,20,4615411.181286601,9.2013698630137,6.0
C-001257756,S-0012,-100.0,1,3,女性,36,7,12,0.5833333333333334,0,0,16,4444678.825084195,7.994520547945205,5.0
C-000645133,S-0096,-36.66748981041387,0,3,女性,27,10,12,0.3333333333333333,33727,1,16,4644856.458098179,8.302739726027397,5.0
C-001988755,S-0007,-96.81204339163162,1,3,女性,31,4,12,0.3333333333333333,0,0,21,4487075.727367008,3.7260273972602738,1.0
C-000820723,S-0115,-100.0,1,3,男性,45,9,12,0.1666666666666666,20083,1,14,4553643.099564746,10.51095890410959,7.0
C-002238834,S-0030,-100.0,1,3,女性,57,3,12,0.25,1141,2,22,4426478.045479023,9.236986301369862,5.5
C-000841331,S-0126,-23.112577951205278,0,3,女性,54,9,12,0.5833333333333334,0,0,17,4493168.352495564,5.53972602739726,3.0
C-002430236,S-0014,-54.1104617064736,1,3,男性,45,2,12,0.0833333333333333,17081,1,21,4730192.353344672,7.336986301369863,4.0
C-000706388,S-0002,-45.07157512255478,0,3,男性,45,9,12,0.4166666666666667,9537,2,15,4455566.655169959,5.663013698630137,2.0
C-001611196,S-0059,-17.726288285961232,0,3,女性,72,5,12,0.5,45417,2,14,4713188.969095345,6.8123287671232875,3.0
C-001591946,S-0089,-32.96868002269131,0,3,男性,46,5,12,0.3333333333333333,50123,1,19,4721110.949352573,10.142465753424657,7.0
C-000302644,S-0117,-100.0,1,3,女性,53,11,12,0.4166666666666667,0,0,20,4500859.737076383,9.593150684931507,7.0
C-000284632,S-0030,8.091384479091236,0,3,女性,49,11,12,0.75,0,0,22,4426478.045479023,9.236986301369862,5.5
C-002530404,S-0005,-17.854764799860796,0,3,女性,43,1,12,0.0833333333333333,130589,2,21,4733942.970761149,4.69041095890411,2.0
C-001138283,S-0018,-33.91171716558177,0,3,男性,45,7,12,0.25,34754,2,16,4493108.581950108,7.550684931506849,5.0
C-000364007,S-0115,-18.996347234100515,0,3,男性,41,11,12,0.25,34521,2,14,4553643.099564746,10.51095890410959,7.0
C-001203188,S-0096,-65.84231758390467,1,3,女性,65,7,12,0.25,0,0,16,4644856.458098179,8.302739726027397,5.0
C-001876583,S-0018,-44.63242527051172,0,3,女性,36,4,12,0.5833333333333334,0,0,16,4493108.581950108,7.550684931506849,5.0
C-000579011,S-0012,-48.648766851690546,0,3,女性,46,10,12,0.25,0,0,16,4444678.825084195,7.994520547945205,5.0
C-002407314,S-0100,-93.92497200447927,1,3,男性,49,2,12,0.1666666666666666,41932,2,17,4535925.154217558,4.720547945205479,2.0
C-000893830,S-0041,-100.0,1,3,女性,35,9,12,0.1666666666666666,92041,1,17,4828489.286769263,10.389041095890411,7.0
C-000312638,S-0005,-39.76970231666692,0,3,男性,50,11,12,0.3333333333333333,0,0,21,4733942.970761149,4.69041095890411,2.0
C-000798698,S-0096,-7.711021702376258,0,3,男性,46,9,12,0.0833333333333333,151006,2,16,4644856.458098179,8.302739726027397,5.0
C-000400893,S-0115,-62.38055501014465,1,3,女性,20,11,12,0.1666666666666666,21133,1,14,4553643.099564746,10.51095890410959,7.0
C-000736377,S-0039,-24.23029520164014,0,3,女性,60,9,12,0.8333333333333334,0,0,16,4591288.568998441,8.193150684931506,5.0
C-001806401,S-0018,-100.0,1,3,男性,48,4,12,0.25,0,0,16,4493108.581950108,7.550684931506849,5.0
C-000026916,S-0039,-28.9882703124024,0,3,男性,42,12,12,0.3333333333333333,0,0,16,4591288.568998441,8.193150684931506,5.0
C-000714682,S-0099,-43.27628944608637,0,3,女性,49,9,12,0.1666666666666666,0,0,13,4464126.154078853,8.147945205479452,5.0
C-001427416,S-0039,-46.482380774498814,0,3,女性,60,6,12,0.0,196646,2,16,4591288.568998441,8.193150684931506,5.0
C-001703192,S-0121,-28.961640436132136,0,3,女性,45,5,12,0.4166666666666667,34743,1,14,4716268.25678644,9.856164383561644,7.0
C-000759791,S-0097,-100.0,1,3,女性,20,9,12,0.8333333333333334,0,0,21,4592508.716501317,10.09041095890411,7.0
C-002072503,S-0113,-68.65540498731514,1,3,女性,62,3,12,0.0833333333333333,5833,1,16,4336633.961311346,5.77945205479452,2.5
C-002537689,S-0050,-46.91458308222013,0,3,男性,46,1,12,0.25,17222,1,20,4615411.181286601,9.2013698630137,6.0
C-001446944,S-0113,-32.365852352825705,0,3,女性,50,6,12,0.5833333333333334,6295,1,16,4336633.961311346,5.77945205479452,2.5
C-001258209,S-0074,-100.0,1,3,女性,37,7,12,0.1666666666666666,0,0,14,4614054.39694187,8.308219178082192,6.0
C-000306936,S-0040,-52.70792176691419,1,3,女性,59,11,12,0.0833333333333333,2511,1,20,4550116.0180538,8.163013698630138,4.0
C-000540108,S-0012,-55.86117475886711,1,3,女性,62,10,12,0.0833333333333333,49968,2,16,4444678.825084195,7.994520547945205,5.0
C-002446007,S-0004,-33.09471698221738,0,3,男性,79,2,12,0.1666666666666666,25399,1,22,4423576.351309,11.806849315068494,9.0
C-000844680,S-0062,-28.995975778502785,0,3,女性,27,9,12,0.6666666666666666,10127,1,15,4713869.782113416,4.575342465753424,1.0
C-001674365,S-0117,-100.0,1,3,女性,42,5,12,0.0833333333333333,29084,1,20,4500859.737076383,9.593150684931507,7.0
C-001043899,S-0121,-48.172853429424144,0,3,男性,50,8,12,0.25,0,0,14,4716268.25678644,9.856164383561644,7.0
C-001972535,S-0018,-28.193995040423314,0,3,女性,46,4,12,0.3333333333333333,41292,1,16,4493108.581950108,7.550684931506849,5.0
C-002541448,S-0036,-85.09614135939813,1,3,女性,51,1,12,0.4166666666666667,0,0,19,4397834.424680548,11.123287671232877,9.0
C-000445113,S-0030,-22.131324212077246,0,3,女性,60,11,12,0.25,0,0,22,4426478.045479023,9.236986301369862,5.5
C-002094013,S-0115,-100.0,1,3,女性,64,3,12,0.0833333333333333,0,0,14,4553643.099564746,10.51095890410959,7.0
C-001810365,S-0020,-25.835929506268997,0,3,女性,70,4,12,0.5,0,0,16,4280702.057267675,6.986301369863014,3.5
C-000845842,S-0115,-100.0,1,3,女性,60,9,12,0.1666666666666666,28200,1,14,4553643.099564746,10.51095890410959,7.0
C-002416569,S-0018,-15.408318452638644,0,3,男性,70,2,12,0.1666666666666666,7164,1,16,4493108.581950108,7.550684931506849,5.0
C-000415547,S-0131,-34.80862158607823,0,3,女性,48,11,12,0.6666666666666666,0,0,17,4569023.5643747775,5.13972602739726,2.0
C-000126895,S-0004,-100.0,1,3,女性,56,12,12,0.5833333333333334,0,0,22,4423576.351309,11.806849315068494,9.0
C-000851934,S-0036,-100.0,1,3,男性,19,9,12,0.0833333333333333,0,0,19,4397834.424680548,11.123287671232877,9.0
C-001343646,S-0106,-100.0,1,3,女性,21,7,12,0.3333333333333333,0,0,20,4462729.145118021,6.171232876712329,3.5
C-001223925,S-0036,-46.83490400840523,0,3,女性,27,7,12,0.1666666666666666,2293,2,19,4397834.424680548,11.123287671232877,9.0
C-001081318,S-0017,-100.0,1,3,女性,37,8,12,0.1666666666666666,0,0,20,4640207.03550726,5.608219178082192,2.5
C-001493144,S-0082,-100.0,1,3,女性,60,6,12,0.6666666666666666,0,0,17,4607261.71451126,4.758904109589041,2.0
C-000305227,S-0054,-60.77481525734101,1,3,女性,46,11,12,0.4166666666666667,0,0,23,4489160.181517739,6.358904109589041,4.0
C-001260710,S-0131,-100.0,1,3,女性,56,7,12,0.0833333333333333,1203,1,17,4569023.5643747775,5.13972602739726,2.0
C-000849756,S-0059,-25.644045266387334,0,3,女性,66,9,12,0.25,5985,1,14,4713188.969095345,6.8123287671232875,3.0
C-001423825,S-0121,-47.44046001595329,0,3,男性,42,6,12,0.1666666666666666,0,0,14,4716268.25678644,9.856164383561644,7.0
C-000354213,S-0012,-50.979411671114065,1,3,女性,48,11,12,0.3333333333333333,22278,1,16,4444678.825084195,7.994520547945205,5.0
C-001214540,S-0117,-56.603256064067445,1,3,女性,92,7,12,0.0833333333333333,0,0,20,4500859.737076383,9.593150684931507,7.0
C-000933928,S-0054,-13.895846378626592,0,3,男性,52,8,12,0.6666666666666666,0,0,23,4489160.181517739,6.358904109589041,4.0
C-001779152,S-0030,-54.12446446226519,1,3,男性,53,5,12,0.3333333333333333,0,0,22,4426478.045479023,9.236986301369862,5.5
C-001799192,S-0056,-100.0,1,3,女性,78,5,12,0.0833333333333333,0,0,15,4406070.585753419,7.528767123287671,4.0
C-000051198,S-0039,-56.33503940000507,1,3,女性,20,12,12,0.25,0,0,16,4591288.568998441,8.193150684931506,5.0
C-002107447,S-0096,-66.57190403550132,1,3,女性,42,3,12,0.0833333333333333,4175,2,16,4644856.458098179,8.302739726027397,5.0
C-000978179,S-0099,-30.898799180891224,0,3,男性,47,8,12,0.3333333333333333,25443,1,13,4464126.154078853,8.147945205479452,5.0
C-002398981,S-0054,-34.63495657141648,0,3,女性,56,2,12,0.3333333333333333,10173,1,23,4489160.181517739,6.358904109589041,4.0
C-000576250,S-0102,-99.67709551556048,1,3,女性,28,10,12,0.0,0,0,16,4383474.364435211,10.484931506849314,7.5
C-000147222,S-0039,-44.66035736129722,0,3,女性,54,12,12,0.1666666666666666,54165,1,16,4591288.568998441,8.193150684931506,5.0
C-000810880,S-0014,-100.0,1,3,女性,72,9,12,0.0,16169,1,21,4730192.353344672,7.336986301369863,4.0
C-000116972,S-0082,-33.67295468238437,0,3,男性,27,12,12,0.1666666666666666,33499,2,17,4607261.71451126,4.758904109589041,2.0
C-000970642,S-0115,-33.34407402420022,0,3,女性,42,8,12,0.25,51229,1,14,4553643.099564746,10.51095890410959,7.0
C-002177565,S-0017,-99.85779131234199,1,3,女性,59,3,12,0.4166666666666667,0,0,20,4640207.03550726,5.608219178082192,2.5
C-001694618,S-0097,-100.0,1,3,女性,49,5,12,0.25,3130,1,21,4592508.716501317,10.09041095890411,7.0
C-001458164,S-0008,-68.47018450909695,1,3,男性,50,6,12,0.4166666666666667,15269,1,22,4498453.308937302,10.772602739726027,7.0
C-001787788,S-0102,-44.12996845836602,0,3,男性,59,5,12,0.25,20830,1,16,4383474.364435211,10.484931506849314,7.5
C-001949833,S-0089,-51.19394662036261,1,3,男性,57,4,12,0.1666666666666666,47021,1,19,4721110.949352573,10.142465753424657,7.0
C-002275350,S-0126,-23.089111571227615,0,3,男性,27,2,12,0.75,0,0,17,4493168.352495564,5.53972602739726,3.0
C-001416581,S-0039,-24.900289642773913,0,3,男性,44,6,12,0.9166666666666666,0,0,16,4591288.568998441,8.193150684931506,5.0
C-000109813,S-0100,-14.100392653947303,0,3,男性,52,12,12,0.25,0,0,17,4535925.154217558,4.720547945205479,2.0
C-001552161,S-0020,-47.92708662867761,0,3,男性,41,6,12,0.1666666666666666,19413,1,16,4280702.057267675,6.986301369863014,3.5
C-002420223,S-0039,-30.660075444975554,0,3,男性,68,2,12,0.3333333333333333,20077,1,16,4591288.568998441,8.193150684931506,5.0
C-001818897,S-0113,-8.721548516373069,0,3,男性,55,4,12,0.25,0,0,16,4336633.961311346,5.77945205479452,2.5
C-000912317,S-0040,-14.59733942906053,0,3,女性,35,8,12,0.0833333333333333,0,0,20,4550116.0180538,8.163013698630138,4.0
C-002183290,S-0056,-84.69049621530698,1,3,男性,34,3,12,0.4166666666666667,3800,1,15,4406070.585753419,7.528767123287671,4.0
C-002577089,S-0102,-51.27156886876924,1,3,男性,43,1,12,0.3333333333333333,44127,1,16,4383474.364435211,10.484931506849314,7.5
C-000048274,S-0131,-46.662571662571665,0,3,女性,23,12,12,0.5833333333333334,22620,1,17,4569023.5643747775,5.13972602739726,2.0
C-001678560,S-0014,-57.988229260787804,1,3,女性,27,5,12,0.1666666666666666,3982,2,21,4730192.353344672,7.336986301369863,4.0
C-001176356,S-0018,-51.77746950409634,1,3,女性,41,7,12,0.1666666666666666,17533,1,16,4493108.581950108,7.550684931506849,5.0
C-001354995,S-0072,-44.809458540270235,0,3,女性,47,6,12,0.1666666666666666,9294,1,12,4406797.312641796,9.01917808219178,6.0
C-002218054,S-0111,-17.210173700853343,0,3,男性,57,3,12,0.25,16175,1,19,4489501.980758176,6.397260273972603,4.0
C-001044854,S-0111,-100.0,1,3,男性,34,8,12,0.25,0,0,19,4489501.980758176,6.397260273972603,4.0
C-000298494,S-0121,-40.854465916899926,0,3,女性,80,11,12,0.0833333333333333,7025,1,14,4716268.25678644,9.856164383561644,7.0
C-001722082,S-0096,-100.0,1,3,女性,40,5,12,0.0833333333333333,0,0,16,4644856.458098179,8.302739726027397,5.0
C-001279574,S-0096,-32.336248804524445,0,3,女性,67,7,12,0.1666666666666666,12677,1,16,4644856.458098179,8.302739726027397,5.0
C-000487604,S-0121,-66.98880127398351,1,3,女性,34,10,12,0.1666666666666666,0,0,14,4716268.25678644,9.856164383561644,7.0
C-002340238,S-0111,-32.74165989842584,0,3,女性,40,2,12,0.0833333333333333,11859,2,19,4489501.980758176,6.397260273972603,4.0
C-000863411,S-0082,-100.0,1,3,女性,68,9,12,0.25,50982,1,17,4607261.71451126,4.758904109589041,2.0
C-000374030,S-0054,-19.299366108352363,0,3,男性,39,11,12,0.0,0,0,23,4489160.181517739,6.358904109589041,4.0
C-001185882,S-0030,-39.64499313075693,0,3,男性,62,7,12,0.25,9208,1,22,4426478.045479023,9.236986301369862,5.5
C-002199105,S-0117,-30.54127892979389,0,3,男性,38,3,12,0.5,10755,2,20,4500859.737076383,9.593150684931507,7.0
C-001154747,S-0115,-56.038256060345745,1,3,女性,49,7,12,0.1666666666666666,8589,1,14,4553643.099564746,10.51095890410959,7.0
C-001153141,S-0115,-45.03352454741861,0,3,女性,70,7,12,0.4166666666666667,2431,1,14,4553643.099564746,10.51095890410959,7.0
C-000012553,S-0050,-100.0,1,3,女性,63,12,12,0.5,0,0,20,4615411.181286601,9.2013698630137,6.0
C-000678680,S-0012,-92.80632411067194,1,3,男性,58,9,12,0.1666666666666666,9939,1,16,4444678.825084195,7.994520547945205,5.0
C-000142422,S-0056,-30.49533772276165,0,3,女性,57,12,12,0.1666666666666666,63169,2,15,4406070.585753419,7.528767123287671,4.0
C-001510394,S-0012,-57.065083091369615,1,3,男性,18,6,12,0.3333333333333333,64501,1,16,4444678.825084195,7.994520547945205,5.0
C-000536666,S-0085,-21.009835185514763,0,3,女性,59,10,12,0.5833333333333334,12515,1,15,4606655.398026554,4.928767123287671,2.0
C-000497845,S-0131,-45.1070188120383,0,3,男性,68,10,12,0.1666666666666666,0,0,17,4569023.5643747775,5.13972602739726,2.0
C-001275439,S-0018,-100.0,1,3,女性,76,7,12,0.0,25047,2,16,4493108.581950108,7.550684931506849,5.0
C-000382669,S-0082,-47.00254534451149,0,3,女性,73,11,12,0.3333333333333333,7340,1,17,4607261.71451126,4.758904109589041,2.0
C-001735414,S-0072,-31.995726512120363,0,3,女性,55,5,12,0.1666666666666666,5131,1,12,4406797.312641796,9.01917808219178,6.0
C-002449331,S-0020,-27.17907054331575,0,3,男性,44,2,12,0.3333333333333333,24955,1,16,4280702.057267675,6.986301369863014,3.5
C-001280979,S-0004,-77.9169743211092,1,3,女性,66,7,12,0.75,0,0,22,4423576.351309,11.806849315068494,9.0
C-002329222,S-0096,-100.0,1,3,男性,55,2,12,0.25,52495,1,16,4644856.458098179,8.302739726027397,5.0
C-000163853,S-0113,-23.2984796972224,0,3,男性,41,12,12,0.3333333333333333,1844,1,16,4336633.961311346,5.77945205479452,2.5
C-000166807,S-0050,-70.21625725551665,1,3,女性,58,12,12,0.25,1551,1,20,4615411.181286601,9.2013698630137,6.0
C-001649981,S-0018,-95.62310502993081,1,3,女性,52,5,12,0.25,0,0,16,4493108.581950108,7.550684931506849,5.0
C-001927080,S-0106,-26.340199821176867,0,3,男性,35,4,12,0.25,0,0,20,4462729.145118021,6.171232876712329,3.5
C-002190938,S-0007,-26.756608965614564,0,3,男性,57,3,12,0.4166666666666667,8941,2,21,4487075.727367008,3.7260273972602738,1.0
C-000271664,S-0017,-30.128736112067262,0,3,女性,31,11,12,0.0833333333333333,0,0,20,4640207.03550726,5.608219178082192,2.5
C-002082999,S-0020,-20.889730300335824,0,3,男性,33,3,12,0.0833333333333333,12690,2,16,4280702.057267675,6.986301369863014,3.5
C-000990433,S-0126,-100.0,1,3,女性,55,8,12,0.5,34376,1,17,4493168.352495564,5.53972602739726,3.0
C-000074486,S-0048,-64.29115853658537,1,3,男性,52,12,12,0.6666666666666666,7712,2,15,4502249.082895545,3.671232876712329,1.0
C-002189204,S-0062,-21.21123173548011,0,3,女性,23,3,12,0.1666666666666666,0,0,15,4713869.782113416,4.575342465753424,1.0
C-000461883,S-0041,-95.27934388325278,1,3,女性,53,10,12,0.1666666666666666,53046,1,17,4828489.286769263,10.389041095890411,7.0
C-001644077,S-0096,-100.0,1,3,女性,24,5,12,0.1666666666666666,8542,1,16,4644856.458098179,8.302739726027397,5.0
C-002447658,S-0007,-98.63778273335457,1,3,男性,39,2,12,0.1666666666666666,0,0,21,4487075.727367008,3.7260273972602738,1.0
C-000539221,S-0074,-100.0,1,3,男性,37,10,12,0.0833333333333333,0,0,14,4614054.39694187,8.308219178082192,6.0
C-000473873,S-0012,-73.8945136133534,1,3,女性,45,10,12,0.25,0,0,16,4444678.825084195,7.994520547945205,5.0
C-001969319,S-0117,-62.51269321900034,1,3,男性,33,4,12,0.25,9069,1,20,4500859.737076383,9.593150684931507,7.0
C-002108060,S-0072,-97.33149546095777,1,3,男性,55,3,12,0.1666666666666666,19289,1,12,4406797.312641796,9.01917808219178,6.0
C-001954873,S-0089,-38.37456779128248,0,3,女性,56,4,12,0.1666666666666666,0,0,19,4721110.949352573,10.142465753424657,7.0
C-002516624,S-0063,-72.93944755440826,1,3,男性,56,1,12,0.5833333333333334,0,0,18,4564012.176421695,5.749315068493151,3.0
C-000988427,S-0102,-35.35218745741847,0,3,女性,24,8,12,0.25,0,0,16,4383474.364435211,10.484931506849314,7.5
C-000946005,S-0004,-100.0,1,3,女性,49,8,12,0.25,10273,1,22,4423576.351309,11.806849315068494,9.0
C-001778082,S-0115,-46.12840523368824,0,3,女性,49,5,12,0.1666666666666666,19984,2,14,4553643.099564746,10.51095890410959,7.0
C-001218002,S-0039,-100.0,1,3,女性,51,7,12,0.75,23344,1,16,4591288.568998441,8.193150684931506,5.0
C-002576737,S-0082,-29.852159498603054,0,3,女性,68,1,12,0.0833333333333333,3894,2,17,4607261.71451126,4.758904109589041,2.0
C-000320290,S-0014,-57.0055323489773,1,3,女性,41,11,12,0.1666666666666666,34061,1,21,4730192.353344672,7.336986301369863,4.0
C-001495588,S-0080,-100.0,1,3,女性,67,6,12,0.0833333333333333,3093,1,17,4457429.264950683,11.673972602739726,9.0
C-000469395,S-0036,-50.856527528893416,1,3,女性,70,10,12,0.3333333333333333,3827,1,19,4397834.424680548,11.123287671232877,9.0
C-001167846,S-0102,-48.10023431618304,0,3,男性,58,7,12,0.1666666666666666,0,0,16,4383474.364435211,10.484931506849314,7.5
C-000925968,S-0036,-31.54328082757281,0,3,男性,44,8,12,0.5,22033,1,19,4397834.424680548,11.123287671232877,9.0
C-001556013,S-0012,-23.73158349848365,0,3,女性,70,6,12,0.25,1135,1,16,4444678.825084195,7.994520547945205,5.0
C-000232722,S-0040,-17.141162771570922,0,3,女性,57,11,12,0.1666666666666666,0,0,20,4550116.0180538,8.163013698630138,4.0
C-002521213,S-0100,-73.5567824882455,1,3,女性,31,1,12,0.5833333333333334,39279,1,17,4535925.154217558,4.720547945205479,2.0
C-000303844,S-0056,-19.984405759061257,0,3,女性,31,11,12,0.5833333333333334,2898,1,15,4406070.585753419,7.528767123287671,4.0
C-001418224,S-0074,-100.0,1,3,女性,54,6,12,0.1666666666666666,0,0,14,4614054.39694187,8.308219178082192,6.0
C-001232441,S-0074,-95.45547699559381,1,3,女性,67,7,12,0.0833333333333333,10481,2,14,4614054.39694187,8.308219178082192,6.0
C-000485452,S-0056,-100.0,1,3,男性,59,10,12,0.3333333333333333,0,0,15,4406070.585753419,7.528767123287671,4.0
C-001226228,S-0014,-100.0,1,3,男性,42,7,12,0.1666666666666666,33547,1,21,4730192.353344672,7.336986301369863,4.0
C-000625837,S-0008,-85.61056105610561,1,3,女性,35,10,12,0.25,187620,2,22,4498453.308937302,10.772602739726027,7.0
C-001165851,S-0099,-26.14579987257552,0,3,男性,45,7,12,0.3333333333333333,0,0,13,4464126.154078853,8.147945205479452,5.0
C-002610652,S-0036,-100.0,1,3,女性,18,1,12,0.3333333333333333,0,0,19,4397834.424680548,11.123287671232877,9.0
C-002480779,S-0018,-64.68103827540695,1,3,男性,52,1,12,0.0833333333333333,9872,1,16,4493108.581950108,7.550684931506849,5.0
C-002651780,S-0096,-30.792524683056083,0,3,女性,56,1,12,0.0,4774,1,16,4644856.458098179,8.302739726027397,5.0
C-000289468,S-0004,-100.0,1,3,女性,71,11,12,0.0833333333333333,17141,1,22,4423576.351309,11.806849315068494,9.0
C-002328955,S-0036,-49.16261480280929,1,3,女性,74,2,12,0.25,0,0,19,4397834.424680548,11.123287671232877,9.0
C-000379966,S-0040,-50.65226762256959,1,3,女性,48,11,12,0.0833333333333333,0,0,20,4550116.0180538,8.163013698630138,4.0
C-001429316,S-0100,-43.6262207960717,0,3,女性,58,6,12,0.25,0,0,17,4535925.154217558,4.720547945205479,2.0
C-002576794,S-0041,-43.1379877773517,0,3,女性,55,1,12,0.25,0,0,17,4828489.286769263,10.389041095890411,7.0
C-002367208,S-0075,-28.32675411660994,0,3,女性,37,2,12,0.0,57088,1,19,4506647.2743158825,4.526027397260274,1.0
C-002305952,S-0014,-70.47759689883806,1,3,女性,51,2,12,0.0833333333333333,12820,1,21,4730192.353344672,7.336986301369863,4.0
C-000173003,S-0054,-58.6293125111088,1,3,女性,49,12,12,0.25,145439,1,23,4489160.181517739,6.358904109589041,4.0
C-000158613,S-0131,-46.52511113690149,0,3,男性,60,12,12,0.3333333333333333,2782,1,17,4569023.5643747775,5.13972602739726,2.0
C-001195505,S-0014,-71.7249695432734,1,3,女性,32,7,12,0.1666666666666666,73436,1,21,4730192.353344672,7.336986301369863,4.0
C-002072325,S-0030,-67.00776207454938,1,3,男性,57,3,12,0.75,0,0,22,4426478.045479023,9.236986301369862,5.5
C-000625280,S-0036,-100.0,1,3,男性,33,10,12,0.25,0,0,19,4397834.424680548,11.123287671232877,9.0
C-000568644,S-0012,-77.80477339147377,1,3,女性,67,10,12,0.1666666666666666,12011,2,16,4444678.825084195,7.994520547945205,5.0
C-000923526,S-0100,-34.502749550883834,0,3,男性,52,8,12,0.25,0,0,17,4535925.154217558,4.720547945205479,2.0
C-002090662,S-0050,-10.158870719155875,0,3,男性,42,3,12,0.3333333333333333,0,0,20,4615411.181286601,9.2013698630137,6.0
C-002487347,S-0117,-83.16774851894894,1,3,男性,38,1,12,0.1666666666666666,2661,2,20,4500859.737076383,9.593150684931507,7.0
C-000559307,S-0017,-20.74416196278231,0,3,男性,43,10,12,0.1666666666666666,14849,1,20,4640207.03550726,5.608219178082192,2.5
C-001465446,S-0018,-11.90653928174637,0,3,男性,51,6,12,0.0,0,0,16,4493108.581950108,7.550684931506849,5.0
C-001186116,S-0096,-18.80312768214964,0,3,女性,56,7,12,0.25,8856,2,16,4644856.458098179,8.302739726027397,5.0
C-000719966,S-0099,-27.15483575577481,0,3,男性,57,9,12,0.25,0,0,13,4464126.154078853,8.147945205479452,5.0
C-002097753,S-0002,-51.94873323397914,1,3,女性,27,3,12,0.5,14322,2,15,4455566.655169959,5.663013698630137,2.0
C-002356396,S-0117,-63.69734578282975,1,3,男性,39,2,12,0.25,0,0,20,4500859.737076383,9.593150684931507,7.0
C-001002919,S-0072,-28.315249002558872,0,3,女性,62,8,12,0.25,2644,2,12,4406797.312641796,9.01917808219178,6.0
C-002132427,S-0082,-41.7176806798526,0,3,男性,50,3,12,0.6666666666666666,0,0,17,4607261.71451126,4.758904109589041,2.0
C-000006112,S-0056,-16.21327307006565,0,3,男性,58,12,12,0.4166666666666667,992,1,15,4406070.585753419,7.528767123287671,4.0
C-001672591,S-0056,-100.0,1,3,男性,47,5,12,0.3333333333333333,0,0,15,4406070.585753419,7.528767123287671,4.0
C-000814954,S-0106,-89.3857927462849,1,3,男性,35,9,12,0.0,0,0,20,4462729.145118021,6.171232876712329,3.5
C-000377106,S-0096,-70.85969722063659,1,3,男性,48,11,12,0.4166666666666667,7541,1,16,4644856.458098179,8.302739726027397,5.0
C-000964453,S-0115,-23.986705221857235,0,3,男性,54,8,12,0.0,0,0,14,4553643.099564746,10.51095890410959,7.0
C-001066146,S-0117,-93.57361334468514,1,3,女性,38,8,12,0.0833333333333333,0,0,20,4500859.737076383,9.593150684931507,7.0
C-001533821,S-0099,-33.16559029902622,0,3,女性,33,6,12,0.3333333333333333,26470,1,13,4464126.154078853,8.147945205479452,5.0
C-000020755,S-0113,-24.393138058275436,0,3,男性,58,12,12,0.4166666666666667,15945,1,16,4336633.961311346,5.77945205479452,2.5
C-000914894,S-0004,-37.00248575204187,0,3,女性,66,8,12,0.25,32234,2,22,4423576.351309,11.806849315068494,9.0
C-000469359,S-0117,-28.24322110172668,0,3,女性,53,10,12,0.25,0,0,20,4500859.737076383,9.593150684931507,7.0
C-001427814,S-0079,-100.0,1,3,女性,78,6,12,0.3333333333333333,4945,2,13,4256656.371085242,8.479452054794521,6.0
C-000747339,S-0036,-42.21158659536742,0,3,女性,46,9,12,0.0833333333333333,8839,1,19,4397834.424680548,11.123287671232877,9.0
C-000022009,S-0012,-45.556228642955396,0,3,女性,42,12,12,0.1666666666666666,2135,2,16,4444678.825084195,7.994520547945205,5.0
C-002183655,S-0131,-100.0,1,3,女性,44,3,12,0.1666666666666666,0,0,17,4569023.5643747775,5.13972602739726,2.0
C-000300914,S-0099,-63.07895653947827,1,3,女性,35,11,12,0.25,0,0,13,4464126.154078853,8.147945205479452,5.0
C-000533585,S-0126,-11.437854796975612,0,3,女性,75,10,12,0.5833333333333334,0,0,17,4493168.352495564,5.53972602739726,3.0
C-002594550,S-0074,-8.941667203897333,0,3,女性,44,1,12,0.0,11045,1,14,4614054.39694187,8.308219178082192,6.0
C-002040964,S-0113,-59.43248791146342,1,3,男性,41,3,12,0.1666666666666666,25698,2,16,4336633.961311346,5.77945205479452,2.5
C-000571952,S-0039,-66.57533274179237,1,3,女性,48,10,12,0.1666666666666666,0,0,16,4591288.568998441,8.193150684931506,5.0
C-000793402,S-0056,-34.11770164720439,0,3,女性,49,9,12,0.6666666666666666,0,0,15,4406070.585753419,7.528767123287671,4.0
C-002217452,S-0014,-20.99731289219193,0,3,男性,61,3,12,0.0833333333333333,12714,1,21,4730192.353344672,7.336986301369863,4.0
C-000930939,S-0121,-11.853839495486582,0,3,男性,47,8,12,0.5,0,0,14,4716268.25678644,9.856164383561644,7.0
C-001327950,S-0117,-100.0,1,3,男性,62,7,12,0.0833333333333333,59553,2,20,4500859.737076383,9.593150684931507,7.0
C-001425341,S-0004,-100.0,1,3,女性,60,6,12,0.6666666666666666,0,0,22,4423576.351309,11.806849315068494,9.0
C-000070297,S-0050,-39.44811366002182,0,3,男性,54,12,12,0.25,22860,2,20,4615411.181286601,9.2013698630137,6.0
C-002359346,S-0048,-100.0,1,3,男性,55,2,12,0.1666666666666666,0,0,15,4502249.082895545,3.671232876712329,1.0
C-001752544,S-0036,-42.699787532606926,0,3,女性,69,5,12,0.1666666666666666,0,0,19,4397834.424680548,11.123287671232877,9.0
C-000569254,S-0100,-35.6883002458469,0,3,男性,27,10,12,0.3333333333333333,0,0,17,4535925.154217558,4.720547945205479,2.0
C-001369965,S-0018,-100.0,1,3,女性,41,6,12,0.1666666666666666,12083,1,16,4493108.581950108,7.550684931506849,5.0
C-001338890,S-0054,-100.0,1,3,男性,54,7,12,0.1666666666666666,176160,2,23,4489160.181517739,6.358904109589041,4.0
C-002237875,S-0115,-85.29626350274482,1,3,女性,32,3,12,0.1666666666666666,0,0,14,4553643.099564746,10.51095890410959,7.0
C-000240202,S-0131,-27.109207856620728,0,3,女性,49,11,12,0.0,53998,1,17,4569023.5643747775,5.13972602739726,2.0
C-000745702,S-0097,-100.0,1,3,女性,50,9,12,0.0,116473,2,21,4592508.716501317,10.09041095890411,7.0
C-001674910,S-0050,-32.24472080794592,0,3,男性,58,5,12,0.1666666666666666,17910,1,20,4615411.181286601,9.2013698630137,6.0
C-001394065,S-0111,-26.367157063620777,0,3,男性,51,6,12,0.3333333333333333,0,0,19,4489501.980758176,6.397260273972603,4.0
C-001456337,S-0106,-46.85620022535857,0,3,女性,22,6,12,0.3333333333333333,0,0,20,4462729.145118021,6.171232876712329,3.5
C-001521439,S-0097,-100.0,1,3,男性,70,6,12,0.3333333333333333,0,0,21,4592508.716501317,10.09041095890411,7.0
C-002612256,S-0074,-99.63672232112785,1,3,女性,53,1,12,0.0833333333333333,1405,2,14,4614054.39694187,8.308219178082192,6.0
C-002422739,S-0036,-100.0,1,3,男性,45,2,12,0.3333333333333333,0,0,19,4397834.424680548,11.123287671232877,9.0
C-000081395,S-0097,-100.0,1,3,女性,79,12,12,0.25,8898,1,21,4592508.716501317,10.09041095890411,7.0
C-000536417,S-0115,-31.55461489715711,0,3,女性,26,10,12,0.25,0,0,14,4553643.099564746,10.51095890410959,7.0
C-002136742,S-0117,-100.0,1,3,男性,50,3,12,0.0,0,0,20,4500859.737076383,9.593150684931507,7.0
C-000481008,S-0082,-100.0,1,3,男性,48,10,12,0.5,0,0,17,4607261.71451126,4.758904109589041,2.0
C-000239923,S-0008,-26.947437008895786,0,3,男性,46,11,12,0.4166666666666667,6749,2,22,4498453.308937302,10.772602739726027,7.0
C-000499297,S-0100,-82.37218022130295,1,3,女性,17,10,12,0.5833333333333334,2951,2,17,4535925.154217558,4.720547945205479,2.0
C-000196368,S-0126,-28.034921187842897,0,3,女性,50,12,12,0.3333333333333333,8222,1,17,4493168.352495564,5.53972602739726,3.0
C-002579410,S-0079,-100.0,1,3,男性,47,1,12,0.0,11360,1,13,4256656.371085242,8.479452054794521,6.0
C-001408020,S-0005,-31.980837242633154,0,3,女性,62,6,12,0.8333333333333334,0,0,21,4733942.970761149,4.69041095890411,2.0
C-001031132,S-0121,-17.856919912362038,0,3,男性,56,8,12,0.25,44094,2,14,4716268.25678644,9.856164383561644,7.0
C-001898606,S-0079,-46.75578417520311,0,3,男性,45,4,12,0.1666666666666666,5508,2,13,4256656.371085242,8.479452054794521,6.0
C-001793532,S-0020,-32.2393445336423,0,3,女性,46,5,12,0.3333333333333333,4455,1,16,4280702.057267675,6.986301369863014,3.5
C-002445189,S-0126,-38.01558752997602,0,3,男性,62,2,12,0.4166666666666667,0,0,17,4493168.352495564,5.53972602739726,3.0
C-000471606,S-0012,-100.0,1,3,男性,64,10,12,0.1666666666666666,18793,2,16,4444678.825084195,7.994520547945205,5.0
C-000551332,S-0002,-85.20466839885844,1,3,男性,58,10,12,0.4166666666666667,0,0,15,4455566.655169959,5.663013698630137,2.0
C-000321174,S-0079,-97.03573403025581,1,3,女性,46,11,12,0.5,28659,2,13,4256656.371085242,8.479452054794521,6.0
C-000881699,S-0072,-36.57101062003918,0,3,女性,31,9,12,0.5,24571,2,12,4406797.312641796,9.01917808219178,6.0
C-001382606,S-0115,-19.089258659422182,0,3,男性,25,6,12,0.1666666666666666,45051,1,14,4553643.099564746,10.51095890410959,7.0
C-001192281,S-0036,-56.34249537718996,1,3,女性,55,7,12,0.4166666666666667,0,0,19,4397834.424680548,11.123287671232877,9.0
C-001010499,S-0099,-14.465685397750585,0,3,男性,44,8,12,0.0,0,0,13,4464126.154078853,8.147945205479452,5.0
C-002453043,S-0018,-92.481872259129,1,3,女性,43,2,12,0.0833333333333333,40772,1,16,4493108.581950108,7.550684931506849,5.0
C-001600549,S-0089,-60.900320385903015,1,3,女性,39,5,12,0.0833333333333333,74598,1,19,4721110.949352573,10.142465753424657,7.0
C-001084988,S-0097,-100.0,1,3,女性,50,8,12,0.1666666666666666,15192,1,21,4592508.716501317,10.09041095890411,7.0
C-001405526,S-0030,-90.3568673928175,1,3,女性,41,6,12,0.1666666666666666,0,0,22,4426478.045479023,9.236986301369862,5.5
C-002565309,S-0113,-100.0,1,3,男性,38,1,12,0.0,8528,1,16,4336633.961311346,5.77945205479452,2.5
C-001977521,S-0056,-67.05885600706713,1,3,女性,40,4,12,0.25,35998,2,15,4406070.585753419,7.528767123287671,4.0
C-002462125,S-0056,-36.17279916345337,0,3,女性,59,2,12,0.4166666666666667,0,0,15,4406070.585753419,7.528767123287671,4.0
C-000360237,S-0007,-100.0,1,3,女性,58,11,12,0.0833333333333333,0,0,21,4487075.727367008,3.7260273972602738,1.0
C-001349044,S-0079,-13.531931914389553,0,3,女性,57,7,12,0.0833333333333333,59996,1,13,4256656.371085242,8.479452054794521,6.0
C-000390461,S-0126,-79.0880765236123,1,3,男性,42,11,12,0.0833333333333333,0,0,17,4493168.352495564,5.53972602739726,3.0
C-000296083,S-0020,-73.31582668417332,1,3,女性,33,11,12,0.3333333333333333,0,0,16,4280702.057267675,6.986301369863014,3.5
C-001188072,S-0036,-100.0,1,3,女性,60,7,12,0.8333333333333334,12796,1,19,4397834.424680548,11.123287671232877,9.0
C-001863665,S-0007,-100.0,1,3,女性,68,4,12,0.3333333333333333,0,0,21,4487075.727367008,3.7260273972602738,1.0
C-000635712,S-0097,-83.10214627714478,1,3,女性,61,10,12,0.0833333333333333,39793,2,21,4592508.716501317,10.09041095890411,7.0
C-000137651,S-0004,-65.07506087376491,1,3,女性,31,12,12,0.0,7536,1,22,4423576.351309,11.806849315068494,9.0
C-002250372,S-0063,-100.0,1,3,女性,50,2,12,0.0,0,0,18,4564012.176421695,5.749315068493151,3.0
C-000321673,S-0074,-34.578585357441334,0,3,男性,15,11,12,0.25,2589,2,14,4614054.39694187,8.308219178082192,6.0
C-000657483,S-0096,-30.86270729366204,0,3,女性,51,10,12,0.1666666666666666,14222,1,16,4644856.458098179,8.302739726027397,5.0
C-001044058,S-0012,-100.0,1,3,男性,52,8,12,0.5833333333333334,0,0,16,4444678.825084195,7.994520547945205,5.0
C-000271378,S-0111,-100.0,1,3,男性,58,11,12,0.0833333333333333,0,0,19,4489501.980758176,6.397260273972603,4.0
C-000278565,S-0063,-42.26826024310045,0,3,女性,58,11,12,0.0833333333333333,0,0,18,4564012.176421695,5.749315068493151,3.0
C-001654911,S-0100,-86.60750479320734,1,3,女性,66,5,12,0.5833333333333334,0,0,17,4535925.154217558,4.720547945205479,2.0
C-002285131,S-0097,-100.0,1,3,女性,41,2,12,0.0833333333333333,7878,2,21,4592508.716501317,10.09041095890411,7.0
C-002633804,S-0126,-32.22675178022163,0,3,男性,58,1,12,0.3333333333333333,0,0,17,4493168.352495564,5.53972602739726,3.0
C-002525277,S-0062,-92.74516952242071,1,3,女性,66,1,12,0.5833333333333334,9714,1,15,4713869.782113416,4.575342465753424,1.0
C-002089651,S-0079,-100.0,1,3,女性,51,3,12,0.1666666666666666,2790,1,13,4256656.371085242,8.479452054794521,6.0
C-000726484,S-0050,-40.85216656286146,0,3,女性,44,9,12,0.1666666666666666,0,0,20,4615411.181286601,9.2013698630137,6.0
C-001888180,S-0014,-36.26630521140799,0,3,男性,58,4,12,0.3333333333333333,46451,2,21,4730192.353344672,7.336986301369863,4.0
C-000292480,S-0030,-18.525575186598996,0,3,女性,51,11,12,0.0,11977,1,22,4426478.045479023,9.236986301369862,5.5
C-002484890,S-0106,-100.0,1,3,女性,43,1,12,0.0833333333333333,0,0,20,4462729.145118021,6.171232876712329,3.5
C-002170829,S-0131,-7.343036552744082,0,3,女性,57,3,12,0.5833333333333334,3685,1,17,4569023.5643747775,5.13972602739726,2.0
C-001475327,S-0054,-35.361719486292216,0,3,女性,60,6,12,0.25,25097,1,23,4489160.181517739,6.358904109589041,4.0
C-002629550,S-0080,-91.65270609851657,1,3,女性,48,1,12,0.0833333333333333,16542,1,17,4457429.264950683,11.673972602739726,9.0
C-002586729,S-0012,-35.711643952696924,0,3,女性,64,1,12,0.0,23807,1,16,4444678.825084195,7.994520547945205,5.0
C-000586875,S-0097,-89.2024492024492,1,3,女性,51,10,12,0.5,75469,1,21,4592508.716501317,10.09041095890411,7.0
C-000073198,S-0007,-100.0,1,3,男性,79,12,12,0.1666666666666666,4505,1,21,4487075.727367008,3.7260273972602738,1.0
C-001763117,S-0004,-14.11082237847753,0,3,男性,53,5,12,0.3333333333333333,3892,1,22,4423576.351309,11.806849315068494,9.0
C-002118759,S-0048,-56.653024449742674,1,3,女性,43,3,12,0.25,30381,1,15,4502249.082895545,3.671232876712329,1.0
C-002067983,S-0131,-34.596071325734435,0,3,男性,48,3,12,0.1666666666666666,15219,1,17,4569023.5643747775,5.13972602739726,2.0
C-002380658,S-0089,-39.25811593665644,0,3,女性,44,2,12,0.1666666666666666,33315,2,19,4721110.949352573,10.142465753424657,7.0
C-001009882,S-0099,-98.53714327879133,1,3,男性,47,8,12,0.25,73464,1,13,4464126.154078853,8.147945205479452,5.0
C-000910541,S-0099,-49.08696141989533,1,3,男性,48,8,12,0.1666666666666666,1821,1,13,4464126.154078853,8.147945205479452,5.0
C-000358685,S-0048,-97.55651033720653,1,3,男性,31,11,12,0.25,49703,1,15,4502249.082895545,3.671232876712329,1.0
C-001643910,S-0050,-40.34739111686071,0,3,男性,44,5,12,0.25,12712,1,20,4615411.181286601,9.2013698630137,6.0
C-001896429,S-0106,-37.56934877313177,0,3,女性,45,4,12,0.4166666666666667,25823,2,20,4462729.145118021,6.171232876712329,3.5
C-002512700,S-0018,-83.77231710206104,1,3,男性,49,1,12,0.1666666666666666,5237,1,16,4493108.581950108,7.550684931506849,5.0
C-001809275,S-0020,-29.57764015254573,0,3,男性,50,4,12,0.25,4713,1,16,4280702.057267675,6.986301369863014,3.5
C-001727352,S-0036,-100.0,1,3,男性,49,5,12,0.25,6830,2,19,4397834.424680548,11.123287671232877,9.0
C-001340417,S-0063,-36.25985635951689,0,3,男性,37,7,12,0.0,19772,1,18,4564012.176421695,5.749315068493151,3.0
C-000830556,S-0115,-54.59020258984889,1,3,女性,62,9,12,0.0,0,0,14,4553643.099564746,10.51095890410959,7.0
C-001662540,S-0063,-27.520245322735732,0,3,男性,44,5,12,0.25,51517,2,18,4564012.176421695,5.749315068493151,3.0
C-002515111,S-0121,-49.82108686899759,1,3,男性,31,1,12,0.3333333333333333,9687,1,14,4716268.25678644,9.856164383561644,7.0
C-000720237,S-0040,-100.0,1,3,男性,61,9,12,0.3333333333333333,0,0,20,4550116.0180538,8.163013698630138,4.0
C-000113008,S-0115,-34.108042268821805,0,3,男性,59,12,12,0.25,16904,1,14,4553643.099564746,10.51095890410959,7.0
C-002131450,S-0080,-73.97293894188702,1,3,男性,45,3,12,0.1666666666666666,111289,1,17,4457429.264950683,11.673972602739726,9.0
C-001792882,S-0074,-100.0,1,3,女性,43,5,12,0.0833333333333333,0,0,14,4614054.39694187,8.308219178082192,6.0
C-001921144,S-0096,-45.11942732518158,0,3,女性,56,4,12,0.1666666666666666,291751,2,16,4644856.458098179,8.302739726027397,5.0
C-001036106,S-0113,-100.0,1,3,女性,43,8,12,0.1666666666666666,0,0,16,4336633.961311346,5.77945205479452,2.5
C-001332814,S-0106,-100.0,1,3,女性,47,7,12,0.0,0,0,20,4462729.145118021,6.171232876712329,3.5
C-000874257,S-0020,-16.2343141971991,0,3,女性,44,9,12,0.4166666666666667,3018,1,16,4280702.057267675,6.986301369863014,3.5
C-001363314,S-0008,-23.787273416534482,0,3,女性,31,6,12,0.5833333333333334,0,0,22,4498453.308937302,10.772602739726027,7.0
C-002151258,S-0113,-51.62915151017879,1,3,女性,42,3,12,0.25,1523,1,16,4336633.961311346,5.77945205479452,2.5
C-002581409,S-0014,-31.171368222415218,0,3,女性,57,1,12,0.25,163779,1,21,4730192.353344672,7.336986301369863,4.0
C-002528208,S-0018,-46.69131480360561,0,3,男性,46,1,12,0.3333333333333333,28502,1,16,4493108.581950108,7.550684931506849,5.0
C-001751551,S-0106,-49.24193721204328,1,3,女性,40,5,12,0.3333333333333333,3281,1,20,4462729.145118021,6.171232876712329,3.5
C-000043245,S-0102,-35.92666782542292,0,3,男性,23,12,12,0.3333333333333333,4033,2,16,4383474.364435211,10.484931506849314,7.5
C-001778750,S-0054,-100.0,1,3,女性,50,5,12,0.5833333333333334,0,0,23,4489160.181517739,6.358904109589041,4.0
C-002522858,S-0059,-75.31505339788754,1,3,男性,45,1,12,0.25,0,0,14,4713188.969095345,6.8123287671232875,3.0
C-002094665,S-0111,-67.23843396437773,1,3,女性,45,3,12,0.25,11381,1,19,4489501.980758176,6.397260273972603,4.0
C-001444433,S-0063,-60.22884357310785,1,3,男性,18,6,12,0.4166666666666667,53533,2,18,4564012.176421695,5.749315068493151,3.0
C-001856426,S-0072,-18.875016025893345,0,3,男性,75,4,12,0.3333333333333333,22854,1,12,4406797.312641796,9.01917808219178,6.0
C-000392196,S-0096,-44.55291360908497,0,3,女性,59,11,12,0.0833333333333333,0,0,16,4644856.458098179,8.302739726027397,5.0
C-000046231,S-0041,-100.0,1,3,男性,60,12,12,0.3333333333333333,4319,1,17,4828489.286769263,10.389041095890411,7.0
C-000917303,S-0075,-100.0,1,3,男性,55,8,12,0.9166666666666666,0,0,19,4506647.2743158825,4.526027397260274,1.0
C-002116220,S-0040,-32.64442414122639,0,3,男性,40,3,12,0.5,47619,1,20,4550116.0180538,8.163013698630138,4.0
C-001884506,S-0080,-100.0,1,3,男性,41,4,12,0.25,2828,1,17,4457429.264950683,11.673972602739726,9.0
C-000139841,S-0131,-44.75219647884935,0,3,女性,70,12,12,0.4166666666666667,0,0,17,4569023.5643747775,5.13972602739726,2.0
C-001963948,S-0117,-95.9592233660843,1,3,女性,61,4,12,0.4166666666666667,5490,1,20,4500859.737076383,9.593150684931507,7.0
C-001300991,S-0106,-98.2196410720236,1,3,男性,44,7,12,0.5833333333333334,0,0,20,4462729.145118021,6.171232876712329,3.5
C-000606876,S-0054,-100.0,1,3,女性,57,10,12,0.3333333333333333,13538,2,23,4489160.181517739,6.358904109589041,4.0
C-000930678,S-0054,-95.9949850247266,1,3,男性,52,8,12,0.25,0,0,23,4489160.181517739,6.358904109589041,4.0
C-000426578,S-0079,-14.196304672360293,0,3,男性,43,11,12,0.0833333333333333,6336,2,13,4256656.371085242,8.479452054794521,6.0
C-002308662,S-0096,-13.649046818979722,0,3,女性,50,2,12,0.4166666666666667,13176,2,16,4644856.458098179,8.302739726027397,5.0
C-000032512,S-0089,-13.160129352499617,0,3,女性,48,12,12,0.25,0,0,19,4721110.949352573,10.142465753424657,7.0
C-000709986,S-0100,-100.0,1,3,女性,60,9,12,0.6666666666666666,20798,2,17,4535925.154217558,4.720547945205479,2.0
C-000065324,S-0100,-100.0,1,3,女性,67,12,12,0.25,50179,1,17,4535925.154217558,4.720547945205479,2.0
C-001558423,S-0099,-100.0,1,3,男性,23,6,12,0.25,3982,1,13,4464126.154078853,8.147945205479452,5.0
C-001250648,S-0017,-30.437131013691747,0,3,男性,53,7,12,0.4166666666666667,24196,1,20,4640207.03550726,5.608219178082192,2.5
C-002410734,S-0050,-23.67474225939216,0,3,女性,32,2,12,0.25,4086,2,20,4615411.181286601,9.2013698630137,6.0
C-002365568,S-0002,-21.277680433373273,0,3,女性,43,2,12,0.25,0,0,15,4455566.655169959,5.663013698630137,2.0
C-002470565,S-0111,-10.958925891861085,0,3,男性,37,2,12,0.25,10858,1,19,4489501.980758176,6.397260273972603,4.0
C-001576678,S-0004,-51.47343306680423,1,3,女性,43,5,12,0.0833333333333333,4565,2,22,4423576.351309,11.806849315068494,9.0
C-002323332,S-0020,-46.119713654838755,0,3,女性,43,2,12,0.25,4695,1,16,4280702.057267675,6.986301369863014,3.5
C-001244390,S-0056,-19.48058336343283,0,3,男性,47,7,12,0.0,-6101,1,15,4406070.585753419,7.528767123287671,4.0
C-000282926,S-0117,-100.0,1,3,女性,41,11,12,0.25,0,0,20,4500859.737076383,9.593150684931507,7.0
C-000756382,S-0050,-70.71618594797403,1,3,男性,45,9,12,0.3333333333333333,0,0,20,4615411.181286601,9.2013698630137,6.0
C-001652001,S-0056,-25.791721244857545,0,3,女性,34,5,12,0.25,0,0,15,4406070.585753419,7.528767123287671,4.0
C-002188293,S-0100,-22.637480974834805,0,3,女性,64,3,12,0.0833333333333333,684,2,17,4535925.154217558,4.720547945205479,2.0
C-000227408,S-0002,-89.84628780014066,1,3,女性,71,11,12,0.5,0,0,15,4455566.655169959,5.663013698630137,2.0
C-002087226,S-0012,-100.0,1,3,女性,66,3,12,0.6666666666666666,0,0,16,4444678.825084195,7.994520547945205,5.0
C-000260782,S-0096,-83.57030106477629,1,3,女性,46,11,12,0.0,64703,1,16,4644856.458098179,8.302739726027397,5.0
C-000328656,S-0075,-100.0,1,3,男性,84,11,12,0.5833333333333334,14108,1,19,4506647.2743158825,4.526027397260274,1.0
C-000883491,S-0121,-24.26453576322768,0,3,男性,47,9,12,0.0833333333333333,24542,1,14,4716268.25678644,9.856164383561644,7.0
C-002012060,S-0007,-29.091076765918807,0,3,女性,44,4,12,0.4166666666666667,0,0,21,4487075.727367008,3.7260273972602738,1.0
C-002290954,S-0018,-30.803357258301155,0,3,男性,38,2,12,0.3333333333333333,10548,1,16,4493108.581950108,7.550684931506849,5.0
C-002038066,S-0019,-23.617004520695712,0,3,男性,45,3,12,0.5,0,0,19,4327199.920883598,4.090410958904109,1.0
C-002398255,S-0074,-68.31438203531228,1,3,女性,54,2,12,0.25,3002,1,14,4614054.39694187,8.308219178082192,6.0
C-001454982,S-0040,-16.05637166245834,0,3,女性,44,6,12,0.25,17164,2,20,4550116.0180538,8.163013698630138,4.0
C-001975155,S-0005,-16.87992762052475,0,3,男性,44,4,12,0.5,3040,1,21,4733942.970761149,4.69041095890411,2.0
C-001898809,S-0048,-39.73288589396407,0,3,女性,75,4,12,0.0833333333333333,1388,1,15,4502249.082895545,3.671232876712329,1.0
C-002205379,S-0002,-17.553797529465534,0,3,女性,46,3,12,0.1666666666666666,0,0,15,4455566.655169959,5.663013698630137,2.0
C-001034218,S-0041,-40.50619527507021,0,3,女性,26,8,12,0.5,47099,1,17,4828489.286769263,10.389041095890411,7.0
C-000937559,S-0102,-34.32336110832246,0,3,女性,41,8,12,0.0833333333333333,0,0,16,4383474.364435211,10.484931506849314,7.5
C-002535346,S-0014,-100.0,1,3,女性,56,1,12,0.0833333333333333,0,0,21,4730192.353344672,7.336986301369863,4.0
C-001368049,S-0099,-34.87299623390878,0,3,男性,65,6,12,0.25,0,0,13,4464126.154078853,8.147945205479452,5.0
C-002155081,S-0131,-77.56209288348143,1,3,男性,42,3,12,0.1666666666666666,0,0,17,4569023.5643747775,5.13972602739726,2.0
C-002358527,S-0014,-91.91652178869667,1,3,女性,58,2,12,0.1666666666666666,58935,1,21,4730192.353344672,7.336986301369863,4.0
C-000024527,S-0008,-16.61221141817911,0,3,女性,59,12,12,0.75,0,0,22,4498453.308937302,10.772602739726027,7.0
C-002328359,S-0004,-69.98054059817667,1,3,男性,58,2,12,0.4166666666666667,9338,1,22,4423576.351309,11.806849315068494,9.0
C-001289746,S-0111,-86.55848546315077,1,3,女性,45,7,12,0.0833333333333333,0,0,19,4489501.980758176,6.397260273972603,4.0
C-002566098,S-0072,-35.55358269969267,0,3,男性,48,1,12,0.3333333333333333,0,0,12,4406797.312641796,9.01917808219178,6.0
C-002116025,S-0102,-55.45962605084146,1,3,女性,59,3,12,0.25,0,0,16,4383474.364435211,10.484931506849314,7.5
C-001968790,S-0089,-100.0,1,3,女性,51,4,12,0.0833333333333333,0,0,19,4721110.949352573,10.142465753424657,7.0
C-000543706,S-0126,-22.43754986804149,0,3,男性,59,10,12,0.6666666666666666,0,0,17,4493168.352495564,5.53972602739726,3.0
C-001509886,S-0113,-100.0,1,3,男性,68,6,12,0.25,0,0,16,4336633.961311346,5.77945205479452,2.5
C-002310278,S-0005,-15.334295614327415,0,3,男性,50,2,12,0.25,6241,2,21,4733942.970761149,4.69041095890411,2.0
C-000285210,S-0080,-100.0,1,3,女性,47,11,12,0.25,23046,1,17,4457429.264950683,11.673972602739726,9.0
C-002267862,S-0074,-72.03420124074628,1,3,男性,79,2,12,0.25,4903,1,14,4614054.39694187,8.308219178082192,6.0
C-000997540,S-0115,-80.72183831487803,1,3,女性,65,8,12,0.0833333333333333,0,0,14,4553643.099564746,10.51095890410959,7.0
C-002513557,S-0102,-100.0,1,3,男性,42,1,12,0.4166666666666667,0,0,16,4383474.364435211,10.484931506849314,7.5
C-000757381,S-0080,-96.08612460021966,1,3,女性,57,9,12,0.0,6330,1,17,4457429.264950683,11.673972602739726,9.0
C-002135834,S-0005,-100.0,1,3,男性,53,3,12,0.3333333333333333,0,0,21,4733942.970761149,4.69041095890411,2.0
C-001520773,S-0014,-100.0,1,3,男性,50,6,12,0.5,0,0,21,4730192.353344672,7.336986301369863,4.0
C-001913277,S-0036,-100.0,1,3,女性,41,4,12,0.1666666666666666,943,1,19,4397834.424680548,11.123287671232877,9.0
C-002667629,S-0004,-100.0,1,3,女性,42,1,12,0.0,8141,1,22,4423576.351309,11.806849315068494,9.0
C-002481595,S-0056,-100.0,1,3,男性,63,1,12,0.1666666666666666,0,0,15,4406070.585753419,7.528767123287671,4.0
C-002356694,S-0056,-100.0,1,3,女性,57,2,12,0.0833333333333333,15050,1,15,4406070.585753419,7.528767123287671,4.0
C-001768087,S-0080,-22.909598923639486,0,3,女性,51,5,12,0.0833333333333333,0,0,17,4457429.264950683,11.673972602739726,9.0
C-000700931,S-0048,-52.74402575078364,1,3,男性,42,9,12,0.0833333333333333,86309,1,15,4502249.082895545,3.671232876712329,1.0
C-000024840,S-0041,-28.98457866311749,0,3,男性,52,12,12,0.3333333333333333,4894,1,17,4828489.286769263,10.389041095890411,7.0
C-002028443,S-0002,-44.01215929492411,0,3,女性,51,3,12,0.1666666666666666,42660,2,15,4455566.655169959,5.663013698630137,2.0
C-000039214,S-0106,-97.71662083123523,1,3,女性,48,12,12,0.0,0,0,20,4462729.145118021,6.171232876712329,3.5
C-001661313,S-0041,-100.0,1,3,女性,18,5,12,0.4166666666666667,38969,1,17,4828489.286769263,10.389041095890411,7.0
C-001668475,S-0115,-73.50145849273144,1,3,男性,46,5,12,0.4166666666666667,9886,1,14,4553643.099564746,10.51095890410959,7.0
C-000784379,S-0082,-25.29522453144053,0,3,女性,59,9,12,0.0833333333333333,0,0,17,4607261.71451126,4.758904109589041,2.0
C-001257174,S-0059,-23.813646723283973,0,3,女性,33,7,12,0.5833333333333334,0,0,14,4713188.969095345,6.8123287671232875,3.0
C-000930491,S-0036,-87.82535092050504,1,3,男性,56,8,12,0.4166666666666667,0,0,19,4397834.424680548,11.123287671232877,9.0
C-001945269,S-0131,-26.78948321839468,0,3,女性,52,4,12,0.75,0,0,17,4569023.5643747775,5.13972602739726,2.0
C-001358730,S-0089,-51.816833798285955,1,3,男性,41,6,12,0.6666666666666666,0,0,19,4721110.949352573,10.142465753424657,7.0
C-001741222,S-0097,-49.649367371479045,1,3,女性,51,5,12,0.0833333333333333,0,0,21,4592508.716501317,10.09041095890411,7.0
C-000364733,S-0059,-32.074270037233,0,3,男性,49,11,12,0.8333333333333334,0,0,14,4713188.969095345,6.8123287671232875,3.0
C-000581986,S-0039,-100.0,1,3,女性,47,10,12,0.3333333333333333,0,0,16,4591288.568998441,8.193150684931506,5.0
C-001098509,S-0040,-21.09778524928638,0,3,女性,42,8,12,0.4166666666666667,13700,2,20,4550116.0180538,8.163013698630138,4.0
C-001037563,S-0017,-51.79508920275042,1,3,男性,58,8,12,0.3333333333333333,0,0,20,4640207.03550726,5.608219178082192,2.5
C-000961124,S-0050,-51.446034858787094,1,3,女性,60,8,12,0.1666666666666666,58760,1,20,4615411.181286601,9.2013698630137,6.0
C-001281907,S-0002,-100.0,1,3,女性,34,7,12,0.6666666666666666,0,0,15,4455566.655169959,5.663013698630137,2.0
C-001867777,S-0048,-14.185490476305976,0,3,女性,59,4,12,0.25,50965,2,15,4502249.082895545,3.671232876712329,1.0
C-000303802,S-0014,-26.232442909319094,0,3,女性,46,11,12,0.0833333333333333,7686,1,21,4730192.353344672,7.336986301369863,4.0
C-002086503,S-0018,-20.4429538301736,0,3,女性,67,3,12,0.0833333333333333,0,0,16,4493108.581950108,7.550684931506849,5.0
C-000277191,S-0106,-100.0,1,3,男性,38,11,12,0.0,0,0,20,4462729.145118021,6.171232876712329,3.5
C-000330923,S-0012,-64.37038574751556,1,3,女性,51,11,12,0.3333333333333333,16669,1,16,4444678.825084195,7.994520547945205,5.0
C-002134549,S-0113,-23.770373904963254,0,3,男性,66,3,12,0.0833333333333333,24215,1,16,4336633.961311346,5.77945205479452,2.5
C-001456048,S-0075,-16.419378526706346,0,3,女性,40,6,12,0.0,0,0,19,4506647.2743158825,4.526027397260274,1.0
C-000858417,S-0117,-39.423168127062624,0,3,男性,60,9,12,0.25,64570,1,20,4500859.737076383,9.593150684931507,7.0
C-000805376,S-0096,-9.782296446809474,0,3,男性,55,9,12,0.25,0,0,16,4644856.458098179,8.302739726027397,5.0
C-000689255,S-0113,-57.63775662995375,1,3,男性,30,9,12,0.0,45773,1,16,4336633.961311346,5.77945205479452,2.5
C-001678564,S-0004,-21.02558767066278,0,3,女性,62,5,12,0.1666666666666666,6090,2,22,4423576.351309,11.806849315068494,9.0
C-001542264,S-0075,-57.407366212117836,1,3,女性,32,6,12,0.8333333333333334,0,0,19,4506647.2743158825,4.526027397260274,1.0
C-002086413,S-0111,-100.0,1,3,女性,35,3,12,0.3333333333333333,5502,2,19,4489501.980758176,6.397260273972603,4.0
C-000946053,S-0048,-100.0,1,3,女性,60,8,12,0.25,4811,1,15,4502249.082895545,3.671232876712329,1.0
C-000153031,S-0014,-100.0,1,3,女性,32,12,12,0.25,17701,1,21,4730192.353344672,7.336986301369863,4.0
C-002144309,S-0072,-12.972233043905199,0,3,男性,43,3,12,0.25,9779,1,12,4406797.312641796,9.01917808219178,6.0
C-001604810,S-0040,-76.0685239660841,1,3,女性,39,5,12,0.5,0,0,20,4550116.0180538,8.163013698630138,4.0
C-001616158,S-0040,-31.758656364538425,0,3,女性,51,5,12,0.75,0,0,20,4550116.0180538,8.163013698630138,4.0
C-001367240,S-0007,-38.45076926459917,0,3,男性,47,6,12,0.3333333333333333,10950,1,21,4487075.727367008,3.7260273972602738,1.0
C-002142958,S-0100,-67.35172130410776,1,3,女性,53,3,12,0.0,4297,1,17,4535925.154217558,4.720547945205479,2.0
C-000124085,S-0074,-31.124738577150758,0,3,女性,36,12,12,0.1666666666666666,17911,1,14,4614054.39694187,8.308219178082192,6.0
C-000623023,S-0054,-81.74121322572246,1,3,女性,31,10,12,0.5833333333333334,0,0,23,4489160.181517739,6.358904109589041,4.0
C-001237955,S-0036,-74.14243723299498,1,3,男性,39,7,12,0.1666666666666666,0,0,19,4397834.424680548,11.123287671232877,9.0
C-001799915,S-0036,-37.491645741688224,0,3,男性,69,4,12,0.5,725,2,19,4397834.424680548,11.123287671232877,9.0
C-000900186,S-0048,-71.17617364967188,1,3,女性,39,9,12,0.0,9370,2,15,4502249.082895545,3.671232876712329,1.0
C-001025724,S-0097,-18.218461385267734,0,3,男性,51,8,12,0.1666666666666666,1656,1,21,4592508.716501317,10.09041095890411,7.0
C-001338270,S-0059,-100.0,1,3,女性,50,7,12,0.25,15648,1,14,4713188.969095345,6.8123287671232875,3.0
C-000819460,S-0121,-100.0,1,3,男性,66,9,12,0.25,13008,1,14,4716268.25678644,9.856164383561644,7.0
C-001576719,S-0012,-100.0,1,3,女性,41,5,12,0.3333333333333333,7095,1,16,4444678.825084195,7.994520547945205,5.0
C-000016070,S-0056,-84.19153114663726,1,3,女性,68,12,12,0.25,12577,1,15,4406070.585753419,7.528767123287671,4.0
C-002312096,S-0089,-100.0,1,3,男性,50,2,12,0.3333333333333333,6756,1,19,4721110.949352573,10.142465753424657,7.0
C-001021083,S-0102,-48.84210886917201,1,3,男性,41,8,12,0.1666666666666666,20441,1,16,4383474.364435211,10.484931506849314,7.5
C-001714555,S-0079,-88.77933420977077,1,3,女性,59,5,12,0.25,92686,2,13,4256656.371085242,8.479452054794521,6.0
C-001574489,S-0059,-32.09697350097091,0,3,女性,30,6,12,0.25,7838,1,14,4713188.969095345,6.8123287671232875,3.0
C-001380538,S-0007,-24.861106508208998,0,3,女性,32,6,12,0.0833333333333333,8157,2,21,4487075.727367008,3.7260273972602738,1.0
C-000202767,S-0050,-47.68788681019217,0,3,女性,76,12,12,0.25,26286,2,20,4615411.181286601,9.2013698630137,6.0
C-000750180,S-0131,-65.15439873122493,1,3,男性,42,9,12,0.1666666666666666,22808,1,17,4569023.5643747775,5.13972602739726,2.0
C-000207228,S-0113,-21.02761075772238,0,3,男性,38,12,12,0.1666666666666666,0,0,16,4336633.961311346,5.77945205479452,2.5
C-001808274,S-0056,-100.0,1,3,女性,34,4,12,0.3333333333333333,27018,1,15,4406070.585753419,7.528767123287671,4.0
C-002377808,S-0097,-100.0,1,3,女性,43,2,12,0.0,0,0,21,4592508.716501317,10.09041095890411,7.0
C-000982298,S-0018,-14.36808305711489,0,3,女性,35,8,12,0.25,0,0,16,4493108.581950108,7.550684931506849,5.0
C-000450657,S-0036,-51.38538804131526,1,3,女性,52,11,12,0.25,1499,1,19,4397834.424680548,11.123287671232877,9.0
C-002072344,S-0131,-10.833653848012261,0,3,男性,44,3,12,0.3333333333333333,48920,2,17,4569023.5643747775,5.13972602739726,2.0
C-000081670,S-0117,-51.259109239604925,1,3,女性,26,12,12,0.1666666666666666,42122,2,20,4500859.737076383,9.593150684931507,7.0
C-001610666,S-0082,-21.25967871908065,0,3,男性,45,5,12,0.3333333333333333,47713,1,17,4607261.71451126,4.758904109589041,2.0
C-002524850,S-0115,-51.00829328527566,1,3,女性,41,1,12,0.0,20215,1,14,4553643.099564746,10.51095890410959,7.0
C-001176670,S-0072,-94.59777573224282,1,3,男性,48,7,12,0.1666666666666666,11721,2,12,4406797.312641796,9.01917808219178,6.0
C-001327902,S-0089,-100.0,1,3,女性,41,7,12,0.25,59580,2,19,4721110.949352573,10.142465753424657,7.0
C-000218894,S-0117,-100.0,1,3,女性,29,12,12,0.1666666666666666,0,0,20,4500859.737076383,9.593150684931507,7.0
C-000440674,S-0074,-33.68575537008761,0,3,女性,44,11,12,0.5833333333333334,5014,2,14,4614054.39694187,8.308219178082192,6.0
C-002480403,S-0080,-25.357743359460322,0,3,男性,69,1,12,0.25,17825,2,17,4457429.264950683,11.673972602739726,9.0
C-000363452,S-0008,-26.130105377045705,0,3,男性,51,11,12,0.25,8294,1,22,4498453.308937302,10.772602739726027,7.0
C-001752951,S-0056,-18.6046511627907,0,3,女性,42,5,12,0.3333333333333333,2514,1,15,4406070.585753419,7.528767123287671,4.0
C-000417762,S-0017,-41.547980030016234,0,3,女性,34,11,12,0.0833333333333333,0,0,20,4640207.03550726,5.608219178082192,2.5
C-001407244,S-0115,-64.90446507215935,1,3,女性,52,6,12,0.1666666666666666,16774,1,14,4553643.099564746,10.51095890410959,7.0
C-002199371,S-0097,-100.0,1,3,女性,36,3,12,0.0833333333333333,2385,1,21,4592508.716501317,10.09041095890411,7.0
C-000883625,S-0126,-100.0,1,3,男性,50,9,12,0.4166666666666667,0,0,17,4493168.352495564,5.53972602739726,3.0
C-001088037,S-0039,-51.9936094552576,1,3,女性,60,8,12,0.1666666666666666,0,0,16,4591288.568998441,8.193150684931506,5.0
C-002682307,S-0113,-21.016600329472187,0,3,女性,44,1,12,0.0833333333333333,15574,2,16,4336633.961311346,5.77945205479452,2.5
C-001820243,S-0072,-46.24231517918411,0,3,男性,43,4,12,0.25,15725,1,12,4406797.312641796,9.01917808219178,6.0
C-000103959,S-0115,-35.75757365275284,0,3,男性,46,12,12,0.25,0,0,14,4553643.099564746,10.51095890410959,7.0
C-001938875,S-0018,-100.0,1,3,男性,61,4,12,0.0833333333333333,0,0,16,4493108.581950108,7.550684931506849,5.0
C-001156345,S-0048,-74.48611692896894,1,3,男性,41,7,12,0.0833333333333333,16267,2,15,4502249.082895545,3.671232876712329,1.0
C-002345949,S-0050,-100.0,1,3,女性,55,2,12,0.1666666666666666,0,0,20,4615411.181286601,9.2013698630137,6.0
C-000903515,S-0072,-67.00425543828214,1,3,男性,38,8,12,0.1666666666666666,0,0,12,4406797.312641796,9.01917808219178,6.0
C-000899296,S-0041,-72.52536373158406,1,3,女性,56,9,12,0.0,0,0,17,4828489.286769263,10.389041095890411,7.0
C-001952337,S-0117,-22.766487410757573,0,3,女性,50,4,12,0.25,21495,1,20,4500859.737076383,9.593150684931507,7.0
C-001073575,S-0085,-9.151262632075689,0,3,女性,42,8,12,0.6666666666666666,44271,2,15,4606655.398026554,4.928767123287671,2.0
C-002652063,S-0041,-100.0,1,3,男性,56,1,12,0.0833333333333333,0,0,17,4828489.286769263,10.389041095890411,7.0
C-001669123,S-0030,-69.84205944534261,1,3,女性,37,5,12,0.5,0,0,22,4426478.045479023,9.236986301369862,5.5
C-001071705,S-0117,-24.431721127384304,0,3,男性,54,8,12,0.1666666666666666,-261,1,20,4500859.737076383,9.593150684931507,7.0
C-000868645,S-0082,-32.0676934676073,0,3,女性,60,9,12,0.5,0,0,17,4607261.71451126,4.758904109589041,2.0
C-001642838,S-0074,-100.0,1,3,男性,71,5,12,1.0,0,0,14,4614054.39694187,8.308219178082192,6.0
C-000188800,S-0036,-16.041114587398685,0,3,女性,35,12,12,0.5833333333333334,0,0,19,4397834.424680548,11.123287671232877,9.0
C-002206852,S-0074,-100.0,1,3,女性,47,3,12,0.25,0,0,14,4614054.39694187,8.308219178082192,6.0
C-002653460,S-0082,-32.351260027140846,0,3,男性,45,1,12,0.3333333333333333,7274,1,17,4607261.71451126,4.758904109589041,2.0
C-000451145,S-0059,-92.88000111795861,1,3,男性,67,11,12,0.25,4730,1,14,4713188.969095345,6.8123287671232875,3.0
C-000436882,S-0100,-45.15380898695442,0,3,女性,41,11,12,0.25,0,0,17,4535925.154217558,4.720547945205479,2.0
C-002502536,S-0040,-29.03099285179952,0,3,女性,50,1,12,0.25,10638,2,20,4550116.0180538,8.163013698630138,4.0
C-000380523,S-0012,-63.0973860627284,1,3,男性,52,11,12,0.5,3998,1,16,4444678.825084195,7.994520547945205,5.0
C-001189976,S-0008,-76.15430223078633,1,3,男性,46,7,12,0.25,0,0,22,4498453.308937302,10.772602739726027,7.0
C-000602514,S-0097,-16.704188663284466,0,3,女性,51,10,12,0.25,0,0,21,4592508.716501317,10.09041095890411,7.0
C-001167225,S-0048,-89.18124952516018,1,3,女性,74,7,12,0.4166666666666667,0,0,15,4502249.082895545,3.671232876712329,1.0
C-002584624,S-0040,-12.447136593801371,0,3,女性,42,1,12,0.5,7453,2,20,4550116.0180538,8.163013698630138,4.0
C-002416703,S-0115,-100.0,1,3,女性,64,2,12,0.0,1849,1,14,4553643.099564746,10.51095890410959,7.0
C-000060466,S-0115,-84.68711403869905,1,3,男性,25,12,12,0.25,122890,2,14,4553643.099564746,10.51095890410959,7.0
C-000030667,S-0004,-33.959831469572656,0,3,女性,54,12,12,0.1666666666666666,12815,2,22,4423576.351309,11.806849315068494,9.0
C-000345959,S-0059,-10.85172219171883,0,3,男性,53,11,12,0.0833333333333333,0,0,14,4713188.969095345,6.8123287671232875,3.0
C-000151382,S-0121,-15.152469147761396,0,3,男性,45,12,12,0.25,50132,1,14,4716268.25678644,9.856164383561644,7.0
C-002187054,S-0079,-66.73901957451261,1,3,女性,43,3,12,0.1666666666666666,12943,2,13,4256656.371085242,8.479452054794521,6.0
C-000328726,S-0089,-97.27410774017478,1,3,男性,77,11,12,0.25,22582,1,19,4721110.949352573,10.142465753424657,7.0
C-000548903,S-0096,-49.70372529020351,1,3,女性,69,10,12,0.4166666666666667,0,0,16,4644856.458098179,8.302739726027397,5.0
C-000540473,S-0018,-100.0,1,3,男性,64,10,12,0.25,26801,2,16,4493108.581950108,7.550684931506849,5.0
C-000510974,S-0014,-82.4324183713816,1,3,女性,41,10,12,0.4166666666666667,15448,1,21,4730192.353344672,7.336986301369863,4.0
C-002072145,S-0097,-57.44217491713633,1,3,男性,69,3,12,0.0833333333333333,17460,1,21,4592508.716501317,10.09041095890411,7.0
C-001401358,S-0102,-18.404265861568554,0,3,男性,58,6,12,0.25,58314,2,16,4383474.364435211,10.484931506849314,7.5
C-000982503,S-0072,-96.52348093261698,1,3,女性,61,8,12,0.25,10185,1,12,4406797.312641796,9.01917808219178,6.0
C-002166948,S-0030,-9.077524749680247,0,3,男性,42,3,12,0.3333333333333333,22158,2,22,4426478.045479023,9.236986301369862,5.5
C-001960658,S-0121,-96.06650233387528,1,3,女性,45,4,12,0.5,33685,1,14,4716268.25678644,9.856164383561644,7.0
C-000592978,S-0074,-100.0,1,3,男性,55,10,12,0.25,45846,2,14,4614054.39694187,8.308219178082192,6.0
C-001760327,S-0080,-100.0,1,3,男性,59,5,12,0.0833333333333333,0,0,17,4457429.264950683,11.673972602739726,9.0
C-001678173,S-0131,-49.48756393588856,1,3,男性,49,5,12,0.5,0,0,17,4569023.5643747775,5.13972602739726,2.0
C-000398580,S-0036,-100.0,1,3,女性,41,11,12,0.0,0,0,19,4397834.424680548,11.123287671232877,9.0
C-001040025,S-0039,-59.641847449803834,1,3,女性,39,8,12,0.1666666666666666,601,1,16,4591288.568998441,8.193150684931506,5.0
C-000755501,S-0131,-39.37007874015748,0,3,男性,35,9,12,0.1666666666666666,0,0,17,4569023.5643747775,5.13972602739726,2.0
C-001887499,S-0002,-100.0,1,3,男性,50,4,12,0.3333333333333333,0,0,15,4455566.655169959,5.663013698630137,2.0
C-000390124,S-0096,-100.0,1,3,男性,69,11,12,0.1666666666666666,0,0,16,4644856.458098179,8.302739726027397,5.0
C-001691953,S-0008,-43.829729638276994,0,3,女性,85,5,12,0.25,8962,1,22,4498453.308937302,10.772602739726027,7.0
C-000960764,S-0131,-12.848573403617516,0,3,女性,39,8,12,0.1666666666666666,118670,2,17,4569023.5643747775,5.13972602739726,2.0
C-001067593,S-0004,-100.0,1,3,男性,54,8,12,0.1666666666666666,5321,1,22,4423576.351309,11.806849315068494,9.0
C-000408183,S-0020,-22.87104159927951,0,3,男性,48,11,12,0.1666666666666666,22495,1,16,4280702.057267675,6.986301369863014,3.5
C-001842058,S-0007,-33.817912522128154,0,3,男性,33,4,12,0.25,12894,1,21,4487075.727367008,3.7260273972602738,1.0
C-000407056,S-0115,-39.448258460632694,0,3,女性,47,11,12,0.25,98027,2,14,4553643.099564746,10.51095890410959,7.0
C-001598834,S-0097,-51.30534596917564,1,3,女性,38,5,12,0.1666666666666666,5239,1,21,4592508.716501317,10.09041095890411,7.0
C-002356812,S-0030,-76.14847847477364,1,3,男性,54,2,12,0.3333333333333333,0,0,22,4426478.045479023,9.236986301369862,5.5
C-002426019,S-0074,-28.181298101313644,0,3,女性,57,2,12,0.1666666666666666,16196,2,14,4614054.39694187,8.308219178082192,6.0
C-001565178,S-0007,-41.7211911907494,0,3,女性,51,6,12,0.4166666666666667,146824,2,21,4487075.727367008,3.7260273972602738,1.0
C-001491433,S-0099,-13.555466025052262,0,3,女性,60,6,12,0.1666666666666666,0,0,13,4464126.154078853,8.147945205479452,5.0
C-002553507,S-0056,-15.847886783341897,0,3,女性,74,1,12,0.3333333333333333,11518,1,15,4406070.585753419,7.528767123287671,4.0
C-001122318,S-0089,-30.520728008088977,0,3,女性,37,8,12,0.0833333333333333,71095,1,19,4721110.949352573,10.142465753424657,7.0
C-000038865,S-0080,-100.0,1,3,女性,36,12,12,0.25,6559,1,17,4457429.264950683,11.673972602739726,9.0
C-001256443,S-0004,-17.293682549297795,0,3,女性,62,7,12,0.3333333333333333,0,0,22,4423576.351309,11.806849315068494,9.0
C-002228157,S-0018,-100.0,1,3,男性,52,3,12,0.3333333333333333,596,1,16,4493108.581950108,7.550684931506849,5.0
C-001007456,S-0089,-54.64042722134861,1,3,女性,56,8,12,0.0833333333333333,35955,1,19,4721110.949352573,10.142465753424657,7.0
C-000604087,S-0096,-38.82570789691702,0,3,女性,89,10,12,0.25,6949,1,16,4644856.458098179,8.302739726027397,5.0
C-002580960,S-0040,-100.0,1,3,男性,77,1,12,0.0833333333333333,71939,1,20,4550116.0180538,8.163013698630138,4.0
C-000951159,S-0121,-34.06364648905242,0,3,女性,44,8,12,0.1666666666666666,11086,2,14,4716268.25678644,9.856164383561644,7.0
C-001083485,S-0014,-66.40201261621426,1,3,男性,63,8,12,0.0,3674,1,21,4730192.353344672,7.336986301369863,4.0
C-000947191,S-0131,-29.321596945335532,0,3,女性,42,8,12,0.3333333333333333,0,0,17,4569023.5643747775,5.13972602739726,2.0
C-002054944,S-0115,-84.31544073853485,1,3,女性,60,3,12,0.1666666666666666,1553,1,14,4553643.099564746,10.51095890410959,7.0
C-002427320,S-0002,-42.44850009224988,0,3,女性,64,2,12,0.0833333333333333,7258,2,15,4455566.655169959,5.663013698630137,2.0
C-000815609,S-0040,-27.13850733514413,0,3,男性,51,9,12,0.3333333333333333,5133,2,20,4550116.0180538,8.163013698630138,4.0
C-001398280,S-0018,-45.316870646885796,0,3,女性,54,6,12,0.0833333333333333,106372,1,16,4493108.581950108,7.550684931506849,5.0
C-001787278,S-0004,-20.795299377116027,0,3,男性,52,5,12,0.1666666666666666,28516,1,22,4423576.351309,11.806849315068494,9.0
C-002110322,S-0002,-28.73748646438753,0,3,男性,57,3,12,0.1666666666666666,0,0,15,4455566.655169959,5.663013698630137,2.0
C-002148902,S-0012,-57.18955594221998,1,3,男性,41,3,12,0.1666666666666666,8362,1,16,4444678.825084195,7.994520547945205,5.0
C-000221179,S-0099,-44.87404323205123,0,3,女性,48,12,12,0.1666666666666666,18268,1,13,4464126.154078853,8.147945205479452,5.0
C-002666481,S-0004,-25.099840116351462,0,3,男性,78,1,12,0.1666666666666666,10810,1,22,4423576.351309,11.806849315068494,9.0
C-000370822,S-0048,-74.62702767894832,1,3,女性,36,11,12,0.25,5800,1,15,4502249.082895545,3.671232876712329,1.0
C-001439901,S-0072,-67.77308857416566,1,3,女性,50,6,12,0.1666666666666666,21420,1,12,4406797.312641796,9.01917808219178,6.0
C-000853251,S-0080,-100.0,1,3,女性,54,9,12,0.25,0,0,17,4457429.264950683,11.673972602739726,9.0
C-000821226,S-0102,-29.1501361415079,0,3,女性,63,9,12,0.4166666666666667,10966,2,16,4383474.364435211,10.484931506849314,7.5
C-000510807,S-0014,-79.3444674523768,1,3,女性,51,10,12,0.3333333333333333,5997,1,21,4730192.353344672,7.336986301369863,4.0
C-000225809,S-0056,-67.14521899742964,1,3,女性,42,11,12,0.3333333333333333,8335,1,15,4406070.585753419,7.528767123287671,4.0
C-001544948,S-0096,-26.562908154276997,0,3,男性,44,6,12,0.1666666666666666,0,0,16,4644856.458098179,8.302739726027397,5.0
C-001352194,S-0018,-25.306242177722154,0,3,男性,76,6,12,0.1666666666666666,35169,1,16,4493108.581950108,7.550684931506849,5.0
C-000194602,S-0102,-100.0,1,3,男性,45,12,12,0.0,0,0,16,4383474.364435211,10.484931506849314,7.5
C-001599360,S-0102,-16.191757388538736,0,3,女性,65,5,12,0.3333333333333333,16675,2,16,4383474.364435211,10.484931506849314,7.5
C-000538976,S-0102,-32.45884724744905,0,3,女性,58,10,12,0.1666666666666666,14383,1,16,4383474.364435211,10.484931506849314,7.5
C-000616193,S-0096,-98.36606567933033,1,3,男性,49,10,12,0.0,37263,1,16,4644856.458098179,8.302739726027397,5.0
C-001498511,S-0056,-100.0,1,3,女性,24,6,12,0.25,4679,1,15,4406070.585753419,7.528767123287671,4.0
C-000024994,S-0019,-19.77306131893154,0,3,女性,33,12,12,0.0833333333333333,0,0,19,4327199.920883598,4.090410958904109,1.0
C-001189786,S-0097,-64.3239692537519,1,3,女性,39,7,12,0.0,0,0,21,4592508.716501317,10.09041095890411,7.0
C-001183345,S-0056,-100.0,1,3,女性,45,7,12,0.1666666666666666,24456,1,15,4406070.585753419,7.528767123287671,4.0
C-001822869,S-0131,-38.70574329545122,0,3,男性,62,4,12,0.5,7079,2,17,4569023.5643747775,5.13972602739726,2.0
C-001904988,S-0074,-70.6723477173523,1,3,男性,53,4,12,0.0833333333333333,7984,1,14,4614054.39694187,8.308219178082192,6.0
C-002600878,S-0096,-98.87395065411003,1,3,女性,58,1,12,0.1666666666666666,46937,1,16,4644856.458098179,8.302739726027397,5.0
C-002549032,S-0080,-66.61467886092638,1,3,男性,58,1,12,0.4166666666666667,10234,2,17,4457429.264950683,11.673972602739726,9.0
C-001205138,S-0008,-76.4416432530944,1,3,女性,43,7,12,0.3333333333333333,16295,1,22,4498453.308937302,10.772602739726027,7.0
C-001386790,S-0072,-54.08786693461566,1,3,男性,69,6,12,0.1666666666666666,46041,1,12,4406797.312641796,9.01917808219178,6.0
C-001109229,S-0072,-100.0,1,3,女性,53,8,12,0.1666666666666666,33971,2,12,4406797.312641796,9.01917808219178,6.0
C-001072258,S-0014,-13.519998198051741,0,3,男性,55,8,12,0.1666666666666666,0,0,21,4730192.353344672,7.336986301369863,4.0
C-001806612,S-0096,-15.359095305556625,0,3,男性,52,4,12,0.1666666666666666,2142,2,16,4644856.458098179,8.302739726027397,5.0
C-000519968,S-0100,-100.0,1,3,女性,25,10,12,0.1666666666666666,13836,2,17,4535925.154217558,4.720547945205479,2.0
C-001274944,S-0080,-100.0,1,3,女性,67,7,12,0.0833333333333333,13518,1,17,4457429.264950683,11.673972602739726,9.0
C-000914811,S-0115,-40.21186499219409,0,3,男性,54,8,12,0.25,26163,1,14,4553643.099564746,10.51095890410959,7.0
C-000223439,S-0126,-53.1500893066556,1,3,男性,59,12,12,0.8333333333333334,0,0,17,4493168.352495564,5.53972602739726,3.0
C-001091582,S-0048,-100.0,1,3,女性,17,8,12,0.4166666666666667,35500,2,15,4502249.082895545,3.671232876712329,1.0
C-001753015,S-0005,5.6776923165361755,0,3,女性,21,5,12,0.9166666666666666,0,0,21,4733942.970761149,4.69041095890411,2.0
C-002506102,S-0063,-19.199941884398385,0,3,女性,60,1,12,0.1666666666666666,0,0,18,4564012.176421695,5.749315068493151,3.0
C-001068047,S-0072,-77.73051581253934,1,3,男性,56,8,12,0.1666666666666666,11808,2,12,4406797.312641796,9.01917808219178,6.0
C-000416414,S-0017,-27.843384624831486,0,3,女性,55,11,12,0.5833333333333334,0,0,20,4640207.03550726,5.608219178082192,2.5
C-000933146,S-0002,-47.000889788369946,0,3,男性,21,8,12,0.1666666666666666,0,0,15,4455566.655169959,5.663013698630137,2.0
C-000441156,S-0121,-15.477771498285628,0,3,男性,60,11,12,0.25,28469,1,14,4716268.25678644,9.856164383561644,7.0
C-001707030,S-0012,-46.86977089628142,0,3,男性,50,5,12,0.1666666666666666,11249,2,16,4444678.825084195,7.994520547945205,5.0
C-002638647,S-0115,-28.634060059224513,0,3,女性,58,1,12,0.0833333333333333,61556,2,14,4553643.099564746,10.51095890410959,7.0
C-000607225,S-0102,-54.80620332690563,1,3,女性,55,10,12,0.25,0,0,16,4383474.364435211,10.484931506849314,7.5
C-000865221,S-0036,-29.62546016055577,0,3,女性,51,9,12,0.25,0,0,19,4397834.424680548,11.123287671232877,9.0
C-000792286,S-0111,-46.497216509276505,0,3,女性,50,9,12,0.0833333333333333,17869,2,19,4489501.980758176,6.397260273972603,4.0
C-000907002,S-0106,-100.0,1,3,女性,63,8,12,0.5,0,0,20,4462729.145118021,6.171232876712329,3.5
C-000656576,S-0082,-17.214065761703207,0,3,女性,39,10,12,0.6666666666666666,3826,1,17,4607261.71451126,4.758904109589041,2.0
C-000681348,S-0106,-100.0,1,3,男性,41,9,12,0.1666666666666666,17017,1,20,4462729.145118021,6.171232876712329,3.5
C-001426916,S-0063,-9.521910414129946,0,3,女性,50,6,12,0.0833333333333333,37653,2,18,4564012.176421695,5.749315068493151,3.0
C-001492738,S-0014,-95.31820885376837,1,3,女性,57,6,12,0.5833333333333334,44075,2,21,4730192.353344672,7.336986301369863,4.0
C-002073676,S-0002,-39.04676859609342,0,3,男性,77,3,12,0.0,0,0,15,4455566.655169959,5.663013698630137,2.0
C-002232065,S-0040,-89.75586485106668,1,3,男性,26,3,12,0.3333333333333333,0,0,20,4550116.0180538,8.163013698630138,4.0
C-000295236,S-0115,-100.0,1,3,女性,41,11,12,0.1666666666666666,0,0,14,4553643.099564746,10.51095890410959,7.0
C-002531601,S-0115,-100.0,1,3,男性,56,1,12,0.1666666666666666,0,0,14,4553643.099564746,10.51095890410959,7.0
C-000387750,S-0089,-28.592411128033085,0,3,女性,44,11,12,0.25,0,0,19,4721110.949352573,10.142465753424657,7.0
C-002249244,S-0075,-17.52953808676871,0,3,男性,50,2,12,0.4166666666666667,11547,2,19,4506647.2743158825,4.526027397260274,1.0
C-002524373,S-0019,-11.333400020006001,0,3,女性,74,1,12,0.75,0,0,19,4327199.920883598,4.090410958904109,1.0
C-001420805,S-0126,-15.854649117597344,0,3,女性,53,6,12,0.0833333333333333,6906,1,17,4493168.352495564,5.53972602739726,3.0
C-000263249,S-0075,-24.49399676950977,0,3,女性,69,11,12,0.1666666666666666,2418,1,19,4506647.2743158825,4.526027397260274,1.0
C-001985711,S-0115,-70.52788055278101,1,3,女性,74,4,12,0.0833333333333333,14845,2,14,4553643.099564746,10.51095890410959,7.0
C-000206134,S-0041,-6.068855155643763,0,3,女性,44,12,12,0.1666666666666666,22091,1,17,4828489.286769263,10.389041095890411,7.0
C-002234787,S-0050,-100.0,1,3,女性,67,3,12,0.0833333333333333,10007,1,20,4615411.181286601,9.2013698630137,6.0
C-002476889,S-0121,-34.88203980082044,0,3,男性,76,1,12,0.1666666666666666,9767,2,14,4716268.25678644,9.856164383561644,7.0
C-000444856,S-0040,-24.77867414401732,0,3,女性,54,11,12,0.1666666666666666,5997,2,20,4550116.0180538,8.163013698630138,4.0
C-002103419,S-0041,-100.0,1,3,女性,40,3,12,0.3333333333333333,0,0,17,4828489.286769263,10.389041095890411,7.0
C-000677358,S-0079,-40.708422346693304,0,3,女性,56,9,12,0.3333333333333333,12121,1,13,4256656.371085242,8.479452054794521,6.0
C-000911050,S-0111,-100.0,1,3,男性,52,8,12,0.6666666666666666,0,0,19,4489501.980758176,6.397260273972603,4.0
C-000701390,S-0121,-8.143741706144016,0,3,女性,49,9,12,0.0833333333333333,12565,2,14,4716268.25678644,9.856164383561644,7.0
C-001139780,S-0054,-34.69939287636584,0,3,女性,49,7,12,0.1666666666666666,4950,1,23,4489160.181517739,6.358904109589041,4.0
C-001996457,S-0056,-41.35763150330555,0,3,女性,58,4,12,0.25,64854,2,15,4406070.585753419,7.528767123287671,4.0
C-000604046,S-0115,-48.90980202949283,1,3,女性,48,10,12,0.5,0,0,14,4553643.099564746,10.51095890410959,7.0
C-001047903,S-0014,-97.45914742451156,1,3,女性,39,8,12,0.25,0,0,21,4730192.353344672,7.336986301369863,4.0
C-001336749,S-0111,-100.0,1,3,男性,53,7,12,0.3333333333333333,0,0,19,4489501.980758176,6.397260273972603,4.0
C-002375713,S-0040,-21.965066655291697,0,3,女性,60,2,12,0.3333333333333333,1351,1,20,4550116.0180538,8.163013698630138,4.0
C-000996078,S-0106,-58.432293776157685,1,3,女性,55,8,12,0.0833333333333333,0,0,20,4462729.145118021,6.171232876712329,3.5
C-000604584,S-0121,-50.414146368045344,1,3,女性,57,10,12,0.6666666666666666,7956,2,14,4716268.25678644,9.856164383561644,7.0
C-001664674,S-0007,-48.16473927859192,0,3,女性,56,5,12,0.4166666666666667,9726,1,21,4487075.727367008,3.7260273972602738,1.0
C-001892769,S-0008,-17.783224580548538,0,3,男性,58,4,12,0.0833333333333333,9054,2,22,4498453.308937302,10.772602739726027,7.0
C-001321324,S-0018,-29.749787775288812,0,3,女性,49,7,12,0.3333333333333333,0,0,16,4493108.581950108,7.550684931506849,5.0
C-002035210,S-0079,-16.3324570475298,0,3,女性,50,3,12,0.0833333333333333,13111,1,13,4256656.371085242,8.479452054794521,6.0
C-002674938,S-0039,-11.704534642758519,0,3,女性,69,1,12,0.4166666666666667,0,0,16,4591288.568998441,8.193150684931506,5.0
C-000567176,S-0030,-11.79490609401903,0,3,女性,45,10,12,0.1666666666666666,8094,2,22,4426478.045479023,9.236986301369862,5.5
C-002533743,S-0080,-58.35060173253416,1,3,女性,59,1,12,0.3333333333333333,92865,2,17,4457429.264950683,11.673972602739726,9.0
C-002260508,S-0054,-66.04274161086106,1,3,女性,68,2,12,0.1666666666666666,0,0,23,4489160.181517739,6.358904109589041,4.0
C-000157447,S-0018,-40.38514506059494,0,3,女性,76,12,12,0.4166666666666667,4587,2,16,4493108.581950108,7.550684931506849,5.0
C-000106726,S-0113,-59.4393902706193,1,3,女性,43,12,12,0.5,23377,1,16,4336633.961311346,5.77945205479452,2.5
C-000992482,S-0002,-21.738849907250586,0,3,女性,60,8,12,0.1666666666666666,4868,1,15,4455566.655169959,5.663013698630137,2.0
C-000184530,S-0036,-100.0,1,3,女性,16,12,12,0.0,25969,2,19,4397834.424680548,11.123287671232877,9.0
C-001499368,S-0056,-100.0,1,3,女性,30,6,12,0.0833333333333333,12559,1,15,4406070.585753419,7.528767123287671,4.0
C-002295082,S-0012,-100.0,1,3,男性,59,2,12,0.1666666666666666,0,0,16,4444678.825084195,7.994520547945205,5.0
C-002514732,S-0002,-100.0,1,3,女性,53,1,12,0.1666666666666666,0,0,15,4455566.655169959,5.663013698630137,2.0
C-000224938,S-0080,-52.860389390136355,1,3,男性,29,12,12,0.0833333333333333,46658,2,17,4457429.264950683,11.673972602739726,9.0
C-002555914,S-0082,-44.89046893516167,0,3,女性,34,1,12,0.6666666666666666,0,0,17,4607261.71451126,4.758904109589041,2.0
C-001876603,S-0079,-50.04747761614673,1,3,男性,51,4,12,0.1666666666666666,15022,1,13,4256656.371085242,8.479452054794521,6.0
C-000468288,S-0075,-100.0,1,3,男性,64,10,12,0.3333333333333333,8148,1,19,4506647.2743158825,4.526027397260274,1.0
C-001132442,S-0074,-100.0,1,3,女性,31,7,12,0.5833333333333334,0,0,14,4614054.39694187,8.308219178082192,6.0
C-000682025,S-0111,-44.5604192860657,0,3,女性,42,9,12,0.25,21745,2,19,4489501.980758176,6.397260273972603,4.0
C-001322065,S-0036,-17.723875168139283,0,3,男性,62,7,12,0.3333333333333333,750,2,19,4397834.424680548,11.123287671232877,9.0
C-002427142,S-0080,-58.58755559853026,1,3,女性,46,2,12,0.0,0,0,17,4457429.264950683,11.673972602739726,9.0
C-000714104,S-0079,-33.12585780685938,0,3,女性,48,9,12,0.1666666666666666,1854,1,13,4256656.371085242,8.479452054794521,6.0
C-000802028,S-0097,-100.0,1,3,女性,74,9,12,0.0833333333333333,21346,2,21,4592508.716501317,10.09041095890411,7.0
C-000367984,S-0014,-100.0,1,3,女性,53,11,12,0.4166666666666667,0,0,21,4730192.353344672,7.336986301369863,4.0
C-001750820,S-0040,-25.873023334864158,0,3,男性,59,5,12,0.1666666666666666,32277,2,20,4550116.0180538,8.163013698630138,4.0
C-001949675,S-0096,-100.0,1,3,女性,68,4,12,0.3333333333333333,34925,1,16,4644856.458098179,8.302739726027397,5.0
C-000867890,S-0074,-24.06617787379471,0,3,男性,46,9,12,0.25,7069,1,14,4614054.39694187,8.308219178082192,6.0
C-001417395,S-0121,-42.395432260101565,0,3,女性,48,6,12,0.25,51844,1,14,4716268.25678644,9.856164383561644,7.0
C-000748018,S-0096,-66.98382222626161,1,3,男性,34,9,12,0.5,47112,1,16,4644856.458098179,8.302739726027397,5.0
C-002124023,S-0113,-71.62231972953708,1,3,女性,50,3,12,0.0,2731,1,16,4336633.961311346,5.77945205479452,2.5
C-001711546,S-0008,-34.87728845995709,0,3,女性,65,5,12,0.0833333333333333,4772,2,22,4498453.308937302,10.772602739726027,7.0
C-001520053,S-0106,-74.85688115411038,1,3,女性,53,6,12,0.5,0,0,20,4462729.145118021,6.171232876712329,3.5
C-000179155,S-0121,-26.951859798739836,0,3,男性,39,12,12,0.25,148173,2,14,4716268.25678644,9.856164383561644,7.0
C-001277777,S-0113,-59.85810845971934,1,3,男性,47,7,12,0.6666666666666666,82240,1,16,4336633.961311346,5.77945205479452,2.5
C-001756178,S-0030,-42.58943042370919,0,3,女性,48,5,12,0.1666666666666666,0,0,22,4426478.045479023,9.236986301369862,5.5
C-001804613,S-0115,-19.32999715232294,0,3,女性,45,4,12,0.1666666666666666,0,0,14,4553643.099564746,10.51095890410959,7.0
C-001500200,S-0004,-41.96466407514306,0,3,女性,60,6,12,0.25,132926,2,22,4423576.351309,11.806849315068494,9.0
C-000007313,S-0097,-52.61692184493288,1,3,女性,58,12,12,0.1666666666666666,42927,1,21,4592508.716501317,10.09041095890411,7.0
C-001426830,S-0004,-43.28839609051727,0,3,女性,58,6,12,0.1666666666666666,0,0,22,4423576.351309,11.806849315068494,9.0
C-001574428,S-0018,-32.32668368144174,0,3,女性,64,6,12,0.0833333333333333,0,0,16,4493108.581950108,7.550684931506849,5.0
C-002480886,S-0018,-53.41124341045883,1,3,男性,49,1,12,0.1666666666666666,0,0,16,4493108.581950108,7.550684931506849,5.0
C-000482891,S-0080,-36.15219760042863,0,3,男性,24,10,12,0.5833333333333334,15074,1,17,4457429.264950683,11.673972602739726,9.0
C-000848458,S-0085,-16.793048274485656,0,3,女性,46,9,12,0.25,0,0,15,4606655.398026554,4.928767123287671,2.0
C-001965338,S-0007,-24.777524168384833,0,3,男性,52,4,12,0.25,2857,2,21,4487075.727367008,3.7260273972602738,1.0
C-000555463,S-0089,-100.0,1,3,女性,65,10,12,0.0,24085,1,19,4721110.949352573,10.142465753424657,7.0
C-001311026,S-0048,-18.816745190420104,0,3,男性,55,7,12,0.5833333333333334,16973,1,15,4502249.082895545,3.671232876712329,1.0
C-000845855,S-0019,-100.0,1,3,女性,79,9,12,0.1666666666666666,17058,2,19,4327199.920883598,4.090410958904109,1.0
C-001365690,S-0041,-17.44466398513396,0,3,女性,42,6,12,0.6666666666666666,0,0,17,4828489.286769263,10.389041095890411,7.0
C-002230980,S-0106,-100.0,1,3,男性,33,3,12,0.3333333333333333,20052,1,20,4462729.145118021,6.171232876712329,3.5
C-001979353,S-0008,-35.22582575351262,0,3,男性,45,4,12,0.25,61812,2,22,4498453.308937302,10.772602739726027,7.0
C-000579693,S-0012,-100.0,1,3,女性,34,10,12,0.25,0,0,16,4444678.825084195,7.994520547945205,5.0
C-000672315,S-0014,-100.0,1,3,男性,48,10,12,0.25,6080,2,21,4730192.353344672,7.336986301369863,4.0
C-002224589,S-0056,-77.66300784992688,1,3,男性,47,3,12,0.4166666666666667,0,0,15,4406070.585753419,7.528767123287671,4.0
C-001761791,S-0054,-100.0,1,3,男性,72,5,12,0.3333333333333333,52449,2,23,4489160.181517739,6.358904109589041,4.0
C-000851466,S-0096,-88.81318663012968,1,3,女性,42,9,12,0.25,0,0,16,4644856.458098179,8.302739726027397,5.0
C-001497992,S-0054,-89.67901234567901,1,3,女性,58,6,12,0.9166666666666666,0,0,23,4489160.181517739,6.358904109589041,4.0
C-001174484,S-0079,-100.0,1,3,男性,43,7,12,0.1666666666666666,0,0,13,4256656.371085242,8.479452054794521,6.0
C-002354482,S-0008,-100.0,1,3,女性,52,2,12,0.4166666666666667,0,0,22,4498453.308937302,10.772602739726027,7.0
C-002673305,S-0063,-46.43039238597013,0,3,女性,57,1,12,0.25,22460,1,18,4564012.176421695,5.749315068493151,3.0
C-001520896,S-0102,-29.67226955253665,0,3,女性,43,6,12,0.3333333333333333,23442,1,16,4383474.364435211,10.484931506849314,7.5
C-000829344,S-0012,-70.41634687827857,1,3,男性,60,9,12,0.1666666666666666,15163,1,16,4444678.825084195,7.994520547945205,5.0
C-000815056,S-0039,-100.0,1,3,女性,60,9,12,0.3333333333333333,3266,1,16,4591288.568998441,8.193150684931506,5.0
C-001968101,S-0115,-79.03050373069702,1,3,男性,80,4,12,0.0,25776,1,14,4553643.099564746,10.51095890410959,7.0
C-000079654,S-0089,-100.0,1,3,男性,53,12,12,0.0833333333333333,1058,1,19,4721110.949352573,10.142465753424657,7.0
C-002215619,S-0115,-68.86459699752223,1,3,男性,56,3,12,0.25,29234,2,14,4553643.099564746,10.51095890410959,7.0
C-002308364,S-0002,-100.0,1,3,女性,34,2,12,0.25,0,0,15,4455566.655169959,5.663013698630137,2.0
C-002631361,S-0008,-31.284489088390472,0,3,男性,60,1,12,0.5,41685,1,22,4498453.308937302,10.772602739726027,7.0
C-002498376,S-0012,-68.7876880096796,1,3,男性,38,1,12,0.3333333333333333,20967,2,16,4444678.825084195,7.994520547945205,5.0
C-000534740,S-0097,-100.0,1,3,女性,32,10,12,0.1666666666666666,2647,1,21,4592508.716501317,10.09041095890411,7.0
C-001581296,S-0014,-82.7309920373246,1,3,男性,41,5,12,0.0833333333333333,22015,1,21,4730192.353344672,7.336986301369863,4.0
C-001581062,S-0117,-98.75617639939055,1,3,男性,60,5,12,0.5833333333333334,21195,1,20,4500859.737076383,9.593150684931507,7.0
C-000518192,S-0056,-25.60359473539083,0,3,女性,42,10,12,0.0833333333333333,0,0,15,4406070.585753419,7.528767123287671,4.0
C-001083153,S-0080,-57.70343089376665,1,3,男性,38,8,12,0.6666666666666666,13539,2,17,4457429.264950683,11.673972602739726,9.0
C-001348414,S-0030,-55.13631010622404,1,3,女性,59,7,12,0.1666666666666666,0,0,22,4426478.045479023,9.236986301369862,5.5
C-002365921,S-0056,-43.20849541633797,0,3,女性,66,2,12,0.3333333333333333,67725,2,15,4406070.585753419,7.528767123287671,4.0
C-002555160,S-0072,-32.46388495535843,0,3,男性,60,1,12,0.0833333333333333,73060,2,12,4406797.312641796,9.01917808219178,6.0
C-000681755,S-0115,-78.03126250747022,1,3,男性,43,9,12,0.1666666666666666,1730,1,14,4553643.099564746,10.51095890410959,7.0
C-000434573,S-0099,-29.802277637145952,0,3,男性,71,11,12,0.5833333333333334,12670,1,13,4464126.154078853,8.147945205479452,5.0
C-002170272,S-0072,-100.0,1,3,女性,18,3,12,0.0833333333333333,6366,1,12,4406797.312641796,9.01917808219178,6.0
C-000035550,S-0074,-47.291705979003765,0,3,女性,66,12,12,0.1666666666666666,0,0,14,4614054.39694187,8.308219178082192,6.0
C-002367855,S-0020,-74.19315785756802,1,3,男性,48,2,12,0.3333333333333333,0,0,16,4280702.057267675,6.986301369863014,3.5
C-001524097,S-0005,-12.237739940054844,0,3,女性,54,6,12,0.1666666666666666,0,0,21,4733942.970761149,4.69041095890411,2.0
C-001633049,S-0056,-47.21445674641344,0,3,女性,38,5,12,0.25,19960,1,15,4406070.585753419,7.528767123287671,4.0
C-000498313,S-0012,-100.0,1,3,女性,49,10,12,0.4166666666666667,80670,1,16,4444678.825084195,7.994520547945205,5.0
C-000967010,S-0056,-21.459533766183007,0,3,男性,27,8,12,0.0833333333333333,3810,2,15,4406070.585753419,7.528767123287671,4.0
C-000668203,S-0096,-77.13932606556251,1,3,女性,47,10,12,0.1666666666666666,3602,2,16,4644856.458098179,8.302739726027397,5.0
C-000035863,S-0072,-100.0,1,3,男性,26,12,12,0.1666666666666666,0,0,12,4406797.312641796,9.01917808219178,6.0
C-001157165,S-0020,-49.784285839140004,1,3,女性,60,7,12,0.5833333333333334,28701,1,16,4280702.057267675,6.986301369863014,3.5
C-000683016,S-0012,-25.628104197812196,0,3,女性,63,9,12,0.6666666666666666,0,0,16,4444678.825084195,7.994520547945205,5.0
C-001851732,S-0054,-26.5092369870206,0,3,女性,33,4,12,0.0833333333333333,21045,2,23,4489160.181517739,6.358904109589041,4.0
C-000549012,S-0018,-100.0,1,3,男性,63,10,12,0.1666666666666666,0,0,16,4493108.581950108,7.550684931506849,5.0
C-000532274,S-0008,-100.0,1,3,女性,43,10,12,0.1666666666666666,0,0,22,4498453.308937302,10.772602739726027,7.0
C-000705360,S-0008,-100.0,1,3,男性,39,9,12,0.5,20170,1,22,4498453.308937302,10.772602739726027,7.0
C-001751174,S-0018,-100.0,1,3,女性,32,5,12,0.25,58114,1,16,4493108.581950108,7.550684931506849,5.0
C-001512748,S-0079,-17.821224614317327,0,3,男性,30,6,12,0.25,0,0,13,4256656.371085242,8.479452054794521,6.0
C-001985764,S-0131,-70.41096962994138,1,3,女性,41,4,12,0.75,0,0,17,4569023.5643747775,5.13972602739726,2.0
C-002068234,S-0007,-100.0,1,3,男性,50,3,12,0.4166666666666667,0,0,21,4487075.727367008,3.7260273972602738,1.0
C-000570960,S-0079,-49.28339008702232,1,3,女性,53,10,12,0.0833333333333333,0,0,13,4256656.371085242,8.479452054794521,6.0
C-001981061,S-0063,-12.825182871702145,0,3,女性,38,4,12,0.6666666666666666,0,0,18,4564012.176421695,5.749315068493151,3.0
C-001553725,S-0050,-47.643181108723994,0,3,男性,60,6,12,0.0833333333333333,25919,1,20,4615411.181286601,9.2013698630137,6.0
C-001205366,S-0041,-39.28201014239463,0,3,女性,48,7,12,0.1666666666666666,11066,1,17,4828489.286769263,10.389041095890411,7.0
C-000212156,S-0121,-13.013543418835956,0,3,女性,37,12,12,0.25,12620,1,14,4716268.25678644,9.856164383561644,7.0
C-002296898,S-0096,-62.21481524050342,1,3,女性,47,2,12,0.1666666666666666,5029,1,16,4644856.458098179,8.302739726027397,5.0
C-002207973,S-0089,-51.59184031201385,1,3,男性,52,3,12,0.1666666666666666,11638,2,19,4721110.949352573,10.142465753424657,7.0
C-001405375,S-0080,-100.0,1,3,女性,19,6,12,0.3333333333333333,0,0,17,4457429.264950683,11.673972602739726,9.0
C-002334617,S-0074,-43.789027837795935,0,3,女性,67,2,12,0.0833333333333333,29614,1,14,4614054.39694187,8.308219178082192,6.0
C-001402521,S-0096,-21.33808108807563,0,3,女性,54,6,12,0.0833333333333333,15069,1,16,4644856.458098179,8.302739726027397,5.0
C-002063414,S-0096,-43.27879809810266,0,3,女性,44,3,12,0.25,18305,2,16,4644856.458098179,8.302739726027397,5.0
C-000545298,S-0121,-22.541527934592683,0,3,女性,56,10,12,0.1666666666666666,4324,2,14,4716268.25678644,9.856164383561644,7.0
C-001491329,S-0056,-71.30529736064133,1,3,男性,18,6,12,0.1666666666666666,40751,1,15,4406070.585753419,7.528767123287671,4.0
C-000883962,S-0097,-12.775967157451976,0,3,女性,38,9,12,0.25,0,0,21,4592508.716501317,10.09041095890411,7.0
C-001453245,S-0014,-100.0,1,3,女性,65,6,12,0.5,20821,1,21,4730192.353344672,7.336986301369863,4.0
C-001455625,S-0004,-100.0,1,3,男性,69,6,12,0.1666666666666666,4978,1,22,4423576.351309,11.806849315068494,9.0
C-001153587,S-0002,-21.466832382139046,0,3,男性,67,7,12,0.1666666666666666,0,0,15,4455566.655169959,5.663013698630137,2.0
C-001477662,S-0121,-35.6323506949748,0,3,男性,56,6,12,0.3333333333333333,0,0,14,4716268.25678644,9.856164383561644,7.0
C-002344627,S-0096,-100.0,1,3,女性,55,2,12,0.0,9301,1,16,4644856.458098179,8.302739726027397,5.0
C-002568405,S-0082,-14.358837178546954,0,3,女性,67,1,12,0.6666666666666666,0,0,17,4607261.71451126,4.758904109589041,2.0
C-000494897,S-0007,-35.07349993318188,0,3,男性,42,10,12,0.25,0,0,21,4487075.727367008,3.7260273972602738,1.0
C-002108336,S-0039,-15.838873176177588,0,3,女性,41,3,12,0.1666666666666666,5637,1,16,4591288.568998441,8.193150684931506,5.0
C-001565866,S-0050,-12.572324489897579,0,3,男性,46,6,12,0.0833333333333333,81876,2,20,4615411.181286601,9.2013698630137,6.0
C-001151150,S-0048,-100.0,1,3,女性,59,7,12,0.25,34131,1,15,4502249.082895545,3.671232876712329,1.0
C-001466277,S-0014,-73.15395171160479,1,3,女性,50,6,12,0.25,1013,1,21,4730192.353344672,7.336986301369863,4.0
C-001848429,S-0002,-78.80260456761611,1,3,女性,44,4,12,0.0833333333333333,17526,1,15,4455566.655169959,5.663013698630137,2.0
C-002603595,S-0050,-33.623382158056664,0,3,女性,41,1,12,0.0833333333333333,10125,1,20,4615411.181286601,9.2013698630137,6.0
C-001862468,S-0099,-49.713906569033504,1,3,男性,52,4,12,0.25,11959,2,13,4464126.154078853,8.147945205479452,5.0
C-000257890,S-0102,-100.0,1,3,女性,54,11,12,0.5833333333333334,158464,2,16,4383474.364435211,10.484931506849314,7.5
C-000501650,S-0007,-100.0,1,3,女性,42,10,12,0.1666666666666666,1538,2,21,4487075.727367008,3.7260273972602738,1.0
C-002442585,S-0121,-100.0,1,3,男性,59,2,12,0.5833333333333334,0,0,14,4716268.25678644,9.856164383561644,7.0
C-001562205,S-0002,-100.0,1,3,女性,31,6,12,0.75,38047,1,15,4455566.655169959,5.663013698630137,2.0
C-001085493,S-0007,-29.51818179671989,0,3,男性,36,8,12,0.25,9694,2,21,4487075.727367008,3.7260273972602738,1.0
C-000009841,S-0097,-100.0,1,3,男性,44,12,12,0.25,0,0,21,4592508.716501317,10.09041095890411,7.0
C-001562580,S-0020,-100.0,1,3,男性,42,6,12,0.4166666666666667,0,0,16,4280702.057267675,6.986301369863014,3.5
C-000020190,S-0056,-25.111745764011346,0,3,男性,51,12,12,0.25,11961,2,15,4406070.585753419,7.528767123287671,4.0
C-000910221,S-0131,-46.29662041751528,0,3,女性,49,8,12,0.6666666666666666,0,0,17,4569023.5643747775,5.13972602739726,2.0
C-001915421,S-0131,-51.14899976225249,1,3,女性,78,4,12,0.3333333333333333,0,0,17,4569023.5643747775,5.13972602739726,2.0
C-002329078,S-0039,-30.138429034066803,0,3,男性,34,2,12,0.25,0,0,16,4591288.568998441,8.193150684931506,5.0
C-001397472,S-0115,-20.045459915793092,0,3,男性,26,6,12,0.0833333333333333,496,2,14,4553643.099564746,10.51095890410959,7.0
C-000437995,S-0056,-29.327735979030052,0,3,男性,49,11,12,0.0833333333333333,33114,1,15,4406070.585753419,7.528767123287671,4.0
C-001645530,S-0096,-75.28361142564147,1,3,女性,55,5,12,0.3333333333333333,43632,1,16,4644856.458098179,8.302739726027397,5.0
C-001353688,S-0005,-19.48705546822554,0,3,男性,46,6,12,0.5,334,2,21,4733942.970761149,4.69041095890411,2.0
C-002312244,S-0054,-23.395790425478474,0,3,男性,52,2,12,0.4166666666666667,26761,1,23,4489160.181517739,6.358904109589041,4.0
C-001862990,S-0096,-20.58060499772302,0,3,男性,33,4,12,0.0,12228,1,16,4644856.458098179,8.302739726027397,5.0
C-001956307,S-0080,-24.742032781680358,0,3,男性,50,4,12,0.4166666666666667,3390,2,17,4457429.264950683,11.673972602739726,9.0
C-000534057,S-0115,-28.85220535042732,0,3,女性,25,10,12,0.4166666666666667,13605,1,14,4553643.099564746,10.51095890410959,7.0
C-000446232,S-0063,-49.79455927624553,1,3,女性,60,11,12,0.8333333333333334,5370,2,18,4564012.176421695,5.749315068493151,3.0
C-000076279,S-0008,-16.170435644530883,0,3,男性,57,12,12,0.3333333333333333,0,0,22,4498453.308937302,10.772602739726027,7.0
C-000773987,S-0014,-34.49241316350294,0,3,女性,69,9,12,0.4166666666666667,49886,1,21,4730192.353344672,7.336986301369863,4.0
C-002485206,S-0121,-18.6874211024875,0,3,男性,43,1,12,0.25,0,0,14,4716268.25678644,9.856164383561644,7.0
C-000540848,S-0097,-54.09070585361132,1,3,女性,30,10,12,0.3333333333333333,5550,1,21,4592508.716501317,10.09041095890411,7.0
C-001992428,S-0111,-100.0,1,3,男性,29,4,12,0.3333333333333333,0,0,19,4489501.980758176,6.397260273972603,4.0
C-002272875,S-0097,-61.35023148637507,1,3,女性,57,2,12,0.5,0,0,21,4592508.716501317,10.09041095890411,7.0
C-000252702,S-0074,-43.86326524077869,0,3,男性,69,11,12,0.1666666666666666,0,0,14,4614054.39694187,8.308219178082192,6.0
C-000029479,S-0106,-47.018360726979246,0,3,男性,60,12,12,0.4166666666666667,51975,2,20,4462729.145118021,6.171232876712329,3.5
C-002075321,S-0079,-24.802580524120994,0,3,男性,64,3,12,0.5,1080,2,13,4256656.371085242,8.479452054794521,6.0
C-000771012,S-0097,-37.522879804759,0,3,女性,50,9,12,0.0833333333333333,3245,1,21,4592508.716501317,10.09041095890411,7.0
C-002357217,S-0082,-17.641209162173936,0,3,女性,57,2,12,0.1666666666666666,45568,1,17,4607261.71451126,4.758904109589041,2.0
C-000369264,S-0014,-44.61395206449226,0,3,男性,48,11,12,0.4166666666666667,2257,2,21,4730192.353344672,7.336986301369863,4.0
C-001359816,S-0036,-90.08924156443523,1,3,女性,59,6,12,0.0,0,0,19,4397834.424680548,11.123287671232877,9.0
C-001543904,S-0080,-72.1248201972839,1,3,男性,67,6,12,0.1666666666666666,50210,1,17,4457429.264950683,11.673972602739726,9.0
C-000036041,S-0036,-26.447074313623105,0,3,女性,45,12,12,0.3333333333333333,7438,1,19,4397834.424680548,11.123287671232877,9.0
C-000863397,S-0018,-38.38067639003885,0,3,男性,55,9,12,0.25,0,0,16,4493108.581950108,7.550684931506849,5.0
C-000806945,S-0115,-32.933054537338194,0,3,女性,41,9,12,0.25,9278,2,14,4553643.099564746,10.51095890410959,7.0
C-001473744,S-0126,-28.408243261031725,0,3,女性,64,6,12,0.25,4366,1,17,4493168.352495564,5.53972602739726,3.0
C-001211153,S-0080,-100.0,1,3,女性,76,7,12,0.0833333333333333,3203,2,17,4457429.264950683,11.673972602739726,9.0
C-000933905,S-0121,-57.26638317579942,1,3,女性,63,8,12,0.3333333333333333,5369,1,14,4716268.25678644,9.856164383561644,7.0
C-001008557,S-0111,-100.0,1,3,男性,33,8,12,0.5833333333333334,0,0,19,4489501.980758176,6.397260273972603,4.0
C-002147084,S-0113,-31.21587016710623,0,3,女性,72,3,12,0.0833333333333333,8960,1,16,4336633.961311346,5.77945205479452,2.5
C-002230503,S-0050,-45.68918641323393,0,3,女性,47,3,12,0.4166666666666667,23923,1,20,4615411.181286601,9.2013698630137,6.0
C-002181713,S-0041,-49.201551248360126,1,3,女性,54,3,12,0.1666666666666666,28732,1,17,4828489.286769263,10.389041095890411,7.0
C-000225260,S-0040,-52.7830714719293,1,3,女性,72,11,12,0.0,15002,1,20,4550116.0180538,8.163013698630138,4.0
C-002528418,S-0030,-43.74044909104573,0,3,男性,31,1,12,0.0,3516,1,22,4426478.045479023,9.236986301369862,5.5
C-000821471,S-0059,-16.178503244315912,0,3,男性,48,9,12,0.5833333333333334,0,0,14,4713188.969095345,6.8123287671232875,3.0
C-000701673,S-0039,-35.88499648479528,0,3,男性,45,9,12,0.0,10865,1,16,4591288.568998441,8.193150684931506,5.0
C-000537432,S-0082,-100.0,1,3,女性,59,10,12,0.3333333333333333,16337,2,17,4607261.71451126,4.758904109589041,2.0
C-001896885,S-0082,-23.807757725729935,0,3,男性,50,4,12,0.0833333333333333,1097,1,17,4607261.71451126,4.758904109589041,2.0
C-000089816,S-0074,-39.629448253346396,0,3,男性,36,12,12,0.6666666666666666,17251,1,14,4614054.39694187,8.308219178082192,6.0
C-000068881,S-0075,-64.17260822964724,1,3,女性,50,12,12,0.5,0,0,19,4506647.2743158825,4.526027397260274,1.0
C-001154389,S-0056,-100.0,1,3,女性,43,7,12,0.1666666666666666,17970,1,15,4406070.585753419,7.528767123287671,4.0
C-001291345,S-0018,-100.0,1,3,女性,60,7,12,0.1666666666666666,0,0,16,4493108.581950108,7.550684931506849,5.0
C-001616927,S-0117,-98.84505100358673,1,3,男性,17,5,12,0.0833333333333333,21999,1,20,4500859.737076383,9.593150684931507,7.0
C-002559028,S-0117,-100.0,1,3,男性,50,1,12,0.0,0,0,20,4500859.737076383,9.593150684931507,7.0
C-001962832,S-0018,-100.0,1,3,男性,70,4,12,0.5,0,0,16,4493108.581950108,7.550684931506849,5.0
C-000221496,S-0113,-79.969882742526,1,3,男性,61,12,12,0.6666666666666666,0,0,16,4336633.961311346,5.77945205479452,2.5
C-000881262,S-0121,-43.17015516672169,0,3,女性,36,9,12,0.4166666666666667,0,0,14,4716268.25678644,9.856164383561644,7.0
C-001057448,S-0106,-25.076468535388706,0,3,女性,33,8,12,0.25,4807,2,20,4462729.145118021,6.171232876712329,3.5
C-000585970,S-0121,-100.0,1,3,男性,38,10,12,0.1666666666666666,9851,1,14,4716268.25678644,9.856164383561644,7.0
C-000901775,S-0113,-100.0,1,3,男性,56,8,12,0.4166666666666667,0,0,16,4336633.961311346,5.77945205479452,2.5
C-002581267,S-0040,-100.0,1,3,女性,52,1,12,0.0,15441,1,20,4550116.0180538,8.163013698630138,4.0
C-001303577,S-0131,-100.0,1,3,女性,57,7,12,0.5833333333333334,0,0,17,4569023.5643747775,5.13972602739726,2.0
C-000624207,S-0106,-36.133832445582364,0,3,男性,44,10,12,0.4166666666666667,5108,1,20,4462729.145118021,6.171232876712329,3.5
C-000753649,S-0121,-33.88587395474964,0,3,男性,64,9,12,0.0833333333333333,7603,1,14,4716268.25678644,9.856164383561644,7.0
C-001664134,S-0018,-89.77789621679241,1,3,男性,58,5,12,0.3333333333333333,0,0,16,4493108.581950108,7.550684931506849,5.0
C-001835050,S-0018,-28.860104850517164,0,3,女性,58,4,12,0.25,39037,1,16,4493108.581950108,7.550684931506849,5.0
C-001116687,S-0113,-64.89089658216182,1,3,女性,38,8,12,0.5833333333333334,22434,1,16,4336633.961311346,5.77945205479452,2.5
C-002155012,S-0040,-40.721616592689394,0,3,男性,24,3,12,0.3333333333333333,32777,1,20,4550116.0180538,8.163013698630138,4.0
C-002391788,S-0018,-73.87610130776375,1,3,女性,53,2,12,0.1666666666666666,59629,1,16,4493108.581950108,7.550684931506849,5.0
C-000335181,S-0017,-24.519707278539972,0,3,女性,53,11,12,0.25,4183,1,20,4640207.03550726,5.608219178082192,2.5
C-001373549,S-0005,-13.41011263393158,0,3,女性,43,6,12,0.3333333333333333,664,1,21,4733942.970761149,4.69041095890411,2.0
C-002437399,S-0005,-100.0,1,3,女性,76,2,12,0.5,3598,1,21,4733942.970761149,4.69041095890411,2.0
C-001209622,S-0072,-54.043515180407,1,3,男性,59,7,12,0.25,7786,1,12,4406797.312641796,9.01917808219178,6.0
C-001751761,S-0111,-29.129725537117356,0,3,女性,54,5,12,0.1666666666666666,0,0,19,4489501.980758176,6.397260273972603,4.0
C-001062820,S-0050,-45.990839850477784,0,3,女性,60,8,12,0.0,13609,1,20,4615411.181286601,9.2013698630137,6.0
C-002080672,S-0079,-12.817224455570079,0,3,女性,53,3,12,0.1666666666666666,2215,1,13,4256656.371085242,8.479452054794521,6.0
C-001997800,S-0004,-100.0,1,3,女性,48,4,12,0.1666666666666666,0,0,22,4423576.351309,11.806849315068494,9.0
C-001479075,S-0072,-100.0,1,3,女性,35,6,12,0.25,45299,1,12,4406797.312641796,9.01917808219178,6.0
C-001010640,S-0111,-19.113567941186417,0,3,女性,50,8,12,0.25,16772,1,19,4489501.980758176,6.397260273972603,4.0
C-001562055,S-0008,-28.639649049509085,0,3,女性,40,6,12,0.6666666666666666,0,0,22,4498453.308937302,10.772602739726027,7.0
C-002580383,S-0074,-45.257987881376295,0,3,女性,36,1,12,0.4166666666666667,10694,1,14,4614054.39694187,8.308219178082192,6.0
C-001878862,S-0102,-70.18334528321213,1,3,女性,44,4,12,0.0833333333333333,3595,2,16,4383474.364435211,10.484931506849314,7.5
C-001885407,S-0113,-78.40237277968474,1,3,男性,54,4,12,0.0833333333333333,861,1,16,4336633.961311346,5.77945205479452,2.5
C-002014000,S-0075,-100.0,1,3,女性,63,4,12,0.75,0,0,19,4506647.2743158825,4.526027397260274,1.0
C-002212478,S-0014,-99.66324326706925,1,3,女性,74,3,12,0.3333333333333333,0,0,21,4730192.353344672,7.336986301369863,4.0
C-000132092,S-0039,-43.33669029810643,0,3,男性,45,12,12,0.3333333333333333,0,0,16,4591288.568998441,8.193150684931506,5.0
C-001265184,S-0079,-58.776811442538765,1,3,女性,41,7,12,0.3333333333333333,25338,1,13,4256656.371085242,8.479452054794521,6.0
C-002356638,S-0075,-11.089076768014857,0,3,男性,53,2,12,0.5833333333333334,35317,1,19,4506647.2743158825,4.526027397260274,1.0
C-001837215,S-0030,-61.15092008583133,1,3,女性,70,4,12,0.0833333333333333,3336,1,22,4426478.045479023,9.236986301369862,5.5
C-000471051,S-0012,-99.26523024655252,1,3,男性,74,10,12,0.25,27538,1,16,4444678.825084195,7.994520547945205,5.0
C-001679187,S-0018,-100.0,1,3,男性,28,5,12,0.25,0,0,16,4493108.581950108,7.550684931506849,5.0
C-002459696,S-0117,-28.492087723870874,0,3,女性,52,2,12,0.1666666666666666,10391,1,20,4500859.737076383,9.593150684931507,7.0
C-001735302,S-0080,-82.09051555532375,1,3,男性,52,5,12,0.3333333333333333,8847,1,17,4457429.264950683,11.673972602739726,9.0
C-002616702,S-0048,-14.810805975489757,0,3,男性,77,1,12,0.0,7379,2,15,4502249.082895545,3.671232876712329,1.0
C-002423158,S-0072,-96.99056828089087,1,3,男性,53,2,12,0.0833333333333333,13907,1,12,4406797.312641796,9.01917808219178,6.0
C-001565865,S-0012,-60.70729225782372,1,3,女性,54,6,12,0.0833333333333333,26624,2,16,4444678.825084195,7.994520547945205,5.0
C-001823439,S-0089,-29.211298210221788,0,3,女性,49,4,12,0.25,3741,1,19,4721110.949352573,10.142465753424657,7.0
C-002692293,S-0062,-27.0048158635962,0,3,男性,46,1,12,0.0833333333333333,15452,2,15,4713869.782113416,4.575342465753424,1.0
C-001636130,S-0018,-100.0,1,3,男性,23,5,12,0.4166666666666667,10110,1,16,4493108.581950108,7.550684931506849,5.0
C-000664671,S-0056,-46.39805202890597,0,3,女性,51,10,12,0.25,77038,1,15,4406070.585753419,7.528767123287671,4.0
C-001889131,S-0036,-100.0,1,3,女性,50,4,12,0.25,24435,2,19,4397834.424680548,11.123287671232877,9.0
C-001276693,S-0018,-39.18314883634717,0,3,男性,64,7,12,0.4166666666666667,62829,1,16,4493108.581950108,7.550684931506849,5.0
C-002522627,S-0039,-36.43655852397063,0,3,男性,44,1,12,0.3333333333333333,0,0,16,4591288.568998441,8.193150684931506,5.0
C-002365640,S-0100,-57.08180573346879,1,3,女性,20,2,12,0.0,4334,2,17,4535925.154217558,4.720547945205479,2.0
C-000241000,S-0097,-24.278983166774328,0,3,女性,59,11,12,0.0833333333333333,16827,1,21,4592508.716501317,10.09041095890411,7.0
C-002582499,S-0115,-100.0,1,3,男性,43,1,12,0.0,0,0,14,4553643.099564746,10.51095890410959,7.0
C-001314551,S-0039,-84.75490682818653,1,3,男性,43,7,12,0.0,0,0,16,4591288.568998441,8.193150684931506,5.0
C-000021211,S-0097,-72.43838117011053,1,3,男性,20,12,12,0.0833333333333333,0,0,21,4592508.716501317,10.09041095890411,7.0
C-000535073,S-0036,-24.085010277286678,0,3,男性,76,10,12,0.0833333333333333,18671,1,19,4397834.424680548,11.123287671232877,9.0
C-001242898,S-0102,-12.131983424927263,0,3,女性,29,7,12,0.0833333333333333,0,0,16,4383474.364435211,10.484931506849314,7.5
C-001487237,S-0018,-29.519460007345604,0,3,男性,50,6,12,0.25,50181,2,16,4493108.581950108,7.550684931506849,5.0
C-002105302,S-0012,-58.21307797904042,1,3,女性,44,3,12,0.0833333333333333,0,0,16,4444678.825084195,7.994520547945205,5.0
C-001021545,S-0007,-34.54620390989284,0,3,女性,54,8,12,0.4166666666666667,4369,2,21,4487075.727367008,3.7260273972602738,1.0
C-000084304,S-0115,-100.0,1,3,女性,39,12,12,0.0833333333333333,0,0,14,4553643.099564746,10.51095890410959,7.0
C-001889046,S-0050,-21.37728895473091,0,3,女性,49,4,12,0.25,7972,1,20,4615411.181286601,9.2013698630137,6.0
C-001178672,S-0017,-63.099464637926175,1,3,男性,47,7,12,0.4166666666666667,-5189,1,20,4640207.03550726,5.608219178082192,2.5
C-001790205,S-0062,-17.661689781637545,0,3,男性,42,5,12,0.0833333333333333,19213,2,15,4713869.782113416,4.575342465753424,1.0
C-002218560,S-0115,-72.86352040816327,1,3,女性,55,3,12,0.0,0,0,14,4553643.099564746,10.51095890410959,7.0
C-002312009,S-0056,-38.40078320346091,0,3,女性,44,2,12,0.0833333333333333,0,0,15,4406070.585753419,7.528767123287671,4.0
C-002166033,S-0012,-26.672927125419832,0,3,女性,56,3,12,0.25,16299,2,16,4444678.825084195,7.994520547945205,5.0
C-000595260,S-0115,-91.9000952769838,1,3,女性,52,10,12,0.25,1300,1,14,4553643.099564746,10.51095890410959,7.0
C-000852197,S-0100,-31.398556710671926,0,3,女性,32,9,12,0.3333333333333333,6344,1,17,4535925.154217558,4.720547945205479,2.0
C-001235094,S-0004,-42.2821068009287,0,3,女性,55,7,12,0.0,2648,1,22,4423576.351309,11.806849315068494,9.0
C-000830042,S-0002,-18.778293815692983,0,3,男性,41,9,12,0.3333333333333333,10518,2,15,4455566.655169959,5.663013698630137,2.0
C-002632448,S-0030,-20.429865136099394,0,3,女性,31,1,12,0.0833333333333333,0,0,22,4426478.045479023,9.236986301369862,5.5
C-000577347,S-0131,-60.910475001654895,1,3,女性,67,10,12,0.4166666666666667,323,2,17,4569023.5643747775,5.13972602739726,2.0
C-001247586,S-0072,-23.752156495803973,0,3,男性,60,7,12,0.3333333333333333,0,0,12,4406797.312641796,9.01917808219178,6.0
C-001080812,S-0014,-85.92534318749368,1,3,男性,49,8,12,0.1666666666666666,7898,1,21,4730192.353344672,7.336986301369863,4.0
C-001258243,S-0100,-100.0,1,3,男性,45,7,12,0.0833333333333333,12469,1,17,4535925.154217558,4.720547945205479,2.0
C-000254708,S-0097,-59.165621613724085,1,3,女性,29,11,12,0.0833333333333333,9672,2,21,4592508.716501317,10.09041095890411,7.0
C-002173352,S-0089,-100.0,1,3,女性,49,3,12,0.4166666666666667,0,0,19,4721110.949352573,10.142465753424657,7.0
C-001033701,S-0050,-58.28839798225779,1,3,女性,49,8,12,0.3333333333333333,0,0,20,4615411.181286601,9.2013698630137,6.0
C-002018769,S-0056,-53.28523908681618,1,3,女性,65,4,12,0.25,1181,1,15,4406070.585753419,7.528767123287671,4.0
C-000972989,S-0074,-100.0,1,3,男性,58,8,12,0.4166666666666667,8637,1,14,4614054.39694187,8.308219178082192,6.0
C-001953066,S-0017,-25.86410901541277,0,3,女性,64,4,12,0.25,22295,2,20,4640207.03550726,5.608219178082192,2.5
C-002005881,S-0050,-34.56974992187959,0,3,男性,58,4,12,0.1666666666666666,0,0,20,4615411.181286601,9.2013698630137,6.0
C-002313416,S-0008,-100.0,1,3,女性,28,2,12,0.25,0,0,22,4498453.308937302,10.772602739726027,7.0
C-001381196,S-0036,-61.921963412769145,1,3,女性,46,6,12,0.25,12082,1,19,4397834.424680548,11.123287671232877,9.0
C-000368017,S-0117,-18.50921852417607,0,3,男性,55,11,12,0.25,22283,1,20,4500859.737076383,9.593150684931507,7.0
C-000317984,S-0056,-73.16491106641,1,3,女性,49,11,12,0.0833333333333333,5139,1,15,4406070.585753419,7.528767123287671,4.0
C-002173322,S-0036,-100.0,1,3,女性,37,3,12,0.25,0,0,19,4397834.424680548,11.123287671232877,9.0
C-000217461,S-0097,-44.19002176214563,0,3,男性,32,12,12,0.1666666666666666,4387,2,21,4592508.716501317,10.09041095890411,7.0
C-001935968,S-0115,-26.78489575632116,0,3,女性,50,4,12,0.25,1180,1,14,4553643.099564746,10.51095890410959,7.0
C-000504991,S-0117,-100.0,1,3,女性,55,10,12,0.3333333333333333,19135,1,20,4500859.737076383,9.593150684931507,7.0
C-000925056,S-0115,-100.0,1,3,女性,43,8,12,0.3333333333333333,60849,1,14,4553643.099564746,10.51095890410959,7.0
C-001064068,S-0005,-21.326568166657722,0,3,女性,61,8,12,0.0833333333333333,20574,1,21,4733942.970761149,4.69041095890411,2.0
C-001754320,S-0106,-100.0,1,3,女性,39,5,12,0.25,20545,1,20,4462729.145118021,6.171232876712329,3.5
C-002137286,S-0080,-100.0,1,3,男性,52,3,12,0.4166666666666667,4099,2,17,4457429.264950683,11.673972602739726,9.0
C-000942609,S-0036,-100.0,1,3,男性,46,8,12,0.3333333333333333,64236,1,19,4397834.424680548,11.123287671232877,9.0
C-000424928,S-0007,-57.981663377993875,1,3,女性,42,11,12,0.1666666666666666,27808,1,21,4487075.727367008,3.7260273972602738,1.0
C-001566724,S-0048,-72.40978044471862,1,3,女性,53,6,12,0.0833333333333333,0,0,15,4502249.082895545,3.671232876712329,1.0
C-001907804,S-0111,-46.20434861607413,0,3,女性,26,4,12,0.4166666666666667,133876,1,19,4489501.980758176,6.397260273972603,4.0
C-002171688,S-0096,-26.522026274453808,0,3,男性,69,3,12,0.3333333333333333,8577,2,16,4644856.458098179,8.302739726027397,5.0
C-002523467,S-0097,-39.34493850657269,0,3,女性,28,1,12,0.1666666666666666,9382,1,21,4592508.716501317,10.09041095890411,7.0
C-001358179,S-0089,-55.9107681472295,1,3,女性,42,6,12,0.0833333333333333,0,0,19,4721110.949352573,10.142465753424657,7.0
C-001845668,S-0096,-100.0,1,3,女性,60,4,12,0.0833333333333333,0,0,16,4644856.458098179,8.302739726027397,5.0
C-000231356,S-0039,-18.730723203711015,0,3,女性,49,11,12,0.1666666666666666,869,1,16,4591288.568998441,8.193150684931506,5.0
C-000432504,S-0020,-54.657160284007134,1,3,男性,50,11,12,0.25,1494,2,16,4280702.057267675,6.986301369863014,3.5
C-001975816,S-0113,-100.0,1,3,女性,61,4,12,0.0833333333333333,2920,1,16,4336633.961311346,5.77945205479452,2.5
C-000733572,S-0048,-61.083369074607354,1,3,男性,40,9,12,0.0833333333333333,24848,1,15,4502249.082895545,3.671232876712329,1.0
C-000752600,S-0099,-93.9268400176289,1,3,男性,67,9,12,0.5833333333333334,13227,1,13,4464126.154078853,8.147945205479452,5.0
C-001801391,S-0131,-14.450409865166588,0,3,女性,39,4,12,0.6666666666666666,0,0,17,4569023.5643747775,5.13972602739726,2.0
C-000185923,S-0007,-23.615194667611796,0,3,女性,68,12,12,0.4166666666666667,2146,2,21,4487075.727367008,3.7260273972602738,1.0
C-000538574,S-0050,-15.932826673204218,0,3,男性,48,10,12,0.5,11299,2,20,4615411.181286601,9.2013698630137,6.0
C-001000904,S-0115,-100.0,1,3,女性,54,8,12,0.0833333333333333,0,0,14,4553643.099564746,10.51095890410959,7.0
C-000236840,S-0074,-77.28108320549717,1,3,女性,58,11,12,0.5,0,0,14,4614054.39694187,8.308219178082192,6.0
C-001943236,S-0056,-18.20983489308872,0,3,女性,69,4,12,0.0833333333333333,8107,1,15,4406070.585753419,7.528767123287671,4.0
C-002028501,S-0075,-100.0,1,3,男性,60,3,12,0.4166666666666667,135335,1,19,4506647.2743158825,4.526027397260274,1.0
C-000241832,S-0131,-100.0,1,3,女性,46,11,12,0.1666666666666666,0,0,17,4569023.5643747775,5.13972602739726,2.0
C-002488970,S-0131,-83.0739175285966,1,3,男性,45,1,12,0.25,0,0,17,4569023.5643747775,5.13972602739726,2.0
C-001169527,S-0054,-100.0,1,3,女性,61,7,12,0.75,0,0,23,4489160.181517739,6.358904109589041,4.0
C-000933944,S-0054,-100.0,1,3,男性,42,8,12,0.1666666666666666,21729,1,23,4489160.181517739,6.358904109589041,4.0
C-001979683,S-0106,-100.0,1,3,女性,32,4,12,0.3333333333333333,0,0,20,4462729.145118021,6.171232876712329,3.5
C-001938478,S-0014,-61.643571885814396,1,3,男性,48,4,12,0.0833333333333333,41494,2,21,4730192.353344672,7.336986301369863,4.0
C-001719532,S-0014,-84.16215709313167,1,3,男性,61,5,12,0.1666666666666666,98148,2,21,4730192.353344672,7.336986301369863,4.0
C-001931366,S-0014,-67.93290727060653,1,3,女性,44,4,12,0.1666666666666666,47597,2,21,4730192.353344672,7.336986301369863,4.0
C-001188813,S-0050,-98.53519044469517,1,3,女性,51,7,12,0.1666666666666666,18118,1,20,4615411.181286601,9.2013698630137,6.0
C-002668215,S-0007,-63.466363129529825,1,3,男性,48,1,12,0.4166666666666667,0,0,21,4487075.727367008,3.7260273972602738,1.0
C-002439320,S-0036,-60.69972889887866,1,3,男性,61,2,12,0.25,8652,1,19,4397834.424680548,11.123287671232877,9.0
C-001120521,S-0056,-41.853288085565936,0,3,男性,58,8,12,0.9166666666666666,35054,2,15,4406070.585753419,7.528767123287671,4.0
C-001274677,S-0131,-30.140376581463958,0,3,男性,56,7,12,0.25,46479,1,17,4569023.5643747775,5.13972602739726,2.0
C-001216530,S-0096,-57.18376873033949,1,3,女性,44,7,12,0.1666666666666666,22027,2,16,4644856.458098179,8.302739726027397,5.0
C-001714132,S-0080,-99.68314049349793,1,3,女性,53,5,12,0.0,0,0,17,4457429.264950683,11.673972602739726,9.0
C-000588202,S-0004,-34.12862331742753,0,3,女性,35,10,12,0.1666666666666666,48329,2,22,4423576.351309,11.806849315068494,9.0
C-000005449,S-0102,-100.0,1,3,男性,55,12,12,0.0833333333333333,0,0,16,4383474.364435211,10.484931506849314,7.5
C-001029644,S-0131,-5.7598529735092985,0,3,女性,42,8,12,0.5,0,0,17,4569023.5643747775,5.13972602739726,2.0
C-001029922,S-0121,-18.368166943140963,0,3,女性,54,8,12,0.5833333333333334,13231,1,14,4716268.25678644,9.856164383561644,7.0
C-002432853,S-0115,-100.0,1,3,女性,52,2,12,0.25,0,0,14,4553643.099564746,10.51095890410959,7.0
C-002488136,S-0030,-16.89273546776139,0,3,男性,53,1,12,0.0833333333333333,2452,1,22,4426478.045479023,9.236986301369862,5.5
C-000386022,S-0085,-11.004045062461664,0,3,女性,54,11,12,0.0833333333333333,0,0,15,4606655.398026554,4.928767123287671,2.0
C-002393539,S-0030,-46.105762649997715,0,3,男性,70,2,12,0.0833333333333333,18624,1,22,4426478.045479023,9.236986301369862,5.5
C-000502775,S-0050,-100.0,1,3,男性,45,10,12,0.75,37320,1,20,4615411.181286601,9.2013698630137,6.0
C-002519565,S-0054,-100.0,1,3,女性,32,1,12,0.5833333333333334,839,2,23,4489160.181517739,6.358904109589041,4.0
C-000350996,S-0131,-100.0,1,3,女性,42,11,12,0.3333333333333333,30613,2,17,4569023.5643747775,5.13972602739726,2.0
C-000897486,S-0113,-83.89820371920888,1,3,男性,49,9,12,0.0833333333333333,0,0,16,4336633.961311346,5.77945205479452,2.5
C-000608634,S-0085,-18.899504376857152,0,3,男性,44,10,12,0.0833333333333333,1074,1,15,4606655.398026554,4.928767123287671,2.0
C-002299462,S-0020,-97.21228337637285,1,3,男性,78,2,12,0.1666666666666666,0,0,16,4280702.057267675,6.986301369863014,3.5
C-000745235,S-0121,-100.0,1,3,男性,47,9,12,0.4166666666666667,23516,1,14,4716268.25678644,9.856164383561644,7.0
C-000476132,S-0096,-100.0,1,3,女性,53,10,12,0.25,0,0,16,4644856.458098179,8.302739726027397,5.0
C-001588709,S-0056,-41.145602222522335,0,3,女性,27,5,12,0.4166666666666667,0,0,15,4406070.585753419,7.528767123287671,4.0
C-000093803,S-0113,-76.36187506622065,1,3,男性,57,12,12,0.0833333333333333,84250,1,16,4336633.961311346,5.77945205479452,2.5
C-001651349,S-0002,-27.697036897702187,0,3,男性,16,5,12,0.0833333333333333,701,2,15,4455566.655169959,5.663013698630137,2.0
C-001979495,S-0117,-100.0,1,3,男性,52,4,12,0.25,0,0,20,4500859.737076383,9.593150684931507,7.0
C-001791296,S-0036,-100.0,1,3,女性,35,5,12,0.3333333333333333,11691,1,19,4397834.424680548,11.123287671232877,9.0
C-002021425,S-0115,-100.0,1,3,男性,43,4,12,0.25,0,0,14,4553643.099564746,10.51095890410959,7.0
C-000696331,S-0111,-26.167553806989126,0,3,男性,41,9,12,0.5833333333333334,0,0,19,4489501.980758176,6.397260273972603,4.0
C-002475700,S-0085,-9.81532746960087,0,3,女性,67,1,12,1.0,1488,1,15,4606655.398026554,4.928767123287671,2.0
C-002043349,S-0012,-47.9804088862009,0,3,男性,51,3,12,0.1666666666666666,0,0,16,4444678.825084195,7.994520547945205,5.0
C-002424859,S-0097,-100.0,1,3,女性,41,2,12,0.1666666666666666,15485,1,21,4592508.716501317,10.09041095890411,7.0
C-000095054,S-0115,-28.95566641566265,0,3,男性,53,12,12,0.4166666666666667,22092,2,14,4553643.099564746,10.51095890410959,7.0
C-000433110,S-0040,-37.288229903116,0,3,女性,40,11,12,0.4166666666666667,10737,1,20,4550116.0180538,8.163013698630138,4.0
C-001093618,S-0018,-100.0,1,3,女性,48,8,12,0.1666666666666666,0,0,16,4493108.581950108,7.550684931506849,5.0
C-000024061,S-0097,-48.16442833280758,0,3,女性,44,12,12,0.1666666666666666,133252,1,21,4592508.716501317,10.09041095890411,7.0
C-002667759,S-0041,-100.0,1,3,男性,47,1,12,0.5,0,0,17,4828489.286769263,10.389041095890411,7.0
C-001590974,S-0056,-24.663913699950886,0,3,男性,70,5,12,0.0,2245,2,15,4406070.585753419,7.528767123287671,4.0
C-000917528,S-0074,-97.75857296100212,1,3,男性,44,8,12,0.1666666666666666,13814,2,14,4614054.39694187,8.308219178082192,6.0
C-002139703,S-0050,-12.627272722322624,0,3,男性,45,3,12,0.1666666666666666,25736,2,20,4615411.181286601,9.2013698630137,6.0
C-001743687,S-0072,-49.072558070751775,1,3,女性,80,5,12,0.3333333333333333,18455,2,12,4406797.312641796,9.01917808219178,6.0
C-000895818,S-0102,-56.05475310715485,1,3,男性,68,9,12,0.25,7436,1,16,4383474.364435211,10.484931506849314,7.5
C-001406661,S-0121,-67.8836750342539,1,3,男性,44,6,12,0.0833333333333333,0,0,14,4716268.25678644,9.856164383561644,7.0
C-002135642,S-0036,-19.714700090869194,0,3,女性,42,3,12,0.0833333333333333,12138,1,19,4397834.424680548,11.123287671232877,9.0
C-000928882,S-0080,-100.0,1,3,女性,60,8,12,0.25,0,0,17,4457429.264950683,11.673972602739726,9.0
C-001769470,S-0005,-39.95493887748729,0,3,女性,20,5,12,0.5,6925,1,21,4733942.970761149,4.69041095890411,2.0
C-000307049,S-0115,-91.21904030483392,1,3,女性,57,11,12,0.3333333333333333,7788,2,14,4553643.099564746,10.51095890410959,7.0
C-002473663,S-0050,-32.38519019188164,0,3,女性,49,1,12,0.6666666666666666,0,0,20,4615411.181286601,9.2013698630137,6.0
C-002678840,S-0048,-13.337484174916463,0,3,女性,49,1,12,0.25,8495,1,15,4502249.082895545,3.671232876712329,1.0
C-000907181,S-0007,-39.78517838829816,0,3,女性,36,8,12,0.3333333333333333,32758,1,21,4487075.727367008,3.7260273972602738,1.0
C-001413888,S-0004,-98.15297794365627,1,3,男性,66,6,12,0.6666666666666666,0,0,22,4423576.351309,11.806849315068494,9.0
C-000443702,S-0080,-36.84480889590597,0,3,男性,46,11,12,0.0833333333333333,0,0,17,4457429.264950683,11.673972602739726,9.0
C-002578039,S-0050,-49.944049101152444,1,3,女性,47,1,12,0.25,0,0,20,4615411.181286601,9.2013698630137,6.0
C-002167224,S-0039,-26.091965691702217,0,3,女性,30,3,12,0.25,21600,2,16,4591288.568998441,8.193150684931506,5.0
C-001419347,S-0012,-66.22403183269329,1,3,男性,50,6,12,0.25,8390,1,16,4444678.825084195,7.994520547945205,5.0
C-000262804,S-0115,-100.0,1,3,女性,57,11,12,0.1666666666666666,4963,1,14,4553643.099564746,10.51095890410959,7.0
C-002377893,S-0056,-75.75520244734477,1,3,女性,48,2,12,0.1666666666666666,7159,2,15,4406070.585753419,7.528767123287671,4.0
C-002162486,S-0018,-18.318220809242952,0,3,女性,39,3,12,0.0833333333333333,18354,1,16,4493108.581950108,7.550684931506849,5.0
C-000272236,S-0102,-100.0,1,3,女性,49,11,12,0.0833333333333333,0,0,16,4383474.364435211,10.484931506849314,7.5
C-000509320,S-0113,-60.482941982540716,1,3,男性,35,10,12,0.3333333333333333,9997,1,16,4336633.961311346,5.77945205479452,2.5
C-000966736,S-0008,-32.37387263675357,0,3,女性,81,8,12,0.1666666666666666,0,0,22,4498453.308937302,10.772602739726027,7.0
C-001134585,S-0056,-77.34690510519557,1,3,男性,75,7,12,0.0833333333333333,11211,1,15,4406070.585753419,7.528767123287671,4.0
C-000734159,S-0131,-38.560861904412306,0,3,男性,58,9,12,0.3333333333333333,0,0,17,4569023.5643747775,5.13972602739726,2.0
C-002430985,S-0102,-58.71110764727786,1,3,男性,42,2,12,0.75,0,0,16,4383474.364435211,10.484931506849314,7.5
C-001092501,S-0074,-42.56213038109692,0,3,女性,39,8,12,0.1666666666666666,22467,2,14,4614054.39694187,8.308219178082192,6.0
C-000094471,S-0115,-100.0,1,3,男性,59,12,12,0.0833333333333333,0,0,14,4553643.099564746,10.51095890410959,7.0
C-000148355,S-0004,-26.664379667006582,0,3,男性,46,12,12,0.1666666666666666,0,0,22,4423576.351309,11.806849315068494,9.0
C-002597257,S-0111,-40.48205203204472,0,3,女性,60,1,12,0.0833333333333333,14959,2,19,4489501.980758176,6.397260273972603,4.0
C-000594597,S-0097,-16.483054881907844,0,3,男性,42,10,12,0.3333333333333333,19448,1,21,4592508.716501317,10.09041095890411,7.0
C-001230426,S-0054,-100.0,1,3,女性,60,7,12,0.0833333333333333,143041,1,23,4489160.181517739,6.358904109589041,4.0
C-000397245,S-0082,-84.44690449832756,1,3,男性,36,11,12,0.75,38028,1,17,4607261.71451126,4.758904109589041,2.0
C-000883216,S-0072,-59.049369575512614,1,3,男性,55,9,12,0.3333333333333333,0,0,12,4406797.312641796,9.01917808219178,6.0
C-000244734,S-0050,-35.38110415689047,0,3,女性,42,11,12,0.0833333333333333,0,0,20,4615411.181286601,9.2013698630137,6.0
C-000005215,S-0012,-38.04651692893835,0,3,男性,53,12,12,0.25,6139,1,16,4444678.825084195,7.994520547945205,5.0
C-000888470,S-0056,-63.92229417206291,1,3,女性,37,9,12,0.0833333333333333,2678,1,15,4406070.585753419,7.528767123287671,4.0
C-000246193,S-0111,-63.96976147204209,1,3,女性,41,11,12,0.3333333333333333,1278,1,19,4489501.980758176,6.397260273972603,4.0
C-000460570,S-0100,-23.73038826367764,0,3,女性,56,10,12,0.6666666666666666,20083,2,17,4535925.154217558,4.720547945205479,2.0
C-000385554,S-0097,-36.8721484542832,0,3,男性,55,11,12,0.3333333333333333,10441,2,21,4592508.716501317,10.09041095890411,7.0
C-001588450,S-0075,-9.297942682019213,0,3,男性,47,5,12,0.1666666666666666,0,0,19,4506647.2743158825,4.526027397260274,1.0
C-001584338,S-0117,-35.18608087246321,0,3,女性,43,5,12,0.1666666666666666,0,0,20,4500859.737076383,9.593150684931507,7.0
C-001305390,S-0072,-19.43617274707324,0,3,女性,47,7,12,0.0,9804,1,12,4406797.312641796,9.01917808219178,6.0
C-001257979,S-0036,-100.0,1,3,女性,55,7,12,0.1666666666666666,15726,1,19,4397834.424680548,11.123287671232877,9.0
C-002322066,S-0008,-44.2415396958979,0,3,男性,43,2,12,0.25,26788,2,22,4498453.308937302,10.772602739726027,7.0
C-001170514,S-0018,-38.480379159485615,0,3,男性,48,7,12,0.25,0,0,16,4493108.581950108,7.550684931506849,5.0
C-000291590,S-0002,-30.116252477511818,0,3,女性,46,11,12,0.75,0,0,15,4455566.655169959,5.663013698630137,2.0
C-001459063,S-0002,-38.58174496143783,0,3,女性,34,6,12,0.25,1623,1,15,4455566.655169959,5.663013698630137,2.0
C-000184972,S-0074,-100.0,1,3,男性,49,12,12,0.25,0,0,14,4614054.39694187,8.308219178082192,6.0
C-002007506,S-0056,-31.13641031795303,0,3,女性,57,4,12,0.0833333333333333,0,0,15,4406070.585753419,7.528767123287671,4.0
C-000392361,S-0121,-100.0,1,3,女性,35,11,12,0.0833333333333333,62218,1,14,4716268.25678644,9.856164383561644,7.0
C-000068303,S-0062,-9.488585477956708,0,3,女性,60,12,12,0.1666666666666666,0,0,15,4713869.782113416,4.575342465753424,1.0
C-001162325,S-0096,-48.94933502826491,1,3,女性,38,7,12,0.4166666666666667,17495,2,16,4644856.458098179,8.302739726027397,5.0
C-001764147,S-0012,-42.19922599598874,0,3,男性,59,5,12,0.25,14089,2,16,4444678.825084195,7.994520547945205,5.0
C-001811342,S-0020,-27.201979804229182,0,3,女性,45,4,12,0.25,15892,1,16,4280702.057267675,6.986301369863014,3.5
C-001711735,S-0018,-67.16502515411324,1,3,男性,51,5,12,0.0833333333333333,0,0,16,4493108.581950108,7.550684931506849,5.0
C-002092418,S-0080,-42.48880406306181,0,3,女性,42,3,12,0.4166666666666667,38118,2,17,4457429.264950683,11.673972602739726,9.0
C-000559838,S-0018,-57.787604180981866,1,3,女性,61,10,12,0.0,14881,1,16,4493108.581950108,7.550684931506849,5.0
C-001847904,S-0018,-60.99097468841186,1,3,女性,53,4,12,0.25,0,0,16,4493108.581950108,7.550684931506849,5.0
C-002182264,S-0102,-100.0,1,3,男性,56,3,12,0.1666666666666666,0,0,16,4383474.364435211,10.484931506849314,7.5
C-001139439,S-0074,-60.18811742924199,1,3,男性,58,7,12,0.1666666666666666,0,0,14,4614054.39694187,8.308219178082192,6.0
C-002578503,S-0121,-44.996384139715296,0,3,女性,46,1,12,0.0833333333333333,8805,1,14,4716268.25678644,9.856164383561644,7.0
C-000588861,S-0017,-37.977495197145736,0,3,女性,49,10,12,0.5833333333333334,0,0,20,4640207.03550726,5.608219178082192,2.5
C-001693202,S-0115,-48.31256017277718,0,3,女性,60,5,12,0.1666666666666666,1895,2,14,4553643.099564746,10.51095890410959,7.0
C-002582113,S-0074,-43.59344051778748,0,3,男性,43,1,12,0.25,10181,2,14,4614054.39694187,8.308219178082192,6.0
C-001195130,S-0007,-40.110695043197644,0,3,男性,54,7,12,0.4166666666666667,39394,1,21,4487075.727367008,3.7260273972602738,1.0
C-000434055,S-0097,-56.64960905673323,1,3,女性,40,11,12,0.1666666666666666,0,0,21,4592508.716501317,10.09041095890411,7.0
C-002363595,S-0115,-100.0,1,3,女性,18,2,12,0.1666666666666666,0,0,14,4553643.099564746,10.51095890410959,7.0
C-002319473,S-0056,-100.0,1,3,女性,41,2,12,0.0833333333333333,0,0,15,4406070.585753419,7.528767123287671,4.0
C-000773615,S-0018,-100.0,1,3,女性,50,9,12,0.25,0,0,16,4493108.581950108,7.550684931506849,5.0
C-002284139,S-0041,-51.39612816123822,1,3,女性,44,2,12,0.0833333333333333,12133,1,17,4828489.286769263,10.389041095890411,7.0
C-001246824,S-0014,-100.0,1,3,女性,51,7,12,0.4166666666666667,5886,2,21,4730192.353344672,7.336986301369863,4.0
C-000171276,S-0007,-64.68573938225262,1,3,男性,24,12,12,0.5833333333333334,79788,2,21,4487075.727367008,3.7260273972602738,1.0
C-001493894,S-0096,-80.25995066092271,1,3,女性,48,6,12,0.0833333333333333,15017,1,16,4644856.458098179,8.302739726027397,5.0
C-000855988,S-0018,-43.79306830217275,0,3,女性,31,9,12,0.25,47401,2,16,4493108.581950108,7.550684931506849,5.0
C-002669391,S-0074,-100.0,1,3,男性,43,1,12,0.0833333333333333,4349,1,14,4614054.39694187,8.308219178082192,6.0
C-001227078,S-0075,-47.76987532033747,0,3,女性,66,7,12,0.6666666666666666,0,0,19,4506647.2743158825,4.526027397260274,1.0
C-001276951,S-0014,-55.30610898870134,1,3,女性,56,7,12,0.25,5338,2,21,4730192.353344672,7.336986301369863,4.0
C-001845117,S-0074,-19.121345898953212,0,3,女性,40,4,12,0.25,19265,1,14,4614054.39694187,8.308219178082192,6.0
C-000282164,S-0096,-66.76524166646952,1,3,男性,36,11,12,0.25,12487,2,16,4644856.458098179,8.302739726027397,5.0
C-001615553,S-0054,-17.534147448610963,0,3,女性,53,5,12,0.1666666666666666,0,0,23,4489160.181517739,6.358904109589041,4.0
C-000475480,S-0030,-61.64604070059367,1,3,女性,39,10,12,0.1666666666666666,0,0,22,4426478.045479023,9.236986301369862,5.5
C-002386884,S-0080,-100.0,1,3,女性,68,2,12,0.1666666666666666,0,0,17,4457429.264950683,11.673972602739726,9.0
C-001501068,S-0007,-9.608391654223299,0,3,女性,57,6,12,0.25,0,0,21,4487075.727367008,3.7260273972602738,1.0
C-000342920,S-0082,-26.72052960028955,0,3,男性,56,11,12,0.4166666666666667,9506,1,17,4607261.71451126,4.758904109589041,2.0
C-002208894,S-0004,-52.62415660534635,1,3,女性,39,3,12,0.25,0,0,22,4423576.351309,11.806849315068494,9.0
C-002211439,S-0100,-29.09801540297027,0,3,女性,44,3,12,0.3333333333333333,0,0,17,4535925.154217558,4.720547945205479,2.0
C-000986673,S-0080,-82.32768900548533,1,3,女性,59,8,12,0.0833333333333333,66068,2,17,4457429.264950683,11.673972602739726,9.0
C-000371323,S-0017,-5.738019034784806,0,3,女性,37,11,12,0.6666666666666666,4394,1,20,4640207.03550726,5.608219178082192,2.5
C-000653881,S-0074,-90.69682061825391,1,3,女性,19,10,12,0.3333333333333333,7426,1,14,4614054.39694187,8.308219178082192,6.0
C-000210490,S-0121,-44.19777859921494,0,3,男性,48,12,12,0.25,5257,2,14,4716268.25678644,9.856164383561644,7.0
C-001369433,S-0121,-100.0,1,3,女性,43,6,12,0.0,0,0,14,4716268.25678644,9.856164383561644,7.0
C-001428739,S-0117,-81.48164499679919,1,3,女性,49,6,12,0.25,1943,1,20,4500859.737076383,9.593150684931507,7.0
C-001792453,S-0002,-26.416241186481887,0,3,女性,58,5,12,0.3333333333333333,0,0,15,4455566.655169959,5.663013698630137,2.0
C-000027841,S-0096,-34.733186099628135,0,3,男性,20,12,12,0.3333333333333333,1224,2,16,4644856.458098179,8.302739726027397,5.0
C-002509792,S-0008,-69.5136169511716,1,3,男性,82,1,12,0.25,12308,1,22,4498453.308937302,10.772602739726027,7.0
C-001031221,S-0036,-100.0,1,3,女性,47,8,12,0.3333333333333333,0,0,19,4397834.424680548,11.123287671232877,9.0
C-000823087,S-0100,-100.0,1,3,男性,45,9,12,0.5,0,0,17,4535925.154217558,4.720547945205479,2.0
C-002548452,S-0039,-24.8514359099586,0,3,女性,51,1,12,0.0833333333333333,5962,2,16,4591288.568998441,8.193150684931506,5.0
C-001612003,S-0012,-29.42742581259827,0,3,男性,62,5,12,0.1666666666666666,0,0,16,4444678.825084195,7.994520547945205,5.0
C-000016375,S-0096,-31.87980815387762,0,3,女性,47,12,12,0.3333333333333333,8540,1,16,4644856.458098179,8.302739726027397,5.0
C-000201712,S-0097,-36.90694516386443,0,3,女性,62,12,12,0.5,0,0,21,4592508.716501317,10.09041095890411,7.0
C-000885339,S-0111,-36.9259695822934,0,3,女性,44,9,12,0.1666666666666666,14220,1,19,4489501.980758176,6.397260273972603,4.0
C-001202872,S-0036,-36.100665804086475,0,3,女性,57,7,12,0.0833333333333333,7152,1,19,4397834.424680548,11.123287671232877,9.0
C-000630867,S-0056,-48.33608618942152,0,3,男性,46,10,12,0.8333333333333334,0,0,15,4406070.585753419,7.528767123287671,4.0
C-002335142,S-0002,-49.87875463321354,1,3,女性,54,2,12,0.3333333333333333,0,0,15,4455566.655169959,5.663013698630137,2.0
C-000168877,S-0080,-23.584707736046173,0,3,男性,33,12,12,0.25,5735,2,17,4457429.264950683,11.673972602739726,9.0
C-002317478,S-0062,-25.96102054500885,0,3,男性,68,2,12,0.25,0,0,15,4713869.782113416,4.575342465753424,1.0
C-000217344,S-0080,-86.25660177362002,1,3,女性,45,12,12,0.0833333333333333,9652,1,17,4457429.264950683,11.673972602739726,9.0
C-001190423,S-0111,-35.34105006042383,0,3,男性,42,7,12,0.0833333333333333,0,0,19,4489501.980758176,6.397260273972603,4.0
C-000454225,S-0089,-40.541786530943426,0,3,女性,49,10,12,0.25,0,0,19,4721110.949352573,10.142465753424657,7.0
C-001283768,S-0117,-39.82477784892165,0,3,男性,49,7,12,0.1666666666666666,0,0,20,4500859.737076383,9.593150684931507,7.0
C-002020830,S-0115,-100.0,1,3,男性,39,4,12,0.1666666666666666,114596,1,14,4553643.099564746,10.51095890410959,7.0
C-002213060,S-0121,-24.963074579106078,0,3,男性,49,3,12,0.25,0,0,14,4716268.25678644,9.856164383561644,7.0
C-002150809,S-0056,-86.81855754492123,1,3,女性,75,3,12,0.0833333333333333,0,0,15,4406070.585753419,7.528767123287671,4.0
C-001922960,S-0005,-18.10629490412523,0,3,女性,43,4,12,1.0,0,0,21,4733942.970761149,4.69041095890411,2.0
C-000972910,S-0085,-42.476527388421665,0,3,男性,78,8,12,0.5833333333333334,10905,2,15,4606655.398026554,4.928767123287671,2.0
C-000158659,S-0063,-81.61411607043145,1,3,女性,33,12,12,0.3333333333333333,9004,1,18,4564012.176421695,5.749315068493151,3.0
C-001975576,S-0056,-51.235686613020015,1,3,女性,56,4,12,0.0833333333333333,0,0,15,4406070.585753419,7.528767123287671,4.0
C-002481009,S-0030,-16.217575397779402,0,3,女性,60,1,12,0.25,4867,2,22,4426478.045479023,9.236986301369862,5.5
C-001641999,S-0050,-31.074193569935137,0,3,女性,57,5,12,0.3333333333333333,4022,1,20,4615411.181286601,9.2013698630137,6.0
C-002551134,S-0050,-46.18562922900152,0,3,女性,33,1,12,0.1666666666666666,0,0,20,4615411.181286601,9.2013698630137,6.0
C-002474138,S-0017,-12.11518540835878,0,3,男性,33,1,12,0.4166666666666667,0,0,20,4640207.03550726,5.608219178082192,2.5
C-000467849,S-0085,-9.461321254507133,0,3,女性,50,10,12,0.6666666666666666,14575,1,15,4606655.398026554,4.928767123287671,2.0
C-000504734,S-0036,-26.38940222554934,0,3,女性,78,10,12,0.0833333333333333,13313,2,19,4397834.424680548,11.123287671232877,9.0
C-000025791,S-0036,-55.5598905386247,1,3,女性,45,12,12,0.25,0,0,19,4397834.424680548,11.123287671232877,9.0
C-001351369,S-0018,-39.73597773214295,0,3,男性,42,6,12,0.0,0,0,16,4493108.581950108,7.550684931506849,5.0
C-000281117,S-0126,-13.638587863886107,0,3,女性,47,11,12,0.0,54448,2,17,4493168.352495564,5.53972602739726,3.0
C-002514927,S-0126,-100.0,1,3,女性,48,1,12,0.0833333333333333,20558,2,17,4493168.352495564,5.53972602739726,3.0
C-000713680,S-0075,-100.0,1,3,女性,38,9,12,0.25,531,1,19,4506647.2743158825,4.526027397260274,1.0
C-001182818,S-0041,-100.0,1,3,男性,51,7,12,0.25,28691,1,17,4828489.286769263,10.389041095890411,7.0
C-002377940,S-0036,-55.96961254599664,1,3,女性,42,2,12,0.1666666666666666,0,0,19,4397834.424680548,11.123287671232877,9.0
C-002331601,S-0117,-65.13431273108007,1,3,男性,69,2,12,0.3333333333333333,11455,1,20,4500859.737076383,9.593150684931507,7.0
C-000052608,S-0085,-13.479326232498495,0,3,男性,36,12,12,0.6666666666666666,14658,1,15,4606655.398026554,4.928767123287671,2.0
C-000642042,S-0097,-42.90048791372662,0,3,女性,42,10,12,0.1666666666666666,25720,2,21,4592508.716501317,10.09041095890411,7.0
C-000699530,S-0020,-100.0,1,3,女性,59,9,12,0.0,0,0,16,4280702.057267675,6.986301369863014,3.5
C-000012095,S-0056,-26.388552882302253,0,3,女性,53,12,12,0.1666666666666666,0,0,15,4406070.585753419,7.528767123287671,4.0
C-002282535,S-0100,-72.8915774778967,1,3,女性,55,2,12,0.3333333333333333,3649,2,17,4535925.154217558,4.720547945205479,2.0
C-000844563,S-0056,-34.32693483990791,0,3,男性,53,9,12,0.3333333333333333,37799,1,15,4406070.585753419,7.528767123287671,4.0
C-002201083,S-0113,-38.79463994931282,0,3,女性,46,3,12,0.1666666666666666,44460,2,16,4336633.961311346,5.77945205479452,2.5
C-001389960,S-0056,-27.85916802928249,0,3,女性,59,6,12,0.0833333333333333,47671,2,15,4406070.585753419,7.528767123287671,4.0
C-000581878,S-0030,-100.0,1,3,男性,34,10,12,0.3333333333333333,55597,1,22,4426478.045479023,9.236986301369862,5.5
C-001667153,S-0014,-79.31942475187361,1,3,女性,50,5,12,0.3333333333333333,1757,1,21,4730192.353344672,7.336986301369863,4.0
C-002362207,S-0020,-100.0,1,3,男性,58,2,12,0.75,5289,1,16,4280702.057267675,6.986301369863014,3.5
C-001985437,S-0113,-24.716083892720224,0,3,女性,57,4,12,0.0833333333333333,1708,2,16,4336633.961311346,5.77945205479452,2.5
C-000720445,S-0012,-31.475540039026228,0,3,女性,54,9,12,0.75,0,0,16,4444678.825084195,7.994520547945205,5.0
C-002033122,S-0036,-22.47806289884422,0,3,女性,42,3,12,0.25,67940,2,19,4397834.424680548,11.123287671232877,9.0
C-002283594,S-0056,-100.0,1,3,女性,17,2,12,0.25,0,0,15,4406070.585753419,7.528767123287671,4.0
C-001767452,S-0018,-96.130938724568,1,3,女性,43,5,12,0.25,14353,1,16,4493108.581950108,7.550684931506849,5.0
C-002026199,S-0059,-52.711026923048685,1,3,男性,56,3,12,0.3333333333333333,14650,1,14,4713188.969095345,6.8123287671232875,3.0
C-002219567,S-0096,-42.65545372279262,0,3,男性,44,3,12,0.1666666666666666,2104,1,16,4644856.458098179,8.302739726027397,5.0
C-002369291,S-0096,-100.0,1,3,男性,47,2,12,0.0833333333333333,0,0,16,4644856.458098179,8.302739726027397,5.0
C-001525462,S-0008,-46.39015753891469,0,3,男性,52,6,12,0.3333333333333333,44845,2,22,4498453.308937302,10.772602739726027,7.0
C-002419005,S-0126,-56.247752930179054,1,3,女性,78,2,12,1.0,0,0,17,4493168.352495564,5.53972602739726,3.0
C-002217652,S-0063,-54.75288254548671,1,3,女性,39,3,12,0.5,0,0,18,4564012.176421695,5.749315068493151,3.0
C-000772767,S-0080,-68.57864511326173,1,3,女性,43,9,12,0.3333333333333333,42097,1,17,4457429.264950683,11.673972602739726,9.0
C-001808820,S-0099,-53.24134400595681,1,3,男性,47,4,12,0.6666666666666666,12855,1,13,4464126.154078853,8.147945205479452,5.0
C-000563934,S-0121,-82.82918913014645,1,3,女性,55,10,12,0.0833333333333333,0,0,14,4716268.25678644,9.856164383561644,7.0
C-001800695,S-0008,-37.8538647572982,0,3,女性,61,4,12,0.25,49978,1,22,4498453.308937302,10.772602739726027,7.0
C-001064534,S-0080,-43.515478783787934,0,3,男性,20,8,12,0.1666666666666666,1159,2,17,4457429.264950683,11.673972602739726,9.0
C-002589943,S-0018,-78.83451380110623,1,3,女性,65,1,12,0.0833333333333333,12170,1,16,4493108.581950108,7.550684931506849,5.0
C-001172522,S-0113,-45.38304884911171,0,3,女性,69,7,12,0.1666666666666666,0,0,16,4336633.961311346,5.77945205479452,2.5
C-000460244,S-0007,-5.124209825021286,0,3,男性,39,10,12,0.5,5814,1,21,4487075.727367008,3.7260273972602738,1.0
C-000787764,S-0017,-42.05942132314601,0,3,女性,68,9,12,0.75,0,0,20,4640207.03550726,5.608219178082192,2.5
C-002052525,S-0040,-32.641669977968576,0,3,女性,71,3,12,0.1666666666666666,0,0,20,4550116.0180538,8.163013698630138,4.0
C-001408317,S-0117,-44.92485297320845,0,3,女性,32,6,12,0.1666666666666666,0,0,20,4500859.737076383,9.593150684931507,7.0
C-000223961,S-0131,-26.788573982347025,0,3,男性,47,12,12,0.3333333333333333,0,0,17,4569023.5643747775,5.13972602739726,2.0
C-001519787,S-0004,-40.28113148015789,0,3,女性,52,6,12,0.1666666666666666,14980,1,22,4423576.351309,11.806849315068494,9.0
C-000939255,S-0074,-81.37056414922657,1,3,男性,41,8,12,0.0,15934,1,14,4614054.39694187,8.308219178082192,6.0
C-000534118,S-0080,-100.0,1,3,男性,51,10,12,0.3333333333333333,36157,2,17,4457429.264950683,11.673972602739726,9.0
C-000341494,S-0121,-94.51303415356293,1,3,女性,34,11,12,0.4166666666666667,3804,1,14,4716268.25678644,9.856164383561644,7.0
C-001183720,S-0012,-100.0,1,3,女性,55,7,12,0.25,0,0,16,4444678.825084195,7.994520547945205,5.0
C-002516379,S-0041,-70.82172804574326,1,3,男性,56,1,12,0.3333333333333333,0,0,17,4828489.286769263,10.389041095890411,7.0
C-001259350,S-0050,-25.670671734716997,0,3,女性,42,7,12,0.3333333333333333,0,0,20,4615411.181286601,9.2013698630137,6.0
C-001255241,S-0074,-100.0,1,3,女性,37,7,12,0.0,0,0,14,4614054.39694187,8.308219178082192,6.0
C-001070548,S-0102,-34.385867872798656,0,3,男性,47,8,12,0.25,0,0,16,4383474.364435211,10.484931506849314,7.5
C-001156819,S-0012,-26.023889468785832,0,3,女性,37,7,12,0.4166666666666667,11034,2,16,4444678.825084195,7.994520547945205,5.0
C-000530785,S-0113,-100.0,1,3,女性,41,10,12,0.1666666666666666,0,0,16,4336633.961311346,5.77945205479452,2.5
C-002149184,S-0041,-33.68610719203114,0,3,女性,42,3,12,0.25,0,0,17,4828489.286769263,10.389041095890411,7.0
C-000869429,S-0048,-54.21459984886674,1,3,女性,42,9,12,0.1666666666666666,0,0,15,4502249.082895545,3.671232876712329,1.0
C-001048061,S-0115,-100.0,1,3,男性,44,8,12,0.25,3855,1,14,4553643.099564746,10.51095890410959,7.0
C-000012077,S-0050,-46.21280789911381,0,3,女性,41,12,12,0.1666666666666666,3379,1,20,4615411.181286601,9.2013698630137,6.0
C-001569887,S-0056,-87.14117312304379,1,3,女性,50,6,12,0.1666666666666666,10439,1,15,4406070.585753419,7.528767123287671,4.0
C-002504827,S-0056,-29.94648763820848,0,3,女性,70,1,12,0.0833333333333333,0,0,15,4406070.585753419,7.528767123287671,4.0
C-001305050,S-0074,-43.526695990720434,0,3,男性,41,7,12,0.25,2710,2,14,4614054.39694187,8.308219178082192,6.0
C-000085664,S-0036,-62.68928660658245,1,3,女性,59,12,12,0.25,40098,1,19,4397834.424680548,11.123287671232877,9.0
C-001120859,S-0111,-37.64211860713861,0,3,女性,41,8,12,0.3333333333333333,52419,1,19,4489501.980758176,6.397260273972603,4.0
C-001038297,S-0056,-46.20563666632291,0,3,女性,50,8,12,0.4166666666666667,6728,1,15,4406070.585753419,7.528767123287671,4.0
C-001183216,S-0030,-55.267947511408636,1,3,女性,54,7,12,0.3333333333333333,3520,2,22,4426478.045479023,9.236986301369862,5.5
C-002290575,S-0075,-28.16272933210525,0,3,女性,55,2,12,0.4166666666666667,0,0,19,4506647.2743158825,4.526027397260274,1.0
C-001488012,S-0063,-50.45934379457917,1,3,男性,48,6,12,0.5833333333333334,12866,1,18,4564012.176421695,5.749315068493151,3.0
C-002466610,S-0063,-16.073715700860223,0,3,女性,32,2,12,0.4166666666666667,8255,1,18,4564012.176421695,5.749315068493151,3.0
C-001752124,S-0089,-26.338930895397418,0,3,男性,31,5,12,0.4166666666666667,6354,1,19,4721110.949352573,10.142465753424657,7.0
C-001053348,S-0014,-41.1053576431766,0,3,男性,31,8,12,0.0,9638,2,21,4730192.353344672,7.336986301369863,4.0
C-000886594,S-0048,-20.118804274330436,0,3,男性,20,9,12,0.1666666666666666,99102,2,15,4502249.082895545,3.671232876712329,1.0
C-000615103,S-0007,-99.03967371153132,1,3,女性,41,10,12,0.0,7136,1,21,4487075.727367008,3.7260273972602738,1.0
C-001300212,S-0121,-10.90705835141194,0,3,男性,41,7,12,0.25,92006,1,14,4716268.25678644,9.856164383561644,7.0
C-001858851,S-0111,-100.0,1,3,男性,48,4,12,0.5833333333333334,11990,1,19,4489501.980758176,6.397260273972603,4.0
C-000014137,S-0121,-94.1183585591833,1,3,男性,38,12,12,0.25,230267,2,14,4716268.25678644,9.856164383561644,7.0
C-001816642,S-0121,-100.0,1,3,男性,57,4,12,0.0833333333333333,1175,1,14,4716268.25678644,9.856164383561644,7.0
C-000061101,S-0002,-20.43579427360982,0,3,男性,55,12,12,0.5,0,0,15,4455566.655169959,5.663013698630137,2.0
C-000780821,S-0020,-4.462047633869699,0,3,男性,58,9,12,0.1666666666666666,0,0,16,4280702.057267675,6.986301369863014,3.5
C-002599634,S-0106,-25.647347955083795,0,3,男性,35,1,12,0.25,14634,1,20,4462729.145118021,6.171232876712329,3.5
C-001591747,S-0115,-100.0,1,3,女性,45,5,12,0.1666666666666666,0,0,14,4553643.099564746,10.51095890410959,7.0
C-001326993,S-0097,-33.11408775504407,0,3,男性,27,7,12,0.1666666666666666,3647,1,21,4592508.716501317,10.09041095890411,7.0
C-001648980,S-0036,-31.994755804230458,0,3,女性,47,5,12,0.5,0,0,19,4397834.424680548,11.123287671232877,9.0
C-000558288,S-0074,-65.27503395480923,1,3,女性,47,10,12,0.3333333333333333,45555,2,14,4614054.39694187,8.308219178082192,6.0
C-000070859,S-0017,-48.73690636537176,0,3,女性,56,12,12,0.1666666666666666,0,0,20,4640207.03550726,5.608219178082192,2.5
C-000712721,S-0008,-41.11936957105758,0,3,女性,34,9,12,0.5,34893,1,22,4498453.308937302,10.772602739726027,7.0
C-002025654,S-0048,-51.5675460823769,1,3,男性,61,3,12,0.5,12480,2,15,4502249.082895545,3.671232876712329,1.0
C-000743243,S-0050,-100.0,1,3,女性,60,9,12,0.6666666666666666,0,0,20,4615411.181286601,9.2013698630137,6.0
C-000315029,S-0040,-100.0,1,3,女性,41,11,12,0.1666666666666666,0,0,20,4550116.0180538,8.163013698630138,4.0
C-000972645,S-0039,-100.0,1,3,女性,71,8,12,0.4166666666666667,0,0,16,4591288.568998441,8.193150684931506,5.0
C-002510093,S-0080,-100.0,1,3,女性,42,1,12,0.25,0,0,17,4457429.264950683,11.673972602739726,9.0
C-001984333,S-0074,-67.74558417540004,1,3,女性,65,4,12,0.4166666666666667,8467,1,14,4614054.39694187,8.308219178082192,6.0
C-001186135,S-0018,-54.25361653832002,1,3,女性,31,7,12,0.1666666666666666,0,0,16,4493108.581950108,7.550684931506849,5.0
C-001575758,S-0111,-28.035760991035975,0,3,女性,43,6,12,0.5833333333333334,0,0,19,4489501.980758176,6.397260273972603,4.0
C-000416881,S-0080,-34.8672931501782,0,3,女性,42,11,12,0.3333333333333333,18643,2,17,4457429.264950683,11.673972602739726,9.0
C-002282127,S-0115,-47.74774470841458,0,3,女性,50,2,12,0.25,16543,1,14,4553643.099564746,10.51095890410959,7.0
C-001489786,S-0050,-34.48706553772746,0,3,男性,47,6,12,0.4166666666666667,0,0,20,4615411.181286601,9.2013698630137,6.0
C-002634978,S-0062,-100.0,1,3,女性,41,1,12,0.3333333333333333,57474,1,15,4713869.782113416,4.575342465753424,1.0
C-001197379,S-0036,-100.0,1,3,女性,52,7,12,0.0833333333333333,0,0,19,4397834.424680548,11.123287671232877,9.0
C-000026126,S-0036,-22.96142333403231,0,3,男性,41,12,12,0.3333333333333333,0,0,19,4397834.424680548,11.123287671232877,9.0
C-000109324,S-0079,-27.30594511569272,0,3,女性,43,12,12,0.3333333333333333,14999,1,13,4256656.371085242,8.479452054794521,6.0
C-002636649,S-0085,-66.15295480880648,1,3,女性,52,1,12,0.5833333333333334,0,0,15,4606655.398026554,4.928767123287671,2.0
C-000404062,S-0018,-18.311875280092845,0,3,男性,65,11,12,0.25,1806,2,16,4493108.581950108,7.550684931506849,5.0
C-001954768,S-0097,-99.08169268028084,1,3,女性,25,4,12,0.5,2281,2,21,4592508.716501317,10.09041095890411,7.0
C-001224825,S-0062,-32.56008925309254,0,3,男性,49,7,12,0.75,20917,2,15,4713869.782113416,4.575342465753424,1.0
C-000650832,S-0080,-22.654443819764893,0,3,男性,47,10,12,0.1666666666666666,12565,2,17,4457429.264950683,11.673972602739726,9.0
C-002449303,S-0096,-26.047066913199906,0,3,男性,33,2,12,0.3333333333333333,81430,2,16,4644856.458098179,8.302739726027397,5.0
C-001217247,S-0048,-100.0,1,3,女性,82,7,12,0.4166666666666667,0,0,15,4502249.082895545,3.671232876712329,1.0
C-000577421,S-0063,-37.90291560889299,0,3,女性,50,10,12,0.1666666666666666,0,0,18,4564012.176421695,5.749315068493151,3.0
C-001279554,S-0002,-81.00774642882524,1,3,女性,67,7,12,0.5833333333333334,771,1,15,4455566.655169959,5.663013698630137,2.0
C-002254122,S-0072,-16.63958846676445,0,3,男性,39,2,12,0.25,20736,1,12,4406797.312641796,9.01917808219178,6.0
C-002545330,S-0050,-100.0,1,3,女性,34,1,12,0.0833333333333333,0,0,20,4615411.181286601,9.2013698630137,6.0
C-001327375,S-0117,-34.67962181109191,0,3,男性,66,7,12,0.25,0,0,20,4500859.737076383,9.593150684931507,7.0
C-001749126,S-0097,-40.10433235457235,0,3,男性,19,5,12,0.1666666666666666,0,0,21,4592508.716501317,10.09041095890411,7.0
C-001496574,S-0096,-51.20255422700784,1,3,女性,68,6,12,0.0833333333333333,5836,1,16,4644856.458098179,8.302739726027397,5.0
C-001964113,S-0072,-65.74435455383528,1,3,女性,50,4,12,0.0833333333333333,7873,2,12,4406797.312641796,9.01917808219178,6.0
C-001974412,S-0102,-68.19827346143136,1,3,女性,57,4,12,0.1666666666666666,0,0,16,4383474.364435211,10.484931506849314,7.5
C-000444735,S-0096,-40.861895068859916,0,3,女性,50,11,12,0.25,16982,1,16,4644856.458098179,8.302739726027397,5.0
C-000788700,S-0072,-52.13960110349256,1,3,女性,39,9,12,0.3333333333333333,17666,2,12,4406797.312641796,9.01917808219178,6.0
C-000078849,S-0020,-41.73908569981322,0,3,女性,42,12,12,0.0833333333333333,13154,2,16,4280702.057267675,6.986301369863014,3.5
C-001568549,S-0100,-36.226419933571854,0,3,男性,51,6,12,0.25,24403,1,17,4535925.154217558,4.720547945205479,2.0
C-002253249,S-0099,-100.0,1,3,男性,55,2,12,0.5,0,0,13,4464126.154078853,8.147945205479452,5.0
C-001677575,S-0115,-100.0,1,3,女性,92,5,12,0.1666666666666666,27149,1,14,4553643.099564746,10.51095890410959,7.0
C-000135193,S-0056,-30.79155251820741,0,3,女性,31,12,12,0.1666666666666666,19875,2,15,4406070.585753419,7.528767123287671,4.0
C-001011235,S-0079,-32.90355357214794,0,3,女性,54,8,12,0.4166666666666667,3766,2,13,4256656.371085242,8.479452054794521,6.0
C-000399637,S-0097,-100.0,1,3,男性,42,11,12,0.1666666666666666,0,0,21,4592508.716501317,10.09041095890411,7.0
C-001128633,S-0097,-48.057455001029425,0,3,女性,48,7,12,0.1666666666666666,0,0,21,4592508.716501317,10.09041095890411,7.0
C-001557766,S-0126,-37.30082864025433,0,3,女性,36,6,12,0.25,9499,2,17,4493168.352495564,5.53972602739726,3.0
C-000014307,S-0082,-13.787035173168032,0,3,男性,46,12,12,0.5,0,0,17,4607261.71451126,4.758904109589041,2.0
C-000959340,S-0039,-100.0,1,3,女性,48,8,12,0.75,0,0,16,4591288.568998441,8.193150684931506,5.0
C-001630341,S-0099,-40.08931575114325,0,3,男性,32,5,12,0.25,44617,2,13,4464126.154078853,8.147945205479452,5.0
C-001952248,S-0030,-21.66794895489927,0,3,男性,18,4,12,0.6666666666666666,0,0,22,4426478.045479023,9.236986301369862,5.5
C-000169300,S-0121,-51.12163170011998,1,3,男性,32,12,12,0.3333333333333333,6829,1,14,4716268.25678644,9.856164383561644,7.0
C-001234709,S-0048,-30.80139669005381,0,3,女性,43,7,12,0.25,0,0,15,4502249.082895545,3.671232876712329,1.0
C-001122111,S-0121,-100.0,1,3,男性,32,8,12,0.3333333333333333,0,0,14,4716268.25678644,9.856164383561644,7.0
C-001602091,S-0082,-29.02865437395345,0,3,女性,61,5,12,0.0833333333333333,7650,2,17,4607261.71451126,4.758904109589041,2.0
C-002060147,S-0131,-33.395635370674185,0,3,女性,53,3,12,0.0833333333333333,7370,2,17,4569023.5643747775,5.13972602739726,2.0
C-000307707,S-0097,-54.70238039607847,1,3,女性,46,11,12,0.1666666666666666,1220,1,21,4592508.716501317,10.09041095890411,7.0
C-001962753,S-0004,-100.0,1,3,女性,37,4,12,0.4166666666666667,0,0,22,4423576.351309,11.806849315068494,9.0
C-002177414,S-0074,-100.0,1,3,男性,53,3,12,0.4166666666666667,0,0,14,4614054.39694187,8.308219178082192,6.0
C-001710565,S-0096,-100.0,1,3,女性,41,5,12,0.1666666666666666,11532,1,16,4644856.458098179,8.302739726027397,5.0
C-001171938,S-0117,-52.24868941414513,1,3,男性,62,7,12,0.25,9048,1,20,4500859.737076383,9.593150684931507,7.0
C-002658537,S-0089,-37.509559107463296,0,3,女性,54,1,12,0.25,0,0,19,4721110.949352573,10.142465753424657,7.0
C-001562058,S-0017,-41.61694094472032,0,3,男性,95,6,12,0.3333333333333333,106981,1,20,4640207.03550726,5.608219178082192,2.5
C-000028330,S-0089,-100.0,1,3,女性,52,12,12,0.25,0,0,19,4721110.949352573,10.142465753424657,7.0
C-002278057,S-0040,-100.0,1,3,女性,48,2,12,0.4166666666666667,1306,1,20,4550116.0180538,8.163013698630138,4.0
C-001537144,S-0012,-17.107152570029914,0,3,女性,46,6,12,0.0833333333333333,41179,2,16,4444678.825084195,7.994520547945205,5.0
C-001724853,S-0050,-24.805890665837303,0,3,女性,43,5,12,0.0,0,0,20,4615411.181286601,9.2013698630137,6.0
C-000564026,S-0063,-29.557768569264358,0,3,男性,65,10,12,0.3333333333333333,0,0,18,4564012.176421695,5.749315068493151,3.0
C-001629062,S-0111,-94.46429480327787,1,3,女性,68,5,12,0.3333333333333333,9852,1,19,4489501.980758176,6.397260273972603,4.0
C-000180276,S-0113,-35.86498030547291,0,3,女性,48,12,12,0.0833333333333333,0,0,16,4336633.961311346,5.77945205479452,2.5
C-001800621,S-0096,-20.71447305490843,0,3,女性,54,4,12,0.25,6038,2,16,4644856.458098179,8.302739726027397,5.0
C-000874246,S-0039,-36.47592639274011,0,3,男性,41,9,12,0.1666666666666666,1926,1,16,4591288.568998441,8.193150684931506,5.0
C-000686992,S-0089,-45.133964340451286,0,3,男性,56,9,12,0.1666666666666666,20942,2,19,4721110.949352573,10.142465753424657,7.0
C-002012947,S-0036,-100.0,1,3,男性,51,4,12,0.1666666666666666,0,0,19,4397834.424680548,11.123287671232877,9.0
C-002229282,S-0039,-18.322269073082477,0,3,男性,60,3,12,0.5,5446,1,16,4591288.568998441,8.193150684931506,5.0
C-002567737,S-0102,-100.0,1,3,女性,36,1,12,0.0,0,0,16,4383474.364435211,10.484931506849314,7.5
C-001165914,S-0102,-100.0,1,3,女性,43,7,12,0.1666666666666666,4558,1,16,4383474.364435211,10.484931506849314,7.5
C-002077144,S-0008,-100.0,1,3,女性,45,3,12,0.25,0,0,22,4498453.308937302,10.772602739726027,7.0
C-000968319,S-0036,-41.528838837315476,0,3,男性,42,8,12,0.5,0,0,19,4397834.424680548,11.123287671232877,9.0
C-000697048,S-0018,-42.866250721755314,0,3,女性,69,9,12,0.25,27903,1,16,4493108.581950108,7.550684931506849,5.0
C-000086876,S-0113,-82.4664149392515,1,3,男性,58,12,12,0.1666666666666666,0,0,16,4336633.961311346,5.77945205479452,2.5
C-002177114,S-0099,-47.69919360804912,0,3,男性,50,3,12,0.25,7490,2,13,4464126.154078853,8.147945205479452,5.0
C-001491567,S-0113,-43.07852074544603,0,3,男性,47,6,12,0.0833333333333333,4624,1,16,4336633.961311346,5.77945205479452,2.5
C-001910090,S-0115,-100.0,1,3,男性,41,4,12,0.25,0,0,14,4553643.099564746,10.51095890410959,7.0
C-000439042,S-0072,-100.0,1,3,男性,55,11,12,0.5833333333333334,0,0,12,4406797.312641796,9.01917808219178,6.0
C-001111899,S-0115,-68.02912192146484,1,3,女性,69,8,12,0.1666666666666666,50231,2,14,4553643.099564746,10.51095890410959,7.0
C-002022265,S-0121,-33.63863342264594,0,3,女性,31,4,12,0.3333333333333333,3741,1,14,4716268.25678644,9.856164383561644,7.0
C-000934782,S-0004,-100.0,1,3,女性,54,8,12,0.0833333333333333,5591,1,22,4423576.351309,11.806849315068494,9.0
C-001052138,S-0075,-26.554131166534194,0,3,女性,55,8,12,0.25,6963,1,19,4506647.2743158825,4.526027397260274,1.0
C-000027214,S-0014,-96.35779862539508,1,3,男性,55,12,12,0.0,6006,1,21,4730192.353344672,7.336986301369863,4.0
C-000477247,S-0004,-9.539670482311209,0,3,女性,71,10,12,0.4166666666666667,0,0,22,4423576.351309,11.806849315068494,9.0
C-002029399,S-0121,-100.0,1,3,女性,30,3,12,0.5,0,0,14,4716268.25678644,9.856164383561644,7.0
C-001095258,S-0111,-31.949902090917455,0,3,女性,34,8,12,0.25,5794,2,19,4489501.980758176,6.397260273972603,4.0
C-002636685,S-0100,-50.17071868402102,1,3,女性,51,1,12,0.3333333333333333,4009,1,17,4535925.154217558,4.720547945205479,2.0
C-001375116,S-0080,-67.30525877396722,1,3,男性,42,6,12,0.3333333333333333,938,1,17,4457429.264950683,11.673972602739726,9.0
C-000247139,S-0036,-45.57778608825729,0,3,女性,56,11,12,0.3333333333333333,0,0,19,4397834.424680548,11.123287671232877,9.0
C-000869835,S-0074,-43.948390929928735,0,3,女性,47,9,12,0.4166666666666667,2833,1,14,4614054.39694187,8.308219178082192,6.0
C-002446994,S-0075,-100.0,1,3,女性,30,2,12,0.25,0,0,19,4506647.2743158825,4.526027397260274,1.0
C-002502061,S-0102,-72.92018849114203,1,3,男性,78,1,12,0.3333333333333333,0,0,16,4383474.364435211,10.484931506849314,7.5
C-001539746,S-0096,-100.0,1,3,女性,29,6,12,0.1666666666666666,0,0,16,4644856.458098179,8.302739726027397,5.0
C-002152104,S-0080,-65.95448097811416,1,3,女性,59,3,12,0.0833333333333333,0,0,17,4457429.264950683,11.673972602739726,9.0
C-000068213,S-0018,-10.482127612409437,0,3,女性,60,12,12,0.1666666666666666,0,0,16,4493108.581950108,7.550684931506849,5.0
C-000647924,S-0014,-44.12588054427388,0,3,女性,38,10,12,0.4166666666666667,0,0,21,4730192.353344672,7.336986301369863,4.0
C-000836889,S-0048,-24.373886618463793,0,3,女性,57,9,12,0.1666666666666666,0,0,15,4502249.082895545,3.671232876712329,1.0
C-001166315,S-0036,-18.84407475418814,0,3,男性,55,7,12,0.0833333333333333,18319,2,19,4397834.424680548,11.123287671232877,9.0
C-002337834,S-0020,-36.38651150380724,0,3,女性,55,2,12,0.0833333333333333,0,0,16,4280702.057267675,6.986301369863014,3.5
C-000170828,S-0040,-96.66736785166931,1,3,男性,53,12,12,0.25,2772,1,20,4550116.0180538,8.163013698630138,4.0
C-000658633,S-0020,-100.0,1,3,女性,38,10,12,0.1666666666666666,5329,1,16,4280702.057267675,6.986301369863014,3.5
C-000257088,S-0072,-100.0,1,3,女性,61,11,12,0.1666666666666666,16854,1,12,4406797.312641796,9.01917808219178,6.0
C-001310321,S-0039,-84.13049415454553,1,3,女性,50,7,12,0.4166666666666667,0,0,16,4591288.568998441,8.193150684931506,5.0
C-001346199,S-0096,-36.381371489244664,0,3,女性,42,7,12,0.25,0,0,16,4644856.458098179,8.302739726027397,5.0
C-001747702,S-0072,-100.0,1,3,男性,57,5,12,0.8333333333333334,66525,1,12,4406797.312641796,9.01917808219178,6.0
C-000698418,S-0062,-25.362066943861333,0,3,男性,44,9,12,0.3333333333333333,4028,1,15,4713869.782113416,4.575342465753424,1.0
C-001629377,S-0002,-74.50652218924702,1,3,女性,58,5,12,0.0833333333333333,36290,2,15,4455566.655169959,5.663013698630137,2.0
C-002512043,S-0005,-100.0,1,3,女性,56,1,12,0.1666666666666666,85630,2,21,4733942.970761149,4.69041095890411,2.0
C-001088592,S-0117,-65.23652206529424,1,3,男性,49,8,12,0.25,3443,2,20,4500859.737076383,9.593150684931507,7.0
C-001322258,S-0012,-100.0,1,3,女性,42,7,12,0.4166666666666667,95824,1,16,4444678.825084195,7.994520547945205,5.0
C-002213775,S-0096,-56.909633005284334,1,3,女性,50,3,12,0.0833333333333333,3903,1,16,4644856.458098179,8.302739726027397,5.0
C-000588812,S-0097,-96.35960105721679,1,3,女性,40,10,12,0.25,38717,1,21,4592508.716501317,10.09041095890411,7.0
C-001731309,S-0020,-46.09554499785817,0,3,男性,51,5,12,0.1666666666666666,0,0,16,4280702.057267675,6.986301369863014,3.5
C-000304098,S-0014,-51.95891743913737,1,3,女性,61,11,12,0.25,13006,2,21,4730192.353344672,7.336986301369863,4.0
C-002180951,S-0030,-100.0,1,3,女性,67,3,12,0.0833333333333333,0,0,22,4426478.045479023,9.236986301369862,5.5
C-000312944,S-0096,-51.97974217311234,1,3,女性,49,11,12,0.25,38141,1,16,4644856.458098179,8.302739726027397,5.0
C-000091942,S-0113,-28.387726089444953,0,3,女性,48,12,12,0.4166666666666667,0,0,16,4336633.961311346,5.77945205479452,2.5
C-002081613,S-0007,-83.85226771636606,1,3,男性,38,3,12,0.1666666666666666,0,0,21,4487075.727367008,3.7260273972602738,1.0
C-001489032,S-0002,-36.205548348113524,0,3,男性,51,6,12,0.0833333333333333,2545,1,15,4455566.655169959,5.663013698630137,2.0
C-000819902,S-0117,-45.582533306450365,0,3,女性,43,9,12,0.5,18783,1,20,4500859.737076383,9.593150684931507,7.0
C-000135015,S-0041,-13.480531185086656,0,3,男性,31,12,12,0.5,5985,1,17,4828489.286769263,10.389041095890411,7.0
C-000066429,S-0097,-55.893171624634554,1,3,女性,28,12,12,0.1666666666666666,16815,2,21,4592508.716501317,10.09041095890411,7.0
C-001636821,S-0040,-74.96984121808875,1,3,男性,30,5,12,0.4166666666666667,0,0,20,4550116.0180538,8.163013698630138,4.0
C-000188302,S-0079,-28.992850017035444,0,3,女性,33,12,12,0.0,26077,2,13,4256656.371085242,8.479452054794521,6.0
C-001454357,S-0019,-3.6190708450189,0,3,女性,35,6,12,0.5833333333333334,2206,1,19,4327199.920883598,4.090410958904109,1.0
C-002665933,S-0106,-100.0,1,3,女性,43,1,12,0.3333333333333333,0,0,20,4462729.145118021,6.171232876712329,3.5
C-002058127,S-0062,-100.0,1,3,女性,52,3,12,0.6666666666666666,0,0,15,4713869.782113416,4.575342465753424,1.0
C-000611129,S-0099,-55.31938211644728,1,3,男性,57,10,12,0.4166666666666667,21848,2,13,4464126.154078853,8.147945205479452,5.0
C-002325222,S-0089,-22.514479925063956,0,3,男性,45,2,12,0.5,0,0,19,4721110.949352573,10.142465753424657,7.0
C-002599368,S-0002,-27.237302588167672,0,3,女性,59,1,12,0.5,13662,1,15,4455566.655169959,5.663013698630137,2.0
C-001721334,S-0099,-64.28665000340601,1,3,男性,40,5,12,0.1666666666666666,1426,2,13,4464126.154078853,8.147945205479452,5.0
C-001163596,S-0008,-39.47545094412605,0,3,男性,37,7,12,0.4166666666666667,6343,1,22,4498453.308937302,10.772602739726027,7.0
C-000370135,S-0075,-29.230120047791537,0,3,男性,60,11,12,0.1666666666666666,976,2,19,4506647.2743158825,4.526027397260274,1.0
C-001490335,S-0036,-17.685284134448004,0,3,男性,18,6,12,0.4166666666666667,12449,2,19,4397834.424680548,11.123287671232877,9.0
C-002446967,S-0097,-31.73627275985289,0,3,女性,35,2,12,0.4166666666666667,6572,1,21,4592508.716501317,10.09041095890411,7.0
C-002359381,S-0111,-100.0,1,3,女性,80,2,12,0.0833333333333333,45128,2,19,4489501.980758176,6.397260273972603,4.0
C-002034863,S-0005,-100.0,1,3,女性,53,3,12,0.5,2428,1,21,4733942.970761149,4.69041095890411,2.0
C-000593557,S-0080,-100.0,1,3,男性,55,10,12,0.5833333333333334,0,0,17,4457429.264950683,11.673972602739726,9.0
C-001205249,S-0099,-89.54851975117182,1,3,女性,46,7,12,0.25,0,0,13,4464126.154078853,8.147945205479452,5.0
C-000779817,S-0008,-100.0,1,3,男性,38,9,12,0.1666666666666666,4081,1,22,4498453.308937302,10.772602739726027,7.0
C-002225070,S-0020,-27.02499324024427,0,3,女性,53,3,12,0.4166666666666667,4760,1,16,4280702.057267675,6.986301369863014,3.5
C-002057018,S-0012,-100.0,1,3,女性,60,3,12,0.1666666666666666,0,0,16,4444678.825084195,7.994520547945205,5.0
C-001681736,S-0012,-74.60576233582368,1,3,女性,60,5,12,0.0833333333333333,63290,1,16,4444678.825084195,7.994520547945205,5.0
C-002204488,S-0074,-36.34850269893099,0,3,女性,49,3,12,0.25,2517,1,14,4614054.39694187,8.308219178082192,6.0
C-001663104,S-0072,-39.973841609475805,0,3,女性,31,5,12,0.4166666666666667,0,0,12,4406797.312641796,9.01917808219178,6.0
C-000191974,S-0079,-84.39640725037265,1,3,女性,59,12,12,0.0833333333333333,0,0,13,4256656.371085242,8.479452054794521,6.0
C-002311828,S-0072,-100.0,1,3,女性,48,2,12,0.4166666666666667,6112,1,12,4406797.312641796,9.01917808219178,6.0
C-000791640,S-0050,-15.38261796390253,0,3,女性,46,9,12,0.0833333333333333,5597,1,20,4615411.181286601,9.2013698630137,6.0
C-002215094,S-0126,-20.670424157986236,0,3,男性,39,3,12,0.5,17671,1,17,4493168.352495564,5.53972602739726,3.0
C-002657368,S-0056,-56.4893361668745,1,3,女性,54,1,12,0.3333333333333333,27314,2,15,4406070.585753419,7.528767123287671,4.0
C-002036168,S-0020,-45.65284753136227,0,3,男性,62,3,12,0.1666666666666666,18307,2,16,4280702.057267675,6.986301369863014,3.5
C-000332391,S-0048,-69.24651089338238,1,3,女性,48,11,12,0.0833333333333333,0,0,15,4502249.082895545,3.671232876712329,1.0
C-001496546,S-0048,-36.12922682549855,0,3,男性,66,6,12,0.1666666666666666,0,0,15,4502249.082895545,3.671232876712329,1.0
C-002445728,S-0089,-100.0,1,3,男性,50,2,12,0.0833333333333333,167578,1,19,4721110.949352573,10.142465753424657,7.0
C-000742004,S-0115,-100.0,1,3,女性,54,9,12,0.3333333333333333,0,0,14,4553643.099564746,10.51095890410959,7.0
C-000990975,S-0085,-16.885557533500332,0,3,男性,48,8,12,0.0833333333333333,5878,1,15,4606655.398026554,4.928767123287671,2.0
C-001997155,S-0040,-56.160162712687644,1,3,女性,41,4,12,0.1666666666666666,7514,2,20,4550116.0180538,8.163013698630138,4.0
C-000937105,S-0097,-100.0,1,3,男性,55,8,12,0.3333333333333333,0,0,21,4592508.716501317,10.09041095890411,7.0
C-001895258,S-0115,-91.86399075945711,1,3,女性,31,4,12,0.75,481,2,14,4553643.099564746,10.51095890410959,7.0
C-001333496,S-0074,-19.003567641543437,0,3,女性,31,7,12,0.0833333333333333,3598,2,14,4614054.39694187,8.308219178082192,6.0
C-001966548,S-0096,-100.0,1,3,女性,29,4,12,0.0,3366,1,16,4644856.458098179,8.302739726027397,5.0
C-002392654,S-0121,-29.33893863719203,0,3,女性,41,2,12,0.25,31388,1,14,4716268.25678644,9.856164383561644,7.0
C-001801893,S-0050,-78.06936251358914,1,3,女性,28,4,12,0.4166666666666667,13264,1,20,4615411.181286601,9.2013698630137,6.0
C-001266185,S-0121,-17.16493590783709,0,3,女性,43,7,12,0.0,1749,2,14,4716268.25678644,9.856164383561644,7.0
C-002044100,S-0072,-19.210687044878267,0,3,男性,35,3,12,0.1666666666666666,0,0,12,4406797.312641796,9.01917808219178,6.0
C-001363630,S-0030,-62.5857237246816,1,3,女性,34,6,12,0.0833333333333333,9294,2,22,4426478.045479023,9.236986301369862,5.5
C-001245170,S-0102,-95.22185337394885,1,3,男性,33,7,12,0.1666666666666666,4956,1,16,4383474.364435211,10.484931506849314,7.5
C-000010260,S-0072,-100.0,1,3,女性,59,12,12,0.0833333333333333,0,0,12,4406797.312641796,9.01917808219178,6.0
C-001723526,S-0097,-24.283173985118932,0,3,男性,46,5,12,0.4166666666666667,1610,1,21,4592508.716501317,10.09041095890411,7.0
C-002365581,S-0040,-45.255878731172736,0,3,女性,87,2,12,0.0,0,0,20,4550116.0180538,8.163013698630138,4.0
C-001132058,S-0056,-23.131425554416673,0,3,女性,58,7,12,0.3333333333333333,201811,2,15,4406070.585753419,7.528767123287671,4.0
C-000339118,S-0097,-31.76514009780703,0,3,女性,69,11,12,0.25,11752,1,21,4592508.716501317,10.09041095890411,7.0
C-001158824,S-0097,-100.0,1,3,女性,47,7,12,0.1666666666666666,26523,1,21,4592508.716501317,10.09041095890411,7.0
C-000123972,S-0039,-38.0362101160997,0,3,女性,44,12,12,0.25,24750,1,16,4591288.568998441,8.193150684931506,5.0
C-002337806,S-0018,-77.46111492632619,1,3,女性,41,2,12,0.0833333333333333,3719,1,16,4493108.581950108,7.550684931506849,5.0
C-001003364,S-0036,-84.71743758467196,1,3,男性,57,8,12,0.25,0,0,19,4397834.424680548,11.123287671232877,9.0
C-001868181,S-0004,-100.0,1,3,女性,58,4,12,0.1666666666666666,0,0,22,4423576.351309,11.806849315068494,9.0
C-002252988,S-0097,-100.0,1,3,男性,53,2,12,0.25,3259,2,21,4592508.716501317,10.09041095890411,7.0
C-000117864,S-0012,-100.0,1,3,女性,57,12,12,0.25,0,0,16,4444678.825084195,7.994520547945205,5.0
C-000667626,S-0056,-38.893961892338226,0,3,女性,39,10,12,0.1666666666666666,0,0,15,4406070.585753419,7.528767123287671,4.0
C-001780611,S-0054,-100.0,1,3,女性,34,5,12,0.3333333333333333,0,0,23,4489160.181517739,6.358904109589041,4.0
C-000059123,S-0012,-64.55107141344274,1,3,男性,34,12,12,0.1666666666666666,2398,2,16,4444678.825084195,7.994520547945205,5.0
C-001082047,S-0004,-25.470230385064397,0,3,男性,51,8,12,0.25,44792,1,22,4423576.351309,11.806849315068494,9.0
C-000032673,S-0004,-43.992297214785594,0,3,男性,52,12,12,0.25,12047,1,22,4423576.351309,11.806849315068494,9.0
C-000409092,S-0117,-24.799904082629308,0,3,女性,48,11,12,0.25,32575,1,20,4500859.737076383,9.593150684931507,7.0
C-001811094,S-0126,-32.36428496614441,0,3,女性,56,4,12,0.1666666666666666,1723,1,17,4493168.352495564,5.53972602739726,3.0
C-001817269,S-0111,-19.52732849972114,0,3,男性,52,4,12,0.4166666666666667,4950,1,19,4489501.980758176,6.397260273972603,4.0
C-001514225,S-0072,-29.94154557904326,0,3,女性,57,6,12,0.0833333333333333,0,0,12,4406797.312641796,9.01917808219178,6.0
C-000426221,S-0056,-100.0,1,3,女性,31,11,12,0.3333333333333333,37451,1,15,4406070.585753419,7.528767123287671,4.0
C-000051454,S-0097,-67.63194683167183,1,3,男性,34,12,12,0.3333333333333333,1588,2,21,4592508.716501317,10.09041095890411,7.0
C-000076346,S-0048,-73.57260427957766,1,3,女性,34,12,12,0.1666666666666666,0,0,15,4502249.082895545,3.671232876712329,1.0
C-001298202,S-0056,-100.0,1,3,女性,37,7,12,0.25,57320,2,15,4406070.585753419,7.528767123287671,4.0
C-001916057,S-0106,-11.074046361245342,0,3,女性,51,4,12,0.25,0,0,20,4462729.145118021,6.171232876712329,3.5
C-000411589,S-0007,-69.5857074181778,1,3,女性,46,11,12,0.5,-2189,1,21,4487075.727367008,3.7260273972602738,1.0
C-002097553,S-0111,-69.76151228016082,1,3,女性,46,3,12,0.1666666666666666,77891,1,19,4489501.980758176,6.397260273972603,4.0
C-000355257,S-0102,-88.89793661940266,1,3,女性,44,11,12,0.3333333333333333,30722,1,16,4383474.364435211,10.484931506849314,7.5
C-001346025,S-0074,-27.614797547208802,0,3,女性,39,7,12,0.8333333333333334,0,0,14,4614054.39694187,8.308219178082192,6.0
C-000595766,S-0012,-18.602528880118346,0,3,男性,43,10,12,0.25,0,0,16,4444678.825084195,7.994520547945205,5.0
C-000070899,S-0131,-29.816596493628456,0,3,男性,34,12,12,0.0,33368,1,17,4569023.5643747775,5.13972602739726,2.0
C-001956908,S-0030,-80.67012741859368,1,3,男性,41,4,12,0.4166666666666667,0,0,22,4426478.045479023,9.236986301369862,5.5
C-000879669,S-0039,-65.2362776471193,1,3,男性,36,9,12,0.25,0,0,16,4591288.568998441,8.193150684931506,5.0
C-001450374,S-0036,-49.916224111429216,1,3,女性,44,6,12,0.3333333333333333,6875,1,19,4397834.424680548,11.123287671232877,9.0
C-000911425,S-0050,-61.028364945702485,1,3,女性,30,8,12,0.3333333333333333,10298,1,20,4615411.181286601,9.2013698630137,6.0
C-002476477,S-0041,-100.0,1,3,男性,45,1,12,0.1666666666666666,0,0,17,4828489.286769263,10.389041095890411,7.0
C-001001121,S-0074,-23.435753045371797,0,3,女性,35,8,12,0.4166666666666667,0,0,14,4614054.39694187,8.308219178082192,6.0
C-000842161,S-0096,-31.5688946783225,0,3,女性,41,9,12,0.1666666666666666,1671,2,16,4644856.458098179,8.302739726027397,5.0
C-001890408,S-0117,-39.3186851680264,0,3,男性,35,4,12,0.25,1679,2,20,4500859.737076383,9.593150684931507,7.0
C-001135720,S-0018,-100.0,1,3,男性,45,7,12,0.0,25501,1,16,4493108.581950108,7.550684931506849,5.0
C-002590570,S-0111,-4.661932616739102,0,3,女性,66,1,12,0.8333333333333334,0,0,19,4489501.980758176,6.397260273972603,4.0
C-001743414,S-0050,-62.15478790706223,1,3,男性,46,5,12,0.0,-152,2,20,4615411.181286601,9.2013698630137,6.0
C-001167368,S-0004,-100.0,1,3,女性,22,7,12,0.1666666666666666,0,0,22,4423576.351309,11.806849315068494,9.0
C-002363759,S-0014,-100.0,1,3,女性,49,2,12,0.25,0,0,21,4730192.353344672,7.336986301369863,4.0
C-001641472,S-0111,-32.48999711471945,0,3,男性,36,5,12,0.0833333333333333,3898,2,19,4489501.980758176,6.397260273972603,4.0
C-002257771,S-0113,-46.752183632933594,0,3,男性,43,2,12,0.1666666666666666,14719,1,16,4336633.961311346,5.77945205479452,2.5
C-000923392,S-0131,-13.667995592230731,0,3,女性,45,8,12,0.5833333333333334,0,0,17,4569023.5643747775,5.13972602739726,2.0
C-000646720,S-0115,-18.200402787933854,0,3,男性,46,10,12,0.25,0,0,14,4553643.099564746,10.51095890410959,7.0
C-001638602,S-0062,-39.94696056483554,0,3,女性,78,5,12,0.6666666666666666,0,0,15,4713869.782113416,4.575342465753424,1.0
C-000494174,S-0121,-100.0,1,3,女性,53,10,12,0.3333333333333333,0,0,14,4716268.25678644,9.856164383561644,7.0
C-000575739,S-0096,-93.24812056550292,1,3,男性,50,10,12,0.3333333333333333,2693,2,16,4644856.458098179,8.302739726027397,5.0
C-001398522,S-0117,-100.0,1,3,男性,54,6,12,0.25,0,0,20,4500859.737076383,9.593150684931507,7.0
C-001072178,S-0017,-100.0,1,3,女性,53,8,12,0.75,0,0,20,4640207.03550726,5.608219178082192,2.5
C-001195923,S-0102,-100.0,1,3,男性,57,7,12,0.0833333333333333,0,0,16,4383474.364435211,10.484931506849314,7.5
C-001659752,S-0117,-87.26373883952353,1,3,女性,34,5,12,0.3333333333333333,9148,2,20,4500859.737076383,9.593150684931507,7.0
C-002479447,S-0121,-100.0,1,3,女性,50,1,12,0.4166666666666667,0,0,14,4716268.25678644,9.856164383561644,7.0
C-000043617,S-0050,-18.173635138021638,0,3,男性,26,12,12,0.1666666666666666,8531,1,20,4615411.181286601,9.2013698630137,6.0
C-000926947,S-0012,-55.03134293418417,1,3,女性,64,8,12,0.0833333333333333,15761,1,16,4444678.825084195,7.994520547945205,5.0
C-001501505,S-0074,-48.51236481404907,0,3,女性,63,6,12,0.25,9339,1,14,4614054.39694187,8.308219178082192,6.0
C-002331628,S-0131,-17.084005192215272,0,3,女性,45,2,12,0.3333333333333333,16288,2,17,4569023.5643747775,5.13972602739726,2.0
C-002411773,S-0004,-52.61930903785702,1,3,男性,44,2,12,0.0833333333333333,12933,2,22,4423576.351309,11.806849315068494,9.0
C-001616370,S-0113,-100.0,1,3,女性,70,5,12,0.25,8093,1,16,4336633.961311346,5.77945205479452,2.5
C-000004053,S-0056,-98.5194698448577,1,3,男性,32,12,12,1.0,0,0,15,4406070.585753419,7.528767123287671,4.0
C-001324335,S-0020,-21.40001113255158,0,3,女性,40,7,12,0.3333333333333333,34900,2,16,4280702.057267675,6.986301369863014,3.5
C-000630655,S-0131,-100.0,1,3,女性,37,10,12,0.5833333333333334,5072,1,17,4569023.5643747775,5.13972602739726,2.0
C-000363812,S-0054,-100.0,1,3,男性,35,11,12,0.3333333333333333,24961,1,23,4489160.181517739,6.358904109589041,4.0
C-001041384,S-0050,-13.6034324464362,0,3,女性,57,8,12,0.6666666666666666,26540,1,20,4615411.181286601,9.2013698630137,6.0
C-001067641,S-0115,-50.19592700646416,1,3,女性,37,8,12,0.3333333333333333,5142,1,14,4553643.099564746,10.51095890410959,7.0
C-001219751,S-0072,-79.79868596095892,1,3,女性,49,7,12,0.0833333333333333,0,0,12,4406797.312641796,9.01917808219178,6.0
C-002375455,S-0117,-40.64716836455253,0,3,女性,47,2,12,0.1666666666666666,5539,1,20,4500859.737076383,9.593150684931507,7.0
C-000205236,S-0085,-47.68971186294021,0,3,女性,40,12,12,0.3333333333333333,0,0,15,4606655.398026554,4.928767123287671,2.0
C-002265100,S-0048,-90.09216062061435,1,3,女性,51,2,12,0.0833333333333333,0,0,15,4502249.082895545,3.671232876712329,1.0
C-000445136,S-0089,-100.0,1,3,女性,42,11,12,0.5,0,0,19,4721110.949352573,10.142465753424657,7.0
C-000485390,S-0075,-22.326392236254378,0,3,男性,46,10,12,0.1666666666666666,0,0,19,4506647.2743158825,4.526027397260274,1.0
C-002324877,S-0018,-56.915606728028564,1,3,女性,52,2,12,0.1666666666666666,4634,1,16,4493108.581950108,7.550684931506849,5.0
C-001300561,S-0089,-63.64613126314674,1,3,男性,80,7,12,0.0833333333333333,0,0,19,4721110.949352573,10.142465753424657,7.0
C-002105770,S-0121,-100.0,1,3,女性,50,3,12,0.3333333333333333,6638,2,14,4716268.25678644,9.856164383561644,7.0
C-000010821,S-0079,-100.0,1,3,女性,22,12,12,0.5,8873,1,13,4256656.371085242,8.479452054794521,6.0
C-000943152,S-0102,-71.74638549182383,1,3,女性,43,8,12,0.1666666666666666,11557,1,16,4383474.364435211,10.484931506849314,7.5
C-001603817,S-0050,-68.51457242642304,1,3,男性,60,5,12,0.0833333333333333,0,0,20,4615411.181286601,9.2013698630137,6.0
C-001302544,S-0020,-100.0,1,3,男性,46,7,12,0.0833333333333333,0,0,16,4280702.057267675,6.986301369863014,3.5
C-001305341,S-0131,-10.138842695679134,0,3,男性,32,7,12,0.3333333333333333,5486,2,17,4569023.5643747775,5.13972602739726,2.0
C-001574421,S-0020,-36.319660066396644,0,3,男性,31,6,12,0.0833333333333333,252684,1,16,4280702.057267675,6.986301369863014,3.5
C-000074914,S-0056,-64.26991582206841,1,3,女性,58,12,12,0.5,2308,1,15,4406070.585753419,7.528767123287671,4.0
C-001564051,S-0082,-100.0,1,3,男性,41,6,12,0.25,0,0,17,4607261.71451126,4.758904109589041,2.0
C-001621102,S-0072,-100.0,1,3,男性,62,5,12,0.1666666666666666,17919,1,12,4406797.312641796,9.01917808219178,6.0
C-000624082,S-0113,-98.17765891609938,1,3,男性,41,10,12,0.1666666666666666,0,0,16,4336633.961311346,5.77945205479452,2.5
C-002117492,S-0036,-100.0,1,3,男性,21,3,12,0.3333333333333333,3863,1,19,4397834.424680548,11.123287671232877,9.0
C-000307554,S-0012,-94.41491253022329,1,3,女性,45,11,12,0.1666666666666666,0,0,16,4444678.825084195,7.994520547945205,5.0
C-002006922,S-0018,-27.600700603247848,0,3,男性,50,4,12,0.25,0,0,16,4493108.581950108,7.550684931506849,5.0
C-002075794,S-0097,-49.841509122259964,1,3,男性,57,3,12,0.1666666666666666,74678,2,21,4592508.716501317,10.09041095890411,7.0
C-002453504,S-0117,-47.672342046240004,0,3,男性,59,2,12,0.25,0,0,20,4500859.737076383,9.593150684931507,7.0
C-001588912,S-0041,-32.35604702556088,0,3,男性,39,5,12,0.0833333333333333,44920,1,17,4828489.286769263,10.389041095890411,7.0
C-001238061,S-0014,-30.546772107390456,0,3,男性,34,7,12,0.5,6133,1,21,4730192.353344672,7.336986301369863,4.0
C-000141517,S-0036,-74.54755640596349,1,3,女性,43,12,12,0.0833333333333333,0,0,19,4397834.424680548,11.123287671232877,9.0
C-002298541,S-0102,-54.43042578826525,1,3,女性,69,2,12,0.3333333333333333,0,0,16,4383474.364435211,10.484931506849314,7.5
C-002472052,S-0008,-100.0,1,3,男性,43,1,12,0.0833333333333333,3641,2,22,4498453.308937302,10.772602739726027,7.0
C-000991478,S-0002,-45.69879995085123,0,3,男性,42,8,12,0.1666666666666666,13428,2,15,4455566.655169959,5.663013698630137,2.0
C-001189930,S-0096,-72.86272139835434,1,3,男性,53,7,12,0.0,43775,2,16,4644856.458098179,8.302739726027397,5.0
C-000706277,S-0018,-100.0,1,3,男性,40,9,12,0.4166666666666667,7603,1,16,4493108.581950108,7.550684931506849,5.0
C-001627574,S-0097,-64.64122729064631,1,3,女性,31,5,12,0.25,14212,1,21,4592508.716501317,10.09041095890411,7.0
C-001569023,S-0126,-56.215098031223256,1,3,女性,66,6,12,0.5833333333333334,23376,2,17,4493168.352495564,5.53972602739726,3.0
C-002616189,S-0089,-58.864541832669325,1,3,男性,57,1,12,0.1666666666666666,0,0,19,4721110.949352573,10.142465753424657,7.0
C-002275709,S-0096,-100.0,1,3,男性,43,2,12,0.25,0,0,16,4644856.458098179,8.302739726027397,5.0
C-002347099,S-0056,-86.01335640985297,1,3,男性,35,2,12,0.25,1436,1,15,4406070.585753419,7.528767123287671,4.0
C-001650114,S-0036,-61.16669537215359,1,3,女性,47,5,12,0.0833333333333333,57447,2,19,4397834.424680548,11.123287671232877,9.0
C-002365171,S-0074,-79.97926074594413,1,3,女性,56,2,12,0.5,7666,2,14,4614054.39694187,8.308219178082192,6.0
C-000953792,S-0036,-84.4125776486009,1,3,女性,37,8,12,0.25,104760,1,19,4397834.424680548,11.123287671232877,9.0
C-002452251,S-0074,-89.70679459079443,1,3,女性,35,2,12,0.0833333333333333,8783,1,14,4614054.39694187,8.308219178082192,6.0
C-001287429,S-0072,-39.112930162957554,0,3,女性,53,7,12,0.0833333333333333,14441,1,12,4406797.312641796,9.01917808219178,6.0
C-000229378,S-0079,-43.03948348646635,0,3,男性,50,11,12,0.25,0,0,13,4256656.371085242,8.479452054794521,6.0
C-000363182,S-0102,-58.25358851674641,1,3,男性,49,11,12,0.0833333333333333,18576,1,16,4383474.364435211,10.484931506849314,7.5
C-000692130,S-0117,-100.0,1,3,男性,39,9,12,0.1666666666666666,0,0,20,4500859.737076383,9.593150684931507,7.0
C-001347192,S-0008,-97.29277398708918,1,3,女性,59,7,12,0.0833333333333333,0,0,22,4498453.308937302,10.772602739726027,7.0
C-002103669,S-0012,-30.035814453327564,0,3,男性,77,3,12,0.0833333333333333,0,0,16,4444678.825084195,7.994520547945205,5.0
C-001293714,S-0074,-26.18430109159049,0,3,女性,38,7,12,0.4166666666666667,0,0,14,4614054.39694187,8.308219178082192,6.0
C-000529081,S-0005,-17.76291908896584,0,3,女性,36,10,12,0.4166666666666667,42106,1,21,4733942.970761149,4.69041095890411,2.0
C-002503401,S-0019,-21.64785537974613,0,3,女性,44,1,12,0.4166666666666667,87822,1,19,4327199.920883598,4.090410958904109,1.0
C-002609289,S-0017,-28.940817473701113,0,3,男性,39,1,12,0.6666666666666666,0,0,20,4640207.03550726,5.608219178082192,2.5
C-002462773,S-0111,-100.0,1,3,男性,43,2,12,0.1666666666666666,35638,2,19,4489501.980758176,6.397260273972603,4.0
C-000712465,S-0007,-56.29067696648704,1,3,男性,43,9,12,0.3333333333333333,0,0,21,4487075.727367008,3.7260273972602738,1.0
C-001228303,S-0111,-100.0,1,3,女性,49,7,12,0.0833333333333333,36539,2,19,4489501.980758176,6.397260273972603,4.0
C-000951942,S-0007,-10.82350730492789,0,3,男性,54,8,12,0.3333333333333333,16119,2,21,4487075.727367008,3.7260273972602738,1.0
C-002036972,S-0007,-77.84284274768522,1,3,男性,73,3,12,0.0,0,0,21,4487075.727367008,3.7260273972602738,1.0
C-000441167,S-0002,-100.0,1,3,女性,47,11,12,0.0833333333333333,0,0,15,4455566.655169959,5.663013698630137,2.0
C-001776347,S-0004,-100.0,1,3,女性,47,5,12,0.4166666666666667,1626,1,22,4423576.351309,11.806849315068494,9.0
C-001660408,S-0020,-24.253318517119748,0,3,男性,67,5,12,0.5,10227,1,16,4280702.057267675,6.986301369863014,3.5
C-002619697,S-0014,-85.059820352586,1,3,男性,42,1,12,0.4166666666666667,0,0,21,4730192.353344672,7.336986301369863,4.0
C-000564288,S-0054,-27.351206644809405,0,3,女性,61,10,12,0.5,23243,1,23,4489160.181517739,6.358904109589041,4.0
C-002087180,S-0050,-41.15522704386932,0,3,女性,51,3,12,0.0,8947,2,20,4615411.181286601,9.2013698630137,6.0
C-002010518,S-0096,-57.04943168561047,1,3,男性,63,4,12,0.9166666666666666,0,0,16,4644856.458098179,8.302739726027397,5.0
C-000222019,S-0072,-100.0,1,3,女性,59,12,12,0.3333333333333333,0,0,12,4406797.312641796,9.01917808219178,6.0
C-000065574,S-0106,-100.0,1,3,男性,43,12,12,0.0833333333333333,0,0,20,4462729.145118021,6.171232876712329,3.5
C-001639307,S-0089,-100.0,1,3,女性,59,5,12,0.1666666666666666,0,0,19,4721110.949352573,10.142465753424657,7.0
C-000738479,S-0063,-13.223232034010742,0,3,女性,32,9,12,0.25,4658,1,18,4564012.176421695,5.749315068493151,3.0
C-001664291,S-0062,-54.99795646260327,1,3,女性,38,5,12,0.0833333333333333,12831,1,15,4713869.782113416,4.575342465753424,1.0
C-002076227,S-0056,-16.049832295160517,0,3,女性,53,3,12,0.5,2312,2,15,4406070.585753419,7.528767123287671,4.0
C-000400719,S-0007,-72.59397175052528,1,3,男性,47,11,12,0.1666666666666666,19100,2,21,4487075.727367008,3.7260273972602738,1.0
C-000707691,S-0074,-50.41669516633607,1,3,女性,58,9,12,0.0833333333333333,27709,1,14,4614054.39694187,8.308219178082192,6.0
C-001690029,S-0050,-24.184176554419093,0,3,女性,55,5,12,0.0833333333333333,6380,1,20,4615411.181286601,9.2013698630137,6.0
C-000237517,S-0062,-79.0057915057915,1,3,女性,52,11,12,0.5833333333333334,0,0,15,4713869.782113416,4.575342465753424,1.0
C-000981776,S-0111,-37.41954264644047,0,3,女性,57,8,12,0.0,30653,2,19,4489501.980758176,6.397260273972603,4.0
C-001784416,S-0097,-12.019026298143032,0,3,女性,92,5,12,0.1666666666666666,75824,1,21,4592508.716501317,10.09041095890411,7.0
C-000869594,S-0056,-40.54902084450191,0,3,男性,54,9,12,0.1666666666666666,0,0,15,4406070.585753419,7.528767123287671,4.0
C-000785565,S-0007,-32.21738638300096,0,3,男性,68,9,12,0.1666666666666666,55260,1,21,4487075.727367008,3.7260273972602738,1.0
C-002569208,S-0074,-62.2490205057752,1,3,男性,19,1,12,0.0833333333333333,0,0,14,4614054.39694187,8.308219178082192,6.0
C-002368528,S-0131,-100.0,1,3,女性,54,2,12,0.0833333333333333,15025,2,17,4569023.5643747775,5.13972602739726,2.0
C-000824427,S-0018,-38.17353560833997,0,3,男性,43,9,12,0.0833333333333333,4155,1,16,4493108.581950108,7.550684931506849,5.0
C-002653320,S-0030,-36.24673824699491,0,3,女性,48,1,12,0.1666666666666666,0,0,22,4426478.045479023,9.236986301369862,5.5
C-001368022,S-0113,-66.54297423230226,1,3,女性,68,6,12,0.0,38924,1,16,4336633.961311346,5.77945205479452,2.5
C-000567197,S-0074,-17.84709892988719,0,3,女性,43,10,12,0.0833333333333333,7174,1,14,4614054.39694187,8.308219178082192,6.0
C-002348840,S-0072,-68.65711795909534,1,3,女性,34,2,12,0.1666666666666666,22006,2,12,4406797.312641796,9.01917808219178,6.0
C-000502301,S-0075,-35.08300320694209,0,3,女性,42,10,12,0.3333333333333333,0,0,19,4506647.2743158825,4.526027397260274,1.0
C-002607473,S-0102,-100.0,1,3,男性,43,1,12,0.4166666666666667,19896,1,16,4383474.364435211,10.484931506849314,7.5
C-002294368,S-0096,-100.0,1,3,女性,89,2,12,0.1666666666666666,0,0,16,4644856.458098179,8.302739726027397,5.0
C-002677484,S-0012,-45.74794322286745,0,3,女性,60,1,12,0.0833333333333333,45888,1,16,4444678.825084195,7.994520547945205,5.0
C-002351353,S-0007,-41.58414383998586,0,3,女性,38,2,12,0.4166666666666667,5534,1,21,4487075.727367008,3.7260273972602738,1.0
C-002415550,S-0075,-89.46379408294366,1,3,男性,52,2,12,0.1666666666666666,1567,2,19,4506647.2743158825,4.526027397260274,1.0
C-000161007,S-0007,-51.47898376998569,1,3,男性,40,12,12,0.1666666666666666,12063,1,21,4487075.727367008,3.7260273972602738,1.0
C-001435114,S-0117,-25.14571799793723,0,3,女性,55,6,12,0.3333333333333333,849,2,20,4500859.737076383,9.593150684931507,7.0
C-001928453,S-0113,-100.0,1,3,男性,44,4,12,0.3333333333333333,19250,1,16,4336633.961311346,5.77945205479452,2.5
C-001357230,S-0096,-73.139706072268,1,3,女性,52,6,12,0.1666666666666666,0,0,16,4644856.458098179,8.302739726027397,5.0
C-002543631,S-0072,-65.19350725039094,1,3,女性,26,1,12,0.1666666666666666,57881,1,12,4406797.312641796,9.01917808219178,6.0
C-000520496,S-0102,-42.12119590560571,0,3,男性,40,10,12,0.0833333333333333,4950,1,16,4383474.364435211,10.484931506849314,7.5
C-001407817,S-0131,-37.1749669457911,0,3,女性,59,6,12,0.0,7252,1,17,4569023.5643747775,5.13972602739726,2.0
C-002012022,S-0036,-53.88050069752214,1,3,女性,66,4,12,0.1666666666666666,15891,1,19,4397834.424680548,11.123287671232877,9.0
C-000713277,S-0100,-100.0,1,3,男性,61,9,12,0.3333333333333333,0,0,17,4535925.154217558,4.720547945205479,2.0
C-002236306,S-0115,-29.390927102548336,0,3,女性,57,3,12,0.5833333333333334,0,0,14,4553643.099564746,10.51095890410959,7.0
C-000839651,S-0007,-100.0,1,3,男性,35,9,12,0.3333333333333333,36235,1,21,4487075.727367008,3.7260273972602738,1.0
C-000150401,S-0012,-100.0,1,3,女性,49,12,12,0.75,0,0,16,4444678.825084195,7.994520547945205,5.0
C-001221696,S-0115,-100.0,1,3,女性,46,7,12,0.25,0,0,14,4553643.099564746,10.51095890410959,7.0
C-002011534,S-0036,-43.91727465478509,0,3,女性,47,4,12,0.3333333333333333,13472,2,19,4397834.424680548,11.123287671232877,9.0
C-000770357,S-0036,-32.6506819016772,0,3,男性,28,9,12,0.4166666666666667,0,0,19,4397834.424680548,11.123287671232877,9.0
C-002340234,S-0106,-95.69626874346159,1,3,女性,56,2,12,0.0833333333333333,7420,1,20,4462729.145118021,6.171232876712329,3.5
C-002365037,S-0097,-96.27767144559604,1,3,女性,57,2,12,0.5,10559,1,21,4592508.716501317,10.09041095890411,7.0
C-001512717,S-0014,-51.26843886434679,1,3,女性,53,6,12,0.3333333333333333,3061,1,21,4730192.353344672,7.336986301369863,4.0
C-001215533,S-0018,-81.85858412643974,1,3,男性,35,7,12,0.0,24645,2,16,4493108.581950108,7.550684931506849,5.0
C-000221368,S-0040,-80.17674767601818,1,3,女性,55,12,12,0.6666666666666666,4834,1,20,4550116.0180538,8.163013698630138,4.0
C-000318925,S-0018,-33.40274238756529,0,3,女性,74,11,12,0.5833333333333334,0,0,16,4493108.581950108,7.550684931506849,5.0
C-001829205,S-0004,-44.44560342129968,0,3,女性,40,4,12,0.5,0,0,22,4423576.351309,11.806849315068494,9.0
C-000600895,S-0036,-15.461869524937555,0,3,男性,46,10,12,0.0,0,0,19,4397834.424680548,11.123287671232877,9.0
C-001484868,S-0008,-29.807595999294108,0,3,男性,47,6,12,0.25,26407,2,22,4498453.308937302,10.772602739726027,7.0
C-002277219,S-0074,-34.54941399918313,0,3,女性,45,2,12,0.1666666666666666,5246,2,14,4614054.39694187,8.308219178082192,6.0
C-001750101,S-0018,-100.0,1,3,男性,61,5,12,0.0,0,0,16,4493108.581950108,7.550684931506849,5.0
C-000491171,S-0115,-99.52362207351165,1,3,女性,25,10,12,0.1666666666666666,65681,1,14,4553643.099564746,10.51095890410959,7.0
C-001878643,S-0054,-100.0,1,3,女性,28,4,12,0.3333333333333333,173,1,23,4489160.181517739,6.358904109589041,4.0
C-001874335,S-0096,-31.210195611829146,0,3,男性,40,4,12,0.1666666666666666,5999,1,16,4644856.458098179,8.302739726027397,5.0
C-000000922,S-0072,-100.0,1,3,男性,42,13,12,0.25,754,2,12,4406797.312641796,9.01917808219178,6.0
C-001390009,S-0072,-100.0,1,3,男性,42,6,12,0.4166666666666667,0,0,12,4406797.312641796,9.01917808219178,6.0
C-001551062,S-0115,-92.2112462006079,1,3,女性,47,6,12,0.1666666666666666,0,0,14,4553643.099564746,10.51095890410959,7.0
C-002291036,S-0100,-19.58388516811086,0,3,女性,53,2,12,0.0833333333333333,0,0,17,4535925.154217558,4.720547945205479,2.0
C-002183498,S-0012,-60.39644334291873,1,3,女性,35,3,12,0.3333333333333333,14148,1,16,4444678.825084195,7.994520547945205,5.0
C-002526941,S-0017,-100.0,1,3,男性,34,1,12,0.25,0,0,20,4640207.03550726,5.608219178082192,2.5
C-000670389,S-0080,-43.729123395158446,0,3,女性,78,10,12,0.1666666666666666,4759,2,17,4457429.264950683,11.673972602739726,9.0
C-002119233,S-0039,-31.52912339807441,0,3,男性,48,3,12,0.25,0,0,16,4591288.568998441,8.193150684931506,5.0
C-000789400,S-0012,-93.51714542025961,1,3,男性,45,9,12,0.5,0,0,16,4444678.825084195,7.994520547945205,5.0
C-002039643,S-0111,-100.0,1,3,女性,51,3,12,0.1666666666666666,6359,1,19,4489501.980758176,6.397260273972603,4.0
C-000075319,S-0102,-73.07683875918009,1,3,男性,49,12,12,0.0,51338,1,16,4383474.364435211,10.484931506849314,7.5
C-001848021,S-0117,-33.38333569000178,0,3,女性,50,4,12,0.25,11970,2,20,4500859.737076383,9.593150684931507,7.0
C-001068110,S-0030,-100.0,1,3,女性,52,8,12,0.3333333333333333,0,0,22,4426478.045479023,9.236986301369862,5.5
C-001712564,S-0012,-55.85680257811405,1,3,女性,32,5,12,0.1666666666666666,13610,2,16,4444678.825084195,7.994520547945205,5.0
C-002688726,S-0019,-22.786610804144274,0,3,女性,69,1,12,0.3333333333333333,49455,1,19,4327199.920883598,4.090410958904109,1.0
C-002506655,S-0020,-81.04539302827463,1,3,男性,38,1,12,0.0833333333333333,0,0,16,4280702.057267675,6.986301369863014,3.5
C-000654409,S-0019,-23.098276281008165,0,3,男性,43,10,12,0.6666666666666666,0,0,19,4327199.920883598,4.090410958904109,1.0
C-001546126,S-0012,-24.40732452603001,0,3,女性,36,6,12,0.25,51530,1,16,4444678.825084195,7.994520547945205,5.0
C-002484419,S-0115,-54.3640153367129,1,3,男性,51,1,12,0.1666666666666666,27726,1,14,4553643.099564746,10.51095890410959,7.0
C-001196144,S-0002,-100.0,1,3,女性,43,7,12,0.25,0,0,15,4455566.655169959,5.663013698630137,2.0
C-000121364,S-0099,-100.0,1,3,男性,46,12,12,0.1666666666666666,3137,1,13,4464126.154078853,8.147945205479452,5.0
C-000471928,S-0002,-100.0,1,3,男性,41,10,12,0.1666666666666666,17336,1,15,4455566.655169959,5.663013698630137,2.0
C-000785922,S-0041,-92.07952339315618,1,3,男性,32,9,12,0.4166666666666667,8618,1,17,4828489.286769263,10.389041095890411,7.0
C-002220304,S-0036,-26.702110730425076,0,3,男性,43,3,12,0.25,4916,1,19,4397834.424680548,11.123287671232877,9.0
C-000106929,S-0036,-8.821434383478685,0,3,女性,26,12,12,0.25,4441,2,19,4397834.424680548,11.123287671232877,9.0
C-000102732,S-0005,-44.94997046226554,0,3,女性,63,12,12,0.5833333333333334,0,0,21,4733942.970761149,4.69041095890411,2.0
C-000657869,S-0063,-11.780570741464189,0,3,女性,66,10,12,0.5833333333333334,1740,1,18,4564012.176421695,5.749315068493151,3.0
C-001948264,S-0018,-100.0,1,3,女性,42,4,12,0.1666666666666666,1499,1,16,4493108.581950108,7.550684931506849,5.0
C-001419966,S-0030,-62.911662913101985,1,3,女性,20,6,12,0.75,0,0,22,4426478.045479023,9.236986301369862,5.5
C-000775144,S-0111,-23.816558604400914,0,3,女性,58,9,12,0.1666666666666666,23940,1,19,4489501.980758176,6.397260273972603,4.0
C-000161818,S-0074,-100.0,1,3,男性,70,12,12,0.0833333333333333,1730,2,14,4614054.39694187,8.308219178082192,6.0
C-000218526,S-0079,-100.0,1,3,女性,33,12,12,0.0833333333333333,0,0,13,4256656.371085242,8.479452054794521,6.0
C-000373111,S-0036,-9.769493089126966,0,3,男性,45,11,12,0.4166666666666667,0,0,19,4397834.424680548,11.123287671232877,9.0
C-000504970,S-0014,-35.14346796407287,0,3,女性,42,10,12,0.0833333333333333,17522,2,21,4730192.353344672,7.336986301369863,4.0
C-002655460,S-0039,-59.22779187817259,1,3,女性,31,1,12,0.25,15589,2,16,4591288.568998441,8.193150684931506,5.0
C-000344293,S-0096,-58.09968208388884,1,3,男性,42,11,12,0.25,22853,1,16,4644856.458098179,8.302739726027397,5.0
C-000686708,S-0121,-81.47054899606431,1,3,女性,44,9,12,0.25,65424,1,14,4716268.25678644,9.856164383561644,7.0
C-000601295,S-0048,-17.59189705464777,0,3,女性,66,10,12,0.4166666666666667,3215,1,15,4502249.082895545,3.671232876712329,1.0
C-002027762,S-0072,-75.28396970989762,1,3,女性,41,3,12,0.4166666666666667,3711,1,12,4406797.312641796,9.01917808219178,6.0
C-000913614,S-0099,-55.5556268487209,1,3,女性,53,8,12,0.5833333333333334,0,0,13,4464126.154078853,8.147945205479452,5.0
C-000263960,S-0102,-100.0,1,3,男性,31,11,12,0.25,0,0,16,4383474.364435211,10.484931506849314,7.5
C-002550071,S-0020,-26.517068911047136,0,3,女性,48,1,12,0.25,7100,2,16,4280702.057267675,6.986301369863014,3.5
C-002665276,S-0050,-48.631791844320546,0,3,男性,45,1,12,0.1666666666666666,0,0,20,4615411.181286601,9.2013698630137,6.0
C-001479200,S-0018,-43.214892590070285,0,3,女性,43,6,12,0.0833333333333333,0,0,16,4493108.581950108,7.550684931506849,5.0
C-000804176,S-0056,-13.686708572359013,0,3,女性,21,9,12,0.5,0,0,15,4406070.585753419,7.528767123287671,4.0
C-001074854,S-0089,-57.34412416851441,1,3,女性,39,8,12,0.3333333333333333,1590,1,19,4721110.949352573,10.142465753424657,7.0
C-001775881,S-0072,-39.920115623714956,0,3,女性,41,5,12,0.25,13164,2,12,4406797.312641796,9.01917808219178,6.0
C-001516649,S-0002,-100.0,1,3,男性,47,6,12,0.4166666666666667,5769,1,15,4455566.655169959,5.663013698630137,2.0
C-000872923,S-0002,-100.0,1,3,女性,35,9,12,0.6666666666666666,0,0,15,4455566.655169959,5.663013698630137,2.0
C-001584363,S-0097,-37.280573157572455,0,3,女性,50,5,12,0.5,0,0,21,4592508.716501317,10.09041095890411,7.0
C-000871744,S-0004,-100.0,1,3,男性,60,9,12,0.1666666666666666,5693,2,22,4423576.351309,11.806849315068494,9.0
C-001710159,S-0131,-65.25278959037546,1,3,男性,57,5,12,0.4166666666666667,0,0,17,4569023.5643747775,5.13972602739726,2.0
C-000905007,S-0115,-100.0,1,3,男性,23,8,12,0.3333333333333333,0,0,14,4553643.099564746,10.51095890410959,7.0
C-002210419,S-0004,-84.18835590367357,1,3,女性,45,3,12,0.3333333333333333,23027,1,22,4423576.351309,11.806849315068494,9.0
C-001457736,S-0115,-100.0,1,3,女性,53,6,12,0.1666666666666666,121002,1,14,4553643.099564746,10.51095890410959,7.0
C-002207880,S-0004,-100.0,1,3,女性,61,3,12,0.0833333333333333,53872,2,22,4423576.351309,11.806849315068494,9.0
C-000288854,S-0117,-100.0,1,3,男性,44,11,12,0.0833333333333333,0,0,20,4500859.737076383,9.593150684931507,7.0
C-001390629,S-0008,-75.77846630518977,1,3,女性,68,6,12,0.4166666666666667,0,0,22,4498453.308937302,10.772602739726027,7.0
C-002115599,S-0059,-24.230673387572736,0,3,男性,50,3,12,0.9166666666666666,0,0,14,4713188.969095345,6.8123287671232875,3.0
C-000681436,S-0041,-100.0,1,3,男性,50,9,12,0.3333333333333333,0,0,17,4828489.286769263,10.389041095890411,7.0
C-001688447,S-0040,-49.81133026020807,1,3,女性,41,5,12,0.1666666666666666,0,0,20,4550116.0180538,8.163013698630138,4.0
C-002342909,S-0007,-89.49964131994261,1,3,女性,63,2,12,0.4166666666666667,5662,1,21,4487075.727367008,3.7260273972602738,1.0
C-000678532,S-0096,-84.50399430746998,1,3,女性,32,9,12,0.0,3003,1,16,4644856.458098179,8.302739726027397,5.0
C-001640687,S-0117,-100.0,1,3,男性,60,5,12,0.1666666666666666,0,0,20,4500859.737076383,9.593150684931507,7.0
C-000516712,S-0126,-10.461578586865832,0,3,女性,59,10,12,0.3333333333333333,16110,1,17,4493168.352495564,5.53972602739726,3.0
C-000265783,S-0063,-20.464797203322934,0,3,男性,55,11,12,0.5,0,0,18,4564012.176421695,5.749315068493151,3.0
C-000392205,S-0102,-71.08650519031143,1,3,男性,56,11,12,0.4166666666666667,27907,2,16,4383474.364435211,10.484931506849314,7.5
C-001067579,S-0111,-100.0,1,3,女性,70,8,12,0.0833333333333333,8709,1,19,4489501.980758176,6.397260273972603,4.0
C-002520296,S-0115,-62.77980240048042,1,3,男性,35,1,12,0.6666666666666666,406,1,14,4553643.099564746,10.51095890410959,7.0
C-002000473,S-0017,-34.46475045982652,0,3,男性,47,4,12,0.25,20879,2,20,4640207.03550726,5.608219178082192,2.5
C-000834041,S-0018,-98.25324332684364,1,3,女性,46,9,12,0.6666666666666666,733,1,16,4493108.581950108,7.550684931506849,5.0
C-001329857,S-0007,-100.0,1,3,男性,44,7,12,0.5,0,0,21,4487075.727367008,3.7260273972602738,1.0
C-001854486,S-0017,-33.65297890117917,0,3,女性,41,4,12,0.3333333333333333,0,0,20,4640207.03550726,5.608219178082192,2.5
C-001034269,S-0117,-30.60170682842058,0,3,女性,56,8,12,0.0833333333333333,18336,1,20,4500859.737076383,9.593150684931507,7.0
C-000846933,S-0121,-20.119535897720134,0,3,男性,36,9,12,0.1666666666666666,51280,2,14,4716268.25678644,9.856164383561644,7.0
C-001816242,S-0036,-43.012388162422575,0,3,男性,59,4,12,0.3333333333333333,0,0,19,4397834.424680548,11.123287671232877,9.0
C-001243302,S-0082,-47.12221185409039,0,3,男性,37,7,12,0.1666666666666666,24431,1,17,4607261.71451126,4.758904109589041,2.0
C-000036111,S-0056,-18.014778407476136,0,3,女性,37,12,12,0.4166666666666667,5215,2,15,4406070.585753419,7.528767123287671,4.0
C-002288780,S-0019,-9.93577315071539,0,3,女性,49,2,12,0.5833333333333334,0,0,19,4327199.920883598,4.090410958904109,1.0
C-000650671,S-0041,-27.091236431493826,0,3,女性,57,10,12,0.1666666666666666,5113,1,17,4828489.286769263,10.389041095890411,7.0
C-000508966,S-0106,-63.706146861791424,1,3,男性,53,10,12,0.25,31117,1,20,4462729.145118021,6.171232876712329,3.5
C-000778008,S-0117,-89.63222826404724,1,3,女性,45,9,12,0.1666666666666666,20537,1,20,4500859.737076383,9.593150684931507,7.0
C-000932117,S-0018,-19.684019684019685,0,3,女性,50,8,12,0.1666666666666666,8766,2,16,4493108.581950108,7.550684931506849,5.0
C-000064866,S-0096,-15.491767783731945,0,3,女性,42,12,12,0.25,64638,1,16,4644856.458098179,8.302739726027397,5.0
C-000669842,S-0097,-26.498108531590375,0,3,男性,80,10,12,0.1666666666666666,18876,2,21,4592508.716501317,10.09041095890411,7.0
C-002058387,S-0113,-13.176194346608868,0,3,女性,73,3,12,0.0,6349,1,16,4336633.961311346,5.77945205479452,2.5
C-001393423,S-0111,-28.895694154579743,0,3,男性,36,6,12,0.1666666666666666,119751,1,19,4489501.980758176,6.397260273972603,4.0
C-001967191,S-0115,-20.78007226908155,0,3,女性,35,4,12,0.3333333333333333,14926,1,14,4553643.099564746,10.51095890410959,7.0
C-002117622,S-0019,-9.6985446985447,0,3,男性,58,3,12,0.75,0,0,19,4327199.920883598,4.090410958904109,1.0
C-001395338,S-0017,-100.0,1,3,女性,40,6,12,0.3333333333333333,20391,1,20,4640207.03550726,5.608219178082192,2.5
C-001936483,S-0050,-52.896236187845304,1,3,男性,48,4,12,0.25,0,0,20,4615411.181286601,9.2013698630137,6.0
C-001960776,S-0121,-34.33185735593643,0,3,女性,39,4,12,0.25,0,0,14,4716268.25678644,9.856164383561644,7.0
C-002424260,S-0074,-57.99817623344212,1,3,女性,75,2,12,0.4166666666666667,14053,2,14,4614054.39694187,8.308219178082192,6.0
C-002173749,S-0050,-24.738396589951485,0,3,女性,47,3,12,0.5833333333333334,0,0,20,4615411.181286601,9.2013698630137,6.0
C-000798851,S-0100,-25.44161253475788,0,3,女性,73,9,12,0.3333333333333333,198589,1,17,4535925.154217558,4.720547945205479,2.0
C-000176673,S-0121,-24.504462674778633,0,3,男性,51,12,12,0.3333333333333333,10213,2,14,4716268.25678644,9.856164383561644,7.0
C-002112295,S-0008,-35.546858098141406,0,3,女性,55,3,12,0.5833333333333334,0,0,22,4498453.308937302,10.772602739726027,7.0
C-000548849,S-0072,-100.0,1,3,女性,38,10,12,0.5833333333333334,0,0,12,4406797.312641796,9.01917808219178,6.0
C-001867850,S-0079,-88.66966688791474,1,3,女性,72,4,12,0.6666666666666666,7524,2,13,4256656.371085242,8.479452054794521,6.0
C-001479555,S-0020,-46.353378388503444,0,3,男性,57,6,12,0.3333333333333333,0,0,16,4280702.057267675,6.986301369863014,3.5
C-002428841,S-0017,-49.416990560799555,1,3,女性,35,2,12,0.25,0,0,20,4640207.03550726,5.608219178082192,2.5
C-001047594,S-0002,-96.60449208420013,1,3,女性,49,8,12,0.0,0,0,15,4455566.655169959,5.663013698630137,2.0
C-001933951,S-0004,-61.41030696089228,1,3,男性,25,4,12,0.0,17223,2,22,4423576.351309,11.806849315068494,9.0
C-000640735,S-0050,-26.523844230642435,0,3,女性,50,10,12,0.0833333333333333,10877,2,20,4615411.181286601,9.2013698630137,6.0
C-002046161,S-0126,-9.51145256533377,0,3,女性,46,3,12,0.5833333333333334,0,0,17,4493168.352495564,5.53972602739726,3.0
C-002228641,S-0079,-100.0,1,3,女性,59,3,12,0.0833333333333333,0,0,13,4256656.371085242,8.479452054794521,6.0
C-002407994,S-0079,-32.162121618680786,0,3,女性,43,2,12,0.4166666666666667,0,0,13,4256656.371085242,8.479452054794521,6.0
C-000234632,S-0018,-20.418721170669635,0,3,女性,52,11,12,0.1666666666666666,0,0,16,4493108.581950108,7.550684931506849,5.0
C-001092250,S-0004,-23.852431393180897,0,3,女性,56,8,12,0.1666666666666666,13285,1,22,4423576.351309,11.806849315068494,9.0
C-002629549,S-0036,-46.04327023091325,0,3,男性,44,1,12,0.4166666666666667,22469,1,19,4397834.424680548,11.123287671232877,9.0
C-002448933,S-0036,-50.99790116390002,1,3,男性,43,2,12,0.0833333333333333,0,0,19,4397834.424680548,11.123287671232877,9.0
C-002095908,S-0097,-100.0,1,3,男性,46,3,12,0.0833333333333333,5391,1,21,4592508.716501317,10.09041095890411,7.0
C-001235892,S-0007,-53.31128113107093,1,3,男性,39,7,12,0.3333333333333333,0,0,21,4487075.727367008,3.7260273972602738,1.0
C-000546535,S-0018,-93.13848496935853,1,3,男性,74,10,12,0.1666666666666666,1966,2,16,4493108.581950108,7.550684931506849,5.0
C-002313291,S-0018,-100.0,1,3,女性,53,2,12,0.1666666666666666,0,0,16,4493108.581950108,7.550684931506849,5.0
C-002511606,S-0054,-15.694661557919243,0,3,男性,29,1,12,0.1666666666666666,0,0,23,4489160.181517739,6.358904109589041,4.0
C-002584303,S-0079,-44.93413322379419,0,3,女性,66,1,12,0.25,6691,1,13,4256656.371085242,8.479452054794521,6.0
C-000505934,S-0102,-76.92502704164413,1,3,男性,48,10,12,0.1666666666666666,0,0,16,4383474.364435211,10.484931506849314,7.5
C-000917545,S-0036,-30.223208870593538,0,3,男性,57,8,12,0.25,168150,1,19,4397834.424680548,11.123287671232877,9.0
C-002622380,S-0089,-28.580944814520564,0,3,女性,48,1,12,0.1666666666666666,7194,1,19,4721110.949352573,10.142465753424657,7.0
C-002095453,S-0007,-28.64544591787006,0,3,男性,53,3,12,0.5833333333333334,13971,1,21,4487075.727367008,3.7260273972602738,1.0
C-000464471,S-0075,-28.550955125142863,0,3,女性,77,10,12,0.75,0,0,19,4506647.2743158825,4.526027397260274,1.0
C-000589653,S-0041,-30.74650859037476,0,3,男性,36,10,12,0.25,0,0,17,4828489.286769263,10.389041095890411,7.0
C-000773758,S-0008,-56.389179755671904,1,3,男性,60,9,12,0.4166666666666667,0,0,22,4498453.308937302,10.772602739726027,7.0
C-001442440,S-0072,-32.20013735708803,0,3,女性,38,6,12,0.1666666666666666,0,0,12,4406797.312641796,9.01917808219178,6.0
C-001608270,S-0041,-100.0,1,3,女性,45,5,12,0.25,39709,1,17,4828489.286769263,10.389041095890411,7.0
C-001580141,S-0131,-38.5940704425794,0,3,女性,52,5,12,0.5833333333333334,0,0,17,4569023.5643747775,5.13972602739726,2.0
C-002547716,S-0004,-100.0,1,3,男性,41,1,12,0.3333333333333333,1570,1,22,4423576.351309,11.806849315068494,9.0
C-002591965,S-0039,-35.50692315722542,0,3,女性,42,1,12,0.25,9578,1,16,4591288.568998441,8.193150684931506,5.0
C-002176156,S-0017,-32.143541931308874,0,3,女性,57,3,12,0.25,11200,2,20,4640207.03550726,5.608219178082192,2.5
C-002086618,S-0050,-23.065454143532076,0,3,男性,62,3,12,0.3333333333333333,-3007,2,20,4615411.181286601,9.2013698630137,6.0
C-002654057,S-0020,-20.24247154567327,0,3,男性,47,1,12,0.0833333333333333,0,0,16,4280702.057267675,6.986301369863014,3.5
C-002458528,S-0018,-100.0,1,3,男性,40,2,12,0.1666666666666666,14818,1,16,4493108.581950108,7.550684931506849,5.0
C-001866171,S-0072,-29.83827849977502,0,3,女性,31,4,12,0.25,16307,1,12,4406797.312641796,9.01917808219178,6.0
C-000311105,S-0082,-31.66134230134193,0,3,女性,43,11,12,0.6666666666666666,15519,1,17,4607261.71451126,4.758904109589041,2.0
C-002387407,S-0056,-37.394491051813404,0,3,男性,57,2,12,0.25,0,0,15,4406070.585753419,7.528767123287671,4.0
C-001133351,S-0062,-23.761396421656816,0,3,女性,58,7,12,0.1666666666666666,11054,2,15,4713869.782113416,4.575342465753424,1.0
C-000416099,S-0121,-19.27969982112494,0,3,女性,76,11,12,0.1666666666666666,21291,2,14,4716268.25678644,9.856164383561644,7.0
C-002268625,S-0018,-24.98787665964349,0,3,男性,20,2,12,0.4166666666666667,41544,2,16,4493108.581950108,7.550684931506849,5.0
C-000121945,S-0036,-41.240755849145984,0,3,男性,48,12,12,0.4166666666666667,0,0,19,4397834.424680548,11.123287671232877,9.0
C-001146057,S-0072,-95.87050182594066,1,3,女性,66,7,12,0.0,11421,2,12,4406797.312641796,9.01917808219178,6.0
C-001161293,S-0072,-48.40277497680797,0,3,女性,66,7,12,0.0833333333333333,11839,1,12,4406797.312641796,9.01917808219178,6.0
C-002635756,S-0074,-27.953594089213535,0,3,男性,80,1,12,0.0,5335,1,14,4614054.39694187,8.308219178082192,6.0
C-002045689,S-0115,-52.11067127281247,1,3,女性,56,3,12,0.25,2733,1,14,4553643.099564746,10.51095890410959,7.0
C-001215218,S-0097,-45.70877613986973,0,3,男性,19,7,12,0.0833333333333333,19580,2,21,4592508.716501317,10.09041095890411,7.0
C-000127876,S-0080,-28.283640626725603,0,3,女性,53,12,12,0.25,27937,1,17,4457429.264950683,11.673972602739726,9.0
C-000567448,S-0039,-54.19668318793319,1,3,女性,37,10,12,0.9166666666666666,0,0,16,4591288.568998441,8.193150684931506,5.0
C-001090193,S-0036,-100.0,1,3,男性,43,8,12,0.1666666666666666,25557,1,19,4397834.424680548,11.123287671232877,9.0
C-002615428,S-0117,-79.03154267936003,1,3,女性,59,1,12,0.4166666666666667,4307,2,20,4500859.737076383,9.593150684931507,7.0
C-001973844,S-0117,-100.0,1,3,男性,38,4,12,0.0833333333333333,0,0,20,4500859.737076383,9.593150684931507,7.0
C-001307401,S-0039,-50.30963428446166,1,3,女性,70,7,12,0.1666666666666666,0,0,16,4591288.568998441,8.193150684931506,5.0
C-000461915,S-0079,-24.862383523895968,0,3,男性,73,10,12,0.25,62245,1,13,4256656.371085242,8.479452054794521,6.0
C-001409481,S-0099,-17.455196117645812,0,3,女性,49,6,12,0.25,87913,1,13,4464126.154078853,8.147945205479452,5.0
C-001288300,S-0121,-94.92967403758537,1,3,女性,26,7,12,0.4166666666666667,1144,1,14,4716268.25678644,9.856164383561644,7.0
C-001499363,S-0102,-17.009045768890356,0,3,男性,55,6,12,0.1666666666666666,7684,1,16,4383474.364435211,10.484931506849314,7.5
C-001127046,S-0115,-21.13088647903552,0,3,女性,43,7,12,0.1666666666666666,10286,1,14,4553643.099564746,10.51095890410959,7.0
C-000132185,S-0074,-100.0,1,3,女性,70,12,12,0.5,19038,1,14,4614054.39694187,8.308219178082192,6.0
C-000320134,S-0020,-13.960065297118973,0,3,女性,59,11,12,0.1666666666666666,0,0,16,4280702.057267675,6.986301369863014,3.5
C-001978841,S-0131,6.0784414112764225,0,3,男性,33,4,12,0.4166666666666667,0,0,17,4569023.5643747775,5.13972602739726,2.0
C-002177808,S-0099,-74.43877160111167,1,3,男性,56,3,12,0.0833333333333333,9856,1,13,4464126.154078853,8.147945205479452,5.0
C-001409898,S-0048,-29.4728142483632,0,3,女性,43,6,12,0.5833333333333334,164347,1,15,4502249.082895545,3.671232876712329,1.0
C-000594035,S-0020,-81.79815348041275,1,3,女性,56,10,12,0.25,0,0,16,4280702.057267675,6.986301369863014,3.5
C-000477395,S-0080,-85.06283260722103,1,3,女性,48,10,12,0.25,33642,2,17,4457429.264950683,11.673972602739726,9.0
C-001136847,S-0012,-77.20611858194717,1,3,女性,51,7,12,0.0833333333333333,49371,1,16,4444678.825084195,7.994520547945205,5.0
C-002276823,S-0059,-74.1445955619184,1,3,男性,41,2,12,0.5,15594,1,14,4713188.969095345,6.8123287671232875,3.0
C-000314425,S-0063,-44.1084272232154,0,3,女性,53,11,12,0.1666666666666666,18900,1,18,4564012.176421695,5.749315068493151,3.0
C-001922842,S-0099,-100.0,1,3,女性,42,4,12,0.1666666666666666,76804,1,13,4464126.154078853,8.147945205479452,5.0
C-001452831,S-0079,-35.62485114112155,0,3,女性,41,6,12,0.1666666666666666,23091,2,13,4256656.371085242,8.479452054794521,6.0
C-002212116,S-0097,-55.94742606790799,1,3,女性,33,3,12,0.3333333333333333,0,0,21,4592508.716501317,10.09041095890411,7.0
C-001015812,S-0079,-22.042270032489643,0,3,男性,41,8,12,0.1666666666666666,37734,1,13,4256656.371085242,8.479452054794521,6.0
C-001273607,S-0019,0.7853711974382742,0,3,男性,47,7,12,0.0833333333333333,0,0,19,4327199.920883598,4.090410958904109,1.0
C-000749355,S-0056,-20.021710005535688,0,3,女性,58,9,12,0.3333333333333333,1665,2,15,4406070.585753419,7.528767123287671,4.0
C-002678836,S-0131,-54.21160322264376,1,3,男性,57,1,12,0.5,0,0,17,4569023.5643747775,5.13972602739726,2.0
C-000581130,S-0012,-70.66385142582804,1,3,男性,70,10,12,0.4166666666666667,51850,2,16,4444678.825084195,7.994520547945205,5.0
C-001068300,S-0080,-100.0,1,3,女性,37,8,12,0.1666666666666666,24393,1,17,4457429.264950683,11.673972602739726,9.0
C-000423499,S-0131,-23.10898419730988,0,3,男性,79,11,12,0.25,6331,2,17,4569023.5643747775,5.13972602739726,2.0
C-000032477,S-0097,-11.954331601059211,0,3,男性,44,12,12,0.1666666666666666,0,0,21,4592508.716501317,10.09041095890411,7.0
C-001728890,S-0117,-100.0,1,3,女性,59,5,12,0.3333333333333333,0,0,20,4500859.737076383,9.593150684931507,7.0
C-002531805,S-0036,-100.0,1,3,女性,20,1,12,0.3333333333333333,22163,2,19,4397834.424680548,11.123287671232877,9.0
C-001984062,S-0106,-100.0,1,3,女性,76,4,12,0.25,0,0,20,4462729.145118021,6.171232876712329,3.5
C-000257601,S-0014,-100.0,1,3,女性,33,11,12,0.1666666666666666,5515,1,21,4730192.353344672,7.336986301369863,4.0
C-000316314,S-0113,-19.449667254791997,0,3,男性,39,11,12,0.0,1212,1,16,4336633.961311346,5.77945205479452,2.5
C-002240374,S-0040,-86.83373931712151,1,3,男性,56,3,12,0.1666666666666666,0,0,20,4550116.0180538,8.163013698630138,4.0
C-000969975,S-0039,-100.0,1,3,男性,33,8,12,0.25,0,0,16,4591288.568998441,8.193150684931506,5.0
C-002131585,S-0117,-100.0,1,3,男性,55,3,12,0.4166666666666667,6697,1,20,4500859.737076383,9.593150684931507,7.0
C-001334351,S-0074,-31.461577030226355,0,3,女性,49,7,12,0.25,3735,1,14,4614054.39694187,8.308219178082192,6.0
C-000349985,S-0018,-19.962903039642313,0,3,男性,52,11,12,0.75,29479,1,16,4493108.581950108,7.550684931506849,5.0
C-001320345,S-0014,-100.0,1,3,女性,58,7,12,0.1666666666666666,6810,1,21,4730192.353344672,7.336986301369863,4.0
C-000438080,S-0097,-39.8418137037814,0,3,女性,28,11,12,0.5,4539,1,21,4592508.716501317,10.09041095890411,7.0
C-001384819,S-0097,-100.0,1,3,女性,53,6,12,0.1666666666666666,7133,1,21,4592508.716501317,10.09041095890411,7.0
C-000182681,S-0089,-69.09582129983303,1,3,女性,59,12,12,0.1666666666666666,24874,2,19,4721110.949352573,10.142465753424657,7.0
C-002264086,S-0089,-44.478348520280626,0,3,女性,61,2,12,0.1666666666666666,13441,2,19,4721110.949352573,10.142465753424657,7.0
C-000172280,S-0048,-34.328829610770356,0,3,男性,65,12,12,0.1666666666666666,0,0,15,4502249.082895545,3.671232876712329,1.0
C-000790546,S-0097,-24.324908798771183,0,3,女性,32,9,12,0.4166666666666667,25165,2,21,4592508.716501317,10.09041095890411,7.0
C-001328913,S-0007,-8.106468780814962,0,3,女性,46,7,12,0.3333333333333333,0,0,21,4487075.727367008,3.7260273972602738,1.0
C-001830147,S-0097,-28.402013131338936,0,3,女性,55,4,12,0.3333333333333333,20942,2,21,4592508.716501317,10.09041095890411,7.0
C-000701889,S-0097,-100.0,1,3,女性,74,9,12,0.0,0,0,21,4592508.716501317,10.09041095890411,7.0
C-002264948,S-0099,-64.25447128591472,1,3,男性,67,2,12,0.0,0,0,13,4464126.154078853,8.147945205479452,5.0
C-001695849,S-0074,-89.07601434498277,1,3,男性,21,5,12,0.0,136265,1,14,4614054.39694187,8.308219178082192,6.0
C-000518859,S-0012,-100.0,1,3,男性,28,10,12,0.3333333333333333,9893,2,16,4444678.825084195,7.994520547945205,5.0
C-000983351,S-0063,-17.574017057986616,0,3,男性,41,8,12,0.8333333333333334,0,0,18,4564012.176421695,5.749315068493151,3.0
C-000478862,S-0012,-28.901446918117145,0,3,女性,46,10,12,0.0833333333333333,0,0,16,4444678.825084195,7.994520547945205,5.0
C-002341122,S-0056,-39.81895841881907,0,3,女性,63,2,12,0.4166666666666667,9628,1,15,4406070.585753419,7.528767123287671,4.0
C-001829542,S-0036,-36.569007276755194,0,3,女性,50,4,12,0.3333333333333333,30507,2,19,4397834.424680548,11.123287671232877,9.0
C-002103893,S-0099,-53.57508565269276,1,3,男性,31,3,12,0.0833333333333333,5753,2,13,4464126.154078853,8.147945205479452,5.0
C-001998781,S-0085,-18.28863012854663,0,3,男性,75,4,12,0.5,0,0,15,4606655.398026554,4.928767123287671,2.0
C-000131018,S-0040,-68.75121239891101,1,3,女性,48,12,12,0.1666666666666666,70524,2,20,4550116.0180538,8.163013698630138,4.0
C-002532510,S-0039,-66.33285063768166,1,3,女性,46,1,12,0.6666666666666666,0,0,16,4591288.568998441,8.193150684931506,5.0
C-002691878,S-0050,-29.925257368495277,0,3,男性,16,1,12,0.0833333333333333,61709,2,20,4615411.181286601,9.2013698630137,6.0
C-002578620,S-0089,-47.452396172830454,0,3,男性,41,1,12,0.3333333333333333,0,0,19,4721110.949352573,10.142465753424657,7.0
C-002217692,S-0004,-20.684506902516656,0,3,女性,41,3,12,0.3333333333333333,0,0,22,4423576.351309,11.806849315068494,9.0
C-002197781,S-0039,-44.894640697764174,0,3,男性,46,3,12,0.3333333333333333,2867,1,16,4591288.568998441,8.193150684931506,5.0
C-000020013,S-0018,-29.587808911487873,0,3,女性,50,12,12,0.1666666666666666,17170,2,16,4493108.581950108,7.550684931506849,5.0
C-001756586,S-0126,-26.879901649678324,0,3,女性,73,5,12,0.0,13074,1,17,4493168.352495564,5.53972602739726,3.0
C-000113396,S-0121,-37.38001288907481,0,3,男性,50,12,12,0.25,1306,2,14,4716268.25678644,9.856164383561644,7.0
C-001708864,S-0097,-60.627376425855516,1,3,女性,62,5,12,0.0833333333333333,1482,1,21,4592508.716501317,10.09041095890411,7.0
C-001338129,S-0014,-100.0,1,3,女性,55,7,12,0.4166666666666667,28767,2,21,4730192.353344672,7.336986301369863,4.0
C-002474604,S-0080,-32.7075903738102,0,3,女性,52,1,12,0.1666666666666666,4329,2,17,4457429.264950683,11.673972602739726,9.0
C-001289017,S-0121,-27.783961138741965,0,3,女性,54,7,12,0.25,3891,2,14,4716268.25678644,9.856164383561644,7.0
C-001926863,S-0007,-81.50249828185078,1,3,男性,38,4,12,0.25,1377,1,21,4487075.727367008,3.7260273972602738,1.0
C-000955548,S-0100,-46.33450093298851,0,3,女性,71,8,12,0.5833333333333334,23828,1,17,4535925.154217558,4.720547945205479,2.0
C-000540186,S-0102,-47.426412783529045,0,3,男性,40,10,12,0.0833333333333333,6210,2,16,4383474.364435211,10.484931506849314,7.5
C-002687305,S-0004,-28.275450055759123,0,3,女性,45,1,12,0.1666666666666666,0,0,22,4423576.351309,11.806849315068494,9.0
C-000722151,S-0131,-100.0,1,3,女性,60,9,12,0.3333333333333333,2600,1,17,4569023.5643747775,5.13972602739726,2.0
C-001462595,S-0099,-37.63275484110432,0,3,女性,44,6,12,0.4166666666666667,0,0,13,4464126.154078853,8.147945205479452,5.0
C-000137332,S-0012,-65.84275999696322,1,3,女性,53,12,12,0.0,0,0,16,4444678.825084195,7.994520547945205,5.0
C-001145596,S-0017,-66.23088672458817,1,3,男性,57,7,12,0.4166666666666667,14517,1,20,4640207.03550726,5.608219178082192,2.5
C-002557582,S-0085,-9.229782452550932,0,3,女性,35,1,12,0.25,0,0,15,4606655.398026554,4.928767123287671,2.0
C-000674927,S-0048,-46.56611504437592,0,3,女性,38,10,12,0.25,0,0,15,4502249.082895545,3.671232876712329,1.0
C-001324827,S-0062,-12.00863850924012,0,3,女性,56,7,12,0.1666666666666666,30087,1,15,4713869.782113416,4.575342465753424,1.0
C-001360255,S-0131,-52.21416283895224,1,3,男性,67,6,12,0.0833333333333333,27327,2,17,4569023.5643747775,5.13972602739726,2.0
C-001984441,S-0080,-100.0,1,3,女性,42,4,12,0.75,0,0,17,4457429.264950683,11.673972602739726,9.0
C-002251917,S-0002,-37.949040406801906,0,3,男性,30,2,12,0.3333333333333333,17724,2,15,4455566.655169959,5.663013698630137,2.0
C-000902619,S-0121,-9.79889236857666,0,3,女性,60,8,12,0.0,0,0,14,4716268.25678644,9.856164383561644,7.0
C-001027549,S-0117,-100.0,1,3,男性,31,8,12,0.1666666666666666,0,0,20,4500859.737076383,9.593150684931507,7.0
C-000034507,S-0121,-73.4070183299727,1,3,女性,55,12,12,0.25,0,0,14,4716268.25678644,9.856164383561644,7.0
C-000455122,S-0019,-12.308561840074942,0,3,女性,31,10,12,0.4166666666666667,0,0,19,4327199.920883598,4.090410958904109,1.0
C-000644850,S-0089,-16.1134816193033,0,3,男性,31,10,12,0.1666666666666666,12645,1,19,4721110.949352573,10.142465753424657,7.0
C-002107869,S-0106,-100.0,1,3,男性,74,3,12,0.0833333333333333,0,0,20,4462729.145118021,6.171232876712329,3.5
C-001908060,S-0012,-100.0,1,3,男性,41,4,12,0.0833333333333333,37654,1,16,4444678.825084195,7.994520547945205,5.0
C-001149827,S-0054,-100.0,1,3,女性,43,7,12,0.25,0,0,23,4489160.181517739,6.358904109589041,4.0
C-000647318,S-0018,-24.66243937128478,0,3,男性,37,10,12,0.1666666666666666,12565,1,16,4493108.581950108,7.550684931506849,5.0
C-002402752,S-0074,-31.486827080709716,0,3,男性,42,2,12,0.3333333333333333,11914,1,14,4614054.39694187,8.308219178082192,6.0
C-000210221,S-0117,-100.0,1,3,男性,51,12,12,0.25,22769,1,20,4500859.737076383,9.593150684931507,7.0
C-001355908,S-0085,-32.97771728289312,0,3,男性,45,6,12,0.3333333333333333,0,0,15,4606655.398026554,4.928767123287671,2.0
C-001182413,S-0102,-100.0,1,3,男性,47,7,12,0.1666666666666666,4330,2,16,4383474.364435211,10.484931506849314,7.5
C-001747291,S-0041,-45.043672263531654,0,3,女性,47,5,12,0.1666666666666666,22942,1,17,4828489.286769263,10.389041095890411,7.0
C-000531457,S-0056,-100.0,1,3,男性,22,10,12,0.1666666666666666,9949,1,15,4406070.585753419,7.528767123287671,4.0
C-000241711,S-0079,-100.0,1,3,女性,19,11,12,0.4166666666666667,0,0,13,4256656.371085242,8.479452054794521,6.0
C-001817514,S-0002,-27.610240140405352,0,3,女性,52,4,12,0.25,12588,1,15,4455566.655169959,5.663013698630137,2.0
C-001838711,S-0097,-7.860417994819646,0,3,女性,54,4,12,0.0,22483,1,21,4592508.716501317,10.09041095890411,7.0
C-000501790,S-0079,-11.015338507681339,0,3,男性,51,10,12,0.1666666666666666,0,0,13,4256656.371085242,8.479452054794521,6.0
C-001136351,S-0102,-26.113823880510488,0,3,男性,44,7,12,0.3333333333333333,35715,1,16,4383474.364435211,10.484931506849314,7.5
C-001374561,S-0079,-54.2659265407761,1,3,男性,54,6,12,0.4166666666666667,0,0,13,4256656.371085242,8.479452054794521,6.0
C-001470879,S-0062,-38.639054269684124,0,3,男性,65,6,12,0.5,0,0,15,4713869.782113416,4.575342465753424,1.0
C-000662250,S-0117,-28.950472171185123,0,3,男性,51,10,12,0.3333333333333333,0,0,20,4500859.737076383,9.593150684931507,7.0
C-002483285,S-0004,-100.0,1,3,女性,67,1,12,0.3333333333333333,0,0,22,4423576.351309,11.806849315068494,9.0
C-002587443,S-0113,-47.36909377529718,0,3,男性,52,1,12,0.1666666666666666,0,0,16,4336633.961311346,5.77945205479452,2.5
C-001782133,S-0102,-100.0,1,3,女性,52,5,12,0.0833333333333333,18099,1,16,4383474.364435211,10.484931506849314,7.5
C-002471304,S-0089,-36.0309570582884,0,3,男性,52,1,12,0.0833333333333333,7844,2,19,4721110.949352573,10.142465753424657,7.0
C-001210027,S-0014,-8.466116830775848,0,3,男性,75,7,12,0.5833333333333334,0,0,21,4730192.353344672,7.336986301369863,4.0
C-000768596,S-0017,-60.24342717113712,1,3,女性,58,9,12,0.5833333333333334,2193,2,20,4640207.03550726,5.608219178082192,2.5
C-001230208,S-0121,-58.34307152961436,1,3,女性,53,7,12,0.5,18943,1,14,4716268.25678644,9.856164383561644,7.0
C-001585434,S-0074,-100.0,1,3,女性,69,5,12,0.4166666666666667,21161,2,14,4614054.39694187,8.308219178082192,6.0
C-002404506,S-0018,-62.546357539047094,1,3,男性,45,2,12,0.3333333333333333,25109,1,16,4493108.581950108,7.550684931506849,5.0
C-001649161,S-0004,-72.23950727030287,1,3,女性,47,5,12,0.0833333333333333,0,0,22,4423576.351309,11.806849315068494,9.0
C-002321776,S-0102,-39.43840901235836,0,3,女性,40,2,12,0.5833333333333334,26880,2,16,4383474.364435211,10.484931506849314,7.5
C-000638159,S-0007,-100.0,1,3,男性,37,10,12,0.1666666666666666,14074,1,21,4487075.727367008,3.7260273972602738,1.0
C-001470295,S-0008,-86.37825248118472,1,3,女性,56,6,12,0.4166666666666667,28838,2,22,4498453.308937302,10.772602739726027,7.0
C-000187921,S-0012,-100.0,1,3,女性,75,12,12,0.4166666666666667,25958,1,16,4444678.825084195,7.994520547945205,5.0
C-000877764,S-0012,-33.73565784186794,0,3,女性,52,9,12,0.25,11167,1,16,4444678.825084195,7.994520547945205,5.0
C-002251321,S-0102,-64.62241863972396,1,3,男性,56,2,12,0.5,41436,2,16,4383474.364435211,10.484931506849314,7.5
C-000136950,S-0074,-13.517469881486468,0,3,女性,49,12,12,0.5,3148,1,14,4614054.39694187,8.308219178082192,6.0
C-002663219,S-0080,-64.24423409624347,1,3,女性,47,1,12,0.0,0,0,17,4457429.264950683,11.673972602739726,9.0
C-000568007,S-0036,-74.46390036868047,1,3,女性,57,10,12,0.1666666666666666,4643,1,19,4397834.424680548,11.123287671232877,9.0
C-002255788,S-0097,-91.92472385567305,1,3,女性,49,2,12,0.3333333333333333,0,0,21,4592508.716501317,10.09041095890411,7.0
C-002184761,S-0131,-86.54232230059685,1,3,男性,32,3,12,1.0,5281,1,17,4569023.5643747775,5.13972602739726,2.0
C-002264895,S-0007,-20.224191896361315,0,3,男性,45,2,12,0.25,5946,2,21,4487075.727367008,3.7260273972602738,1.0
C-001256753,S-0050,-100.0,1,3,男性,63,7,12,0.1666666666666666,1633,1,20,4615411.181286601,9.2013698630137,6.0
C-001805990,S-0018,-94.55944465353573,1,3,男性,52,4,12,0.0833333333333333,0,0,16,4493108.581950108,7.550684931506849,5.0
C-000732971,S-0050,-100.0,1,3,男性,58,9,12,0.25,0,0,20,4615411.181286601,9.2013698630137,6.0
C-001824951,S-0050,-36.62025646427819,0,3,男性,41,4,12,0.25,29724,2,20,4615411.181286601,9.2013698630137,6.0
C-001991925,S-0117,-100.0,1,3,女性,75,4,12,0.0833333333333333,0,0,20,4500859.737076383,9.593150684931507,7.0
C-002104117,S-0018,-74.57750085353364,1,3,女性,57,3,12,0.25,1901,1,16,4493108.581950108,7.550684931506849,5.0
C-002505508,S-0040,-92.20097418502121,1,3,女性,51,1,12,0.5833333333333334,14577,2,20,4550116.0180538,8.163013698630138,4.0
C-000799293,S-0005,-24.256870846057122,0,3,女性,55,9,12,0.75,0,0,21,4733942.970761149,4.69041095890411,2.0
C-001150948,S-0099,-39.56691195166658,0,3,女性,41,7,12,0.25,0,0,13,4464126.154078853,8.147945205479452,5.0
C-002496626,S-0131,-28.939533891641467,0,3,女性,59,1,12,0.1666666666666666,20552,1,17,4569023.5643747775,5.13972602739726,2.0
C-000944491,S-0018,-100.0,1,3,女性,51,8,12,0.0,0,0,16,4493108.581950108,7.550684931506849,5.0
C-001068763,S-0017,-100.0,1,3,男性,41,8,12,0.75,32120,2,20,4640207.03550726,5.608219178082192,2.5
C-001972782,S-0004,-57.42043818966896,1,3,男性,51,4,12,0.1666666666666666,5946,1,22,4423576.351309,11.806849315068494,9.0
C-001231862,S-0072,-49.25104554894876,1,3,男性,61,7,12,0.25,6064,2,12,4406797.312641796,9.01917808219178,6.0
C-001236877,S-0030,-100.0,1,3,女性,57,7,12,0.6666666666666666,0,0,22,4426478.045479023,9.236986301369862,5.5
C-001922327,S-0079,-100.0,1,3,女性,44,4,12,0.3333333333333333,39512,1,13,4256656.371085242,8.479452054794521,6.0
C-001579647,S-0113,-36.32072383721932,0,3,女性,41,5,12,0.0833333333333333,13534,1,16,4336633.961311346,5.77945205479452,2.5
C-001588571,S-0074,-52.241887677915344,1,3,女性,57,5,12,0.0833333333333333,4423,1,14,4614054.39694187,8.308219178082192,6.0
C-002454194,S-0004,-69.69637567520473,1,3,男性,36,2,12,0.0,0,0,22,4423576.351309,11.806849315068494,9.0
C-000074488,S-0100,-83.84004849311437,1,3,男性,80,12,12,0.3333333333333333,4410,1,17,4535925.154217558,4.720547945205479,2.0
C-002294209,S-0079,-100.0,1,3,女性,44,2,12,0.4166666666666667,11038,1,13,4256656.371085242,8.479452054794521,6.0
C-002573644,S-0012,-50.783927799913585,1,3,女性,52,1,12,0.0833333333333333,9204,2,16,4444678.825084195,7.994520547945205,5.0
C-000322151,S-0121,-29.950473944617546,0,3,男性,48,11,12,0.3333333333333333,953,2,14,4716268.25678644,9.856164383561644,7.0
C-002582795,S-0004,-7.297154234004369,0,3,男性,41,1,12,0.0833333333333333,0,0,22,4423576.351309,11.806849315068494,9.0
C-001497297,S-0113,-9.87598716126377,0,3,男性,56,6,12,0.25,0,0,16,4336633.961311346,5.77945205479452,2.5
C-001879199,S-0020,-53.64253552835233,1,3,女性,75,4,12,0.5,0,0,16,4280702.057267675,6.986301369863014,3.5
C-002020142,S-0121,-18.948712570787016,0,3,女性,49,4,12,0.4166666666666667,0,0,14,4716268.25678644,9.856164383561644,7.0
C-000749727,S-0039,-100.0,1,3,男性,50,9,12,0.5,2197,1,16,4591288.568998441,8.193150684931506,5.0
C-001468642,S-0072,-100.0,1,3,女性,54,6,12,0.1666666666666666,0,0,12,4406797.312641796,9.01917808219178,6.0
C-001891413,S-0097,-38.35560808337598,0,3,女性,33,4,12,0.1666666666666666,1933,2,21,4592508.716501317,10.09041095890411,7.0
C-000141901,S-0012,-100.0,1,3,男性,73,12,12,0.0,0,0,16,4444678.825084195,7.994520547945205,5.0
C-002614557,S-0056,-55.4395955896188,1,3,男性,65,1,12,0.5833333333333334,20038,1,15,4406070.585753419,7.528767123287671,4.0
C-001072974,S-0121,-29.768699788971904,0,3,女性,31,8,12,0.4166666666666667,26665,2,14,4716268.25678644,9.856164383561644,7.0
C-002005289,S-0097,-100.0,1,3,男性,42,4,12,0.5833333333333334,3398,1,21,4592508.716501317,10.09041095890411,7.0
C-001781193,S-0097,-30.566641945564992,0,3,女性,46,5,12,0.1666666666666666,3264,2,21,4592508.716501317,10.09041095890411,7.0
C-001984646,S-0056,-40.012691091111726,0,3,女性,43,4,12,0.25,10274,1,15,4406070.585753419,7.528767123287671,4.0
C-002653126,S-0002,-29.90789904482626,0,3,男性,56,1,12,0.5833333333333334,31838,1,15,4455566.655169959,5.663013698630137,2.0
C-001591721,S-0020,-44.33362963417064,0,3,男性,35,5,12,0.75,81987,1,16,4280702.057267675,6.986301369863014,3.5
C-001713498,S-0041,-74.75930444212075,1,3,男性,67,5,12,0.4166666666666667,0,0,17,4828489.286769263,10.389041095890411,7.0
C-001366090,S-0056,-39.80174582038763,0,3,女性,36,6,12,0.5,0,0,15,4406070.585753419,7.528767123287671,4.0
C-000722204,S-0017,-34.71732362165826,0,3,男性,15,9,12,0.75,0,0,20,4640207.03550726,5.608219178082192,2.5
C-002105047,S-0121,-45.89686067605555,0,3,男性,45,3,12,0.1666666666666666,8720,1,14,4716268.25678644,9.856164383561644,7.0
C-001702760,S-0072,-39.726414561076254,0,3,男性,36,5,12,0.25,20511,2,12,4406797.312641796,9.01917808219178,6.0
C-001481551,S-0121,-46.196378108729434,0,3,女性,38,6,12,0.4166666666666667,0,0,14,4716268.25678644,9.856164383561644,7.0
C-001435090,S-0074,-31.980632374417578,0,3,女性,38,6,12,0.1666666666666666,0,0,14,4614054.39694187,8.308219178082192,6.0
C-000076287,S-0111,-82.7783554725065,1,3,女性,37,12,12,0.1666666666666666,0,0,19,4489501.980758176,6.397260273972603,4.0
C-002429282,S-0008,-17.24534152050339,0,3,女性,49,2,12,0.0833333333333333,7622,2,22,4498453.308937302,10.772602739726027,7.0
C-002314168,S-0056,-26.143808138253316,0,3,女性,60,2,12,0.25,10974,2,15,4406070.585753419,7.528767123287671,4.0
C-002061679,S-0115,-50.641946969148634,1,3,女性,30,3,12,0.25,99433,1,14,4553643.099564746,10.51095890410959,7.0
C-002370133,S-0056,-100.0,1,3,女性,54,2,12,0.1666666666666666,21665,1,15,4406070.585753419,7.528767123287671,4.0
C-001794409,S-0056,-30.679896697023246,0,3,女性,53,5,12,0.5,3550,1,15,4406070.585753419,7.528767123287671,4.0
C-000867977,S-0096,-100.0,1,3,男性,26,9,12,0.25,0,0,16,4644856.458098179,8.302739726027397,5.0
C-000736996,S-0054,-17.556137487000125,0,3,男性,45,9,12,0.0833333333333333,9953,1,23,4489160.181517739,6.358904109589041,4.0
C-000510870,S-0030,-100.0,1,3,女性,42,10,12,0.4166666666666667,14663,1,22,4426478.045479023,9.236986301369862,5.5
C-001121319,S-0075,-26.050570581742438,0,3,男性,47,8,12,0.0833333333333333,36845,1,19,4506647.2743158825,4.526027397260274,1.0
C-001105330,S-0102,-44.76748429726667,0,3,男性,36,8,12,0.25,15398,1,16,4383474.364435211,10.484931506849314,7.5
C-001125388,S-0030,-47.77854457189091,0,3,男性,60,7,12,0.6666666666666666,0,0,22,4426478.045479023,9.236986301369862,5.5
C-001063622,S-0054,-50.41784994933256,1,3,女性,56,8,12,0.6666666666666666,7628,1,23,4489160.181517739,6.358904109589041,4.0
C-001206791,S-0012,-22.56502382254159,0,3,女性,49,7,12,0.3333333333333333,95553,2,16,4444678.825084195,7.994520547945205,5.0
C-001693462,S-0080,-100.0,1,3,男性,55,5,12,0.1666666666666666,0,0,17,4457429.264950683,11.673972602739726,9.0
C-002240443,S-0085,-14.415157423916641,0,3,女性,82,3,12,0.0833333333333333,20293,2,15,4606655.398026554,4.928767123287671,2.0
C-000990763,S-0036,-100.0,1,3,男性,46,8,12,0.3333333333333333,2732,2,19,4397834.424680548,11.123287671232877,9.0
C-000900837,S-0036,-31.756093599545228,0,3,女性,47,9,12,0.3333333333333333,12411,2,19,4397834.424680548,11.123287671232877,9.0
C-002383396,S-0054,-35.56005156484996,0,3,女性,49,2,12,0.8333333333333334,1640,2,23,4489160.181517739,6.358904109589041,4.0
C-002646643,S-0019,-100.0,1,3,男性,38,1,12,0.1666666666666666,74912,1,19,4327199.920883598,4.090410958904109,1.0
C-000875384,S-0036,-35.03830086457246,0,3,女性,57,9,12,0.5,15887,2,19,4397834.424680548,11.123287671232877,9.0
C-002605201,S-0115,-49.698592377405966,1,3,女性,63,1,12,0.1666666666666666,16114,2,14,4553643.099564746,10.51095890410959,7.0
C-000179779,S-0056,-17.223427665359225,0,3,女性,45,12,12,0.6666666666666666,0,0,15,4406070.585753419,7.528767123287671,4.0
C-002477167,S-0040,-100.0,1,3,男性,58,1,12,0.5,0,0,20,4550116.0180538,8.163013698630138,4.0
C-000505308,S-0040,-100.0,1,3,女性,42,10,12,0.0833333333333333,0,0,20,4550116.0180538,8.163013698630138,4.0
C-002525532,S-0018,-57.69306597701416,1,3,男性,36,1,12,0.3333333333333333,11229,1,16,4493108.581950108,7.550684931506849,5.0
C-000032979,S-0030,-17.73019787093282,0,3,女性,32,12,12,0.25,0,0,22,4426478.045479023,9.236986301369862,5.5
C-001299923,S-0050,-39.38177273102456,0,3,女性,49,7,12,0.3333333333333333,43783,2,20,4615411.181286601,9.2013698630137,6.0
C-001356668,S-0012,-39.425752212921175,0,3,女性,54,6,12,0.25,45811,1,16,4444678.825084195,7.994520547945205,5.0
C-000945618,S-0017,-14.707035289106459,0,3,男性,67,8,12,0.0833333333333333,37721,1,20,4640207.03550726,5.608219178082192,2.5
C-001312653,S-0080,-83.07051431870988,1,3,男性,82,7,12,0.25,8691,1,17,4457429.264950683,11.673972602739726,9.0
C-000902977,S-0004,-100.0,1,3,女性,60,8,12,0.0,602,2,22,4423576.351309,11.806849315068494,9.0
C-000918079,S-0072,-49.048320516661676,1,3,女性,63,8,12,0.25,6678,1,12,4406797.312641796,9.01917808219178,6.0
C-002593677,S-0012,-24.01971269791339,0,3,女性,77,1,12,0.3333333333333333,21024,1,16,4444678.825084195,7.994520547945205,5.0
C-001731173,S-0074,-66.73271816712015,1,3,男性,58,5,12,0.5,2825,2,14,4614054.39694187,8.308219178082192,6.0
C-000894955,S-0096,-40.243054321727165,0,3,男性,47,9,12,0.1666666666666666,0,0,16,4644856.458098179,8.302739726027397,5.0
C-000381248,S-0056,-66.01319108841676,1,3,男性,47,11,12,0.3333333333333333,5033,1,15,4406070.585753419,7.528767123287671,4.0
C-001837025,S-0100,-26.85982482722939,0,3,男性,69,4,12,0.1666666666666666,0,0,17,4535925.154217558,4.720547945205479,2.0
C-001061472,S-0018,-100.0,1,3,男性,45,8,12,0.1666666666666666,13036,1,16,4493108.581950108,7.550684931506849,5.0
C-000985392,S-0096,-85.6028932517288,1,3,男性,59,8,12,0.0833333333333333,0,0,16,4644856.458098179,8.302739726027397,5.0
C-001211581,S-0096,-100.0,1,3,女性,45,7,12,0.25,2311,1,16,4644856.458098179,8.302739726027397,5.0
C-001403685,S-0063,-33.42422183990503,0,3,男性,60,6,12,0.5,10461,1,18,4564012.176421695,5.749315068493151,3.0
C-001005206,S-0036,-47.61087149620432,0,3,男性,62,8,12,0.0,25734,1,19,4397834.424680548,11.123287671232877,9.0
C-001057343,S-0096,-27.768894311035737,0,3,女性,43,8,12,0.25,0,0,16,4644856.458098179,8.302739726027397,5.0
C-000585927,S-0072,-100.0,1,3,女性,50,10,12,0.3333333333333333,0,0,12,4406797.312641796,9.01917808219178,6.0
C-002630738,S-0039,-42.48772219566257,0,3,男性,53,1,12,0.1666666666666666,0,0,16,4591288.568998441,8.193150684931506,5.0
C-002343834,S-0102,-31.469589873862898,0,3,女性,35,2,12,0.25,0,0,16,4383474.364435211,10.484931506849314,7.5
C-001837760,S-0131,-39.54757077802341,0,3,女性,56,4,12,0.9166666666666666,1389,1,17,4569023.5643747775,5.13972602739726,2.0
C-000154003,S-0080,-100.0,1,3,男性,65,12,12,0.25,0,0,17,4457429.264950683,11.673972602739726,9.0
C-002188438,S-0056,-100.0,1,3,女性,59,3,12,0.0833333333333333,0,0,15,4406070.585753419,7.528767123287671,4.0
C-002454714,S-0079,-100.0,1,3,男性,45,2,12,0.1666666666666666,7361,1,13,4256656.371085242,8.479452054794521,6.0
C-002113700,S-0018,-31.551701428348256,0,3,女性,55,3,12,0.1666666666666666,0,0,16,4493108.581950108,7.550684931506849,5.0
C-001112501,S-0106,-27.733376221407497,0,3,女性,65,8,12,0.1666666666666666,22751,1,20,4462729.145118021,6.171232876712329,3.5
C-000741545,S-0036,-32.295889237796175,0,3,女性,44,9,12,0.1666666666666666,0,0,19,4397834.424680548,11.123287671232877,9.0
C-001901627,S-0048,-5.1666617218727335,0,3,女性,56,4,12,0.0,10096,1,15,4502249.082895545,3.671232876712329,1.0
C-002553177,S-0096,-53.85506351106135,1,3,女性,57,1,12,0.25,0,0,16,4644856.458098179,8.302739726027397,5.0
C-001113591,S-0113,-100.0,1,3,女性,62,8,12,0.1666666666666666,0,0,16,4336633.961311346,5.77945205479452,2.5
C-002513636,S-0099,-100.0,1,3,女性,38,1,12,0.25,7402,1,13,4464126.154078853,8.147945205479452,5.0
C-002341317,S-0050,-75.47177654002827,1,3,男性,50,2,12,0.5,0,0,20,4615411.181286601,9.2013698630137,6.0
C-000938309,S-0079,-48.37425996378654,0,3,男性,23,8,12,0.1666666666666666,0,0,13,4256656.371085242,8.479452054794521,6.0
C-001768281,S-0040,-39.30238928375036,0,3,女性,42,5,12,0.5,6937,2,20,4550116.0180538,8.163013698630138,4.0
C-001054337,S-0074,-67.10156905164136,1,3,女性,27,8,12,0.0,1264,2,14,4614054.39694187,8.308219178082192,6.0
C-000742704,S-0040,-47.85710408573134,0,3,女性,68,9,12,0.1666666666666666,13027,1,20,4550116.0180538,8.163013698630138,4.0
C-000083718,S-0039,-49.15305166232073,1,3,男性,59,12,12,0.3333333333333333,11632,2,16,4591288.568998441,8.193150684931506,5.0
C-001296863,S-0014,-70.95659177475376,1,3,女性,32,7,12,0.3333333333333333,0,0,21,4730192.353344672,7.336986301369863,4.0
C-000065194,S-0113,-54.37704619290297,1,3,女性,30,12,12,0.3333333333333333,0,0,16,4336633.961311346,5.77945205479452,2.5
C-001070570,S-0074,-100.0,1,3,女性,89,8,12,0.0,44946,1,14,4614054.39694187,8.308219178082192,6.0
C-000651064,S-0056,-50.41673014959399,1,3,女性,29,10,12,0.4166666666666667,0,0,15,4406070.585753419,7.528767123287671,4.0
C-001763845,S-0115,-75.85009164199383,1,3,男性,22,5,12,0.0833333333333333,75657,1,14,4553643.099564746,10.51095890410959,7.0
C-001810293,S-0099,-37.78222015665752,0,3,女性,50,4,12,0.4166666666666667,25042,2,13,4464126.154078853,8.147945205479452,5.0
C-000739221,S-0079,-100.0,1,3,女性,32,9,12,0.3333333333333333,11452,1,13,4256656.371085242,8.479452054794521,6.0
C-001645163,S-0102,-46.20176706066277,0,3,女性,34,5,12,0.0833333333333333,4895,1,16,4383474.364435211,10.484931506849314,7.5
C-000295526,S-0004,-49.88061227054516,1,3,男性,31,11,12,0.1666666666666666,42459,1,22,4423576.351309,11.806849315068494,9.0
C-001189145,S-0089,-85.89206904085646,1,3,女性,61,7,12,0.0833333333333333,27543,1,19,4721110.949352573,10.142465753424657,7.0
C-000081381,S-0041,-37.41828545333074,0,3,女性,46,12,12,0.25,23443,1,17,4828489.286769263,10.389041095890411,7.0
C-002023792,S-0007,-22.02458837640388,0,3,女性,40,3,12,0.4166666666666667,3014,1,21,4487075.727367008,3.7260273972602738,1.0
C-002463447,S-0002,-39.16645900822328,0,3,男性,71,2,12,0.3333333333333333,0,0,15,4455566.655169959,5.663013698630137,2.0
C-002596293,S-0014,-51.3067645279306,1,3,女性,39,1,12,0.4166666666666667,20826,1,21,4730192.353344672,7.336986301369863,4.0
C-000660095,S-0036,-100.0,1,3,女性,58,10,12,0.0833333333333333,16524,1,19,4397834.424680548,11.123287671232877,9.0
C-001808577,S-0007,-20.124311174822477,0,3,男性,49,4,12,0.4166666666666667,9174,1,21,4487075.727367008,3.7260273972602738,1.0
C-001927531,S-0115,-52.27579220198273,1,3,女性,36,4,12,0.4166666666666667,0,0,14,4553643.099564746,10.51095890410959,7.0
C-002330419,S-0002,-25.298166274153882,0,3,女性,52,2,12,0.4166666666666667,0,0,15,4455566.655169959,5.663013698630137,2.0
C-000946002,S-0040,-62.56263676310999,1,3,女性,30,8,12,0.25,0,0,20,4550116.0180538,8.163013698630138,4.0
C-000353009,S-0097,-91.67190822775332,1,3,男性,20,11,12,0.25,0,0,21,4592508.716501317,10.09041095890411,7.0
C-000766456,S-0017,-100.0,1,3,男性,61,9,12,0.25,99714,2,20,4640207.03550726,5.608219178082192,2.5
C-000265852,S-0007,-58.06989045774501,1,3,男性,53,11,12,0.5833333333333334,2066,1,21,4487075.727367008,3.7260273972602738,1.0
C-000083756,S-0096,-100.0,1,3,男性,44,12,12,0.1666666666666666,7098,2,16,4644856.458098179,8.302739726027397,5.0
C-000210954,S-0080,-100.0,1,3,男性,48,12,12,0.1666666666666666,3801,1,17,4457429.264950683,11.673972602739726,9.0
C-002201825,S-0036,-18.436054228653415,0,3,女性,31,3,12,0.3333333333333333,3306,2,19,4397834.424680548,11.123287671232877,9.0
C-000842769,S-0115,-29.975961761566662,0,3,男性,52,9,12,0.3333333333333333,21827,1,14,4553643.099564746,10.51095890410959,7.0
C-000034302,S-0100,-51.27488590515246,1,3,女性,39,12,12,0.3333333333333333,0,0,17,4535925.154217558,4.720547945205479,2.0
C-001433010,S-0048,-100.0,1,3,男性,53,6,12,0.0833333333333333,0,0,15,4502249.082895545,3.671232876712329,1.0
C-002649193,S-0072,-100.0,1,3,男性,52,1,12,0.3333333333333333,0,0,12,4406797.312641796,9.01917808219178,6.0
C-000571462,S-0096,-52.926500692395685,1,3,女性,46,10,12,0.0833333333333333,2003,2,16,4644856.458098179,8.302739726027397,5.0
C-000422389,S-0102,-100.0,1,3,女性,25,11,12,0.3333333333333333,14468,2,16,4383474.364435211,10.484931506849314,7.5
C-000663383,S-0036,-25.754167012469075,0,3,女性,21,10,12,0.5,6138,1,19,4397834.424680548,11.123287671232877,9.0
C-000631835,S-0106,-100.0,1,3,男性,36,10,12,0.1666666666666666,4541,2,20,4462729.145118021,6.171232876712329,3.5
C-000250134,S-0019,-13.254797920796307,0,3,男性,42,11,12,0.1666666666666666,33245,2,19,4327199.920883598,4.090410958904109,1.0
C-001613973,S-0018,-60.906592474468155,1,3,女性,78,5,12,0.1666666666666666,22991,1,16,4493108.581950108,7.550684931506849,5.0
C-001652640,S-0074,-100.0,1,3,女性,47,5,12,0.1666666666666666,0,0,14,4614054.39694187,8.308219178082192,6.0
C-000969228,S-0126,-44.66852245256758,0,3,男性,66,8,12,0.4166666666666667,0,0,17,4493168.352495564,5.53972602739726,3.0
C-000475822,S-0014,-19.71376733710421,0,3,男性,53,10,12,0.1666666666666666,40392,2,21,4730192.353344672,7.336986301369863,4.0
C-001789432,S-0079,-33.525456650853535,0,3,女性,59,5,12,0.5833333333333334,0,0,13,4256656.371085242,8.479452054794521,6.0
C-001344995,S-0054,-34.10967416210338,0,3,女性,58,7,12,0.3333333333333333,0,0,23,4489160.181517739,6.358904109589041,4.0
C-002682743,S-0007,-100.0,1,3,男性,43,1,12,0.5,10144,1,21,4487075.727367008,3.7260273972602738,1.0
C-000392129,S-0059,-33.4830134640156,0,3,男性,23,11,12,0.1666666666666666,18759,1,14,4713188.969095345,6.8123287671232875,3.0
C-000828218,S-0012,-100.0,1,3,男性,32,9,12,0.5833333333333334,12426,1,16,4444678.825084195,7.994520547945205,5.0
C-001868810,S-0082,-21.464827459018114,0,3,女性,35,4,12,0.1666666666666666,15553,1,17,4607261.71451126,4.758904109589041,2.0
C-000206831,S-0072,-58.529455175664545,1,3,女性,68,12,12,0.4166666666666667,0,0,12,4406797.312641796,9.01917808219178,6.0
C-002529373,S-0074,-100.0,1,3,女性,54,1,12,0.5,0,0,14,4614054.39694187,8.308219178082192,6.0
C-002048931,S-0020,-19.047393898989995,0,3,女性,40,3,12,0.25,8539,1,16,4280702.057267675,6.986301369863014,3.5
C-001953287,S-0014,-100.0,1,3,男性,39,4,12,0.0833333333333333,970,2,21,4730192.353344672,7.336986301369863,4.0
C-002329925,S-0012,-63.217574908113114,1,3,女性,33,2,12,0.3333333333333333,4391,1,16,4444678.825084195,7.994520547945205,5.0
C-002074759,S-0074,-8.265934507119777,0,3,男性,59,3,12,0.4166666666666667,81692,1,14,4614054.39694187,8.308219178082192,6.0
C-001678214,S-0097,-72.75760875979763,1,3,女性,52,5,12,0.1666666666666666,23125,1,21,4592508.716501317,10.09041095890411,7.0
C-001479765,S-0131,-30.836867797695263,0,3,男性,37,6,12,0.0,5863,2,17,4569023.5643747775,5.13972602739726,2.0
C-001301748,S-0002,-67.88571618466855,1,3,男性,44,7,12,0.5833333333333334,4426,1,15,4455566.655169959,5.663013698630137,2.0
C-000202732,S-0050,-79.4802970672024,1,3,女性,47,12,12,0.3333333333333333,16830,2,20,4615411.181286601,9.2013698630137,6.0
C-001786248,S-0085,-100.0,1,3,男性,44,5,12,0.1666666666666666,841,1,15,4606655.398026554,4.928767123287671,2.0
C-002231464,S-0117,-100.0,1,3,女性,56,3,12,0.1666666666666666,0,0,20,4500859.737076383,9.593150684931507,7.0
C-001939014,S-0012,-42.480374253348565,0,3,男性,44,4,12,0.25,11662,1,16,4444678.825084195,7.994520547945205,5.0
C-002410038,S-0097,-100.0,1,3,女性,36,2,12,0.25,1945,1,21,4592508.716501317,10.09041095890411,7.0
C-000488835,S-0099,-76.92524177454844,1,3,女性,34,10,12,0.25,0,0,13,4464126.154078853,8.147945205479452,5.0
C-000908529,S-0048,-100.0,1,3,男性,50,8,12,0.0833333333333333,0,0,15,4502249.082895545,3.671232876712329,1.0
C-001505806,S-0012,-100.0,1,3,女性,50,6,12,0.3333333333333333,1529,2,16,4444678.825084195,7.994520547945205,5.0
C-002303481,S-0131,-50.266293783106065,1,3,女性,64,2,12,0.25,1513,2,17,4569023.5643747775,5.13972602739726,2.0
C-002159360,S-0018,-48.13021386318823,0,3,男性,59,3,12,0.0833333333333333,0,0,16,4493108.581950108,7.550684931506849,5.0
C-001321012,S-0018,-99.58722014925372,1,3,女性,54,7,12,0.1666666666666666,15299,2,16,4493108.581950108,7.550684931506849,5.0
C-001146470,S-0008,-38.203252503997284,0,3,女性,56,7,12,0.25,37821,1,22,4498453.308937302,10.772602739726027,7.0
C-000274650,S-0020,-100.0,1,3,男性,59,11,12,0.75,721,1,16,4280702.057267675,6.986301369863014,3.5
C-002344090,S-0056,-36.99002826402477,0,3,男性,44,2,12,0.3333333333333333,13900,1,15,4406070.585753419,7.528767123287671,4.0
C-002053682,S-0082,-76.07349392104184,1,3,男性,58,3,12,0.5,70916,1,17,4607261.71451126,4.758904109589041,2.0
C-002331105,S-0117,-88.30308602205025,1,3,女性,53,2,12,0.0,46515,1,20,4500859.737076383,9.593150684931507,7.0
C-000209942,S-0048,-56.406407637983214,1,3,女性,51,12,12,0.75,14930,2,15,4502249.082895545,3.671232876712329,1.0
C-000406690,S-0115,-86.99003361883251,1,3,女性,71,11,12,0.25,2559,1,14,4553643.099564746,10.51095890410959,7.0
C-002670870,S-0040,-46.76945167934011,0,3,女性,56,1,12,0.1666666666666666,3391,1,20,4550116.0180538,8.163013698630138,4.0
C-000309753,S-0048,-16.90257246044724,0,3,男性,42,11,12,0.1666666666666666,0,0,15,4502249.082895545,3.671232876712329,1.0
C-002160574,S-0063,-51.712969668878,1,3,女性,52,3,12,0.25,0,0,18,4564012.176421695,5.749315068493151,3.0
C-000314709,S-0004,-60.44698485281509,1,3,女性,76,11,12,0.25,1622,2,22,4423576.351309,11.806849315068494,9.0
C-001563686,S-0075,-89.08215467950647,1,3,女性,56,6,12,0.5833333333333334,0,0,19,4506647.2743158825,4.526027397260274,1.0
C-001852846,S-0113,-97.60617350596023,1,3,女性,56,4,12,0.0833333333333333,9111,1,16,4336633.961311346,5.77945205479452,2.5
C-000363532,S-0036,-100.0,1,3,女性,36,11,12,0.1666666666666666,0,0,19,4397834.424680548,11.123287671232877,9.0
C-001905607,S-0050,-94.59962027050834,1,3,女性,23,4,12,0.25,9277,1,20,4615411.181286601,9.2013698630137,6.0
C-002497532,S-0039,-100.0,1,3,女性,55,1,12,0.1666666666666666,0,0,16,4591288.568998441,8.193150684931506,5.0
C-001202233,S-0050,-68.20717691029252,1,3,女性,61,7,12,0.4166666666666667,0,0,20,4615411.181286601,9.2013698630137,6.0
C-000598601,S-0041,-100.0,1,3,男性,59,10,12,0.4166666666666667,14147,1,17,4828489.286769263,10.389041095890411,7.0
C-000666185,S-0113,-18.1943766027598,0,3,女性,42,10,12,0.1666666666666666,50784,1,16,4336633.961311346,5.77945205479452,2.5
C-000689801,S-0121,-80.8511551698232,1,3,男性,68,9,12,0.3333333333333333,0,0,14,4716268.25678644,9.856164383561644,7.0
C-002478761,S-0036,-58.85960986653329,1,3,男性,45,1,12,0.25,7848,2,19,4397834.424680548,11.123287671232877,9.0
C-000130097,S-0113,-72.58722363441949,1,3,男性,36,12,12,0.1666666666666666,0,0,16,4336633.961311346,5.77945205479452,2.5
C-002109455,S-0056,-73.1990650012986,1,3,女性,55,3,12,0.4166666666666667,0,0,15,4406070.585753419,7.528767123287671,4.0
C-002286777,S-0012,-93.68085426883358,1,3,男性,51,2,12,0.3333333333333333,0,0,16,4444678.825084195,7.994520547945205,5.0
C-000971629,S-0007,-21.70706154013266,0,3,男性,42,8,12,0.3333333333333333,0,0,21,4487075.727367008,3.7260273972602738,1.0
C-000531904,S-0039,-100.0,1,3,男性,32,10,12,0.1666666666666666,39198,1,16,4591288.568998441,8.193150684931506,5.0
C-000072005,S-0100,-65.4284722738653,1,3,男性,43,12,12,0.1666666666666666,77481,2,17,4535925.154217558,4.720547945205479,2.0
C-002424425,S-0115,-100.0,1,3,女性,60,2,12,0.0833333333333333,0,0,14,4553643.099564746,10.51095890410959,7.0
C-001338574,S-0017,-34.28531729991916,0,3,女性,46,7,12,0.3333333333333333,30054,2,20,4640207.03550726,5.608219178082192,2.5
C-001418242,S-0018,-46.689363658237895,0,3,男性,56,6,12,0.1666666666666666,10997,2,16,4493108.581950108,7.550684931506849,5.0
C-002093746,S-0017,-26.754791720314223,0,3,女性,33,3,12,0.8333333333333334,0,0,20,4640207.03550726,5.608219178082192,2.5
C-000668767,S-0115,-32.143618253416726,0,3,女性,57,10,12,0.5,0,0,14,4553643.099564746,10.51095890410959,7.0
C-002684506,S-0036,-92.35560672482251,1,3,男性,46,1,12,0.0,34728,2,19,4397834.424680548,11.123287671232877,9.0
C-000800593,S-0117,-100.0,1,3,女性,42,9,12,0.3333333333333333,0,0,20,4500859.737076383,9.593150684931507,7.0
C-002357632,S-0075,-92.5611688083084,1,3,女性,57,2,12,0.25,0,0,19,4506647.2743158825,4.526027397260274,1.0
C-001997647,S-0039,-45.606188363823,0,3,男性,49,4,12,0.0833333333333333,6325,1,16,4591288.568998441,8.193150684931506,5.0
C-000186125,S-0062,-41.67406318883174,0,3,男性,32,12,12,0.6666666666666666,0,0,15,4713869.782113416,4.575342465753424,1.0
C-001516472,S-0099,-29.97184478975474,0,3,女性,41,6,12,0.25,7477,1,13,4464126.154078853,8.147945205479452,5.0
C-000684866,S-0113,-100.0,1,3,女性,51,9,12,0.0833333333333333,0,0,16,4336633.961311346,5.77945205479452,2.5
C-000026197,S-0074,-52.61647936877664,1,3,女性,58,12,12,0.0833333333333333,0,0,14,4614054.39694187,8.308219178082192,6.0
C-002126035,S-0041,-53.074105061368385,1,3,女性,46,3,12,0.5833333333333334,0,0,17,4828489.286769263,10.389041095890411,7.0
C-000254620,S-0054,-96.9328373184323,1,3,男性,25,11,12,0.1666666666666666,24720,1,23,4489160.181517739,6.358904109589041,4.0
C-002239695,S-0036,-29.54384234087739,0,3,女性,52,3,12,0.1666666666666666,0,0,19,4397834.424680548,11.123287671232877,9.0
C-002518338,S-0096,-28.526064325668116,0,3,女性,56,1,12,0.0833333333333333,5978,1,16,4644856.458098179,8.302739726027397,5.0
C-001675109,S-0002,-59.81315392624202,1,3,女性,87,5,12,0.25,24890,2,15,4455566.655169959,5.663013698630137,2.0
C-000875593,S-0017,-29.08606131723947,0,3,女性,61,9,12,0.4166666666666667,26686,1,20,4640207.03550726,5.608219178082192,2.5
C-001485125,S-0106,-27.560397778937016,0,3,女性,44,6,12,0.25,0,0,20,4462729.145118021,6.171232876712329,3.5
C-002252124,S-0082,-29.0556158530673,0,3,女性,45,2,12,0.25,19102,1,17,4607261.71451126,4.758904109589041,2.0
C-001116554,S-0072,-100.0,1,3,女性,26,8,12,0.1666666666666666,0,0,12,4406797.312641796,9.01917808219178,6.0
C-001287013,S-0085,-100.0,1,3,男性,67,7,12,0.5833333333333334,0,0,15,4606655.398026554,4.928767123287671,2.0
C-000209815,S-0020,-12.579032559027612,0,3,女性,55,12,12,0.6666666666666666,1372,1,16,4280702.057267675,6.986301369863014,3.5
C-002656444,S-0002,-100.0,1,3,女性,41,1,12,0.1666666666666666,0,0,15,4455566.655169959,5.663013698630137,2.0
C-001951416,S-0106,-71.91500778648127,1,3,女性,46,4,12,0.4166666666666667,23103,2,20,4462729.145118021,6.171232876712329,3.5
C-000515221,S-0115,-60.90430102774872,1,3,女性,43,10,12,0.3333333333333333,104694,1,14,4553643.099564746,10.51095890410959,7.0
C-002168679,S-0050,-3.8873776085231597,0,3,女性,41,3,12,0.5833333333333334,4916,2,20,4615411.181286601,9.2013698630137,6.0
C-000971573,S-0113,-45.22465717183297,0,3,男性,50,8,12,0.3333333333333333,2295,1,16,4336633.961311346,5.77945205479452,2.5
C-000846453,S-0039,-27.56753903805409,0,3,女性,59,9,12,0.1666666666666666,11120,1,16,4591288.568998441,8.193150684931506,5.0
C-001534924,S-0089,-58.05050379012384,1,3,男性,36,6,12,0.1666666666666666,9486,2,19,4721110.949352573,10.142465753424657,7.0
C-001085021,S-0097,-47.631751764899036,0,3,女性,38,8,12,0.3333333333333333,0,0,21,4592508.716501317,10.09041095890411,7.0
C-002682344,S-0039,-18.569868891990165,0,3,男性,32,1,12,0.5833333333333334,30828,1,16,4591288.568998441,8.193150684931506,5.0
C-002289190,S-0096,-47.09289520484676,0,3,女性,54,2,12,0.4166666666666667,28570,2,16,4644856.458098179,8.302739726027397,5.0
C-001477193,S-0080,-26.34256766812988,0,3,男性,21,6,12,0.1666666666666666,18306,1,17,4457429.264950683,11.673972602739726,9.0
C-000160804,S-0012,-91.96202849537076,1,3,男性,65,12,12,0.1666666666666666,6377,1,16,4444678.825084195,7.994520547945205,5.0
C-000736869,S-0074,-38.39875928775286,0,3,男性,40,9,12,0.3333333333333333,13300,2,14,4614054.39694187,8.308219178082192,6.0
C-002511916,S-0039,-35.16250079888491,0,3,女性,44,1,12,0.25,7615,1,16,4591288.568998441,8.193150684931506,5.0
C-000298400,S-0096,-67.82937371669576,1,3,女性,59,11,12,0.6666666666666666,34258,1,16,4644856.458098179,8.302739726027397,5.0
C-000108744,S-0004,-15.845108721194892,0,3,女性,33,12,12,0.3333333333333333,6807,1,22,4423576.351309,11.806849315068494,9.0
C-002438913,S-0102,-100.0,1,3,女性,34,2,12,0.6666666666666666,0,0,16,4383474.364435211,10.484931506849314,7.5
C-001515673,S-0007,-50.1558681303371,1,3,女性,28,6,12,0.75,0,0,21,4487075.727367008,3.7260273972602738,1.0
C-002634475,S-0014,-100.0,1,3,女性,54,1,12,0.4166666666666667,6015,1,21,4730192.353344672,7.336986301369863,4.0
C-002562959,S-0014,-69.96727072095477,1,3,女性,36,1,12,0.0,6197,1,21,4730192.353344672,7.336986301369863,4.0
C-001071729,S-0002,-100.0,1,3,女性,42,8,12,0.3333333333333333,0,0,15,4455566.655169959,5.663013698630137,2.0
C-000816248,S-0007,-12.07540996870817,0,3,女性,34,9,12,0.3333333333333333,2288,1,21,4487075.727367008,3.7260273972602738,1.0
C-001947936,S-0106,-34.51499973428283,0,3,女性,59,4,12,0.5833333333333334,53824,2,20,4462729.145118021,6.171232876712329,3.5
C-001432434,S-0054,-40.75677702998354,0,3,女性,48,6,12,0.3333333333333333,0,0,23,4489160.181517739,6.358904109589041,4.0
C-001191211,S-0111,-50.054116813602015,1,3,男性,47,7,12,0.1666666666666666,0,0,19,4489501.980758176,6.397260273972603,4.0
C-000264829,S-0102,-54.11632438914705,1,3,女性,68,11,12,0.0833333333333333,77426,1,16,4383474.364435211,10.484931506849314,7.5
C-001225595,S-0074,-44.54929336054973,0,3,男性,50,7,12,0.25,19345,2,14,4614054.39694187,8.308219178082192,6.0
C-001586616,S-0004,-54.98690763464599,1,3,女性,43,5,12,0.3333333333333333,0,0,22,4423576.351309,11.806849315068494,9.0
C-001428594,S-0131,-100.0,1,3,女性,41,6,12,0.25,15864,2,17,4569023.5643747775,5.13972602739726,2.0
C-000054944,S-0020,-47.59502524998278,0,3,女性,52,12,12,0.4166666666666667,0,0,16,4280702.057267675,6.986301369863014,3.5
C-002008300,S-0017,-25.838411641679233,0,3,女性,19,4,12,0.0,9401,2,20,4640207.03550726,5.608219178082192,2.5
C-001672435,S-0115,-84.0844258954794,1,3,男性,54,5,12,0.25,0,0,14,4553643.099564746,10.51095890410959,7.0
C-000947140,S-0048,-100.0,1,3,女性,38,8,12,0.25,70772,1,15,4502249.082895545,3.671232876712329,1.0
C-001600709,S-0131,-100.0,1,3,男性,64,5,12,0.0833333333333333,11720,2,17,4569023.5643747775,5.13972602739726,2.0
C-001440370,S-0019,-17.807578356463434,0,3,男性,46,6,12,0.5,5677,1,19,4327199.920883598,4.090410958904109,1.0
C-001999703,S-0113,-43.14724411043815,0,3,男性,41,4,12,0.0833333333333333,104387,2,16,4336633.961311346,5.77945205479452,2.5
C-000210231,S-0074,-100.0,1,3,男性,35,12,12,0.25,0,0,14,4614054.39694187,8.308219178082192,6.0
C-000662398,S-0007,-16.237931865084274,0,3,男性,40,10,12,0.4166666666666667,20971,2,21,4487075.727367008,3.7260273972602738,1.0
C-000079112,S-0097,-100.0,1,3,女性,67,12,12,0.0833333333333333,3279,2,21,4592508.716501317,10.09041095890411,7.0
C-000023309,S-0062,-9.436750371755009,0,3,女性,56,12,12,0.25,0,0,15,4713869.782113416,4.575342465753424,1.0
C-000876518,S-0117,-86.3874972854372,1,3,女性,38,9,12,0.0,6569,1,20,4500859.737076383,9.593150684931507,7.0
C-000084703,S-0020,-41.020533046278636,0,3,男性,81,12,12,0.5,13789,1,16,4280702.057267675,6.986301369863014,3.5
C-000835019,S-0106,-100.0,1,3,女性,52,9,12,0.0833333333333333,37027,2,20,4462729.145118021,6.171232876712329,3.5
C-000569584,S-0097,-21.178873673480673,0,3,男性,24,10,12,0.5,19381,1,21,4592508.716501317,10.09041095890411,7.0
C-002137996,S-0050,-21.22275197268431,0,3,女性,41,3,12,0.25,6459,2,20,4615411.181286601,9.2013698630137,6.0
C-000410443,S-0100,-61.75535479449984,1,3,男性,48,11,12,0.0,0,0,17,4535925.154217558,4.720547945205479,2.0
C-001206356,S-0018,-89.64359604949837,1,3,女性,35,7,12,0.5,1639,2,16,4493108.581950108,7.550684931506849,5.0
C-002195474,S-0113,-91.20046943517116,1,3,女性,80,3,12,0.25,1475,2,16,4336633.961311346,5.77945205479452,2.5
C-000968539,S-0079,-19.25078674099372,0,3,女性,69,8,12,0.25,4948,1,13,4256656.371085242,8.479452054794521,6.0
C-000920563,S-0018,-24.43098581892562,0,3,女性,58,8,12,0.3333333333333333,0,0,16,4493108.581950108,7.550684931506849,5.0
C-002472308,S-0117,-21.143111458195566,0,3,男性,46,1,12,0.3333333333333333,0,0,20,4500859.737076383,9.593150684931507,7.0
C-002350611,S-0080,-100.0,1,3,男性,45,2,12,0.5,0,0,17,4457429.264950683,11.673972602739726,9.0
C-000750969,S-0002,-100.0,1,3,男性,57,9,12,0.3333333333333333,0,0,15,4455566.655169959,5.663013698630137,2.0
C-000059477,S-0020,-55.444931278199405,1,3,男性,41,12,12,0.25,0,0,16,4280702.057267675,6.986301369863014,3.5
C-001375077,S-0020,-77.84700086931325,1,3,女性,52,6,12,0.3333333333333333,11921,1,16,4280702.057267675,6.986301369863014,3.5
C-002100171,S-0121,-33.55800631136816,0,3,女性,51,3,12,0.0833333333333333,1787,1,14,4716268.25678644,9.856164383561644,7.0
C-001808520,S-0089,-48.023259415262636,0,3,男性,32,4,12,0.25,20859,1,19,4721110.949352573,10.142465753424657,7.0
C-000330082,S-0111,-14.082651712683504,0,3,女性,34,11,12,0.5833333333333334,3754,1,19,4489501.980758176,6.397260273972603,4.0
C-001892505,S-0115,-100.0,1,3,女性,52,4,12,0.0833333333333333,0,0,14,4553643.099564746,10.51095890410959,7.0
C-002491834,S-0121,-22.927449150867645,0,3,男性,33,1,12,0.25,45537,1,14,4716268.25678644,9.856164383561644,7.0
C-002241425,S-0121,-17.121058306663457,0,3,男性,88,3,12,0.3333333333333333,0,0,14,4716268.25678644,9.856164383561644,7.0
C-000926898,S-0054,-5.342447571011415,0,3,女性,44,8,12,0.6666666666666666,0,0,23,4489160.181517739,6.358904109589041,4.0
C-002053854,S-0054,-38.37826829382921,0,3,男性,41,3,12,0.1666666666666666,7212,2,23,4489160.181517739,6.358904109589041,4.0
C-000801436,S-0063,-27.58814167598869,0,3,男性,39,9,12,0.8333333333333334,0,0,18,4564012.176421695,5.749315068493151,3.0
C-001174683,S-0036,-100.0,1,3,女性,35,7,12,0.3333333333333333,0,0,19,4397834.424680548,11.123287671232877,9.0
C-001620687,S-0048,-43.338986041052344,0,3,男性,54,5,12,0.3333333333333333,0,0,15,4502249.082895545,3.671232876712329,1.0
C-000544238,S-0072,-100.0,1,3,男性,43,10,12,0.0833333333333333,0,0,12,4406797.312641796,9.01917808219178,6.0
C-002166364,S-0002,-63.2206346342077,1,3,男性,48,3,12,0.1666666666666666,9212,2,15,4455566.655169959,5.663013698630137,2.0
C-001360428,S-0082,-86.1580376149835,1,3,男性,29,6,12,0.4166666666666667,0,0,17,4607261.71451126,4.758904109589041,2.0
C-000591322,S-0097,-23.2264693319172,0,3,男性,57,10,12,0.1666666666666666,9759,2,21,4592508.716501317,10.09041095890411,7.0
C-001082250,S-0048,-25.60888358580144,0,3,女性,47,8,12,0.3333333333333333,1468,1,15,4502249.082895545,3.671232876712329,1.0
C-001536528,S-0121,-100.0,1,3,男性,54,6,12,0.3333333333333333,0,0,14,4716268.25678644,9.856164383561644,7.0
C-000123623,S-0012,-30.701211823575473,0,3,女性,38,12,12,0.25,10836,2,16,4444678.825084195,7.994520547945205,5.0
C-001623858,S-0079,-12.867659796568192,0,3,男性,37,5,12,0.0833333333333333,14027,1,13,4256656.371085242,8.479452054794521,6.0
C-000689886,S-0074,-43.028097671439,0,3,男性,39,9,12,0.3333333333333333,0,0,14,4614054.39694187,8.308219178082192,6.0
C-000005771,S-0050,-26.025618413510298,0,3,男性,52,12,12,0.3333333333333333,0,0,20,4615411.181286601,9.2013698630137,6.0
C-001517025,S-0089,-100.0,1,3,女性,39,6,12,0.25,5763,1,19,4721110.949352573,10.142465753424657,7.0
C-002408407,S-0111,-11.692649131427894,0,3,男性,51,2,12,0.1666666666666666,1851,1,19,4489501.980758176,6.397260273972603,4.0
C-001147381,S-0036,-87.5112679321091,1,3,女性,58,7,12,0.0833333333333333,24676,1,19,4397834.424680548,11.123287671232877,9.0
C-001980340,S-0072,-54.1250727844416,1,3,女性,47,4,12,0.1666666666666666,1648,2,12,4406797.312641796,9.01917808219178,6.0
C-001158840,S-0085,-32.71942932559636,0,3,女性,49,7,12,0.8333333333333334,0,0,15,4606655.398026554,4.928767123287671,2.0
C-001914846,S-0097,-100.0,1,3,女性,46,4,12,0.25,30239,2,21,4592508.716501317,10.09041095890411,7.0
C-002431153,S-0113,-24.980418844134,0,3,女性,49,2,12,0.25,46522,2,16,4336633.961311346,5.77945205479452,2.5
C-001024130,S-0012,-41.025871390663454,0,3,女性,65,8,12,0.25,21708,2,16,4444678.825084195,7.994520547945205,5.0
C-001878715,S-0063,-68.23425237442534,1,3,女性,55,4,12,0.3333333333333333,10244,2,18,4564012.176421695,5.749315068493151,3.0
C-000831319,S-0062,-55.31938141944441,1,3,女性,47,9,12,0.25,1568,1,15,4713869.782113416,4.575342465753424,1.0
C-001962459,S-0099,-100.0,1,3,男性,52,4,12,0.25,0,0,13,4464126.154078853,8.147945205479452,5.0
C-000435994,S-0036,-80.70105071659302,1,3,女性,37,11,12,0.25,0,0,19,4397834.424680548,11.123287671232877,9.0
C-002020420,S-0082,-23.793692433468024,0,3,女性,56,4,12,0.1666666666666666,0,0,17,4607261.71451126,4.758904109589041,2.0
C-002338045,S-0102,-47.75061958981359,0,3,女性,32,2,12,0.4166666666666667,14207,1,16,4383474.364435211,10.484931506849314,7.5
C-002409795,S-0121,-65.82136270817583,1,3,女性,48,2,12,0.25,0,0,14,4716268.25678644,9.856164383561644,7.0
C-002549017,S-0018,-100.0,1,3,女性,19,1,12,0.5,0,0,16,4493108.581950108,7.550684931506849,5.0
C-002337158,S-0012,-83.1193942067343,1,3,女性,70,2,12,0.5833333333333334,0,0,16,4444678.825084195,7.994520547945205,5.0
C-000900325,S-0099,-89.70351754733295,1,3,男性,45,9,12,0.3333333333333333,59317,1,13,4464126.154078853,8.147945205479452,5.0
C-000712503,S-0041,-84.10468424047032,1,3,女性,45,9,12,0.0833333333333333,0,0,17,4828489.286769263,10.389041095890411,7.0
C-001157790,S-0082,-100.0,1,3,女性,56,7,12,0.4166666666666667,74317,1,17,4607261.71451126,4.758904109589041,2.0
C-000718053,S-0048,-10.174692306430536,0,3,女性,60,9,12,0.3333333333333333,0,0,15,4502249.082895545,3.671232876712329,1.0
C-002073874,S-0074,-63.277582159624416,1,3,女性,72,3,12,0.5,8509,1,14,4614054.39694187,8.308219178082192,6.0
C-000360340,S-0096,-65.67798105252015,1,3,男性,57,11,12,0.1666666666666666,552,1,16,4644856.458098179,8.302739726027397,5.0
C-002107107,S-0115,-100.0,1,3,女性,40,3,12,0.25,0,0,14,4553643.099564746,10.51095890410959,7.0
C-001431099,S-0020,-28.72529618040092,0,3,女性,44,6,12,0.3333333333333333,0,0,16,4280702.057267675,6.986301369863014,3.5
C-000175389,S-0018,-34.633226596446434,0,3,男性,36,12,12,0.3333333333333333,6566,1,16,4493108.581950108,7.550684931506849,5.0
C-000197357,S-0072,-52.95683258734116,1,3,男性,57,12,12,0.25,5389,2,12,4406797.312641796,9.01917808219178,6.0
C-002263987,S-0074,-80.89975506831529,1,3,女性,35,2,12,0.25,0,0,14,4614054.39694187,8.308219178082192,6.0
C-000895198,S-0096,-100.0,1,3,女性,51,9,12,0.25,758,2,16,4644856.458098179,8.302739726027397,5.0
C-000333591,S-0012,-52.94481380347461,1,3,女性,64,11,12,0.25,0,0,16,4444678.825084195,7.994520547945205,5.0
C-002068826,S-0080,-100.0,1,3,女性,49,3,12,0.4166666666666667,0,0,17,4457429.264950683,11.673972602739726,9.0
C-001330895,S-0020,-100.0,1,3,男性,48,7,12,0.4166666666666667,0,0,16,4280702.057267675,6.986301369863014,3.5
C-002187620,S-0131,-11.67361600661599,0,3,男性,64,3,12,0.25,36738,1,17,4569023.5643747775,5.13972602739726,2.0
C-001886899,S-0100,-29.10689325388067,0,3,女性,38,4,12,0.5,22349,2,17,4535925.154217558,4.720547945205479,2.0
C-001725527,S-0115,-92.53113429821609,1,3,女性,60,5,12,0.1666666666666666,3560,1,14,4553643.099564746,10.51095890410959,7.0
C-002214991,S-0048,-64.39249157002631,1,3,女性,54,3,12,0.1666666666666666,6031,1,15,4502249.082895545,3.671232876712329,1.0
C-002595262,S-0056,-22.698329011502167,0,3,女性,43,1,12,0.25,0,0,15,4406070.585753419,7.528767123287671,4.0
C-002345515,S-0131,-13.550156071577252,0,3,男性,33,2,12,0.1666666666666666,0,0,17,4569023.5643747775,5.13972602739726,2.0
C-002079506,S-0113,-42.468127922252876,0,3,男性,57,3,12,0.3333333333333333,25128,2,16,4336633.961311346,5.77945205479452,2.5
C-001207665,S-0126,-37.388931153934216,0,3,女性,35,7,12,0.0833333333333333,3121,1,17,4493168.352495564,5.53972602739726,3.0
C-000471448,S-0036,-22.17597365749954,0,3,女性,57,10,12,0.0833333333333333,16934,1,19,4397834.424680548,11.123287671232877,9.0
C-000551826,S-0115,-20.437591982075386,0,3,男性,29,10,12,0.0833333333333333,0,0,14,4553643.099564746,10.51095890410959,7.0
C-000251167,S-0017,-31.112245520420974,0,3,女性,46,11,12,0.75,0,0,20,4640207.03550726,5.608219178082192,2.5
C-001080895,S-0099,-33.27715282405048,0,3,女性,32,8,12,0.5,17287,2,13,4464126.154078853,8.147945205479452,5.0
C-000752159,S-0040,-72.45287333323806,1,3,女性,35,9,12,0.1666666666666666,0,0,20,4550116.0180538,8.163013698630138,4.0
C-001636055,S-0014,-46.123250299584406,0,3,女性,58,5,12,0.0,16180,1,21,4730192.353344672,7.336986301369863,4.0
C-002276865,S-0111,-11.900796312924832,0,3,男性,37,2,12,0.0833333333333333,11906,1,19,4489501.980758176,6.397260273972603,4.0
C-002230868,S-0075,-61.837936141890246,1,3,男性,44,3,12,0.5,0,0,19,4506647.2743158825,4.526027397260274,1.0
C-001570466,S-0099,-98.18878708593607,1,3,男性,44,6,12,0.4166666666666667,2551,2,13,4464126.154078853,8.147945205479452,5.0
C-001383993,S-0096,-100.0,1,3,男性,60,6,12,0.0,-2198,2,16,4644856.458098179,8.302739726027397,5.0
C-002683091,S-0111,-43.059918463467845,0,3,女性,64,1,12,0.1666666666666666,0,0,19,4489501.980758176,6.397260273972603,4.0
C-001287660,S-0063,-15.966757536582165,0,3,男性,51,7,12,0.0833333333333333,0,0,18,4564012.176421695,5.749315068493151,3.0
C-000028766,S-0017,-100.0,1,3,女性,59,12,12,0.25,18525,1,20,4640207.03550726,5.608219178082192,2.5
C-000987893,S-0041,-14.293097669824133,0,3,女性,46,8,12,0.0833333333333333,2433,2,17,4828489.286769263,10.389041095890411,7.0
C-001497349,S-0089,-63.81939552514173,1,3,女性,45,6,12,0.4166666666666667,28222,2,19,4721110.949352573,10.142465753424657,7.0
C-000450127,S-0062,-30.283475176662165,0,3,男性,34,11,12,0.25,33104,2,15,4713869.782113416,4.575342465753424,1.0
C-002308894,S-0080,-100.0,1,3,女性,73,2,12,0.0,4963,2,17,4457429.264950683,11.673972602739726,9.0
C-001526459,S-0115,-100.0,1,3,女性,59,6,12,0.3333333333333333,0,0,14,4553643.099564746,10.51095890410959,7.0
C-001362039,S-0036,-100.0,1,3,男性,36,6,12,0.25,41302,2,19,4397834.424680548,11.123287671232877,9.0
C-002366810,S-0099,-65.58622555984034,1,3,男性,45,2,12,0.4166666666666667,11430,2,13,4464126.154078853,8.147945205479452,5.0
C-001369699,S-0041,-32.675791599596074,0,3,女性,57,6,12,0.0833333333333333,1787,1,17,4828489.286769263,10.389041095890411,7.0
C-001774163,S-0085,-11.061773567764224,0,3,男性,53,5,12,0.5833333333333334,0,0,15,4606655.398026554,4.928767123287671,2.0
C-002056653,S-0131,-23.355019538397766,0,3,女性,31,3,12,0.25,69413,1,17,4569023.5643747775,5.13972602739726,2.0
C-002676439,S-0062,-20.67239507854477,0,3,女性,43,1,12,0.1666666666666666,153392,1,15,4713869.782113416,4.575342465753424,1.0
C-002292002,S-0017,-35.54611623636645,0,3,女性,35,2,12,0.25,67399,2,20,4640207.03550726,5.608219178082192,2.5
C-002230801,S-0121,-100.0,1,3,男性,58,3,12,0.25,0,0,14,4716268.25678644,9.856164383561644,7.0
C-002319868,S-0074,-100.0,1,3,男性,44,2,12,0.75,11236,2,14,4614054.39694187,8.308219178082192,6.0
C-002019157,S-0008,-52.83764008956329,1,3,女性,43,4,12,0.4166666666666667,6741,2,22,4498453.308937302,10.772602739726027,7.0
C-001107659,S-0080,-30.342720124909384,0,3,女性,20,8,12,0.5833333333333334,2520,2,17,4457429.264950683,11.673972602739726,9.0
C-002370673,S-0115,-100.0,1,3,女性,43,2,12,0.0833333333333333,18410,1,14,4553643.099564746,10.51095890410959,7.0
C-000374120,S-0002,-38.606695194729284,0,3,女性,59,11,12,0.0833333333333333,29439,1,15,4455566.655169959,5.663013698630137,2.0
C-002131801,S-0121,-25.515597721493922,0,3,女性,38,3,12,0.5,11154,1,14,4716268.25678644,9.856164383561644,7.0
C-000973522,S-0111,-41.89733585741989,0,3,男性,60,8,12,0.5,0,0,19,4489501.980758176,6.397260273972603,4.0
C-001608520,S-0102,-52.2241974703202,1,3,女性,53,5,12,0.25,2623,2,16,4383474.364435211,10.484931506849314,7.5
C-002492206,S-0017,-100.0,1,3,女性,60,1,12,0.25,7024,1,20,4640207.03550726,5.608219178082192,2.5
C-000316879,S-0040,-70.12162170753572,1,3,男性,51,11,12,0.25,0,0,20,4550116.0180538,8.163013698630138,4.0
C-001460395,S-0050,-100.0,1,3,男性,81,6,12,0.1666666666666666,0,0,20,4615411.181286601,9.2013698630137,6.0
C-000377641,S-0059,-73.1296417439489,1,3,女性,55,11,12,0.1666666666666666,72237,2,14,4713188.969095345,6.8123287671232875,3.0
C-000388509,S-0117,-15.899284629666013,0,3,女性,60,11,12,0.0833333333333333,18120,1,20,4500859.737076383,9.593150684931507,7.0
C-001517463,S-0056,-100.0,1,3,女性,73,6,12,0.25,22735,1,15,4406070.585753419,7.528767123287671,4.0
C-001693153,S-0121,-88.61910011893085,1,3,女性,67,5,12,0.0833333333333333,94110,1,14,4716268.25678644,9.856164383561644,7.0
C-001529341,S-0039,-22.647665628460135,0,3,女性,36,6,12,0.1666666666666666,2104,1,16,4591288.568998441,8.193150684931506,5.0
C-002112592,S-0096,-100.0,1,3,男性,31,3,12,0.3333333333333333,18667,2,16,4644856.458098179,8.302739726027397,5.0
C-000159823,S-0115,-11.740092141961531,0,3,女性,30,12,12,0.3333333333333333,0,0,14,4553643.099564746,10.51095890410959,7.0
C-001495355,S-0089,-35.70210788898039,0,3,女性,42,6,12,0.0833333333333333,0,0,19,4721110.949352573,10.142465753424657,7.0
C-000138620,S-0050,-90.77702022381405,1,3,女性,49,12,12,0.5833333333333334,28741,1,20,4615411.181286601,9.2013698630137,6.0
C-000197385,S-0050,-100.0,1,3,女性,40,12,12,0.3333333333333333,0,0,20,4615411.181286601,9.2013698630137,6.0
C-001470444,S-0099,-65.10614065614224,1,3,男性,58,6,12,0.0,4692,1,13,4464126.154078853,8.147945205479452,5.0
C-001870634,S-0036,-85.14281384953406,1,3,女性,40,4,12,0.1666666666666666,0,0,19,4397834.424680548,11.123287671232877,9.0
C-000636187,S-0008,-40.52810126242818,0,3,男性,37,10,12,0.5,25107,1,22,4498453.308937302,10.772602739726027,7.0
C-000628086,S-0079,-100.0,1,3,男性,25,10,12,0.1666666666666666,55400,1,13,4256656.371085242,8.479452054794521,6.0
C-001850375,S-0100,-17.79450875148279,0,3,女性,48,4,12,0.3333333333333333,0,0,17,4535925.154217558,4.720547945205479,2.0
C-000382546,S-0039,-84.5545663948204,1,3,男性,20,11,12,0.4166666666666667,22089,1,16,4591288.568998441,8.193150684931506,5.0
C-000016107,S-0079,-73.91345923978007,1,3,女性,49,12,12,0.4166666666666667,16451,1,13,4256656.371085242,8.479452054794521,6.0
C-001096377,S-0048,-68.07655782014757,1,3,女性,44,8,12,0.1666666666666666,3455,1,15,4502249.082895545,3.671232876712329,1.0
C-001385496,S-0131,-100.0,1,3,男性,58,6,12,0.0833333333333333,65896,2,17,4569023.5643747775,5.13972602739726,2.0
C-002007595,S-0080,-100.0,1,3,男性,56,4,12,0.0,0,0,17,4457429.264950683,11.673972602739726,9.0
C-002271631,S-0041,-100.0,1,3,男性,60,2,12,0.5,0,0,17,4828489.286769263,10.389041095890411,7.0
C-000471452,S-0113,-51.935101762446614,1,3,男性,56,10,12,0.4166666666666667,6832,1,16,4336633.961311346,5.77945205479452,2.5
C-002235762,S-0080,-52.6567636519024,1,3,男性,45,3,12,0.25,21755,2,17,4457429.264950683,11.673972602739726,9.0
C-001583566,S-0111,-54.872074891186216,1,3,男性,31,5,12,0.5,0,0,19,4489501.980758176,6.397260273972603,4.0
C-001414571,S-0018,-23.652355620617314,0,3,女性,44,6,12,0.1666666666666666,18182,1,16,4493108.581950108,7.550684931506849,5.0
C-002074966,S-0102,-15.162487015877726,0,3,女性,20,3,12,0.1666666666666666,34052,2,16,4383474.364435211,10.484931506849314,7.5
C-000711218,S-0097,-96.48304414104476,1,3,男性,64,9,12,0.3333333333333333,5150,2,21,4592508.716501317,10.09041095890411,7.0
C-001540167,S-0048,-100.0,1,3,女性,59,6,12,0.1666666666666666,0,0,15,4502249.082895545,3.671232876712329,1.0
C-000687672,S-0072,-74.75513232747959,1,3,女性,34,9,12,0.1666666666666666,28964,1,12,4406797.312641796,9.01917808219178,6.0
C-002084195,S-0036,-67.96920754324088,1,3,男性,21,3,12,0.1666666666666666,6133,2,19,4397834.424680548,11.123287671232877,9.0
C-002524951,S-0117,-100.0,1,3,女性,55,1,12,0.1666666666666666,26719,1,20,4500859.737076383,9.593150684931507,7.0
C-001089959,S-0102,-43.72084328928334,0,3,男性,71,8,12,0.4166666666666667,1921,1,16,4383474.364435211,10.484931506849314,7.5
C-000644489,S-0097,-100.0,1,3,女性,44,10,12,0.0833333333333333,0,0,21,4592508.716501317,10.09041095890411,7.0
C-001485978,S-0012,-54.545815941164776,1,3,女性,79,6,12,0.3333333333333333,0,0,16,4444678.825084195,7.994520547945205,5.0
C-000671875,S-0079,-53.472603389858484,1,3,女性,50,10,12,0.25,17513,2,13,4256656.371085242,8.479452054794521,6.0
C-000045341,S-0100,-20.699388212920482,0,3,男性,45,12,12,0.25,39193,1,17,4535925.154217558,4.720547945205479,2.0
C-000432485,S-0102,-100.0,1,3,女性,72,11,12,0.0,26071,1,16,4383474.364435211,10.484931506849314,7.5
C-000323911,S-0074,-100.0,1,3,男性,45,11,12,0.0833333333333333,0,0,14,4614054.39694187,8.308219178082192,6.0
C-002179233,S-0036,-100.0,1,3,女性,53,3,12,0.3333333333333333,0,0,19,4397834.424680548,11.123287671232877,9.0
C-000712527,S-0039,-100.0,1,3,女性,52,9,12,0.25,0,0,16,4591288.568998441,8.193150684931506,5.0
C-000044518,S-0099,-57.79634591223529,1,3,女性,31,12,12,0.0833333333333333,0,0,13,4464126.154078853,8.147945205479452,5.0
C-001998101,S-0048,-90.9986123417986,1,3,女性,45,4,12,0.4166666666666667,0,0,15,4502249.082895545,3.671232876712329,1.0
C-000489172,S-0041,-24.0298213200487,0,3,男性,49,10,12,0.3333333333333333,10083,1,17,4828489.286769263,10.389041095890411,7.0
C-001782973,S-0131,-52.93709903399454,1,3,男性,59,5,12,0.5,0,0,17,4569023.5643747775,5.13972602739726,2.0
C-001730457,S-0041,-72.62326589090401,1,3,男性,53,5,12,0.1666666666666666,0,0,17,4828489.286769263,10.389041095890411,7.0
C-000554712,S-0048,-100.0,1,3,女性,44,10,12,0.1666666666666666,0,0,15,4502249.082895545,3.671232876712329,1.0
C-000719556,S-0079,-24.336048641244147,0,3,男性,50,9,12,0.1666666666666666,0,0,13,4256656.371085242,8.479452054794521,6.0
C-000763024,S-0106,-98.45814053091698,1,3,男性,74,9,12,0.0833333333333333,10688,1,20,4462729.145118021,6.171232876712329,3.5
C-002009535,S-0080,-32.5719319411331,0,3,女性,70,4,12,0.0833333333333333,34259,1,17,4457429.264950683,11.673972602739726,9.0
C-002529972,S-0096,-100.0,1,3,男性,48,1,12,0.3333333333333333,20892,1,16,4644856.458098179,8.302739726027397,5.0
C-001763259,S-0096,-75.5885607098632,1,3,男性,70,5,12,0.25,0,0,16,4644856.458098179,8.302739726027397,5.0
C-000306837,S-0004,-88.1240086517664,1,3,女性,79,11,12,0.25,0,0,22,4423576.351309,11.806849315068494,9.0
C-001856627,S-0100,-40.432785918748884,0,3,女性,60,4,12,0.3333333333333333,18821,1,17,4535925.154217558,4.720547945205479,2.0
C-000144874,S-0117,-100.0,1,3,女性,53,12,12,0.0,0,0,20,4500859.737076383,9.593150684931507,7.0
C-000128607,S-0097,-100.0,1,3,男性,42,12,12,0.25,0,0,21,4592508.716501317,10.09041095890411,7.0
C-001911106,S-0102,-28.257098964269783,0,3,女性,31,4,12,0.1666666666666666,12710,2,16,4383474.364435211,10.484931506849314,7.5
C-001797344,S-0041,-49.890042366029554,1,3,女性,48,5,12,0.3333333333333333,34122,1,17,4828489.286769263,10.389041095890411,7.0
C-001789358,S-0121,-100.0,1,3,男性,65,5,12,0.3333333333333333,0,0,14,4716268.25678644,9.856164383561644,7.0
C-000537464,S-0048,-51.16454018935266,1,3,男性,36,10,12,0.25,0,0,15,4502249.082895545,3.671232876712329,1.0
C-000016812,S-0079,-100.0,1,3,男性,53,12,12,0.1666666666666666,0,0,13,4256656.371085242,8.479452054794521,6.0
C-000701741,S-0079,-100.0,1,3,男性,57,9,12,0.25,0,0,13,4256656.371085242,8.479452054794521,6.0
C-000548302,S-0072,-15.506069150772472,0,3,男性,52,10,12,0.25,0,0,12,4406797.312641796,9.01917808219178,6.0
C-001038773,S-0115,-77.58098657592241,1,3,男性,69,8,12,0.25,16868,2,14,4553643.099564746,10.51095890410959,7.0
C-002239050,S-0019,-8.103946371483515,0,3,女性,48,3,12,0.4166666666666667,38968,1,19,4327199.920883598,4.090410958904109,1.0
C-002146062,S-0050,-75.4812800669316,1,3,女性,64,3,12,0.3333333333333333,3885,1,20,4615411.181286601,9.2013698630137,6.0
C-000759138,S-0014,-100.0,1,3,女性,54,9,12,0.1666666666666666,1756,2,21,4730192.353344672,7.336986301369863,4.0
C-002182546,S-0020,-51.90287583950405,1,3,男性,48,3,12,0.1666666666666666,1332,2,16,4280702.057267675,6.986301369863014,3.5
C-002573955,S-0106,-64.38573953607026,1,3,女性,55,1,12,0.0833333333333333,53611,1,20,4462729.145118021,6.171232876712329,3.5
C-001085572,S-0079,-17.45022857851969,0,3,女性,33,8,12,0.0833333333333333,12714,1,13,4256656.371085242,8.479452054794521,6.0
C-000021686,S-0004,-100.0,1,3,女性,58,12,12,0.0833333333333333,0,0,22,4423576.351309,11.806849315068494,9.0
C-002388380,S-0106,-42.46232172814076,0,3,女性,47,2,12,0.3333333333333333,3615,1,20,4462729.145118021,6.171232876712329,3.5
C-002266020,S-0004,-82.03833741328341,1,3,女性,59,2,12,0.1666666666666666,18715,1,22,4423576.351309,11.806849315068494,9.0
C-000526718,S-0004,-58.97854448772646,1,3,男性,51,10,12,0.25,7807,1,22,4423576.351309,11.806849315068494,9.0
C-002051384,S-0131,-21.908321876185482,0,3,女性,56,3,12,0.1666666666666666,187787,2,17,4569023.5643747775,5.13972602739726,2.0
C-001378307,S-0113,-34.14897273066866,0,3,男性,61,6,12,0.1666666666666666,1634,1,16,4336633.961311346,5.77945205479452,2.5
C-001347816,S-0018,-100.0,1,3,男性,57,7,12,0.0833333333333333,30396,1,16,4493108.581950108,7.550684931506849,5.0
C-000740471,S-0074,-100.0,1,3,女性,41,9,12,0.4166666666666667,0,0,14,4614054.39694187,8.308219178082192,6.0
C-002340667,S-0036,-39.77195805584717,0,3,女性,76,2,12,0.5,11148,1,19,4397834.424680548,11.123287671232877,9.0
C-000881361,S-0048,-48.58020236042611,0,3,男性,41,9,12,0.1666666666666666,0,0,15,4502249.082895545,3.671232876712329,1.0
C-002258833,S-0007,-44.70724590113491,0,3,女性,34,2,12,0.75,6257,1,21,4487075.727367008,3.7260273972602738,1.0
C-001438503,S-0072,-29.53955095771594,0,3,男性,56,6,12,0.5,14400,1,12,4406797.312641796,9.01917808219178,6.0
C-000019485,S-0131,-100.0,1,3,女性,47,12,12,0.0833333333333333,0,0,17,4569023.5643747775,5.13972602739726,2.0
C-002381760,S-0048,-51.89969209982721,1,3,男性,45,2,12,0.1666666666666666,32824,1,15,4502249.082895545,3.671232876712329,1.0
C-000955281,S-0072,-67.89989503602976,1,3,女性,55,8,12,0.3333333333333333,0,0,12,4406797.312641796,9.01917808219178,6.0
C-001609177,S-0113,-49.66915719822568,1,3,女性,39,5,12,0.4166666666666667,13149,1,16,4336633.961311346,5.77945205479452,2.5
C-001676468,S-0115,-100.0,1,3,女性,35,5,12,0.1666666666666666,21887,2,14,4553643.099564746,10.51095890410959,7.0
C-001452875,S-0072,-100.0,1,3,男性,66,6,12,0.1666666666666666,0,0,12,4406797.312641796,9.01917808219178,6.0
C-000391417,S-0040,-39.588258257606974,0,3,男性,31,11,12,0.0,0,0,20,4550116.0180538,8.163013698630138,4.0
C-002246858,S-0056,-29.02423459320746,0,3,女性,37,3,12,0.4166666666666667,17338,1,15,4406070.585753419,7.528767123287671,4.0
C-000277294,S-0030,-100.0,1,3,女性,53,11,12,0.0833333333333333,12206,1,22,4426478.045479023,9.236986301369862,5.5
C-001603311,S-0041,-100.0,1,3,女性,43,5,12,0.3333333333333333,0,0,17,4828489.286769263,10.389041095890411,7.0
C-002184089,S-0102,-45.34762466451271,0,3,男性,62,3,12,0.1666666666666666,0,0,16,4383474.364435211,10.484931506849314,7.5
C-001240047,S-0079,-52.354760832490456,1,3,女性,44,7,12,0.3333333333333333,5877,1,13,4256656.371085242,8.479452054794521,6.0
C-001762917,S-0121,-100.0,1,3,女性,50,5,12,0.0833333333333333,0,0,14,4716268.25678644,9.856164383561644,7.0
C-002136384,S-0048,-37.18637858515483,0,3,女性,43,3,12,0.0833333333333333,0,0,15,4502249.082895545,3.671232876712329,1.0
C-001813864,S-0048,-100.0,1,3,女性,51,4,12,0.25,0,0,15,4502249.082895545,3.671232876712329,1.0
C-000131978,S-0018,-17.387092607740993,0,3,男性,58,12,12,0.25,27803,2,16,4493108.581950108,7.550684931506849,5.0
C-002202453,S-0039,-38.40132527037401,0,3,女性,58,3,12,0.0833333333333333,21650,1,16,4591288.568998441,8.193150684931506,5.0
C-001462228,S-0056,-71.88613849217079,1,3,女性,42,6,12,0.25,21647,1,15,4406070.585753419,7.528767123287671,4.0
C-001401421,S-0018,-100.0,1,3,女性,58,6,12,0.5,2527,2,16,4493108.581950108,7.550684931506849,5.0
C-002458942,S-0030,-17.15537715505061,0,3,女性,68,2,12,0.25,7434,2,22,4426478.045479023,9.236986301369862,5.5
C-002406182,S-0017,-100.0,1,3,女性,57,2,12,0.5,180218,1,20,4640207.03550726,5.608219178082192,2.5
C-000552386,S-0040,-23.56971096490955,0,3,男性,52,10,12,0.25,0,0,20,4550116.0180538,8.163013698630138,4.0
C-002670722,S-0054,-26.568655985348087,0,3,女性,41,1,12,0.3333333333333333,0,0,23,4489160.181517739,6.358904109589041,4.0
C-000008220,S-0018,-60.14340221517934,1,3,女性,53,12,12,0.0833333333333333,6138,1,16,4493108.581950108,7.550684931506849,5.0
C-000170562,S-0041,-34.91883906197405,0,3,男性,77,12,12,0.1666666666666666,5753,1,17,4828489.286769263,10.389041095890411,7.0
C-001520719,S-0096,-34.45609864225618,0,3,男性,31,6,12,0.4166666666666667,0,0,16,4644856.458098179,8.302739726027397,5.0
C-002412172,S-0007,-100.0,1,3,男性,41,2,12,0.5833333333333334,2837,1,21,4487075.727367008,3.7260273972602738,1.0
C-000890436,S-0106,-62.851149716153344,1,3,男性,55,9,12,0.1666666666666666,9349,1,20,4462729.145118021,6.171232876712329,3.5
C-000528151,S-0018,-39.574055438660686,0,3,女性,45,10,12,0.0833333333333333,0,0,16,4493108.581950108,7.550684931506849,5.0
C-002087157,S-0018,-15.553734999921975,0,3,女性,38,3,12,0.1666666666666666,9107,1,16,4493108.581950108,7.550684931506849,5.0
C-001401135,S-0063,-100.0,1,3,男性,28,6,12,0.0,1616,1,18,4564012.176421695,5.749315068493151,3.0
C-001772990,S-0036,-36.8243100311667,0,3,男性,48,5,12,0.25,0,0,19,4397834.424680548,11.123287671232877,9.0
C-000459270,S-0063,-100.0,1,3,女性,58,10,12,0.0,4416,2,18,4564012.176421695,5.749315068493151,3.0
C-001710224,S-0080,-97.01546074785512,1,3,女性,50,5,12,0.0833333333333333,2883,1,17,4457429.264950683,11.673972602739726,9.0
C-002154363,S-0074,-94.43324105817001,1,3,女性,52,3,12,0.1666666666666666,789,1,14,4614054.39694187,8.308219178082192,6.0
C-001475840,S-0017,-54.091617706053505,1,3,女性,50,6,12,0.0,7709,1,20,4640207.03550726,5.608219178082192,2.5
C-002033807,S-0002,-42.93629273474408,0,3,女性,57,3,12,0.1666666666666666,13524,1,15,4455566.655169959,5.663013698630137,2.0
C-001166714,S-0080,-100.0,1,3,女性,40,7,12,0.3333333333333333,7249,1,17,4457429.264950683,11.673972602739726,9.0
C-000044862,S-0020,-48.00629113392056,0,3,男性,38,12,12,0.4166666666666667,6488,1,16,4280702.057267675,6.986301369863014,3.5
C-000105218,S-0018,-62.83013785841965,1,3,女性,53,12,12,0.5,2646,1,16,4493108.581950108,7.550684931506849,5.0
C-000782124,S-0004,-52.74367703443888,1,3,女性,57,9,12,0.25,0,0,22,4423576.351309,11.806849315068494,9.0
C-001745530,S-0085,-100.0,1,3,女性,49,5,12,0.0833333333333333,0,0,15,4606655.398026554,4.928767123287671,2.0
C-002033548,S-0115,-53.606296676530384,1,3,女性,52,3,12,0.8333333333333334,27684,2,14,4553643.099564746,10.51095890410959,7.0
C-000718121,S-0062,-46.366818825081666,0,3,女性,70,9,12,0.25,33766,1,15,4713869.782113416,4.575342465753424,1.0
C-000791193,S-0111,-63.49513533575462,1,3,男性,42,9,12,0.4166666666666667,6911,1,19,4489501.980758176,6.397260273972603,4.0
C-001332344,S-0041,-40.2235678044105,0,3,男性,46,7,12,0.1666666666666666,23984,1,17,4828489.286769263,10.389041095890411,7.0
C-000555759,S-0117,-78.14704124327555,1,3,男性,58,10,12,0.25,34681,1,20,4500859.737076383,9.593150684931507,7.0
C-002176166,S-0113,-85.42396037913073,1,3,男性,43,3,12,0.1666666666666666,17589,1,16,4336633.961311346,5.77945205479452,2.5
C-000359140,S-0072,-100.0,1,3,女性,37,11,12,0.0,74649,1,12,4406797.312641796,9.01917808219178,6.0
C-000818991,S-0050,-19.57276096831315,0,3,男性,69,9,12,0.3333333333333333,5038,1,20,4615411.181286601,9.2013698630137,6.0
C-000497412,S-0002,-100.0,1,3,女性,46,10,12,0.5833333333333334,0,0,15,4455566.655169959,5.663013698630137,2.0
C-000690045,S-0017,-50.063285601796494,1,3,女性,59,9,12,0.0833333333333333,0,0,20,4640207.03550726,5.608219178082192,2.5
C-000504138,S-0008,-28.08789512592217,0,3,男性,78,10,12,0.25,0,0,22,4498453.308937302,10.772602739726027,7.0
C-002282860,S-0115,-60.2254171618501,1,3,女性,60,2,12,0.25,60788,2,14,4553643.099564746,10.51095890410959,7.0
C-002121375,S-0115,-42.37465424718886,0,3,男性,47,3,12,0.4166666666666667,18990,1,14,4553643.099564746,10.51095890410959,7.0
C-002441006,S-0048,-78.46319863064673,1,3,女性,38,2,12,0.1666666666666666,0,0,15,4502249.082895545,3.671232876712329,1.0
C-001389666,S-0012,-32.60754544394723,0,3,男性,55,6,12,0.3333333333333333,8474,1,16,4444678.825084195,7.994520547945205,5.0
C-001385225,S-0072,-25.453062792903825,0,3,男性,51,6,12,0.3333333333333333,19699,2,12,4406797.312641796,9.01917808219178,6.0
C-002462686,S-0039,-90.15985514169232,1,3,女性,33,2,12,0.5,10179,1,16,4591288.568998441,8.193150684931506,5.0
C-001907317,S-0056,-44.71332692498351,0,3,女性,54,4,12,0.5833333333333334,9208,1,15,4406070.585753419,7.528767123287671,4.0
C-001765542,S-0020,-100.0,1,3,女性,43,5,12,0.5833333333333334,13685,1,16,4280702.057267675,6.986301369863014,3.5
C-002295456,S-0019,-31.404064600880922,0,3,男性,57,2,12,0.25,0,0,19,4327199.920883598,4.090410958904109,1.0
C-000603459,S-0020,-100.0,1,3,女性,57,10,12,0.0,66148,2,16,4280702.057267675,6.986301369863014,3.5
C-000350408,S-0099,-100.0,1,3,女性,50,11,12,0.25,0,0,13,4464126.154078853,8.147945205479452,5.0
C-001943804,S-0014,-26.392205863821243,0,3,女性,58,4,12,0.1666666666666666,0,0,21,4730192.353344672,7.336986301369863,4.0
C-002411233,S-0018,-100.0,1,3,男性,21,2,12,0.6666666666666666,11061,1,16,4493108.581950108,7.550684931506849,5.0
C-001608657,S-0131,-21.289658307364547,0,3,男性,73,5,12,0.1666666666666666,7365,2,17,4569023.5643747775,5.13972602739726,2.0
C-001154823,S-0097,-57.29585916600719,1,3,男性,48,7,12,0.1666666666666666,8923,2,21,4592508.716501317,10.09041095890411,7.0
C-002673044,S-0082,-81.38149487968612,1,3,女性,42,1,12,0.25,3622,2,17,4607261.71451126,4.758904109589041,2.0
C-001199280,S-0113,-27.369738475296312,0,3,女性,45,7,12,0.4166666666666667,8311,2,16,4336633.961311346,5.77945205479452,2.5
C-001710040,S-0115,-36.90571787991986,0,3,男性,77,5,12,0.1666666666666666,5074,1,14,4553643.099564746,10.51095890410959,7.0
C-000561480,S-0113,-25.540149905166704,0,3,男性,36,10,12,0.25,14875,1,16,4336633.961311346,5.77945205479452,2.5
C-001465737,S-0036,-52.24250021245857,1,3,男性,49,6,12,0.0833333333333333,0,0,19,4397834.424680548,11.123287671232877,9.0
C-001730175,S-0089,-30.617455896007428,0,3,女性,42,5,12,0.1666666666666666,14065,1,19,4721110.949352573,10.142465753424657,7.0
C-002097396,S-0117,-81.58311426770588,1,3,女性,52,3,12,0.5833333333333334,0,0,20,4500859.737076383,9.593150684931507,7.0
C-000033333,S-0030,-100.0,1,3,女性,77,12,12,0.1666666666666666,0,0,22,4426478.045479023,9.236986301369862,5.5
C-000614585,S-0056,-95.33369972177378,1,3,男性,33,10,12,0.25,19147,2,15,4406070.585753419,7.528767123287671,4.0
C-001932460,S-0002,-45.81707291066897,0,3,女性,46,4,12,0.0833333333333333,16385,2,15,4455566.655169959,5.663013698630137,2.0
C-001632077,S-0014,-47.880037915535084,0,3,男性,59,5,12,0.25,0,0,21,4730192.353344672,7.336986301369863,4.0
C-001847006,S-0102,-15.977198157292943,0,3,男性,71,4,12,0.25,0,0,16,4383474.364435211,10.484931506849314,7.5
C-000471742,S-0059,-39.86643647606114,0,3,男性,71,10,12,0.1666666666666666,35947,1,14,4713188.969095345,6.8123287671232875,3.0
C-000948490,S-0056,-65.81645305049561,1,3,女性,39,8,12,0.8333333333333334,0,0,15,4406070.585753419,7.528767123287671,4.0
C-001726436,S-0079,-40.79088192369171,0,3,男性,48,5,12,0.5,3269,1,13,4256656.371085242,8.479452054794521,6.0
C-002206542,S-0097,-52.34659580833054,1,3,女性,41,3,12,0.1666666666666666,37803,1,21,4592508.716501317,10.09041095890411,7.0
C-000751695,S-0096,-56.9319084838637,1,3,男性,59,9,12,0.3333333333333333,6553,1,16,4644856.458098179,8.302739726027397,5.0
C-001799296,S-0050,-33.06760790938343,0,3,女性,51,5,12,0.0,23254,2,20,4615411.181286601,9.2013698630137,6.0
C-001532009,S-0100,-14.445424218736964,0,3,女性,62,6,12,0.1666666666666666,8817,1,17,4535925.154217558,4.720547945205479,2.0
C-002274840,S-0115,-78.59288070503668,1,3,男性,20,2,12,0.25,0,0,14,4553643.099564746,10.51095890410959,7.0
C-002527545,S-0018,-21.52667285835342,0,3,女性,66,1,12,0.4166666666666667,33927,2,16,4493108.581950108,7.550684931506849,5.0
C-001499241,S-0041,-95.46877126139611,1,3,男性,46,6,12,0.25,24354,1,17,4828489.286769263,10.389041095890411,7.0
C-001434809,S-0074,-100.0,1,3,女性,48,6,12,0.1666666666666666,20438,1,14,4614054.39694187,8.308219178082192,6.0
C-001526693,S-0117,-100.0,1,3,女性,42,6,12,0.25,0,0,20,4500859.737076383,9.593150684931507,7.0
C-001932220,S-0097,-100.0,1,3,男性,69,4,12,0.5,28728,1,21,4592508.716501317,10.09041095890411,7.0
C-002020789,S-0054,-36.545887586140466,0,3,女性,72,4,12,0.5833333333333334,0,0,23,4489160.181517739,6.358904109589041,4.0
C-001442111,S-0115,-100.0,1,3,男性,59,6,12,0.0833333333333333,0,0,14,4553643.099564746,10.51095890410959,7.0
C-001954095,S-0121,-24.982300829314603,0,3,女性,42,4,12,0.1666666666666666,58153,1,14,4716268.25678644,9.856164383561644,7.0
C-002628931,S-0097,-35.470698063541946,0,3,女性,66,1,12,0.3333333333333333,0,0,21,4592508.716501317,10.09041095890411,7.0
C-000561991,S-0050,-29.2927399081788,0,3,女性,66,10,12,0.1666666666666666,20413,1,20,4615411.181286601,9.2013698630137,6.0
C-001422837,S-0036,-100.0,1,3,男性,48,6,12,0.0833333333333333,0,0,19,4397834.424680548,11.123287671232877,9.0
C-000125725,S-0097,-100.0,1,3,女性,47,12,12,0.0833333333333333,0,0,21,4592508.716501317,10.09041095890411,7.0
C-000672903,S-0096,-100.0,1,3,女性,33,10,12,0.1666666666666666,0,0,16,4644856.458098179,8.302739726027397,5.0
C-002542152,S-0002,-8.041925371214225,0,3,女性,63,1,12,1.0,0,0,15,4455566.655169959,5.663013698630137,2.0
C-002234494,S-0030,-37.83751752348316,0,3,男性,46,3,12,0.1666666666666666,1430,1,22,4426478.045479023,9.236986301369862,5.5
C-000650367,S-0099,-77.1633107684322,1,3,男性,36,10,12,0.0833333333333333,50465,2,13,4464126.154078853,8.147945205479452,5.0
C-001617660,S-0113,-100.0,1,3,男性,34,5,12,0.0833333333333333,2023,1,16,4336633.961311346,5.77945205479452,2.5
C-002506994,S-0117,-56.681438599641886,1,3,男性,53,1,12,0.4166666666666667,0,0,20,4500859.737076383,9.593150684931507,7.0
C-001507384,S-0079,-75.66291569749167,1,3,男性,39,6,12,0.1666666666666666,45551,2,13,4256656.371085242,8.479452054794521,6.0
C-000209462,S-0014,-37.322235744089014,0,3,女性,65,12,12,0.25,303650,1,21,4730192.353344672,7.336986301369863,4.0
C-000077005,S-0079,-34.13760464501801,0,3,女性,33,12,12,0.1666666666666666,12722,1,13,4256656.371085242,8.479452054794521,6.0
C-000348653,S-0030,-34.175292612368764,0,3,女性,63,11,12,0.0,6190,2,22,4426478.045479023,9.236986301369862,5.5
C-000007401,S-0113,-43.954460459534,0,3,男性,70,12,12,0.25,6601,1,16,4336633.961311346,5.77945205479452,2.5
C-002167022,S-0121,-36.33269579306946,0,3,女性,49,3,12,0.3333333333333333,9231,1,14,4716268.25678644,9.856164383561644,7.0
C-000071104,S-0102,-63.843028535920844,1,3,女性,65,12,12,0.4166666666666667,0,0,16,4383474.364435211,10.484931506849314,7.5
C-002201748,S-0005,-12.475176352858684,0,3,女性,57,3,12,0.0833333333333333,26411,2,21,4733942.970761149,4.69041095890411,2.0
C-000986521,S-0100,-100.0,1,3,女性,57,8,12,0.1666666666666666,0,0,17,4535925.154217558,4.720547945205479,2.0
C-001841291,S-0002,-100.0,1,3,男性,63,4,12,0.5,0,0,15,4455566.655169959,5.663013698630137,2.0
C-001755273,S-0074,-47.935032055952206,0,3,女性,47,5,12,0.3333333333333333,5369,1,14,4614054.39694187,8.308219178082192,6.0
C-001061969,S-0072,-64.74811683368098,1,3,女性,34,8,12,0.1666666666666666,48991,1,12,4406797.312641796,9.01917808219178,6.0
C-000028105,S-0072,-100.0,1,3,男性,75,12,12,0.25,0,0,12,4406797.312641796,9.01917808219178,6.0
C-001007559,S-0121,-47.163122230298484,0,3,男性,19,8,12,0.5,8425,1,14,4716268.25678644,9.856164383561644,7.0
C-000665943,S-0012,-32.507700773556145,0,3,女性,67,10,12,0.3333333333333333,4023,2,16,4444678.825084195,7.994520547945205,5.0
C-000065643,S-0056,-100.0,1,3,男性,47,12,12,0.5833333333333334,0,0,15,4406070.585753419,7.528767123287671,4.0
C-000314685,S-0036,-25.931985907296895,0,3,女性,57,11,12,0.75,0,0,19,4397834.424680548,11.123287671232877,9.0
C-000903197,S-0131,-47.25890387410337,0,3,女性,78,8,12,0.25,0,0,17,4569023.5643747775,5.13972602739726,2.0
C-000161977,S-0075,-29.65850195850367,0,3,女性,47,12,12,0.0833333333333333,71471,1,19,4506647.2743158825,4.526027397260274,1.0
C-002582411,S-0050,-100.0,1,3,男性,44,1,12,0.4166666666666667,44525,1,20,4615411.181286601,9.2013698630137,6.0
C-001463941,S-0115,-100.0,1,3,男性,74,6,12,0.1666666666666666,4294,1,14,4553643.099564746,10.51095890410959,7.0
C-002017225,S-0050,-3.791958387033102,0,3,女性,60,4,12,0.5,0,0,20,4615411.181286601,9.2013698630137,6.0
C-002272595,S-0059,-27.93005598700711,0,3,女性,52,2,12,0.0,0,0,14,4713188.969095345,6.8123287671232875,3.0
C-000488174,S-0007,-36.91801495046552,0,3,女性,54,10,12,0.4166666666666667,0,0,21,4487075.727367008,3.7260273972602738,1.0
C-000579271,S-0039,-44.39674908424908,0,3,男性,26,10,12,0.1666666666666666,59311,1,16,4591288.568998441,8.193150684931506,5.0
C-000801766,S-0019,-16.661654397503455,0,3,男性,38,9,12,0.3333333333333333,0,0,19,4327199.920883598,4.090410958904109,1.0
C-001691930,S-0113,-23.797643952700057,0,3,男性,42,5,12,0.5833333333333334,0,0,16,4336633.961311346,5.77945205479452,2.5
C-002376559,S-0097,-43.479117657926174,0,3,女性,32,2,12,0.3333333333333333,0,0,21,4592508.716501317,10.09041095890411,7.0
C-002017888,S-0062,-36.349034252901255,0,3,女性,47,4,12,0.25,1243,1,15,4713869.782113416,4.575342465753424,1.0
C-001708524,S-0008,-93.59272691697589,1,3,男性,33,5,12,0.3333333333333333,54458,2,22,4498453.308937302,10.772602739726027,7.0
C-001368152,S-0039,-17.523087350673556,0,3,女性,52,6,12,0.4166666666666667,0,0,16,4591288.568998441,8.193150684931506,5.0
C-001604842,S-0002,-75.26538708985632,1,3,男性,42,5,12,0.25,0,0,15,4455566.655169959,5.663013698630137,2.0
C-000127499,S-0004,-45.64641634491341,0,3,男性,30,12,12,0.5,29223,1,22,4423576.351309,11.806849315068494,9.0
C-001673710,S-0100,-31.607993855442768,0,3,女性,39,5,12,0.25,0,0,17,4535925.154217558,4.720547945205479,2.0
C-002460476,S-0039,-100.0,1,3,男性,28,2,12,0.0,11975,1,16,4591288.568998441,8.193150684931506,5.0
C-002190229,S-0005,-48.78143525477546,0,3,男性,50,3,12,0.8333333333333334,10268,1,21,4733942.970761149,4.69041095890411,2.0
C-001457644,S-0097,-44.11088711812825,0,3,女性,42,6,12,0.0833333333333333,79854,1,21,4592508.716501317,10.09041095890411,7.0
C-001794014,S-0059,-20.295389342617305,0,3,女性,77,5,12,0.0,11121,2,14,4713188.969095345,6.8123287671232875,3.0
C-001658400,S-0039,-17.77393668099691,0,3,男性,48,5,12,0.3333333333333333,11034,2,16,4591288.568998441,8.193150684931506,5.0
C-001471659,S-0054,-50.69371997132861,1,3,男性,49,6,12,0.6666666666666666,0,0,23,4489160.181517739,6.358904109589041,4.0
C-001499339,S-0089,-11.763745816871715,0,3,女性,44,6,12,0.5,8294,1,19,4721110.949352573,10.142465753424657,7.0
C-000344225,S-0012,-32.92362275521859,0,3,男性,66,11,12,0.25,2328,1,16,4444678.825084195,7.994520547945205,5.0
C-001771739,S-0089,-33.63208576530722,0,3,女性,52,5,12,0.25,1039,2,19,4721110.949352573,10.142465753424657,7.0
C-000501068,S-0113,-48.35088542736171,0,3,女性,43,10,12,0.25,2736,2,16,4336633.961311346,5.77945205479452,2.5
C-002228800,S-0050,-95.44823428393957,1,3,男性,59,3,12,0.25,3894,2,20,4615411.181286601,9.2013698630137,6.0
C-001227778,S-0100,-100.0,1,3,女性,44,7,12,0.1666666666666666,23927,2,17,4535925.154217558,4.720547945205479,2.0
C-001408540,S-0004,-38.99576481035572,0,3,女性,23,6,12,0.25,11130,1,22,4423576.351309,11.806849315068494,9.0
C-000290063,S-0117,-76.31049610155746,1,3,女性,36,11,12,0.5,1122,1,20,4500859.737076383,9.593150684931507,7.0
C-002457086,S-0099,-41.71465983425352,0,3,女性,70,2,12,0.0833333333333333,28416,2,13,4464126.154078853,8.147945205479452,5.0
C-001967054,S-0012,-47.92081297871057,0,3,男性,39,4,12,0.3333333333333333,17993,1,16,4444678.825084195,7.994520547945205,5.0
C-002564203,S-0039,-56.740650583872046,1,3,女性,27,1,12,0.3333333333333333,5228,1,16,4591288.568998441,8.193150684931506,5.0
C-000316891,S-0096,-65.33980950935377,1,3,女性,53,11,12,0.1666666666666666,7857,1,16,4644856.458098179,8.302739726027397,5.0
C-001361196,S-0121,-9.884014682725303,0,3,男性,60,6,12,0.1666666666666666,12146,1,14,4716268.25678644,9.856164383561644,7.0
C-002218400,S-0004,-17.276046169228433,0,3,男性,32,3,12,0.25,4320,1,22,4423576.351309,11.806849315068494,9.0
C-000872894,S-0117,-100.0,1,3,男性,33,9,12,0.1666666666666666,69547,1,20,4500859.737076383,9.593150684931507,7.0
C-001175480,S-0131,-100.0,1,3,女性,35,7,12,0.5833333333333334,7374,1,17,4569023.5643747775,5.13972602739726,2.0
C-000378763,S-0079,-18.685926504889924,0,3,男性,47,11,12,0.3333333333333333,1986,1,13,4256656.371085242,8.479452054794521,6.0
C-001135828,S-0041,-48.47122529284888,0,3,女性,43,7,12,0.4166666666666667,0,0,17,4828489.286769263,10.389041095890411,7.0
C-001954657,S-0039,-100.0,1,3,女性,75,4,12,0.1666666666666666,0,0,16,4591288.568998441,8.193150684931506,5.0
C-001168855,S-0041,-28.70775678612562,0,3,女性,19,7,12,0.4166666666666667,0,0,17,4828489.286769263,10.389041095890411,7.0
C-000578719,S-0111,-100.0,1,3,男性,43,10,12,0.75,0,0,19,4489501.980758176,6.397260273972603,4.0
C-002055187,S-0097,-40.860950431503454,0,3,女性,44,3,12,0.4166666666666667,7381,1,21,4592508.716501317,10.09041095890411,7.0
C-002569175,S-0014,-100.0,1,3,女性,34,1,12,0.1666666666666666,0,0,21,4730192.353344672,7.336986301369863,4.0
C-000801309,S-0113,-11.341244206786014,0,3,女性,56,9,12,0.1666666666666666,11673,2,16,4336633.961311346,5.77945205479452,2.5
C-002387526,S-0117,-100.0,1,3,男性,45,2,12,0.3333333333333333,0,0,20,4500859.737076383,9.593150684931507,7.0
C-000663716,S-0005,-100.0,1,3,女性,38,10,12,0.8333333333333334,0,0,21,4733942.970761149,4.69041095890411,2.0
C-000212203,S-0018,-35.62775943308723,0,3,女性,47,12,12,0.3333333333333333,10664,1,16,4493108.581950108,7.550684931506849,5.0
C-000969506,S-0117,-100.0,1,3,女性,20,8,12,0.1666666666666666,15598,1,20,4500859.737076383,9.593150684931507,7.0
C-000959559,S-0054,-31.93245699087099,0,3,男性,28,8,12,0.6666666666666666,0,0,23,4489160.181517739,6.358904109589041,4.0
C-002462463,S-0080,-100.0,1,3,女性,40,2,12,0.25,5042,1,17,4457429.264950683,11.673972602739726,9.0
C-000670117,S-0113,-70.15565814393939,1,3,男性,64,10,12,0.25,40739,1,16,4336633.961311346,5.77945205479452,2.5
C-002093410,S-0002,-87.38943439097623,1,3,男性,49,3,12,0.25,23858,2,15,4455566.655169959,5.663013698630137,2.0
C-001949938,S-0099,-14.464169361576252,0,3,男性,49,4,12,0.25,48480,1,13,4464126.154078853,8.147945205479452,5.0
C-000544999,S-0059,-9.563606253357468,0,3,男性,72,10,12,0.5833333333333334,0,0,14,4713188.969095345,6.8123287671232875,3.0
C-002045777,S-0074,-88.7477478645219,1,3,男性,29,3,12,0.25,2053,2,14,4614054.39694187,8.308219178082192,6.0
C-002496528,S-0117,-100.0,1,3,女性,59,1,12,0.1666666666666666,38466,2,20,4500859.737076383,9.593150684931507,7.0
C-001266975,S-0082,-37.13320059693018,0,3,男性,50,7,12,0.3333333333333333,0,0,17,4607261.71451126,4.758904109589041,2.0
C-001730258,S-0074,-85.15129559830346,1,3,男性,38,5,12,0.1666666666666666,0,0,14,4614054.39694187,8.308219178082192,6.0
C-001830011,S-0004,-60.42673619944034,1,3,女性,40,4,12,0.3333333333333333,43658,1,22,4423576.351309,11.806849315068494,9.0
C-000685144,S-0018,-15.568795354327975,0,3,女性,68,9,12,0.1666666666666666,29127,2,16,4493108.581950108,7.550684931506849,5.0
C-001863402,S-0004,-17.97345527548517,0,3,女性,56,4,12,0.0833333333333333,21284,2,22,4423576.351309,11.806849315068494,9.0
C-001299257,S-0099,-59.65793913792894,1,3,女性,55,7,12,0.5833333333333334,5345,1,13,4464126.154078853,8.147945205479452,5.0
C-000858579,S-0018,-36.893580914838665,0,3,女性,22,9,12,0.1666666666666666,3299,1,16,4493108.581950108,7.550684931506849,5.0
C-001000254,S-0117,-100.0,1,3,男性,46,8,12,0.0833333333333333,9160,2,20,4500859.737076383,9.593150684931507,7.0
C-000011894,S-0072,-34.11591352749908,0,3,女性,55,12,12,0.1666666666666666,82844,1,12,4406797.312641796,9.01917808219178,6.0
C-001058001,S-0008,-93.904858814551,1,3,男性,46,8,12,0.1666666666666666,31135,1,22,4498453.308937302,10.772602739726027,7.0
C-000443201,S-0102,-100.0,1,3,男性,44,11,12,0.0833333333333333,2590,2,16,4383474.364435211,10.484931506849314,7.5
C-000372930,S-0097,-36.71923432667093,0,3,女性,67,11,12,0.0833333333333333,722,1,21,4592508.716501317,10.09041095890411,7.0
C-000188110,S-0117,-100.0,1,3,女性,41,12,12,0.1666666666666666,18095,1,20,4500859.737076383,9.593150684931507,7.0
C-001636142,S-0097,-99.60189674086132,1,3,女性,54,5,12,0.5,38099,1,21,4592508.716501317,10.09041095890411,7.0
C-001048201,S-0111,-29.488800766044253,0,3,女性,75,8,12,0.1666666666666666,5060,1,19,4489501.980758176,6.397260273972603,4.0
C-000232081,S-0007,-82.23757851598997,1,3,女性,47,11,12,0.3333333333333333,76609,1,21,4487075.727367008,3.7260273972602738,1.0
C-001194278,S-0117,-43.16057805299433,0,3,女性,53,7,12,0.0833333333333333,0,0,20,4500859.737076383,9.593150684931507,7.0
C-001152421,S-0115,-54.75616875926907,1,3,男性,54,7,12,0.1666666666666666,11479,1,14,4553643.099564746,10.51095890410959,7.0
C-000646898,S-0004,-100.0,1,3,女性,70,10,12,0.0833333333333333,0,0,22,4423576.351309,11.806849315068494,9.0
C-000558016,S-0018,-100.0,1,3,女性,49,10,12,0.4166666666666667,37516,1,16,4493108.581950108,7.550684931506849,5.0
C-002292537,S-0115,-100.0,1,3,女性,47,2,12,0.5833333333333334,0,0,14,4553643.099564746,10.51095890410959,7.0
C-000015626,S-0002,-25.276300353163577,0,3,女性,29,12,12,0.0,0,0,15,4455566.655169959,5.663013698630137,2.0
C-000873144,S-0017,-36.66388923360576,0,3,女性,56,9,12,0.0833333333333333,0,0,20,4640207.03550726,5.608219178082192,2.5
C-001403414,S-0017,-100.0,1,3,男性,38,6,12,0.5833333333333334,14163,1,20,4640207.03550726,5.608219178082192,2.5
C-000053960,S-0050,-45.37000576917794,0,3,男性,51,12,12,0.4166666666666667,0,0,20,4615411.181286601,9.2013698630137,6.0
C-000082984,S-0008,-53.78019409805847,1,3,女性,45,12,12,0.3333333333333333,2049,1,22,4498453.308937302,10.772602739726027,7.0
C-001765632,S-0113,-100.0,1,3,男性,62,5,12,0.4166666666666667,18343,2,16,4336633.961311346,5.77945205479452,2.5
C-000889478,S-0056,-14.360792517060911,0,3,男性,45,9,12,0.25,2280,1,15,4406070.585753419,7.528767123287671,4.0
C-001556639,S-0036,-98.96230183862575,1,3,女性,53,6,12,0.3333333333333333,16987,2,19,4397834.424680548,11.123287671232877,9.0
C-000513820,S-0002,-100.0,1,3,男性,45,10,12,0.25,2610,2,15,4455566.655169959,5.663013698630137,2.0
C-002641095,S-0007,-53.07529246126224,1,3,男性,20,1,12,0.0833333333333333,42501,2,21,4487075.727367008,3.7260273972602738,1.0
C-001771705,S-0008,-42.40815008666689,0,3,男性,60,5,12,0.5833333333333334,0,0,22,4498453.308937302,10.772602739726027,7.0
C-001485496,S-0040,-67.2111839138393,1,3,女性,47,6,12,0.0,11150,2,20,4550116.0180538,8.163013698630138,4.0
C-002096846,S-0074,-100.0,1,3,女性,43,3,12,0.4166666666666667,14325,2,14,4614054.39694187,8.308219178082192,6.0
C-000296898,S-0018,-64.84668482344102,1,3,女性,57,11,12,0.0833333333333333,8433,2,16,4493108.581950108,7.550684931506849,5.0
C-000675454,S-0039,-56.24076518678061,1,3,男性,39,10,12,0.4166666666666667,5518,2,16,4591288.568998441,8.193150684931506,5.0
C-002567944,S-0002,-24.56969153901558,0,3,女性,64,1,12,0.0,1094,1,15,4455566.655169959,5.663013698630137,2.0
C-002153614,S-0056,-12.645333221224138,0,3,女性,52,3,12,0.1666666666666666,0,0,15,4406070.585753419,7.528767123287671,4.0
C-000243877,S-0036,-100.0,1,3,男性,19,11,12,0.5,0,0,19,4397834.424680548,11.123287671232877,9.0
C-000751388,S-0018,-83.46806913929751,1,3,男性,46,9,12,0.1666666666666666,3405,2,16,4493108.581950108,7.550684931506849,5.0
C-002547649,S-0039,-31.921372507291913,0,3,女性,48,1,12,0.1666666666666666,4396,1,16,4591288.568998441,8.193150684931506,5.0
C-001514248,S-0102,-100.0,1,3,男性,36,6,12,0.0,0,0,16,4383474.364435211,10.484931506849314,7.5
C-001032229,S-0111,-14.959992472225107,0,3,女性,51,8,12,0.5,26477,2,19,4489501.980758176,6.397260273972603,4.0
C-002586315,S-0056,-97.76285533680846,1,3,女性,47,1,12,0.25,2034,1,15,4406070.585753419,7.528767123287671,4.0
C-001736723,S-0096,-100.0,1,3,女性,60,5,12,0.3333333333333333,10722,2,16,4644856.458098179,8.302739726027397,5.0
C-000004695,S-0018,-100.0,1,3,女性,60,12,12,0.25,15173,1,16,4493108.581950108,7.550684931506849,5.0
C-002483446,S-0014,-100.0,1,3,女性,53,1,12,0.25,1440,1,21,4730192.353344672,7.336986301369863,4.0
C-001582494,S-0014,-95.34862539584677,1,3,男性,45,5,12,0.25,0,0,21,4730192.353344672,7.336986301369863,4.0
C-002287976,S-0072,-100.0,1,3,男性,33,2,12,0.0833333333333333,4128,2,12,4406797.312641796,9.01917808219178,6.0
C-001092185,S-0012,-47.176589567746255,0,3,男性,22,8,12,0.3333333333333333,0,0,16,4444678.825084195,7.994520547945205,5.0
C-001650338,S-0063,-40.914522831543806,0,3,女性,49,5,12,0.1666666666666666,0,0,18,4564012.176421695,5.749315068493151,3.0
C-001138291,S-0019,-100.0,1,3,女性,57,7,12,0.1666666666666666,2945,1,19,4327199.920883598,4.090410958904109,1.0
C-001414178,S-0007,-100.0,1,3,女性,22,6,12,0.3333333333333333,2438,2,21,4487075.727367008,3.7260273972602738,1.0
C-001824312,S-0048,-22.271133203037362,0,3,男性,46,4,12,0.25,4540,1,15,4502249.082895545,3.671232876712329,1.0
C-000144527,S-0096,-20.127902110202854,0,3,男性,31,12,12,0.25,0,0,16,4644856.458098179,8.302739726027397,5.0
C-001224354,S-0017,-27.81135022528713,0,3,女性,68,7,12,0.1666666666666666,3302,1,20,4640207.03550726,5.608219178082192,2.5
C-000958411,S-0004,-28.409999238733253,0,3,女性,36,8,12,0.1666666666666666,6336,1,22,4423576.351309,11.806849315068494,9.0
C-001951211,S-0018,-100.0,1,3,女性,27,4,12,0.4166666666666667,50386,1,16,4493108.581950108,7.550684931506849,5.0
C-001794636,S-0072,-29.048429924475617,0,3,男性,55,5,12,0.1666666666666666,845,1,12,4406797.312641796,9.01917808219178,6.0
C-000628582,S-0039,-17.654452511921193,0,3,男性,57,10,12,0.25,20606,2,16,4591288.568998441,8.193150684931506,5.0
C-001264632,S-0041,-46.954801163918525,0,3,女性,33,7,12,0.25,9914,1,17,4828489.286769263,10.389041095890411,7.0
C-000238175,S-0074,-83.39152081847023,1,3,女性,53,11,12,0.1666666666666666,5532,1,14,4614054.39694187,8.308219178082192,6.0
C-000491736,S-0002,-41.755208859678774,0,3,女性,68,10,12,0.4166666666666667,0,0,15,4455566.655169959,5.663013698630137,2.0
C-002050232,S-0002,-51.112076677316296,1,3,男性,50,3,12,0.3333333333333333,27010,2,15,4455566.655169959,5.663013698630137,2.0
C-000141108,S-0062,-24.769484616131223,0,3,女性,33,12,12,0.6666666666666666,14524,1,15,4713869.782113416,4.575342465753424,1.0
C-001235231,S-0036,-100.0,1,3,女性,26,7,12,0.3333333333333333,9138,2,19,4397834.424680548,11.123287671232877,9.0
C-000477124,S-0099,-100.0,1,3,男性,41,10,12,0.6666666666666666,2528,1,13,4464126.154078853,8.147945205479452,5.0
C-001694390,S-0007,-46.450037232722245,0,3,男性,52,5,12,0.6666666666666666,10854,2,21,4487075.727367008,3.7260273972602738,1.0
C-000474807,S-0039,-93.35149189055343,1,3,女性,49,10,12,0.5,0,0,16,4591288.568998441,8.193150684931506,5.0
C-001421918,S-0121,-32.42621776504298,0,3,男性,67,6,12,0.0833333333333333,15399,1,14,4716268.25678644,9.856164383561644,7.0
C-001331420,S-0048,-46.766091122154954,0,3,女性,54,7,12,0.4166666666666667,22079,2,15,4502249.082895545,3.671232876712329,1.0
C-000778814,S-0117,-32.21921200382475,0,3,男性,52,9,12,0.25,0,0,20,4500859.737076383,9.593150684931507,7.0
C-000861506,S-0050,-60.59223359370301,1,3,女性,45,9,12,0.6666666666666666,0,0,20,4615411.181286601,9.2013698630137,6.0
C-002473818,S-0018,-60.397082882733,1,3,男性,45,1,12,0.1666666666666666,0,0,16,4493108.581950108,7.550684931506849,5.0
C-001485746,S-0019,-5.554781708918693,0,3,男性,44,6,12,0.9166666666666666,0,0,19,4327199.920883598,4.090410958904109,1.0
C-000051395,S-0079,-78.45598534640665,1,3,女性,50,12,12,0.0833333333333333,1593,1,13,4256656.371085242,8.479452054794521,6.0
C-002486448,S-0096,-91.54476924167592,1,3,女性,47,1,12,0.0,0,0,16,4644856.458098179,8.302739726027397,5.0
C-000482363,S-0117,-94.44954440364477,1,3,女性,60,10,12,0.0833333333333333,5592,1,20,4500859.737076383,9.593150684931507,7.0
C-002032812,S-0113,-23.47766370588439,0,3,男性,82,3,12,0.4166666666666667,0,0,16,4336633.961311346,5.77945205479452,2.5
C-002278434,S-0080,-59.231643707369265,1,3,男性,60,2,12,0.25,17563,1,17,4457429.264950683,11.673972602739726,9.0
C-001442484,S-0121,-24.431806258000883,0,3,男性,56,6,12,0.25,21191,2,14,4716268.25678644,9.856164383561644,7.0
C-002558971,S-0097,-93.86979650426413,1,3,女性,21,1,12,0.25,2060,2,21,4592508.716501317,10.09041095890411,7.0
C-000172116,S-0096,-12.982041578400302,0,3,女性,57,12,12,0.0833333333333333,10957,2,16,4644856.458098179,8.302739726027397,5.0
C-002223699,S-0131,-26.48777055876313,0,3,女性,52,3,12,0.25,0,0,17,4569023.5643747775,5.13972602739726,2.0
C-002573690,S-0004,-16.40808785299964,0,3,女性,49,1,12,0.0833333333333333,3989,1,22,4423576.351309,11.806849315068494,9.0
C-000263808,S-0082,-55.993935092586625,1,3,女性,59,11,12,0.1666666666666666,0,0,17,4607261.71451126,4.758904109589041,2.0
C-000481386,S-0080,-95.9308893565179,1,3,女性,45,10,12,0.1666666666666666,7414,2,17,4457429.264950683,11.673972602739726,9.0
C-002533713,S-0002,-18.936442007625082,0,3,女性,35,1,12,0.25,0,0,15,4455566.655169959,5.663013698630137,2.0
C-001908668,S-0030,-22.13004091241283,0,3,女性,57,4,12,0.5833333333333334,8292,1,22,4426478.045479023,9.236986301369862,5.5
C-002268651,S-0079,-92.06730269584918,1,3,男性,57,2,12,0.5833333333333334,0,0,13,4256656.371085242,8.479452054794521,6.0
C-000820817,S-0020,-39.26150492216507,0,3,女性,45,9,12,0.3333333333333333,2328,2,16,4280702.057267675,6.986301369863014,3.5
C-001314393,S-0085,-10.376357722711367,0,3,男性,56,7,12,0.25,0,0,15,4606655.398026554,4.928767123287671,2.0
C-002626416,S-0075,-96.83107186445545,1,3,女性,62,1,12,0.75,19819,1,19,4506647.2743158825,4.526027397260274,1.0
C-002234015,S-0056,-47.17281496010102,0,3,女性,52,3,12,0.6666666666666666,0,0,15,4406070.585753419,7.528767123287671,4.0
C-002330598,S-0096,-100.0,1,3,男性,47,2,12,0.3333333333333333,2743,1,16,4644856.458098179,8.302739726027397,5.0
C-000282114,S-0121,-100.0,1,3,男性,42,11,12,0.1666666666666666,0,0,14,4716268.25678644,9.856164383561644,7.0
C-001299982,S-0126,-100.0,1,3,男性,58,7,12,0.4166666666666667,0,0,17,4493168.352495564,5.53972602739726,3.0
C-001059117,S-0018,-100.0,1,3,女性,46,8,12,0.25,70835,1,16,4493108.581950108,7.550684931506849,5.0
C-001832906,S-0039,-100.0,1,3,女性,46,4,12,0.1666666666666666,86803,2,16,4591288.568998441,8.193150684931506,5.0
C-001888218,S-0018,-100.0,1,3,女性,73,4,12,0.25,7633,1,16,4493108.581950108,7.550684931506849,5.0
C-001495795,S-0012,-77.13192834433094,1,3,男性,31,6,12,0.1666666666666666,33872,1,16,4444678.825084195,7.994520547945205,5.0
C-000118815,S-0102,-62.445649393830884,1,3,女性,54,12,12,0.4166666666666667,3996,2,16,4383474.364435211,10.484931506849314,7.5
C-000228384,S-0036,-96.01290949076058,1,3,女性,66,11,12,0.5833333333333334,0,0,19,4397834.424680548,11.123287671232877,9.0
C-000085603,S-0004,-70.05136523384698,1,3,女性,54,12,12,0.5833333333333334,0,0,22,4423576.351309,11.806849315068494,9.0
C-001467018,S-0012,-100.0,1,3,男性,52,6,12,0.6666666666666666,0,0,16,4444678.825084195,7.994520547945205,5.0
C-001037472,S-0113,-32.3855619189907,0,3,女性,53,8,12,0.25,0,0,16,4336633.961311346,5.77945205479452,2.5
C-000628579,S-0002,-22.061965141244862,0,3,女性,48,10,12,0.25,0,0,15,4455566.655169959,5.663013698630137,2.0
C-001931639,S-0072,-42.88884680931642,0,3,男性,38,4,12,0.25,12044,2,12,4406797.312641796,9.01917808219178,6.0
C-001142050,S-0008,-63.38723685249384,1,3,女性,23,7,12,0.5,0,0,22,4498453.308937302,10.772602739726027,7.0
C-000696018,S-0063,-35.262485438352556,0,3,男性,47,9,12,0.5833333333333334,2958,1,18,4564012.176421695,5.749315068493151,3.0
C-000956326,S-0085,-13.972204140448094,0,3,男性,50,8,12,0.4166666666666667,0,0,15,4606655.398026554,4.928767123287671,2.0
C-000186269,S-0082,-25.341249558382923,0,3,女性,47,12,12,0.4166666666666667,0,0,17,4607261.71451126,4.758904109589041,2.0
C-001911789,S-0014,-65.44005772277383,1,3,女性,64,4,12,0.25,20905,1,21,4730192.353344672,7.336986301369863,4.0
C-001670551,S-0096,-29.247895123467256,0,3,男性,82,5,12,0.0,0,0,16,4644856.458098179,8.302739726027397,5.0
C-001205258,S-0115,-100.0,1,3,女性,45,7,12,0.25,0,0,14,4553643.099564746,10.51095890410959,7.0
C-000965395,S-0102,-100.0,1,3,女性,30,8,12,0.25,0,0,16,4383474.364435211,10.484931506849314,7.5
C-002613361,S-0018,-100.0,1,3,女性,58,1,12,0.3333333333333333,27642,1,16,4493108.581950108,7.550684931506849,5.0
C-002316363,S-0113,-100.0,1,3,女性,45,2,12,0.0833333333333333,12528,2,16,4336633.961311346,5.77945205479452,2.5
C-000317982,S-0056,-66.15418602564014,1,3,女性,52,11,12,0.1666666666666666,32279,1,15,4406070.585753419,7.528767123287671,4.0
C-001428977,S-0111,-66.66255083057573,1,3,男性,61,6,12,0.9166666666666666,0,0,19,4489501.980758176,6.397260273972603,4.0
C-000124327,S-0121,-36.0436072492974,0,3,女性,53,12,12,0.25,-8314,1,14,4716268.25678644,9.856164383561644,7.0
C-000264972,S-0036,-8.33488613393429,0,3,女性,35,11,12,0.1666666666666666,2146,2,19,4397834.424680548,11.123287671232877,9.0
C-000346484,S-0012,-95.97373440356036,1,3,女性,19,11,12,0.5833333333333334,0,0,16,4444678.825084195,7.994520547945205,5.0
C-002372982,S-0097,-23.034736400333315,0,3,女性,49,2,12,0.1666666666666666,38364,1,21,4592508.716501317,10.09041095890411,7.0
C-001155796,S-0121,-41.09502037692217,0,3,男性,44,7,12,0.4166666666666667,0,0,14,4716268.25678644,9.856164383561644,7.0
C-000384993,S-0036,-43.48819541169293,0,3,女性,29,11,12,0.0,10297,2,19,4397834.424680548,11.123287671232877,9.0
C-000205767,S-0056,-100.0,1,3,男性,52,12,12,0.3333333333333333,3182,2,15,4406070.585753419,7.528767123287671,4.0
C-001648186,S-0115,-33.58736559139785,0,3,女性,56,5,12,0.0,16500,1,14,4553643.099564746,10.51095890410959,7.0
C-002689485,S-0113,-68.70218467775845,1,3,女性,51,1,12,0.0833333333333333,0,0,16,4336633.961311346,5.77945205479452,2.5
C-000756723,S-0017,-80.15273762782068,1,3,女性,56,9,12,0.5,1124,1,20,4640207.03550726,5.608219178082192,2.5
C-000720305,S-0012,-20.634740518785126,0,3,女性,49,9,12,0.0,1696,1,16,4444678.825084195,7.994520547945205,5.0
C-001049061,S-0014,-59.106956352531434,1,3,女性,39,8,12,0.5833333333333334,26052,1,21,4730192.353344672,7.336986301369863,4.0
C-000287917,S-0056,-48.77836887410571,0,3,女性,46,11,12,0.3333333333333333,30445,2,15,4406070.585753419,7.528767123287671,4.0
C-001403433,S-0059,-100.0,1,3,女性,68,6,12,0.4166666666666667,6143,1,14,4713188.969095345,6.8123287671232875,3.0
C-001856947,S-0121,-38.725441800770064,0,3,女性,58,4,12,0.0833333333333333,22617,2,14,4716268.25678644,9.856164383561644,7.0
C-000793714,S-0102,-63.91469027532112,1,3,男性,22,9,12,0.5833333333333334,1424,1,16,4383474.364435211,10.484931506849314,7.5
C-001369073,S-0020,-81.61750224772018,1,3,女性,60,6,12,0.0833333333333333,26736,1,16,4280702.057267675,6.986301369863014,3.5
C-001901252,S-0030,-9.855183172577313,0,3,男性,41,4,12,0.8333333333333334,10759,1,22,4426478.045479023,9.236986301369862,5.5
C-000335895,S-0048,-50.362381504021926,1,3,女性,78,11,12,0.3333333333333333,14016,1,15,4502249.082895545,3.671232876712329,1.0
C-002521440,S-0080,-67.85965829466821,1,3,女性,43,1,12,0.3333333333333333,844,2,17,4457429.264950683,11.673972602739726,9.0
C-001304389,S-0036,-21.221195870994848,0,3,女性,70,7,12,0.0833333333333333,12592,2,19,4397834.424680548,11.123287671232877,9.0
C-000104308,S-0041,-23.40658939459003,0,3,女性,60,12,12,0.25,19414,1,17,4828489.286769263,10.389041095890411,7.0
C-001358022,S-0080,-100.0,1,3,女性,50,6,12,0.25,46418,2,17,4457429.264950683,11.673972602739726,9.0
C-001766465,S-0002,-41.05410814786937,0,3,女性,39,5,12,0.3333333333333333,0,0,15,4455566.655169959,5.663013698630137,2.0
C-002681383,S-0097,-77.82822186865639,1,3,女性,60,1,12,0.0,1505,2,21,4592508.716501317,10.09041095890411,7.0
C-001079065,S-0072,-100.0,1,3,女性,35,8,12,0.25,14430,1,12,4406797.312641796,9.01917808219178,6.0
C-000008580,S-0048,-90.0713208990483,1,3,女性,41,12,12,0.1666666666666666,2594,1,15,4502249.082895545,3.671232876712329,1.0
C-000978390,S-0082,-9.074668250129337,0,3,男性,35,8,12,0.0833333333333333,28682,2,17,4607261.71451126,4.758904109589041,2.0
C-000719138,S-0074,-40.27894922480026,0,3,女性,44,9,12,0.1666666666666666,49074,1,14,4614054.39694187,8.308219178082192,6.0
C-001469411,S-0012,-73.69518092379523,1,3,男性,37,6,12,0.4166666666666667,0,0,16,4444678.825084195,7.994520547945205,5.0
C-002068179,S-0100,-28.110106541982276,0,3,女性,47,3,12,0.5,2962,1,17,4535925.154217558,4.720547945205479,2.0
C-001465678,S-0048,-57.266047555873044,1,3,男性,63,6,12,0.3333333333333333,61266,1,15,4502249.082895545,3.671232876712329,1.0
C-001361320,S-0121,-66.01007109004739,1,3,男性,49,6,12,0.1666666666666666,3147,2,14,4716268.25678644,9.856164383561644,7.0
C-001265917,S-0117,-12.215837135747787,0,3,女性,32,7,12,0.3333333333333333,15957,2,20,4500859.737076383,9.593150684931507,7.0
C-000225589,S-0050,-62.243338320326714,1,3,女性,56,11,12,0.6666666666666666,0,0,20,4615411.181286601,9.2013698630137,6.0
C-002387031,S-0079,-22.18143028408808,0,3,男性,49,2,12,0.0833333333333333,0,0,13,4256656.371085242,8.479452054794521,6.0
C-002085845,S-0102,-24.86418334897665,0,3,女性,55,3,12,0.25,11139,1,16,4383474.364435211,10.484931506849314,7.5
C-002194984,S-0054,-47.45303918098759,0,3,男性,47,3,12,0.5833333333333334,6639,1,23,4489160.181517739,6.358904109589041,4.0
C-001083341,S-0089,-26.90016582409192,0,3,女性,58,8,12,0.3333333333333333,11871,1,19,4721110.949352573,10.142465753424657,7.0
C-002660511,S-0111,-100.0,1,3,女性,47,1,12,0.25,1341,1,19,4489501.980758176,6.397260273972603,4.0
C-001342069,S-0111,-82.47648195560264,1,3,女性,41,7,12,0.5,0,0,19,4489501.980758176,6.397260273972603,4.0
C-000373781,S-0111,-24.400943342093484,0,3,男性,89,11,12,0.0,48333,2,19,4489501.980758176,6.397260273972603,4.0
C-001255602,S-0017,-35.93754561263767,0,3,女性,41,7,12,0.25,0,0,20,4640207.03550726,5.608219178082192,2.5
C-000354992,S-0004,-100.0,1,3,女性,65,11,12,0.3333333333333333,0,0,22,4423576.351309,11.806849315068494,9.0
C-002545833,S-0096,-94.07442499907108,1,3,男性,45,1,12,0.5,3068,1,16,4644856.458098179,8.302739726027397,5.0
C-000935091,S-0040,-27.531495212727663,0,3,女性,55,8,12,0.0833333333333333,0,0,20,4550116.0180538,8.163013698630138,4.0
C-000399385,S-0096,-53.83830032792707,1,3,女性,53,11,12,0.0833333333333333,5841,1,16,4644856.458098179,8.302739726027397,5.0
C-001657256,S-0050,-40.65022843851434,0,3,男性,17,5,12,0.4166666666666667,0,0,20,4615411.181286601,9.2013698630137,6.0
C-000748265,S-0039,-76.84423501850225,1,3,男性,46,9,12,0.1666666666666666,2953,1,16,4591288.568998441,8.193150684931506,5.0
C-002176319,S-0007,-84.66402600401427,1,3,男性,35,3,12,0.1666666666666666,19550,1,21,4487075.727367008,3.7260273972602738,1.0
C-000606415,S-0115,-46.469378704189005,0,3,男性,46,10,12,0.3333333333333333,60442,1,14,4553643.099564746,10.51095890410959,7.0
C-000155319,S-0131,-33.339212968795934,0,3,男性,43,12,12,0.3333333333333333,6587,1,17,4569023.5643747775,5.13972602739726,2.0
C-001573762,S-0030,-91.53526062198861,1,3,男性,34,6,12,0.0833333333333333,45778,1,22,4426478.045479023,9.236986301369862,5.5
C-002439655,S-0096,-100.0,1,3,女性,43,2,12,0.25,30869,2,16,4644856.458098179,8.302739726027397,5.0
C-000002790,S-0106,-23.338623895943666,0,3,男性,34,12,12,0.25,0,0,20,4462729.145118021,6.171232876712329,3.5
C-000115951,S-0012,-36.68884932029908,0,3,女性,56,12,12,0.1666666666666666,48652,1,16,4444678.825084195,7.994520547945205,5.0
C-001369857,S-0017,-63.200061866831646,1,3,女性,52,6,12,0.5,29672,1,20,4640207.03550726,5.608219178082192,2.5
C-002003307,S-0005,-100.0,1,3,女性,37,4,12,0.3333333333333333,138270,1,21,4733942.970761149,4.69041095890411,2.0
C-001366340,S-0096,-90.67463380524705,1,3,女性,31,6,12,0.25,5083,2,16,4644856.458098179,8.302739726027397,5.0
C-000035285,S-0018,-100.0,1,3,男性,34,12,12,0.4166666666666667,25881,1,16,4493108.581950108,7.550684931506849,5.0
C-002360031,S-0041,-100.0,1,3,男性,56,2,12,0.0833333333333333,0,0,17,4828489.286769263,10.389041095890411,7.0
C-001328554,S-0012,-25.236817065030603,0,3,男性,58,7,12,0.25,12089,2,16,4444678.825084195,7.994520547945205,5.0
C-001450109,S-0097,-18.007568412416866,0,3,男性,45,6,12,0.0833333333333333,19717,1,21,4592508.716501317,10.09041095890411,7.0
C-000055231,S-0040,-28.98901307927371,0,3,女性,46,12,12,0.25,20019,1,20,4550116.0180538,8.163013698630138,4.0
C-001950027,S-0056,-43.36992507405471,0,3,男性,81,4,12,0.0833333333333333,12644,2,15,4406070.585753419,7.528767123287671,4.0
C-002323658,S-0113,-100.0,1,3,女性,59,2,12,0.5,4557,1,16,4336633.961311346,5.77945205479452,2.5
C-001399024,S-0121,-47.17591009383184,0,3,女性,61,6,12,0.0,0,0,14,4716268.25678644,9.856164383561644,7.0
C-000378019,S-0074,-100.0,1,3,男性,74,11,12,0.0,6943,1,14,4614054.39694187,8.308219178082192,6.0
C-002092477,S-0100,-30.708011128392737,0,3,男性,71,3,12,0.1666666666666666,0,0,17,4535925.154217558,4.720547945205479,2.0
C-001039622,S-0018,-59.504438403618074,1,3,女性,57,8,12,0.3333333333333333,0,0,16,4493108.581950108,7.550684931506849,5.0
C-001985429,S-0115,-41.851509786534194,0,3,男性,70,4,12,0.0,37322,2,14,4553643.099564746,10.51095890410959,7.0
C-000846402,S-0085,-44.63463825826137,0,3,女性,68,9,12,0.8333333333333334,0,0,15,4606655.398026554,4.928767123287671,2.0
C-002594340,S-0059,-34.92220531033317,0,3,女性,47,1,12,0.0833333333333333,43102,1,14,4713188.969095345,6.8123287671232875,3.0
C-002450855,S-0097,-26.48705752557791,0,3,女性,47,2,12,0.25,0,0,21,4592508.716501317,10.09041095890411,7.0
C-000967170,S-0115,-68.76564799418993,1,3,女性,84,8,12,0.0833333333333333,9820,1,14,4553643.099564746,10.51095890410959,7.0
C-002410032,S-0072,-75.35724271901812,1,3,女性,25,2,12,0.5,4976,2,12,4406797.312641796,9.01917808219178,6.0
C-000312213,S-0096,-100.0,1,3,男性,35,11,12,0.0833333333333333,0,0,16,4644856.458098179,8.302739726027397,5.0
C-001182504,S-0050,-20.444257918604787,0,3,女性,60,7,12,0.0,0,0,20,4615411.181286601,9.2013698630137,6.0
C-001228247,S-0062,-25.34446654341864,0,3,女性,49,7,12,0.1666666666666666,8872,1,15,4713869.782113416,4.575342465753424,1.0
C-001214019,S-0039,-38.363332671440084,0,3,女性,54,7,12,0.75,28299,2,16,4591288.568998441,8.193150684931506,5.0
C-001413933,S-0041,-100.0,1,3,女性,48,6,12,0.5833333333333334,6038,2,17,4828489.286769263,10.389041095890411,7.0
C-000844453,S-0096,-72.86418236827129,1,3,女性,53,9,12,0.25,0,0,16,4644856.458098179,8.302739726027397,5.0
C-000140703,S-0002,-61.199064424254956,1,3,男性,43,12,12,0.0833333333333333,1672,1,15,4455566.655169959,5.663013698630137,2.0
C-001172649,S-0002,-27.032278917260204,0,3,女性,24,7,12,0.5833333333333334,20130,1,15,4455566.655169959,5.663013698630137,2.0
C-000764651,S-0007,-32.54638104546576,0,3,女性,87,9,12,0.4166666666666667,0,0,21,4487075.727367008,3.7260273972602738,1.0
C-000667827,S-0072,-100.0,1,3,女性,54,10,12,0.0833333333333333,0,0,12,4406797.312641796,9.01917808219178,6.0
C-000897112,S-0096,-32.6467828989851,0,3,女性,68,9,12,0.25,5615,1,16,4644856.458098179,8.302739726027397,5.0
C-001856261,S-0012,-61.116857359166566,1,3,女性,61,4,12,0.3333333333333333,6832,1,16,4444678.825084195,7.994520547945205,5.0
C-000655878,S-0079,-100.0,1,3,女性,44,10,12,0.25,0,0,13,4256656.371085242,8.479452054794521,6.0
C-002104629,S-0004,-32.21219983999932,0,3,女性,48,3,12,0.5,0,0,22,4423576.351309,11.806849315068494,9.0
C-001959544,S-0039,-36.77259318852239,0,3,男性,53,4,12,0.3333333333333333,0,0,16,4591288.568998441,8.193150684931506,5.0
C-002009253,S-0056,-47.60834544121714,0,3,男性,51,4,12,0.25,0,0,15,4406070.585753419,7.528767123287671,4.0
C-002109471,S-0079,-98.27948859615962,1,3,男性,49,3,12,0.4166666666666667,19920,2,13,4256656.371085242,8.479452054794521,6.0
C-001743935,S-0048,-98.82015079308628,1,3,女性,43,5,12,0.0833333333333333,3346,1,15,4502249.082895545,3.671232876712329,1.0
C-002076476,S-0115,-100.0,1,3,男性,57,3,12,0.0833333333333333,0,0,14,4553643.099564746,10.51095890410959,7.0
C-001646346,S-0014,-100.0,1,3,女性,54,5,12,0.0833333333333333,0,0,21,4730192.353344672,7.336986301369863,4.0
C-001284647,S-0017,-34.2335162442296,0,3,女性,64,7,12,0.3333333333333333,0,0,20,4640207.03550726,5.608219178082192,2.5
C-001894149,S-0096,-21.045719680366837,0,3,男性,25,4,12,0.1666666666666666,7756,1,16,4644856.458098179,8.302739726027397,5.0
C-000622255,S-0131,-15.669888118057504,0,3,男性,36,10,12,0.5833333333333334,49412,2,17,4569023.5643747775,5.13972602739726,2.0
C-001879866,S-0040,-46.709657092912174,0,3,女性,51,4,12,0.75,15658,1,20,4550116.0180538,8.163013698630138,4.0
C-001506782,S-0079,-100.0,1,3,男性,56,6,12,0.1666666666666666,6312,1,13,4256656.371085242,8.479452054794521,6.0
C-000695057,S-0041,-73.73559273042598,1,3,女性,23,9,12,0.5,26228,2,17,4828489.286769263,10.389041095890411,7.0
C-001117943,S-0113,-46.19223028490186,0,3,男性,28,8,12,0.0,14771,1,16,4336633.961311346,5.77945205479452,2.5
C-000145840,S-0039,-100.0,1,3,女性,52,12,12,0.5833333333333334,0,0,16,4591288.568998441,8.193150684931506,5.0
C-001131167,S-0018,-38.96433279288009,0,3,男性,49,7,12,0.3333333333333333,9697,1,16,4493108.581950108,7.550684931506849,5.0
C-001340441,S-0030,-100.0,1,3,女性,29,7,12,0.3333333333333333,31382,2,22,4426478.045479023,9.236986301369862,5.5
C-001406189,S-0126,-38.3958788947189,0,3,女性,40,6,12,0.3333333333333333,17440,2,17,4493168.352495564,5.53972602739726,3.0
C-000650962,S-0018,-97.63721038926354,1,3,女性,31,10,12,0.5833333333333334,0,0,16,4493108.581950108,7.550684931506849,5.0
C-000458573,S-0062,-27.352965335961887,0,3,男性,53,10,12,0.1666666666666666,0,0,15,4713869.782113416,4.575342465753424,1.0
C-000598660,S-0097,-21.68118889360077,0,3,男性,50,10,12,0.1666666666666666,5228,1,21,4592508.716501317,10.09041095890411,7.0
C-001386595,S-0097,-48.04408499195306,0,3,女性,45,6,12,0.1666666666666666,10192,1,21,4592508.716501317,10.09041095890411,7.0
C-001414324,S-0117,-23.404901744917414,0,3,男性,44,6,12,0.1666666666666666,23428,1,20,4500859.737076383,9.593150684931507,7.0
C-001740316,S-0007,-48.38408233109625,0,3,男性,49,5,12,0.0833333333333333,17039,1,21,4487075.727367008,3.7260273972602738,1.0
C-002672970,S-0072,-53.827209960274224,1,3,男性,19,1,12,0.1666666666666666,0,0,12,4406797.312641796,9.01917808219178,6.0
C-001896989,S-0004,-100.0,1,3,女性,60,4,12,0.0833333333333333,0,0,22,4423576.351309,11.806849315068494,9.0
C-001316707,S-0030,-47.97521249207602,0,3,女性,62,7,12,0.4166666666666667,3768,1,22,4426478.045479023,9.236986301369862,5.5
C-000157981,S-0096,-34.91971090837373,0,3,男性,50,12,12,0.1666666666666666,0,0,16,4644856.458098179,8.302739726027397,5.0
C-002242981,S-0099,-100.0,1,3,女性,43,3,12,0.0833333333333333,0,0,13,4464126.154078853,8.147945205479452,5.0
C-000913485,S-0099,-71.79052766224196,1,3,男性,45,8,12,0.4166666666666667,0,0,13,4464126.154078853,8.147945205479452,5.0
C-001719306,S-0056,-61.06354807179053,1,3,女性,52,5,12,0.1666666666666666,18863,1,15,4406070.585753419,7.528767123287671,4.0
C-001071518,S-0012,-12.708451361593578,0,3,女性,25,8,12,0.25,0,0,16,4444678.825084195,7.994520547945205,5.0
C-001309145,S-0017,-47.55267813548252,0,3,男性,60,7,12,0.5833333333333334,0,0,20,4640207.03550726,5.608219178082192,2.5
C-000541714,S-0115,-100.0,1,3,男性,32,10,12,0.3333333333333333,5281,1,14,4553643.099564746,10.51095890410959,7.0
C-000945338,S-0014,-54.11466440906318,1,3,男性,41,8,12,0.3333333333333333,8579,2,21,4730192.353344672,7.336986301369863,4.0
C-002493500,S-0004,-50.69462443626561,1,3,男性,52,1,12,0.3333333333333333,22745,1,22,4423576.351309,11.806849315068494,9.0
C-000684057,S-0020,-44.46592174350453,0,3,男性,68,9,12,0.5,33403,2,16,4280702.057267675,6.986301369863014,3.5
C-002665380,S-0099,-98.47941324315678,1,3,女性,40,1,12,0.3333333333333333,73299,1,13,4464126.154078853,8.147945205479452,5.0
C-001943519,S-0080,-100.0,1,3,男性,67,4,12,0.0,0,0,17,4457429.264950683,11.673972602739726,9.0
C-000019161,S-0075,-21.464195273903186,0,3,女性,47,12,12,0.0833333333333333,23078,2,19,4506647.2743158825,4.526027397260274,1.0
C-001356562,S-0102,-100.0,1,3,男性,51,6,12,0.0833333333333333,0,0,16,4383474.364435211,10.484931506849314,7.5
C-001978226,S-0036,-52.639898830224475,1,3,男性,54,4,12,0.25,0,0,19,4397834.424680548,11.123287671232877,9.0
C-001533875,S-0002,-66.30628106422375,1,3,男性,36,6,12,0.25,6614,2,15,4455566.655169959,5.663013698630137,2.0
C-001004967,S-0096,-35.07464525305469,0,3,男性,86,8,12,0.1666666666666666,0,0,16,4644856.458098179,8.302739726027397,5.0
C-000263559,S-0036,-46.156011973563324,0,3,女性,49,11,12,0.3333333333333333,8473,2,19,4397834.424680548,11.123287671232877,9.0
C-001511127,S-0082,-68.03851268326348,1,3,女性,52,6,12,0.0,0,0,17,4607261.71451126,4.758904109589041,2.0
C-001630397,S-0096,-68.87778810408922,1,3,男性,45,5,12,0.4166666666666667,0,0,16,4644856.458098179,8.302739726027397,5.0
C-000255620,S-0036,-83.67100840695477,1,3,男性,43,11,12,0.25,126877,1,19,4397834.424680548,11.123287671232877,9.0
C-001913840,S-0117,-100.0,1,3,女性,14,4,12,0.4166666666666667,0,0,20,4500859.737076383,9.593150684931507,7.0
C-001446941,S-0099,-38.99386783361055,0,3,女性,42,6,12,0.1666666666666666,5200,1,13,4464126.154078853,8.147945205479452,5.0
C-000155710,S-0039,-35.15680264088658,0,3,男性,74,12,12,0.1666666666666666,30826,1,16,4591288.568998441,8.193150684931506,5.0
C-001360462,S-0097,-79.99217886337829,1,3,男性,45,6,12,0.25,23244,2,21,4592508.716501317,10.09041095890411,7.0
C-000292575,S-0017,-16.878930828356506,0,3,女性,79,11,12,0.1666666666666666,0,0,20,4640207.03550726,5.608219178082192,2.5
C-001820132,S-0036,-100.0,1,3,女性,66,4,12,0.1666666666666666,20698,1,19,4397834.424680548,11.123287671232877,9.0
C-002178972,S-0005,-23.223892563640007,0,3,男性,37,3,12,0.5833333333333334,0,0,21,4733942.970761149,4.69041095890411,2.0
C-000495724,S-0004,-51.05772512451481,1,3,女性,49,10,12,0.4166666666666667,0,0,22,4423576.351309,11.806849315068494,9.0
C-001247569,S-0080,-18.09253651188871,0,3,女性,36,7,12,0.25,14791,2,17,4457429.264950683,11.673972602739726,9.0
C-002258940,S-0089,-36.78592212129646,0,3,女性,58,2,12,0.3333333333333333,0,0,19,4721110.949352573,10.142465753424657,7.0
C-001302124,S-0113,-27.586371003349875,0,3,男性,58,7,12,0.4166666666666667,75195,1,16,4336633.961311346,5.77945205479452,2.5
C-001473097,S-0012,-56.2781070306445,1,3,男性,30,6,12,0.3333333333333333,15927,1,16,4444678.825084195,7.994520547945205,5.0
C-002410552,S-0075,-68.35955237585897,1,3,男性,47,2,12,0.6666666666666666,8781,1,19,4506647.2743158825,4.526027397260274,1.0
C-002333819,S-0102,-28.35055968624888,0,3,女性,34,2,12,0.1666666666666666,1613,1,16,4383474.364435211,10.484931506849314,7.5
C-000919674,S-0074,-47.246846038572436,0,3,女性,50,8,12,0.1666666666666666,47169,2,14,4614054.39694187,8.308219178082192,6.0
C-000765136,S-0096,-100.0,1,3,男性,43,9,12,0.25,0,0,16,4644856.458098179,8.302739726027397,5.0
C-000157268,S-0131,-75.72830846878944,1,3,男性,52,12,12,0.5,44391,2,17,4569023.5643747775,5.13972602739726,2.0
C-000989458,S-0017,-20.38343880624898,0,3,男性,75,8,12,0.5,0,0,20,4640207.03550726,5.608219178082192,2.5
C-001509762,S-0039,-47.29622581668252,0,3,女性,34,6,12,0.1666666666666666,0,0,16,4591288.568998441,8.193150684931506,5.0
C-001643376,S-0036,-54.57596926935964,1,3,男性,38,5,12,0.0833333333333333,5300,1,19,4397834.424680548,11.123287671232877,9.0
C-000505219,S-0054,-30.992638701893654,0,3,女性,51,10,12,0.4166666666666667,14517,1,23,4489160.181517739,6.358904109589041,4.0
C-002648950,S-0102,-21.279016070439013,0,3,女性,54,1,12,0.0,0,0,16,4383474.364435211,10.484931506849314,7.5
C-002504606,S-0079,-56.421944517894296,1,3,女性,70,1,12,0.75,0,0,13,4256656.371085242,8.479452054794521,6.0
C-000314739,S-0059,-100.0,1,3,女性,67,11,12,0.0,0,0,14,4713188.969095345,6.8123287671232875,3.0
C-002369988,S-0012,-35.95112380162389,0,3,女性,76,2,12,0.4166666666666667,9691,1,16,4444678.825084195,7.994520547945205,5.0
C-001996342,S-0036,-100.0,1,3,男性,35,4,12,0.25,7141,1,19,4397834.424680548,11.123287671232877,9.0
C-001458620,S-0018,-100.0,1,3,女性,54,6,12,0.4166666666666667,2556,2,16,4493108.581950108,7.550684931506849,5.0
C-002490589,S-0036,-64.08383078120946,1,3,男性,31,1,12,0.1666666666666666,1094,2,19,4397834.424680548,11.123287671232877,9.0
C-000065693,S-0080,-77.08212455602852,1,3,男性,44,12,12,0.1666666666666666,0,0,17,4457429.264950683,11.673972602739726,9.0
C-001074904,S-0072,-33.16203930541522,0,3,女性,37,8,12,0.25,5189,2,12,4406797.312641796,9.01917808219178,6.0
C-000921360,S-0059,-92.92068243041007,1,3,女性,35,8,12,0.4166666666666667,80416,1,14,4713188.969095345,6.8123287671232875,3.0
C-001642121,S-0039,-67.96707077743889,1,3,男性,32,5,12,0.4166666666666667,11581,1,16,4591288.568998441,8.193150684931506,5.0
C-000702925,S-0106,-21.919805894813596,0,3,女性,46,9,12,0.25,0,0,20,4462729.145118021,6.171232876712329,3.5
C-000214320,S-0115,-88.07132559619211,1,3,女性,36,12,12,0.0833333333333333,6845,1,14,4553643.099564746,10.51095890410959,7.0
C-001742187,S-0117,-83.4956204064608,1,3,女性,51,5,12,0.0,0,0,20,4500859.737076383,9.593150684931507,7.0
C-001002666,S-0117,-100.0,1,3,女性,46,8,12,0.25,0,0,20,4500859.737076383,9.593150684931507,7.0
C-001468872,S-0079,-63.12210567427328,1,3,男性,49,6,12,0.0833333333333333,21886,1,13,4256656.371085242,8.479452054794521,6.0
C-000658022,S-0036,-25.841779437534672,0,3,男性,53,10,12,0.3333333333333333,12206,2,19,4397834.424680548,11.123287671232877,9.0
C-000623557,S-0072,-82.92262783632877,1,3,男性,44,10,12,0.5833333333333334,0,0,12,4406797.312641796,9.01917808219178,6.0
C-001319801,S-0117,-62.77098666472346,1,3,男性,69,7,12,0.1666666666666666,48896,2,20,4500859.737076383,9.593150684931507,7.0
C-000227882,S-0020,-36.87128370630602,0,3,男性,49,11,12,0.25,0,0,16,4280702.057267675,6.986301369863014,3.5
C-000075558,S-0117,-15.500078468413896,0,3,女性,33,12,12,0.1666666666666666,20230,1,20,4500859.737076383,9.593150684931507,7.0
C-002457432,S-0082,-58.15600933802023,1,3,女性,56,2,12,0.75,0,0,17,4607261.71451126,4.758904109589041,2.0
C-000578895,S-0097,-21.794948312802905,0,3,女性,61,10,12,0.1666666666666666,0,0,21,4592508.716501317,10.09041095890411,7.0
C-000371423,S-0056,-17.259328048101867,0,3,女性,59,11,12,0.25,3276,1,15,4406070.585753419,7.528767123287671,4.0
C-000228171,S-0040,-100.0,1,3,男性,40,11,12,0.1666666666666666,20236,2,20,4550116.0180538,8.163013698630138,4.0
C-002158995,S-0126,-100.0,1,3,男性,79,3,12,0.0833333333333333,0,0,17,4493168.352495564,5.53972602739726,3.0
C-002521516,S-0115,-100.0,1,3,男性,66,1,12,0.0,0,0,14,4553643.099564746,10.51095890410959,7.0
C-000317811,S-0019,-17.399724784669488,0,3,男性,53,11,12,0.4166666666666667,0,0,19,4327199.920883598,4.090410958904109,1.0
C-000175364,S-0063,-23.986905742220575,0,3,女性,82,12,12,0.25,0,0,18,4564012.176421695,5.749315068493151,3.0
C-001989493,S-0100,-13.644995564394272,0,3,女性,43,4,12,0.4166666666666667,21292,2,17,4535925.154217558,4.720547945205479,2.0
C-002440796,S-0106,-64.79817360470199,1,3,男性,49,2,12,0.0833333333333333,0,0,20,4462729.145118021,6.171232876712329,3.5
C-000490926,S-0012,-64.02414906941483,1,3,女性,51,10,12,0.0833333333333333,137140,1,16,4444678.825084195,7.994520547945205,5.0
C-000254989,S-0080,-10.249166226535136,0,3,女性,46,11,12,0.0,0,0,17,4457429.264950683,11.673972602739726,9.0
C-000707640,S-0089,-47.87612960105797,0,3,男性,55,9,12,0.1666666666666666,9256,1,19,4721110.949352573,10.142465753424657,7.0
C-000143475,S-0005,4.645743329642156,0,3,男性,43,12,12,0.5833333333333334,0,0,21,4733942.970761149,4.69041095890411,2.0
C-000276456,S-0059,-25.274658683941027,0,3,女性,40,11,12,0.3333333333333333,0,0,14,4713188.969095345,6.8123287671232875,3.0
C-002512963,S-0050,-51.57470971371312,1,3,女性,30,1,12,0.1666666666666666,0,0,20,4615411.181286601,9.2013698630137,6.0
C-000261721,S-0113,-60.628379222355065,1,3,男性,45,11,12,0.25,10569,2,16,4336633.961311346,5.77945205479452,2.5
C-001753485,S-0018,-100.0,1,3,女性,49,5,12,0.0833333333333333,0,0,16,4493108.581950108,7.550684931506849,5.0
C-000428382,S-0079,-48.35937273544161,0,3,女性,54,11,12,0.1666666666666666,0,0,13,4256656.371085242,8.479452054794521,6.0
C-001265446,S-0111,-20.932785654999776,0,3,男性,49,7,12,0.25,1481,2,19,4489501.980758176,6.397260273972603,4.0
C-002374966,S-0126,-46.184330595750225,0,3,女性,46,2,12,0.25,0,0,17,4493168.352495564,5.53972602739726,3.0
C-000214894,S-0080,-63.86857127249884,1,3,女性,48,12,12,0.0833333333333333,0,0,17,4457429.264950683,11.673972602739726,9.0
C-001245334,S-0004,-100.0,1,3,女性,60,7,12,0.5,0,0,22,4423576.351309,11.806849315068494,9.0
C-000102072,S-0113,-100.0,1,3,女性,61,12,12,0.3333333333333333,0,0,16,4336633.961311346,5.77945205479452,2.5
C-000085885,S-0097,-60.4861744150714,1,3,男性,34,12,12,0.1666666666666666,29121,2,21,4592508.716501317,10.09041095890411,7.0
C-001094712,S-0121,-25.025763399906744,0,3,男性,38,8,12,0.3333333333333333,0,0,14,4716268.25678644,9.856164383561644,7.0
C-001625538,S-0102,-100.0,1,3,女性,79,5,12,0.0833333333333333,922,1,16,4383474.364435211,10.484931506849314,7.5
C-002345695,S-0059,-38.404031108157085,0,3,男性,46,2,12,0.25,18859,1,14,4713188.969095345,6.8123287671232875,3.0
C-001115590,S-0007,-10.592723497965908,0,3,女性,45,8,12,0.4166666666666667,0,0,21,4487075.727367008,3.7260273972602738,1.0
C-002257232,S-0113,-100.0,1,3,女性,66,2,12,0.1666666666666666,23672,1,16,4336633.961311346,5.77945205479452,2.5
C-001944921,S-0005,-25.16967610482681,0,3,男性,60,4,12,0.1666666666666666,0,0,21,4733942.970761149,4.69041095890411,2.0
C-001097258,S-0079,-34.73379889374398,0,3,女性,47,8,12,0.3333333333333333,30377,2,13,4256656.371085242,8.479452054794521,6.0
C-001149270,S-0017,-25.243139041744065,0,3,男性,58,7,12,0.1666666666666666,2279,1,20,4640207.03550726,5.608219178082192,2.5
C-002495728,S-0020,-75.85934690512319,1,3,女性,46,1,12,0.75,6551,2,16,4280702.057267675,6.986301369863014,3.5
C-001400097,S-0121,-35.82408644629059,0,3,女性,48,6,12,0.0833333333333333,0,0,14,4716268.25678644,9.856164383561644,7.0
C-001335593,S-0017,-37.3352085367269,0,3,男性,53,7,12,0.1666666666666666,0,0,20,4640207.03550726,5.608219178082192,2.5
C-001986602,S-0096,-42.617540298046755,0,3,女性,62,4,12,0.3333333333333333,12851,2,16,4644856.458098179,8.302739726027397,5.0
C-002167180,S-0074,-69.43399363944376,1,3,女性,64,3,12,0.0833333333333333,6033,1,14,4614054.39694187,8.308219178082192,6.0
C-002615412,S-0131,-100.0,1,3,男性,69,1,12,0.5,13347,1,17,4569023.5643747775,5.13972602739726,2.0
C-001311279,S-0020,-59.90867528616201,1,3,女性,42,7,12,0.25,2161,1,16,4280702.057267675,6.986301369863014,3.5
C-001338340,S-0040,-100.0,1,3,男性,78,7,12,0.0,0,0,20,4550116.0180538,8.163013698630138,4.0
C-000819956,S-0008,-100.0,1,3,男性,54,9,12,0.3333333333333333,0,0,22,4498453.308937302,10.772602739726027,7.0
C-002569561,S-0018,-28.730311958569033,0,3,女性,32,1,12,0.3333333333333333,43464,1,16,4493108.581950108,7.550684931506849,5.0
C-002435041,S-0085,-92.27733625650863,1,3,男性,77,2,12,0.5,0,0,15,4606655.398026554,4.928767123287671,2.0
C-000070616,S-0017,-100.0,1,3,女性,14,12,12,0.75,0,0,20,4640207.03550726,5.608219178082192,2.5
C-002264152,S-0113,-100.0,1,3,男性,83,2,12,0.0,15937,1,16,4336633.961311346,5.77945205479452,2.5
C-001085640,S-0017,-16.049461381087706,0,3,女性,48,8,12,0.3333333333333333,38543,1,20,4640207.03550726,5.608219178082192,2.5
C-001667592,S-0099,-54.924036896364626,1,3,女性,20,5,12,0.6666666666666666,0,0,13,4464126.154078853,8.147945205479452,5.0
C-002645471,S-0072,-100.0,1,3,女性,64,1,12,0.0,20856,1,12,4406797.312641796,9.01917808219178,6.0
C-000399840,S-0020,-22.941818642401483,0,3,男性,56,11,12,0.4166666666666667,21165,2,16,4280702.057267675,6.986301369863014,3.5
C-001865700,S-0100,-6.658071299819748,0,3,女性,74,4,12,0.75,0,0,17,4535925.154217558,4.720547945205479,2.0
C-002581947,S-0018,-19.910262460366635,0,3,女性,27,1,12,0.0,0,0,16,4493108.581950108,7.550684931506849,5.0
C-001312996,S-0050,-55.20666370226364,1,3,男性,66,7,12,0.25,37523,2,20,4615411.181286601,9.2013698630137,6.0
C-002105589,S-0018,-25.67733606812515,0,3,女性,44,3,12,0.25,0,0,16,4493108.581950108,7.550684931506849,5.0
C-000752252,S-0096,-37.594892704209634,0,3,女性,45,9,12,0.1666666666666666,4851,1,16,4644856.458098179,8.302739726027397,5.0
C-002242817,S-0111,-10.628186962011894,0,3,男性,31,3,12,0.75,24105,1,19,4489501.980758176,6.397260273972603,4.0
C-001462002,S-0020,-51.0974987238387,1,3,女性,42,6,12,0.5,0,0,16,4280702.057267675,6.986301369863014,3.5
C-001737953,S-0113,-86.45619263613811,1,3,男性,49,5,12,0.1666666666666666,26824,2,16,4336633.961311346,5.77945205479452,2.5
C-000725101,S-0072,-100.0,1,3,男性,20,9,12,0.0833333333333333,0,0,12,4406797.312641796,9.01917808219178,6.0
C-001526559,S-0040,-51.55442126722828,1,3,女性,44,6,12,0.0833333333333333,0,0,20,4550116.0180538,8.163013698630138,4.0
C-001870433,S-0113,-100.0,1,3,女性,60,4,12,0.0833333333333333,33863,1,16,4336633.961311346,5.77945205479452,2.5
C-001552138,S-0041,-100.0,1,3,女性,31,6,12,0.1666666666666666,12022,2,17,4828489.286769263,10.389041095890411,7.0
C-000331969,S-0079,-15.07152860257751,0,3,女性,38,11,12,0.1666666666666666,0,0,13,4256656.371085242,8.479452054794521,6.0
C-002217933,S-0048,-41.40994407005151,0,3,男性,49,3,12,0.3333333333333333,22843,2,15,4502249.082895545,3.671232876712329,1.0
C-001625988,S-0056,-73.22690055952819,1,3,男性,40,5,12,0.5,29782,1,15,4406070.585753419,7.528767123287671,4.0
C-000391201,S-0079,-69.85495994238904,1,3,男性,41,11,12,0.25,6069,1,13,4256656.371085242,8.479452054794521,6.0
C-000067451,S-0036,-81.51717013394129,1,3,女性,55,12,12,0.25,61922,1,19,4397834.424680548,11.123287671232877,9.0
C-001264606,S-0005,-14.418649270913278,0,3,女性,55,7,12,0.9166666666666666,0,0,21,4733942.970761149,4.69041095890411,2.0
C-001979711,S-0012,-91.59069658719028,1,3,男性,62,4,12,0.6666666666666666,6016,1,16,4444678.825084195,7.994520547945205,5.0
C-001586418,S-0036,-65.9052556786642,1,3,男性,51,5,12,0.25,69297,1,19,4397834.424680548,11.123287671232877,9.0
C-002399870,S-0018,-98.54491499024478,1,3,女性,51,2,12,0.25,11255,1,16,4493108.581950108,7.550684931506849,5.0
C-001942020,S-0100,-32.07602000675712,0,3,男性,34,4,12,0.25,51088,1,17,4535925.154217558,4.720547945205479,2.0
C-000015131,S-0039,-89.66901684292988,1,3,女性,70,12,12,0.5833333333333334,0,0,16,4591288.568998441,8.193150684931506,5.0
C-002341078,S-0004,-7.585684324688979,0,3,男性,57,2,12,0.0833333333333333,0,0,22,4423576.351309,11.806849315068494,9.0
C-000887207,S-0121,-20.933030012488988,0,3,男性,68,9,12,0.3333333333333333,0,0,14,4716268.25678644,9.856164383561644,7.0
C-002449681,S-0111,-55.121224528910076,1,3,女性,42,2,12,0.1666666666666666,2424,1,19,4489501.980758176,6.397260273972603,4.0
C-000909300,S-0115,-100.0,1,3,女性,47,8,12,0.3333333333333333,0,0,14,4553643.099564746,10.51095890410959,7.0
C-000096875,S-0117,-28.605987630671553,0,3,女性,32,12,12,0.25,10192,2,20,4500859.737076383,9.593150684931507,7.0
C-001620807,S-0036,-39.07663362037774,0,3,女性,54,5,12,0.1666666666666666,0,0,19,4397834.424680548,11.123287671232877,9.0
C-002484031,S-0115,-59.2724706160797,1,3,男性,67,1,12,0.1666666666666666,1148,1,14,4553643.099564746,10.51095890410959,7.0
C-001175358,S-0041,-100.0,1,3,女性,27,7,12,0.4166666666666667,0,0,17,4828489.286769263,10.389041095890411,7.0
C-000845601,S-0012,-14.807227565897923,0,3,女性,42,9,12,0.0833333333333333,56498,2,16,4444678.825084195,7.994520547945205,5.0
C-000521114,S-0080,-100.0,1,3,女性,39,10,12,0.25,12967,2,17,4457429.264950683,11.673972602739726,9.0
C-002381656,S-0115,-48.084493209792065,0,3,男性,43,2,12,0.4166666666666667,0,0,14,4553643.099564746,10.51095890410959,7.0
C-002622003,S-0080,-40.0022258839387,0,3,女性,46,1,12,0.0,5422,2,17,4457429.264950683,11.673972602739726,9.0
C-002477734,S-0018,-100.0,1,3,男性,50,1,12,0.4166666666666667,427,2,16,4493108.581950108,7.550684931506849,5.0
C-002447772,S-0111,-67.74898265153138,1,3,女性,55,2,12,0.0833333333333333,30244,1,19,4489501.980758176,6.397260273972603,4.0
C-001190897,S-0121,-33.092452629607315,0,3,女性,45,7,12,0.4166666666666667,22651,2,14,4716268.25678644,9.856164383561644,7.0
C-000285297,S-0017,-44.56535051192868,0,3,女性,57,11,12,0.75,0,0,20,4640207.03550726,5.608219178082192,2.5
C-002259996,S-0007,-22.894414370868553,0,3,女性,37,2,12,0.4166666666666667,32868,2,21,4487075.727367008,3.7260273972602738,1.0
C-000295790,S-0030,-27.481884571331417,0,3,男性,50,11,12,0.1666666666666666,2972,1,22,4426478.045479023,9.236986301369862,5.5
C-000665789,S-0097,-51.32029384256358,1,3,女性,42,10,12,0.0,6593,2,21,4592508.716501317,10.09041095890411,7.0
C-000911211,S-0050,-71.38037216566234,1,3,女性,49,8,12,0.6666666666666666,0,0,20,4615411.181286601,9.2013698630137,6.0
C-000253940,S-0039,-73.28467751015938,1,3,男性,41,11,12,0.1666666666666666,0,0,16,4591288.568998441,8.193150684931506,5.0
C-000916833,S-0085,-11.715974424593638,0,3,男性,45,8,12,0.75,0,0,15,4606655.398026554,4.928767123287671,2.0
C-000990736,S-0102,-28.61697594354228,0,3,女性,52,8,12,0.0,382,2,16,4383474.364435211,10.484931506849314,7.5
C-002034429,S-0017,-28.98362088931949,0,3,女性,46,3,12,0.75,0,0,20,4640207.03550726,5.608219178082192,2.5
C-001406076,S-0097,-29.383652098255208,0,3,男性,71,6,12,0.6666666666666666,0,0,21,4592508.716501317,10.09041095890411,7.0
C-001268594,S-0089,-72.74208104954984,1,3,女性,58,7,12,0.0,22682,2,19,4721110.949352573,10.142465753424657,7.0
C-000780799,S-0075,-100.0,1,3,女性,54,9,12,0.25,3489,1,19,4506647.2743158825,4.526027397260274,1.0
C-000377163,S-0012,-74.79255619108999,1,3,男性,33,11,12,0.3333333333333333,12177,1,16,4444678.825084195,7.994520547945205,5.0
C-002465178,S-0072,-100.0,1,3,女性,59,2,12,0.0,865,2,12,4406797.312641796,9.01917808219178,6.0
C-000861166,S-0018,-25.15500719659857,0,3,女性,57,9,12,0.25,0,0,16,4493108.581950108,7.550684931506849,5.0
C-001644625,S-0014,-100.0,1,3,男性,46,5,12,0.3333333333333333,14936,1,21,4730192.353344672,7.336986301369863,4.0
C-002523896,S-0005,-100.0,1,3,女性,58,1,12,0.1666666666666666,13107,1,21,4733942.970761149,4.69041095890411,2.0
C-001467182,S-0121,-100.0,1,3,女性,56,6,12,0.25,92490,2,14,4716268.25678644,9.856164383561644,7.0
C-002170615,S-0018,-30.84101098922313,0,3,男性,43,3,12,0.6666666666666666,0,0,16,4493108.581950108,7.550684931506849,5.0
C-000316909,S-0030,-75.34225951501526,1,3,女性,60,11,12,0.25,0,0,22,4426478.045479023,9.236986301369862,5.5
C-001745762,S-0097,-38.790217878048864,0,3,女性,34,5,12,0.1666666666666666,22017,1,21,4592508.716501317,10.09041095890411,7.0
C-001676119,S-0012,-35.505546879988856,0,3,男性,42,5,12,0.4166666666666667,13355,1,16,4444678.825084195,7.994520547945205,5.0
C-001495920,S-0113,-100.0,1,3,男性,72,6,12,0.25,3759,2,16,4336633.961311346,5.77945205479452,2.5
C-001295395,S-0048,-100.0,1,3,男性,54,7,12,0.3333333333333333,83140,1,15,4502249.082895545,3.671232876712329,1.0
C-001827742,S-0056,-98.35058683367411,1,3,女性,53,4,12,0.1666666666666666,47841,1,15,4406070.585753419,7.528767123287671,4.0
C-002080081,S-0007,-28.050149521052887,0,3,男性,39,3,12,0.25,40850,2,21,4487075.727367008,3.7260273972602738,1.0
C-001922058,S-0041,-100.0,1,3,女性,57,4,12,0.5,10880,1,17,4828489.286769263,10.389041095890411,7.0
C-002510359,S-0072,-100.0,1,3,女性,59,1,12,0.4166666666666667,0,0,12,4406797.312641796,9.01917808219178,6.0
C-000910088,S-0099,-38.360163009704095,0,3,女性,44,8,12,0.3333333333333333,40211,2,13,4464126.154078853,8.147945205479452,5.0
C-002034232,S-0002,-39.73703699650137,0,3,女性,64,3,12,0.25,0,0,15,4455566.655169959,5.663013698630137,2.0
C-002050087,S-0004,-25.304385637967446,0,3,男性,74,3,12,0.5833333333333334,29630,1,22,4423576.351309,11.806849315068494,9.0
C-002682255,S-0085,-29.73842240612146,0,3,男性,64,1,12,0.1666666666666666,0,0,15,4606655.398026554,4.928767123287671,2.0
C-000660857,S-0036,-100.0,1,3,女性,49,10,12,0.1666666666666666,11656,1,19,4397834.424680548,11.123287671232877,9.0
C-001270050,S-0018,-100.0,1,3,女性,49,7,12,0.1666666666666666,0,0,16,4493108.581950108,7.550684931506849,5.0
C-001915629,S-0079,-81.63576327152654,1,3,男性,67,4,12,0.3333333333333333,6093,1,13,4256656.371085242,8.479452054794521,6.0
C-002128365,S-0030,-100.0,1,3,女性,44,3,12,0.4166666666666667,0,0,22,4426478.045479023,9.236986301369862,5.5
C-002234904,S-0113,-28.360209467603177,0,3,女性,41,3,12,0.0833333333333333,8689,1,16,4336633.961311346,5.77945205479452,2.5
C-001681363,S-0056,-35.847012486850886,0,3,男性,44,5,12,0.0,1366,1,15,4406070.585753419,7.528767123287671,4.0
C-002648385,S-0008,-24.88714187299915,0,3,女性,44,1,12,0.25,0,0,22,4498453.308937302,10.772602739726027,7.0
C-001512103,S-0074,-25.45720712134497,0,3,女性,49,6,12,0.25,6326,1,14,4614054.39694187,8.308219178082192,6.0
C-001143225,S-0111,-100.0,1,3,女性,64,7,12,0.5,16929,2,19,4489501.980758176,6.397260273972603,4.0
C-001812304,S-0040,-96.78918616393523,1,3,女性,37,4,12,0.1666666666666666,0,0,20,4550116.0180538,8.163013698630138,4.0
C-000517832,S-0018,-100.0,1,3,女性,55,10,12,0.0833333333333333,0,0,16,4493108.581950108,7.550684931506849,5.0
C-000249996,S-0054,-31.92541418016913,0,3,女性,31,11,12,0.5833333333333334,78962,2,23,4489160.181517739,6.358904109589041,4.0
C-001149727,S-0020,-100.0,1,3,男性,62,7,12,0.5,0,0,16,4280702.057267675,6.986301369863014,3.5
C-000888118,S-0040,-21.26941390955176,0,3,女性,47,9,12,0.1666666666666666,2604,1,20,4550116.0180538,8.163013698630138,4.0
C-002204404,S-0004,-65.19389978213508,1,3,男性,57,3,12,0.0,16317,1,22,4423576.351309,11.806849315068494,9.0
C-002053589,S-0096,-52.42277582815935,1,3,女性,50,3,12,0.1666666666666666,5115,1,16,4644856.458098179,8.302739726027397,5.0
C-002358930,S-0019,-11.974464506992389,0,3,女性,55,2,12,0.4166666666666667,0,0,19,4327199.920883598,4.090410958904109,1.0
C-002139802,S-0111,-72.48080594027768,1,3,女性,56,3,12,0.4166666666666667,0,0,19,4489501.980758176,6.397260273972603,4.0
C-000144732,S-0072,-18.053499690073984,0,3,女性,32,12,12,0.0833333333333333,9982,1,12,4406797.312641796,9.01917808219178,6.0
C-001100305,S-0039,-55.09721159103336,1,3,男性,52,8,12,0.0,17654,2,16,4591288.568998441,8.193150684931506,5.0
C-000178171,S-0115,-67.2141659268028,1,3,女性,58,12,12,0.1666666666666666,4726,1,14,4553643.099564746,10.51095890410959,7.0
C-002195570,S-0080,-21.34329451402622,0,3,女性,33,3,12,0.25,4537,1,17,4457429.264950683,11.673972602739726,9.0
C-000864517,S-0121,-71.68127538248618,1,3,女性,62,9,12,0.6666666666666666,0,0,14,4716268.25678644,9.856164383561644,7.0
C-000868207,S-0050,-30.665584015037496,0,3,女性,46,9,12,0.1666666666666666,39088,2,20,4615411.181286601,9.2013698630137,6.0
C-001972785,S-0062,-47.30887111064441,0,3,男性,52,4,12,0.8333333333333334,0,0,15,4713869.782113416,4.575342465753424,1.0
C-000211542,S-0117,-76.86891829274572,1,3,女性,31,12,12,0.25,30562,1,20,4500859.737076383,9.593150684931507,7.0
C-002162877,S-0014,-100.0,1,3,女性,24,3,12,0.0833333333333333,82735,1,21,4730192.353344672,7.336986301369863,4.0
C-000447218,S-0111,-100.0,1,3,女性,49,11,12,0.0833333333333333,0,0,19,4489501.980758176,6.397260273972603,4.0
C-000253246,S-0079,-30.86550173791612,0,3,男性,21,11,12,0.5833333333333334,79962,1,13,4256656.371085242,8.479452054794521,6.0
C-000039184,S-0048,-32.43193654112963,0,3,男性,50,12,12,0.0,7280,1,15,4502249.082895545,3.671232876712329,1.0
C-000375256,S-0002,-90.25179729555397,1,3,男性,26,11,12,0.4166666666666667,0,0,15,4455566.655169959,5.663013698630137,2.0
C-001083453,S-0048,-91.51924767244395,1,3,男性,47,8,12,0.0833333333333333,8580,1,15,4502249.082895545,3.671232876712329,1.0
C-000715821,S-0020,-53.93904690277588,1,3,男性,24,9,12,0.4166666666666667,0,0,16,4280702.057267675,6.986301369863014,3.5
C-001877230,S-0056,-53.23006422709635,1,3,男性,64,4,12,0.1666666666666666,29744,1,15,4406070.585753419,7.528767123287671,4.0
C-001346371,S-0117,-70.68788569448333,1,3,女性,75,7,12,0.25,0,0,20,4500859.737076383,9.593150684931507,7.0
C-001073452,S-0014,-53.8945644790528,1,3,女性,53,8,12,0.5,24561,1,21,4730192.353344672,7.336986301369863,4.0
C-000059995,S-0056,-79.7957706114815,1,3,男性,69,12,12,0.25,31891,1,15,4406070.585753419,7.528767123287671,4.0
C-002430089,S-0063,-12.021780232908293,0,3,女性,54,2,12,0.25,0,0,18,4564012.176421695,5.749315068493151,3.0
C-001529556,S-0041,-11.218845889079747,0,3,女性,34,6,12,0.1666666666666666,159185,2,17,4828489.286769263,10.389041095890411,7.0
C-000471044,S-0014,-94.88427308455181,1,3,男性,48,10,12,0.1666666666666666,0,0,21,4730192.353344672,7.336986301369863,4.0
C-001223983,S-0072,-6.48460303660441,0,3,女性,48,7,12,0.25,7067,1,12,4406797.312641796,9.01917808219178,6.0
C-001339296,S-0080,-52.604547203500104,1,3,女性,38,7,12,0.25,8200,1,17,4457429.264950683,11.673972602739726,9.0
C-001666217,S-0100,-41.51221434906074,0,3,女性,57,5,12,0.0833333333333333,0,0,17,4535925.154217558,4.720547945205479,2.0
C-002313743,S-0039,-42.89872935887908,0,3,女性,36,2,12,0.1666666666666666,43557,1,16,4591288.568998441,8.193150684931506,5.0
C-000936794,S-0072,-100.0,1,3,女性,78,8,12,0.0,7687,2,12,4406797.312641796,9.01917808219178,6.0
C-000136390,S-0036,-100.0,1,3,男性,50,12,12,0.1666666666666666,40656,2,19,4397834.424680548,11.123287671232877,9.0
C-001702088,S-0117,-49.789780481830135,1,3,女性,43,5,12,0.25,7451,1,20,4500859.737076383,9.593150684931507,7.0
C-002082665,S-0018,-71.5795978577219,1,3,女性,59,3,12,0.25,0,0,16,4493108.581950108,7.550684931506849,5.0
C-000932613,S-0100,-25.746297659489837,0,3,女性,42,8,12,0.25,6406,2,17,4535925.154217558,4.720547945205479,2.0
C-001627807,S-0097,-98.44145110348018,1,3,女性,31,5,12,0.8333333333333334,10608,1,21,4592508.716501317,10.09041095890411,7.0
C-001594121,S-0126,-13.838039257401707,0,3,女性,21,5,12,0.25,21771,2,17,4493168.352495564,5.53972602739726,3.0
C-002597431,S-0030,-22.67655343071853,0,3,男性,56,1,12,0.5,20984,1,22,4426478.045479023,9.236986301369862,5.5
C-001864570,S-0075,-34.734261526454695,0,3,女性,43,4,12,0.4166666666666667,16814,2,19,4506647.2743158825,4.526027397260274,1.0
C-002608548,S-0048,-10.26689979817348,0,3,男性,20,1,12,0.1666666666666666,15967,1,15,4502249.082895545,3.671232876712329,1.0
C-001924487,S-0089,-19.555770746756725,0,3,女性,40,4,12,0.0833333333333333,21488,1,19,4721110.949352573,10.142465753424657,7.0
C-001447649,S-0111,-21.136199063690853,0,3,女性,28,6,12,0.3333333333333333,0,0,19,4489501.980758176,6.397260273972603,4.0
C-002028589,S-0018,-37.802961185267456,0,3,女性,54,3,12,0.25,0,0,16,4493108.581950108,7.550684931506849,5.0
C-001298501,S-0036,-37.55463167168597,0,3,男性,52,7,12,0.3333333333333333,3391,2,19,4397834.424680548,11.123287671232877,9.0
C-000619588,S-0063,-100.0,1,3,女性,65,10,12,0.4166666666666667,5301,1,18,4564012.176421695,5.749315068493151,3.0
C-001132023,S-0131,-36.52889344379619,0,3,男性,26,7,12,0.3333333333333333,0,0,17,4569023.5643747775,5.13972602739726,2.0
C-001955931,S-0075,-32.39524402145922,0,3,男性,23,4,12,0.0833333333333333,6347,1,19,4506647.2743158825,4.526027397260274,1.0
C-000781128,S-0080,-29.03735861503921,0,3,女性,41,9,12,0.25,0,0,17,4457429.264950683,11.673972602739726,9.0
C-002215604,S-0097,-100.0,1,3,男性,77,3,12,0.5833333333333334,52676,1,21,4592508.716501317,10.09041095890411,7.0
C-002543180,S-0111,-99.52925815208054,1,3,女性,21,1,12,0.6666666666666666,6588,1,19,4489501.980758176,6.397260273972603,4.0
C-002435592,S-0020,-100.0,1,3,女性,49,2,12,0.5,0,0,16,4280702.057267675,6.986301369863014,3.5
C-001134290,S-0117,-44.04206525788382,0,3,男性,69,7,12,0.25,22895,2,20,4500859.737076383,9.593150684931507,7.0
C-001424791,S-0012,-100.0,1,3,男性,40,6,12,0.5,0,0,16,4444678.825084195,7.994520547945205,5.0
C-000549852,S-0020,-44.35853282461649,0,3,男性,46,10,12,0.3333333333333333,0,0,16,4280702.057267675,6.986301369863014,3.5
C-000090283,S-0089,-100.0,1,3,女性,45,12,12,0.6666666666666666,0,0,19,4721110.949352573,10.142465753424657,7.0
C-000420006,S-0018,-100.0,1,3,女性,70,11,12,0.1666666666666666,0,0,16,4493108.581950108,7.550684931506849,5.0
C-001284501,S-0012,-99.00433900318414,1,3,女性,31,7,12,0.0833333333333333,0,0,16,4444678.825084195,7.994520547945205,5.0
C-000562363,S-0096,-73.14799355870679,1,3,女性,41,10,12,0.25,4464,1,16,4644856.458098179,8.302739726027397,5.0
C-000559565,S-0099,-42.72132885668846,0,3,男性,47,10,12,0.0833333333333333,28485,1,13,4464126.154078853,8.147945205479452,5.0
C-001923062,S-0115,-75.65047319286283,1,3,男性,19,4,12,0.0833333333333333,0,0,14,4553643.099564746,10.51095890410959,7.0
C-001779470,S-0018,-100.0,1,3,男性,79,5,12,0.0,14716,2,16,4493108.581950108,7.550684931506849,5.0
C-000103373,S-0080,-79.1797266118149,1,3,男性,50,12,12,0.0,20522,1,17,4457429.264950683,11.673972602739726,9.0
C-001698863,S-0089,-100.0,1,3,女性,42,5,12,0.1666666666666666,0,0,19,4721110.949352573,10.142465753424657,7.0
C-000275020,S-0030,-100.0,1,3,女性,58,11,12,0.0833333333333333,7362,2,22,4426478.045479023,9.236986301369862,5.5
C-000153173,S-0039,-30.871498827386603,0,3,男性,71,12,12,0.3333333333333333,7932,2,16,4591288.568998441,8.193150684931506,5.0
C-001587146,S-0097,-27.390366366735254,0,3,男性,36,5,12,0.3333333333333333,2015,2,21,4592508.716501317,10.09041095890411,7.0
C-000838610,S-0004,-100.0,1,3,女性,66,9,12,0.0833333333333333,5117,1,22,4423576.351309,11.806849315068494,9.0
C-000219879,S-0074,-100.0,1,3,女性,39,12,12,0.4166666666666667,0,0,14,4614054.39694187,8.308219178082192,6.0
C-002484088,S-0121,-100.0,1,3,男性,79,1,12,0.0833333333333333,15708,1,14,4716268.25678644,9.856164383561644,7.0
C-001273685,S-0012,-32.86754927982825,0,3,男性,52,7,12,0.4166666666666667,7318,1,16,4444678.825084195,7.994520547945205,5.0
C-002208735,S-0089,-33.653831261557904,0,3,男性,44,3,12,0.25,6249,1,19,4721110.949352573,10.142465753424657,7.0
C-002481142,S-0018,-100.0,1,3,女性,55,1,12,0.25,947,1,16,4493108.581950108,7.550684931506849,5.0
C-002495350,S-0121,-32.89369777404125,0,3,男性,60,1,12,0.0833333333333333,25595,2,14,4716268.25678644,9.856164383561644,7.0
C-001771760,S-0036,-38.09669741452402,0,3,男性,45,5,12,0.3333333333333333,0,0,19,4397834.424680548,11.123287671232877,9.0
C-000493732,S-0121,-16.192408746548235,0,3,女性,69,10,12,0.25,0,0,14,4716268.25678644,9.856164383561644,7.0
C-002123615,S-0075,-62.19035099457647,1,3,女性,50,3,12,0.25,0,0,19,4506647.2743158825,4.526027397260274,1.0
C-001137650,S-0102,-50.29525330987692,1,3,男性,67,7,12,0.0833333333333333,39668,2,16,4383474.364435211,10.484931506849314,7.5
C-001050522,S-0014,-100.0,1,3,女性,59,8,12,0.1666666666666666,0,0,21,4730192.353344672,7.336986301369863,4.0
C-001525929,S-0074,-100.0,1,3,男性,43,6,12,0.0833333333333333,66530,1,14,4614054.39694187,8.308219178082192,6.0
C-000536057,S-0080,-73.94304946301618,1,3,男性,59,10,12,0.0833333333333333,9483,2,17,4457429.264950683,11.673972602739726,9.0
C-002480925,S-0080,-52.28237887041285,1,3,女性,32,1,12,0.0833333333333333,55882,1,17,4457429.264950683,11.673972602739726,9.0
C-000730435,S-0056,-63.51376684949898,1,3,女性,50,9,12,0.0833333333333333,73935,1,15,4406070.585753419,7.528767123287671,4.0
C-000967000,S-0004,-96.2570648621631,1,3,男性,52,8,12,0.25,0,0,22,4423576.351309,11.806849315068494,9.0
C-001985072,S-0014,-82.03435787436908,1,3,男性,49,4,12,0.25,23698,1,21,4730192.353344672,7.336986301369863,4.0
C-001957428,S-0102,-100.0,1,3,女性,34,4,12,0.1666666666666666,0,0,16,4383474.364435211,10.484931506849314,7.5
C-002558474,S-0111,-100.0,1,3,女性,49,1,12,0.5833333333333334,0,0,19,4489501.980758176,6.397260273972603,4.0
C-001763840,S-0115,-100.0,1,3,男性,73,5,12,0.25,7253,1,14,4553643.099564746,10.51095890410959,7.0
C-002293010,S-0111,-44.15428078756297,0,3,男性,55,2,12,0.3333333333333333,0,0,19,4489501.980758176,6.397260273972603,4.0
C-001279836,S-0004,-20.09806142430695,0,3,男性,65,7,12,0.5,0,0,22,4423576.351309,11.806849315068494,9.0
C-000753121,S-0075,-92.04808846937921,1,3,男性,47,9,12,1.0,0,0,19,4506647.2743158825,4.526027397260274,1.0
C-001221881,S-0054,4.451401947289655,0,3,女性,51,7,12,0.5833333333333334,0,0,23,4489160.181517739,6.358904109589041,4.0
C-002498805,S-0059,-8.772030258475322,0,3,男性,41,1,12,0.4166666666666667,4010,1,14,4713188.969095345,6.8123287671232875,3.0
C-002337248,S-0096,-21.896126231307544,0,3,女性,44,2,12,0.0833333333333333,60195,1,16,4644856.458098179,8.302739726027397,5.0
C-001536371,S-0012,-15.432146296179338,0,3,女性,41,6,12,0.1666666666666666,27539,1,16,4444678.825084195,7.994520547945205,5.0
C-001722112,S-0096,-69.30286410725166,1,3,女性,59,5,12,0.1666666666666666,0,0,16,4644856.458098179,8.302739726027397,5.0
C-002323247,S-0096,-81.92917874710884,1,3,女性,78,2,12,0.1666666666666666,12803,2,16,4644856.458098179,8.302739726027397,5.0
C-001446637,S-0030,-63.92107271031735,1,3,女性,68,6,12,1.0,2063,1,22,4426478.045479023,9.236986301369862,5.5
C-000811181,S-0121,-64.70613394924108,1,3,男性,56,9,12,0.25,56944,2,14,4716268.25678644,9.856164383561644,7.0
C-001938455,S-0054,-22.51025209728996,0,3,男性,21,4,12,0.1666666666666666,0,0,23,4489160.181517739,6.358904109589041,4.0
C-001119067,S-0102,-86.73014970627251,1,3,女性,64,8,12,0.1666666666666666,121414,1,16,4383474.364435211,10.484931506849314,7.5
C-001657385,S-0097,-26.701602836802564,0,3,女性,38,5,12,0.0833333333333333,43134,2,21,4592508.716501317,10.09041095890411,7.0
C-001055451,S-0089,-100.0,1,3,女性,44,8,12,0.5833333333333334,19306,1,19,4721110.949352573,10.142465753424657,7.0
C-001279207,S-0102,-100.0,1,3,女性,71,7,12,0.6666666666666666,0,0,16,4383474.364435211,10.484931506849314,7.5
C-002477941,S-0041,-41.03749735188193,0,3,女性,64,1,12,0.0833333333333333,10875,2,17,4828489.286769263,10.389041095890411,7.0
C-001425363,S-0074,-100.0,1,3,男性,30,6,12,0.3333333333333333,12044,1,14,4614054.39694187,8.308219178082192,6.0
C-002371577,S-0115,-26.685798751737167,0,3,男性,20,2,12,0.3333333333333333,8027,2,14,4553643.099564746,10.51095890410959,7.0
C-001471862,S-0004,-100.0,1,3,男性,45,6,12,0.0,0,0,22,4423576.351309,11.806849315068494,9.0
C-001236829,S-0012,-21.278879102723128,0,3,女性,43,7,12,0.4166666666666667,0,0,16,4444678.825084195,7.994520547945205,5.0
C-000690883,S-0089,-13.680372247162866,0,3,女性,53,9,12,0.5,0,0,19,4721110.949352573,10.142465753424657,7.0
C-000527364,S-0072,-46.0208819496235,0,3,男性,70,10,12,0.25,0,0,12,4406797.312641796,9.01917808219178,6.0
C-002080649,S-0019,-13.156889344148833,0,3,女性,48,3,12,0.9166666666666666,0,0,19,4327199.920883598,4.090410958904109,1.0
C-001483021,S-0056,-73.48829600547278,1,3,女性,51,6,12,0.4166666666666667,24093,1,15,4406070.585753419,7.528767123287671,4.0
C-002573439,S-0048,-20.259138045431165,0,3,男性,54,1,12,0.5833333333333334,5992,1,15,4502249.082895545,3.671232876712329,1.0
C-001727093,S-0079,-100.0,1,3,女性,54,5,12,0.0,2114,2,13,4256656.371085242,8.479452054794521,6.0
C-000465726,S-0041,-43.43106623352438,0,3,男性,57,10,12,0.3333333333333333,11212,1,17,4828489.286769263,10.389041095890411,7.0
C-002347174,S-0056,-16.78829296563715,0,3,女性,42,2,12,0.1666666666666666,0,0,15,4406070.585753419,7.528767123287671,4.0
C-002557700,S-0059,-31.55444968495067,0,3,女性,37,1,12,0.8333333333333334,0,0,14,4713188.969095345,6.8123287671232875,3.0
C-000474331,S-0017,-100.0,1,3,男性,72,10,12,0.5,0,0,20,4640207.03550726,5.608219178082192,2.5
C-002050225,S-0100,-100.0,1,3,男性,49,3,12,0.25,63171,2,17,4535925.154217558,4.720547945205479,2.0
C-001429532,S-0054,-32.04327338751513,0,3,男性,60,6,12,0.25,0,0,23,4489160.181517739,6.358904109589041,4.0
C-000551603,S-0121,-76.27346987499787,1,3,女性,47,10,12,0.1666666666666666,14536,1,14,4716268.25678644,9.856164383561644,7.0
C-002148824,S-0056,-41.01778449984354,0,3,男性,43,3,12,0.1666666666666666,8071,2,15,4406070.585753419,7.528767123287671,4.0
C-001227848,S-0089,-44.711742332809244,0,3,女性,52,7,12,0.0833333333333333,35803,1,19,4721110.949352573,10.142465753424657,7.0
C-001415756,S-0048,-100.0,1,3,女性,50,6,12,0.3333333333333333,0,0,15,4502249.082895545,3.671232876712329,1.0
C-001768538,S-0126,-4.495812296974678,0,3,男性,48,5,12,0.0833333333333333,0,0,17,4493168.352495564,5.53972602739726,3.0
C-000185987,S-0115,-100.0,1,3,男性,61,12,12,0.0,0,0,14,4553643.099564746,10.51095890410959,7.0
C-002170876,S-0039,-36.6054286305662,0,3,女性,57,3,12,0.0833333333333333,0,0,16,4591288.568998441,8.193150684931506,5.0
C-000418273,S-0074,-100.0,1,3,男性,38,11,12,0.25,198040,1,14,4614054.39694187,8.308219178082192,6.0
C-002143013,S-0079,-32.82816742385548,0,3,男性,45,3,12,0.4166666666666667,0,0,13,4256656.371085242,8.479452054794521,6.0
C-002296082,S-0004,-100.0,1,3,女性,51,2,12,0.3333333333333333,6223,1,22,4423576.351309,11.806849315068494,9.0
C-002421960,S-0018,-46.081471821210926,0,3,男性,50,2,12,0.3333333333333333,5462,1,16,4493108.581950108,7.550684931506849,5.0
C-000629683,S-0102,-42.61406594240405,0,3,女性,42,10,12,0.25,148424,2,16,4383474.364435211,10.484931506849314,7.5
C-000656940,S-0096,-27.01426250963705,0,3,女性,52,10,12,0.0833333333333333,1804,2,16,4644856.458098179,8.302739726027397,5.0
C-002456685,S-0113,-37.24763618569557,0,3,男性,42,2,12,0.1666666666666666,33117,2,16,4336633.961311346,5.77945205479452,2.5
C-001323615,S-0050,-40.546661415133684,0,3,女性,51,7,12,0.3333333333333333,0,0,20,4615411.181286601,9.2013698630137,6.0
C-000862520,S-0050,-100.0,1,3,女性,25,9,12,0.0833333333333333,12662,1,20,4615411.181286601,9.2013698630137,6.0
C-002331772,S-0004,-80.61140136234376,1,3,女性,34,2,12,0.4166666666666667,0,0,22,4423576.351309,11.806849315068494,9.0
C-002043647,S-0041,-100.0,1,3,女性,57,3,12,0.4166666666666667,0,0,17,4828489.286769263,10.389041095890411,7.0
C-002589757,S-0007,-74.20651639632048,1,3,女性,45,1,12,0.0833333333333333,0,0,21,4487075.727367008,3.7260273972602738,1.0
C-001962932,S-0005,-100.0,1,3,女性,68,4,12,0.25,0,0,21,4733942.970761149,4.69041095890411,2.0
C-000274532,S-0079,-14.64169243416023,0,3,女性,40,11,12,0.25,0,0,13,4256656.371085242,8.479452054794521,6.0
C-002516979,S-0050,-45.87075828610817,0,3,女性,56,1,12,0.5833333333333334,0,0,20,4615411.181286601,9.2013698630137,6.0
C-002461548,S-0079,-14.370645960581117,0,3,女性,46,2,12,0.25,27634,1,13,4256656.371085242,8.479452054794521,6.0
C-001877180,S-0075,-11.911473810528458,0,3,女性,39,4,12,0.25,0,0,19,4506647.2743158825,4.526027397260274,1.0
C-002372220,S-0041,-26.85097747170207,0,3,男性,51,2,12,0.25,0,0,17,4828489.286769263,10.389041095890411,7.0
C-002056152,S-0048,-86.64003250270856,1,3,女性,51,3,12,0.25,16255,1,15,4502249.082895545,3.671232876712329,1.0
C-002289915,S-0074,-62.70567300015134,1,3,女性,13,2,12,0.0833333333333333,14453,1,14,4614054.39694187,8.308219178082192,6.0
C-000463788,S-0018,-58.014209935875236,1,3,女性,56,10,12,0.3333333333333333,8792,2,16,4493108.581950108,7.550684931506849,5.0
C-001472360,S-0018,-100.0,1,3,女性,59,6,12,0.1666666666666666,2627,1,16,4493108.581950108,7.550684931506849,5.0
C-001256725,S-0018,-100.0,1,3,女性,25,7,12,0.4166666666666667,0,0,16,4493108.581950108,7.550684931506849,5.0
C-000353104,S-0097,-29.297710627282747,0,3,女性,42,11,12,0.3333333333333333,5254,1,21,4592508.716501317,10.09041095890411,7.0
C-002609973,S-0085,-10.472978581872235,0,3,女性,57,1,12,0.25,46736,1,15,4606655.398026554,4.928767123287671,2.0
C-002286914,S-0102,-25.69441251919346,0,3,男性,61,2,12,0.1666666666666666,21899,1,16,4383474.364435211,10.484931506849314,7.5
C-002083740,S-0004,-25.482310036153518,0,3,女性,57,3,12,0.3333333333333333,0,0,22,4423576.351309,11.806849315068494,9.0
C-001363642,S-0121,-57.821803776915104,1,3,女性,42,6,12,0.1666666666666666,0,0,14,4716268.25678644,9.856164383561644,7.0
C-001017986,S-0039,-68.3812528699877,1,3,女性,73,8,12,0.1666666666666666,0,0,16,4591288.568998441,8.193150684931506,5.0
C-001540275,S-0121,-63.84727040125963,1,3,男性,26,6,12,0.5,5386,1,14,4716268.25678644,9.856164383561644,7.0
C-001772973,S-0117,-100.0,1,3,男性,63,5,12,0.0,24325,1,20,4500859.737076383,9.593150684931507,7.0
C-001826786,S-0017,-22.349195551627716,0,3,男性,56,4,12,0.5833333333333334,2362,1,20,4640207.03550726,5.608219178082192,2.5
C-001635430,S-0117,-80.5186147364659,1,3,女性,82,5,12,0.0,0,0,20,4500859.737076383,9.593150684931507,7.0
C-000380240,S-0074,-87.19239554551866,1,3,女性,58,11,12,0.1666666666666666,26719,2,14,4614054.39694187,8.308219178082192,6.0
C-001593365,S-0012,-100.0,1,3,女性,40,5,12,0.25,33467,2,16,4444678.825084195,7.994520547945205,5.0
C-000116223,S-0056,-45.79293480948078,0,3,女性,51,12,12,0.25,15753,1,15,4406070.585753419,7.528767123287671,4.0
C-000791084,S-0115,-44.8427776474255,0,3,男性,47,9,12,0.5,6550,1,14,4553643.099564746,10.51095890410959,7.0
C-002079948,S-0100,-100.0,1,3,女性,47,3,12,0.3333333333333333,0,0,17,4535925.154217558,4.720547945205479,2.0
C-001384906,S-0018,-41.33769383349641,0,3,男性,55,6,12,0.3333333333333333,0,0,16,4493108.581950108,7.550684931506849,5.0
C-001792775,S-0096,-43.400275999805835,0,3,女性,71,5,12,0.0,0,0,16,4644856.458098179,8.302739726027397,5.0
C-000925017,S-0014,-39.03253312065974,0,3,女性,55,8,12,0.5,32204,2,21,4730192.353344672,7.336986301369863,4.0
C-000585133,S-0008,-23.054212651905654,0,3,男性,17,10,12,0.3333333333333333,0,0,22,4498453.308937302,10.772602739726027,7.0
C-001627663,S-0131,-13.144809835330362,0,3,男性,23,5,12,0.5,0,0,17,4569023.5643747775,5.13972602739726,2.0
C-000770168,S-0017,-10.254388726843448,0,3,男性,45,9,12,0.3333333333333333,14876,2,20,4640207.03550726,5.608219178082192,2.5
C-000745551,S-0096,-86.3542606172307,1,3,男性,31,9,12,0.1666666666666666,5841,1,16,4644856.458098179,8.302739726027397,5.0
C-002254753,S-0082,-20.754447193949016,0,3,男性,69,2,12,0.4166666666666667,9172,2,17,4607261.71451126,4.758904109589041,2.0
C-000349030,S-0115,-76.69326694378375,1,3,女性,27,11,12,0.4166666666666667,13766,1,14,4553643.099564746,10.51095890410959,7.0
C-000283909,S-0063,-20.42704945386083,0,3,女性,57,11,12,0.4166666666666667,0,0,18,4564012.176421695,5.749315068493151,3.0
C-001103799,S-0048,-39.862788077686076,0,3,女性,76,8,12,0.5,34625,1,15,4502249.082895545,3.671232876712329,1.0
C-000147665,S-0039,-15.645414661317677,0,3,女性,45,12,12,0.1666666666666666,41590,1,16,4591288.568998441,8.193150684931506,5.0
C-001415955,S-0030,-100.0,1,3,女性,35,6,12,0.25,8545,1,22,4426478.045479023,9.236986301369862,5.5
C-000059243,S-0097,-19.219907102400207,0,3,女性,49,12,12,0.3333333333333333,28215,1,21,4592508.716501317,10.09041095890411,7.0
C-000607541,S-0074,-100.0,1,3,男性,50,10,12,0.3333333333333333,7078,1,14,4614054.39694187,8.308219178082192,6.0
C-000194376,S-0056,-14.274334873347142,0,3,男性,23,12,12,0.3333333333333333,3946,1,15,4406070.585753419,7.528767123287671,4.0
C-002048448,S-0121,-53.08050788886476,1,3,男性,48,3,12,0.1666666666666666,2514,2,14,4716268.25678644,9.856164383561644,7.0
C-000642594,S-0040,-85.18996919831547,1,3,男性,47,10,12,0.1666666666666666,9218,2,20,4550116.0180538,8.163013698630138,4.0
C-002429589,S-0004,-54.82049929254899,1,3,男性,55,2,12,0.3333333333333333,10651,1,22,4423576.351309,11.806849315068494,9.0
C-002260731,S-0018,-94.91768009189198,1,3,女性,82,2,12,0.1666666666666666,0,0,16,4493108.581950108,7.550684931506849,5.0
C-000781377,S-0117,-100.0,1,3,男性,47,9,12,0.25,0,0,20,4500859.737076383,9.593150684931507,7.0
C-002215055,S-0040,-73.44729141388908,1,3,女性,34,3,12,0.5,0,0,20,4550116.0180538,8.163013698630138,4.0
C-000723676,S-0131,-46.328633932912005,0,3,女性,33,9,12,0.9166666666666666,12048,2,17,4569023.5643747775,5.13972602739726,2.0
C-001034655,S-0063,-87.33989985866266,1,3,女性,47,8,12,0.75,0,0,18,4564012.176421695,5.749315068493151,3.0
C-002282524,S-0018,-100.0,1,3,女性,53,2,12,0.1666666666666666,0,0,16,4493108.581950108,7.550684931506849,5.0
C-000422690,S-0113,-27.297151033056323,0,3,女性,60,11,12,0.0833333333333333,0,0,16,4336633.961311346,5.77945205479452,2.5
C-000283855,S-0008,-28.83181658624502,0,3,男性,47,11,12,0.3333333333333333,13049,2,22,4498453.308937302,10.772602739726027,7.0
C-002198418,S-0072,-49.98537291371559,1,3,女性,44,3,12,0.0833333333333333,31534,1,12,4406797.312641796,9.01917808219178,6.0
C-000530281,S-0080,-100.0,1,3,女性,36,10,12,0.25,8243,1,17,4457429.264950683,11.673972602739726,9.0
C-002202473,S-0121,-100.0,1,3,女性,19,3,12,0.8333333333333334,0,0,14,4716268.25678644,9.856164383561644,7.0
C-000199550,S-0054,-15.518102438599579,0,3,男性,50,12,12,0.5,23276,2,23,4489160.181517739,6.358904109589041,4.0
C-000323540,S-0004,-46.75226724560103,0,3,女性,41,11,12,0.1666666666666666,2200,1,22,4423576.351309,11.806849315068494,9.0
C-002524938,S-0012,-45.81472620002698,0,3,女性,52,1,12,0.1666666666666666,0,0,16,4444678.825084195,7.994520547945205,5.0
C-000782373,S-0018,-100.0,1,3,男性,59,9,12,0.0833333333333333,0,0,16,4493108.581950108,7.550684931506849,5.0
C-000091446,S-0040,-100.0,1,3,女性,48,12,12,0.4166666666666667,54352,1,20,4550116.0180538,8.163013698630138,4.0
C-000544147,S-0007,-21.88039677442375,0,3,男性,49,10,12,0.3333333333333333,11916,1,21,4487075.727367008,3.7260273972602738,1.0
C-002303791,S-0002,-21.782504450791247,0,3,女性,45,2,12,0.0,1966,1,15,4455566.655169959,5.663013698630137,2.0
C-001403359,S-0036,-57.335170174576135,1,3,男性,39,6,12,0.1666666666666666,17832,1,19,4397834.424680548,11.123287671232877,9.0
C-002609828,S-0089,-90.4561051133986,1,3,男性,25,1,12,0.0,0,0,19,4721110.949352573,10.142465753424657,7.0
C-000783549,S-0121,-68.4616418454922,1,3,女性,59,9,12,0.25,0,0,14,4716268.25678644,9.856164383561644,7.0
C-001033738,S-0072,-20.144936291229474,0,3,男性,31,8,12,0.1666666666666666,0,0,12,4406797.312641796,9.01917808219178,6.0
C-000242199,S-0014,-97.78062951707632,1,3,女性,46,11,12,0.0833333333333333,183998,1,21,4730192.353344672,7.336986301369863,4.0
C-002207766,S-0113,-100.0,1,3,女性,43,3,12,0.3333333333333333,3353,2,16,4336633.961311346,5.77945205479452,2.5
C-001442480,S-0072,-100.0,1,3,男性,59,6,12,0.1666666666666666,10579,2,12,4406797.312641796,9.01917808219178,6.0
C-002286235,S-0080,-74.18409078176647,1,3,男性,47,2,12,0.4166666666666667,11536,1,17,4457429.264950683,11.673972602739726,9.0
C-000284711,S-0048,-67.93398731776055,1,3,男性,45,11,12,0.5833333333333334,0,0,15,4502249.082895545,3.671232876712329,1.0
C-002331349,S-0007,-7.9741041508355845,0,3,男性,59,2,12,0.4166666666666667,0,0,21,4487075.727367008,3.7260273972602738,1.0
C-000186852,S-0048,-100.0,1,3,女性,45,12,12,0.0833333333333333,6038,2,15,4502249.082895545,3.671232876712329,1.0
C-000753617,S-0117,-55.76163283149813,1,3,女性,55,9,12,0.1666666666666666,11832,1,20,4500859.737076383,9.593150684931507,7.0
C-002177988,S-0048,-100.0,1,3,女性,43,3,12,0.0,5886,2,15,4502249.082895545,3.671232876712329,1.0
C-000430872,S-0075,-72.20618904173074,1,3,女性,60,11,12,0.1666666666666666,0,0,19,4506647.2743158825,4.526027397260274,1.0
C-001463450,S-0004,-100.0,1,3,男性,62,6,12,0.3333333333333333,0,0,22,4423576.351309,11.806849315068494,9.0
C-000558733,S-0017,-87.09597383557009,1,3,女性,56,10,12,0.5,0,0,20,4640207.03550726,5.608219178082192,2.5
C-002049405,S-0097,-76.65480251124623,1,3,女性,51,3,12,0.25,3862,1,21,4592508.716501317,10.09041095890411,7.0
C-000196700,S-0004,-51.450230900373526,1,3,女性,48,12,12,0.4166666666666667,11290,2,22,4423576.351309,11.806849315068494,9.0
C-002103331,S-0089,-100.0,1,3,女性,53,3,12,0.3333333333333333,0,0,19,4721110.949352573,10.142465753424657,7.0
C-000528421,S-0041,-33.68021575510474,0,3,女性,52,10,12,0.3333333333333333,49087,1,17,4828489.286769263,10.389041095890411,7.0
C-001762166,S-0099,-94.963854722112,1,3,男性,56,5,12,0.3333333333333333,12291,1,13,4464126.154078853,8.147945205479452,5.0
C-001535909,S-0048,-9.594253639517797,0,3,女性,53,6,12,0.1666666666666666,0,0,15,4502249.082895545,3.671232876712329,1.0
C-000546022,S-0056,-100.0,1,3,男性,39,10,12,0.25,3467,1,15,4406070.585753419,7.528767123287671,4.0
C-002561443,S-0018,-100.0,1,3,男性,43,1,12,0.0833333333333333,0,0,16,4493108.581950108,7.550684931506849,5.0
C-001155315,S-0036,-100.0,1,3,男性,57,7,12,0.1666666666666666,0,0,19,4397834.424680548,11.123287671232877,9.0
C-001324675,S-0102,-40.30872934932554,0,3,男性,32,7,12,0.25,9291,2,16,4383474.364435211,10.484931506849314,7.5
C-001129450,S-0050,-27.62220355728703,0,3,男性,54,7,12,0.3333333333333333,0,0,20,4615411.181286601,9.2013698630137,6.0
C-000115447,S-0004,-55.89910952034255,1,3,女性,70,12,12,0.1666666666666666,0,0,22,4423576.351309,11.806849315068494,9.0
C-001421662,S-0036,-100.0,1,3,女性,46,6,12,0.1666666666666666,0,0,19,4397834.424680548,11.123287671232877,9.0
C-001294662,S-0030,-55.23671514352158,1,3,男性,60,7,12,0.1666666666666666,7693,1,22,4426478.045479023,9.236986301369862,5.5
C-002193397,S-0100,-31.218539431977998,0,3,女性,42,3,12,0.5,0,0,17,4535925.154217558,4.720547945205479,2.0
C-001652102,S-0089,-100.0,1,3,女性,52,5,12,0.4166666666666667,0,0,19,4721110.949352573,10.142465753424657,7.0
C-000047581,S-0097,-100.0,1,3,男性,24,12,12,0.8333333333333334,0,0,21,4592508.716501317,10.09041095890411,7.0
C-000060489,S-0074,-100.0,1,3,女性,63,12,12,0.0833333333333333,0,0,14,4614054.39694187,8.308219178082192,6.0
C-002311224,S-0054,-12.494916003760888,0,3,男性,45,2,12,0.3333333333333333,55272,1,23,4489160.181517739,6.358904109589041,4.0
C-002379794,S-0007,-78.07897167056892,1,3,男性,46,2,12,0.25,3622,2,21,4487075.727367008,3.7260273972602738,1.0
C-000954141,S-0048,-61.96848828956707,1,3,女性,41,8,12,0.4166666666666667,0,0,15,4502249.082895545,3.671232876712329,1.0
C-002131610,S-0036,-48.78839346261284,0,3,女性,32,3,12,0.8333333333333334,42363,1,19,4397834.424680548,11.123287671232877,9.0
C-002133545,S-0004,-56.07482727154217,1,3,男性,51,3,12,0.3333333333333333,4245,1,22,4423576.351309,11.806849315068494,9.0
C-001781789,S-0126,-100.0,1,3,女性,43,5,12,0.1666666666666666,266815,1,17,4493168.352495564,5.53972602739726,3.0
C-000596595,S-0113,-67.80993482361997,1,3,女性,26,10,12,0.1666666666666666,0,0,16,4336633.961311346,5.77945205479452,2.5
C-002651619,S-0012,-67.37008036556244,1,3,男性,30,1,12,0.0833333333333333,3718,2,16,4444678.825084195,7.994520547945205,5.0
C-001706982,S-0080,-52.35809197879038,1,3,女性,50,5,12,0.25,27810,2,17,4457429.264950683,11.673972602739726,9.0
C-002310065,S-0074,-100.0,1,3,女性,60,2,12,0.25,41234,2,14,4614054.39694187,8.308219178082192,6.0
C-001218276,S-0106,-21.938501989038944,0,3,女性,40,7,12,0.75,57930,1,20,4462729.145118021,6.171232876712329,3.5
C-000428583,S-0039,-26.111627833584777,0,3,男性,55,11,12,0.25,35195,1,16,4591288.568998441,8.193150684931506,5.0
C-002011862,S-0097,-100.0,1,3,男性,42,4,12,0.25,0,0,21,4592508.716501317,10.09041095890411,7.0
C-002581005,S-0080,-100.0,1,3,女性,58,1,12,0.3333333333333333,7121,1,17,4457429.264950683,11.673972602739726,9.0
C-001110151,S-0097,-51.08280188076613,1,3,男性,48,8,12,0.5,10557,2,21,4592508.716501317,10.09041095890411,7.0
C-002100993,S-0020,-56.20173373836623,1,3,男性,44,3,12,0.3333333333333333,0,0,16,4280702.057267675,6.986301369863014,3.5
C-001908446,S-0048,-81.89752753315726,1,3,女性,48,4,12,0.3333333333333333,1021,1,15,4502249.082895545,3.671232876712329,1.0
C-001636638,S-0017,-61.996334175343485,1,3,女性,35,5,12,0.3333333333333333,2816,1,20,4640207.03550726,5.608219178082192,2.5
C-000836517,S-0036,-22.125885743857364,0,3,男性,23,9,12,0.0833333333333333,1547,2,19,4397834.424680548,11.123287671232877,9.0
C-001867805,S-0097,-30.796844267351815,0,3,女性,45,4,12,0.1666666666666666,9399,1,21,4592508.716501317,10.09041095890411,7.0
C-000088401,S-0115,-29.87131291499483,0,3,女性,45,12,12,0.25,13968,2,14,4553643.099564746,10.51095890410959,7.0
C-000455553,S-0097,-45.302114244086745,0,3,女性,20,10,12,0.1666666666666666,0,0,21,4592508.716501317,10.09041095890411,7.0
C-000009377,S-0014,-25.515566390616744,0,3,女性,67,12,12,0.3333333333333333,43461,1,21,4730192.353344672,7.336986301369863,4.0
C-000859516,S-0106,-82.11932535227962,1,3,男性,47,9,12,0.1666666666666666,72756,2,20,4462729.145118021,6.171232876712329,3.5
C-000520345,S-0117,-14.06282089206345,0,3,女性,79,10,12,0.0,4595,1,20,4500859.737076383,9.593150684931507,7.0
C-002222238,S-0079,-40.259450203800554,0,3,男性,47,3,12,0.5,0,0,13,4256656.371085242,8.479452054794521,6.0
C-001099533,S-0079,-88.51526813090545,1,3,女性,55,8,12,0.3333333333333333,9446,2,13,4256656.371085242,8.479452054794521,6.0
C-001132055,S-0007,-43.980218488416874,0,3,男性,42,7,12,0.5833333333333334,12438,2,21,4487075.727367008,3.7260273972602738,1.0
C-002346275,S-0012,-37.41596701745655,0,3,男性,60,2,12,0.25,45298,1,16,4444678.825084195,7.994520547945205,5.0
C-001754887,S-0004,-64.2624292171022,1,3,男性,50,5,12,0.25,4974,1,22,4423576.351309,11.806849315068494,9.0
C-001646010,S-0121,-71.62717113235492,1,3,女性,52,5,12,0.1666666666666666,1742,2,14,4716268.25678644,9.856164383561644,7.0
C-001861432,S-0007,-48.99363366416712,1,3,男性,24,4,12,0.75,0,0,21,4487075.727367008,3.7260273972602738,1.0
C-001882944,S-0017,-57.056492952436386,1,3,男性,33,4,12,0.0833333333333333,8348,2,20,4640207.03550726,5.608219178082192,2.5
C-001269117,S-0063,-15.528048331424731,0,3,男性,24,7,12,0.4166666666666667,0,0,18,4564012.176421695,5.749315068493151,3.0
C-001835614,S-0004,-100.0,1,3,男性,42,4,12,0.6666666666666666,0,0,22,4423576.351309,11.806849315068494,9.0
C-000992269,S-0117,-100.0,1,3,男性,29,8,12,0.4166666666666667,308574,1,20,4500859.737076383,9.593150684931507,7.0
C-002679904,S-0121,-100.0,1,3,男性,53,1,12,0.5833333333333334,0,0,14,4716268.25678644,9.856164383561644,7.0
C-000292222,S-0097,-13.777317898749777,0,3,女性,48,11,12,0.75,0,0,21,4592508.716501317,10.09041095890411,7.0
C-001860671,S-0039,-17.332073163671875,0,3,女性,35,4,12,0.25,15552,1,16,4591288.568998441,8.193150684931506,5.0
C-001930884,S-0072,-75.11892854529043,1,3,女性,55,4,12,0.4166666666666667,40993,1,12,4406797.312641796,9.01917808219178,6.0
C-001786691,S-0097,-28.740249317007404,0,3,女性,55,5,12,0.0833333333333333,3392,2,21,4592508.716501317,10.09041095890411,7.0
C-000688830,S-0131,-12.890022444399102,0,3,男性,20,9,12,0.0,18371,2,17,4569023.5643747775,5.13972602739726,2.0
C-000541465,S-0004,-100.0,1,3,男性,78,10,12,0.25,0,0,22,4423576.351309,11.806849315068494,9.0
C-002683289,S-0008,-100.0,1,3,男性,36,1,12,0.25,0,0,22,4498453.308937302,10.772602739726027,7.0
C-002237179,S-0121,-80.53039944168479,1,3,女性,48,3,12,0.5,0,0,14,4716268.25678644,9.856164383561644,7.0
C-000762225,S-0040,-16.288467044360193,0,3,女性,58,9,12,0.0,3726,2,20,4550116.0180538,8.163013698630138,4.0
C-000153187,S-0075,-28.310744281143744,0,3,女性,56,12,12,0.4166666666666667,57026,1,19,4506647.2743158825,4.526027397260274,1.0
C-000771443,S-0115,-24.455272648716118,0,3,男性,57,9,12,0.1666666666666666,3753,1,14,4553643.099564746,10.51095890410959,7.0
C-001988343,S-0111,-58.04177595437543,1,3,男性,38,4,12,0.1666666666666666,0,0,19,4489501.980758176,6.397260273972603,4.0
C-002114551,S-0019,-8.03870879424633,0,3,女性,56,3,12,0.1666666666666666,0,0,19,4327199.920883598,4.090410958904109,1.0
C-000129094,S-0117,-100.0,1,3,女性,57,12,12,0.0,0,0,20,4500859.737076383,9.593150684931507,7.0
C-002537622,S-0048,-99.00041271982364,1,3,女性,40,1,12,0.4166666666666667,2601,1,15,4502249.082895545,3.671232876712329,1.0
C-001135201,S-0036,-54.11451916218144,1,3,女性,38,7,12,0.3333333333333333,0,0,19,4397834.424680548,11.123287671232877,9.0
C-002576718,S-0039,-41.04780252647877,0,3,男性,53,1,12,0.1666666666666666,0,0,16,4591288.568998441,8.193150684931506,5.0
C-002186002,S-0080,-43.578984282652264,0,3,男性,68,3,12,0.1666666666666666,24235,2,17,4457429.264950683,11.673972602739726,9.0
C-002540030,S-0036,-17.16689005614925,0,3,女性,56,1,12,0.0833333333333333,0,0,19,4397834.424680548,11.123287671232877,9.0
C-000808818,S-0102,-100.0,1,3,女性,54,9,12,0.5,0,0,16,4383474.364435211,10.484931506849314,7.5
C-001481018,S-0099,-58.68512728896829,1,3,男性,55,6,12,0.25,28612,1,13,4464126.154078853,8.147945205479452,5.0
C-002625020,S-0100,-100.0,1,3,女性,76,1,12,0.0833333333333333,0,0,17,4535925.154217558,4.720547945205479,2.0
C-001387298,S-0020,-39.53393726542363,0,3,男性,67,6,12,0.6666666666666666,442,1,16,4280702.057267675,6.986301369863014,3.5
C-000337691,S-0080,-61.21778784793427,1,3,女性,55,11,12,0.3333333333333333,11650,1,17,4457429.264950683,11.673972602739726,9.0
C-002262439,S-0115,-100.0,1,3,女性,46,2,12,0.25,68317,2,14,4553643.099564746,10.51095890410959,7.0
C-001037506,S-0012,-30.20002091882879,0,3,女性,44,8,12,0.1666666666666666,0,0,16,4444678.825084195,7.994520547945205,5.0
C-000188467,S-0018,-80.1661368761377,1,3,女性,55,12,12,0.0833333333333333,44881,2,16,4493108.581950108,7.550684931506849,5.0
C-000346474,S-0102,-46.02117040465065,0,3,男性,34,11,12,0.3333333333333333,69483,1,16,4383474.364435211,10.484931506849314,7.5
C-002529374,S-0100,-51.638243869695636,1,3,女性,59,1,12,0.0833333333333333,42588,2,17,4535925.154217558,4.720547945205479,2.0
C-000861754,S-0111,-16.266378294321292,0,3,女性,54,9,12,0.0,68639,1,19,4489501.980758176,6.397260273972603,4.0
C-001048621,S-0072,-54.153805514927086,1,3,男性,51,8,12,0.5833333333333334,389,1,12,4406797.312641796,9.01917808219178,6.0
C-001012533,S-0039,-11.679463282348745,0,3,女性,34,8,12,0.75,0,0,16,4591288.568998441,8.193150684931506,5.0
C-001572118,S-0002,-33.43064813379493,0,3,女性,45,6,12,0.3333333333333333,0,0,15,4455566.655169959,5.663013698630137,2.0
C-000855981,S-0004,-100.0,1,3,女性,78,9,12,0.25,1600,1,22,4423576.351309,11.806849315068494,9.0
C-001977853,S-0082,-25.55700959196998,0,3,女性,37,4,12,0.3333333333333333,89936,1,17,4607261.71451126,4.758904109589041,2.0
C-000002211,S-0063,-100.0,1,3,男性,39,12,12,0.6666666666666666,28416,2,18,4564012.176421695,5.749315068493151,3.0
C-002087551,S-0074,-49.6781641077518,1,3,男性,41,3,12,0.25,22385,1,14,4614054.39694187,8.308219178082192,6.0
C-002286500,S-0054,-19.318253011826187,0,3,男性,47,2,12,0.3333333333333333,159753,2,23,4489160.181517739,6.358904109589041,4.0
C-000911657,S-0040,-41.02222038503309,0,3,女性,69,8,12,0.0833333333333333,13105,2,20,4550116.0180538,8.163013698630138,4.0
C-001932423,S-0100,-19.869036482694106,0,3,男性,26,4,12,0.5,38881,2,17,4535925.154217558,4.720547945205479,2.0
C-000760993,S-0036,-43.852583796949816,0,3,女性,60,9,12,0.25,6377,2,19,4397834.424680548,11.123287671232877,9.0
C-002385882,S-0012,-17.999544196238155,0,3,女性,34,2,12,0.25,0,0,16,4444678.825084195,7.994520547945205,5.0
C-001262100,S-0020,-30.349078817602265,0,3,女性,50,7,12,0.0833333333333333,2589,2,16,4280702.057267675,6.986301369863014,3.5
C-000443861,S-0102,-27.798813203607832,0,3,女性,45,11,12,0.25,85884,1,16,4383474.364435211,10.484931506849314,7.5
C-001863131,S-0106,-43.045974292687134,0,3,男性,32,4,12,0.1666666666666666,0,0,20,4462729.145118021,6.171232876712329,3.5
C-000647031,S-0121,-100.0,1,3,女性,72,10,12,0.3333333333333333,0,0,14,4716268.25678644,9.856164383561644,7.0
C-002466604,S-0004,-8.089942039001173,0,3,女性,60,2,12,0.8333333333333334,0,0,22,4423576.351309,11.806849315068494,9.0
C-000515665,S-0074,-33.80453536635116,0,3,女性,45,10,12,0.25,0,0,14,4614054.39694187,8.308219178082192,6.0
C-001732469,S-0005,-11.950539218526274,0,3,女性,41,5,12,0.1666666666666666,1106,1,21,4733942.970761149,4.69041095890411,2.0
C-002441625,S-0096,-100.0,1,3,女性,55,2,12,0.0,0,0,16,4644856.458098179,8.302739726027397,5.0
C-001220842,S-0121,-100.0,1,3,男性,58,7,12,0.0,0,0,14,4716268.25678644,9.856164383561644,7.0
C-001818307,S-0072,-23.521481909744782,0,3,男性,47,4,12,0.6666666666666666,0,0,12,4406797.312641796,9.01917808219178,6.0
C-000730877,S-0040,-100.0,1,3,男性,46,9,12,0.0833333333333333,25651,2,20,4550116.0180538,8.163013698630138,4.0
C-001605676,S-0008,-100.0,1,3,女性,60,5,12,0.4166666666666667,0,0,22,4498453.308937302,10.772602739726027,7.0
C-000340374,S-0014,-100.0,1,3,男性,48,11,12,0.0833333333333333,25912,1,21,4730192.353344672,7.336986301369863,4.0
C-001164702,S-0072,-100.0,1,3,女性,36,7,12,0.3333333333333333,3587,1,12,4406797.312641796,9.01917808219178,6.0
C-002484018,S-0040,-31.210797248777954,0,3,男性,40,1,12,0.5833333333333334,0,0,20,4550116.0180538,8.163013698630138,4.0
C-000816951,S-0050,-2.0006391151818246,0,3,女性,39,9,12,0.4166666666666667,0,0,20,4615411.181286601,9.2013698630137,6.0
C-000520996,S-0017,-92.03037941098434,1,3,男性,35,10,12,0.25,0,0,20,4640207.03550726,5.608219178082192,2.5
C-002125963,S-0036,-79.16090866389375,1,3,女性,62,3,12,0.0833333333333333,0,0,19,4397834.424680548,11.123287671232877,9.0
C-001386656,S-0115,-100.0,1,3,男性,68,6,12,0.3333333333333333,0,0,14,4553643.099564746,10.51095890410959,7.0
C-001082703,S-0100,-86.14875212118703,1,3,男性,55,8,12,0.25,0,0,17,4535925.154217558,4.720547945205479,2.0
C-001015022,S-0097,-100.0,1,3,女性,44,8,12,0.0833333333333333,0,0,21,4592508.716501317,10.09041095890411,7.0
C-000261801,S-0085,-100.0,1,3,女性,39,11,12,0.4166666666666667,11049,1,15,4606655.398026554,4.928767123287671,2.0
C-000679000,S-0048,-61.251247338154656,1,3,女性,26,9,12,0.1666666666666666,0,0,15,4502249.082895545,3.671232876712329,1.0
C-001381303,S-0020,-19.023335724435565,0,3,男性,59,6,12,0.3333333333333333,0,0,16,4280702.057267675,6.986301369863014,3.5
C-000846662,S-0075,-72.60777723614783,1,3,女性,70,9,12,0.5833333333333334,0,0,19,4506647.2743158825,4.526027397260274,1.0
C-001228830,S-0121,-100.0,1,3,男性,49,7,12,0.5833333333333334,0,0,14,4716268.25678644,9.856164383561644,7.0
C-001189988,S-0085,-21.681304828393117,0,3,男性,43,7,12,0.1666666666666666,0,0,15,4606655.398026554,4.928767123287671,2.0
C-000180134,S-0002,-24.799148307377266,0,3,男性,49,12,12,0.1666666666666666,24660,1,15,4455566.655169959,5.663013698630137,2.0
C-000071893,S-0100,-18.558348465549916,0,3,女性,43,12,12,0.0833333333333333,5244,1,17,4535925.154217558,4.720547945205479,2.0
C-000397061,S-0054,-26.73523024929801,0,3,女性,89,11,12,0.0833333333333333,6518,1,23,4489160.181517739,6.358904109589041,4.0
C-001476445,S-0131,-38.979743926800744,0,3,男性,41,6,12,0.3333333333333333,20759,2,17,4569023.5643747775,5.13972602739726,2.0
C-000159991,S-0121,-17.463706334275173,0,3,女性,75,12,12,0.5833333333333334,50083,2,14,4716268.25678644,9.856164383561644,7.0
C-001720237,S-0012,-10.505724309851352,0,3,女性,39,5,12,0.3333333333333333,13985,1,16,4444678.825084195,7.994520547945205,5.0
C-000906855,S-0106,-9.436245185057018,0,3,女性,49,8,12,0.5833333333333334,0,0,20,4462729.145118021,6.171232876712329,3.5
C-002059101,S-0074,-63.04027122371375,1,3,女性,43,3,12,0.5833333333333334,0,0,14,4614054.39694187,8.308219178082192,6.0
C-001430670,S-0082,-78.41621273355591,1,3,女性,56,6,12,0.25,8562,1,17,4607261.71451126,4.758904109589041,2.0
C-001415284,S-0007,-93.34554131291272,1,3,女性,46,6,12,0.75,0,0,21,4487075.727367008,3.7260273972602738,1.0
C-001072691,S-0005,-8.344143794779251,0,3,女性,60,8,12,0.4166666666666667,0,0,21,4733942.970761149,4.69041095890411,2.0
C-002183605,S-0085,-27.514957915018762,0,3,女性,55,3,12,0.5833333333333334,0,0,15,4606655.398026554,4.928767123287671,2.0
C-002167546,S-0106,-80.98859315589354,1,3,女性,58,3,12,0.1666666666666666,3682,2,20,4462729.145118021,6.171232876712329,3.5
C-001818475,S-0063,-30.901913340233296,0,3,女性,60,4,12,0.4166666666666667,19822,2,18,4564012.176421695,5.749315068493151,3.0
C-001472517,S-0020,-100.0,1,3,男性,60,6,12,0.4166666666666667,30851,1,16,4280702.057267675,6.986301369863014,3.5
C-002513244,S-0014,-100.0,1,3,女性,35,1,12,0.4166666666666667,6700,2,21,4730192.353344672,7.336986301369863,4.0
C-002454084,S-0014,-45.84028960113724,0,3,女性,59,2,12,0.1666666666666666,10539,1,21,4730192.353344672,7.336986301369863,4.0
C-001069607,S-0117,-100.0,1,3,男性,55,8,12,0.3333333333333333,41659,1,20,4500859.737076383,9.593150684931507,7.0
C-000109929,S-0115,-60.167833163060436,1,3,男性,48,12,12,0.5,0,0,14,4553643.099564746,10.51095890410959,7.0
C-002056387,S-0020,-59.89669215010244,1,3,女性,41,3,12,0.5833333333333334,1259,1,16,4280702.057267675,6.986301369863014,3.5
C-002431433,S-0040,-47.71364439769684,0,3,男性,58,2,12,0.3333333333333333,0,0,20,4550116.0180538,8.163013698630138,4.0
C-000014019,S-0018,-100.0,1,3,男性,55,12,12,0.25,34012,2,16,4493108.581950108,7.550684931506849,5.0
C-000979432,S-0014,-48.61177922322381,0,3,女性,60,8,12,0.8333333333333334,52031,2,21,4730192.353344672,7.336986301369863,4.0
C-002628054,S-0005,-9.030151019854184,0,3,男性,51,1,12,0.3333333333333333,8531,2,21,4733942.970761149,4.69041095890411,2.0
C-000700028,S-0007,-20.190284332723323,0,3,女性,55,9,12,0.5,0,0,21,4487075.727367008,3.7260273972602738,1.0
C-001442751,S-0121,-32.61047985555089,0,3,男性,53,6,12,0.5833333333333334,0,0,14,4716268.25678644,9.856164383561644,7.0
C-001396686,S-0131,-42.08225307976006,0,3,女性,52,6,12,0.1666666666666666,20214,2,17,4569023.5643747775,5.13972602739726,2.0
C-002313609,S-0100,-100.0,1,3,男性,57,2,12,0.25,9688,1,17,4535925.154217558,4.720547945205479,2.0
C-000657383,S-0100,-35.98511125146247,0,3,女性,63,10,12,0.1666666666666666,0,0,17,4535925.154217558,4.720547945205479,2.0
C-002246374,S-0117,-23.438033687670874,0,3,男性,60,3,12,0.1666666666666666,24470,1,20,4500859.737076383,9.593150684931507,7.0
C-001234750,S-0089,-69.2353507124204,1,3,女性,65,7,12,0.5,0,0,19,4721110.949352573,10.142465753424657,7.0
C-001796623,S-0096,-75.19028426961017,1,3,女性,26,5,12,0.25,0,0,16,4644856.458098179,8.302739726027397,5.0
C-001752465,S-0079,-100.0,1,3,女性,74,5,12,0.25,879,2,13,4256656.371085242,8.479452054794521,6.0
C-001249292,S-0018,-20.004585259034997,0,3,男性,79,7,12,0.25,6313,1,16,4493108.581950108,7.550684931506849,5.0
C-001734861,S-0014,-51.735530179137825,1,3,女性,42,5,12,0.75,0,0,21,4730192.353344672,7.336986301369863,4.0
C-000959907,S-0131,-32.58172001296679,0,3,女性,54,8,12,0.5,19602,1,17,4569023.5643747775,5.13972602739726,2.0
C-002049630,S-0117,-88.25199250198914,1,3,男性,42,3,12,0.0833333333333333,5838,1,20,4500859.737076383,9.593150684931507,7.0
C-002637268,S-0014,-100.0,1,3,女性,58,1,12,0.3333333333333333,6392,1,21,4730192.353344672,7.336986301369863,4.0
C-001138883,S-0097,-98.94902215721328,1,3,男性,62,7,12,0.4166666666666667,17666,1,21,4592508.716501317,10.09041095890411,7.0
C-000674731,S-0014,-100.0,1,3,男性,59,10,12,0.5,0,0,21,4730192.353344672,7.336986301369863,4.0
C-000432270,S-0040,-54.7381143340908,1,3,女性,58,11,12,0.3333333333333333,3025,2,20,4550116.0180538,8.163013698630138,4.0
C-000932560,S-0036,-21.883595433774854,0,3,男性,52,8,12,0.25,13745,1,19,4397834.424680548,11.123287671232877,9.0
C-001779561,S-0075,-50.09293112625544,1,3,女性,73,5,12,0.5,0,0,19,4506647.2743158825,4.526027397260274,1.0
C-001488104,S-0072,-24.532954298474564,0,3,男性,57,6,12,0.3333333333333333,8523,2,12,4406797.312641796,9.01917808219178,6.0
C-000476481,S-0072,-41.53146435500458,0,3,男性,55,10,12,0.0833333333333333,28596,1,12,4406797.312641796,9.01917808219178,6.0
C-001753046,S-0039,-17.721424532509978,0,3,男性,65,5,12,0.1666666666666666,35703,2,16,4591288.568998441,8.193150684931506,5.0
C-001343549,S-0072,-39.912502341163126,0,3,女性,18,7,12,0.0,0,0,12,4406797.312641796,9.01917808219178,6.0
C-001392073,S-0017,-8.914799939219192,0,3,男性,42,6,12,0.0833333333333333,68340,1,20,4640207.03550726,5.608219178082192,2.5
C-001871726,S-0096,-53.058639024551056,1,3,女性,54,4,12,0.0,2507,1,16,4644856.458098179,8.302739726027397,5.0
C-000331026,S-0056,-20.40353838459615,0,3,女性,44,11,12,0.0833333333333333,0,0,15,4406070.585753419,7.528767123287671,4.0
C-000294232,S-0056,-62.43980945855982,1,3,女性,60,11,12,0.5833333333333334,0,0,15,4406070.585753419,7.528767123287671,4.0
C-000233509,S-0017,-100.0,1,3,女性,58,11,12,0.3333333333333333,49288,1,20,4640207.03550726,5.608219178082192,2.5
C-000277319,S-0096,-77.91313475087071,1,3,女性,48,11,12,0.0833333333333333,0,0,16,4644856.458098179,8.302739726027397,5.0
C-000040564,S-0048,-100.0,1,3,女性,29,12,12,0.25,0,0,15,4502249.082895545,3.671232876712329,1.0
C-000519476,S-0018,-25.286767291805727,0,3,女性,40,10,12,0.3333333333333333,18995,1,16,4493108.581950108,7.550684931506849,5.0
C-002032756,S-0036,-81.668761481195,1,3,女性,77,3,12,0.1666666666666666,76139,2,19,4397834.424680548,11.123287671232877,9.0
C-001449383,S-0020,-43.77869952667858,0,3,男性,44,6,12,1.0,0,0,16,4280702.057267675,6.986301369863014,3.5
C-002044358,S-0096,-48.073216301620405,0,3,男性,49,3,12,0.3333333333333333,0,0,16,4644856.458098179,8.302739726027397,5.0
C-001725060,S-0019,-14.293789302621352,0,3,男性,58,5,12,0.6666666666666666,13376,1,19,4327199.920883598,4.090410958904109,1.0
C-001900848,S-0036,-30.297306113778948,0,3,女性,52,4,12,0.0,0,0,19,4397834.424680548,11.123287671232877,9.0
C-000053994,S-0117,-100.0,1,3,男性,49,12,12,0.0833333333333333,0,0,20,4500859.737076383,9.593150684931507,7.0
C-001118524,S-0004,-64.89360581481091,1,3,男性,37,8,12,0.0833333333333333,21644,2,22,4423576.351309,11.806849315068494,9.0
C-001584662,S-0117,-89.72163206705774,1,3,男性,59,5,12,0.1666666666666666,10667,2,20,4500859.737076383,9.593150684931507,7.0
C-001212715,S-0050,-31.496804451896672,0,3,女性,47,7,12,0.5,49133,2,20,4615411.181286601,9.2013698630137,6.0
C-001097902,S-0126,-25.740679565130698,0,3,女性,64,8,12,0.25,1728,1,17,4493168.352495564,5.53972602739726,3.0
C-000638615,S-0007,-100.0,1,3,男性,59,10,12,0.75,10807,2,21,4487075.727367008,3.7260273972602738,1.0
C-000200276,S-0106,-100.0,1,3,男性,59,12,12,0.5,0,0,20,4462729.145118021,6.171232876712329,3.5
C-001818499,S-0012,-100.0,1,3,女性,84,4,12,0.1666666666666666,20628,1,16,4444678.825084195,7.994520547945205,5.0
C-000457509,S-0099,-75.2274738647049,1,3,男性,36,10,12,0.1666666666666666,7244,2,13,4464126.154078853,8.147945205479452,5.0
C-001583801,S-0007,-51.84873949579833,1,3,男性,38,5,12,1.0,12427,1,21,4487075.727367008,3.7260273972602738,1.0
C-000889903,S-0030,-21.33996066351996,0,3,男性,53,9,12,0.25,6015,2,22,4426478.045479023,9.236986301369862,5.5
C-002295939,S-0111,-86.69692433972284,1,3,女性,60,2,12,0.5,0,0,19,4489501.980758176,6.397260273972603,4.0
C-002631857,S-0008,-100.0,1,3,女性,36,1,12,0.0833333333333333,20150,1,22,4498453.308937302,10.772602739726027,7.0
C-000812346,S-0036,-100.0,1,3,女性,47,9,12,0.0833333333333333,0,0,19,4397834.424680548,11.123287671232877,9.0
C-000663112,S-0079,-22.042930073119418,0,3,女性,52,10,12,0.0,17515,1,13,4256656.371085242,8.479452054794521,6.0
C-002466154,S-0089,-53.40733772342428,1,3,女性,37,2,12,0.5833333333333334,13012,1,19,4721110.949352573,10.142465753424657,7.0
C-001010896,S-0113,-100.0,1,3,女性,65,8,12,0.4166666666666667,0,0,16,4336633.961311346,5.77945205479452,2.5
C-000352417,S-0054,-17.404673545124588,0,3,女性,52,11,12,0.3333333333333333,25230,1,23,4489160.181517739,6.358904109589041,4.0
C-001973522,S-0039,-32.32118922131719,0,3,女性,43,4,12,0.5833333333333334,0,0,16,4591288.568998441,8.193150684931506,5.0
C-000243769,S-0072,-86.1904928775428,1,3,男性,48,11,12,0.5,13586,2,12,4406797.312641796,9.01917808219178,6.0
C-000769781,S-0012,-66.13481033562844,1,3,女性,56,9,12,0.1666666666666666,36690,2,16,4444678.825084195,7.994520547945205,5.0
C-001254354,S-0036,-50.43833805573631,1,3,女性,58,7,12,0.0833333333333333,24585,1,19,4397834.424680548,11.123287671232877,9.0
C-002417531,S-0048,-100.0,1,3,男性,50,2,12,0.25,0,0,15,4502249.082895545,3.671232876712329,1.0
C-000743877,S-0018,-34.790061186784776,0,3,女性,35,9,12,0.1666666666666666,16757,1,16,4493108.581950108,7.550684931506849,5.0
C-000719862,S-0072,-53.09865823605948,1,3,女性,69,9,12,0.0833333333333333,15967,2,12,4406797.312641796,9.01917808219178,6.0
C-001554989,S-0082,-53.06034605087648,1,3,男性,64,6,12,0.1666666666666666,0,0,17,4607261.71451126,4.758904109589041,2.0
C-000351856,S-0004,-100.0,1,3,女性,40,11,12,0.0833333333333333,6830,1,22,4423576.351309,11.806849315068494,9.0
C-002567466,S-0080,-61.481359365064414,1,3,男性,41,1,12,0.0,17595,1,17,4457429.264950683,11.673972602739726,9.0
C-001517337,S-0002,-58.97221686695371,1,3,女性,42,6,12,0.0833333333333333,30261,1,15,4455566.655169959,5.663013698630137,2.0
C-001524742,S-0079,-44.20928889286615,0,3,男性,50,6,12,0.4166666666666667,0,0,13,4256656.371085242,8.479452054794521,6.0
C-001144167,S-0004,-24.838873793407114,0,3,男性,38,7,12,0.1666666666666666,22426,2,22,4423576.351309,11.806849315068494,9.0
C-001615307,S-0018,-100.0,1,3,男性,52,5,12,0.3333333333333333,0,0,16,4493108.581950108,7.550684931506849,5.0
C-001124730,S-0075,-63.89061406362444,1,3,女性,36,8,12,0.3333333333333333,1364,1,19,4506647.2743158825,4.526027397260274,1.0
C-000360708,S-0039,-100.0,1,3,女性,58,11,12,0.0833333333333333,0,0,16,4591288.568998441,8.193150684931506,5.0
C-000953050,S-0004,-23.18335609891618,0,3,女性,37,8,12,0.0833333333333333,62534,1,22,4423576.351309,11.806849315068494,9.0
C-002627712,S-0115,-48.091162998547645,0,3,女性,56,1,12,0.4166666666666667,0,0,14,4553643.099564746,10.51095890410959,7.0
C-001210596,S-0041,-100.0,1,3,女性,54,7,12,0.25,20566,1,17,4828489.286769263,10.389041095890411,7.0
C-002293096,S-0097,-90.78291633357712,1,3,女性,79,2,12,0.25,0,0,21,4592508.716501317,10.09041095890411,7.0
C-001738421,S-0020,-17.21646615879542,0,3,女性,43,5,12,0.1666666666666666,0,0,16,4280702.057267675,6.986301369863014,3.5
C-000297418,S-0007,-94.62994384519048,1,3,男性,40,11,12,0.3333333333333333,0,0,21,4487075.727367008,3.7260273972602738,1.0
C-000963776,S-0050,-11.845707951009068,0,3,女性,24,8,12,0.5,0,0,20,4615411.181286601,9.2013698630137,6.0
C-000243882,S-0036,-80.93362158699657,1,3,男性,50,11,12,0.3333333333333333,33661,1,19,4397834.424680548,11.123287671232877,9.0
C-000986394,S-0048,-37.03387015547484,0,3,男性,60,8,12,0.3333333333333333,16374,2,15,4502249.082895545,3.671232876712329,1.0
C-000252487,S-0018,-33.66278923065277,0,3,男性,51,11,12,0.5,5614,2,16,4493108.581950108,7.550684931506849,5.0
C-001936539,S-0075,-100.0,1,3,男性,48,4,12,0.5,23495,2,19,4506647.2743158825,4.526027397260274,1.0
C-000358582,S-0099,-86.92833459907014,1,3,男性,33,11,12,0.0833333333333333,42732,1,13,4464126.154078853,8.147945205479452,5.0
C-002534860,S-0008,-31.46019350698915,0,3,男性,39,1,12,0.0,0,0,22,4498453.308937302,10.772602739726027,7.0
C-002297713,S-0082,-16.933971719651666,0,3,女性,45,2,12,0.1666666666666666,3103,1,17,4607261.71451126,4.758904109589041,2.0
C-001941473,S-0050,-53.51900224421471,1,3,女性,55,4,12,0.5833333333333334,20579,1,20,4615411.181286601,9.2013698630137,6.0
C-001818834,S-0012,-15.521316074504163,0,3,女性,43,4,12,0.25,5731,2,16,4444678.825084195,7.994520547945205,5.0
C-002094544,S-0079,-100.0,1,3,女性,47,3,12,0.25,0,0,13,4256656.371085242,8.479452054794521,6.0
C-000353184,S-0012,-22.24645313790358,0,3,女性,42,11,12,0.1666666666666666,20419,2,16,4444678.825084195,7.994520547945205,5.0
C-001849511,S-0017,-61.08857444022103,1,3,女性,37,4,12,0.5833333333333334,11116,1,20,4640207.03550726,5.608219178082192,2.5
C-000175442,S-0072,-92.51862353818542,1,3,女性,31,12,12,0.1666666666666666,25921,2,12,4406797.312641796,9.01917808219178,6.0
C-000323351,S-0126,-14.743958328371615,0,3,男性,48,11,12,0.25,10663,1,17,4493168.352495564,5.53972602739726,3.0
C-000860020,S-0004,-57.51471265676679,1,3,女性,20,9,12,0.1666666666666666,0,0,22,4423576.351309,11.806849315068494,9.0
C-001477304,S-0117,-50.16724082223325,1,3,男性,34,6,12,0.3333333333333333,32835,1,20,4500859.737076383,9.593150684931507,7.0
C-001834673,S-0115,-10.89702403125388,0,3,女性,60,4,12,0.0,0,0,14,4553643.099564746,10.51095890410959,7.0
C-000538783,S-0063,-45.47091333827132,0,3,女性,48,10,12,0.3333333333333333,26833,1,18,4564012.176421695,5.749315068493151,3.0
C-000164333,S-0054,-16.94498184969871,0,3,男性,42,12,12,0.3333333333333333,10213,1,23,4489160.181517739,6.358904109589041,4.0
C-001658832,S-0030,-100.0,1,3,女性,52,5,12,0.75,1226,2,22,4426478.045479023,9.236986301369862,5.5
C-002105943,S-0036,-100.0,1,3,男性,52,3,12,0.25,69619,1,19,4397834.424680548,11.123287671232877,9.0
C-000521440,S-0018,-61.01133507548394,1,3,男性,45,10,12,0.1666666666666666,42127,1,16,4493108.581950108,7.550684931506849,5.0
C-001042001,S-0005,-14.093624678773557,0,3,女性,72,8,12,0.0833333333333333,58056,2,21,4733942.970761149,4.69041095890411,2.0
C-000322401,S-0002,-47.01909641360037,0,3,女性,51,11,12,0.25,4993,1,15,4455566.655169959,5.663013698630137,2.0
C-002181550,S-0040,-100.0,1,3,男性,35,3,12,0.1666666666666666,0,0,20,4550116.0180538,8.163013698630138,4.0
C-000378988,S-0106,-52.24914577845014,1,3,男性,72,11,12,0.25,1780,2,20,4462729.145118021,6.171232876712329,3.5
C-000438384,S-0040,-11.464512222220337,0,3,女性,69,11,12,0.0,0,0,20,4550116.0180538,8.163013698630138,4.0
C-001939886,S-0111,-23.146339999223116,0,3,女性,43,4,12,0.1666666666666666,0,0,19,4489501.980758176,6.397260273972603,4.0
C-001897086,S-0115,-31.378804024063832,0,3,女性,54,4,12,0.1666666666666666,1201,2,14,4553643.099564746,10.51095890410959,7.0
C-001014325,S-0096,-100.0,1,3,男性,54,8,12,0.25,0,0,16,4644856.458098179,8.302739726027397,5.0
C-001991450,S-0007,-47.62562698901214,0,3,女性,41,4,12,0.4166666666666667,0,0,21,4487075.727367008,3.7260273972602738,1.0
C-002616326,S-0111,-36.29124625034088,0,3,男性,51,1,12,0.0,15802,1,19,4489501.980758176,6.397260273972603,4.0
C-001716652,S-0005,-24.288445256212956,0,3,女性,59,5,12,0.75,0,0,21,4733942.970761149,4.69041095890411,2.0
C-002306768,S-0036,-100.0,1,3,女性,47,2,12,0.25,0,0,19,4397834.424680548,11.123287671232877,9.0
C-001607927,S-0080,-94.38610290096412,1,3,女性,74,5,12,0.25,0,0,17,4457429.264950683,11.673972602739726,9.0
C-001554408,S-0056,-37.12477346114571,0,3,女性,50,6,12,0.5,175727,2,15,4406070.585753419,7.528767123287671,4.0
C-002648151,S-0080,-73.99113753337187,1,3,男性,38,1,12,0.0833333333333333,0,0,17,4457429.264950683,11.673972602739726,9.0
C-000322132,S-0115,-45.4111678680773,0,3,男性,45,11,12,0.3333333333333333,0,0,14,4553643.099564746,10.51095890410959,7.0
C-000830423,S-0036,-28.89406708285054,0,3,男性,61,9,12,0.3333333333333333,0,0,19,4397834.424680548,11.123287671232877,9.0
C-001738396,S-0089,-100.0,1,3,男性,48,5,12,0.25,10428,2,19,4721110.949352573,10.142465753424657,7.0
C-001592088,S-0115,-100.0,1,3,男性,43,5,12,0.0,1373,1,14,4553643.099564746,10.51095890410959,7.0
C-001202821,S-0074,-38.134028423184155,0,3,男性,57,7,12,0.3333333333333333,23648,1,14,4614054.39694187,8.308219178082192,6.0
C-000895150,S-0117,-100.0,1,3,男性,47,9,12,0.4166666666666667,0,0,20,4500859.737076383,9.593150684931507,7.0
C-002067856,S-0117,-88.28027135629341,1,3,女性,42,3,12,0.1666666666666666,0,0,20,4500859.737076383,9.593150684931507,7.0
C-000386645,S-0097,-100.0,1,3,男性,63,11,12,0.25,177363,2,21,4592508.716501317,10.09041095890411,7.0
C-000494238,S-0008,-36.259351970662685,0,3,男性,49,10,12,0.1666666666666666,9431,1,22,4498453.308937302,10.772602739726027,7.0
C-001074658,S-0102,-55.04047226699021,1,3,女性,22,8,12,0.0833333333333333,35269,2,16,4383474.364435211,10.484931506849314,7.5
C-001194135,S-0050,-97.76077577779805,1,3,女性,42,7,12,0.3333333333333333,40445,1,20,4615411.181286601,9.2013698630137,6.0
C-001581498,S-0102,-73.77308802092394,1,3,女性,70,5,12,0.25,0,0,16,4383474.364435211,10.484931506849314,7.5
C-001453553,S-0075,-64.5619761961525,1,3,女性,45,6,12,0.3333333333333333,0,0,19,4506647.2743158825,4.526027397260274,1.0
C-002580547,S-0039,-77.23606516979594,1,3,女性,80,1,12,0.0833333333333333,0,0,16,4591288.568998441,8.193150684931506,5.0
C-001066589,S-0040,-100.0,1,3,女性,64,8,12,0.1666666666666666,1941,2,20,4550116.0180538,8.163013698630138,4.0
C-002066163,S-0099,-46.702220819098514,0,3,男性,20,3,12,0.3333333333333333,27691,1,13,4464126.154078853,8.147945205479452,5.0
C-001965884,S-0113,-43.820705714262346,0,3,男性,26,4,12,0.1666666666666666,0,0,16,4336633.961311346,5.77945205479452,2.5
C-000695266,S-0074,-22.121206195244056,0,3,女性,20,9,12,0.25,8042,1,14,4614054.39694187,8.308219178082192,6.0
C-001906982,S-0039,-68.11543103565181,1,3,女性,38,4,12,0.25,0,0,16,4591288.568998441,8.193150684931506,5.0
C-002405601,S-0097,-35.19479276347276,0,3,女性,91,2,12,0.25,13157,2,21,4592508.716501317,10.09041095890411,7.0
C-002475874,S-0002,-35.953286008701625,0,3,女性,66,1,12,0.3333333333333333,10610,1,15,4455566.655169959,5.663013698630137,2.0
C-002407376,S-0063,-17.311744162553758,0,3,女性,66,2,12,0.5833333333333334,3754,1,18,4564012.176421695,5.749315068493151,3.0
C-002088406,S-0131,-24.847163496912753,0,3,男性,79,3,12,0.25,0,0,17,4569023.5643747775,5.13972602739726,2.0
C-002120461,S-0018,-100.0,1,3,女性,36,3,12,0.6666666666666666,938,1,16,4493108.581950108,7.550684931506849,5.0
C-001645151,S-0115,-84.47065079687818,1,3,男性,46,5,12,0.1666666666666666,0,0,14,4553643.099564746,10.51095890410959,7.0
C-002207739,S-0117,-100.0,1,3,男性,60,3,12,0.1666666666666666,0,0,20,4500859.737076383,9.593150684931507,7.0
C-001172038,S-0113,-59.58210904342148,1,3,女性,38,7,12,0.0,5804,1,16,4336633.961311346,5.77945205479452,2.5
C-000803523,S-0080,-82.63687087546379,1,3,女性,50,9,12,0.5833333333333334,10852,1,17,4457429.264950683,11.673972602739726,9.0
C-000755593,S-0096,-82.59881063775491,1,3,男性,57,9,12,0.0,21594,1,16,4644856.458098179,8.302739726027397,5.0
C-001890228,S-0014,-73.10711116902134,1,3,女性,45,4,12,0.0833333333333333,5081,2,21,4730192.353344672,7.336986301369863,4.0
C-001721899,S-0030,-40.412919051512674,0,3,男性,50,5,12,0.25,0,0,22,4426478.045479023,9.236986301369862,5.5
C-002320602,S-0008,-47.07305160825174,0,3,男性,56,2,12,0.4166666666666667,0,0,22,4498453.308937302,10.772602739726027,7.0
C-001223756,S-0080,-47.998893697328604,0,3,女性,52,7,12,0.1666666666666666,0,0,17,4457429.264950683,11.673972602739726,9.0
C-002128306,S-0096,-19.281547795436467,0,3,女性,47,3,12,0.0833333333333333,10282,2,16,4644856.458098179,8.302739726027397,5.0
C-000627484,S-0072,-90.0733807627126,1,3,女性,58,10,12,0.5,0,0,12,4406797.312641796,9.01917808219178,6.0
C-002063131,S-0002,-47.388726437315945,0,3,女性,47,3,12,0.25,4683,1,15,4455566.655169959,5.663013698630137,2.0
C-002592662,S-0050,-38.25539298643988,0,3,男性,59,1,12,0.25,0,0,20,4615411.181286601,9.2013698630137,6.0
C-002075199,S-0117,-45.62786757366572,0,3,女性,45,3,12,0.0833333333333333,0,0,20,4500859.737076383,9.593150684931507,7.0
C-002657126,S-0002,-49.53365469376873,1,3,女性,21,1,12,0.1666666666666666,6387,2,15,4455566.655169959,5.663013698630137,2.0
C-001928811,S-0074,-48.121462819677205,0,3,男性,57,4,12,0.25,3346,1,14,4614054.39694187,8.308219178082192,6.0
C-001184065,S-0100,-29.447296083123536,0,3,女性,42,7,12,0.25,0,0,17,4535925.154217558,4.720547945205479,2.0
C-001420779,S-0056,-72.18015963511972,1,3,女性,42,6,12,0.1666666666666666,36029,1,15,4406070.585753419,7.528767123287671,4.0
C-001856496,S-0115,-97.00664341894264,1,3,女性,44,4,12,0.3333333333333333,6713,2,14,4553643.099564746,10.51095890410959,7.0
C-002576483,S-0100,-65.79599496363068,1,3,男性,42,1,12,0.0833333333333333,21515,2,17,4535925.154217558,4.720547945205479,2.0
C-000322771,S-0036,-49.85495175143536,1,3,男性,48,11,12,0.4166666666666667,2713,1,19,4397834.424680548,11.123287671232877,9.0
C-000049128,S-0079,-78.73080924308817,1,3,男性,44,12,12,0.0833333333333333,10717,2,13,4256656.371085242,8.479452054794521,6.0
C-000021428,S-0117,-42.839409938295056,0,3,男性,40,12,12,0.0833333333333333,7085,1,20,4500859.737076383,9.593150684931507,7.0
C-001372829,S-0131,-100.0,1,3,女性,47,6,12,0.25,0,0,17,4569023.5643747775,5.13972602739726,2.0
C-001489856,S-0117,-76.18429768806698,1,3,男性,55,6,12,0.0833333333333333,22888,1,20,4500859.737076383,9.593150684931507,7.0
C-001793759,S-0012,-27.563490894497424,0,3,男性,37,5,12,0.3333333333333333,12426,2,16,4444678.825084195,7.994520547945205,5.0
C-001763599,S-0111,-30.147787262339353,0,3,女性,56,5,12,0.0833333333333333,2657,1,19,4489501.980758176,6.397260273972603,4.0
C-000390198,S-0002,-20.85457622333135,0,3,女性,44,11,12,0.1666666666666666,14456,1,15,4455566.655169959,5.663013698630137,2.0
C-001940288,S-0040,-52.759535951805795,1,3,女性,32,4,12,0.5833333333333334,0,0,20,4550116.0180538,8.163013698630138,4.0
C-001849329,S-0096,-39.01750069973337,0,3,女性,49,4,12,0.25,0,0,16,4644856.458098179,8.302739726027397,5.0
C-001002434,S-0017,-63.71866418637612,1,3,女性,38,8,12,0.5,0,0,20,4640207.03550726,5.608219178082192,2.5
C-002518527,S-0097,-57.11965958059322,1,3,男性,77,1,12,0.0833333333333333,1523,1,21,4592508.716501317,10.09041095890411,7.0
C-001644985,S-0111,-17.8811434831153,0,3,男性,48,5,12,0.4166666666666667,0,0,19,4489501.980758176,6.397260273972603,4.0
C-000982899,S-0080,-67.95025442543076,1,3,女性,30,8,12,0.1666666666666666,88271,2,17,4457429.264950683,11.673972602739726,9.0
C-000406592,S-0089,-75.09982039750041,1,3,女性,45,11,12,0.1666666666666666,0,0,19,4721110.949352573,10.142465753424657,7.0
C-000380724,S-0117,-40.879583456876645,0,3,女性,55,11,12,0.25,14818,2,20,4500859.737076383,9.593150684931507,7.0
C-000409620,S-0056,-69.26890662400828,1,3,男性,60,11,12,0.25,0,0,15,4406070.585753419,7.528767123287671,4.0
C-002691944,S-0111,-14.49660527791043,0,3,女性,55,1,12,0.1666666666666666,11831,2,19,4489501.980758176,6.397260273972603,4.0
C-002068853,S-0117,-100.0,1,3,女性,72,3,12,0.3333333333333333,0,0,20,4500859.737076383,9.593150684931507,7.0
C-002142462,S-0079,-32.63440699534556,0,3,女性,41,3,12,0.25,0,0,13,4256656.371085242,8.479452054794521,6.0
C-001965332,S-0097,-62.72341659717943,1,3,男性,45,4,12,0.1666666666666666,1742,1,21,4592508.716501317,10.09041095890411,7.0
C-000559280,S-0082,-18.572798220178953,0,3,男性,31,10,12,0.25,0,0,17,4607261.71451126,4.758904109589041,2.0
C-001030875,S-0004,-68.64971664018225,1,3,女性,49,8,12,0.25,30267,1,22,4423576.351309,11.806849315068494,9.0
C-000284332,S-0113,-17.463400152151458,0,3,女性,66,11,12,0.0833333333333333,1819,1,16,4336633.961311346,5.77945205479452,2.5
C-002199015,S-0056,-41.999575423604654,0,3,女性,47,3,12,0.25,20728,1,15,4406070.585753419,7.528767123287671,4.0
C-001665783,S-0004,-38.95615217897762,0,3,男性,64,5,12,0.0833333333333333,0,0,22,4423576.351309,11.806849315068494,9.0
C-002374161,S-0054,-44.52329050262968,0,3,女性,40,2,12,0.6666666666666666,0,0,23,4489160.181517739,6.358904109589041,4.0
C-001110350,S-0100,-27.58241125311182,0,3,男性,80,8,12,0.3333333333333333,8633,1,17,4535925.154217558,4.720547945205479,2.0
C-002450959,S-0096,-90.27988875594218,1,3,女性,60,2,12,0.0833333333333333,65831,1,16,4644856.458098179,8.302739726027397,5.0
C-000767097,S-0039,-100.0,1,3,女性,53,9,12,0.5833333333333334,16381,1,16,4591288.568998441,8.193150684931506,5.0
C-000383161,S-0008,-100.0,1,3,女性,46,11,12,0.4166666666666667,0,0,22,4498453.308937302,10.772602739726027,7.0
C-000083910,S-0007,-91.8314871271875,1,3,女性,51,12,12,0.1666666666666666,0,0,21,4487075.727367008,3.7260273972602738,1.0
C-000604834,S-0079,-21.321051930252036,0,3,男性,48,10,12,0.6666666666666666,12438,1,13,4256656.371085242,8.479452054794521,6.0
C-002006701,S-0100,-46.824064974318084,0,3,女性,34,4,12,0.5833333333333334,17174,1,17,4535925.154217558,4.720547945205479,2.0
C-002047514,S-0019,-11.376153181526798,0,3,男性,41,3,12,0.4166666666666667,0,0,19,4327199.920883598,4.090410958904109,1.0
C-001072821,S-0002,-18.40655605695372,0,3,女性,40,8,12,0.0833333333333333,2840,2,15,4455566.655169959,5.663013698630137,2.0
C-001926286,S-0117,-31.769123023184175,0,3,女性,44,4,12,0.1666666666666666,0,0,20,4500859.737076383,9.593150684931507,7.0
C-002219672,S-0089,-36.102137679826335,0,3,男性,48,3,12,0.3333333333333333,1817,1,19,4721110.949352573,10.142465753424657,7.0
C-002239558,S-0117,-64.37050500482655,1,3,女性,40,3,12,0.4166666666666667,1787,1,20,4500859.737076383,9.593150684931507,7.0
C-000935306,S-0096,-100.0,1,3,男性,78,8,12,0.25,0,0,16,4644856.458098179,8.302739726027397,5.0
C-000005405,S-0018,-26.224156531248617,0,3,男性,55,12,12,0.3333333333333333,88786,1,16,4493108.581950108,7.550684931506849,5.0
C-000503095,S-0017,-33.95505627071454,0,3,男性,56,10,12,0.0833333333333333,33644,1,20,4640207.03550726,5.608219178082192,2.5
C-002281481,S-0004,-38.16554661723,0,3,女性,51,2,12,0.4166666666666667,99275,1,22,4423576.351309,11.806849315068494,9.0
C-001723411,S-0018,-60.355708831136845,1,3,男性,39,5,12,0.1666666666666666,174987,2,16,4493108.581950108,7.550684931506849,5.0
C-000340913,S-0117,-100.0,1,3,男性,46,11,12,0.3333333333333333,8396,2,20,4500859.737076383,9.593150684931507,7.0
C-001676085,S-0018,-22.522209551428737,0,3,女性,54,5,12,0.25,0,0,16,4493108.581950108,7.550684931506849,5.0
C-000529166,S-0017,-11.063873273047994,0,3,女性,51,10,12,0.5,23601,1,20,4640207.03550726,5.608219178082192,2.5
C-000891758,S-0050,-100.0,1,3,女性,51,9,12,0.1666666666666666,778,1,20,4615411.181286601,9.2013698630137,6.0
C-000080426,S-0099,-97.12071535022355,1,3,女性,53,12,12,0.0,0,0,13,4464126.154078853,8.147945205479452,5.0
C-001526908,S-0048,-48.97054036458333,1,3,女性,70,6,12,0.3333333333333333,24289,2,15,4502249.082895545,3.671232876712329,1.0
C-002227907,S-0005,-67.14190865569417,1,3,女性,49,3,12,0.5,11565,1,21,4733942.970761149,4.69041095890411,2.0
C-000561514,S-0102,-93.79539323511102,1,3,男性,82,10,12,0.0833333333333333,7353,2,16,4383474.364435211,10.484931506849314,7.5
C-000185608,S-0004,-33.25721580029785,0,3,女性,50,12,12,0.25,0,0,22,4423576.351309,11.806849315068494,9.0
C-000663558,S-0002,-28.581407816146726,0,3,女性,31,10,12,0.1666666666666666,0,0,15,4455566.655169959,5.663013698630137,2.0
C-000029937,S-0039,-20.882234865789002,0,3,女性,46,12,12,0.1666666666666666,13778,1,16,4591288.568998441,8.193150684931506,5.0
C-001087074,S-0074,-100.0,1,3,男性,73,8,12,0.0833333333333333,0,0,14,4614054.39694187,8.308219178082192,6.0
C-000926497,S-0012,-97.71455716246173,1,3,女性,31,8,12,0.5,0,0,16,4444678.825084195,7.994520547945205,5.0
C-000686207,S-0040,-22.085615086762708,0,3,男性,86,9,12,0.3333333333333333,0,0,20,4550116.0180538,8.163013698630138,4.0
C-000345305,S-0106,-89.2772186642269,1,3,男性,31,11,12,0.25,8457,1,20,4462729.145118021,6.171232876712329,3.5
C-001067709,S-0014,-100.0,1,3,男性,32,8,12,0.0833333333333333,41642,1,21,4730192.353344672,7.336986301369863,4.0
C-000567491,S-0097,-46.9058660127033,0,3,女性,56,10,12,0.1666666666666666,73756,2,21,4592508.716501317,10.09041095890411,7.0
C-001109377,S-0102,-100.0,1,3,女性,40,8,12,0.1666666666666666,14798,1,16,4383474.364435211,10.484931506849314,7.5
C-001694806,S-0012,-100.0,1,3,男性,38,5,12,0.0833333333333333,20340,1,16,4444678.825084195,7.994520547945205,5.0
C-000952640,S-0017,-20.577839200065036,0,3,男性,37,8,12,0.4166666666666667,8418,1,20,4640207.03550726,5.608219178082192,2.5
C-000770153,S-0002,-14.874219395275013,0,3,男性,47,9,12,0.0833333333333333,86379,1,15,4455566.655169959,5.663013698630137,2.0
C-001867863,S-0018,-77.0812298311259,1,3,女性,44,4,12,0.0,17716,1,16,4493108.581950108,7.550684931506849,5.0
C-000004450,S-0012,-100.0,1,3,男性,49,12,12,0.0,2618,2,16,4444678.825084195,7.994520547945205,5.0
C-001938194,S-0004,-40.76760124610592,0,3,女性,47,4,12,0.0833333333333333,0,0,22,4423576.351309,11.806849315068494,9.0
C-001063795,S-0115,-90.85134579353836,1,3,女性,44,8,12,0.5,2125,1,14,4553643.099564746,10.51095890410959,7.0
C-001647903,S-0004,-100.0,1,3,女性,60,5,12,0.0833333333333333,11582,2,22,4423576.351309,11.806849315068494,9.0
C-001889392,S-0082,-33.39620968182066,0,3,女性,52,4,12,0.3333333333333333,46679,1,17,4607261.71451126,4.758904109589041,2.0
C-000303938,S-0075,-9.542334908524905,0,3,男性,39,11,12,0.8333333333333334,0,0,19,4506647.2743158825,4.526027397260274,1.0
C-001432338,S-0056,-78.2602235743597,1,3,男性,60,6,12,0.5833333333333334,57883,2,15,4406070.585753419,7.528767123287671,4.0
C-001441131,S-0039,-40.61655408671041,0,3,男性,62,6,12,0.4166666666666667,0,0,16,4591288.568998441,8.193150684931506,5.0
C-001317558,S-0075,-59.45618096547953,1,3,男性,41,7,12,0.8333333333333334,0,0,19,4506647.2743158825,4.526027397260274,1.0
C-002004758,S-0020,-20.312186710510485,0,3,女性,43,4,12,0.3333333333333333,0,0,16,4280702.057267675,6.986301369863014,3.5
C-000218787,S-0117,-77.22771628790359,1,3,女性,48,12,12,0.25,0,0,20,4500859.737076383,9.593150684931507,7.0
C-000662620,S-0115,-100.0,1,3,男性,53,10,12,0.0,0,0,14,4553643.099564746,10.51095890410959,7.0
C-002017965,S-0096,-100.0,1,3,男性,49,4,12,0.75,3358,1,16,4644856.458098179,8.302739726027397,5.0
C-001689258,S-0050,-38.52276197177489,0,3,女性,51,5,12,0.25,11630,1,20,4615411.181286601,9.2013698630137,6.0
C-000518475,S-0115,-100.0,1,3,女性,80,10,12,0.3333333333333333,38415,2,14,4553643.099564746,10.51095890410959,7.0
C-001551871,S-0096,-22.346059128008772,0,3,男性,42,6,12,0.4166666666666667,0,0,16,4644856.458098179,8.302739726027397,5.0
C-000114673,S-0089,-100.0,1,3,女性,47,12,12,0.25,52984,1,19,4721110.949352573,10.142465753424657,7.0
C-000215109,S-0017,-51.713299324985826,1,3,男性,52,12,12,0.9166666666666666,0,0,20,4640207.03550726,5.608219178082192,2.5
C-001784580,S-0050,-92.23365495306251,1,3,女性,60,5,12,0.5833333333333334,0,0,20,4615411.181286601,9.2013698630137,6.0
C-000627488,S-0007,-25.834625625420603,0,3,男性,49,10,12,0.4166666666666667,0,0,21,4487075.727367008,3.7260273972602738,1.0
C-000855377,S-0008,-100.0,1,3,女性,41,9,12,0.0833333333333333,1477,1,22,4498453.308937302,10.772602739726027,7.0
C-001905524,S-0004,-100.0,1,3,女性,52,4,12,0.5,0,0,22,4423576.351309,11.806849315068494,9.0
C-002692141,S-0113,-16.97221574872472,0,3,女性,37,1,12,0.5,6340,1,16,4336633.961311346,5.77945205479452,2.5
C-000565815,S-0121,-21.69051982584192,0,3,女性,56,10,12,0.1666666666666666,4250,2,14,4716268.25678644,9.856164383561644,7.0
C-001027940,S-0115,-43.928723073675116,0,3,女性,44,8,12,0.0,1377,2,14,4553643.099564746,10.51095890410959,7.0
C-002634988,S-0097,-50.45937163909293,1,3,男性,41,1,12,0.1666666666666666,4865,1,21,4592508.716501317,10.09041095890411,7.0
C-000898681,S-0097,-100.0,1,3,女性,51,9,12,0.25,0,0,21,4592508.716501317,10.09041095890411,7.0
C-001106020,S-0121,-23.32824177994049,0,3,女性,49,8,12,0.5,0,0,14,4716268.25678644,9.856164383561644,7.0
C-002425278,S-0050,-31.582227606854534,0,3,男性,65,2,12,0.3333333333333333,0,0,20,4615411.181286601,9.2013698630137,6.0
C-000150900,S-0059,-8.527387536362841,0,3,女性,42,12,12,0.25,3275,2,14,4713188.969095345,6.8123287671232875,3.0
C-001196446,S-0063,-29.52332157881465,0,3,女性,46,7,12,0.3333333333333333,1830,2,18,4564012.176421695,5.749315068493151,3.0
C-000900997,S-0048,-44.54362616708799,0,3,男性,52,8,12,0.4166666666666667,21496,1,15,4502249.082895545,3.671232876712329,1.0
C-002588174,S-0121,-56.401520844814826,1,3,女性,25,1,12,0.0833333333333333,9308,1,14,4716268.25678644,9.856164383561644,7.0
C-001277409,S-0020,-60.573963102371984,1,3,女性,48,7,12,0.5833333333333334,46975,2,16,4280702.057267675,6.986301369863014,3.5
C-002571634,S-0002,-37.52478689952661,0,3,女性,54,1,12,0.1666666666666666,24553,1,15,4455566.655169959,5.663013698630137,2.0
C-000927527,S-0008,-55.871039191314644,1,3,男性,50,8,12,0.1666666666666666,15015,2,22,4498453.308937302,10.772602739726027,7.0
C-000747536,S-0039,-46.10271966967916,0,3,男性,52,9,12,0.4166666666666667,98298,2,16,4591288.568998441,8.193150684931506,5.0
C-001259520,S-0059,-32.39522991122539,0,3,女性,47,7,12,0.3333333333333333,17033,1,14,4713188.969095345,6.8123287671232875,3.0
C-000545389,S-0012,-18.815135639736738,0,3,女性,65,10,12,0.0833333333333333,3692,1,16,4444678.825084195,7.994520547945205,5.0
C-002611456,S-0004,-38.87657225590445,0,3,女性,60,1,12,0.25,0,0,22,4423576.351309,11.806849315068494,9.0
C-002689999,S-0040,-19.23845435994981,0,3,男性,41,1,12,0.1666666666666666,22587,1,20,4550116.0180538,8.163013698630138,4.0
C-002689473,S-0018,-99.71774479869346,1,3,男性,38,1,12,0.0,0,0,16,4493108.581950108,7.550684931506849,5.0
C-000680325,S-0115,-100.0,1,3,男性,65,9,12,0.1666666666666666,13630,1,14,4553643.099564746,10.51095890410959,7.0
C-001953491,S-0048,-0.40063999634614045,0,3,女性,45,4,12,0.4166666666666667,16962,1,15,4502249.082895545,3.671232876712329,1.0
C-001862125,S-0115,-14.098619826380986,0,3,男性,56,4,12,0.1666666666666666,8331,2,14,4553643.099564746,10.51095890410959,7.0
C-001329511,S-0007,-29.792397550517435,0,3,女性,54,7,12,0.4166666666666667,46923,2,21,4487075.727367008,3.7260273972602738,1.0
C-001906808,S-0100,-51.81689795875827,1,3,女性,68,4,12,0.1666666666666666,0,0,17,4535925.154217558,4.720547945205479,2.0
C-000608508,S-0048,-61.191883090602296,1,3,女性,46,10,12,0.1666666666666666,0,0,15,4502249.082895545,3.671232876712329,1.0
C-001252873,S-0096,-34.10863282498541,0,3,女性,44,7,12,0.3333333333333333,56255,1,16,4644856.458098179,8.302739726027397,5.0
C-001485318,S-0012,-52.482498502545674,1,3,女性,55,6,12,0.1666666666666666,80964,1,16,4444678.825084195,7.994520547945205,5.0
C-001256973,S-0072,-31.08858229555464,0,3,女性,41,7,12,0.3333333333333333,36217,1,12,4406797.312641796,9.01917808219178,6.0
C-001315828,S-0115,-73.44897397419618,1,3,女性,46,7,12,0.1666666666666666,6228,2,14,4553643.099564746,10.51095890410959,7.0
C-000192363,S-0017,-76.04518129035573,1,3,女性,79,12,12,0.1666666666666666,64300,2,20,4640207.03550726,5.608219178082192,2.5
C-001547939,S-0030,-32.4725328147788,0,3,男性,63,6,12,0.4166666666666667,26586,1,22,4426478.045479023,9.236986301369862,5.5
C-000977504,S-0089,-96.71509084620237,1,3,女性,32,8,12,0.4166666666666667,27791,1,19,4721110.949352573,10.142465753424657,7.0
C-000144400,S-0117,-29.55222947493457,0,3,女性,55,12,12,0.0833333333333333,10569,1,20,4500859.737076383,9.593150684931507,7.0
C-002056926,S-0096,-86.6712020513894,1,3,女性,51,3,12,0.1666666666666666,0,0,16,4644856.458098179,8.302739726027397,5.0
C-002546027,S-0111,-80.14921506657686,1,3,女性,42,1,12,0.3333333333333333,0,0,19,4489501.980758176,6.397260273972603,4.0
C-001883308,S-0111,-30.547133764984007,0,3,男性,68,4,12,0.3333333333333333,0,0,19,4489501.980758176,6.397260273972603,4.0
C-000161992,S-0113,-16.67736449875794,0,3,女性,42,12,12,0.25,48908,1,16,4336633.961311346,5.77945205479452,2.5
C-001449186,S-0079,-32.34367056431113,0,3,女性,49,6,12,0.0,23248,2,13,4256656.371085242,8.479452054794521,6.0
C-001236291,S-0041,-47.29821470058444,0,3,男性,80,7,12,0.1666666666666666,45267,1,17,4828489.286769263,10.389041095890411,7.0
C-001485547,S-0097,-98.19995022903859,1,3,女性,52,6,12,0.3333333333333333,0,0,21,4592508.716501317,10.09041095890411,7.0
C-002544500,S-0039,-100.0,1,3,男性,61,1,12,0.5833333333333334,0,0,16,4591288.568998441,8.193150684931506,5.0
C-001886237,S-0097,-41.903557902886554,0,3,女性,40,4,12,0.25,0,0,21,4592508.716501317,10.09041095890411,7.0
C-001275590,S-0096,-91.70514959835461,1,3,女性,56,7,12,0.3333333333333333,24064,1,16,4644856.458098179,8.302739726027397,5.0
C-001121468,S-0121,-65.65030095597781,1,3,男性,56,8,12,0.0833333333333333,115000,1,14,4716268.25678644,9.856164383561644,7.0
C-001963714,S-0121,-96.90713447500845,1,3,女性,45,4,12,0.0833333333333333,12769,1,14,4716268.25678644,9.856164383561644,7.0
C-000807309,S-0063,-43.31195692617479,0,3,男性,60,9,12,0.1666666666666666,38698,1,18,4564012.176421695,5.749315068493151,3.0
C-002582235,S-0018,-24.210614487010584,0,3,女性,48,1,12,0.0833333333333333,20606,1,16,4493108.581950108,7.550684931506849,5.0
C-001076022,S-0050,-100.0,1,3,女性,48,8,12,0.0833333333333333,0,0,20,4615411.181286601,9.2013698630137,6.0
C-002683122,S-0113,-18.190557148872276,0,3,男性,77,1,12,0.5,0,0,16,4336633.961311346,5.77945205479452,2.5
C-000385017,S-0079,-100.0,1,3,女性,52,11,12,0.4166666666666667,0,0,13,4256656.371085242,8.479452054794521,6.0
C-002393182,S-0102,-43.58312677926877,0,3,男性,39,2,12,0.0,32957,2,16,4383474.364435211,10.484931506849314,7.5
C-001526510,S-0050,-29.569789027248955,0,3,男性,53,6,12,0.4166666666666667,0,0,20,4615411.181286601,9.2013698630137,6.0
C-000765522,S-0100,-16.83595187544232,0,3,男性,59,9,12,0.8333333333333334,928,2,17,4535925.154217558,4.720547945205479,2.0
C-002393939,S-0002,-100.0,1,3,女性,57,2,12,0.1666666666666666,2880,1,15,4455566.655169959,5.663013698630137,2.0
C-001619081,S-0056,-100.0,1,3,女性,24,5,12,0.0,0,0,15,4406070.585753419,7.528767123287671,4.0
C-002618834,S-0117,-33.513312120474616,0,3,男性,41,1,12,0.3333333333333333,0,0,20,4500859.737076383,9.593150684931507,7.0
C-001312991,S-0019,-10.079860145416982,0,3,女性,60,7,12,0.3333333333333333,11075,1,19,4327199.920883598,4.090410958904109,1.0
C-001028595,S-0099,-57.961865498582846,1,3,男性,43,8,12,0.0833333333333333,0,0,13,4464126.154078853,8.147945205479452,5.0
C-000680432,S-0089,-23.52433719453149,0,3,男性,44,9,12,0.3333333333333333,96921,1,19,4721110.949352573,10.142465753424657,7.0
C-001461962,S-0036,-37.84646540225772,0,3,女性,59,6,12,0.3333333333333333,0,0,19,4397834.424680548,11.123287671232877,9.0
C-001796162,S-0005,-27.330294268939458,0,3,女性,55,5,12,0.25,0,0,21,4733942.970761149,4.69041095890411,2.0
C-002212804,S-0012,-100.0,1,3,男性,61,3,12,0.5,0,0,16,4444678.825084195,7.994520547945205,5.0
C-001880755,S-0080,-56.464940894335555,1,3,男性,46,4,12,0.3333333333333333,37470,1,17,4457429.264950683,11.673972602739726,9.0
C-000663373,S-0017,-54.94342323001923,1,3,男性,37,10,12,0.6666666666666666,0,0,20,4640207.03550726,5.608219178082192,2.5
C-001341010,S-0074,-83.26671375118337,1,3,女性,48,7,12,0.1666666666666666,75281,1,14,4614054.39694187,8.308219178082192,6.0
C-002429940,S-0074,-31.017304097757197,0,3,男性,34,2,12,0.25,4264,2,14,4614054.39694187,8.308219178082192,6.0
C-000140192,S-0117,-68.56992968083472,1,3,女性,20,12,12,0.1666666666666666,26030,2,20,4500859.737076383,9.593150684931507,7.0
C-001314425,S-0097,-85.41934627289248,1,3,女性,33,7,12,0.3333333333333333,12153,1,21,4592508.716501317,10.09041095890411,7.0
C-002444413,S-0080,-100.0,1,3,女性,56,2,12,0.1666666666666666,0,0,17,4457429.264950683,11.673972602739726,9.0
C-001520988,S-0040,-40.61529434378382,0,3,女性,45,6,12,0.5,0,0,20,4550116.0180538,8.163013698630138,4.0
C-001138411,S-0111,-61.19925102162169,1,3,女性,44,7,12,0.3333333333333333,6405,1,19,4489501.980758176,6.397260273972603,4.0
C-002470568,S-0100,-66.08628604217472,1,3,女性,49,2,12,0.3333333333333333,11544,1,17,4535925.154217558,4.720547945205479,2.0
C-002370012,S-0117,-64.61684061654287,1,3,男性,57,2,12,0.25,31209,1,20,4500859.737076383,9.593150684931507,7.0
C-000124977,S-0054,-38.12459326746732,0,3,男性,54,12,12,0.5,3977,2,23,4489160.181517739,6.358904109589041,4.0
C-002347940,S-0050,-61.91717698417511,1,3,男性,56,2,12,0.25,15479,2,20,4615411.181286601,9.2013698630137,6.0
C-002623530,S-0117,-100.0,1,3,男性,41,1,12,0.0833333333333333,0,0,20,4500859.737076383,9.593150684931507,7.0
C-001529363,S-0062,-100.0,1,3,男性,54,6,12,0.5,0,0,15,4713869.782113416,4.575342465753424,1.0
C-000459063,S-0113,-63.47646316735028,1,3,男性,59,10,12,0.5833333333333334,0,0,16,4336633.961311346,5.77945205479452,2.5
C-000086247,S-0048,-100.0,1,3,女性,54,12,12,0.3333333333333333,0,0,15,4502249.082895545,3.671232876712329,1.0
C-000261379,S-0050,-51.86189753555218,1,3,男性,47,11,12,0.75,0,0,20,4615411.181286601,9.2013698630137,6.0
C-002255469,S-0056,-100.0,1,3,女性,20,2,12,0.3333333333333333,0,0,15,4406070.585753419,7.528767123287671,4.0
C-002532725,S-0100,-48.47010921344258,0,3,女性,59,1,12,0.5,34068,1,17,4535925.154217558,4.720547945205479,2.0
C-000763529,S-0113,-100.0,1,3,男性,52,9,12,0.3333333333333333,10639,2,16,4336633.961311346,5.77945205479452,2.5
C-000421180,S-0131,-29.73584071882749,0,3,男性,79,11,12,0.0833333333333333,0,0,17,4569023.5643747775,5.13972602739726,2.0
C-001599147,S-0100,-13.712372950793023,0,3,女性,56,5,12,0.1666666666666666,2773,2,17,4535925.154217558,4.720547945205479,2.0
C-002233121,S-0074,-100.0,1,3,男性,49,3,12,0.25,0,0,14,4614054.39694187,8.308219178082192,6.0
C-002423665,S-0056,-32.0588795636174,0,3,男性,58,2,12,0.4166666666666667,16957,2,15,4406070.585753419,7.528767123287671,4.0
C-000618929,S-0117,-20.360715004567485,0,3,男性,48,10,12,0.3333333333333333,0,0,20,4500859.737076383,9.593150684931507,7.0
C-000017378,S-0050,-100.0,1,3,女性,50,12,12,0.1666666666666666,21556,1,20,4615411.181286601,9.2013698630137,6.0
C-000802743,S-0054,-28.695285529817905,0,3,女性,47,9,12,0.3333333333333333,0,0,23,4489160.181517739,6.358904109589041,4.0
C-001455882,S-0062,-22.114672891874964,0,3,女性,58,6,12,0.25,19479,1,15,4713869.782113416,4.575342465753424,1.0
C-000764816,S-0056,-49.87529045598926,1,3,男性,36,9,12,0.1666666666666666,33549,1,15,4406070.585753419,7.528767123287671,4.0
C-001209858,S-0050,-17.100194866522408,0,3,女性,64,7,12,0.25,891,2,20,4615411.181286601,9.2013698630137,6.0
C-000588241,S-0096,-100.0,1,3,女性,48,10,12,0.25,0,0,16,4644856.458098179,8.302739726027397,5.0
C-001780352,S-0040,-66.86944470356205,1,3,男性,47,5,12,0.3333333333333333,26699,1,20,4550116.0180538,8.163013698630138,4.0
C-000179948,S-0097,-100.0,1,3,女性,14,12,12,0.1666666666666666,26012,2,21,4592508.716501317,10.09041095890411,7.0
C-001667640,S-0080,-86.90868439632855,1,3,女性,53,5,12,0.5,0,0,17,4457429.264950683,11.673972602739726,9.0
C-001027389,S-0054,-39.299959901230395,0,3,男性,50,8,12,0.5833333333333334,5275,1,23,4489160.181517739,6.358904109589041,4.0
C-000889927,S-0040,-79.15751663333197,1,3,男性,57,9,12,0.25,66411,2,20,4550116.0180538,8.163013698630138,4.0
C-000466785,S-0050,-34.313216519861065,0,3,女性,58,10,12,0.0,0,0,20,4615411.181286601,9.2013698630137,6.0
C-001324195,S-0121,-100.0,1,3,男性,43,7,12,0.1666666666666666,-316,1,14,4716268.25678644,9.856164383561644,7.0
C-001398954,S-0056,-50.54217302122308,1,3,女性,60,6,12,0.1666666666666666,3576,1,15,4406070.585753419,7.528767123287671,4.0
C-002495554,S-0074,-46.009624892873624,0,3,女性,69,1,12,0.0833333333333333,17812,1,14,4614054.39694187,8.308219178082192,6.0
C-001787140,S-0099,-38.16277643072069,0,3,男性,31,5,12,0.25,0,0,13,4464126.154078853,8.147945205479452,5.0
C-000197931,S-0085,-24.196558594838418,0,3,男性,45,12,12,0.5833333333333334,7920,1,15,4606655.398026554,4.928767123287671,2.0
C-000519843,S-0075,-38.808370852999985,0,3,女性,67,10,12,0.3333333333333333,2527,1,19,4506647.2743158825,4.526027397260274,1.0
C-000738399,S-0004,-62.878787878787875,1,3,女性,58,9,12,0.9166666666666666,18434,2,22,4423576.351309,11.806849315068494,9.0
C-001370556,S-0096,-100.0,1,3,女性,65,6,12,0.0833333333333333,0,0,16,4644856.458098179,8.302739726027397,5.0
C-000239244,S-0062,-70.53773474862942,1,3,男性,45,11,12,0.3333333333333333,59835,2,15,4713869.782113416,4.575342465753424,1.0
C-001774959,S-0048,-100.0,1,3,女性,45,5,12,0.1666666666666666,0,0,15,4502249.082895545,3.671232876712329,1.0
C-000605584,S-0131,-89.86562264227891,1,3,女性,49,10,12,0.9166666666666666,15466,1,17,4569023.5643747775,5.13972602739726,2.0
C-001120711,S-0115,-100.0,1,3,女性,28,8,12,0.0833333333333333,25386,1,14,4553643.099564746,10.51095890410959,7.0
C-000356315,S-0115,-100.0,1,3,男性,66,11,12,0.0,0,0,14,4553643.099564746,10.51095890410959,7.0
C-001820727,S-0018,-100.0,1,3,男性,50,4,12,0.0,0,0,16,4493108.581950108,7.550684931506849,5.0
C-002334367,S-0080,-25.431133508034314,0,3,女性,51,2,12,0.3333333333333333,0,0,17,4457429.264950683,11.673972602739726,9.0
C-001948187,S-0074,-44.78235041071758,0,3,男性,57,4,12,0.1666666666666666,0,0,14,4614054.39694187,8.308219178082192,6.0
C-002206263,S-0062,-17.96076459963072,0,3,男性,44,3,12,0.1666666666666666,0,0,15,4713869.782113416,4.575342465753424,1.0
C-000083087,S-0012,-100.0,1,3,男性,41,12,12,0.0833333333333333,0,0,16,4444678.825084195,7.994520547945205,5.0
C-000463938,S-0072,-24.87003391672292,0,3,男性,70,10,12,0.1666666666666666,17567,1,12,4406797.312641796,9.01917808219178,6.0
C-000598228,S-0121,-97.53267226036105,1,3,男性,71,10,12,0.1666666666666666,2305,2,14,4716268.25678644,9.856164383561644,7.0
C-002279305,S-0041,-100.0,1,3,男性,53,2,12,0.0833333333333333,0,0,17,4828489.286769263,10.389041095890411,7.0
C-001080864,S-0048,-100.0,1,3,女性,36,8,12,0.25,0,0,15,4502249.082895545,3.671232876712329,1.0
C-000248748,S-0096,-100.0,1,3,男性,52,11,12,0.25,0,0,16,4644856.458098179,8.302739726027397,5.0
C-001921246,S-0075,-100.0,1,3,女性,70,4,12,0.3333333333333333,57007,1,19,4506647.2743158825,4.526027397260274,1.0
C-001669553,S-0121,-26.452580360142864,0,3,男性,47,5,12,0.1666666666666666,10228,1,14,4716268.25678644,9.856164383561644,7.0
C-001094454,S-0007,-100.0,1,3,男性,52,8,12,0.8333333333333334,0,0,21,4487075.727367008,3.7260273972602738,1.0
C-000379961,S-0007,-93.54314025532096,1,3,男性,39,11,12,0.0833333333333333,4799,1,21,4487075.727367008,3.7260273972602738,1.0
C-001735794,S-0080,-97.64246506554,1,3,女性,50,5,12,0.25,20104,1,17,4457429.264950683,11.673972602739726,9.0
C-001134666,S-0004,-54.840457450465195,1,3,女性,40,7,12,0.1666666666666666,10014,1,22,4423576.351309,11.806849315068494,9.0
C-001196410,S-0121,-44.52591127618864,0,3,男性,48,7,12,0.25,1145,1,14,4716268.25678644,9.856164383561644,7.0
C-002577439,S-0096,-100.0,1,3,女性,51,1,12,0.0,0,0,16,4644856.458098179,8.302739726027397,5.0
C-000415857,S-0075,-38.4124137741501,0,3,男性,46,11,12,0.3333333333333333,69727,1,19,4506647.2743158825,4.526027397260274,1.0
C-000805113,S-0048,-66.43523148894982,1,3,女性,26,9,12,0.3333333333333333,46074,1,15,4502249.082895545,3.671232876712329,1.0
C-000811780,S-0005,-12.855028943439208,0,3,女性,71,9,12,0.0833333333333333,1845,1,21,4733942.970761149,4.69041095890411,2.0
C-000361403,S-0012,-33.784031678558776,0,3,女性,41,11,12,0.3333333333333333,0,0,16,4444678.825084195,7.994520547945205,5.0
C-000046350,S-0056,-77.63971232563097,1,3,男性,52,12,12,0.1666666666666666,11825,2,15,4406070.585753419,7.528767123287671,4.0
C-001986124,S-0036,-25.466188844804133,0,3,女性,42,4,12,0.0833333333333333,0,0,19,4397834.424680548,11.123287671232877,9.0
C-001713328,S-0111,-23.545328434884677,0,3,女性,42,5,12,0.5,4079,1,19,4489501.980758176,6.397260273972603,4.0
C-000699442,S-0056,-38.52132179158148,0,3,男性,41,9,12,0.75,54642,1,15,4406070.585753419,7.528767123287671,4.0
C-000756716,S-0131,-26.09358967839205,0,3,女性,55,9,12,0.1666666666666666,52141,1,17,4569023.5643747775,5.13972602739726,2.0
C-002106908,S-0018,-55.45117474641936,1,3,女性,38,3,12,0.1666666666666666,1018,1,16,4493108.581950108,7.550684931506849,5.0
C-001372292,S-0020,-23.182147468491838,0,3,女性,53,6,12,0.0,31281,1,16,4280702.057267675,6.986301369863014,3.5
C-001605266,S-0117,-100.0,1,3,男性,45,5,12,0.4166666666666667,40152,1,20,4500859.737076383,9.593150684931507,7.0
C-002341115,S-0004,-100.0,1,3,男性,52,2,12,0.3333333333333333,50113,1,22,4423576.351309,11.806849315068494,9.0
C-001527918,S-0111,-66.08449939734513,1,3,女性,48,6,12,0.3333333333333333,0,0,19,4489501.980758176,6.397260273972603,4.0
C-001479397,S-0005,-11.074285425288906,0,3,女性,52,6,12,0.3333333333333333,14903,1,21,4733942.970761149,4.69041095890411,2.0
C-001208239,S-0131,-42.00345910839716,0,3,男性,41,7,12,0.1666666666666666,103202,2,17,4569023.5643747775,5.13972602739726,2.0
C-001860815,S-0018,-39.19103956414956,0,3,女性,38,4,12,0.1666666666666666,0,0,16,4493108.581950108,7.550684931506849,5.0
C-002319029,S-0036,-65.882589061716,1,3,女性,54,2,12,0.0833333333333333,32486,1,19,4397834.424680548,11.123287671232877,9.0
C-002199133,S-0062,-31.64442775071889,0,3,男性,35,3,12,0.1666666666666666,28899,1,15,4713869.782113416,4.575342465753424,1.0
C-002019892,S-0113,-29.916715612193045,0,3,女性,54,4,12,0.0,0,0,16,4336633.961311346,5.77945205479452,2.5
C-001743549,S-0131,-39.43494595883896,0,3,男性,56,5,12,0.25,3906,1,17,4569023.5643747775,5.13972602739726,2.0
C-000187866,S-0063,-36.227037336264786,0,3,女性,40,12,12,0.0833333333333333,0,0,18,4564012.176421695,5.749315068493151,3.0
C-000720209,S-0117,-48.406725380304245,0,3,女性,48,9,12,0.1666666666666666,0,0,20,4500859.737076383,9.593150684931507,7.0
C-000567850,S-0002,-13.139445757899622,0,3,男性,45,10,12,0.0,7672,1,15,4455566.655169959,5.663013698630137,2.0
C-000742316,S-0080,-37.306203580911784,0,3,女性,18,9,12,0.5,9300,1,17,4457429.264950683,11.673972602739726,9.0
C-001776747,S-0020,-3.7638627986207562,0,3,女性,46,5,12,0.6666666666666666,0,0,16,4280702.057267675,6.986301369863014,3.5
C-000059606,S-0072,-100.0,1,3,男性,49,12,12,0.0833333333333333,12002,1,12,4406797.312641796,9.01917808219178,6.0
C-000924167,S-0080,-100.0,1,3,女性,34,8,12,0.0833333333333333,0,0,17,4457429.264950683,11.673972602739726,9.0
C-001949324,S-0062,-46.894521433187336,0,3,男性,73,4,12,0.25,14912,2,15,4713869.782113416,4.575342465753424,1.0
C-001920045,S-0080,-100.0,1,3,女性,42,4,12,0.0833333333333333,14152,1,17,4457429.264950683,11.673972602739726,9.0
C-002343843,S-0089,-59.03995335250302,1,3,女性,68,2,12,0.25,6644,1,19,4721110.949352573,10.142465753424657,7.0
C-002658981,S-0097,-100.0,1,3,女性,49,1,12,0.5833333333333334,0,0,21,4592508.716501317,10.09041095890411,7.0
C-001389205,S-0005,-100.0,1,3,男性,57,6,12,0.3333333333333333,74107,2,21,4733942.970761149,4.69041095890411,2.0
C-000533544,S-0041,-48.54868147038866,0,3,男性,40,10,12,0.75,39460,2,17,4828489.286769263,10.389041095890411,7.0
C-001473988,S-0014,-100.0,1,3,女性,43,6,12,0.1666666666666666,12461,2,21,4730192.353344672,7.336986301369863,4.0
C-000812194,S-0036,-100.0,1,3,女性,49,9,12,0.0833333333333333,6010,1,19,4397834.424680548,11.123287671232877,9.0
C-002432303,S-0041,-19.891741036786726,0,3,男性,32,2,12,0.0833333333333333,10766,2,17,4828489.286769263,10.389041095890411,7.0
C-002664078,S-0020,-33.143212040927835,0,3,女性,57,1,12,0.5,0,0,16,4280702.057267675,6.986301369863014,3.5
C-002010780,S-0039,-22.124855692783548,0,3,男性,44,4,12,0.4166666666666667,0,0,16,4591288.568998441,8.193150684931506,5.0
C-001280489,S-0074,-70.85217168958263,1,3,女性,44,7,12,0.25,0,0,14,4614054.39694187,8.308219178082192,6.0
C-001180664,S-0012,-60.26611804312395,1,3,女性,56,7,12,0.1666666666666666,0,0,16,4444678.825084195,7.994520547945205,5.0
C-000376931,S-0020,-59.202285586241665,1,3,男性,55,11,12,0.1666666666666666,8510,2,16,4280702.057267675,6.986301369863014,3.5
C-002233923,S-0008,-30.871935761677765,0,3,男性,55,3,12,0.1666666666666666,22490,1,22,4498453.308937302,10.772602739726027,7.0
C-001949260,S-0115,-97.7497325861711,1,3,女性,43,4,12,0.0,0,0,14,4553643.099564746,10.51095890410959,7.0
C-002084897,S-0018,-39.618907622944526,0,3,女性,78,3,12,0.25,214672,2,16,4493108.581950108,7.550684931506849,5.0
C-000775964,S-0050,-100.0,1,3,女性,44,9,12,0.5,39845,1,20,4615411.181286601,9.2013698630137,6.0
C-000261242,S-0080,-42.585832886348854,0,3,女性,47,11,12,0.1666666666666666,4451,1,17,4457429.264950683,11.673972602739726,9.0
C-002120844,S-0002,-24.029287679346265,0,3,女性,37,3,12,0.3333333333333333,6052,2,15,4455566.655169959,5.663013698630137,2.0
C-001299278,S-0012,-21.546557780061026,0,3,女性,34,7,12,0.1666666666666666,16535,2,16,4444678.825084195,7.994520547945205,5.0
C-001485161,S-0020,-15.33878426378929,0,3,女性,71,6,12,0.4166666666666667,25947,1,16,4280702.057267675,6.986301369863014,3.5
C-001013009,S-0099,-68.12580625345537,1,3,女性,22,8,12,0.0833333333333333,860,1,13,4464126.154078853,8.147945205479452,5.0
C-001786635,S-0039,-100.0,1,3,女性,46,5,12,0.25,0,0,16,4591288.568998441,8.193150684931506,5.0
C-000033396,S-0111,-15.263028720970361,0,3,男性,53,12,12,0.1666666666666666,0,0,19,4489501.980758176,6.397260273972603,4.0
C-000062779,S-0059,-35.82274214862839,0,3,男性,38,12,12,0.5833333333333334,0,0,14,4713188.969095345,6.8123287671232875,3.0
C-001293453,S-0014,-51.988483205325544,1,3,女性,51,7,12,0.0,0,0,21,4730192.353344672,7.336986301369863,4.0
C-000574335,S-0008,-23.362756090724062,0,3,男性,44,10,12,0.25,20641,1,22,4498453.308937302,10.772602739726027,7.0
C-000385478,S-0041,-100.0,1,3,男性,44,11,12,0.0833333333333333,6849,2,17,4828489.286769263,10.389041095890411,7.0
C-001453388,S-0096,-100.0,1,3,女性,58,6,12,0.0833333333333333,0,0,16,4644856.458098179,8.302739726027397,5.0
C-001846933,S-0074,-61.29390829037472,1,3,男性,67,4,12,0.4166666666666667,8074,1,14,4614054.39694187,8.308219178082192,6.0
C-000274234,S-0102,-98.26670818870245,1,3,男性,72,11,12,0.4166666666666667,12503,2,16,4383474.364435211,10.484931506849314,7.5
C-001415424,S-0106,-85.28301632902962,1,3,女性,37,6,12,0.0833333333333333,6151,2,20,4462729.145118021,6.171232876712329,3.5
C-000639801,S-0056,-100.0,1,3,女性,46,10,12,0.5833333333333334,4288,1,15,4406070.585753419,7.528767123287671,4.0
C-002588353,S-0082,-14.54775918379755,0,3,男性,55,1,12,0.1666666666666666,0,0,17,4607261.71451126,4.758904109589041,2.0
C-000088942,S-0017,-100.0,1,3,女性,55,12,12,0.1666666666666666,41375,1,20,4640207.03550726,5.608219178082192,2.5
C-002672403,S-0017,-100.0,1,3,女性,53,1,12,0.3333333333333333,0,0,20,4640207.03550726,5.608219178082192,2.5
C-002579724,S-0054,-36.37330891338935,0,3,男性,44,1,12,0.0833333333333333,0,0,23,4489160.181517739,6.358904109589041,4.0
C-001295856,S-0126,-100.0,1,3,女性,31,7,12,0.25,8581,2,17,4493168.352495564,5.53972602739726,3.0
C-001459975,S-0002,-100.0,1,3,女性,54,6,12,0.5833333333333334,0,0,15,4455566.655169959,5.663013698630137,2.0
C-000042984,S-0111,-47.42251748023085,0,3,男性,42,12,12,0.25,9951,1,19,4489501.980758176,6.397260273972603,4.0
C-000314294,S-0018,-66.93140895659381,1,3,女性,56,11,12,0.0833333333333333,0,0,16,4493108.581950108,7.550684931506849,5.0
C-001712348,S-0030,-15.505593918955087,0,3,男性,43,5,12,0.1666666666666666,0,0,22,4426478.045479023,9.236986301369862,5.5
C-001848867,S-0014,-57.17158620950723,1,3,女性,47,4,12,0.1666666666666666,0,0,21,4730192.353344672,7.336986301369863,4.0
C-001294250,S-0111,-36.902640172690546,0,3,女性,42,7,12,0.25,94910,2,19,4489501.980758176,6.397260273972603,4.0
C-002634859,S-0040,-8.064877635086019,0,3,男性,60,1,12,0.0833333333333333,15948,2,20,4550116.0180538,8.163013698630138,4.0
C-000056288,S-0131,-34.756605490147905,0,3,女性,52,12,12,0.5833333333333334,15035,1,17,4569023.5643747775,5.13972602739726,2.0
C-000899614,S-0041,-84.79048314986368,1,3,女性,55,9,12,0.25,18312,2,17,4828489.286769263,10.389041095890411,7.0
C-001420650,S-0056,-38.75371501355367,0,3,女性,70,6,12,0.1666666666666666,1042,1,15,4406070.585753419,7.528767123287671,4.0
C-002118266,S-0004,-100.0,1,3,男性,50,3,12,0.0833333333333333,3589,1,22,4423576.351309,11.806849315068494,9.0
C-002150127,S-0074,-18.84058275695335,0,3,女性,19,3,12,0.25,206486,1,14,4614054.39694187,8.308219178082192,6.0
C-000081755,S-0096,-60.25390670296997,1,3,女性,65,12,12,0.0833333333333333,5233,2,16,4644856.458098179,8.302739726027397,5.0
C-001669543,S-0113,-34.94692483225123,0,3,男性,42,5,12,0.25,0,0,16,4336633.961311346,5.77945205479452,2.5
C-002555067,S-0097,-83.47058961544779,1,3,男性,31,1,12,0.25,0,0,21,4592508.716501317,10.09041095890411,7.0
C-000398027,S-0117,-73.56804884872223,1,3,女性,35,11,12,0.4166666666666667,5467,1,20,4500859.737076383,9.593150684931507,7.0
C-002112193,S-0050,-100.0,1,3,女性,77,3,12,0.0833333333333333,69398,2,20,4615411.181286601,9.2013698630137,6.0
C-001517534,S-0075,-37.63721458875632,0,3,女性,38,6,12,0.25,4555,1,19,4506647.2743158825,4.526027397260274,1.0
C-000185134,S-0121,-100.0,1,3,男性,36,12,12,0.0833333333333333,0,0,14,4716268.25678644,9.856164383561644,7.0
C-000614373,S-0097,-23.86643441171802,0,3,男性,56,10,12,0.1666666666666666,3656,1,21,4592508.716501317,10.09041095890411,7.0
C-000146887,S-0089,-12.437880058712517,0,3,男性,37,12,12,0.0,1207,1,19,4721110.949352573,10.142465753424657,7.0
C-002042738,S-0121,-70.08083027051384,1,3,女性,44,3,12,0.5,4870,1,14,4716268.25678644,9.856164383561644,7.0
C-001461389,S-0041,-38.30932505971288,0,3,男性,63,6,12,0.25,7160,1,17,4828489.286769263,10.389041095890411,7.0
C-000020818,S-0036,-25.73429111341935,0,3,女性,40,12,12,0.8333333333333334,0,0,19,4397834.424680548,11.123287671232877,9.0
C-001903583,S-0115,-100.0,1,3,男性,34,4,12,0.1666666666666666,0,0,14,4553643.099564746,10.51095890410959,7.0
C-000145470,S-0036,-100.0,1,3,女性,50,12,12,0.3333333333333333,18191,2,19,4397834.424680548,11.123287671232877,9.0
C-001546352,S-0014,-24.442999616862686,0,3,女性,38,6,12,0.4166666666666667,11151,2,21,4730192.353344672,7.336986301369863,4.0
C-000659377,S-0111,-38.29747427502338,0,3,男性,30,10,12,0.1666666666666666,83260,1,19,4489501.980758176,6.397260273972603,4.0
C-000751424,S-0039,-34.31685204870924,0,3,女性,55,9,12,0.1666666666666666,28620,1,16,4591288.568998441,8.193150684931506,5.0
C-001633550,S-0072,-34.66141684950858,0,3,女性,46,5,12,0.25,20997,2,12,4406797.312641796,9.01917808219178,6.0
C-000103261,S-0089,-67.51963748196225,1,3,女性,35,12,12,0.4166666666666667,0,0,19,4721110.949352573,10.142465753424657,7.0
C-000023403,S-0106,-32.48069486640919,0,3,男性,45,12,12,0.1666666666666666,0,0,20,4462729.145118021,6.171232876712329,3.5
C-000318555,S-0041,-100.0,1,3,女性,51,11,12,0.6666666666666666,0,0,17,4828489.286769263,10.389041095890411,7.0
C-001847553,S-0063,-63.593973556739236,1,3,女性,55,4,12,0.25,14496,1,18,4564012.176421695,5.749315068493151,3.0
C-002536634,S-0080,-59.39366595721726,1,3,女性,28,1,12,0.25,18536,1,17,4457429.264950683,11.673972602739726,9.0
C-002404773,S-0102,-100.0,1,3,男性,43,2,12,0.0,0,0,16,4383474.364435211,10.484931506849314,7.5
C-001594129,S-0018,-58.48729080278518,1,3,女性,73,5,12,0.1666666666666666,11067,2,16,4493108.581950108,7.550684931506849,5.0
C-000228027,S-0097,-38.88572246479037,0,3,女性,42,11,12,0.4166666666666667,0,0,21,4592508.716501317,10.09041095890411,7.0
C-000663419,S-0113,-52.05961746994902,1,3,男性,23,10,12,0.25,0,0,16,4336633.961311346,5.77945205479452,2.5
C-002101354,S-0004,-17.347430226460933,0,3,女性,61,3,12,0.0,0,0,22,4423576.351309,11.806849315068494,9.0
C-000560187,S-0089,-84.3985894539644,1,3,女性,48,10,12,0.4166666666666667,0,0,19,4721110.949352573,10.142465753424657,7.0
C-001044900,S-0040,-71.65205736909401,1,3,女性,40,8,12,0.25,4846,2,20,4550116.0180538,8.163013698630138,4.0
C-000765348,S-0018,-100.0,1,3,女性,55,9,12,0.1666666666666666,24145,2,16,4493108.581950108,7.550684931506849,5.0
C-000806628,S-0100,-66.19099706916275,1,3,男性,58,9,12,1.0,0,0,17,4535925.154217558,4.720547945205479,2.0
C-000613378,S-0117,-48.40393408679148,0,3,男性,39,10,12,0.5,65849,2,20,4500859.737076383,9.593150684931507,7.0
C-001954219,S-0126,-12.41250806239698,0,3,女性,77,4,12,0.1666666666666666,0,0,17,4493168.352495564,5.53972602739726,3.0
C-002519690,S-0099,-53.76705804225115,1,3,女性,48,1,12,0.3333333333333333,0,0,13,4464126.154078853,8.147945205479452,5.0
C-002571301,S-0113,-78.81672294680753,1,3,女性,48,1,12,0.1666666666666666,0,0,16,4336633.961311346,5.77945205479452,2.5
C-000254779,S-0012,-37.72232271096082,0,3,女性,37,11,12,0.0833333333333333,0,0,16,4444678.825084195,7.994520547945205,5.0
C-001925159,S-0048,-100.0,1,3,男性,44,4,12,0.25,3324,2,15,4502249.082895545,3.671232876712329,1.0
C-002063865,S-0121,-26.447859290873954,0,3,女性,48,3,12,0.5,-1081,2,14,4716268.25678644,9.856164383561644,7.0
C-000831283,S-0018,-100.0,1,3,女性,36,9,12,0.3333333333333333,6281,2,16,4493108.581950108,7.550684931506849,5.0
C-000978554,S-0012,-27.573792611753202,0,3,女性,57,8,12,0.3333333333333333,3314,1,16,4444678.825084195,7.994520547945205,5.0
C-000021993,S-0079,-80.31818847298814,1,3,女性,59,12,12,0.1666666666666666,721,1,13,4256656.371085242,8.479452054794521,6.0
C-001549501,S-0041,-91.24380351509689,1,3,男性,45,6,12,0.4166666666666667,0,0,17,4828489.286769263,10.389041095890411,7.0
C-000957140,S-0113,-39.15080449338399,0,3,男性,57,8,12,0.25,0,0,16,4336633.961311346,5.77945205479452,2.5
C-001692787,S-0014,-83.59331754976826,1,3,男性,57,5,12,0.3333333333333333,26729,1,21,4730192.353344672,7.336986301369863,4.0
C-001491442,S-0079,-49.41589985437357,1,3,女性,48,6,12,0.1666666666666666,8534,2,13,4256656.371085242,8.479452054794521,6.0
C-000556469,S-0102,-66.86739540298568,1,3,男性,33,10,12,0.0833333333333333,3351,2,16,4383474.364435211,10.484931506849314,7.5
C-000719061,S-0131,-23.374809751408506,0,3,女性,78,9,12,0.1666666666666666,0,0,17,4569023.5643747775,5.13972602739726,2.0
C-002625299,S-0100,-98.45567639859699,1,3,男性,34,1,12,0.5,0,0,17,4535925.154217558,4.720547945205479,2.0
C-002539373,S-0096,-71.44753936867353,1,3,女性,45,1,12,0.0833333333333333,16429,1,16,4644856.458098179,8.302739726027397,5.0
C-001143335,S-0113,-100.0,1,3,男性,57,7,12,0.1666666666666666,0,0,16,4336633.961311346,5.77945205479452,2.5
C-001975874,S-0036,-30.45286214436482,0,3,男性,30,4,12,0.1666666666666666,0,0,19,4397834.424680548,11.123287671232877,9.0
C-002094396,S-0002,-36.259378349410504,0,3,女性,54,3,12,0.1666666666666666,1087,1,15,4455566.655169959,5.663013698630137,2.0
C-001841755,S-0018,-20.24976891632234,0,3,男性,52,4,12,0.3333333333333333,18882,1,16,4493108.581950108,7.550684931506849,5.0
C-000680985,S-0039,-36.697905360527464,0,3,女性,23,9,12,0.3333333333333333,6878,1,16,4591288.568998441,8.193150684931506,5.0
C-002422383,S-0072,-100.0,1,3,女性,48,2,12,0.1666666666666666,0,0,12,4406797.312641796,9.01917808219178,6.0
C-000891537,S-0041,-51.97339777515927,1,3,男性,44,9,12,0.25,0,0,17,4828489.286769263,10.389041095890411,7.0
C-000733191,S-0014,-72.35086232150537,1,3,女性,60,9,12,0.1666666666666666,0,0,21,4730192.353344672,7.336986301369863,4.0
C-002070737,S-0040,-100.0,1,3,男性,47,3,12,0.0833333333333333,3462,1,20,4550116.0180538,8.163013698630138,4.0
C-001964749,S-0072,-49.1862291157638,1,3,女性,60,4,12,0.3333333333333333,0,0,12,4406797.312641796,9.01917808219178,6.0
C-001154003,S-0102,-43.64850729632869,0,3,男性,48,7,12,0.25,26287,1,16,4383474.364435211,10.484931506849314,7.5
C-000254883,S-0002,-90.4207472989499,1,3,女性,57,11,12,0.1666666666666666,0,0,15,4455566.655169959,5.663013698630137,2.0
C-000725667,S-0121,-100.0,1,3,男性,46,9,12,0.5,0,0,14,4716268.25678644,9.856164383561644,7.0
C-000694960,S-0002,-39.19901406582309,0,3,男性,48,9,12,0.4166666666666667,751,2,15,4455566.655169959,5.663013698630137,2.0
C-000466446,S-0072,-21.140626611222274,0,3,女性,66,10,12,0.1666666666666666,5165,1,12,4406797.312641796,9.01917808219178,6.0
C-001102067,S-0012,-15.075484411421911,0,3,女性,36,8,12,0.4166666666666667,0,0,16,4444678.825084195,7.994520547945205,5.0
C-002173608,S-0048,-100.0,1,3,女性,38,3,12,0.3333333333333333,7254,1,15,4502249.082895545,3.671232876712329,1.0
C-001363636,S-0050,-100.0,1,3,女性,73,6,12,0.1666666666666666,32629,2,20,4615411.181286601,9.2013698630137,6.0
C-000419047,S-0008,-75.33345556217628,1,3,女性,49,11,12,0.0,0,0,22,4498453.308937302,10.772602739726027,7.0
C-000897901,S-0004,-100.0,1,3,女性,51,9,12,0.25,0,0,22,4423576.351309,11.806849315068494,9.0
C-000961111,S-0074,-100.0,1,3,男性,48,8,12,0.1666666666666666,0,0,14,4614054.39694187,8.308219178082192,6.0
C-002139500,S-0115,-42.80813754650693,0,3,男性,56,3,12,0.3333333333333333,2747,2,14,4553643.099564746,10.51095890410959,7.0
C-000604053,S-0079,-42.24439005206408,0,3,女性,42,10,12,0.0,3918,2,13,4256656.371085242,8.479452054794521,6.0
C-000832564,S-0126,-35.98825207484487,0,3,女性,50,9,12,0.5833333333333334,0,0,17,4493168.352495564,5.53972602739726,3.0
C-001785888,S-0121,-34.282476683034545,0,3,男性,34,5,12,0.25,0,0,14,4716268.25678644,9.856164383561644,7.0
C-000697401,S-0018,-35.782936301970544,0,3,女性,40,9,12,0.3333333333333333,5539,1,16,4493108.581950108,7.550684931506849,5.0
C-000033387,S-0019,-9.338489751249668,0,3,女性,73,12,12,0.25,0,0,19,4327199.920883598,4.090410958904109,1.0
C-002689023,S-0102,-88.40887857994265,1,3,女性,43,1,12,0.5833333333333334,6821,2,16,4383474.364435211,10.484931506849314,7.5
C-001330269,S-0074,-44.49525274526406,0,3,男性,20,7,12,0.3333333333333333,634,2,14,4614054.39694187,8.308219178082192,6.0
C-001869885,S-0048,-65.75187184917817,1,3,女性,44,4,12,0.4166666666666667,0,0,15,4502249.082895545,3.671232876712329,1.0
C-001949565,S-0072,-100.0,1,3,男性,42,4,12,0.4166666666666667,0,0,12,4406797.312641796,9.01917808219178,6.0
C-001647563,S-0008,-100.0,1,3,女性,54,5,12,0.25,14814,1,22,4498453.308937302,10.772602739726027,7.0
C-001794126,S-0096,-38.291164949086856,0,3,男性,57,5,12,0.3333333333333333,25718,1,16,4644856.458098179,8.302739726027397,5.0
C-000301406,S-0050,-30.285183263133757,0,3,女性,68,11,12,0.1666666666666666,6879,1,20,4615411.181286601,9.2013698630137,6.0
C-002399994,S-0097,-100.0,1,3,女性,80,2,12,0.3333333333333333,0,0,21,4592508.716501317,10.09041095890411,7.0
C-000284390,S-0102,-47.97829652627262,0,3,男性,52,11,12,0.0833333333333333,13848,2,16,4383474.364435211,10.484931506849314,7.5
C-001125205,S-0018,-92.69517220520963,1,3,女性,19,8,12,0.6666666666666666,35392,2,16,4493108.581950108,7.550684931506849,5.0
C-002260481,S-0036,-18.824860225548754,0,3,女性,51,2,12,0.25,0,0,19,4397834.424680548,11.123287671232877,9.0
C-001803288,S-0036,-26.7098038634528,0,3,女性,79,4,12,0.0833333333333333,10755,2,19,4397834.424680548,11.123287671232877,9.0
C-001287983,S-0121,-100.0,1,3,女性,33,7,12,0.3333333333333333,8235,2,14,4716268.25678644,9.856164383561644,7.0
C-002080333,S-0102,-56.23466117952181,1,3,男性,50,3,12,0.3333333333333333,1900,2,16,4383474.364435211,10.484931506849314,7.5
C-001305670,S-0017,-18.93841345255193,0,3,女性,54,7,12,0.1666666666666666,0,0,20,4640207.03550726,5.608219178082192,2.5
C-001327888,S-0008,-48.63582814666542,0,3,女性,41,7,12,0.4166666666666667,2157,1,22,4498453.308937302,10.772602739726027,7.0
C-001061327,S-0131,-29.41576004560395,0,3,女性,56,8,12,0.1666666666666666,4369,1,17,4569023.5643747775,5.13972602739726,2.0
C-001060289,S-0121,-63.694034542274856,1,3,女性,48,8,12,0.0833333333333333,2690,1,14,4716268.25678644,9.856164383561644,7.0
C-001413394,S-0004,-54.178229431307415,1,3,女性,60,6,12,0.0833333333333333,11402,1,22,4423576.351309,11.806849315068494,9.0
C-000114118,S-0002,-24.21370903798512,0,3,男性,58,12,12,0.5833333333333334,0,0,15,4455566.655169959,5.663013698630137,2.0
C-000039227,S-0014,-37.63060573614532,0,3,女性,64,12,12,0.1666666666666666,11288,1,21,4730192.353344672,7.336986301369863,4.0
C-000317049,S-0074,-83.23007275270216,1,3,男性,48,11,12,0.0833333333333333,11858,2,14,4614054.39694187,8.308219178082192,6.0
C-000683207,S-0005,-10.10703629685137,0,3,男性,40,9,12,0.1666666666666666,1819,1,21,4733942.970761149,4.69041095890411,2.0
C-001177036,S-0097,-58.25861362705385,1,3,女性,47,7,12,0.1666666666666666,0,0,21,4592508.716501317,10.09041095890411,7.0
C-000852490,S-0115,-11.81874664429437,0,3,女性,78,9,12,0.25,3225,2,14,4553643.099564746,10.51095890410959,7.0
C-001813047,S-0079,-34.11703810627766,0,3,女性,63,4,12,0.25,42235,1,13,4256656.371085242,8.479452054794521,6.0
C-001683897,S-0040,-10.548131881939906,0,3,女性,80,5,12,0.4166666666666667,8608,1,20,4550116.0180538,8.163013698630138,4.0
C-001556228,S-0041,-100.0,1,3,女性,72,6,12,0.5,0,0,17,4828489.286769263,10.389041095890411,7.0
C-001902214,S-0075,-26.718312982486285,0,3,男性,53,4,12,0.1666666666666666,303817,2,19,4506647.2743158825,4.526027397260274,1.0
C-000137116,S-0075,-35.00557167114759,0,3,男性,32,12,12,0.3333333333333333,19019,1,19,4506647.2743158825,4.526027397260274,1.0
C-001778874,S-0079,-48.14934211505175,0,3,女性,28,5,12,0.5833333333333334,39424,2,13,4256656.371085242,8.479452054794521,6.0
C-001844811,S-0096,-63.84146442566503,1,3,女性,37,4,12,0.0833333333333333,3552,1,16,4644856.458098179,8.302739726027397,5.0
C-000530228,S-0097,-33.86405703708782,0,3,男性,42,10,12,0.3333333333333333,9237,1,21,4592508.716501317,10.09041095890411,7.0
C-000681934,S-0080,-86.69729989381605,1,3,女性,35,9,12,0.1666666666666666,29525,1,17,4457429.264950683,11.673972602739726,9.0
C-000265588,S-0115,-32.04249441376386,0,3,女性,45,11,12,0.4166666666666667,11614,1,14,4553643.099564746,10.51095890410959,7.0
C-001369296,S-0079,-100.0,1,3,女性,32,6,12,0.0833333333333333,0,0,13,4256656.371085242,8.479452054794521,6.0
C-000945114,S-0117,-100.0,1,3,男性,56,8,12,0.5833333333333334,78334,1,20,4500859.737076383,9.593150684931507,7.0
C-001102167,S-0040,-44.67440982850434,0,3,女性,38,8,12,0.1666666666666666,0,0,20,4550116.0180538,8.163013698630138,4.0
C-001909486,S-0020,-46.24420808761584,0,3,男性,34,4,12,0.3333333333333333,0,0,16,4280702.057267675,6.986301369863014,3.5
C-002477672,S-0050,-17.593345783256762,0,3,男性,63,1,12,0.25,2512,2,20,4615411.181286601,9.2013698630137,6.0
C-002131691,S-0106,-43.99345594377252,0,3,男性,32,3,12,0.3333333333333333,1570,1,20,4462729.145118021,6.171232876712329,3.5
C-000102854,S-0082,-48.3964358260214,0,3,男性,38,12,12,0.5,0,0,17,4607261.71451126,4.758904109589041,2.0
C-000587298,S-0131,-51.888045698344435,1,3,女性,50,10,12,0.5,0,0,17,4569023.5643747775,5.13972602739726,2.0
C-000733390,S-0002,-39.93943240825004,0,3,女性,34,9,12,0.3333333333333333,0,0,15,4455566.655169959,5.663013698630137,2.0
C-001466874,S-0072,-73.57622946285335,1,3,男性,42,6,12,0.3333333333333333,3788,1,12,4406797.312641796,9.01917808219178,6.0
C-002409070,S-0079,-100.0,1,3,男性,51,2,12,0.25,29945,1,13,4256656.371085242,8.479452054794521,6.0
C-001575810,S-0007,-25.97361403480004,0,3,男性,52,6,12,0.1666666666666666,0,0,21,4487075.727367008,3.7260273972602738,1.0
C-002136845,S-0041,-33.90120813580058,0,3,男性,52,3,12,0.3333333333333333,20173,1,17,4828489.286769263,10.389041095890411,7.0
C-001101488,S-0131,-23.820777224714078,0,3,女性,58,8,12,0.0833333333333333,25921,1,17,4569023.5643747775,5.13972602739726,2.0
C-000001659,S-0079,-51.50597741292196,1,3,男性,47,13,12,0.4166666666666667,31109,1,13,4256656.371085242,8.479452054794521,6.0
C-001700932,S-0004,-100.0,1,3,男性,60,5,12,0.25,5146,2,22,4423576.351309,11.806849315068494,9.0
C-001687261,S-0014,-20.38969160170827,0,3,女性,57,5,12,0.0833333333333333,0,0,21,4730192.353344672,7.336986301369863,4.0
C-001781361,S-0041,-53.035553771616904,1,3,男性,49,5,12,0.1666666666666666,24316,2,17,4828489.286769263,10.389041095890411,7.0
C-001825487,S-0005,-13.915766102269988,0,3,男性,31,4,12,0.5833333333333334,0,0,21,4733942.970761149,4.69041095890411,2.0
C-000413602,S-0039,-63.033805950185155,1,3,男性,58,11,12,0.5,0,0,16,4591288.568998441,8.193150684931506,5.0
C-001213755,S-0115,-27.794847946320317,0,3,女性,49,7,12,0.3333333333333333,4902,1,14,4553643.099564746,10.51095890410959,7.0
C-001342525,S-0115,-65.05441215338827,1,3,女性,52,7,12,0.25,0,0,14,4553643.099564746,10.51095890410959,7.0
C-000322006,S-0097,-18.80099607926248,0,3,女性,50,11,12,0.5833333333333334,6554,1,21,4592508.716501317,10.09041095890411,7.0
C-000034831,S-0018,-42.355589161054354,0,3,女性,42,12,12,0.1666666666666666,6507,1,16,4493108.581950108,7.550684931506849,5.0
C-002554151,S-0020,-40.604103091125815,0,3,女性,36,1,12,0.25,0,0,16,4280702.057267675,6.986301369863014,3.5
C-001333087,S-0014,-78.17301306176667,1,3,女性,41,7,12,0.1666666666666666,2815,2,21,4730192.353344672,7.336986301369863,4.0
C-000742603,S-0099,-33.223988932872366,0,3,女性,49,9,12,0.3333333333333333,24798,2,13,4464126.154078853,8.147945205479452,5.0
C-002405054,S-0106,-51.261762013541265,1,3,女性,38,2,12,0.5,0,0,20,4462729.145118021,6.171232876712329,3.5
C-002503082,S-0096,-45.941561138212286,0,3,男性,32,1,12,0.3333333333333333,1669,1,16,4644856.458098179,8.302739726027397,5.0
C-000322324,S-0041,-100.0,1,3,女性,57,11,12,0.1666666666666666,0,0,17,4828489.286769263,10.389041095890411,7.0
C-000692824,S-0082,-54.524520180325396,1,3,女性,77,9,12,0.5833333333333334,15307,2,17,4607261.71451126,4.758904109589041,2.0
C-002148946,S-0121,-10.652973607343075,0,3,女性,36,3,12,0.0,148350,1,14,4716268.25678644,9.856164383561644,7.0
C-001965361,S-0074,-100.0,1,3,女性,49,4,12,0.0,123200,1,14,4614054.39694187,8.308219178082192,6.0
C-001637355,S-0050,-63.02430846605197,1,3,男性,43,5,12,0.75,0,0,20,4615411.181286601,9.2013698630137,6.0
C-002624366,S-0056,-35.13635036692291,0,3,男性,49,1,12,0.0833333333333333,7267,1,15,4406070.585753419,7.528767123287671,4.0
C-002418020,S-0036,-100.0,1,3,女性,52,2,12,0.3333333333333333,0,0,19,4397834.424680548,11.123287671232877,9.0
C-002266091,S-0002,-39.15371798977619,0,3,女性,55,2,12,0.4166666666666667,0,0,15,4455566.655169959,5.663013698630137,2.0
C-000708841,S-0054,-25.421869649929246,0,3,女性,54,9,12,0.25,47380,1,23,4489160.181517739,6.358904109589041,4.0
C-001270627,S-0062,-100.0,1,3,男性,41,7,12,0.5,9850,1,15,4713869.782113416,4.575342465753424,1.0
C-001476777,S-0040,-20.155436341106398,0,3,女性,45,6,12,0.5833333333333334,0,0,20,4550116.0180538,8.163013698630138,4.0
C-000688890,S-0096,-47.03929738420843,0,3,男性,53,9,12,0.1666666666666666,0,0,16,4644856.458098179,8.302739726027397,5.0
C-001726369,S-0097,-26.537976641611,0,3,女性,34,5,12,0.1666666666666666,0,0,21,4592508.716501317,10.09041095890411,7.0
C-000791709,S-0039,-38.05558927054254,0,3,男性,74,9,12,0.0,0,0,16,4591288.568998441,8.193150684931506,5.0
C-001866892,S-0115,-72.1449288759981,1,3,女性,59,4,12,0.4166666666666667,20120,1,14,4553643.099564746,10.51095890410959,7.0
C-001853273,S-0002,-100.0,1,3,女性,40,4,12,0.4166666666666667,5004,1,15,4455566.655169959,5.663013698630137,2.0
C-001869475,S-0036,-100.0,1,3,女性,38,4,12,0.25,5505,1,19,4397834.424680548,11.123287671232877,9.0
C-001476774,S-0017,-16.487833890681586,0,3,女性,46,6,12,0.25,99289,2,20,4640207.03550726,5.608219178082192,2.5
C-000410987,S-0117,-100.0,1,3,女性,42,11,12,0.4166666666666667,9361,1,20,4500859.737076383,9.593150684931507,7.0
C-000170522,S-0126,-24.340138122946932,0,3,男性,45,12,12,0.1666666666666666,13793,2,17,4493168.352495564,5.53972602739726,3.0
C-001379195,S-0012,-93.77735040297279,1,3,女性,38,6,12,0.1666666666666666,25863,1,16,4444678.825084195,7.994520547945205,5.0
C-000107448,S-0020,-35.851735578466695,0,3,女性,45,12,12,0.25,0,0,16,4280702.057267675,6.986301369863014,3.5
C-001660549,S-0036,-100.0,1,3,女性,60,5,12,0.25,0,0,19,4397834.424680548,11.123287671232877,9.0
C-001030200,S-0054,-34.959824469139846,0,3,男性,51,8,12,0.3333333333333333,13956,2,23,4489160.181517739,6.358904109589041,4.0
C-002571015,S-0054,-44.040887248083685,0,3,男性,75,1,12,0.25,0,0,23,4489160.181517739,6.358904109589041,4.0
C-002367057,S-0121,-100.0,1,3,男性,72,2,12,0.5,31283,2,14,4716268.25678644,9.856164383561644,7.0
C-002355984,S-0018,-100.0,1,3,女性,46,2,12,0.1666666666666666,23177,1,16,4493108.581950108,7.550684931506849,5.0
C-002488848,S-0075,-27.419208919697148,0,3,女性,50,1,12,0.1666666666666666,0,0,19,4506647.2743158825,4.526027397260274,1.0
C-002507478,S-0020,-38.60853486306655,0,3,女性,61,1,12,0.1666666666666666,0,0,16,4280702.057267675,6.986301369863014,3.5
C-001445084,S-0079,-100.0,1,3,女性,65,6,12,0.75,0,0,13,4256656.371085242,8.479452054794521,6.0
C-001553325,S-0115,-19.625347180922212,0,3,女性,80,6,12,0.0833333333333333,9484,2,14,4553643.099564746,10.51095890410959,7.0
C-000653501,S-0097,-51.911967358078115,1,3,男性,60,10,12,0.0833333333333333,12203,1,21,4592508.716501317,10.09041095890411,7.0
C-000861128,S-0008,-100.0,1,3,女性,71,9,12,0.0833333333333333,0,0,22,4498453.308937302,10.772602739726027,7.0
C-002338883,S-0050,-41.45359179019385,0,3,女性,45,2,12,0.4166666666666667,0,0,20,4615411.181286601,9.2013698630137,6.0
C-000338486,S-0117,-100.0,1,3,男性,32,11,12,0.1666666666666666,0,0,20,4500859.737076383,9.593150684931507,7.0
C-002330020,S-0126,-100.0,1,3,女性,44,2,12,0.75,0,0,17,4493168.352495564,5.53972602739726,3.0
C-001077588,S-0121,-100.0,1,3,女性,39,8,12,0.25,0,0,14,4716268.25678644,9.856164383561644,7.0
C-000292521,S-0126,-22.471018201013003,0,3,男性,26,11,12,0.6666666666666666,0,0,17,4493168.352495564,5.53972602739726,3.0
C-000353304,S-0075,-70.27839250501589,1,3,男性,43,11,12,0.25,28231,1,19,4506647.2743158825,4.526027397260274,1.0
C-001271997,S-0050,-21.419400774571127,0,3,女性,54,7,12,0.0833333333333333,0,0,20,4615411.181286601,9.2013698630137,6.0
C-002269540,S-0102,-26.004402817153117,0,3,男性,41,2,12,0.5,7459,1,16,4383474.364435211,10.484931506849314,7.5
C-000241708,S-0131,-23.182155736406138,0,3,女性,52,11,12,0.3333333333333333,3205,2,17,4569023.5643747775,5.13972602739726,2.0
C-000900349,S-0097,-21.71929535273587,0,3,女性,59,9,12,0.1666666666666666,7892,2,21,4592508.716501317,10.09041095890411,7.0
C-001164149,S-0004,-100.0,1,3,女性,41,7,12,0.3333333333333333,2609,1,22,4423576.351309,11.806849315068494,9.0
C-002304251,S-0017,-100.0,1,3,女性,60,2,12,0.1666666666666666,18504,1,20,4640207.03550726,5.608219178082192,2.5
C-001980784,S-0097,-100.0,1,3,女性,54,4,12,0.25,1319,1,21,4592508.716501317,10.09041095890411,7.0
C-001250954,S-0111,-7.036363484861741,0,3,女性,55,7,12,0.3333333333333333,4013,2,19,4489501.980758176,6.397260273972603,4.0
C-000779856,S-0014,-100.0,1,3,女性,51,9,12,0.5833333333333334,24209,1,21,4730192.353344672,7.336986301369863,4.0
C-002522622,S-0036,-100.0,1,3,女性,33,1,12,0.0833333333333333,37998,1,19,4397834.424680548,11.123287671232877,9.0
C-001725224,S-0111,-92.14944531814511,1,3,女性,53,5,12,0.25,129205,1,19,4489501.980758176,6.397260273972603,4.0
C-001887238,S-0115,-71.30234283896958,1,3,男性,68,4,12,0.1666666666666666,2571,1,14,4553643.099564746,10.51095890410959,7.0
C-002279128,S-0014,-100.0,1,3,女性,33,2,12,0.1666666666666666,0,0,21,4730192.353344672,7.336986301369863,4.0
C-000220853,S-0041,-59.910479050398024,1,3,男性,51,12,12,0.0833333333333333,6085,1,17,4828489.286769263,10.389041095890411,7.0
C-001111059,S-0054,-24.011690735828665,0,3,女性,52,8,12,0.5,0,0,23,4489160.181517739,6.358904109589041,4.0
C-001376200,S-0131,-60.20325605970543,1,3,男性,37,6,12,0.6666666666666666,0,0,17,4569023.5643747775,5.13972602739726,2.0
C-001773389,S-0072,-25.608520024629044,0,3,男性,54,5,12,0.3333333333333333,21458,1,12,4406797.312641796,9.01917808219178,6.0
C-002619405,S-0012,-41.74763892001691,0,3,男性,60,1,12,0.1666666666666666,2778,1,16,4444678.825084195,7.994520547945205,5.0
C-000161589,S-0018,-100.0,1,3,女性,41,12,12,0.0833333333333333,10745,1,16,4493108.581950108,7.550684931506849,5.0
C-002635243,S-0012,-94.94881743509308,1,3,男性,50,1,12,0.1666666666666666,0,0,16,4444678.825084195,7.994520547945205,5.0
C-000213584,S-0072,-44.13633546396923,0,3,男性,46,12,12,0.0,7336,1,12,4406797.312641796,9.01917808219178,6.0
C-001214608,S-0100,-13.460722511819615,0,3,女性,39,7,12,0.0833333333333333,8251,2,17,4535925.154217558,4.720547945205479,2.0
C-002544684,S-0082,-25.007836045810727,0,3,女性,54,1,12,0.5833333333333334,20197,1,17,4607261.71451126,4.758904109589041,2.0
C-001909450,S-0074,-44.90860647543232,0,3,女性,44,4,12,0.1666666666666666,0,0,14,4614054.39694187,8.308219178082192,6.0
C-001375959,S-0005,-17.459161535443908,0,3,男性,36,6,12,0.5,0,0,21,4733942.970761149,4.69041095890411,2.0
C-000427106,S-0041,-34.54718581658325,0,3,女性,71,11,12,0.0833333333333333,6634,1,17,4828489.286769263,10.389041095890411,7.0
C-001974456,S-0019,-16.11964363795365,0,3,女性,65,4,12,0.5833333333333334,27668,2,19,4327199.920883598,4.090410958904109,1.0
C-002105774,S-0048,-74.66754327324159,1,3,男性,46,3,12,0.25,5039,2,15,4502249.082895545,3.671232876712329,1.0
C-002030291,S-0096,-100.0,1,3,女性,59,3,12,0.4166666666666667,11715,1,16,4644856.458098179,8.302739726027397,5.0
C-001437043,S-0012,-100.0,1,3,男性,55,6,12,0.1666666666666666,21821,1,16,4444678.825084195,7.994520547945205,5.0
C-000368249,S-0050,-56.03715490163663,1,3,女性,43,11,12,0.4166666666666667,0,0,20,4615411.181286601,9.2013698630137,6.0
C-002428949,S-0097,-100.0,1,3,女性,51,2,12,0.5,40022,1,21,4592508.716501317,10.09041095890411,7.0
C-001427728,S-0007,-53.3301908738078,1,3,女性,30,6,12,0.75,0,0,21,4487075.727367008,3.7260273972602738,1.0
C-002170919,S-0097,-28.004410143329654,0,3,女性,90,3,12,0.1666666666666666,2687,1,21,4592508.716501317,10.09041095890411,7.0
C-000361108,S-0102,-92.05347373095037,1,3,女性,72,11,12,0.0833333333333333,25336,2,16,4383474.364435211,10.484931506849314,7.5
C-000295379,S-0050,-100.0,1,3,男性,57,11,12,0.8333333333333334,0,0,20,4615411.181286601,9.2013698630137,6.0
C-001107791,S-0121,-100.0,1,3,女性,44,8,12,0.0833333333333333,0,0,14,4716268.25678644,9.856164383561644,7.0
C-001943419,S-0079,-26.501612547485703,0,3,女性,74,4,12,0.3333333333333333,24170,1,13,4256656.371085242,8.479452054794521,6.0
C-001329143,S-0020,-33.16286477541638,0,3,男性,36,7,12,0.3333333333333333,3377,1,16,4280702.057267675,6.986301369863014,3.5
C-000495321,S-0054,-51.89407176505123,1,3,男性,60,10,12,0.6666666666666666,0,0,23,4489160.181517739,6.358904109589041,4.0
C-001285625,S-0056,-40.98618861378848,0,3,男性,52,7,12,0.0833333333333333,1218,1,15,4406070.585753419,7.528767123287671,4.0
C-001438405,S-0115,-77.43015426360485,1,3,女性,60,6,12,0.1666666666666666,0,0,14,4553643.099564746,10.51095890410959,7.0
C-002661956,S-0096,-25.533424704193596,0,3,女性,58,1,12,0.0833333333333333,9134,1,16,4644856.458098179,8.302739726027397,5.0
C-002247575,S-0111,-39.613002583294694,0,3,女性,44,3,12,0.6666666666666666,38838,1,19,4489501.980758176,6.397260273972603,4.0
C-001604715,S-0020,-100.0,1,3,男性,55,5,12,0.1666666666666666,41917,2,16,4280702.057267675,6.986301369863014,3.5
C-000531902,S-0072,-38.63022588462747,0,3,男性,41,10,12,0.25,39047,1,12,4406797.312641796,9.01917808219178,6.0
C-002547107,S-0121,-29.622916981322057,0,3,男性,79,1,12,0.1666666666666666,26152,1,14,4716268.25678644,9.856164383561644,7.0
C-001026518,S-0072,-25.380991617109693,0,3,男性,46,8,12,0.25,41258,2,12,4406797.312641796,9.01917808219178,6.0
C-001971618,S-0050,-42.30248587732767,0,3,男性,18,4,12,0.1666666666666666,30798,1,20,4615411.181286601,9.2013698630137,6.0
C-002326487,S-0097,-21.786184962785356,0,3,男性,51,2,12,0.25,119214,1,21,4592508.716501317,10.09041095890411,7.0
C-001155596,S-0099,-36.49065466653515,0,3,女性,55,7,12,0.1666666666666666,7697,1,13,4464126.154078853,8.147945205479452,5.0
C-000039142,S-0089,-88.88662087547586,1,3,男性,49,12,12,0.3333333333333333,0,0,19,4721110.949352573,10.142465753424657,7.0
C-000789823,S-0018,-100.0,1,3,男性,55,9,12,0.1666666666666666,0,0,16,4493108.581950108,7.550684931506849,5.0
C-001707087,S-0072,-100.0,1,3,男性,69,5,12,0.0833333333333333,35259,1,12,4406797.312641796,9.01917808219178,6.0
C-001880244,S-0048,-78.72812384057342,1,3,女性,41,4,12,0.1666666666666666,10146,1,15,4502249.082895545,3.671232876712329,1.0
C-000169041,S-0062,-20.692325352446993,0,3,女性,56,12,12,0.5,0,0,15,4713869.782113416,4.575342465753424,1.0
C-001578295,S-0036,-37.58871773303191,0,3,女性,63,5,12,0.1666666666666666,60090,1,19,4397834.424680548,11.123287671232877,9.0
C-000930826,S-0102,-37.28863892558878,0,3,女性,58,8,12,0.0,18459,2,16,4383474.364435211,10.484931506849314,7.5
C-002419833,S-0080,-82.00565000560921,1,3,男性,32,2,12,0.0833333333333333,24668,2,17,4457429.264950683,11.673972602739726,9.0
C-000237241,S-0113,-100.0,1,3,女性,65,11,12,0.1666666666666666,0,0,16,4336633.961311346,5.77945205479452,2.5
C-001488319,S-0074,-41.57863264899343,0,3,女性,45,6,12,0.4166666666666667,0,0,14,4614054.39694187,8.308219178082192,6.0
C-000781148,S-0048,-91.09472950068526,1,3,男性,65,9,12,0.1666666666666666,0,0,15,4502249.082895545,3.671232876712329,1.0
C-002240567,S-0113,-74.00628301170296,1,3,男性,28,3,12,0.25,21099,1,16,4336633.961311346,5.77945205479452,2.5
C-000380536,S-0121,-30.232486189364693,0,3,女性,46,11,12,0.3333333333333333,0,0,14,4716268.25678644,9.856164383561644,7.0
C-000821504,S-0036,-34.9107305904002,0,3,女性,76,9,12,0.25,0,0,19,4397834.424680548,11.123287671232877,9.0
C-000495198,S-0126,-43.16923504501671,0,3,女性,44,10,12,0.5,0,0,17,4493168.352495564,5.53972602739726,3.0
C-000569487,S-0012,-100.0,1,3,女性,37,10,12,0.0833333333333333,300900,1,16,4444678.825084195,7.994520547945205,5.0
C-000023162,S-0008,-20.76709339355723,0,3,女性,54,12,12,0.0833333333333333,17801,1,22,4498453.308937302,10.772602739726027,7.0
C-001040131,S-0041,-53.81340424447667,1,3,女性,57,8,12,0.1666666666666666,170631,1,17,4828489.286769263,10.389041095890411,7.0
C-002680866,S-0121,-34.545295251445594,0,3,女性,41,1,12,0.1666666666666666,8504,2,14,4716268.25678644,9.856164383561644,7.0
C-001871437,S-0089,-100.0,1,3,男性,54,4,12,0.0833333333333333,0,0,19,4721110.949352573,10.142465753424657,7.0
C-000029886,S-0007,-11.822715852706681,0,3,女性,61,12,12,0.1666666666666666,9844,2,21,4487075.727367008,3.7260273972602738,1.0
C-001429771,S-0030,-6.857376558166749,0,3,女性,36,6,12,0.75,2926,2,22,4426478.045479023,9.236986301369862,5.5
C-001227412,S-0036,-29.534056257438863,0,3,女性,46,7,12,0.3333333333333333,2020,1,19,4397834.424680548,11.123287671232877,9.0
C-001994588,S-0012,-16.029153911040765,0,3,男性,36,4,12,0.4166666666666667,3880,2,16,4444678.825084195,7.994520547945205,5.0
C-002268478,S-0030,-26.412481726275043,0,3,男性,56,2,12,0.25,0,0,22,4426478.045479023,9.236986301369862,5.5
C-001735355,S-0072,-43.65453429938327,0,3,女性,51,5,12,0.1666666666666666,0,0,12,4406797.312641796,9.01917808219178,6.0
C-001447399,S-0106,-43.10434278389844,0,3,男性,65,6,12,0.3333333333333333,73742,1,20,4462729.145118021,6.171232876712329,3.5
C-000044704,S-0121,-14.73369221514399,0,3,男性,55,12,12,0.1666666666666666,22066,1,14,4716268.25678644,9.856164383561644,7.0
C-002663241,S-0048,-77.40018330755571,1,3,男性,62,1,12,0.5,17301,1,15,4502249.082895545,3.671232876712329,1.0
C-000099473,S-0102,-100.0,1,3,男性,42,12,12,0.25,2369,2,16,4383474.364435211,10.484931506849314,7.5
C-002179467,S-0096,-52.81718142926266,1,3,男性,27,3,12,0.1666666666666666,7684,1,16,4644856.458098179,8.302739726027397,5.0
C-001512100,S-0099,-100.0,1,3,女性,47,6,12,0.4166666666666667,19807,2,13,4464126.154078853,8.147945205479452,5.0
C-001717308,S-0036,-18.3422054152659,0,3,女性,59,5,12,0.0833333333333333,0,0,19,4397834.424680548,11.123287671232877,9.0
C-001382619,S-0117,-72.59801143681418,1,3,男性,56,6,12,0.5,25240,1,20,4500859.737076383,9.593150684931507,7.0
C-002261604,S-0036,-21.95907264439577,0,3,男性,38,2,12,0.4166666666666667,28194,2,19,4397834.424680548,11.123287671232877,9.0
C-002447759,S-0085,-26.805191219108103,0,3,男性,59,2,12,0.4166666666666667,0,0,15,4606655.398026554,4.928767123287671,2.0
C-000136531,S-0117,-34.84127740137885,0,3,女性,41,12,12,0.1666666666666666,0,0,20,4500859.737076383,9.593150684931507,7.0
C-002458200,S-0018,-100.0,1,3,男性,76,2,12,0.1666666666666666,0,0,16,4493108.581950108,7.550684931506849,5.0
C-002295335,S-0018,-100.0,1,3,女性,52,2,12,0.0,0,0,16,4493108.581950108,7.550684931506849,5.0
C-000156399,S-0018,-98.50689524072858,1,3,女性,51,12,12,0.3333333333333333,73006,1,16,4493108.581950108,7.550684931506849,5.0
C-002423213,S-0074,-34.462083843895826,0,3,女性,42,2,12,0.5,2804,1,14,4614054.39694187,8.308219178082192,6.0
C-000989785,S-0080,-70.73201368735653,1,3,男性,37,8,12,0.0833333333333333,13836,1,17,4457429.264950683,11.673972602739726,9.0
C-000265520,S-0012,-32.60415839312347,0,3,男性,32,11,12,0.1666666666666666,14290,1,16,4444678.825084195,7.994520547945205,5.0
C-000507515,S-0048,-100.0,1,3,女性,61,10,12,0.0833333333333333,1604,1,15,4502249.082895545,3.671232876712329,1.0
C-002295224,S-0036,-100.0,1,3,男性,50,2,12,0.6666666666666666,0,0,19,4397834.424680548,11.123287671232877,9.0
C-002130907,S-0117,-100.0,1,3,女性,36,3,12,0.25,0,0,20,4500859.737076383,9.593150684931507,7.0
C-002051652,S-0030,-39.956177252120014,0,3,男性,55,3,12,0.25,11798,1,22,4426478.045479023,9.236986301369862,5.5
C-002182923,S-0008,-57.379850058478276,1,3,女性,56,3,12,0.1666666666666666,0,0,22,4498453.308937302,10.772602739726027,7.0
C-001803963,S-0096,-31.715098037153506,0,3,女性,46,4,12,0.6666666666666666,0,0,16,4644856.458098179,8.302739726027397,5.0
C-000397495,S-0062,-23.17565277152184,0,3,男性,56,11,12,0.5833333333333334,9546,1,15,4713869.782113416,4.575342465753424,1.0
C-000046729,S-0030,-100.0,1,3,女性,66,12,12,0.0,0,0,22,4426478.045479023,9.236986301369862,5.5
C-001696564,S-0079,-80.54144451137824,1,3,男性,61,5,12,0.5,0,0,13,4256656.371085242,8.479452054794521,6.0
C-002586691,S-0074,-34.61028219532568,0,3,女性,35,1,12,0.0833333333333333,234501,1,14,4614054.39694187,8.308219178082192,6.0
C-001337406,S-0012,-100.0,1,3,男性,39,7,12,0.5833333333333334,13398,2,16,4444678.825084195,7.994520547945205,5.0
C-000639781,S-0040,-100.0,1,3,女性,34,10,12,0.5833333333333334,32088,1,20,4550116.0180538,8.163013698630138,4.0
C-001103798,S-0059,-17.72707662406143,0,3,男性,44,8,12,0.0,6950,1,14,4713188.969095345,6.8123287671232875,3.0
C-001163574,S-0012,-82.50306765771992,1,3,男性,32,7,12,0.1666666666666666,28802,1,16,4444678.825084195,7.994520547945205,5.0
C-000585329,S-0121,-58.338278099901416,1,3,男性,47,10,12,0.1666666666666666,82785,1,14,4716268.25678644,9.856164383561644,7.0
C-000426407,S-0111,-49.3028851097082,1,3,男性,42,11,12,0.1666666666666666,21475,1,19,4489501.980758176,6.397260273972603,4.0
C-001346273,S-0020,-58.412715480374,1,3,男性,39,7,12,0.25,0,0,16,4280702.057267675,6.986301369863014,3.5
C-000081073,S-0014,-15.833148963564653,0,3,女性,42,12,12,0.25,21780,1,21,4730192.353344672,7.336986301369863,4.0
C-002280016,S-0096,-100.0,1,3,女性,55,2,12,0.0,0,0,16,4644856.458098179,8.302739726027397,5.0
C-000456247,S-0007,-47.8885363930242,0,3,男性,70,10,12,0.25,1399,1,21,4487075.727367008,3.7260273972602738,1.0
C-002606820,S-0096,-100.0,1,3,男性,56,1,12,0.4166666666666667,21910,1,16,4644856.458098179,8.302739726027397,5.0
C-002630516,S-0040,-44.44393049323897,0,3,男性,23,1,12,0.0833333333333333,9681,1,20,4550116.0180538,8.163013698630138,4.0
C-002493619,S-0063,-100.0,1,3,女性,82,1,12,0.25,31006,1,18,4564012.176421695,5.749315068493151,3.0
C-002111042,S-0111,-11.196922046061236,0,3,女性,32,3,12,0.25,0,0,19,4489501.980758176,6.397260273972603,4.0
C-001368591,S-0040,-52.2273051222231,1,3,女性,53,6,12,0.4166666666666667,0,0,20,4550116.0180538,8.163013698630138,4.0
C-001684350,S-0074,-33.2575008242664,0,3,女性,45,5,12,0.25,1571,2,14,4614054.39694187,8.308219178082192,6.0
C-002360445,S-0075,-100.0,1,3,女性,39,2,12,0.4166666666666667,25687,2,19,4506647.2743158825,4.526027397260274,1.0
C-000111104,S-0048,-40.446673024271696,0,3,女性,45,12,12,0.0833333333333333,0,0,15,4502249.082895545,3.671232876712329,1.0
C-000772990,S-0018,-47.4045433408539,0,3,男性,36,9,12,0.3333333333333333,0,0,16,4493108.581950108,7.550684931506849,5.0
C-001947479,S-0040,-78.81116594327844,1,3,女性,38,4,12,0.0,19688,1,20,4550116.0180538,8.163013698630138,4.0
C-000051921,S-0115,-100.0,1,3,女性,59,12,12,0.4166666666666667,30919,2,14,4553643.099564746,10.51095890410959,7.0
C-000917898,S-0089,-100.0,1,3,女性,42,8,12,0.1666666666666666,3636,2,19,4721110.949352573,10.142465753424657,7.0
C-001417351,S-0063,-54.119793075272035,1,3,女性,41,6,12,0.1666666666666666,0,0,18,4564012.176421695,5.749315068493151,3.0
C-001851386,S-0036,-100.0,1,3,女性,64,4,12,0.1666666666666666,757,1,19,4397834.424680548,11.123287671232877,9.0
C-001261574,S-0017,-54.009161715209174,1,3,女性,51,7,12,0.4166666666666667,7043,1,20,4640207.03550726,5.608219178082192,2.5
C-000446293,S-0018,-42.084065014089106,0,3,女性,33,11,12,0.5,0,0,16,4493108.581950108,7.550684931506849,5.0
C-001601826,S-0004,-100.0,1,3,女性,63,5,12,0.0,0,0,22,4423576.351309,11.806849315068494,9.0
C-000940683,S-0075,-87.24578015644298,1,3,女性,38,8,12,0.25,0,0,19,4506647.2743158825,4.526027397260274,1.0
C-001761092,S-0056,-42.00785850779503,0,3,男性,34,5,12,0.3333333333333333,14719,2,15,4406070.585753419,7.528767123287671,4.0
C-001276222,S-0089,-50.56739669752181,1,3,男性,50,7,12,0.1666666666666666,5004,1,19,4721110.949352573,10.142465753424657,7.0
C-002481543,S-0039,-47.92109729114305,0,3,男性,49,1,12,0.3333333333333333,0,0,16,4591288.568998441,8.193150684931506,5.0
C-002492202,S-0074,-20.599539195516282,0,3,女性,46,1,12,0.4166666666666667,8757,2,14,4614054.39694187,8.308219178082192,6.0
C-000387591,S-0036,-56.168040688173626,1,3,男性,32,11,12,0.1666666666666666,1851,1,19,4397834.424680548,11.123287671232877,9.0
C-002638503,S-0048,-27.140501837368987,0,3,男性,45,1,12,0.0833333333333333,0,0,15,4502249.082895545,3.671232876712329,1.0
C-001889854,S-0030,-35.89841851727434,0,3,女性,41,4,12,0.4166666666666667,23538,1,22,4426478.045479023,9.236986301369862,5.5
C-001048980,S-0096,-100.0,1,3,男性,52,8,12,0.3333333333333333,24425,1,16,4644856.458098179,8.302739726027397,5.0
C-001838569,S-0020,-81.99248313854707,1,3,女性,46,4,12,0.75,67653,2,16,4280702.057267675,6.986301369863014,3.5
C-000218361,S-0080,-45.56250377013251,0,3,男性,50,12,12,0.25,0,0,17,4457429.264950683,11.673972602739726,9.0
C-002255180,S-0080,-86.49556959791012,1,3,女性,23,2,12,0.0833333333333333,0,0,17,4457429.264950683,11.673972602739726,9.0
C-001189908,S-0113,-24.701054640024044,0,3,男性,41,7,12,0.25,12288,2,16,4336633.961311346,5.77945205479452,2.5
C-000071266,S-0050,-100.0,1,3,男性,45,12,12,0.8333333333333334,0,0,20,4615411.181286601,9.2013698630137,6.0
C-000962336,S-0075,-39.72235353135823,0,3,女性,42,8,12,0.4166666666666667,0,0,19,4506647.2743158825,4.526027397260274,1.0
C-000959526,S-0106,-100.0,1,3,女性,38,8,12,0.1666666666666666,13698,2,20,4462729.145118021,6.171232876712329,3.5
C-001919212,S-0007,-46.20373072249539,0,3,男性,40,4,12,0.25,0,0,21,4487075.727367008,3.7260273972602738,1.0
C-001723919,S-0100,-51.54054078734692,1,3,女性,16,5,12,0.5,0,0,17,4535925.154217558,4.720547945205479,2.0
C-000771665,S-0089,-54.19041312316525,1,3,男性,43,9,12,0.3333333333333333,0,0,19,4721110.949352573,10.142465753424657,7.0
C-000839626,S-0097,-42.2349472082184,0,3,女性,55,9,12,1.0,78257,1,21,4592508.716501317,10.09041095890411,7.0
C-001721159,S-0050,-54.619275938716235,1,3,女性,41,5,12,0.3333333333333333,17543,1,20,4615411.181286601,9.2013698630137,6.0
C-000336888,S-0115,-86.83062039005084,1,3,女性,58,11,12,0.0833333333333333,45722,2,14,4553643.099564746,10.51095890410959,7.0
C-000280481,S-0074,-64.09582806814187,1,3,男性,61,11,12,0.1666666666666666,37686,2,14,4614054.39694187,8.308219178082192,6.0
C-002179131,S-0014,-100.0,1,3,女性,37,3,12,0.5,0,0,21,4730192.353344672,7.336986301369863,4.0
C-002425846,S-0096,-61.198491096831944,1,3,女性,42,2,12,0.25,3264,1,16,4644856.458098179,8.302739726027397,5.0
C-000321726,S-0096,-35.885014257282535,0,3,女性,67,11,12,0.3333333333333333,4368,2,16,4644856.458098179,8.302739726027397,5.0
C-001030147,S-0004,-25.655568074442513,0,3,女性,59,8,12,0.0833333333333333,11007,2,22,4423576.351309,11.806849315068494,9.0
C-000954104,S-0111,-100.0,1,3,女性,45,8,12,0.5833333333333334,0,0,19,4489501.980758176,6.397260273972603,4.0
C-001363940,S-0030,-38.93245775657076,0,3,男性,62,6,12,0.25,0,0,22,4426478.045479023,9.236986301369862,5.5
C-000145888,S-0102,-44.448316743967894,0,3,男性,56,12,12,0.4166666666666667,2181,2,16,4383474.364435211,10.484931506849314,7.5
C-000921593,S-0036,-44.5195098556225,0,3,男性,50,8,12,0.3333333333333333,3359,1,19,4397834.424680548,11.123287671232877,9.0
C-000456734,S-0040,-57.258763516489765,1,3,女性,24,10,12,0.25,154754,1,20,4550116.0180538,8.163013698630138,4.0
C-001951812,S-0097,-100.0,1,3,女性,53,4,12,0.1666666666666666,25689,1,21,4592508.716501317,10.09041095890411,7.0
C-001004945,S-0062,-28.327992088043285,0,3,女性,43,8,12,0.3333333333333333,1379,1,15,4713869.782113416,4.575342465753424,1.0
C-000562059,S-0012,-100.0,1,3,男性,66,10,12,0.25,16313,1,16,4444678.825084195,7.994520547945205,5.0
C-000944149,S-0117,-100.0,1,3,男性,60,8,12,0.0,19011,1,20,4500859.737076383,9.593150684931507,7.0
C-000503081,S-0004,-62.42721742082039,1,3,女性,41,10,12,0.5833333333333334,0,0,22,4423576.351309,11.806849315068494,9.0
C-001593381,S-0089,-51.90031152647975,1,3,女性,59,5,12,0.1666666666666666,25988,1,19,4721110.949352573,10.142465753424657,7.0
C-000773359,S-0018,-96.09887512997449,1,3,女性,46,9,12,0.25,0,0,16,4493108.581950108,7.550684931506849,5.0
C-001672059,S-0036,-100.0,1,3,女性,59,5,12,0.3333333333333333,25365,2,19,4397834.424680548,11.123287671232877,9.0
C-000544555,S-0039,-19.177669955841463,0,3,男性,49,10,12,0.4166666666666667,50546,1,16,4591288.568998441,8.193150684931506,5.0
C-002253257,S-0082,-16.54779466497043,0,3,男性,57,2,12,0.0833333333333333,24173,1,17,4607261.71451126,4.758904109589041,2.0
C-002487386,S-0005,-21.812255285399594,0,3,男性,42,1,12,0.25,5467,1,21,4733942.970761149,4.69041095890411,2.0
C-002569363,S-0036,-29.5354405053616,0,3,女性,49,1,12,0.6666666666666666,49265,1,19,4397834.424680548,11.123287671232877,9.0
C-002373105,S-0102,-100.0,1,3,女性,53,2,12,0.0833333333333333,26035,1,16,4383474.364435211,10.484931506849314,7.5
C-000913156,S-0040,-100.0,1,3,女性,36,8,12,0.3333333333333333,0,0,20,4550116.0180538,8.163013698630138,4.0
C-001529052,S-0036,-47.91717987365714,0,3,男性,57,6,12,0.5,0,0,19,4397834.424680548,11.123287671232877,9.0
C-001174414,S-0115,-47.073656120672105,0,3,女性,59,7,12,0.25,5933,1,14,4553643.099564746,10.51095890410959,7.0
C-001425860,S-0080,-23.162811063270816,0,3,男性,32,6,12,0.3333333333333333,38904,2,17,4457429.264950683,11.673972602739726,9.0
C-001142193,S-0018,-100.0,1,3,女性,38,7,12,0.1666666666666666,33221,1,16,4493108.581950108,7.550684931506849,5.0
C-001581891,S-0099,-100.0,1,3,男性,47,5,12,0.1666666666666666,0,0,13,4464126.154078853,8.147945205479452,5.0
C-001093213,S-0106,-100.0,1,3,女性,65,8,12,0.5,67749,1,20,4462729.145118021,6.171232876712329,3.5
C-001088936,S-0097,-39.9780915621609,0,3,女性,49,8,12,0.25,0,0,21,4592508.716501317,10.09041095890411,7.0
C-001935890,S-0050,-23.550800702031356,0,3,女性,30,4,12,0.25,0,0,20,4615411.181286601,9.2013698630137,6.0
C-001750972,S-0080,-100.0,1,3,男性,65,5,12,0.0833333333333333,1672,2,17,4457429.264950683,11.673972602739726,9.0
C-001133040,S-0099,-79.71687927380333,1,3,女性,47,7,12,0.0833333333333333,4101,1,13,4464126.154078853,8.147945205479452,5.0
C-000280835,S-0113,-10.849361919754518,0,3,男性,65,11,12,0.6666666666666666,22778,2,16,4336633.961311346,5.77945205479452,2.5
C-001804954,S-0113,-99.52106307387072,1,3,女性,51,4,12,0.25,0,0,16,4336633.961311346,5.77945205479452,2.5
C-002058229,S-0040,-28.817792028470063,0,3,女性,56,3,12,0.1666666666666666,0,0,20,4550116.0180538,8.163013698630138,4.0
C-001175861,S-0036,-67.0542859526514,1,3,女性,34,7,12,0.1666666666666666,0,0,19,4397834.424680548,11.123287671232877,9.0
C-000622209,S-0089,-100.0,1,3,女性,38,10,12,0.1666666666666666,88980,1,19,4721110.949352573,10.142465753424657,7.0
C-001512161,S-0007,-50.92003673344444,1,3,男性,41,6,12,0.1666666666666666,108821,2,21,4487075.727367008,3.7260273972602738,1.0
C-001790820,S-0008,-81.14939049558349,1,3,男性,18,5,12,0.25,0,0,22,4498453.308937302,10.772602739726027,7.0
C-001645465,S-0036,-73.7145112240871,1,3,女性,41,5,12,0.0,3507,1,19,4397834.424680548,11.123287671232877,9.0
C-002430445,S-0041,-54.09186858390315,1,3,男性,56,2,12,0.1666666666666666,0,0,17,4828489.286769263,10.389041095890411,7.0
C-002693164,S-0117,-44.78749761768629,0,3,女性,77,1,12,0.0833333333333333,40996,2,20,4500859.737076383,9.593150684931507,7.0
C-000009397,S-0117,-13.793492891618039,0,3,女性,64,12,12,0.25,0,0,20,4500859.737076383,9.593150684931507,7.0
C-002253360,S-0056,-50.128326496265906,1,3,女性,51,2,12,0.25,11313,2,15,4406070.585753419,7.528767123287671,4.0
C-000334581,S-0020,-34.0009052424186,0,3,女性,48,11,12,0.25,73221,1,16,4280702.057267675,6.986301369863014,3.5
C-002063613,S-0056,-25.635065058010497,0,3,女性,61,3,12,0.0833333333333333,9382,1,15,4406070.585753419,7.528767123287671,4.0
C-001739836,S-0008,-18.081074438444205,0,3,女性,59,5,12,0.1666666666666666,0,0,22,4498453.308937302,10.772602739726027,7.0
C-000499038,S-0096,-52.418431176764265,1,3,女性,60,10,12,0.5,0,0,16,4644856.458098179,8.302739726027397,5.0
C-000780999,S-0096,-100.0,1,3,女性,75,9,12,0.0833333333333333,0,0,16,4644856.458098179,8.302739726027397,5.0
C-001245059,S-0113,-78.67456714798003,1,3,女性,17,7,12,0.0833333333333333,0,0,16,4336633.961311346,5.77945205479452,2.5
C-000739135,S-0079,-100.0,1,3,女性,38,9,12,0.25,0,0,13,4256656.371085242,8.479452054794521,6.0
C-001010490,S-0117,-25.889860895063766,0,3,男性,68,8,12,0.25,0,0,20,4500859.737076383,9.593150684931507,7.0
C-001097661,S-0100,-82.60484347312463,1,3,女性,49,8,12,0.5833333333333334,11636,1,17,4535925.154217558,4.720547945205479,2.0
C-001356379,S-0074,-73.79419470312054,1,3,女性,48,6,12,0.0833333333333333,0,0,14,4614054.39694187,8.308219178082192,6.0
C-000904021,S-0040,-25.434287768060383,0,3,女性,42,8,12,0.1666666666666666,0,0,20,4550116.0180538,8.163013698630138,4.0
C-000717823,S-0106,-34.0336900527508,0,3,女性,64,9,12,0.1666666666666666,0,0,20,4462729.145118021,6.171232876712329,3.5
C-000588883,S-0113,-100.0,1,3,男性,58,10,12,0.25,0,0,16,4336633.961311346,5.77945205479452,2.5
C-001978061,S-0036,-30.626515585732548,0,3,男性,32,4,12,0.5833333333333334,0,0,19,4397834.424680548,11.123287671232877,9.0
C-001679486,S-0004,-97.8797874992808,1,3,女性,34,5,12,0.3333333333333333,0,0,22,4423576.351309,11.806849315068494,9.0
C-002410200,S-0121,-100.0,1,3,女性,34,2,12,0.1666666666666666,10313,1,14,4716268.25678644,9.856164383561644,7.0
C-002439162,S-0004,-100.0,1,3,男性,50,2,12,0.4166666666666667,10531,1,22,4423576.351309,11.806849315068494,9.0
C-002194315,S-0039,-18.636237600737022,0,3,男性,81,3,12,0.0,3125,2,16,4591288.568998441,8.193150684931506,5.0
C-001696841,S-0004,-54.156698243769505,1,3,男性,64,5,12,0.25,23951,2,22,4423576.351309,11.806849315068494,9.0
C-001833480,S-0082,-34.82518693559695,0,3,男性,54,4,12,0.1666666666666666,8104,1,17,4607261.71451126,4.758904109589041,2.0
C-001262599,S-0096,-100.0,1,3,男性,55,7,12,0.75,0,0,16,4644856.458098179,8.302739726027397,5.0
C-001436574,S-0106,-18.769307508743292,0,3,女性,52,6,12,0.0833333333333333,64956,2,20,4462729.145118021,6.171232876712329,3.5
C-002163333,S-0131,-100.0,1,3,男性,70,3,12,0.0,0,0,17,4569023.5643747775,5.13972602739726,2.0
C-001289411,S-0041,-100.0,1,3,女性,58,7,12,0.5,0,0,17,4828489.286769263,10.389041095890411,7.0
C-000067029,S-0079,-96.54033834644335,1,3,男性,55,12,12,0.25,0,0,13,4256656.371085242,8.479452054794521,6.0
C-000591273,S-0072,-59.9123547236393,1,3,男性,58,10,12,0.4166666666666667,4198,2,12,4406797.312641796,9.01917808219178,6.0
C-000876074,S-0106,-38.716200099746295,0,3,男性,41,9,12,0.3333333333333333,31598,2,20,4462729.145118021,6.171232876712329,3.5
C-000415383,S-0106,-100.0,1,3,女性,46,11,12,0.1666666666666666,0,0,20,4462729.145118021,6.171232876712329,3.5
C-001280541,S-0036,-46.57095929466817,0,3,女性,54,7,12,0.25,0,0,19,4397834.424680548,11.123287671232877,9.0
C-000352909,S-0102,-29.951748670446943,0,3,女性,51,11,12,0.0833333333333333,36037,1,16,4383474.364435211,10.484931506849314,7.5
C-002602934,S-0074,-65.22675467423682,1,3,女性,35,1,12,0.1666666666666666,1217,1,14,4614054.39694187,8.308219178082192,6.0
C-002032694,S-0041,-29.41955006632596,0,3,女性,43,3,12,0.5,0,0,17,4828489.286769263,10.389041095890411,7.0
C-001503878,S-0096,-66.57239392868112,1,3,女性,79,6,12,0.3333333333333333,3479,1,16,4644856.458098179,8.302739726027397,5.0
C-000687819,S-0115,-100.0,1,3,女性,28,9,12,0.25,0,0,14,4553643.099564746,10.51095890410959,7.0
C-001422111,S-0080,-46.502475517152924,0,3,男性,46,6,12,0.3333333333333333,0,0,17,4457429.264950683,11.673972602739726,9.0
C-000019541,S-0048,-39.63673962435879,0,3,女性,45,12,12,0.25,0,0,15,4502249.082895545,3.671232876712329,1.0
C-001778041,S-0040,-38.638349868099496,0,3,女性,46,5,12,0.1666666666666666,0,0,20,4550116.0180538,8.163013698630138,4.0
C-002565784,S-0113,-56.63070033412022,1,3,男性,66,1,12,0.1666666666666666,5199,2,16,4336633.961311346,5.77945205479452,2.5
C-000013997,S-0036,-77.67056419570893,1,3,女性,79,12,12,0.3333333333333333,7185,2,19,4397834.424680548,11.123287671232877,9.0
C-000860299,S-0089,-35.33072885601813,0,3,男性,68,9,12,0.5,36687,1,19,4721110.949352573,10.142465753424657,7.0
C-001903731,S-0004,-100.0,1,3,女性,32,4,12,0.5,0,0,22,4423576.351309,11.806849315068494,9.0
C-000353635,S-0117,-56.32687794041229,1,3,男性,56,11,12,0.3333333333333333,0,0,20,4500859.737076383,9.593150684931507,7.0
C-001117788,S-0097,-100.0,1,3,男性,60,8,12,0.4166666666666667,0,0,21,4592508.716501317,10.09041095890411,7.0
C-000420512,S-0054,-8.952024286460796,0,3,男性,50,11,12,0.0,29963,2,23,4489160.181517739,6.358904109589041,4.0
C-000310231,S-0059,-100.0,1,3,女性,38,11,12,0.5,48289,1,14,4713188.969095345,6.8123287671232875,3.0
C-001496432,S-0097,-52.99729272177894,1,3,男性,51,6,12,0.0833333333333333,0,0,21,4592508.716501317,10.09041095890411,7.0
C-000622698,S-0036,-37.742222119311485,0,3,女性,67,10,12,0.1666666666666666,22026,1,19,4397834.424680548,11.123287671232877,9.0
C-000369072,S-0004,-40.557421087978504,0,3,女性,57,11,12,0.1666666666666666,84252,1,22,4423576.351309,11.806849315068494,9.0
C-001108838,S-0079,-23.849618794467347,0,3,男性,53,8,12,0.3333333333333333,0,0,13,4256656.371085242,8.479452054794521,6.0
C-001074327,S-0048,-100.0,1,3,女性,52,8,12,0.0833333333333333,7266,1,15,4502249.082895545,3.671232876712329,1.0
C-000565730,S-0039,-47.98398942420681,0,3,男性,57,10,12,0.1666666666666666,0,0,16,4591288.568998441,8.193150684931506,5.0
C-001420721,S-0097,-100.0,1,3,女性,53,6,12,0.1666666666666666,42307,1,21,4592508.716501317,10.09041095890411,7.0
C-002444889,S-0002,-18.507316597973293,0,3,女性,34,2,12,0.4166666666666667,10846,1,15,4455566.655169959,5.663013698630137,2.0
C-000857610,S-0004,-57.97327619003253,1,3,女性,68,9,12,0.4166666666666667,0,0,22,4423576.351309,11.806849315068494,9.0
C-002316831,S-0002,-71.53192312845171,1,3,男性,54,2,12,0.1666666666666666,8222,1,15,4455566.655169959,5.663013698630137,2.0
C-000847466,S-0097,-59.60448005998407,1,3,男性,53,9,12,0.3333333333333333,2340,1,21,4592508.716501317,10.09041095890411,7.0
C-001693466,S-0100,-61.15448292105099,1,3,女性,55,5,12,0.0,0,0,17,4535925.154217558,4.720547945205479,2.0
C-000652416,S-0080,-51.535750155618096,1,3,男性,46,10,12,0.3333333333333333,48505,2,17,4457429.264950683,11.673972602739726,9.0
C-001492883,S-0040,-38.10360809416374,0,3,女性,48,6,12,0.1666666666666666,11066,1,20,4550116.0180538,8.163013698630138,4.0
C-000136630,S-0072,-35.67476923076923,0,3,男性,56,12,12,0.4166666666666667,59899,1,12,4406797.312641796,9.01917808219178,6.0
C-000483236,S-0056,-100.0,1,3,男性,32,10,12,0.4166666666666667,5520,1,15,4406070.585753419,7.528767123287671,4.0
C-000296735,S-0106,-55.88334928934384,1,3,女性,21,11,12,0.1666666666666666,26321,1,20,4462729.145118021,6.171232876712329,3.5
C-002664463,S-0080,-19.50790701889528,0,3,女性,40,1,12,0.0833333333333333,25356,1,17,4457429.264950683,11.673972602739726,9.0
C-000032754,S-0036,-75.96008172682669,1,3,男性,71,12,12,0.0833333333333333,0,0,19,4397834.424680548,11.123287671232877,9.0
C-001861675,S-0072,-45.78009701066145,0,3,女性,49,4,12,0.3333333333333333,4093,1,12,4406797.312641796,9.01917808219178,6.0
C-001113683,S-0113,-67.23218936631577,1,3,男性,31,8,12,0.1666666666666666,3244,1,16,4336633.961311346,5.77945205479452,2.5
C-001386422,S-0115,-100.0,1,3,女性,36,6,12,0.0833333333333333,5242,1,14,4553643.099564746,10.51095890410959,7.0
C-001990171,S-0005,-16.265083397691495,0,3,女性,45,4,12,1.0,0,0,21,4733942.970761149,4.69041095890411,2.0
C-002436751,S-0008,-54.71938360840495,1,3,男性,56,2,12,0.0833333333333333,4479,1,22,4498453.308937302,10.772602739726027,7.0
C-001957373,S-0080,-36.21170372391215,0,3,女性,42,4,12,0.1666666666666666,0,0,17,4457429.264950683,11.673972602739726,9.0
C-001732827,S-0036,-100.0,1,3,男性,57,5,12,0.4166666666666667,6318,1,19,4397834.424680548,11.123287671232877,9.0
C-000160436,S-0113,-100.0,1,3,女性,46,12,12,0.0833333333333333,0,0,16,4336633.961311346,5.77945205479452,2.5
C-002139146,S-0063,-100.0,1,3,男性,44,3,12,0.25,0,0,18,4564012.176421695,5.749315068493151,3.0
C-002542074,S-0096,-30.955005404071695,0,3,男性,35,1,12,0.5,0,0,16,4644856.458098179,8.302739726027397,5.0
C-002580613,S-0099,-49.67940369086501,1,3,男性,32,1,12,0.0,64815,1,13,4464126.154078853,8.147945205479452,5.0
C-000608112,S-0004,-33.419310819772484,0,3,女性,24,10,12,0.0833333333333333,22343,2,22,4423576.351309,11.806849315068494,9.0
C-002276944,S-0059,-35.135193906333484,0,3,女性,50,2,12,0.3333333333333333,0,0,14,4713188.969095345,6.8123287671232875,3.0
C-002675264,S-0080,-100.0,1,3,女性,43,1,12,0.0,0,0,17,4457429.264950683,11.673972602739726,9.0
C-000902361,S-0115,-74.34740088768524,1,3,女性,79,8,12,0.1666666666666666,5765,1,14,4553643.099564746,10.51095890410959,7.0
C-000938736,S-0054,-21.115250690817323,0,3,男性,44,8,12,0.3333333333333333,18517,2,23,4489160.181517739,6.358904109589041,4.0
C-001250273,S-0111,-36.58033693738999,0,3,男性,52,7,12,0.25,8685,2,19,4489501.980758176,6.397260273972603,4.0
C-002605557,S-0074,-100.0,1,3,男性,24,1,12,0.6666666666666666,0,0,14,4614054.39694187,8.308219178082192,6.0
C-002260792,S-0007,-55.96428855694994,1,3,男性,48,2,12,0.5,12999,1,21,4487075.727367008,3.7260273972602738,1.0
C-002319302,S-0072,-100.0,1,3,女性,42,2,12,0.0,0,0,12,4406797.312641796,9.01917808219178,6.0
C-000549954,S-0014,-44.85534328980479,0,3,男性,35,10,12,0.25,0,0,21,4730192.353344672,7.336986301369863,4.0
C-000719809,S-0056,-100.0,1,3,男性,21,9,12,0.3333333333333333,0,0,15,4406070.585753419,7.528767123287671,4.0
C-002170867,S-0121,-81.30703837979748,1,3,女性,43,3,12,0.1666666666666666,0,0,14,4716268.25678644,9.856164383561644,7.0
C-000232034,S-0079,-8.57702391929023,0,3,女性,59,11,12,0.4166666666666667,0,0,13,4256656.371085242,8.479452054794521,6.0
C-002601841,S-0004,-18.630097228268756,0,3,男性,44,1,12,0.3333333333333333,0,0,22,4423576.351309,11.806849315068494,9.0
C-000091624,S-0002,-26.24407267157569,0,3,男性,67,12,12,0.25,17918,2,15,4455566.655169959,5.663013698630137,2.0
C-002595948,S-0012,-37.53602485246965,0,3,男性,48,1,12,0.0,1430,1,16,4444678.825084195,7.994520547945205,5.0
C-001118052,S-0014,-9.21930951875928,0,3,男性,42,8,12,0.0833333333333333,30237,2,21,4730192.353344672,7.336986301369863,4.0
C-002048094,S-0017,-33.699521803640906,0,3,女性,70,3,12,0.25,0,0,20,4640207.03550726,5.608219178082192,2.5
C-001082165,S-0121,-100.0,1,3,女性,51,8,12,0.0833333333333333,26607,2,14,4716268.25678644,9.856164383561644,7.0
C-000874711,S-0097,-30.419727803778475,0,3,女性,43,9,12,0.0,804,2,21,4592508.716501317,10.09041095890411,7.0
C-000002325,S-0102,-83.69544318400307,1,3,男性,45,12,12,0.25,0,0,16,4383474.364435211,10.484931506849314,7.5
C-000341069,S-0004,-100.0,1,3,女性,48,11,12,0.5833333333333334,52498,1,22,4423576.351309,11.806849315068494,9.0
C-001712333,S-0002,-56.763474545694045,1,3,女性,50,5,12,0.6666666666666666,19189,2,15,4455566.655169959,5.663013698630137,2.0
C-001121561,S-0018,-76.6538493212297,1,3,女性,54,8,12,0.25,2434,1,16,4493108.581950108,7.550684931506849,5.0
C-000565042,S-0054,-39.48996052067848,0,3,女性,69,10,12,0.1666666666666666,5991,2,23,4489160.181517739,6.358904109589041,4.0
C-001401669,S-0056,-40.327583446730166,0,3,女性,55,6,12,0.1666666666666666,4270,1,15,4406070.585753419,7.528767123287671,4.0
C-000114224,S-0018,-100.0,1,3,男性,31,12,12,0.1666666666666666,7790,1,16,4493108.581950108,7.550684931506849,5.0
C-002278166,S-0017,-36.83635998246127,0,3,女性,58,2,12,0.3333333333333333,78302,1,20,4640207.03550726,5.608219178082192,2.5
C-001874088,S-0115,-57.98310956644935,1,3,女性,21,4,12,0.4166666666666667,12870,1,14,4553643.099564746,10.51095890410959,7.0
C-000846776,S-0085,-11.017856427226041,0,3,女性,59,9,12,0.3333333333333333,27206,1,15,4606655.398026554,4.928767123287671,2.0
C-001484640,S-0059,-38.50285675185604,0,3,女性,56,6,12,0.1666666666666666,10514,1,14,4713188.969095345,6.8123287671232875,3.0
C-000959101,S-0089,-100.0,1,3,男性,36,8,12,0.5833333333333334,0,0,19,4721110.949352573,10.142465753424657,7.0
C-001182369,S-0040,-61.91246108650853,1,3,女性,52,7,12,0.6666666666666666,0,0,20,4550116.0180538,8.163013698630138,4.0
C-000172588,S-0082,-17.98925399258635,0,3,女性,56,12,12,0.1666666666666666,0,0,17,4607261.71451126,4.758904109589041,2.0
C-000168944,S-0111,-39.028908407991466,0,3,女性,33,12,12,0.4166666666666667,1073,1,19,4489501.980758176,6.397260273972603,4.0
C-001828232,S-0126,-65.16554449479088,1,3,女性,44,4,12,0.25,55110,1,17,4493168.352495564,5.53972602739726,3.0
C-001510143,S-0020,-100.0,1,3,女性,59,6,12,0.3333333333333333,14319,1,16,4280702.057267675,6.986301369863014,3.5
C-000788233,S-0096,-100.0,1,3,女性,53,9,12,0.1666666666666666,3614,2,16,4644856.458098179,8.302739726027397,5.0
C-000312666,S-0005,-31.733702979609408,0,3,女性,47,11,12,0.25,23124,1,21,4733942.970761149,4.69041095890411,2.0
C-002593693,S-0074,-37.912333896339106,0,3,女性,54,1,12,0.25,1132,1,14,4614054.39694187,8.308219178082192,6.0
C-000050072,S-0099,-18.49781676709648,0,3,女性,23,12,12,0.25,0,0,13,4464126.154078853,8.147945205479452,5.0
C-002432201,S-0036,-61.69116333799103,1,3,男性,34,2,12,0.5833333333333334,16313,1,19,4397834.424680548,11.123287671232877,9.0
C-000139324,S-0020,-48.48231492570558,0,3,男性,35,12,12,0.25,0,0,16,4280702.057267675,6.986301369863014,3.5
C-000417962,S-0100,-54.05033303151706,1,3,女性,51,11,12,0.1666666666666666,8031,1,17,4535925.154217558,4.720547945205479,2.0
C-000717852,S-0080,-98.81308656837892,1,3,女性,52,9,12,0.3333333333333333,978,1,17,4457429.264950683,11.673972602739726,9.0
C-001216886,S-0074,-23.003999487418138,0,3,女性,23,7,12,0.25,7290,2,14,4614054.39694187,8.308219178082192,6.0
C-001751442,S-0040,-50.73791132314035,1,3,男性,57,5,12,0.25,0,0,20,4550116.0180538,8.163013698630138,4.0
C-002266841,S-0004,-39.00377431396496,0,3,男性,56,2,12,0.3333333333333333,11579,1,22,4423576.351309,11.806849315068494,9.0
C-000596057,S-0115,-100.0,1,3,男性,67,10,12,0.0,0,0,14,4553643.099564746,10.51095890410959,7.0
C-000595180,S-0102,-44.56447999614064,0,3,男性,48,10,12,0.25,62298,1,16,4383474.364435211,10.484931506849314,7.5
C-002309210,S-0017,-100.0,1,3,女性,46,2,12,0.1666666666666666,26806,2,20,4640207.03550726,5.608219178082192,2.5
C-002635736,S-0089,-63.852062688464926,1,3,女性,47,1,12,0.0833333333333333,0,0,19,4721110.949352573,10.142465753424657,7.0
C-000255337,S-0100,-14.077617799040127,0,3,女性,51,11,12,0.5833333333333334,0,0,17,4535925.154217558,4.720547945205479,2.0
C-000974782,S-0121,-44.47859289908266,0,3,女性,57,8,12,0.5,0,0,14,4716268.25678644,9.856164383561644,7.0
C-001902376,S-0075,-59.608260981761575,1,3,女性,47,4,12,0.5833333333333334,31111,1,19,4506647.2743158825,4.526027397260274,1.0
C-000673372,S-0014,-60.857337425157645,1,3,女性,60,10,12,0.0,1925,1,21,4730192.353344672,7.336986301369863,4.0
C-002509793,S-0079,-46.41876916363302,0,3,男性,50,1,12,0.3333333333333333,36414,1,13,4256656.371085242,8.479452054794521,6.0
C-002491835,S-0063,-44.312401093804,0,3,女性,44,1,12,0.25,0,0,18,4564012.176421695,5.749315068493151,3.0
C-001081501,S-0063,-27.13887827390576,0,3,男性,35,8,12,0.5,0,0,18,4564012.176421695,5.749315068493151,3.0
C-000537317,S-0099,-19.025249029215104,0,3,男性,58,10,12,0.1666666666666666,0,0,13,4464126.154078853,8.147945205479452,5.0
C-001731007,S-0082,-100.0,1,3,女性,63,5,12,0.1666666666666666,14626,2,17,4607261.71451126,4.758904109589041,2.0
C-002110290,S-0040,-29.539731181164473,0,3,男性,44,3,12,0.5833333333333334,7492,1,20,4550116.0180538,8.163013698630138,4.0
C-001581519,S-0063,-16.411542719480863,0,3,女性,57,5,12,0.4166666666666667,0,0,18,4564012.176421695,5.749315068493151,3.0
C-000598214,S-0096,-42.62559811356244,0,3,女性,51,10,12,0.0833333333333333,25649,2,16,4644856.458098179,8.302739726027397,5.0
C-002384493,S-0102,-100.0,1,3,女性,51,2,12,0.0833333333333333,13442,2,16,4383474.364435211,10.484931506849314,7.5
C-001900471,S-0056,-40.94070355139558,0,3,女性,42,4,12,0.4166666666666667,0,0,15,4406070.585753419,7.528767123287671,4.0
C-001628130,S-0113,-34.26460395030376,0,3,女性,40,5,12,0.3333333333333333,0,0,16,4336633.961311346,5.77945205479452,2.5
C-002512576,S-0085,-100.0,1,3,女性,61,1,12,0.4166666666666667,34768,1,15,4606655.398026554,4.928767123287671,2.0
C-001581881,S-0014,-100.0,1,3,男性,28,5,12,0.25,1386,1,21,4730192.353344672,7.336986301369863,4.0
C-002284036,S-0012,-68.97874247176675,1,3,男性,66,2,12,1.0,64763,1,16,4444678.825084195,7.994520547945205,5.0
C-000337201,S-0059,-45.16626059764252,0,3,女性,63,11,12,0.5833333333333334,3699,1,14,4713188.969095345,6.8123287671232875,3.0
C-002250198,S-0017,-12.266062652278134,0,3,女性,48,2,12,0.1666666666666666,29997,2,20,4640207.03550726,5.608219178082192,2.5
C-002653364,S-0012,-16.441917279317554,0,3,女性,19,1,12,0.75,0,0,16,4444678.825084195,7.994520547945205,5.0
C-002438453,S-0096,-33.61866051571266,0,3,女性,46,2,12,0.1666666666666666,2899,1,16,4644856.458098179,8.302739726027397,5.0
C-001316123,S-0008,-100.0,1,3,女性,49,7,12,0.25,0,0,22,4498453.308937302,10.772602739726027,7.0
C-001268230,S-0099,-49.729722382067884,1,3,女性,55,7,12,0.25,36382,1,13,4464126.154078853,8.147945205479452,5.0
C-000364238,S-0079,-8.824908645953556,0,3,男性,47,11,12,0.3333333333333333,0,0,13,4256656.371085242,8.479452054794521,6.0
C-002511512,S-0096,-100.0,1,3,女性,73,1,12,0.25,6200,2,16,4644856.458098179,8.302739726027397,5.0
C-000041832,S-0096,-34.162704337025936,0,3,男性,73,12,12,0.25,16309,2,16,4644856.458098179,8.302739726027397,5.0
C-001321873,S-0040,-58.23847677615823,1,3,男性,59,7,12,0.1666666666666666,5962,1,20,4550116.0180538,8.163013698630138,4.0
C-000025699,S-0117,-46.67117253594984,0,3,女性,42,12,12,0.25,9039,1,20,4500859.737076383,9.593150684931507,7.0
C-000507209,S-0097,-100.0,1,3,女性,19,10,12,0.3333333333333333,0,0,21,4592508.716501317,10.09041095890411,7.0
C-002227477,S-0131,-33.88430331388115,0,3,女性,42,3,12,0.0833333333333333,8267,1,17,4569023.5643747775,5.13972602739726,2.0
C-002626659,S-0048,-79.87709432430864,1,3,女性,66,1,12,0.0833333333333333,11462,1,15,4502249.082895545,3.671232876712329,1.0
C-001671714,S-0102,-56.25396699460489,1,3,女性,37,5,12,0.1666666666666666,8462,1,16,4383474.364435211,10.484931506849314,7.5
C-000376588,S-0054,-28.411172043066223,0,3,女性,33,11,12,0.25,6987,1,23,4489160.181517739,6.358904109589041,4.0
C-002002898,S-0056,-58.338884595912496,1,3,女性,32,4,12,0.6666666666666666,0,0,15,4406070.585753419,7.528767123287671,4.0
C-001308137,S-0117,-52.00411598013124,1,3,女性,46,7,12,0.0833333333333333,0,0,20,4500859.737076383,9.593150684931507,7.0
C-001182046,S-0056,-5.601084042772557,0,3,男性,33,7,12,0.4166666666666667,0,0,15,4406070.585753419,7.528767123287671,4.0
C-001156905,S-0113,-100.0,1,3,男性,43,7,12,0.3333333333333333,2731,1,16,4336633.961311346,5.77945205479452,2.5
C-002625221,S-0115,-48.01479030845577,0,3,女性,52,1,12,0.1666666666666666,0,0,14,4553643.099564746,10.51095890410959,7.0
C-001386955,S-0048,-63.58492808748366,1,3,男性,47,6,12,0.3333333333333333,24476,2,15,4502249.082895545,3.671232876712329,1.0
C-000053290,S-0019,-12.026882055328308,0,3,女性,52,12,12,0.3333333333333333,26247,1,19,4327199.920883598,4.090410958904109,1.0
C-001929949,S-0075,-15.980889762882553,0,3,女性,64,4,12,0.1666666666666666,3389,2,19,4506647.2743158825,4.526027397260274,1.0
C-002437087,S-0117,-100.0,1,3,男性,54,2,12,0.25,10204,1,20,4500859.737076383,9.593150684931507,7.0
C-001563196,S-0005,-100.0,1,3,女性,52,6,12,0.0,5267,2,21,4733942.970761149,4.69041095890411,2.0
C-000603954,S-0041,-100.0,1,3,女性,33,10,12,0.0833333333333333,0,0,17,4828489.286769263,10.389041095890411,7.0
C-000116529,S-0056,-33.13772246665099,0,3,男性,47,12,12,0.25,0,0,15,4406070.585753419,7.528767123287671,4.0
C-000281981,S-0099,-82.44524635236043,1,3,男性,50,11,12,0.25,0,0,13,4464126.154078853,8.147945205479452,5.0
C-002587255,S-0059,-100.0,1,3,男性,44,1,12,0.3333333333333333,43630,1,14,4713188.969095345,6.8123287671232875,3.0
C-000210938,S-0072,-27.978085774576723,0,3,女性,51,12,12,0.1666666666666666,53079,1,12,4406797.312641796,9.01917808219178,6.0
C-000072863,S-0089,-100.0,1,3,男性,38,12,12,0.5833333333333334,0,0,19,4721110.949352573,10.142465753424657,7.0
C-001748554,S-0040,-100.0,1,3,女性,64,5,12,0.25,48254,2,20,4550116.0180538,8.163013698630138,4.0
C-001777730,S-0004,-99.4335722286474,1,3,女性,45,5,12,0.0833333333333333,0,0,22,4423576.351309,11.806849315068494,9.0
C-000552020,S-0099,-98.36529652162275,1,3,男性,32,10,12,0.75,10089,1,13,4464126.154078853,8.147945205479452,5.0
C-001140673,S-0007,-100.0,1,3,女性,32,7,12,0.25,24172,2,21,4487075.727367008,3.7260273972602738,1.0
C-000036487,S-0099,-60.157346974775095,1,3,女性,60,12,12,0.3333333333333333,2315,2,13,4464126.154078853,8.147945205479452,5.0
C-001767242,S-0097,-46.016664015037684,0,3,男性,56,5,12,0.1666666666666666,0,0,21,4592508.716501317,10.09041095890411,7.0
C-001809844,S-0062,-20.033214323804106,0,3,女性,26,4,12,0.6666666666666666,0,0,15,4713869.782113416,4.575342465753424,1.0
C-002424072,S-0096,-33.33204894050436,0,3,女性,52,2,12,0.1666666666666666,45481,2,16,4644856.458098179,8.302739726027397,5.0
C-001459818,S-0100,-33.15864199068423,0,3,女性,32,6,12,0.3333333333333333,73579,2,17,4535925.154217558,4.720547945205479,2.0
C-000647454,S-0074,-40.25536496671655,0,3,女性,40,10,12,0.1666666666666666,7819,1,14,4614054.39694187,8.308219178082192,6.0
C-002466024,S-0080,-82.83969937595394,1,3,男性,38,2,12,0.25,37368,2,17,4457429.264950683,11.673972602739726,9.0
C-001913844,S-0111,-100.0,1,3,女性,80,4,12,0.4166666666666667,72010,1,19,4489501.980758176,6.397260273972603,4.0
C-001111324,S-0117,-36.95186941378876,0,3,女性,60,8,12,0.3333333333333333,18869,2,20,4500859.737076383,9.593150684931507,7.0
C-002247925,S-0002,-29.851110111011103,0,3,女性,54,3,12,0.25,0,0,15,4455566.655169959,5.663013698630137,2.0
C-001917619,S-0039,-24.638064457013385,0,3,男性,48,4,12,0.3333333333333333,1550,1,16,4591288.568998441,8.193150684931506,5.0
C-002434414,S-0020,-19.02966283220359,0,3,男性,64,2,12,0.0833333333333333,17458,2,16,4280702.057267675,6.986301369863014,3.5
C-002456954,S-0041,-11.651300666663342,0,3,男性,56,2,12,0.4166666666666667,67761,1,17,4828489.286769263,10.389041095890411,7.0
C-000422587,S-0004,-56.82651415163513,1,3,女性,57,11,12,0.3333333333333333,30815,1,22,4423576.351309,11.806849315068494,9.0
C-001550612,S-0036,-100.0,1,3,女性,42,6,12,0.0833333333333333,30350,1,19,4397834.424680548,11.123287671232877,9.0
C-002509423,S-0072,-79.30386022498034,1,3,女性,63,1,12,0.25,1000,2,12,4406797.312641796,9.01917808219178,6.0
C-000457297,S-0074,-100.0,1,3,女性,72,10,12,0.1666666666666666,13761,2,14,4614054.39694187,8.308219178082192,6.0
C-002043793,S-0082,-59.785726028898665,1,3,男性,56,3,12,0.6666666666666666,5116,2,17,4607261.71451126,4.758904109589041,2.0
C-001763224,S-0072,-33.22028855638573,0,3,女性,62,5,12,0.0833333333333333,6325,2,12,4406797.312641796,9.01917808219178,6.0
C-001904579,S-0062,-17.88981795933568,0,3,男性,51,4,12,0.1666666666666666,0,0,15,4713869.782113416,4.575342465753424,1.0
C-001694042,S-0008,-100.0,1,3,男性,50,5,12,0.5833333333333334,22319,1,22,4498453.308937302,10.772602739726027,7.0
C-002384243,S-0007,-27.00880155486746,0,3,男性,40,2,12,0.25,12558,1,21,4487075.727367008,3.7260273972602738,1.0
C-001701154,S-0014,-38.638419237355585,0,3,女性,42,5,12,0.1666666666666666,13036,1,21,4730192.353344672,7.336986301369863,4.0
C-002590153,S-0089,-42.504863492482194,0,3,女性,58,1,12,0.1666666666666666,52816,1,19,4721110.949352573,10.142465753424657,7.0
C-000922237,S-0017,-34.41607116086153,0,3,女性,24,8,12,0.3333333333333333,6382,2,20,4640207.03550726,5.608219178082192,2.5
C-001048633,S-0019,-6.05621464955065,0,3,女性,58,8,12,0.5833333333333334,6188,1,19,4327199.920883598,4.090410958904109,1.0
C-000277131,S-0080,-87.9827528528417,1,3,女性,34,11,12,0.0833333333333333,24483,2,17,4457429.264950683,11.673972602739726,9.0
C-001493186,S-0019,-14.507190411570233,0,3,男性,46,6,12,0.3333333333333333,2622,2,19,4327199.920883598,4.090410958904109,1.0
C-001481756,S-0100,-18.77087916564817,0,3,女性,46,6,12,0.0,0,0,17,4535925.154217558,4.720547945205479,2.0
C-001274906,S-0012,-14.405138705467376,0,3,女性,52,7,12,0.4166666666666667,3553,1,16,4444678.825084195,7.994520547945205,5.0
C-002333412,S-0080,-38.71772242923449,0,3,女性,65,2,12,0.1666666666666666,2472,1,17,4457429.264950683,11.673972602739726,9.0
C-001576546,S-0036,-70.59632819141687,1,3,男性,45,5,12,0.4166666666666667,0,0,19,4397834.424680548,11.123287671232877,9.0
C-000506304,S-0079,-19.076169550976836,0,3,女性,50,10,12,0.1666666666666666,13493,1,13,4256656.371085242,8.479452054794521,6.0
C-000320709,S-0082,-40.73343308564328,0,3,女性,49,11,12,0.25,56533,1,17,4607261.71451126,4.758904109589041,2.0
C-001794892,S-0072,-19.555468751510745,0,3,男性,55,5,12,0.1666666666666666,5117,1,12,4406797.312641796,9.01917808219178,6.0
C-001266806,S-0004,-100.0,1,3,女性,40,7,12,0.1666666666666666,13917,2,22,4423576.351309,11.806849315068494,9.0
C-002347373,S-0005,-19.26091848728599,0,3,女性,50,2,12,0.6666666666666666,16676,2,21,4733942.970761149,4.69041095890411,2.0
C-000714361,S-0039,-20.87692297168811,0,3,女性,22,9,12,0.5,6030,2,16,4591288.568998441,8.193150684931506,5.0
C-000982609,S-0111,-15.398779645072866,0,3,女性,54,8,12,0.0833333333333333,0,0,19,4489501.980758176,6.397260273972603,4.0
C-001354367,S-0096,-26.259124533092454,0,3,女性,53,6,12,0.5,126876,2,16,4644856.458098179,8.302739726027397,5.0
C-002423536,S-0007,-77.27621108631455,1,3,女性,37,2,12,0.0833333333333333,48081,1,21,4487075.727367008,3.7260273972602738,1.0
C-001340939,S-0097,-18.186817197498723,0,3,女性,49,7,12,0.3333333333333333,27495,1,21,4592508.716501317,10.09041095890411,7.0
C-000880897,S-0018,-40.78753389603941,0,3,女性,70,9,12,0.3333333333333333,9423,2,16,4493108.581950108,7.550684931506849,5.0
C-000744898,S-0014,-83.27580539119,1,3,女性,35,9,12,0.0833333333333333,22597,2,21,4730192.353344672,7.336986301369863,4.0
C-000244758,S-0097,-100.0,1,3,女性,53,11,12,0.25,5891,1,21,4592508.716501317,10.09041095890411,7.0
C-000407503,S-0059,-42.063299611045906,0,3,男性,63,11,12,0.0,0,0,14,4713188.969095345,6.8123287671232875,3.0
C-000064929,S-0131,-100.0,1,3,女性,37,12,12,0.9166666666666666,0,0,17,4569023.5643747775,5.13972602739726,2.0
C-001456235,S-0012,-10.926757715244475,0,3,女性,31,6,12,0.25,6616,2,16,4444678.825084195,7.994520547945205,5.0
C-000966400,S-0007,-100.0,1,3,女性,55,8,12,0.1666666666666666,0,0,21,4487075.727367008,3.7260273972602738,1.0
C-000382905,S-0014,-100.0,1,3,女性,59,11,12,0.3333333333333333,19186,1,21,4730192.353344672,7.336986301369863,4.0
C-001888793,S-0002,-15.495661486014109,0,3,女性,54,4,12,0.5,21413,1,15,4455566.655169959,5.663013698630137,2.0
C-001537981,S-0020,-26.18198874296435,0,3,男性,55,6,12,0.4166666666666667,0,0,16,4280702.057267675,6.986301369863014,3.5
C-000127803,S-0008,-50.13241139255392,1,3,女性,44,12,12,0.4166666666666667,76959,1,22,4498453.308937302,10.772602739726027,7.0
C-001497965,S-0048,-77.90048834851521,1,3,男性,59,6,12,0.1666666666666666,6134,1,15,4502249.082895545,3.671232876712329,1.0
C-001522010,S-0111,-39.73330069990802,0,3,女性,36,6,12,0.0833333333333333,0,0,19,4489501.980758176,6.397260273972603,4.0
C-001742156,S-0018,-74.397390201172,1,3,女性,62,5,12,0.1666666666666666,-7121,2,16,4493108.581950108,7.550684931506849,5.0
C-001594731,S-0074,-98.99816906760631,1,3,男性,36,5,12,0.25,17992,2,14,4614054.39694187,8.308219178082192,6.0
C-001573830,S-0096,-74.7666705608993,1,3,女性,54,6,12,0.5833333333333334,0,0,16,4644856.458098179,8.302739726027397,5.0
C-000543563,S-0004,-100.0,1,3,男性,51,10,12,0.25,357,1,22,4423576.351309,11.806849315068494,9.0
C-002094285,S-0048,-100.0,1,3,女性,31,3,12,0.1666666666666666,38706,1,15,4502249.082895545,3.671232876712329,1.0
C-000731447,S-0063,-13.102855012614961,0,3,男性,67,9,12,0.4166666666666667,0,0,18,4564012.176421695,5.749315068493151,3.0
C-001644771,S-0048,-56.39352326926551,1,3,女性,58,5,12,0.0,8199,2,15,4502249.082895545,3.671232876712329,1.0
C-000351313,S-0056,-93.51635395279816,1,3,男性,48,11,12,0.25,2707,1,15,4406070.585753419,7.528767123287671,4.0
C-000299370,S-0117,-15.453340688004563,0,3,男性,21,11,12,0.1666666666666666,0,0,20,4500859.737076383,9.593150684931507,7.0
C-002025511,S-0115,-100.0,1,3,女性,52,3,12,0.3333333333333333,18593,1,14,4553643.099564746,10.51095890410959,7.0
C-002345614,S-0126,-39.06064635561292,0,3,女性,32,2,12,0.25,5283,2,17,4493168.352495564,5.53972602739726,3.0
C-001898045,S-0012,-47.69393759987892,0,3,女性,42,4,12,0.3333333333333333,0,0,16,4444678.825084195,7.994520547945205,5.0
C-002432196,S-0017,-58.34096243154618,1,3,女性,55,2,12,0.1666666666666666,11748,2,20,4640207.03550726,5.608219178082192,2.5
C-000016944,S-0063,-49.716709985285426,1,3,男性,64,12,12,0.25,10707,1,18,4564012.176421695,5.749315068493151,3.0
C-001683154,S-0089,-38.2537207802213,0,3,男性,57,5,12,0.25,19782,1,19,4721110.949352573,10.142465753424657,7.0
C-000112966,S-0113,-17.91177313090805,0,3,男性,47,12,12,0.3333333333333333,0,0,16,4336633.961311346,5.77945205479452,2.5
C-002586781,S-0041,-19.325452320147285,0,3,男性,50,1,12,0.3333333333333333,0,0,17,4828489.286769263,10.389041095890411,7.0
C-001279908,S-0059,-60.15371975614403,1,3,女性,45,7,12,0.25,2440,2,14,4713188.969095345,6.8123287671232875,3.0
C-002589928,S-0048,-97.26788116648628,1,3,女性,43,1,12,0.1666666666666666,0,0,15,4502249.082895545,3.671232876712329,1.0
C-002402893,S-0039,-100.0,1,3,男性,61,2,12,0.0833333333333333,0,0,16,4591288.568998441,8.193150684931506,5.0
C-001865264,S-0131,-31.638248040975352,0,3,女性,51,4,12,0.0833333333333333,39365,1,17,4569023.5643747775,5.13972602739726,2.0
C-001384911,S-0097,-100.0,1,3,女性,52,6,12,0.4166666666666667,0,0,21,4592508.716501317,10.09041095890411,7.0
C-001344373,S-0056,-93.18912825894724,1,3,男性,54,7,12,0.25,0,0,15,4406070.585753419,7.528767123287671,4.0
C-001373022,S-0082,-58.5110980596403,1,3,女性,63,6,12,0.5,0,0,17,4607261.71451126,4.758904109589041,2.0
C-001784038,S-0017,-32.68051208175025,0,3,女性,63,5,12,0.5,0,0,20,4640207.03550726,5.608219178082192,2.5
C-000420175,S-0085,-20.105556351763116,0,3,女性,19,11,12,0.25,24374,2,15,4606655.398026554,4.928767123287671,2.0
C-000834683,S-0113,-51.52274294143111,1,3,女性,56,9,12,0.25,32109,2,16,4336633.961311346,5.77945205479452,2.5
C-001116598,S-0041,-12.250949492236176,0,3,女性,50,8,12,0.3333333333333333,21508,2,17,4828489.286769263,10.389041095890411,7.0
C-001264170,S-0111,-62.52432131937367,1,3,男性,35,7,12,0.1666666666666666,0,0,19,4489501.980758176,6.397260273972603,4.0
C-002132809,S-0020,-13.388268872154763,0,3,女性,39,3,12,0.1666666666666666,2833,1,16,4280702.057267675,6.986301369863014,3.5
C-000090933,S-0115,-96.43574770022919,1,3,女性,43,12,12,0.0833333333333333,0,0,14,4553643.099564746,10.51095890410959,7.0
C-001284768,S-0115,-100.0,1,3,男性,70,7,12,0.0833333333333333,11400,1,14,4553643.099564746,10.51095890410959,7.0
C-000557831,S-0054,-82.98088629889241,1,3,男性,67,10,12,0.9166666666666666,0,0,23,4489160.181517739,6.358904109589041,4.0
C-002042004,S-0007,-52.98197549233791,1,3,男性,42,3,12,0.1666666666666666,0,0,21,4487075.727367008,3.7260273972602738,1.0
C-001074601,S-0056,-49.774089600398185,1,3,女性,33,8,12,0.1666666666666666,5386,1,15,4406070.585753419,7.528767123287671,4.0
C-001994002,S-0040,2.090194375720239,0,3,男性,39,4,12,0.1666666666666666,21938,1,20,4550116.0180538,8.163013698630138,4.0
C-000496748,S-0100,-61.643003183967494,1,3,女性,48,10,12,0.3333333333333333,0,0,17,4535925.154217558,4.720547945205479,2.0
C-002461248,S-0062,-16.395076523309985,0,3,男性,46,2,12,0.0833333333333333,0,0,15,4713869.782113416,4.575342465753424,1.0
C-002496818,S-0041,-30.21571160575957,0,3,女性,28,1,12,0.1666666666666666,0,0,17,4828489.286769263,10.389041095890411,7.0
C-001071660,S-0002,-35.05302617196765,0,3,男性,45,8,12,0.4166666666666667,26162,2,15,4455566.655169959,5.663013698630137,2.0
C-000449941,S-0079,-36.00656774507419,0,3,男性,80,11,12,0.75,10580,1,13,4256656.371085242,8.479452054794521,6.0
C-000486442,S-0106,-28.288454271653414,0,3,男性,40,10,12,0.1666666666666666,366,2,20,4462729.145118021,6.171232876712329,3.5
C-000416135,S-0056,-34.81589212294304,0,3,女性,41,11,12,0.5,30169,2,15,4406070.585753419,7.528767123287671,4.0
C-002056712,S-0018,-100.0,1,3,女性,44,3,12,0.25,20473,1,16,4493108.581950108,7.550684931506849,5.0
C-000828999,S-0017,-10.08836978239349,0,3,女性,64,9,12,0.4166666666666667,0,0,20,4640207.03550726,5.608219178082192,2.5
C-000966220,S-0036,-81.86500459633727,1,3,男性,41,8,12,0.25,11423,1,19,4397834.424680548,11.123287671232877,9.0
C-001456562,S-0079,-46.74170033662152,0,3,男性,38,6,12,0.3333333333333333,8629,1,13,4256656.371085242,8.479452054794521,6.0
C-002053348,S-0018,-68.22130259249485,1,3,男性,65,3,12,0.0833333333333333,106309,1,16,4493108.581950108,7.550684931506849,5.0
C-001888078,S-0074,-66.12881769065388,1,3,女性,45,4,12,0.3333333333333333,10795,1,14,4614054.39694187,8.308219178082192,6.0
C-000302431,S-0012,-100.0,1,3,女性,39,11,12,0.0833333333333333,0,0,16,4444678.825084195,7.994520547945205,5.0
C-000856407,S-0074,-42.645141827581725,0,3,女性,86,9,12,0.0833333333333333,7110,2,14,4614054.39694187,8.308219178082192,6.0
C-000228437,S-0079,-100.0,1,3,女性,44,11,12,0.1666666666666666,0,0,13,4256656.371085242,8.479452054794521,6.0
C-001825353,S-0097,-34.434475127489655,0,3,男性,31,4,12,0.3333333333333333,25695,2,21,4592508.716501317,10.09041095890411,7.0
C-001164851,S-0102,-100.0,1,3,男性,53,7,12,0.25,0,0,16,4383474.364435211,10.484931506849314,7.5
C-000464676,S-0113,-97.73357503307041,1,3,男性,66,10,12,0.3333333333333333,0,0,16,4336633.961311346,5.77945205479452,2.5
C-002311320,S-0082,-100.0,1,3,女性,43,2,12,0.1666666666666666,1437,2,17,4607261.71451126,4.758904109589041,2.0
C-000495249,S-0082,-22.090450593600877,0,3,男性,69,10,12,0.8333333333333334,76798,2,17,4607261.71451126,4.758904109589041,2.0
C-001862007,S-0075,-11.117981879809424,0,3,男性,45,4,12,0.3333333333333333,11811,1,19,4506647.2743158825,4.526027397260274,1.0
C-000828651,S-0115,-37.63732775596231,0,3,男性,70,9,12,0.25,20925,2,14,4553643.099564746,10.51095890410959,7.0
C-000517330,S-0018,-100.0,1,3,男性,36,10,12,0.5833333333333334,0,0,16,4493108.581950108,7.550684931506849,5.0
C-000209340,S-0039,-58.78400946682317,1,3,男性,53,12,12,0.5833333333333334,0,0,16,4591288.568998441,8.193150684931506,5.0
C-002041881,S-0036,-43.54684557661553,0,3,女性,51,3,12,0.0833333333333333,5478,2,19,4397834.424680548,11.123287671232877,9.0
C-002110246,S-0097,-100.0,1,3,男性,50,3,12,0.3333333333333333,37717,2,21,4592508.716501317,10.09041095890411,7.0
C-000769156,S-0017,-32.964145505143364,0,3,女性,39,9,12,0.3333333333333333,38860,1,20,4640207.03550726,5.608219178082192,2.5
C-002065947,S-0017,-32.50121971052204,0,3,男性,62,3,12,0.3333333333333333,1809,1,20,4640207.03550726,5.608219178082192,2.5
C-002326547,S-0131,-100.0,1,3,女性,36,2,12,0.1666666666666666,0,0,17,4569023.5643747775,5.13972602739726,2.0
C-001207139,S-0012,-52.51104446365055,1,3,男性,59,7,12,0.25,8143,1,16,4444678.825084195,7.994520547945205,5.0
C-001073743,S-0007,-46.96329443187594,0,3,女性,73,8,12,0.25,0,0,21,4487075.727367008,3.7260273972602738,1.0
C-001035560,S-0063,-29.236646548872887,0,3,女性,59,8,12,0.1666666666666666,1662,1,18,4564012.176421695,5.749315068493151,3.0
C-002356454,S-0014,-17.51144751309447,0,3,男性,58,2,12,0.0833333333333333,6208,1,21,4730192.353344672,7.336986301369863,4.0
C-001891291,S-0072,-29.027861090194378,0,3,女性,49,4,12,0.5,8481,1,12,4406797.312641796,9.01917808219178,6.0
C-000705627,S-0040,-31.787280045133492,0,3,女性,44,9,12,0.3333333333333333,0,0,20,4550116.0180538,8.163013698630138,4.0
C-001480241,S-0036,-23.245098768438524,0,3,女性,67,6,12,0.0833333333333333,0,0,19,4397834.424680548,11.123287671232877,9.0
C-001692758,S-0074,-59.43555287130706,1,3,女性,59,5,12,0.6666666666666666,1115,1,14,4614054.39694187,8.308219178082192,6.0
C-001086992,S-0030,-100.0,1,3,男性,33,8,12,0.1666666666666666,22427,1,22,4426478.045479023,9.236986301369862,5.5
C-001645411,S-0099,-16.413489018692985,0,3,男性,33,5,12,0.6666666666666666,0,0,13,4464126.154078853,8.147945205479452,5.0
C-000585375,S-0097,-100.0,1,3,男性,62,10,12,0.1666666666666666,0,0,21,4592508.716501317,10.09041095890411,7.0
C-000825459,S-0121,-100.0,1,3,男性,41,9,12,0.1666666666666666,0,0,14,4716268.25678644,9.856164383561644,7.0
C-001907388,S-0014,-91.30106729436042,1,3,女性,32,4,12,0.3333333333333333,2121,2,21,4730192.353344672,7.336986301369863,4.0
C-002427648,S-0102,-91.6822945394374,1,3,男性,41,2,12,0.3333333333333333,17732,2,16,4383474.364435211,10.484931506849314,7.5
C-000034415,S-0102,-91.32841724303177,1,3,女性,66,12,12,0.25,0,0,16,4383474.364435211,10.484931506849314,7.5
C-000276042,S-0089,-27.798776596209724,0,3,男性,50,11,12,0.1666666666666666,14439,1,19,4721110.949352573,10.142465753424657,7.0
C-000505956,S-0059,-40.03593462851142,0,3,男性,41,10,12,0.5,13502,1,14,4713188.969095345,6.8123287671232875,3.0
C-002053421,S-0111,-44.74705557077224,0,3,男性,43,3,12,0.1666666666666666,0,0,19,4489501.980758176,6.397260273972603,4.0
C-000309979,S-0089,-16.040685215325674,0,3,男性,48,11,12,0.3333333333333333,20714,2,19,4721110.949352573,10.142465753424657,7.0
C-001485984,S-0113,-100.0,1,3,男性,77,6,12,0.1666666666666666,0,0,16,4336633.961311346,5.77945205479452,2.5
C-001371219,S-0115,-30.080153358438128,0,3,男性,50,6,12,0.3333333333333333,19960,1,14,4553643.099564746,10.51095890410959,7.0
C-001836952,S-0106,-61.82022145316147,1,3,女性,50,4,12,0.0833333333333333,0,0,20,4462729.145118021,6.171232876712329,3.5
C-000321258,S-0097,-39.422213007118664,0,3,女性,34,11,12,0.25,73423,1,21,4592508.716501317,10.09041095890411,7.0
C-002282055,S-0008,-14.178931647200868,0,3,女性,60,2,12,0.1666666666666666,3212,1,22,4498453.308937302,10.772602739726027,7.0
C-000704957,S-0115,-100.0,1,3,男性,44,9,12,0.4166666666666667,0,0,14,4553643.099564746,10.51095890410959,7.0
C-000356445,S-0007,-23.06347309931539,0,3,女性,59,11,12,0.0833333333333333,26376,1,21,4487075.727367008,3.7260273972602738,1.0
C-000919519,S-0117,-42.71954444928499,0,3,男性,50,8,12,0.4166666666666667,0,0,20,4500859.737076383,9.593150684931507,7.0
C-000413990,S-0050,-41.310957887300006,0,3,女性,19,11,12,0.4166666666666667,0,0,20,4615411.181286601,9.2013698630137,6.0
C-002069350,S-0072,-100.0,1,3,女性,57,3,12,0.0833333333333333,0,0,12,4406797.312641796,9.01917808219178,6.0
C-001047555,S-0004,-45.84114612056816,0,3,女性,52,8,12,0.3333333333333333,0,0,22,4423576.351309,11.806849315068494,9.0
C-000232390,S-0014,-100.0,1,3,女性,35,11,12,0.1666666666666666,0,0,21,4730192.353344672,7.336986301369863,4.0
C-001153643,S-0004,-15.639150121908743,0,3,女性,42,7,12,0.0833333333333333,1663,1,22,4423576.351309,11.806849315068494,9.0
C-001814376,S-0012,-100.0,1,3,女性,51,4,12,0.0833333333333333,0,0,16,4444678.825084195,7.994520547945205,5.0
C-000096007,S-0059,-18.79618757233776,0,3,女性,68,12,12,0.5,127022,1,14,4713188.969095345,6.8123287671232875,3.0
C-001031094,S-0111,-54.27133773141378,1,3,男性,38,8,12,0.25,0,0,19,4489501.980758176,6.397260273972603,4.0
C-002085467,S-0074,-48.02833860113097,0,3,男性,73,3,12,0.3333333333333333,35231,2,14,4614054.39694187,8.308219178082192,6.0
C-000914457,S-0072,-13.788298690222955,0,3,男性,43,8,12,0.5,0,0,12,4406797.312641796,9.01917808219178,6.0
C-000776472,S-0004,-47.56220440990913,0,3,女性,46,9,12,0.3333333333333333,1190,1,22,4423576.351309,11.806849315068494,9.0
C-000436042,S-0074,-30.04218647562401,0,3,女性,34,11,12,0.4166666666666667,1611,2,14,4614054.39694187,8.308219178082192,6.0
C-000557754,S-0113,-74.14198588910591,1,3,男性,36,10,12,0.5,90149,1,16,4336633.961311346,5.77945205479452,2.5
C-001492178,S-0113,-25.497171075728275,0,3,男性,48,6,12,0.0833333333333333,3457,1,16,4336633.961311346,5.77945205479452,2.5
C-002385233,S-0106,-74.11946988351825,1,3,男性,75,2,12,0.3333333333333333,2417,2,20,4462729.145118021,6.171232876712329,3.5
C-002286258,S-0080,-90.03399628586833,1,3,男性,31,2,12,0.25,9655,1,17,4457429.264950683,11.673972602739726,9.0
C-001361293,S-0106,-100.0,1,3,女性,46,6,12,0.1666666666666666,89676,1,20,4462729.145118021,6.171232876712329,3.5
C-000200513,S-0082,-100.0,1,3,女性,41,12,12,0.5,0,0,17,4607261.71451126,4.758904109589041,2.0
C-002086859,S-0117,-26.878421766394535,0,3,女性,34,3,12,0.3333333333333333,40406,1,20,4500859.737076383,9.593150684931507,7.0
C-001362285,S-0050,-100.0,1,3,女性,48,6,12,0.3333333333333333,0,0,20,4615411.181286601,9.2013698630137,6.0
C-002491920,S-0096,-30.828981247972887,0,3,女性,49,1,12,0.0833333333333333,0,0,16,4644856.458098179,8.302739726027397,5.0
C-001350438,S-0012,-57.06081356011021,1,3,女性,36,7,12,0.1666666666666666,6947,2,16,4444678.825084195,7.994520547945205,5.0
C-001906428,S-0096,-100.0,1,3,女性,20,4,12,0.3333333333333333,0,0,16,4644856.458098179,8.302739726027397,5.0
C-001359668,S-0040,-37.381086186700614,0,3,女性,30,6,12,0.3333333333333333,0,0,20,4550116.0180538,8.163013698630138,4.0
C-001747038,S-0036,-32.553852859188055,0,3,男性,57,5,12,0.25,285021,1,19,4397834.424680548,11.123287671232877,9.0
C-001965594,S-0018,-100.0,1,3,女性,44,4,12,0.1666666666666666,33355,2,16,4493108.581950108,7.550684931506849,5.0
C-000395874,S-0117,-98.21952614455685,1,3,女性,38,11,12,0.25,58977,1,20,4500859.737076383,9.593150684931507,7.0
C-000136346,S-0115,-17.001025553861478,0,3,女性,68,12,12,0.3333333333333333,11086,1,14,4553643.099564746,10.51095890410959,7.0
C-002610042,S-0039,-100.0,1,3,女性,67,1,12,0.4166666666666667,16826,1,16,4591288.568998441,8.193150684931506,5.0
C-000591007,S-0089,-49.55235571938717,1,3,男性,38,10,12,0.1666666666666666,24429,2,19,4721110.949352573,10.142465753424657,7.0
C-000742734,S-0050,-22.04920392320893,0,3,男性,38,9,12,0.3333333333333333,3224,1,20,4615411.181286601,9.2013698630137,6.0
C-000539752,S-0097,-60.55146400311872,1,3,女性,45,10,12,0.3333333333333333,33880,2,21,4592508.716501317,10.09041095890411,7.0
C-000028488,S-0063,-18.836071278915334,0,3,男性,55,12,12,0.1666666666666666,52683,1,18,4564012.176421695,5.749315068493151,3.0
C-000971023,S-0012,-48.038367835063774,0,3,男性,62,8,12,0.3333333333333333,2878,1,16,4444678.825084195,7.994520547945205,5.0
C-001283124,S-0041,-71.89389663791019,1,3,男性,30,7,12,0.4166666666666667,10296,2,17,4828489.286769263,10.389041095890411,7.0
C-002167983,S-0020,-35.32321361747858,0,3,女性,33,3,12,0.4166666666666667,8036,1,16,4280702.057267675,6.986301369863014,3.5
C-001574837,S-0113,-62.58502204709635,1,3,女性,41,6,12,0.3333333333333333,2190,1,16,4336633.961311346,5.77945205479452,2.5
C-001433262,S-0099,-15.242529705740107,0,3,女性,32,6,12,0.5,0,0,13,4464126.154078853,8.147945205479452,5.0
C-000876076,S-0121,-94.2544322233941,1,3,男性,75,9,12,0.0833333333333333,0,0,14,4716268.25678644,9.856164383561644,7.0
C-001581884,S-0113,-87.49791669823185,1,3,女性,43,5,12,0.25,11869,1,16,4336633.961311346,5.77945205479452,2.5
C-001643775,S-0012,-66.20294804509956,1,3,女性,47,5,12,0.0833333333333333,2885,1,16,4444678.825084195,7.994520547945205,5.0
C-000799187,S-0097,-40.09500863996433,0,3,女性,38,9,12,0.25,0,0,21,4592508.716501317,10.09041095890411,7.0
C-002592761,S-0079,-20.228734784561546,0,3,男性,47,1,12,0.0833333333333333,0,0,13,4256656.371085242,8.479452054794521,6.0
C-000324280,S-0115,-75.84490310484718,1,3,女性,37,11,12,0.25,14815,1,14,4553643.099564746,10.51095890410959,7.0
C-000186009,S-0050,-35.05936540429887,0,3,女性,35,12,12,0.4166666666666667,6842,1,20,4615411.181286601,9.2013698630137,6.0
C-000858681,S-0102,-100.0,1,3,男性,59,9,12,0.25,0,0,16,4383474.364435211,10.484931506849314,7.5
C-000005233,S-0056,-72.90405033425088,1,3,女性,49,12,12,0.0,4877,1,15,4406070.585753419,7.528767123287671,4.0
C-001139894,S-0012,-94.2034736172077,1,3,男性,51,7,12,0.1666666666666666,0,0,16,4444678.825084195,7.994520547945205,5.0
C-002246857,S-0102,-45.88523403650593,0,3,女性,58,3,12,0.1666666666666666,32282,2,16,4383474.364435211,10.484931506849314,7.5
C-001035414,S-0014,-98.33001548330016,1,3,女性,51,8,12,0.6666666666666666,23558,1,21,4730192.353344672,7.336986301369863,4.0
C-000815787,S-0106,-68.39083866887992,1,3,男性,60,9,12,0.25,54121,1,20,4462729.145118021,6.171232876712329,3.5
C-000828184,S-0036,-53.34540276198572,1,3,男性,40,9,12,0.25,52663,1,19,4397834.424680548,11.123287671232877,9.0
C-000864828,S-0030,-100.0,1,3,男性,32,9,12,0.1666666666666666,13083,1,22,4426478.045479023,9.236986301369862,5.5
C-001437344,S-0126,-35.630639602202336,0,3,女性,37,6,12,0.25,1806,2,17,4493168.352495564,5.53972602739726,3.0
C-001292651,S-0106,-45.40993656232382,0,3,女性,50,7,12,0.0833333333333333,0,0,20,4462729.145118021,6.171232876712329,3.5
C-000029005,S-0048,-37.81778022101012,0,3,女性,56,12,12,0.0833333333333333,1688,1,15,4502249.082895545,3.671232876712329,1.0
C-001840057,S-0131,-60.2362234919661,1,3,男性,59,4,12,0.4166666666666667,0,0,17,4569023.5643747775,5.13972602739726,2.0
C-001329567,S-0030,-100.0,1,3,男性,36,7,12,0.4166666666666667,0,0,22,4426478.045479023,9.236986301369862,5.5
C-000276777,S-0102,-100.0,1,3,男性,46,11,12,0.3333333333333333,7531,1,16,4383474.364435211,10.484931506849314,7.5
C-000055440,S-0002,-67.60402438915521,1,3,女性,27,12,12,0.5833333333333334,0,0,15,4455566.655169959,5.663013698630137,2.0
C-000556661,S-0050,-35.387007218212105,0,3,女性,48,10,12,0.4166666666666667,1653,1,20,4615411.181286601,9.2013698630137,6.0
C-001678338,S-0131,-30.62540649960903,0,3,女性,61,5,12,0.5,14883,1,17,4569023.5643747775,5.13972602739726,2.0
C-001631626,S-0074,-98.51250902603746,1,3,男性,69,5,12,0.4166666666666667,0,0,14,4614054.39694187,8.308219178082192,6.0
C-002692038,S-0074,-92.53377319137914,1,3,女性,21,1,12,0.3333333333333333,0,0,14,4614054.39694187,8.308219178082192,6.0
C-000773964,S-0072,-15.81711805383638,0,3,男性,49,9,12,0.25,4496,1,12,4406797.312641796,9.01917808219178,6.0
C-000929253,S-0080,-100.0,1,3,男性,69,8,12,0.25,0,0,17,4457429.264950683,11.673972602739726,9.0
C-002287870,S-0018,-30.989721319728996,0,3,男性,47,2,12,0.4166666666666667,71302,1,16,4493108.581950108,7.550684931506849,5.0
C-000582109,S-0115,-54.33583634019222,1,3,女性,63,10,12,0.0833333333333333,0,0,14,4553643.099564746,10.51095890410959,7.0
C-001500698,S-0099,-43.1611855236168,0,3,女性,41,6,12,0.25,0,0,13,4464126.154078853,8.147945205479452,5.0
C-000134527,S-0018,-100.0,1,3,女性,56,12,12,0.0833333333333333,0,0,16,4493108.581950108,7.550684931506849,5.0
C-002595951,S-0004,-100.0,1,3,男性,25,1,12,0.5,8349,1,22,4423576.351309,11.806849315068494,9.0
C-002427740,S-0059,-40.08822705178628,0,3,女性,73,2,12,0.25,0,0,14,4713188.969095345,6.8123287671232875,3.0
C-001886981,S-0036,-33.4118470412498,0,3,女性,41,4,12,0.5833333333333334,27803,1,19,4397834.424680548,11.123287671232877,9.0
C-000356899,S-0054,-14.255991369345766,0,3,女性,42,11,12,0.4166666666666667,0,0,23,4489160.181517739,6.358904109589041,4.0
C-002363728,S-0072,-41.97668522466213,0,3,男性,70,2,12,0.5,11709,2,12,4406797.312641796,9.01917808219178,6.0
C-001758413,S-0036,-36.39001021592295,0,3,男性,54,5,12,0.25,46711,2,19,4397834.424680548,11.123287671232877,9.0
C-001409133,S-0131,-84.17259766627251,1,3,男性,36,6,12,0.8333333333333334,0,0,17,4569023.5643747775,5.13972602739726,2.0
C-000327698,S-0106,-100.0,1,3,男性,56,11,12,0.1666666666666666,0,0,20,4462729.145118021,6.171232876712329,3.5
C-001340199,S-0089,-47.02270076423585,0,3,女性,57,7,12,0.0,7518,1,19,4721110.949352573,10.142465753424657,7.0
C-001861242,S-0018,-34.80885676959127,0,3,男性,85,4,12,0.25,61698,1,16,4493108.581950108,7.550684931506849,5.0
C-001688329,S-0102,-28.53350649570408,0,3,男性,63,5,12,0.3333333333333333,75570,1,16,4383474.364435211,10.484931506849314,7.5
C-000068684,S-0096,-100.0,1,3,男性,42,12,12,0.1666666666666666,0,0,16,4644856.458098179,8.302739726027397,5.0
C-001958081,S-0080,-55.80062691830471,1,3,女性,40,4,12,0.25,3025,1,17,4457429.264950683,11.673972602739726,9.0
C-002278218,S-0056,-19.866759171080016,0,3,女性,32,2,12,0.25,0,0,15,4406070.585753419,7.528767123287671,4.0
C-000198247,S-0056,-75.07564318401397,1,3,女性,54,12,12,0.0833333333333333,4292,2,15,4406070.585753419,7.528767123287671,4.0
C-001943229,S-0111,-17.20994528280627,0,3,男性,48,4,12,0.1666666666666666,7238,1,19,4489501.980758176,6.397260273972603,4.0
C-002602121,S-0096,-81.25447211366836,1,3,男性,79,1,12,0.3333333333333333,0,0,16,4644856.458098179,8.302739726027397,5.0
C-001365585,S-0096,-100.0,1,3,男性,31,6,12,0.0833333333333333,25979,1,16,4644856.458098179,8.302739726027397,5.0
C-000138712,S-0113,-76.14786182943652,1,3,男性,64,12,12,0.0833333333333333,0,0,16,4336633.961311346,5.77945205479452,2.5
C-000894624,S-0117,-100.0,1,3,男性,62,9,12,0.25,36282,1,20,4500859.737076383,9.593150684931507,7.0
C-000057652,S-0063,-49.45920011924614,1,3,男性,32,12,12,0.4166666666666667,0,0,18,4564012.176421695,5.749315068493151,3.0
C-002025108,S-0113,-100.0,1,3,女性,31,3,12,0.0833333333333333,0,0,16,4336633.961311346,5.77945205479452,2.5
C-001243721,S-0041,-100.0,1,3,女性,35,7,12,0.0833333333333333,37564,1,17,4828489.286769263,10.389041095890411,7.0
C-000118132,S-0126,-15.893097198900119,0,3,男性,64,12,12,0.4166666666666667,19560,2,17,4493168.352495564,5.53972602739726,3.0
C-002513271,S-0072,-61.88752354194326,1,3,女性,54,1,12,0.25,0,0,12,4406797.312641796,9.01917808219178,6.0
C-001588488,S-0126,-41.231898921114166,0,3,女性,35,5,12,0.1666666666666666,0,0,17,4493168.352495564,5.53972602739726,3.0
C-000657868,S-0097,-100.0,1,3,女性,34,10,12,0.1666666666666666,0,0,21,4592508.716501317,10.09041095890411,7.0
C-002373710,S-0014,-49.28736247199277,1,3,男性,37,2,12,0.25,70142,2,21,4730192.353344672,7.336986301369863,4.0
C-001990102,S-0131,-100.0,1,3,男性,87,4,12,0.5,30270,1,17,4569023.5643747775,5.13972602739726,2.0
C-000849823,S-0072,-100.0,1,3,女性,43,9,12,0.3333333333333333,0,0,12,4406797.312641796,9.01917808219178,6.0
C-000101122,S-0007,-63.94190393070628,1,3,女性,44,12,12,0.1666666666666666,76395,2,21,4487075.727367008,3.7260273972602738,1.0
C-001339012,S-0020,-16.094326783743668,0,3,男性,48,7,12,0.3333333333333333,72177,1,16,4280702.057267675,6.986301369863014,3.5
C-000389109,S-0075,-16.803761698389145,0,3,女性,46,11,12,0.25,8832,1,19,4506647.2743158825,4.526027397260274,1.0
C-002204168,S-0040,-26.249194746910664,0,3,女性,49,3,12,0.3333333333333333,0,0,20,4550116.0180538,8.163013698630138,4.0
C-002440502,S-0089,-76.48644126013933,1,3,男性,64,2,12,0.0833333333333333,29776,2,19,4721110.949352573,10.142465753424657,7.0
C-000098540,S-0131,-13.048298735526668,0,3,男性,36,12,12,0.25,11417,1,17,4569023.5643747775,5.13972602739726,2.0
C-001454177,S-0036,-41.06209816832741,0,3,女性,45,6,12,0.4166666666666667,48319,1,19,4397834.424680548,11.123287671232877,9.0
C-002644992,S-0072,-48.06255534238489,0,3,女性,35,1,12,0.4166666666666667,0,0,12,4406797.312641796,9.01917808219178,6.0
C-002138096,S-0113,-55.34088543663792,1,3,女性,36,3,12,0.3333333333333333,75094,1,16,4336633.961311346,5.77945205479452,2.5
C-000783120,S-0062,-32.03218062198765,0,3,女性,56,9,12,0.5833333333333334,0,0,15,4713869.782113416,4.575342465753424,1.0
C-002567555,S-0050,-100.0,1,3,男性,67,1,12,0.25,0,0,20,4615411.181286601,9.2013698630137,6.0
C-002052405,S-0005,-26.204465750325244,0,3,女性,67,3,12,0.5,0,0,21,4733942.970761149,4.69041095890411,2.0
C-000633724,S-0126,-100.0,1,3,女性,45,10,12,0.1666666666666666,6842,1,17,4493168.352495564,5.53972602739726,3.0
C-000407417,S-0048,-66.14008440775439,1,3,女性,45,11,12,0.25,0,0,15,4502249.082895545,3.671232876712329,1.0
C-001416328,S-0100,-53.30907818786077,1,3,男性,57,6,12,0.5,0,0,17,4535925.154217558,4.720547945205479,2.0
C-000310590,S-0113,-44.47457440880301,0,3,女性,40,11,12,0.4166666666666667,10439,1,16,4336633.961311346,5.77945205479452,2.5
C-001436458,S-0054,-60.24790644945101,1,3,女性,57,6,12,0.25,7906,1,23,4489160.181517739,6.358904109589041,4.0
C-001175781,S-0004,-62.124858542081576,1,3,女性,41,7,12,0.1666666666666666,0,0,22,4423576.351309,11.806849315068494,9.0
C-000012612,S-0008,-57.79569407348589,1,3,女性,52,12,12,0.0833333333333333,4977,2,22,4498453.308937302,10.772602739726027,7.0
C-001586095,S-0030,-54.10722026423416,1,3,男性,42,5,12,0.4166666666666667,62564,2,22,4426478.045479023,9.236986301369862,5.5
C-001204315,S-0039,-20.46687980161946,0,3,男性,57,7,12,0.1666666666666666,4460,1,16,4591288.568998441,8.193150684931506,5.0
C-002037090,S-0079,-89.64507198632589,1,3,女性,22,3,12,0.25,33286,1,13,4256656.371085242,8.479452054794521,6.0
C-001731657,S-0050,-58.56464594520253,1,3,男性,66,5,12,0.3333333333333333,0,0,20,4615411.181286601,9.2013698630137,6.0
C-002322945,S-0106,-100.0,1,3,女性,46,2,12,0.0833333333333333,10681,1,20,4462729.145118021,6.171232876712329,3.5
C-000872056,S-0106,-77.65552193053605,1,3,男性,78,9,12,0.5,52087,1,20,4462729.145118021,6.171232876712329,3.5
C-001396380,S-0096,-85.37539312478565,1,3,女性,55,6,12,0.0833333333333333,0,0,16,4644856.458098179,8.302739726027397,5.0
C-001314698,S-0131,-42.05071156272469,0,3,女性,21,7,12,0.1666666666666666,21741,1,17,4569023.5643747775,5.13972602739726,2.0
C-000833286,S-0080,-90.04922773530343,1,3,女性,36,9,12,0.3333333333333333,30406,1,17,4457429.264950683,11.673972602739726,9.0
C-001491085,S-0117,-41.00516323562766,0,3,女性,42,6,12,0.3333333333333333,0,0,20,4500859.737076383,9.593150684931507,7.0
C-000012738,S-0056,-82.63283578162107,1,3,女性,59,12,12,0.0,23810,1,15,4406070.585753419,7.528767123287671,4.0
C-000530766,S-0072,-58.62959098006293,1,3,女性,34,10,12,0.1666666666666666,3291,1,12,4406797.312641796,9.01917808219178,6.0
C-001264631,S-0030,-86.41588505288365,1,3,女性,57,7,12,0.4166666666666667,0,0,22,4426478.045479023,9.236986301369862,5.5
C-000951760,S-0020,-63.878235215234014,1,3,男性,58,8,12,0.1666666666666666,11741,1,16,4280702.057267675,6.986301369863014,3.5
C-000463970,S-0097,-43.79700900533428,0,3,女性,37,10,12,0.1666666666666666,6610,2,21,4592508.716501317,10.09041095890411,7.0
C-001353748,S-0063,-45.04089396875017,0,3,女性,33,6,12,0.6666666666666666,0,0,18,4564012.176421695,5.749315068493151,3.0
C-002246362,S-0048,-70.27550513467114,1,3,女性,24,3,12,0.3333333333333333,30391,2,15,4502249.082895545,3.671232876712329,1.0
C-000422554,S-0097,-90.63333087856249,1,3,女性,52,11,12,0.4166666666666667,5765,2,21,4592508.716501317,10.09041095890411,7.0
C-000403496,S-0121,-28.520466089034958,0,3,男性,53,11,12,0.25,0,0,14,4716268.25678644,9.856164383561644,7.0
C-001778428,S-0111,-52.25089490837207,1,3,女性,41,5,12,0.4166666666666667,0,0,19,4489501.980758176,6.397260273972603,4.0
C-000136496,S-0063,-15.258160812039174,0,3,女性,67,12,12,0.1666666666666666,5986,1,18,4564012.176421695,5.749315068493151,3.0
C-000164852,S-0121,-63.4315067080173,1,3,女性,47,12,12,0.1666666666666666,36869,2,14,4716268.25678644,9.856164383561644,7.0
C-001303268,S-0004,-69.83009054132152,1,3,男性,42,7,12,0.0833333333333333,19089,1,22,4423576.351309,11.806849315068494,9.0
C-002286357,S-0074,-62.626472121480504,1,3,女性,61,2,12,0.5,20811,2,14,4614054.39694187,8.308219178082192,6.0
C-000971307,S-0115,-100.0,1,3,女性,35,8,12,0.25,0,0,14,4553643.099564746,10.51095890410959,7.0
C-000253132,S-0096,-32.83557613466455,0,3,男性,68,11,12,0.25,26962,2,16,4644856.458098179,8.302739726027397,5.0
C-002121580,S-0121,-47.4439994673932,0,3,女性,52,3,12,0.5,9491,1,14,4716268.25678644,9.856164383561644,7.0
C-002515362,S-0097,-59.19861317005568,1,3,女性,47,1,12,0.4166666666666667,0,0,21,4592508.716501317,10.09041095890411,7.0
C-001142800,S-0041,-100.0,1,3,男性,56,7,12,0.4166666666666667,10446,2,17,4828489.286769263,10.389041095890411,7.0
C-002383584,S-0007,-37.35500388563364,0,3,女性,58,2,12,0.4166666666666667,-1415,1,21,4487075.727367008,3.7260273972602738,1.0
C-001341911,S-0113,-31.4731658703872,0,3,女性,46,7,12,0.3333333333333333,142,1,16,4336633.961311346,5.77945205479452,2.5
C-002139428,S-0054,-21.953704227743508,0,3,男性,57,3,12,0.4166666666666667,13801,2,23,4489160.181517739,6.358904109589041,4.0
C-001794429,S-0096,-36.52865913935502,0,3,男性,66,5,12,0.0833333333333333,0,0,16,4644856.458098179,8.302739726027397,5.0
C-000028444,S-0115,-100.0,1,3,男性,59,12,12,0.0,0,0,14,4553643.099564746,10.51095890410959,7.0
C-001161371,S-0126,-43.14023570962417,0,3,男性,35,7,12,0.6666666666666666,0,0,17,4493168.352495564,5.53972602739726,3.0
C-002124339,S-0050,-56.66370023160303,1,3,男性,55,3,12,0.25,7050,1,20,4615411.181286601,9.2013698630137,6.0
C-001742041,S-0036,-32.54986665395673,0,3,女性,69,5,12,0.1666666666666666,2842,1,19,4397834.424680548,11.123287671232877,9.0
C-001185790,S-0121,-100.0,1,3,女性,38,7,12,0.5,28070,2,14,4716268.25678644,9.856164383561644,7.0
C-001080582,S-0097,-30.48086300890267,0,3,女性,69,8,12,0.1666666666666666,11937,2,21,4592508.716501317,10.09041095890411,7.0
C-001378318,S-0039,-51.39359916661844,1,3,女性,38,6,12,0.0833333333333333,6900,2,16,4591288.568998441,8.193150684931506,5.0
C-002459173,S-0020,-74.3937828117895,1,3,女性,43,2,12,0.3333333333333333,0,0,16,4280702.057267675,6.986301369863014,3.5
C-001752478,S-0075,-31.90578944952022,0,3,女性,32,5,12,0.3333333333333333,91515,2,19,4506647.2743158825,4.526027397260274,1.0
C-000423180,S-0018,-43.94773158233446,0,3,女性,67,11,12,0.1666666666666666,0,0,16,4493108.581950108,7.550684931506849,5.0
C-001842946,S-0097,-100.0,1,3,男性,49,4,12,0.25,35838,1,21,4592508.716501317,10.09041095890411,7.0
C-001630675,S-0008,-42.83914977094642,0,3,女性,39,5,12,0.25,14958,1,22,4498453.308937302,10.772602739726027,7.0
C-000830482,S-0082,-100.0,1,3,女性,38,9,12,0.0,7898,1,17,4607261.71451126,4.758904109589041,2.0
C-000620743,S-0056,-100.0,1,3,男性,70,10,12,0.1666666666666666,24800,1,15,4406070.585753419,7.528767123287671,4.0
C-000182033,S-0072,-66.49694327605879,1,3,女性,72,12,12,0.3333333333333333,47388,1,12,4406797.312641796,9.01917808219178,6.0
C-001523732,S-0040,-30.239503691729652,0,3,男性,77,6,12,0.1666666666666666,44928,1,20,4550116.0180538,8.163013698630138,4.0
C-000479914,S-0113,-42.36224518680132,0,3,男性,49,10,12,0.1666666666666666,10352,1,16,4336633.961311346,5.77945205479452,2.5
C-001323868,S-0002,-38.92210481601444,0,3,男性,48,7,12,0.0,2327,1,15,4455566.655169959,5.663013698630137,2.0
C-002475596,S-0041,-55.39255323245158,1,3,男性,45,1,12,0.0833333333333333,14999,1,17,4828489.286769263,10.389041095890411,7.0
C-000052962,S-0102,-32.199723607522685,0,3,女性,45,12,12,0.3333333333333333,11462,1,16,4383474.364435211,10.484931506849314,7.5
C-000134896,S-0005,-30.45583854677477,0,3,男性,59,12,12,0.3333333333333333,0,0,21,4733942.970761149,4.69041095890411,2.0
C-000096534,S-0002,-28.816729856174767,0,3,男性,51,12,12,0.75,0,0,15,4455566.655169959,5.663013698630137,2.0
C-000881675,S-0007,-38.98283118020047,0,3,女性,38,9,12,0.1666666666666666,0,0,21,4487075.727367008,3.7260273972602738,1.0
C-001628087,S-0117,-100.0,1,3,女性,55,5,12,0.3333333333333333,13899,2,20,4500859.737076383,9.593150684931507,7.0
C-000431161,S-0082,-100.0,1,3,女性,28,11,12,0.0833333333333333,21072,1,17,4607261.71451126,4.758904109589041,2.0
C-002234766,S-0096,-100.0,1,3,男性,21,3,12,0.25,24874,2,16,4644856.458098179,8.302739726027397,5.0
C-002567108,S-0048,-100.0,1,3,女性,39,1,12,0.8333333333333334,61780,2,15,4502249.082895545,3.671232876712329,1.0
C-001921902,S-0097,-38.75612753875642,0,3,女性,61,4,12,0.25,4923,2,21,4592508.716501317,10.09041095890411,7.0
C-000027547,S-0097,-67.05642541943865,1,3,女性,43,12,12,0.0833333333333333,-444,1,21,4592508.716501317,10.09041095890411,7.0
C-001649702,S-0012,-95.57396177713346,1,3,女性,41,5,12,0.3333333333333333,0,0,16,4444678.825084195,7.994520547945205,5.0
C-002450994,S-0117,-41.16917407613078,0,3,女性,47,2,12,0.4166666666666667,65192,2,20,4500859.737076383,9.593150684931507,7.0
C-000419102,S-0004,-10.39277467796301,0,3,女性,60,11,12,0.25,12991,1,22,4423576.351309,11.806849315068494,9.0
C-001197769,S-0014,-42.37621866573056,0,3,女性,53,7,12,0.25,16066,1,21,4730192.353344672,7.336986301369863,4.0
C-000012283,S-0082,-31.480066153807602,0,3,女性,58,12,12,0.4166666666666667,13852,2,17,4607261.71451126,4.758904109589041,2.0
C-001845846,S-0050,-58.62004160483186,1,3,女性,41,4,12,0.4166666666666667,6813,2,20,4615411.181286601,9.2013698630137,6.0
C-002427195,S-0048,-98.38552540013919,1,3,女性,77,2,12,0.3333333333333333,0,0,15,4502249.082895545,3.671232876712329,1.0
C-002137166,S-0017,-74.59613292039843,1,3,女性,45,3,12,0.5833333333333334,0,0,20,4640207.03550726,5.608219178082192,2.5
C-000649223,S-0096,-64.7623926595081,1,3,女性,47,10,12,0.25,5403,2,16,4644856.458098179,8.302739726027397,5.0
C-000740386,S-0075,-100.0,1,3,男性,32,9,12,0.25,15254,2,19,4506647.2743158825,4.526027397260274,1.0
C-002409676,S-0131,-33.83163944874647,0,3,女性,28,2,12,0.1666666666666666,108291,1,17,4569023.5643747775,5.13972602739726,2.0
C-001279877,S-0117,-58.5690937654212,1,3,女性,41,7,12,0.5833333333333334,13696,1,20,4500859.737076383,9.593150684931507,7.0
C-001680230,S-0014,-75.00557521110461,1,3,男性,55,5,12,0.3333333333333333,0,0,21,4730192.353344672,7.336986301369863,4.0
C-002092158,S-0002,-31.955919080156566,0,3,男性,34,3,12,0.0,52254,2,15,4455566.655169959,5.663013698630137,2.0
C-002467982,S-0117,-100.0,1,3,男性,43,2,12,0.6666666666666666,0,0,20,4500859.737076383,9.593150684931507,7.0
C-001999840,S-0079,-16.198694116874023,0,3,男性,36,4,12,0.3333333333333333,4091,1,13,4256656.371085242,8.479452054794521,6.0
C-002169051,S-0097,-48.88589675940246,1,3,女性,55,3,12,0.4166666666666667,8127,2,21,4592508.716501317,10.09041095890411,7.0
C-001411927,S-0079,-38.997854827241284,0,3,女性,39,6,12,0.0833333333333333,0,0,13,4256656.371085242,8.479452054794521,6.0
C-001261552,S-0030,-27.717533887188456,0,3,女性,69,7,12,0.1666666666666666,998,2,22,4426478.045479023,9.236986301369862,5.5
C-000440726,S-0079,-35.99341564586484,0,3,男性,42,11,12,0.3333333333333333,0,0,13,4256656.371085242,8.479452054794521,6.0
C-000232777,S-0111,-54.428329495586205,1,3,女性,41,11,12,0.1666666666666666,22939,1,19,4489501.980758176,6.397260273972603,4.0
C-000267778,S-0096,-65.18438706657827,1,3,女性,67,11,12,0.3333333333333333,0,0,16,4644856.458098179,8.302739726027397,5.0
C-000905208,S-0121,-100.0,1,3,女性,53,8,12,0.25,0,0,14,4716268.25678644,9.856164383561644,7.0
C-001912599,S-0097,-82.92632018367773,1,3,男性,43,4,12,0.4166666666666667,0,0,21,4592508.716501317,10.09041095890411,7.0
C-000213261,S-0012,-15.032877238937736,0,3,女性,56,12,12,0.0833333333333333,0,0,16,4444678.825084195,7.994520547945205,5.0
C-000594775,S-0004,-100.0,1,3,男性,50,10,12,0.6666666666666666,0,0,22,4423576.351309,11.806849315068494,9.0
C-000815794,S-0056,-61.72469591212649,1,3,男性,31,9,12,0.0833333333333333,43902,1,15,4406070.585753419,7.528767123287671,4.0
C-001001922,S-0106,-82.02358478023876,1,3,男性,46,8,12,0.1666666666666666,34171,1,20,4462729.145118021,6.171232876712329,3.5
C-000371763,S-0002,-90.45761887926463,1,3,女性,40,11,12,0.1666666666666666,7815,1,15,4455566.655169959,5.663013698630137,2.0
C-001428546,S-0121,-95.09087804507854,1,3,女性,20,6,12,0.5,780,1,14,4716268.25678644,9.856164383561644,7.0
C-001239694,S-0004,-41.107544467356746,0,3,女性,25,7,12,0.6666666666666666,33097,2,22,4423576.351309,11.806849315068494,9.0
C-001408955,S-0085,-16.749387966938095,0,3,男性,62,6,12,0.0833333333333333,0,0,15,4606655.398026554,4.928767123287671,2.0
C-001928917,S-0063,-19.551485178545487,0,3,女性,67,4,12,0.0833333333333333,90988,1,18,4564012.176421695,5.749315068493151,3.0
C-002512645,S-0117,-100.0,1,3,女性,58,1,12,0.0833333333333333,26876,1,20,4500859.737076383,9.593150684931507,7.0
C-002646814,S-0079,-97.53791880644184,1,3,女性,47,1,12,0.4166666666666667,48912,2,13,4256656.371085242,8.479452054794521,6.0
C-000471673,S-0036,-58.03299848476345,1,3,男性,49,10,12,0.25,0,0,19,4397834.424680548,11.123287671232877,9.0
C-002373645,S-0039,-77.75499580363119,1,3,女性,39,2,12,0.5,0,0,16,4591288.568998441,8.193150684931506,5.0
C-000262543,S-0004,-100.0,1,3,男性,44,11,12,0.25,56355,1,22,4423576.351309,11.806849315068494,9.0
C-000160034,S-0079,-45.798573080978166,0,3,男性,41,12,12,0.4166666666666667,29215,2,13,4256656.371085242,8.479452054794521,6.0
C-000916658,S-0121,-100.0,1,3,男性,50,8,12,0.25,23573,2,14,4716268.25678644,9.856164383561644,7.0
C-000905100,S-0113,-83.70055483900511,1,3,男性,67,8,12,0.0833333333333333,17325,1,16,4336633.961311346,5.77945205479452,2.5
C-000886468,S-0080,-100.0,1,3,女性,50,9,12,0.3333333333333333,0,0,17,4457429.264950683,11.673972602739726,9.0
C-000519074,S-0002,-41.82512953901835,0,3,男性,36,10,12,0.25,11484,1,15,4455566.655169959,5.663013698630137,2.0
C-002361360,S-0097,-45.52677347483113,0,3,女性,69,2,12,0.25,18801,1,21,4592508.716501317,10.09041095890411,7.0
C-001147001,S-0041,-51.90939060092066,1,3,女性,49,7,12,0.0833333333333333,18540,1,17,4828489.286769263,10.389041095890411,7.0
C-002168496,S-0008,-100.0,1,3,女性,78,3,12,0.1666666666666666,0,0,22,4498453.308937302,10.772602739726027,7.0
C-002388987,S-0097,-50.70245397456314,1,3,女性,49,2,12,0.3333333333333333,27097,1,21,4592508.716501317,10.09041095890411,7.0
C-001512428,S-0075,-33.56239745736037,0,3,男性,51,6,12,0.1666666666666666,1942,1,19,4506647.2743158825,4.526027397260274,1.0
C-000169691,S-0096,-100.0,1,3,女性,55,12,12,0.0833333333333333,0,0,16,4644856.458098179,8.302739726027397,5.0
C-000371820,S-0056,-63.804628293951524,1,3,男性,60,11,12,0.3333333333333333,3139,2,15,4406070.585753419,7.528767123287671,4.0
C-002294715,S-0082,-11.045107758184326,0,3,女性,50,2,12,0.0833333333333333,89358,1,17,4607261.71451126,4.758904109589041,2.0
C-001283287,S-0040,-22.854463332448464,0,3,男性,55,7,12,0.1666666666666666,27051,1,20,4550116.0180538,8.163013698630138,4.0
C-001445665,S-0115,-43.308884127245754,0,3,男性,58,6,12,0.3333333333333333,0,0,14,4553643.099564746,10.51095890410959,7.0
C-001224791,S-0063,-52.98457910997886,1,3,男性,42,7,12,0.3333333333333333,60254,1,18,4564012.176421695,5.749315068493151,3.0
C-002277274,S-0018,-100.0,1,3,女性,61,2,12,0.25,0,0,16,4493108.581950108,7.550684931506849,5.0
C-000641921,S-0007,-100.0,1,3,女性,65,10,12,0.5,0,0,21,4487075.727367008,3.7260273972602738,1.0
C-000652975,S-0002,-100.0,1,3,男性,59,10,12,0.5,9860,1,15,4455566.655169959,5.663013698630137,2.0
C-002057578,S-0097,-100.0,1,3,男性,25,3,12,0.0,0,0,21,4592508.716501317,10.09041095890411,7.0
C-000371969,S-0074,-86.91579418068555,1,3,女性,44,11,12,0.25,2153,2,14,4614054.39694187,8.308219178082192,6.0
C-002524753,S-0062,-72.19085205424003,1,3,女性,60,1,12,0.0833333333333333,0,0,15,4713869.782113416,4.575342465753424,1.0
C-001058005,S-0040,-23.476260132870117,0,3,女性,48,8,12,0.1666666666666666,2200,2,20,4550116.0180538,8.163013698630138,4.0
C-002220915,S-0036,-100.0,1,3,女性,47,3,12,0.25,2872,1,19,4397834.424680548,11.123287671232877,9.0
C-001436517,S-0100,-45.865141655445456,0,3,女性,42,6,12,0.5,0,0,17,4535925.154217558,4.720547945205479,2.0
C-001963022,S-0050,-40.13465372422133,0,3,女性,43,4,12,0.3333333333333333,84728,1,20,4615411.181286601,9.2013698630137,6.0
C-000511846,S-0017,-29.336889907852388,0,3,女性,63,10,12,0.6666666666666666,38268,1,20,4640207.03550726,5.608219178082192,2.5
C-001820208,S-0007,-14.817469806273811,0,3,女性,35,4,12,0.3333333333333333,1906,2,21,4487075.727367008,3.7260273972602738,1.0
C-000566628,S-0056,-100.0,1,3,男性,33,10,12,0.3333333333333333,11069,1,15,4406070.585753419,7.528767123287671,4.0
C-001806065,S-0117,-100.0,1,3,男性,58,4,12,0.0833333333333333,3061,1,20,4500859.737076383,9.593150684931507,7.0
C-001239834,S-0030,-38.09937794503527,0,3,女性,70,7,12,0.0833333333333333,39447,2,22,4426478.045479023,9.236986301369862,5.5
C-002644527,S-0113,-21.160107551495233,0,3,男性,79,1,12,0.0,1209,2,16,4336633.961311346,5.77945205479452,2.5
C-000295165,S-0050,-26.758867025638157,0,3,女性,69,11,12,0.4166666666666667,9354,2,20,4615411.181286601,9.2013698630137,6.0
C-002204877,S-0012,-100.0,1,3,男性,40,3,12,0.25,60047,1,16,4444678.825084195,7.994520547945205,5.0
C-001017414,S-0048,-95.41311449286908,1,3,女性,70,8,12,0.1666666666666666,0,0,15,4502249.082895545,3.671232876712329,1.0
C-001363285,S-0004,-100.0,1,3,女性,64,6,12,0.3333333333333333,12949,1,22,4423576.351309,11.806849315068494,9.0
C-002280759,S-0005,-76.68469828489957,1,3,女性,43,2,12,0.3333333333333333,0,0,21,4733942.970761149,4.69041095890411,2.0
C-000291179,S-0097,-100.0,1,3,女性,56,11,12,0.0833333333333333,19736,1,21,4592508.716501317,10.09041095890411,7.0
C-002285612,S-0115,-62.94243465026839,1,3,男性,56,2,12,0.3333333333333333,10271,1,14,4553643.099564746,10.51095890410959,7.0
C-001613925,S-0080,-31.65760653811341,0,3,女性,66,5,12,0.25,17921,1,17,4457429.264950683,11.673972602739726,9.0
C-000805057,S-0121,-24.091642014878765,0,3,女性,57,9,12,0.25,26808,2,14,4716268.25678644,9.856164383561644,7.0
C-000182536,S-0018,-47.766778812974465,0,3,女性,56,12,12,0.25,0,0,16,4493108.581950108,7.550684931506849,5.0
C-000118911,S-0072,-28.066853617498598,0,3,男性,37,12,12,0.3333333333333333,2310,1,12,4406797.312641796,9.01917808219178,6.0
C-001776637,S-0008,-100.0,1,3,男性,51,5,12,0.5,3220,1,22,4498453.308937302,10.772602739726027,7.0
C-002679801,S-0121,-27.171902066532855,0,3,女性,67,1,12,0.0,40157,1,14,4716268.25678644,9.856164383561644,7.0
C-001876536,S-0002,-32.668933516184175,0,3,男性,39,4,12,0.1666666666666666,3083,2,15,4455566.655169959,5.663013698630137,2.0
C-000096330,S-0097,-57.81073951230107,1,3,女性,45,12,12,0.4166666666666667,9716,1,21,4592508.716501317,10.09041095890411,7.0
C-000304557,S-0097,-100.0,1,3,女性,48,11,12,0.0833333333333333,0,0,21,4592508.716501317,10.09041095890411,7.0
C-002564727,S-0089,-77.80186860202419,1,3,男性,51,1,12,0.3333333333333333,0,0,19,4721110.949352573,10.142465753424657,7.0
C-002139484,S-0036,-71.48396912572362,1,3,男性,74,3,12,0.4166666666666667,19982,1,19,4397834.424680548,11.123287671232877,9.0
C-002151404,S-0096,-63.834319920555224,1,3,女性,46,3,12,0.1666666666666666,0,0,16,4644856.458098179,8.302739726027397,5.0
C-001051869,S-0072,-100.0,1,3,男性,48,8,12,0.3333333333333333,0,0,12,4406797.312641796,9.01917808219178,6.0
C-000813436,S-0075,-19.62352241183654,0,3,女性,36,9,12,0.5,0,0,19,4506647.2743158825,4.526027397260274,1.0
C-001589735,S-0048,-100.0,1,3,女性,56,5,12,0.0833333333333333,8409,1,15,4502249.082895545,3.671232876712329,1.0
C-001289736,S-0096,-93.01469840818069,1,3,男性,54,7,12,0.1666666666666666,5605,1,16,4644856.458098179,8.302739726027397,5.0
C-001471511,S-0100,-39.35419771485345,0,3,男性,36,6,12,0.25,37740,2,17,4535925.154217558,4.720547945205479,2.0
C-000800231,S-0099,-61.29819401029968,1,3,男性,32,9,12,0.3333333333333333,20272,2,13,4464126.154078853,8.147945205479452,5.0
C-000873101,S-0121,-100.0,1,3,女性,58,9,12,0.1666666666666666,0,0,14,4716268.25678644,9.856164383561644,7.0
C-000394326,S-0040,-50.05363942080543,1,3,女性,48,11,12,0.1666666666666666,0,0,20,4550116.0180538,8.163013698630138,4.0
C-001090661,S-0050,-10.451938506522604,0,3,女性,51,8,12,0.25,0,0,20,4615411.181286601,9.2013698630137,6.0
C-002666685,S-0121,-100.0,1,3,女性,49,1,12,0.3333333333333333,5729,1,14,4716268.25678644,9.856164383561644,7.0
C-002066743,S-0097,-52.4282868277345,1,3,女性,31,3,12,0.3333333333333333,3150,1,21,4592508.716501317,10.09041095890411,7.0
C-000836258,S-0117,-38.70563396281106,0,3,男性,67,9,12,0.3333333333333333,3591,2,20,4500859.737076383,9.593150684931507,7.0
C-002444447,S-0036,-100.0,1,3,男性,49,2,12,0.0833333333333333,0,0,19,4397834.424680548,11.123287671232877,9.0
C-001998330,S-0062,-21.798964267219056,0,3,女性,51,4,12,0.3333333333333333,55564,1,15,4713869.782113416,4.575342465753424,1.0
C-002544447,S-0039,-100.0,1,3,男性,43,1,12,0.0833333333333333,0,0,16,4591288.568998441,8.193150684931506,5.0
C-000891428,S-0115,-100.0,1,3,男性,60,9,12,0.25,0,0,14,4553643.099564746,10.51095890410959,7.0
C-001577824,S-0074,-100.0,1,3,男性,43,5,12,0.1666666666666666,16283,1,14,4614054.39694187,8.308219178082192,6.0
C-001681727,S-0040,-57.469746189269266,1,3,女性,51,5,12,0.8333333333333334,0,0,20,4550116.0180538,8.163013698630138,4.0
C-001358372,S-0007,-37.98288325003754,0,3,男性,42,6,12,0.4166666666666667,17732,1,21,4487075.727367008,3.7260273972602738,1.0
C-000630686,S-0056,-15.938930394419076,0,3,女性,53,10,12,0.0833333333333333,8031,2,15,4406070.585753419,7.528767123287671,4.0
C-001568399,S-0075,-100.0,1,3,男性,47,6,12,0.5,9203,2,19,4506647.2743158825,4.526027397260274,1.0
C-000384466,S-0079,-30.321589061379793,0,3,男性,51,11,12,0.0833333333333333,27003,1,13,4256656.371085242,8.479452054794521,6.0
C-002163342,S-0036,-47.0665361673838,0,3,男性,35,3,12,0.25,1684,1,19,4397834.424680548,11.123287671232877,9.0
C-000284854,S-0017,-13.486927347653893,0,3,女性,58,11,12,0.0833333333333333,15850,2,20,4640207.03550726,5.608219178082192,2.5
C-000255151,S-0056,-75.09308675685739,1,3,女性,44,11,12,0.0833333333333333,15117,1,15,4406070.585753419,7.528767123287671,4.0
C-001162874,S-0072,-100.0,1,3,女性,65,7,12,0.3333333333333333,14920,2,12,4406797.312641796,9.01917808219178,6.0
C-000434360,S-0012,-82.50627772934854,1,3,男性,70,11,12,0.3333333333333333,3628,2,16,4444678.825084195,7.994520547945205,5.0
C-000055258,S-0079,-66.00930466039783,1,3,女性,47,12,12,0.1666666666666666,22719,1,13,4256656.371085242,8.479452054794521,6.0
C-000065223,S-0113,-93.37461504257176,1,3,女性,44,12,12,0.5,0,0,16,4336633.961311346,5.77945205479452,2.5
C-000548779,S-0048,-99.42792669704797,1,3,女性,35,10,12,0.3333333333333333,28694,1,15,4502249.082895545,3.671232876712329,1.0
C-001513845,S-0039,-12.151196437108421,0,3,女性,55,6,12,0.8333333333333334,0,0,16,4591288.568998441,8.193150684931506,5.0
C-002589456,S-0096,-66.96626684246068,1,3,女性,36,1,12,0.0,17554,1,16,4644856.458098179,8.302739726027397,5.0
C-002173729,S-0115,-42.41672730986761,0,3,女性,45,3,12,0.1666666666666666,0,0,14,4553643.099564746,10.51095890410959,7.0
C-001237995,S-0117,-61.60376790823109,1,3,女性,28,7,12,0.1666666666666666,0,0,20,4500859.737076383,9.593150684931507,7.0
C-000327212,S-0036,-27.360926708649526,0,3,男性,57,11,12,0.25,916,1,19,4397834.424680548,11.123287671232877,9.0
C-001186380,S-0096,-39.17205895348723,0,3,男性,56,7,12,0.3333333333333333,28113,1,16,4644856.458098179,8.302739726027397,5.0
C-001132312,S-0072,-51.32988275060737,1,3,男性,41,7,12,0.25,57408,2,12,4406797.312641796,9.01917808219178,6.0
C-000785890,S-0096,-83.24375688927744,1,3,女性,42,9,12,0.0,0,0,16,4644856.458098179,8.302739726027397,5.0
C-000862686,S-0056,-43.46558344347216,0,3,男性,70,9,12,0.25,0,0,15,4406070.585753419,7.528767123287671,4.0
C-001457356,S-0075,-32.750150917314805,0,3,女性,38,6,12,0.4166666666666667,8683,2,19,4506647.2743158825,4.526027397260274,1.0
C-001142130,S-0082,-25.746963702408344,0,3,女性,74,7,12,0.25,0,0,17,4607261.71451126,4.758904109589041,2.0
C-000178113,S-0008,-36.446743801821725,0,3,男性,58,12,12,0.0833333333333333,4018,1,22,4498453.308937302,10.772602739726027,7.0
C-000082090,S-0121,-100.0,1,3,男性,44,12,12,0.4166666666666667,0,0,14,4716268.25678644,9.856164383561644,7.0
C-000757907,S-0039,-49.18612834701086,1,3,女性,41,9,12,0.5,27706,2,16,4591288.568998441,8.193150684931506,5.0
C-001105646,S-0050,-48.163587501219546,0,3,女性,51,8,12,0.0833333333333333,18025,1,20,4615411.181286601,9.2013698630137,6.0
C-000686784,S-0111,-93.28676076078268,1,3,女性,44,9,12,0.25,25349,2,19,4489501.980758176,6.397260273972603,4.0
C-001351723,S-0056,-100.0,1,3,女性,43,6,12,0.1666666666666666,9676,1,15,4406070.585753419,7.528767123287671,4.0
C-002681783,S-0072,-17.80112859602632,0,3,女性,32,1,12,0.0,12852,2,12,4406797.312641796,9.01917808219178,6.0
C-000008933,S-0030,-7.309532630715992,0,3,女性,38,12,12,0.4166666666666667,0,0,22,4426478.045479023,9.236986301369862,5.5
C-001656040,S-0113,-100.0,1,3,男性,43,5,12,0.1666666666666666,0,0,16,4336633.961311346,5.77945205479452,2.5
C-001703774,S-0040,-18.67781014527449,0,3,男性,32,5,12,0.6666666666666666,1872,1,20,4550116.0180538,8.163013698630138,4.0
C-002346780,S-0041,-40.12118572217512,0,3,女性,58,2,12,0.5833333333333334,0,0,17,4828489.286769263,10.389041095890411,7.0
C-000080704,S-0121,-100.0,1,3,男性,69,12,12,0.3333333333333333,0,0,14,4716268.25678644,9.856164383561644,7.0
C-000617886,S-0121,-72.29238321033826,1,3,男性,55,10,12,0.0833333333333333,0,0,14,4716268.25678644,9.856164383561644,7.0
C-000530536,S-0106,-71.4160458852404,1,3,女性,31,10,12,0.0833333333333333,17160,2,20,4462729.145118021,6.171232876712329,3.5
C-001236146,S-0121,-39.64429964944368,0,3,女性,53,7,12,0.6666666666666666,0,0,14,4716268.25678644,9.856164383561644,7.0
C-000492896,S-0074,-84.44783021468166,1,3,女性,66,10,12,0.0,5958,1,14,4614054.39694187,8.308219178082192,6.0
C-001166571,S-0012,-47.35851932498639,0,3,男性,35,7,12,0.0,13562,1,16,4444678.825084195,7.994520547945205,5.0
C-001074278,S-0099,-78.67270144605313,1,3,女性,56,8,12,0.3333333333333333,13033,2,13,4464126.154078853,8.147945205479452,5.0
C-000439950,S-0018,-55.2925652169901,1,3,女性,31,11,12,0.4166666666666667,998,2,16,4493108.581950108,7.550684931506849,5.0
C-000492206,S-0018,-20.519996452957347,0,3,男性,66,10,12,0.0833333333333333,0,0,16,4493108.581950108,7.550684931506849,5.0
C-001211405,S-0102,-100.0,1,3,男性,35,7,12,0.1666666666666666,0,0,16,4383474.364435211,10.484931506849314,7.5
C-000983209,S-0111,-35.22687511497964,0,3,女性,60,8,12,0.25,10020,2,19,4489501.980758176,6.397260273972603,4.0
C-000333036,S-0050,-25.453340121379046,0,3,女性,47,11,12,0.0833333333333333,0,0,20,4615411.181286601,9.2013698630137,6.0
C-001909862,S-0117,-30.90607205186597,0,3,男性,36,4,12,0.25,45769,2,20,4500859.737076383,9.593150684931507,7.0
C-000717193,S-0036,-39.68602602297993,0,3,女性,78,9,12,0.25,0,0,19,4397834.424680548,11.123287671232877,9.0
C-001926294,S-0041,-26.039074626130233,0,3,女性,65,4,12,0.25,24604,2,17,4828489.286769263,10.389041095890411,7.0
C-002318245,S-0080,-81.04098184468106,1,3,男性,32,2,12,0.3333333333333333,5666,1,17,4457429.264950683,11.673972602739726,9.0
C-000697079,S-0102,-31.470160534221154,0,3,男性,34,9,12,0.25,8551,1,16,4383474.364435211,10.484931506849314,7.5
C-000495412,S-0115,-100.0,1,3,女性,57,10,12,0.1666666666666666,0,0,14,4553643.099564746,10.51095890410959,7.0
C-002120056,S-0121,-31.330591354878102,0,3,女性,85,3,12,0.3333333333333333,0,0,14,4716268.25678644,9.856164383561644,7.0
C-000461714,S-0014,-15.282264324440517,0,3,男性,54,10,12,0.4166666666666667,0,0,21,4730192.353344672,7.336986301369863,4.0
C-002371306,S-0040,-47.05326037231235,0,3,男性,26,2,12,0.1666666666666666,44952,2,20,4550116.0180538,8.163013698630138,4.0
C-000016540,S-0012,-95.65088014580758,1,3,女性,70,12,12,0.0833333333333333,0,0,16,4444678.825084195,7.994520547945205,5.0
C-000950190,S-0097,-60.83030276260447,1,3,女性,93,8,12,0.3333333333333333,16598,1,21,4592508.716501317,10.09041095890411,7.0
C-000099430,S-0036,-59.16425833087585,1,3,女性,42,12,12,0.25,0,0,19,4397834.424680548,11.123287671232877,9.0
C-001615222,S-0099,-100.0,1,3,男性,76,5,12,0.0833333333333333,2653,1,13,4464126.154078853,8.147945205479452,5.0
C-001108715,S-0008,-48.068599006600756,0,3,男性,53,8,12,0.25,33640,1,22,4498453.308937302,10.772602739726027,7.0
C-000154706,S-0096,-100.0,1,3,女性,22,12,12,0.0833333333333333,18716,1,16,4644856.458098179,8.302739726027397,5.0
C-001938017,S-0080,-100.0,1,3,女性,49,4,12,0.25,2627,1,17,4457429.264950683,11.673972602739726,9.0
C-000063003,S-0099,-29.274322348442244,0,3,男性,66,12,12,0.25,21291,1,13,4464126.154078853,8.147945205479452,5.0
C-002196375,S-0099,-30.657013782888182,0,3,女性,34,3,12,0.5,6127,1,13,4464126.154078853,8.147945205479452,5.0
C-001116292,S-0048,-100.0,1,3,女性,54,8,12,0.25,10242,1,15,4502249.082895545,3.671232876712329,1.0
C-000622943,S-0089,-39.452205336766575,0,3,男性,50,10,12,0.3333333333333333,0,0,19,4721110.949352573,10.142465753424657,7.0
C-002581299,S-0080,-45.08399070884343,0,3,女性,49,1,12,0.25,0,0,17,4457429.264950683,11.673972602739726,9.0
C-000744051,S-0096,-28.474094570548697,0,3,女性,44,9,12,0.3333333333333333,28522,2,16,4644856.458098179,8.302739726027397,5.0
C-002159347,S-0075,-19.961751051329678,0,3,女性,62,3,12,0.25,20680,1,19,4506647.2743158825,4.526027397260274,1.0
C-001142838,S-0096,-26.033151680290644,0,3,男性,42,7,12,0.3333333333333333,2659,2,16,4644856.458098179,8.302739726027397,5.0
C-001861593,S-0126,-48.204865245391574,0,3,男性,48,4,12,0.4166666666666667,5624,2,17,4493168.352495564,5.53972602739726,3.0
C-000561856,S-0074,-42.58489151263405,0,3,女性,43,10,12,0.1666666666666666,0,0,14,4614054.39694187,8.308219178082192,6.0
C-000409968,S-0008,-48.21598268688659,0,3,女性,38,11,12,0.3333333333333333,0,0,22,4498453.308937302,10.772602739726027,7.0
C-001880829,S-0048,-39.59031663834206,0,3,女性,46,4,12,0.5,22234,2,15,4502249.082895545,3.671232876712329,1.0
C-000896953,S-0008,-100.0,1,3,男性,43,9,12,0.5,0,0,22,4498453.308937302,10.772602739726027,7.0
C-002200259,S-0054,-23.30020397292487,0,3,女性,50,3,12,0.3333333333333333,0,0,23,4489160.181517739,6.358904109589041,4.0
C-002635960,S-0050,-71.97956496216028,1,3,女性,42,1,12,0.0,0,0,20,4615411.181286601,9.2013698630137,6.0
C-002347744,S-0089,-40.40082002765554,0,3,女性,52,2,12,0.1666666666666666,51341,2,19,4721110.949352573,10.142465753424657,7.0
C-000821270,S-0004,-100.0,1,3,女性,47,9,12,0.25,0,0,22,4423576.351309,11.806849315068494,9.0
C-002011316,S-0111,-99.0932455135123,1,3,女性,51,4,12,0.25,13254,1,19,4489501.980758176,6.397260273972603,4.0
C-002074905,S-0062,-100.0,1,3,女性,47,3,12,0.1666666666666666,3171,1,15,4713869.782113416,4.575342465753424,1.0
C-002213193,S-0005,-100.0,1,3,女性,33,3,12,0.0833333333333333,4925,1,21,4733942.970761149,4.69041095890411,2.0
C-001385880,S-0102,-100.0,1,3,男性,50,6,12,0.0833333333333333,4426,1,16,4383474.364435211,10.484931506849314,7.5
C-001084279,S-0080,-100.0,1,3,男性,41,8,12,0.3333333333333333,7231,1,17,4457429.264950683,11.673972602739726,9.0
C-000317040,S-0097,-35.93965411731561,0,3,女性,30,11,12,0.3333333333333333,21422,2,21,4592508.716501317,10.09041095890411,7.0
C-000955444,S-0056,-58.422441921568144,1,3,女性,62,8,12,0.0833333333333333,36754,1,15,4406070.585753419,7.528767123287671,4.0
C-001132963,S-0036,-100.0,1,3,女性,53,7,12,0.25,782,2,19,4397834.424680548,11.123287671232877,9.0
C-001838849,S-0121,-33.90314609116668,0,3,男性,54,4,12,0.1666666666666666,5813,1,14,4716268.25678644,9.856164383561644,7.0
C-001935180,S-0117,-100.0,1,3,女性,48,4,12,0.3333333333333333,0,0,20,4500859.737076383,9.593150684931507,7.0
C-000478417,S-0099,-58.5809966478674,1,3,男性,47,10,12,0.4166666666666667,0,0,13,4464126.154078853,8.147945205479452,5.0
C-001267868,S-0121,-79.09945057643864,1,3,男性,58,7,12,0.1666666666666666,7737,1,14,4716268.25678644,9.856164383561644,7.0
C-002428516,S-0008,-100.0,1,3,男性,56,2,12,0.25,0,0,22,4498453.308937302,10.772602739726027,7.0
C-000561088,S-0050,-18.96033563749674,0,3,男性,51,10,12,0.3333333333333333,0,0,20,4615411.181286601,9.2013698630137,6.0
C-001524350,S-0117,-51.52774288309529,1,3,男性,59,6,12,0.1666666666666666,10943,1,20,4500859.737076383,9.593150684931507,7.0
C-000706391,S-0018,-50.20269570798567,1,3,女性,33,9,12,0.3333333333333333,0,0,16,4493108.581950108,7.550684931506849,5.0
C-000692565,S-0020,-50.678813020010836,1,3,女性,60,9,12,0.25,0,0,16,4280702.057267675,6.986301369863014,3.5
C-000355337,S-0050,-24.83269803729859,0,3,男性,44,11,12,0.1666666666666666,0,0,20,4615411.181286601,9.2013698630137,6.0
C-000885720,S-0082,-100.0,1,3,男性,35,9,12,0.8333333333333334,0,0,17,4607261.71451126,4.758904109589041,2.0
C-001230681,S-0115,-74.20774939261338,1,3,女性,60,7,12,0.0,59709,1,14,4553643.099564746,10.51095890410959,7.0
C-000029312,S-0050,-38.0612492972513,0,3,男性,23,12,12,0.5833333333333334,36424,2,20,4615411.181286601,9.2013698630137,6.0
C-000295890,S-0117,-72.1860402943732,1,3,女性,32,11,12,0.0833333333333333,35828,1,20,4500859.737076383,9.593150684931507,7.0
C-001844340,S-0002,-81.12863000380437,1,3,女性,36,4,12,0.25,9552,1,15,4455566.655169959,5.663013698630137,2.0
C-000990046,S-0056,-99.14088394727798,1,3,男性,32,8,12,0.75,0,0,15,4406070.585753419,7.528767123287671,4.0
C-000035415,S-0020,-58.171184058943425,1,3,女性,62,12,12,0.25,21761,1,16,4280702.057267675,6.986301369863014,3.5
C-001491628,S-0018,-100.0,1,3,女性,67,6,12,0.0833333333333333,0,0,16,4493108.581950108,7.550684931506849,5.0
C-002571610,S-0072,-100.0,1,3,男性,58,1,12,0.5833333333333334,6517,1,12,4406797.312641796,9.01917808219178,6.0
C-001668208,S-0075,-52.967739751531774,1,3,女性,53,5,12,0.4166666666666667,9011,2,19,4506647.2743158825,4.526027397260274,1.0
C-000769068,S-0004,-9.426423225931032,0,3,女性,66,9,12,0.0833333333333333,28982,1,22,4423576.351309,11.806849315068494,9.0
C-002653952,S-0014,-100.0,1,3,女性,43,1,12,0.0,14263,1,21,4730192.353344672,7.336986301369863,4.0
C-002019203,S-0126,-22.881390094094435,0,3,女性,66,4,12,0.3333333333333333,0,0,17,4493168.352495564,5.53972602739726,3.0
C-002045419,S-0121,-59.21435526811998,1,3,男性,37,3,12,0.1666666666666666,3369,1,14,4716268.25678644,9.856164383561644,7.0
C-000013519,S-0097,-9.00394249630336,0,3,女性,49,12,12,0.1666666666666666,0,0,21,4592508.716501317,10.09041095890411,7.0
C-001745543,S-0004,-100.0,1,3,男性,63,5,12,0.4166666666666667,0,0,22,4423576.351309,11.806849315068494,9.0
C-000760948,S-0002,-33.91835262652279,0,3,女性,55,9,12,0.3333333333333333,3070,1,15,4455566.655169959,5.663013698630137,2.0
C-001941565,S-0054,-94.60510701885467,1,3,女性,39,4,12,0.1666666666666666,0,0,23,4489160.181517739,6.358904109589041,4.0
C-002610919,S-0040,-42.97164687816023,0,3,女性,36,1,12,0.25,0,0,20,4550116.0180538,8.163013698630138,4.0
C-002162838,S-0102,-78.61990109481748,1,3,女性,64,3,12,0.3333333333333333,9669,1,16,4383474.364435211,10.484931506849314,7.5
C-001459509,S-0082,-32.351179678546956,0,3,女性,45,6,12,0.1666666666666666,26446,2,17,4607261.71451126,4.758904109589041,2.0
C-001323667,S-0050,-17.615952954047074,0,3,女性,52,7,12,0.0833333333333333,9598,2,20,4615411.181286601,9.2013698630137,6.0
C-002450334,S-0054,-46.719722979154575,0,3,女性,51,2,12,0.5833333333333334,0,0,23,4489160.181517739,6.358904109589041,4.0
C-001973232,S-0111,-30.79292192672096,0,3,女性,59,4,12,0.1666666666666666,30275,1,19,4489501.980758176,6.397260273972603,4.0
C-001675383,S-0019,-14.867907358082775,0,3,男性,32,5,12,0.3333333333333333,0,0,19,4327199.920883598,4.090410958904109,1.0
C-000476139,S-0097,-30.833595871401354,0,3,女性,56,10,12,0.0833333333333333,0,0,21,4592508.716501317,10.09041095890411,7.0
C-000479297,S-0005,-10.692897772222848,0,3,男性,46,10,12,0.4166666666666667,22449,1,21,4733942.970761149,4.69041095890411,2.0
C-001453421,S-0072,-100.0,1,3,女性,55,6,12,0.0833333333333333,71562,1,12,4406797.312641796,9.01917808219178,6.0
C-001690875,S-0117,-74.6903664643063,1,3,男性,33,5,12,0.1666666666666666,2519,1,20,4500859.737076383,9.593150684931507,7.0
C-000642901,S-0050,-35.603432217203,0,3,女性,73,10,12,0.4166666666666667,0,0,20,4615411.181286601,9.2013698630137,6.0
C-001606585,S-0018,-49.36828755357917,1,3,女性,71,5,12,0.1666666666666666,18132,1,16,4493108.581950108,7.550684931506849,5.0
C-000551285,S-0036,-78.23205646346003,1,3,女性,62,10,12,0.0,8109,1,19,4397834.424680548,11.123287671232877,9.0
C-001289477,S-0014,-36.08938297562994,0,3,女性,42,7,12,0.1666666666666666,13069,2,21,4730192.353344672,7.336986301369863,4.0
C-002431490,S-0075,-8.918722827781274,0,3,女性,48,2,12,0.5,0,0,19,4506647.2743158825,4.526027397260274,1.0
C-000270733,S-0004,-55.57329137718909,1,3,男性,41,11,12,0.25,4199,1,22,4423576.351309,11.806849315068494,9.0
C-002307693,S-0096,-72.42810305165574,1,3,男性,51,2,12,0.1666666666666666,1876,2,16,4644856.458098179,8.302739726027397,5.0
C-000022250,S-0008,-34.39610771506479,0,3,男性,82,12,12,0.1666666666666666,5813,2,22,4498453.308937302,10.772602739726027,7.0
C-002437015,S-0079,-100.0,1,3,男性,56,2,12,0.1666666666666666,0,0,13,4256656.371085242,8.479452054794521,6.0
C-001309541,S-0004,-26.389519310864262,0,3,男性,67,7,12,0.25,28786,1,22,4423576.351309,11.806849315068494,9.0
C-001798949,S-0126,-23.866186792224863,0,3,男性,50,5,12,0.3333333333333333,0,0,17,4493168.352495564,5.53972602739726,3.0
C-000867379,S-0097,-15.249955996959109,0,3,女性,47,9,12,0.0833333333333333,0,0,21,4592508.716501317,10.09041095890411,7.0
C-000931541,S-0085,-44.54653437674679,0,3,男性,39,8,12,0.5833333333333334,17056,1,15,4606655.398026554,4.928767123287671,2.0
C-001962386,S-0030,-32.279334632099506,0,3,男性,50,4,12,0.3333333333333333,12750,1,22,4426478.045479023,9.236986301369862,5.5
C-002590413,S-0117,-100.0,1,3,男性,31,1,12,0.3333333333333333,19356,1,20,4500859.737076383,9.593150684931507,7.0
C-000533228,S-0121,-57.78878253455177,1,3,男性,42,10,12,0.25,6932,1,14,4716268.25678644,9.856164383561644,7.0
C-001201444,S-0113,-31.94768177519679,0,3,女性,43,7,12,0.25,0,0,16,4336633.961311346,5.77945205479452,2.5
C-001701466,S-0074,-100.0,1,3,男性,38,5,12,0.1666666666666666,13756,2,14,4614054.39694187,8.308219178082192,6.0
C-002358830,S-0018,-100.0,1,3,男性,37,2,12,0.1666666666666666,7892,1,16,4493108.581950108,7.550684931506849,5.0
C-000788782,S-0041,-83.83310219907735,1,3,女性,53,9,12,0.0833333333333333,9514,1,17,4828489.286769263,10.389041095890411,7.0
C-001145083,S-0102,-48.039033024360705,0,3,女性,43,7,12,0.0,934,2,16,4383474.364435211,10.484931506849314,7.5
C-001611289,S-0039,-47.945569082672705,0,3,女性,54,5,12,0.4166666666666667,53443,1,16,4591288.568998441,8.193150684931506,5.0
C-000815559,S-0072,-67.91305829524497,1,3,女性,39,9,12,0.25,5377,1,12,4406797.312641796,9.01917808219178,6.0
C-000816250,S-0014,-54.21599553188644,1,3,女性,32,9,12,0.25,3008,1,21,4730192.353344672,7.336986301369863,4.0
C-002690311,S-0111,-17.303381358723087,0,3,男性,47,1,12,0.0833333333333333,9070,1,19,4489501.980758176,6.397260273972603,4.0
C-001385130,S-0018,-98.63828874711842,1,3,女性,43,6,12,0.1666666666666666,26553,2,16,4493108.581950108,7.550684931506849,5.0
C-002092305,S-0017,-45.15378491416526,0,3,男性,87,3,12,0.6666666666666666,0,0,20,4640207.03550726,5.608219178082192,2.5
C-001219773,S-0074,-20.950112674916,0,3,女性,57,7,12,0.0833333333333333,3679,1,14,4614054.39694187,8.308219178082192,6.0
C-000814735,S-0041,-35.5078138467373,0,3,男性,44,9,12,0.3333333333333333,76662,1,17,4828489.286769263,10.389041095890411,7.0
C-002170154,S-0089,-100.0,1,3,女性,42,3,12,0.3333333333333333,0,0,19,4721110.949352573,10.142465753424657,7.0
C-001760064,S-0079,-32.059838611092246,0,3,男性,20,5,12,0.25,0,0,13,4256656.371085242,8.479452054794521,6.0
C-001987561,S-0002,-100.0,1,3,男性,43,4,12,0.3333333333333333,34584,1,15,4455566.655169959,5.663013698630137,2.0
C-001279948,S-0115,-15.674390214770595,0,3,女性,69,7,12,0.1666666666666666,8849,1,14,4553643.099564746,10.51095890410959,7.0
C-002003398,S-0080,-41.4439244708059,0,3,男性,42,4,12,0.25,0,0,17,4457429.264950683,11.673972602739726,9.0
C-000205014,S-0014,-100.0,1,3,男性,44,12,12,0.0833333333333333,0,0,21,4730192.353344672,7.336986301369863,4.0
C-001120776,S-0115,-100.0,1,3,女性,49,8,12,0.0833333333333333,4811,1,14,4553643.099564746,10.51095890410959,7.0
C-001487876,S-0050,-52.682078548371855,1,3,女性,79,6,12,0.75,0,0,20,4615411.181286601,9.2013698630137,6.0
C-001340949,S-0113,-100.0,1,3,男性,51,7,12,0.0833333333333333,0,0,16,4336633.961311346,5.77945205479452,2.5
C-001646078,S-0080,-50.680077127520974,1,3,女性,51,5,12,0.5,4939,1,17,4457429.264950683,11.673972602739726,9.0
C-001039498,S-0036,-31.152974132681265,0,3,男性,43,8,12,0.1666666666666666,5688,2,19,4397834.424680548,11.123287671232877,9.0
C-000234573,S-0030,-60.68410937046708,1,3,男性,52,11,12,0.75,0,0,22,4426478.045479023,9.236986301369862,5.5
C-001118884,S-0085,-27.911109669406937,0,3,女性,56,8,12,0.4166666666666667,10574,1,15,4606655.398026554,4.928767123287671,2.0
C-001228391,S-0017,-18.970067812739078,0,3,男性,53,7,12,0.4166666666666667,30392,2,20,4640207.03550726,5.608219178082192,2.5
C-001356440,S-0096,-42.160155489222674,0,3,女性,44,6,12,0.25,0,0,16,4644856.458098179,8.302739726027397,5.0
C-000541201,S-0039,-9.545962199312715,0,3,女性,65,10,12,0.4166666666666667,31206,1,16,4591288.568998441,8.193150684931506,5.0
C-001112535,S-0048,-34.968918796141885,0,3,女性,38,8,12,0.4166666666666667,31731,2,15,4502249.082895545,3.671232876712329,1.0
C-001778152,S-0014,-54.305654799036674,1,3,女性,60,5,12,0.1666666666666666,4241,2,21,4730192.353344672,7.336986301369863,4.0
C-002617620,S-0075,-32.58880279489419,0,3,男性,52,1,12,0.4166666666666667,0,0,19,4506647.2743158825,4.526027397260274,1.0
C-000703034,S-0115,-25.091665727240247,0,3,女性,57,9,12,0.0833333333333333,5796,1,14,4553643.099564746,10.51095890410959,7.0
C-001813630,S-0040,-100.0,1,3,女性,56,4,12,0.1666666666666666,1977,1,20,4550116.0180538,8.163013698630138,4.0
C-000051760,S-0036,-100.0,1,3,女性,60,12,12,0.25,15787,1,19,4397834.424680548,11.123287671232877,9.0
C-001190366,S-0018,-35.357710527956115,0,3,女性,28,7,12,0.4166666666666667,0,0,16,4493108.581950108,7.550684931506849,5.0
C-001153409,S-0072,-80.85758603142685,1,3,女性,57,7,12,0.0833333333333333,35066,2,12,4406797.312641796,9.01917808219178,6.0
C-000304097,S-0106,-31.107957549583997,0,3,女性,42,11,12,0.5,0,0,20,4462729.145118021,6.171232876712329,3.5
C-000704570,S-0004,-98.24783755030298,1,3,女性,52,9,12,0.1666666666666666,0,0,22,4423576.351309,11.806849315068494,9.0
C-001354295,S-0062,-31.558334539375554,0,3,女性,38,6,12,0.5,12906,2,15,4713869.782113416,4.575342465753424,1.0
C-000186388,S-0100,-34.56332706672339,0,3,女性,51,12,12,0.1666666666666666,31113,2,17,4535925.154217558,4.720547945205479,2.0
C-000770172,S-0014,-99.81522777954763,1,3,女性,53,9,12,0.0833333333333333,0,0,21,4730192.353344672,7.336986301369863,4.0
C-002322891,S-0102,-17.267669482794147,0,3,女性,55,2,12,0.5,77412,1,16,4383474.364435211,10.484931506849314,7.5
C-000266449,S-0111,-53.19615128131847,1,3,女性,50,11,12,0.5833333333333334,5250,1,19,4489501.980758176,6.397260273972603,4.0
C-002297671,S-0113,-100.0,1,3,女性,18,2,12,0.3333333333333333,14541,2,16,4336633.961311346,5.77945205479452,2.5
C-000703195,S-0018,-33.42334614692209,0,3,男性,48,9,12,0.25,44302,1,16,4493108.581950108,7.550684931506849,5.0
C-001957327,S-0117,-10.1825141601489,0,3,男性,56,4,12,0.25,0,0,20,4500859.737076383,9.593150684931507,7.0
C-000417794,S-0008,-61.21656417557784,1,3,女性,72,11,12,0.25,0,0,22,4498453.308937302,10.772602739726027,7.0
C-001170266,S-0115,-27.505679069795917,0,3,男性,60,7,12,0.1666666666666666,0,0,14,4553643.099564746,10.51095890410959,7.0
C-000157786,S-0008,-73.71221959106765,1,3,男性,47,12,12,0.25,0,0,22,4498453.308937302,10.772602739726027,7.0
C-000752768,S-0048,-100.0,1,3,男性,53,9,12,0.0,7325,2,15,4502249.082895545,3.671232876712329,1.0
C-000697694,S-0062,-44.365720403696876,0,3,男性,57,9,12,0.25,46711,1,15,4713869.782113416,4.575342465753424,1.0
C-000060265,S-0096,-100.0,1,3,女性,24,12,12,0.5833333333333334,17907,1,16,4644856.458098179,8.302739726027397,5.0
C-002052042,S-0056,-76.34586543931323,1,3,女性,33,3,12,0.5,23086,1,15,4406070.585753419,7.528767123287671,4.0
C-001371285,S-0117,-100.0,1,3,女性,31,6,12,0.1666666666666666,14613,1,20,4500859.737076383,9.593150684931507,7.0
C-001082849,S-0050,-100.0,1,3,男性,58,8,12,0.25,0,0,20,4615411.181286601,9.2013698630137,6.0
C-000842283,S-0080,-31.87436638520002,0,3,女性,58,9,12,0.4166666666666667,0,0,17,4457429.264950683,11.673972602739726,9.0
C-000522339,S-0075,-25.939466099494634,0,3,女性,54,10,12,0.25,951,1,19,4506647.2743158825,4.526027397260274,1.0
C-000778702,S-0117,-100.0,1,3,女性,37,9,12,0.1666666666666666,31946,1,20,4500859.737076383,9.593150684931507,7.0
C-000112295,S-0017,-11.79848689156454,0,3,女性,60,12,12,0.0,10122,1,20,4640207.03550726,5.608219178082192,2.5
C-001195517,S-0036,-28.38373039301728,0,3,女性,75,7,12,0.1666666666666666,3470,2,19,4397834.424680548,11.123287671232877,9.0
C-000154538,S-0030,-40.23462407193265,0,3,女性,48,12,12,0.3333333333333333,0,0,22,4426478.045479023,9.236986301369862,5.5
C-000651714,S-0017,-100.0,1,3,女性,22,10,12,0.5,10942,1,20,4640207.03550726,5.608219178082192,2.5
C-001951705,S-0096,-54.06511324956927,1,3,男性,69,4,12,0.0833333333333333,4892,1,16,4644856.458098179,8.302739726027397,5.0
C-001429676,S-0012,-96.0016348252563,1,3,男性,42,6,12,0.0833333333333333,12572,2,16,4444678.825084195,7.994520547945205,5.0
C-002203308,S-0074,-14.43512478935441,0,3,女性,52,3,12,0.5,11352,2,14,4614054.39694187,8.308219178082192,6.0
C-001998034,S-0002,-100.0,1,3,女性,31,4,12,0.5,0,0,15,4455566.655169959,5.663013698630137,2.0
C-000503774,S-0020,-32.70942873545412,0,3,女性,40,10,12,0.1666666666666666,26206,2,16,4280702.057267675,6.986301369863014,3.5
C-000981895,S-0111,-34.85676478634001,0,3,女性,57,8,12,0.25,0,0,19,4489501.980758176,6.397260273972603,4.0
C-002315356,S-0074,-100.0,1,3,女性,62,2,12,0.25,5319,1,14,4614054.39694187,8.308219178082192,6.0
C-001426023,S-0039,-73.49488503454893,1,3,女性,56,6,12,0.25,0,0,16,4591288.568998441,8.193150684931506,5.0
C-001624132,S-0102,-100.0,1,3,女性,61,5,12,0.25,0,0,16,4383474.364435211,10.484931506849314,7.5
C-002112014,S-0089,-87.32740561426377,1,3,男性,60,3,12,0.0833333333333333,21990,1,19,4721110.949352573,10.142465753424657,7.0
C-002226878,S-0099,-29.073624854464704,0,3,男性,55,3,12,0.1666666666666666,8690,1,13,4464126.154078853,8.147945205479452,5.0
C-000626890,S-0004,-22.753368251144714,0,3,女性,51,10,12,0.6666666666666666,7122,1,22,4423576.351309,11.806849315068494,9.0
C-000371824,S-0014,-52.91649113710749,1,3,女性,19,11,12,0.0,0,0,21,4730192.353344672,7.336986301369863,4.0
C-001996725,S-0102,-11.251755560636248,0,3,男性,35,4,12,0.1666666666666666,0,0,16,4383474.364435211,10.484931506849314,7.5
C-000159306,S-0111,-91.4656416268374,1,3,女性,53,12,12,0.4166666666666667,0,0,19,4489501.980758176,6.397260273972603,4.0
C-001306246,S-0019,-5.223758752561391,0,3,男性,36,7,12,0.25,6167,1,19,4327199.920883598,4.090410958904109,1.0
C-000877054,S-0096,-13.351231099374218,0,3,女性,53,9,12,0.0833333333333333,0,0,16,4644856.458098179,8.302739726027397,5.0
C-001616692,S-0117,-36.30774898403233,0,3,女性,46,5,12,0.4166666666666667,51187,2,20,4500859.737076383,9.593150684931507,7.0
C-002104875,S-0097,-50.165783211903445,1,3,女性,25,3,12,0.1666666666666666,40648,1,21,4592508.716501317,10.09041095890411,7.0
C-002014447,S-0059,-9.254395407247937,0,3,女性,47,4,12,0.4166666666666667,0,0,14,4713188.969095345,6.8123287671232875,3.0
C-002559129,S-0005,-43.40725563456671,0,3,女性,30,1,12,0.1666666666666666,0,0,21,4733942.970761149,4.69041095890411,2.0
C-001315408,S-0089,-18.478802532253003,0,3,女性,39,7,12,0.1666666666666666,0,0,19,4721110.949352573,10.142465753424657,7.0
C-001927377,S-0096,-58.41314694308214,1,3,男性,25,4,12,0.25,31077,2,16,4644856.458098179,8.302739726027397,5.0
C-000113372,S-0126,-26.12636161066669,0,3,女性,54,12,12,0.3333333333333333,0,0,17,4493168.352495564,5.53972602739726,3.0
C-000347748,S-0096,-83.7546475347047,1,3,女性,49,11,12,0.4166666666666667,4701,2,16,4644856.458098179,8.302739726027397,5.0
C-002413038,S-0074,-84.96577951720141,1,3,女性,80,2,12,0.1666666666666666,6419,2,14,4614054.39694187,8.308219178082192,6.0
C-002126401,S-0012,-100.0,1,3,女性,47,3,12,0.1666666666666666,0,0,16,4444678.825084195,7.994520547945205,5.0
C-002122452,S-0059,-53.77301846986047,1,3,女性,23,3,12,0.25,0,0,14,4713188.969095345,6.8123287671232875,3.0
C-001567915,S-0117,-22.35625006559132,0,3,男性,20,6,12,0.1666666666666666,5530,1,20,4500859.737076383,9.593150684931507,7.0
C-001156831,S-0040,-51.99386299037323,1,3,男性,65,7,12,0.25,19457,2,20,4550116.0180538,8.163013698630138,4.0
C-002408699,S-0036,-33.36308286475146,0,3,女性,42,2,12,0.0833333333333333,1215,2,19,4397834.424680548,11.123287671232877,9.0
C-000925421,S-0036,-41.62051111203653,0,3,男性,47,8,12,0.25,33150,2,19,4397834.424680548,11.123287671232877,9.0
C-000477468,S-0115,-46.387768973640355,0,3,女性,54,10,12,0.4166666666666667,10142,1,14,4553643.099564746,10.51095890410959,7.0
C-000805606,S-0115,-100.0,1,3,男性,59,9,12,0.25,4505,1,14,4553643.099564746,10.51095890410959,7.0
C-000549539,S-0012,-37.13542856138995,0,3,男性,56,10,12,0.3333333333333333,0,0,16,4444678.825084195,7.994520547945205,5.0
C-000318219,S-0074,-100.0,1,3,男性,19,11,12,0.0833333333333333,0,0,14,4614054.39694187,8.308219178082192,6.0
C-002027010,S-0036,-33.324308028350075,0,3,女性,56,3,12,0.25,0,0,19,4397834.424680548,11.123287671232877,9.0
C-002533712,S-0048,-16.149858074838946,0,3,女性,51,1,12,0.3333333333333333,0,0,15,4502249.082895545,3.671232876712329,1.0
C-001506708,S-0002,-100.0,1,3,女性,38,6,12,0.9166666666666666,0,0,15,4455566.655169959,5.663013698630137,2.0
C-000003921,S-0074,-53.520444269364454,1,3,女性,33,12,12,0.1666666666666666,25621,1,14,4614054.39694187,8.308219178082192,6.0
C-001330607,S-0080,-100.0,1,3,男性,42,7,12,0.5833333333333334,11744,1,17,4457429.264950683,11.673972602739726,9.0
C-002492840,S-0080,-71.89303882548302,1,3,女性,47,1,12,0.25,13783,2,17,4457429.264950683,11.673972602739726,9.0
C-002214839,S-0080,-34.496219437679365,0,3,女性,53,3,12,0.1666666666666666,0,0,17,4457429.264950683,11.673972602739726,9.0
C-000172956,S-0072,-54.10392183147892,1,3,男性,43,12,12,0.75,0,0,12,4406797.312641796,9.01917808219178,6.0
C-000277740,S-0004,-100.0,1,3,男性,53,11,12,0.5,0,0,22,4423576.351309,11.806849315068494,9.0
C-001592537,S-0126,-34.58588599974723,0,3,女性,56,5,12,0.5,97565,1,17,4493168.352495564,5.53972602739726,3.0
C-001730831,S-0063,-23.945104111236407,0,3,男性,52,5,12,0.3333333333333333,11893,2,18,4564012.176421695,5.749315068493151,3.0
C-002338692,S-0004,-44.04576950824623,0,3,女性,49,2,12,0.3333333333333333,2072,1,22,4423576.351309,11.806849315068494,9.0
C-002615453,S-0036,-40.90686217282683,0,3,女性,54,1,12,0.1666666666666666,130858,2,19,4397834.424680548,11.123287671232877,9.0
C-002071685,S-0039,-13.710439467448946,0,3,女性,56,3,12,0.25,2561,1,16,4591288.568998441,8.193150684931506,5.0
C-001817687,S-0059,-20.10007895117259,0,3,男性,31,4,12,0.3333333333333333,0,0,14,4713188.969095345,6.8123287671232875,3.0
C-001906921,S-0039,-13.974664570190113,0,3,男性,81,4,12,0.3333333333333333,30479,2,16,4591288.568998441,8.193150684931506,5.0
C-001231904,S-0012,-39.16847226196803,0,3,男性,59,7,12,0.5833333333333334,5439,2,16,4444678.825084195,7.994520547945205,5.0
C-000570487,S-0054,-31.298078944049774,0,3,女性,29,10,12,0.4166666666666667,55995,2,23,4489160.181517739,6.358904109589041,4.0
C-001119040,S-0097,-100.0,1,3,女性,34,8,12,0.1666666666666666,0,0,21,4592508.716501317,10.09041095890411,7.0
C-001733413,S-0020,-100.0,1,3,男性,56,5,12,0.1666666666666666,6813,1,16,4280702.057267675,6.986301369863014,3.5
C-000114016,S-0018,-100.0,1,3,女性,55,12,12,0.1666666666666666,0,0,16,4493108.581950108,7.550684931506849,5.0
C-000551919,S-0041,-78.1045399434191,1,3,男性,59,10,12,0.0833333333333333,2218,1,17,4828489.286769263,10.389041095890411,7.0
C-002489522,S-0072,-48.57104617070488,0,3,女性,42,1,12,0.1666666666666666,7059,1,12,4406797.312641796,9.01917808219178,6.0
C-001281329,S-0096,-100.0,1,3,女性,28,7,12,0.25,3348,1,16,4644856.458098179,8.302739726027397,5.0
C-001864514,S-0004,-100.0,1,3,男性,54,4,12,0.4166666666666667,0,0,22,4423576.351309,11.806849315068494,9.0
C-001337090,S-0017,-57.682863789092785,1,3,女性,64,7,12,0.75,0,0,20,4640207.03550726,5.608219178082192,2.5
C-001375396,S-0050,-58.479478219347556,1,3,女性,56,6,12,0.0833333333333333,21592,2,20,4615411.181286601,9.2013698630137,6.0
C-000594225,S-0121,-59.56277102418392,1,3,女性,47,10,12,0.5833333333333334,14403,1,14,4716268.25678644,9.856164383561644,7.0
C-000767039,S-0012,-100.0,1,3,女性,60,9,12,0.1666666666666666,0,0,16,4444678.825084195,7.994520547945205,5.0
C-001453396,S-0075,-100.0,1,3,女性,46,6,12,0.3333333333333333,24709,2,19,4506647.2743158825,4.526027397260274,1.0
C-002457725,S-0100,-59.02379777583786,1,3,女性,44,2,12,0.25,0,0,17,4535925.154217558,4.720547945205479,2.0
C-001036762,S-0089,-100.0,1,3,男性,37,8,12,0.1666666666666666,134282,2,19,4721110.949352573,10.142465753424657,7.0
C-001602119,S-0099,-23.306040731234738,0,3,男性,41,5,12,0.1666666666666666,5383,2,13,4464126.154078853,8.147945205479452,5.0
C-000382432,S-0089,-16.621153072651413,0,3,女性,22,11,12,0.25,3257,1,19,4721110.949352573,10.142465753424657,7.0
C-000802422,S-0097,-72.21936280817334,1,3,女性,46,9,12,0.25,0,0,21,4592508.716501317,10.09041095890411,7.0
C-001131348,S-0005,-21.546393817921544,0,3,女性,60,7,12,0.3333333333333333,8677,1,21,4733942.970761149,4.69041095890411,2.0
C-002262233,S-0113,-29.478372332957214,0,3,女性,44,2,12,0.4166666666666667,0,0,16,4336633.961311346,5.77945205479452,2.5
C-001168021,S-0018,-66.26343938412204,1,3,女性,52,7,12,0.0833333333333333,13626,1,16,4493108.581950108,7.550684931506849,5.0
C-000710326,S-0004,-100.0,1,3,女性,53,9,12,0.25,0,0,22,4423576.351309,11.806849315068494,9.0
C-002400397,S-0089,-34.69433020991277,0,3,女性,29,2,12,0.3333333333333333,0,0,19,4721110.949352573,10.142465753424657,7.0
C-001928573,S-0097,-50.67863915118237,1,3,女性,48,4,12,0.4166666666666667,0,0,21,4592508.716501317,10.09041095890411,7.0
C-002248909,S-0020,-45.20110400792621,0,3,男性,52,2,12,0.3333333333333333,967,1,16,4280702.057267675,6.986301369863014,3.5
C-001326802,S-0121,-84.99513466005399,1,3,男性,40,7,12,0.5,20182,1,14,4716268.25678644,9.856164383561644,7.0
C-001196592,S-0030,-22.121778864692214,0,3,女性,38,7,12,0.5,14807,2,22,4426478.045479023,9.236986301369862,5.5
C-001933239,S-0102,-60.12314928922292,1,3,女性,52,4,12,0.5833333333333334,6422,1,16,4383474.364435211,10.484931506849314,7.5
C-001122129,S-0080,-100.0,1,3,男性,55,8,12,0.3333333333333333,0,0,17,4457429.264950683,11.673972602739726,9.0
C-000373011,S-0007,-62.236078528213355,1,3,女性,27,11,12,0.0833333333333333,0,0,21,4487075.727367008,3.7260273972602738,1.0
C-000514951,S-0097,-59.40426655536769,1,3,女性,30,10,12,0.1666666666666666,9513,2,21,4592508.716501317,10.09041095890411,7.0
C-000304334,S-0014,-100.0,1,3,女性,36,11,12,0.1666666666666666,21701,2,21,4730192.353344672,7.336986301369863,4.0
C-000507484,S-0096,-100.0,1,3,女性,55,10,12,0.0833333333333333,14613,1,16,4644856.458098179,8.302739726027397,5.0
C-001966372,S-0063,-68.75816212432889,1,3,男性,44,4,12,0.3333333333333333,0,0,18,4564012.176421695,5.749315068493151,3.0
C-001639554,S-0113,-68.22423636595396,1,3,男性,59,5,12,0.3333333333333333,17390,1,16,4336633.961311346,5.77945205479452,2.5
C-000348170,S-0017,-23.289728586287044,0,3,女性,33,11,12,0.3333333333333333,0,0,20,4640207.03550726,5.608219178082192,2.5
C-001209367,S-0126,-54.22089189658165,1,3,女性,45,7,12,0.1666666666666666,3382,1,17,4493168.352495564,5.53972602739726,3.0
C-002593557,S-0039,-25.85579956023707,0,3,女性,50,1,12,0.0833333333333333,0,0,16,4591288.568998441,8.193150684931506,5.0
C-000950429,S-0062,-26.806859048767397,0,3,女性,58,8,12,0.0,0,0,15,4713869.782113416,4.575342465753424,1.0
C-000402584,S-0004,-85.35833211569371,1,3,女性,69,11,12,0.4166666666666667,0,0,22,4423576.351309,11.806849315068494,9.0
C-002111366,S-0099,-6.393883201767155,0,3,女性,57,3,12,0.25,0,0,13,4464126.154078853,8.147945205479452,5.0
C-001151250,S-0048,-38.183294497556304,0,3,女性,49,7,12,0.75,5014,1,15,4502249.082895545,3.671232876712329,1.0
C-002608559,S-0113,-100.0,1,3,女性,45,1,12,0.25,0,0,16,4336633.961311346,5.77945205479452,2.5
C-001529496,S-0121,-46.87004983232138,0,3,男性,20,6,12,0.3333333333333333,25813,1,14,4716268.25678644,9.856164383561644,7.0
C-001009747,S-0059,-52.988591466607424,1,3,男性,39,8,12,0.5833333333333334,91385,1,14,4713188.969095345,6.8123287671232875,3.0
C-000360336,S-0113,-100.0,1,3,女性,56,11,12,0.4166666666666667,108179,1,16,4336633.961311346,5.77945205479452,2.5
C-001368333,S-0074,-62.512494676181454,1,3,女性,65,6,12,0.1666666666666666,10959,1,14,4614054.39694187,8.308219178082192,6.0
C-000707630,S-0036,-100.0,1,3,男性,36,9,12,0.0833333333333333,9665,1,19,4397834.424680548,11.123287671232877,9.0
C-000888042,S-0039,-100.0,1,3,女性,63,9,12,0.1666666666666666,0,0,16,4591288.568998441,8.193150684931506,5.0
C-000881035,S-0096,-97.5665026453069,1,3,女性,59,9,12,0.0833333333333333,0,0,16,4644856.458098179,8.302739726027397,5.0
C-001366076,S-0072,-40.68274945048981,0,3,男性,42,6,12,0.1666666666666666,13906,1,12,4406797.312641796,9.01917808219178,6.0
C-000949223,S-0080,-30.933879009128866,0,3,男性,58,8,12,0.1666666666666666,0,0,17,4457429.264950683,11.673972602739726,9.0
C-000931332,S-0054,-100.0,1,3,女性,34,8,12,0.8333333333333334,0,0,23,4489160.181517739,6.358904109589041,4.0
C-001450711,S-0020,-29.932434939728086,0,3,女性,61,6,12,0.6666666666666666,4520,1,16,4280702.057267675,6.986301369863014,3.5
C-001343637,S-0004,-9.56769270685503,0,3,女性,58,7,12,0.0833333333333333,1772,1,22,4423576.351309,11.806849315068494,9.0
C-001024789,S-0054,-100.0,1,3,男性,51,8,12,0.25,0,0,23,4489160.181517739,6.358904109589041,4.0
C-002030312,S-0036,-100.0,1,3,女性,66,3,12,0.5833333333333334,3654,1,19,4397834.424680548,11.123287671232877,9.0
C-002271053,S-0115,-88.28471972152204,1,3,男性,38,2,12,0.3333333333333333,13028,1,14,4553643.099564746,10.51095890410959,7.0
C-002580031,S-0036,-85.751303754488,1,3,女性,50,1,12,0.1666666666666666,15781,1,19,4397834.424680548,11.123287671232877,9.0
C-000599805,S-0115,-57.289280353898405,1,3,男性,27,10,12,0.0,13284,1,14,4553643.099564746,10.51095890410959,7.0
C-001131595,S-0018,-100.0,1,3,女性,67,7,12,0.6666666666666666,0,0,16,4493108.581950108,7.550684931506849,5.0
C-002423742,S-0039,-100.0,1,3,男性,46,2,12,0.1666666666666666,0,0,16,4591288.568998441,8.193150684931506,5.0
C-000930778,S-0059,-17.75734616893986,0,3,男性,69,8,12,0.75,1312,2,14,4713188.969095345,6.8123287671232875,3.0
C-002211944,S-0075,-23.79182156133829,0,3,男性,46,3,12,0.3333333333333333,19323,1,19,4506647.2743158825,4.526027397260274,1.0
C-000484039,S-0014,-100.0,1,3,女性,46,10,12,0.3333333333333333,5476,2,21,4730192.353344672,7.336986301369863,4.0
C-000425247,S-0075,-46.393257310377386,0,3,女性,50,11,12,0.5,16189,1,19,4506647.2743158825,4.526027397260274,1.0
C-001638635,S-0020,-100.0,1,3,女性,79,5,12,0.5833333333333334,0,0,16,4280702.057267675,6.986301369863014,3.5
C-002000316,S-0100,-16.04818537006497,0,3,男性,68,4,12,0.3333333333333333,27181,1,17,4535925.154217558,4.720547945205479,2.0
C-001260456,S-0080,-60.21136691681921,1,3,女性,20,7,12,0.4166666666666667,0,0,17,4457429.264950683,11.673972602739726,9.0
C-002290065,S-0097,-43.961845174084885,0,3,女性,48,2,12,0.25,30840,2,21,4592508.716501317,10.09041095890411,7.0
C-000130156,S-0117,-65.89873184015877,1,3,女性,53,12,12,0.3333333333333333,18875,2,20,4500859.737076383,9.593150684931507,7.0
C-000174614,S-0054,-50.45624123755436,1,3,女性,57,12,12,0.75,0,0,23,4489160.181517739,6.358904109589041,4.0
C-000934188,S-0039,-15.621625918725746,0,3,男性,35,8,12,0.1666666666666666,18365,1,16,4591288.568998441,8.193150684931506,5.0
C-000640615,S-0048,-30.1081856320898,0,3,男性,49,10,12,0.0833333333333333,0,0,15,4502249.082895545,3.671232876712329,1.0
C-000701769,S-0041,-62.40386582738575,1,3,男性,32,9,12,0.1666666666666666,1317,1,17,4828489.286769263,10.389041095890411,7.0
C-000206764,S-0099,-100.0,1,3,男性,37,12,12,0.0833333333333333,0,0,13,4464126.154078853,8.147945205479452,5.0
C-001340778,S-0017,-25.682019223432125,0,3,男性,60,7,12,0.5833333333333334,0,0,20,4640207.03550726,5.608219178082192,2.5
C-001800532,S-0018,-16.38474722468046,0,3,女性,39,4,12,0.6666666666666666,6546,1,16,4493108.581950108,7.550684931506849,5.0
C-000553424,S-0096,-17.774811247915814,0,3,男性,63,10,12,0.0833333333333333,0,0,16,4644856.458098179,8.302739726027397,5.0
C-001175778,S-0014,-45.76891066593208,0,3,女性,36,7,12,0.25,0,0,21,4730192.353344672,7.336986301369863,4.0
C-000517831,S-0012,-75.19301916856438,1,3,男性,42,10,12,0.3333333333333333,2065,1,16,4444678.825084195,7.994520547945205,5.0
C-001158960,S-0014,-68.4720708238674,1,3,女性,68,7,12,0.25,7559,2,21,4730192.353344672,7.336986301369863,4.0
C-001881503,S-0113,-25.317156226671035,0,3,男性,45,4,12,0.4166666666666667,0,0,16,4336633.961311346,5.77945205479452,2.5
C-002357077,S-0079,-66.96598222494636,1,3,女性,56,2,12,0.0833333333333333,5205,1,13,4256656.371085242,8.479452054794521,6.0
C-001108148,S-0097,-100.0,1,3,男性,50,8,12,0.3333333333333333,0,0,21,4592508.716501317,10.09041095890411,7.0
C-000218854,S-0014,-31.453877057190276,0,3,女性,36,12,12,0.1666666666666666,0,0,21,4730192.353344672,7.336986301369863,4.0
C-001048755,S-0002,-34.44909592945577,0,3,女性,45,8,12,0.3333333333333333,0,0,15,4455566.655169959,5.663013698630137,2.0
C-000015120,S-0089,-24.10335290248516,0,3,女性,54,12,12,0.3333333333333333,3124,1,19,4721110.949352573,10.142465753424657,7.0
C-002102655,S-0018,-100.0,1,3,男性,69,3,12,0.3333333333333333,6284,1,16,4493108.581950108,7.550684931506849,5.0
C-000534193,S-0102,-36.15707501756146,0,3,女性,63,10,12,0.25,26493,1,16,4383474.364435211,10.484931506849314,7.5
C-002205854,S-0117,-72.92442231865542,1,3,女性,60,3,12,0.1666666666666666,7255,2,20,4500859.737076383,9.593150684931507,7.0
C-000185610,S-0036,-74.30166150817804,1,3,男性,65,12,12,0.3333333333333333,1898,1,19,4397834.424680548,11.123287671232877,9.0
C-000201862,S-0054,-100.0,1,3,男性,59,12,12,0.25,17443,1,23,4489160.181517739,6.358904109589041,4.0
C-000616683,S-0063,-52.27573304086965,1,3,女性,59,10,12,0.5833333333333334,10304,1,18,4564012.176421695,5.749315068493151,3.0
C-001072920,S-0074,-31.27607597420379,0,3,女性,58,8,12,0.5,0,0,14,4614054.39694187,8.308219178082192,6.0
C-002252828,S-0039,-29.24686651399474,0,3,男性,34,2,12,0.25,0,0,16,4591288.568998441,8.193150684931506,5.0
C-002492909,S-0002,-32.91077461830093,0,3,女性,37,1,12,0.0833333333333333,17589,1,15,4455566.655169959,5.663013698630137,2.0
C-001835527,S-0040,-51.61216209865649,1,3,女性,22,4,12,0.25,16523,1,20,4550116.0180538,8.163013698630138,4.0
C-001698842,S-0018,-57.566206507958874,1,3,女性,60,5,12,0.3333333333333333,0,0,16,4493108.581950108,7.550684931506849,5.0
C-001399023,S-0048,-47.83677783249992,0,3,男性,59,6,12,0.1666666666666666,0,0,15,4502249.082895545,3.671232876712329,1.0
C-000211391,S-0019,-21.632385875220557,0,3,男性,51,12,12,0.1666666666666666,13525,2,19,4327199.920883598,4.090410958904109,1.0
C-000368699,S-0007,-100.0,1,3,男性,47,11,12,0.5833333333333334,0,0,21,4487075.727367008,3.7260273972602738,1.0
C-002291716,S-0115,-81.39910033881841,1,3,女性,26,2,12,0.1666666666666666,15989,1,14,4553643.099564746,10.51095890410959,7.0
C-001791631,S-0097,-63.99476550821639,1,3,男性,71,5,12,0.0,3919,1,21,4592508.716501317,10.09041095890411,7.0
C-001509189,S-0014,-52.16801568230681,1,3,女性,57,6,12,0.0833333333333333,0,0,21,4730192.353344672,7.336986301369863,4.0
C-001126738,S-0004,-55.899256790112275,1,3,男性,43,7,12,0.4166666666666667,93867,2,22,4423576.351309,11.806849315068494,9.0
C-000551413,S-0075,-13.852647990946357,0,3,女性,21,10,12,0.1666666666666666,23525,2,19,4506647.2743158825,4.526027397260274,1.0
C-000536797,S-0115,-100.0,1,3,女性,50,10,12,0.25,17448,2,14,4553643.099564746,10.51095890410959,7.0
C-002178349,S-0040,-28.298075016289413,0,3,男性,36,3,12,0.25,1800,2,20,4550116.0180538,8.163013698630138,4.0
C-000973647,S-0111,-56.765872256863425,1,3,女性,31,8,12,0.25,0,0,19,4489501.980758176,6.397260273972603,4.0
C-001098766,S-0080,-56.51680741844676,1,3,女性,42,8,12,0.25,0,0,17,4457429.264950683,11.673972602739726,9.0
C-001486049,S-0017,-63.7937149134568,1,3,女性,55,6,12,0.5,0,0,20,4640207.03550726,5.608219178082192,2.5
C-000831947,S-0089,-45.96150522768513,0,3,女性,39,9,12,0.1666666666666666,0,0,19,4721110.949352573,10.142465753424657,7.0
C-000171315,S-0072,-100.0,1,3,女性,53,12,12,0.6666666666666666,0,0,12,4406797.312641796,9.01917808219178,6.0
C-001344163,S-0099,-38.47620420593588,0,3,男性,54,7,12,0.3333333333333333,6517,2,13,4464126.154078853,8.147945205479452,5.0
C-000123031,S-0121,-100.0,1,3,男性,42,12,12,0.5,0,0,14,4716268.25678644,9.856164383561644,7.0
C-001358337,S-0096,-84.01835935742248,1,3,男性,41,6,12,0.4166666666666667,2005,1,16,4644856.458098179,8.302739726027397,5.0
C-000447295,S-0131,-39.1919474491276,0,3,女性,86,11,12,0.1666666666666666,0,0,17,4569023.5643747775,5.13972602739726,2.0
C-000878567,S-0040,-76.22468818233482,1,3,女性,34,9,12,0.1666666666666666,3624,1,20,4550116.0180538,8.163013698630138,4.0
C-001162183,S-0007,-70.54416867611599,1,3,女性,27,7,12,0.1666666666666666,28624,1,21,4487075.727367008,3.7260273972602738,1.0
C-000582610,S-0019,-7.44592059575468,0,3,男性,44,10,12,0.8333333333333334,0,0,19,4327199.920883598,4.090410958904109,1.0
C-001396825,S-0017,-15.089371087097067,0,3,女性,66,6,12,0.0,3393,2,20,4640207.03550726,5.608219178082192,2.5
C-000510648,S-0080,-82.88910719941593,1,3,男性,60,10,12,0.5,14431,1,17,4457429.264950683,11.673972602739726,9.0
C-002454988,S-0036,-40.47256954069057,0,3,女性,62,2,12,0.5,44781,1,19,4397834.424680548,11.123287671232877,9.0
C-002463988,S-0080,-12.36582275217787,0,3,女性,57,2,12,0.25,43297,1,17,4457429.264950683,11.673972602739726,9.0
C-000207909,S-0072,-100.0,1,3,男性,46,12,12,0.25,10290,1,12,4406797.312641796,9.01917808219178,6.0
C-000087839,S-0050,-57.687859456687264,1,3,女性,42,12,12,0.3333333333333333,73771,1,20,4615411.181286601,9.2013698630137,6.0
C-001924798,S-0017,-37.30376263217123,0,3,女性,51,4,12,0.3333333333333333,0,0,20,4640207.03550726,5.608219178082192,2.5
C-002125316,S-0040,-50.50838582047217,1,3,男性,36,3,12,0.4166666666666667,7155,2,20,4550116.0180538,8.163013698630138,4.0
C-001072758,S-0017,-67.34223578786722,1,3,女性,52,8,12,0.0833333333333333,4751,1,20,4640207.03550726,5.608219178082192,2.5
C-002637993,S-0074,-23.906657672929974,0,3,男性,57,1,12,0.0833333333333333,8408,2,14,4614054.39694187,8.308219178082192,6.0
C-000265150,S-0121,-45.95567746218821,0,3,女性,51,11,12,0.4166666666666667,38828,1,14,4716268.25678644,9.856164383561644,7.0
C-001647676,S-0036,-87.34228584077326,1,3,男性,56,5,12,0.5,0,0,19,4397834.424680548,11.123287671232877,9.0
C-000239902,S-0096,-59.4057759040982,1,3,女性,52,11,12,0.1666666666666666,0,0,16,4644856.458098179,8.302739726027397,5.0
C-001418315,S-0080,-25.246499373680464,0,3,男性,45,6,12,0.25,1751,1,17,4457429.264950683,11.673972602739726,9.0
C-000819234,S-0005,-100.0,1,3,男性,54,9,12,0.25,0,0,21,4733942.970761149,4.69041095890411,2.0
C-002652437,S-0019,-17.868142479863636,0,3,女性,53,1,12,0.0833333333333333,6897,2,19,4327199.920883598,4.090410958904109,1.0
C-001911189,S-0054,-59.38450328269873,1,3,男性,18,4,12,0.6666666666666666,2894,2,23,4489160.181517739,6.358904109589041,4.0
C-002675013,S-0014,-34.46473623040508,0,3,女性,58,1,12,0.6666666666666666,1765,1,21,4730192.353344672,7.336986301369863,4.0
C-001938784,S-0080,-53.03449771865773,1,3,男性,38,4,12,0.1666666666666666,2531,2,17,4457429.264950683,11.673972602739726,9.0
C-001181090,S-0089,-78.31542284330799,1,3,男性,34,7,12,0.1666666666666666,8605,1,19,4721110.949352573,10.142465753424657,7.0
C-000458306,S-0005,-14.476622066387709,0,3,女性,39,10,12,0.25,38780,1,21,4733942.970761149,4.69041095890411,2.0
C-000707715,S-0039,-100.0,1,3,男性,57,9,12,0.25,12103,2,16,4591288.568998441,8.193150684931506,5.0
C-002523445,S-0012,-100.0,1,3,女性,61,1,12,0.0,0,0,16,4444678.825084195,7.994520547945205,5.0
C-000914953,S-0040,-26.38243349024283,0,3,女性,44,8,12,0.3333333333333333,12015,2,20,4550116.0180538,8.163013698630138,4.0
C-000570573,S-0012,-35.189457565148174,0,3,男性,41,10,12,0.6666666666666666,0,0,16,4444678.825084195,7.994520547945205,5.0
C-001185406,S-0020,-23.21097303649561,0,3,男性,56,7,12,0.4166666666666667,2474,1,16,4280702.057267675,6.986301369863014,3.5
C-002182008,S-0080,-22.07191965934123,0,3,男性,19,3,12,0.0,17234,1,17,4457429.264950683,11.673972602739726,9.0
C-000414327,S-0085,-70.40826462699911,1,3,女性,49,11,12,0.3333333333333333,0,0,15,4606655.398026554,4.928767123287671,2.0
C-002603278,S-0018,-100.0,1,3,女性,19,1,12,0.5833333333333334,0,0,16,4493108.581950108,7.550684931506849,5.0
C-002241134,S-0050,-35.07840465158535,0,3,女性,42,3,12,0.1666666666666666,0,0,20,4615411.181286601,9.2013698630137,6.0
C-000387940,S-0099,-58.17878841779084,1,3,女性,39,11,12,0.3333333333333333,23504,1,13,4464126.154078853,8.147945205479452,5.0
C-001066980,S-0056,-67.61611465975024,1,3,女性,52,8,12,0.3333333333333333,6313,1,15,4406070.585753419,7.528767123287671,4.0
C-002125378,S-0018,-16.559174256346047,0,3,女性,67,3,12,0.1666666666666666,38642,1,16,4493108.581950108,7.550684931506849,5.0
C-001854842,S-0097,-60.46043713995256,1,3,女性,52,4,12,0.5,0,0,21,4592508.716501317,10.09041095890411,7.0
C-001408445,S-0012,-100.0,1,3,女性,75,6,12,0.3333333333333333,78306,2,16,4444678.825084195,7.994520547945205,5.0
C-000148551,S-0102,-17.710983737462698,0,3,女性,46,12,12,0.0833333333333333,29712,2,16,4383474.364435211,10.484931506849314,7.5
C-002588712,S-0097,-100.0,1,3,男性,43,1,12,0.0833333333333333,39725,1,21,4592508.716501317,10.09041095890411,7.0
C-002048347,S-0008,-100.0,1,3,男性,59,3,12,0.0,12621,2,22,4498453.308937302,10.772602739726027,7.0
C-002675757,S-0097,-100.0,1,3,男性,54,1,12,0.1666666666666666,17639,1,21,4592508.716501317,10.09041095890411,7.0
C-000827941,S-0072,-82.85723950141221,1,3,女性,60,9,12,0.0833333333333333,22190,1,12,4406797.312641796,9.01917808219178,6.0
C-000272844,S-0106,-68.62497998646828,1,3,女性,34,11,12,0.5833333333333334,91221,1,20,4462729.145118021,6.171232876712329,3.5
C-002157337,S-0097,-24.153546739299465,0,3,女性,37,3,12,0.25,0,0,21,4592508.716501317,10.09041095890411,7.0
C-002126422,S-0080,-100.0,1,3,女性,49,3,12,0.4166666666666667,0,0,17,4457429.264950683,11.673972602739726,9.0
C-001124443,S-0075,-14.172079870267742,0,3,男性,55,8,12,0.3333333333333333,10561,1,19,4506647.2743158825,4.526027397260274,1.0
C-001505710,S-0059,-24.48087390892053,0,3,女性,36,6,12,0.4166666666666667,0,0,14,4713188.969095345,6.8123287671232875,3.0
C-001250072,S-0115,-31.712699379463142,0,3,女性,48,7,12,0.3333333333333333,6482,1,14,4553643.099564746,10.51095890410959,7.0
C-002305781,S-0089,-26.16446423362485,0,3,男性,66,2,12,0.3333333333333333,0,0,19,4721110.949352573,10.142465753424657,7.0
C-001087581,S-0115,-39.143982459262446,0,3,女性,58,8,12,0.1666666666666666,94082,2,14,4553643.099564746,10.51095890410959,7.0
C-002546954,S-0030,-47.29249876096907,0,3,女性,53,1,12,0.0833333333333333,3915,1,22,4426478.045479023,9.236986301369862,5.5
C-002079063,S-0100,-32.69737191176594,0,3,男性,75,3,12,0.25,4736,1,17,4535925.154217558,4.720547945205479,2.0
C-002264081,S-0050,-11.089256791949788,0,3,女性,44,2,12,0.3333333333333333,7794,1,20,4615411.181286601,9.2013698630137,6.0
C-001747625,S-0036,-63.094645896059696,1,3,男性,44,5,12,0.1666666666666666,1458,1,19,4397834.424680548,11.123287671232877,9.0
C-002507768,S-0080,-47.29541966624225,0,3,女性,67,1,12,0.0833333333333333,18729,1,17,4457429.264950683,11.673972602739726,9.0
C-000716584,S-0004,-22.265820401284994,0,3,男性,15,9,12,0.4166666666666667,0,0,22,4423576.351309,11.806849315068494,9.0
C-000756749,S-0089,-100.0,1,3,男性,51,9,12,0.1666666666666666,17605,1,19,4721110.949352573,10.142465753424657,7.0
C-002040922,S-0111,-19.130821026646906,0,3,男性,59,3,12,0.1666666666666666,5427,1,19,4489501.980758176,6.397260273972603,4.0
C-000880692,S-0089,-86.80578006367867,1,3,女性,31,9,12,0.25,0,0,19,4721110.949352573,10.142465753424657,7.0
C-000709399,S-0113,-56.20111872184354,1,3,女性,41,9,12,0.0,20248,1,16,4336633.961311346,5.77945205479452,2.5
C-000704265,S-0040,-100.0,1,3,女性,53,9,12,0.25,10762,1,20,4550116.0180538,8.163013698630138,4.0
C-000008394,S-0004,-30.67918965688017,0,3,男性,53,12,12,0.1666666666666666,0,0,22,4423576.351309,11.806849315068494,9.0
C-001814455,S-0004,-85.88085151370986,1,3,女性,55,4,12,0.0,50180,2,22,4423576.351309,11.806849315068494,9.0
C-001609279,S-0020,-57.88927546847342,1,3,女性,57,5,12,0.5833333333333334,9768,1,16,4280702.057267675,6.986301369863014,3.5
C-001475095,S-0074,-63.12247449053751,1,3,女性,44,6,12,0.3333333333333333,0,0,14,4614054.39694187,8.308219178082192,6.0
C-001083890,S-0054,-27.94835487830732,0,3,男性,49,8,12,0.1666666666666666,0,0,23,4489160.181517739,6.358904109589041,4.0
C-002577584,S-0111,-81.6525877182996,1,3,男性,23,1,12,0.3333333333333333,0,0,19,4489501.980758176,6.397260273972603,4.0
C-002459023,S-0113,-100.0,1,3,女性,57,2,12,0.3333333333333333,0,0,16,4336633.961311346,5.77945205479452,2.5
C-000312903,S-0075,-24.981315697502488,0,3,女性,57,11,12,0.1666666666666666,19481,1,19,4506647.2743158825,4.526027397260274,1.0
C-002613141,S-0036,-74.1106463714372,1,3,女性,45,1,12,0.0,4283,1,19,4397834.424680548,11.123287671232877,9.0
C-002609632,S-0018,-100.0,1,3,女性,60,1,12,0.0833333333333333,153039,2,16,4493108.581950108,7.550684931506849,5.0
C-001309708,S-0017,-100.0,1,3,女性,40,7,12,0.1666666666666666,0,0,20,4640207.03550726,5.608219178082192,2.5
C-001836577,S-0113,-17.497574168194042,0,3,男性,32,4,12,0.25,0,0,16,4336633.961311346,5.77945205479452,2.5
C-001255510,S-0079,-65.84526640692202,1,3,女性,52,7,12,0.5833333333333334,0,0,13,4256656.371085242,8.479452054794521,6.0
C-002675577,S-0007,-69.85092234339122,1,3,女性,45,1,12,0.0833333333333333,15813,2,21,4487075.727367008,3.7260273972602738,1.0
C-002400460,S-0012,-39.815127067714684,0,3,女性,69,2,12,0.1666666666666666,16271,1,16,4444678.825084195,7.994520547945205,5.0
C-002233507,S-0117,-62.08704459471536,1,3,男性,46,3,12,0.1666666666666666,1638,1,20,4500859.737076383,9.593150684931507,7.0
C-001944069,S-0079,-66.5686994856723,1,3,女性,42,4,12,0.5,0,0,13,4256656.371085242,8.479452054794521,6.0
C-001297642,S-0036,-20.94116924507733,0,3,女性,55,7,12,0.5,0,0,19,4397834.424680548,11.123287671232877,9.0
C-001040923,S-0099,-35.54489566832073,0,3,女性,67,8,12,0.1666666666666666,5909,2,13,4464126.154078853,8.147945205479452,5.0
C-001916997,S-0041,-62.87543944101645,1,3,男性,54,4,12,0.3333333333333333,1034,2,17,4828489.286769263,10.389041095890411,7.0
C-001741499,S-0012,-28.95844044109161,0,3,男性,54,5,12,0.0833333333333333,3886,2,16,4444678.825084195,7.994520547945205,5.0
C-000315914,S-0050,-30.268835599374167,0,3,女性,52,11,12,0.5,7432,1,20,4615411.181286601,9.2013698630137,6.0
C-002135426,S-0014,-63.32203702069029,1,3,女性,51,3,12,0.4166666666666667,0,0,21,4730192.353344672,7.336986301369863,4.0
C-002642218,S-0074,-31.500954758718454,0,3,男性,53,1,12,0.0833333333333333,0,0,14,4614054.39694187,8.308219178082192,6.0
C-001724482,S-0056,-89.73309625281063,1,3,女性,57,5,12,0.25,4229,1,15,4406070.585753419,7.528767123287671,4.0
C-002182552,S-0117,-48.20962725711368,0,3,女性,49,3,12,0.3333333333333333,445,1,20,4500859.737076383,9.593150684931507,7.0
C-000731281,S-0018,-100.0,1,3,男性,48,9,12,0.0833333333333333,118335,1,16,4493108.581950108,7.550684931506849,5.0
C-001502765,S-0054,-100.0,1,3,女性,47,6,12,0.5,0,0,23,4489160.181517739,6.358904109589041,4.0
C-002392112,S-0012,-100.0,1,3,女性,66,2,12,0.0833333333333333,0,0,16,4444678.825084195,7.994520547945205,5.0
C-001460145,S-0099,-59.20436734302196,1,3,女性,76,6,12,0.0,9633,2,13,4464126.154078853,8.147945205479452,5.0
C-002442620,S-0036,-100.0,1,3,女性,77,2,12,0.1666666666666666,0,0,19,4397834.424680548,11.123287671232877,9.0
C-001611634,S-0020,-60.20749962946495,1,3,女性,46,5,12,0.3333333333333333,0,0,16,4280702.057267675,6.986301369863014,3.5
C-000230159,S-0002,-8.392710503983512,0,3,女性,68,11,12,0.1666666666666666,0,0,15,4455566.655169959,5.663013698630137,2.0
C-001508253,S-0096,-100.0,1,3,女性,64,6,12,0.0833333333333333,0,0,16,4644856.458098179,8.302739726027397,5.0
C-002317357,S-0079,-80.67079413055136,1,3,男性,53,2,12,0.3333333333333333,5522,1,13,4256656.371085242,8.479452054794521,6.0
C-001926211,S-0117,-47.804322689673576,0,3,女性,41,4,12,0.1666666666666666,0,0,20,4500859.737076383,9.593150684931507,7.0
C-002647186,S-0117,-34.33497524114164,0,3,女性,15,1,12,0.5,9901,1,20,4500859.737076383,9.593150684931507,7.0
C-000786506,S-0040,-26.62843345103669,0,3,女性,49,9,12,0.1666666666666666,29653,1,20,4550116.0180538,8.163013698630138,4.0
C-001216851,S-0002,-24.382169365722,0,3,女性,56,7,12,0.3333333333333333,14943,1,15,4455566.655169959,5.663013698630137,2.0
C-000707064,S-0018,-28.71643001413473,0,3,女性,38,9,12,0.1666666666666666,6383,2,16,4493108.581950108,7.550684931506849,5.0
C-001247839,S-0040,-100.0,1,3,男性,55,7,12,0.0833333333333333,0,0,20,4550116.0180538,8.163013698630138,4.0
C-002565292,S-0054,-100.0,1,3,女性,32,1,12,0.6666666666666666,0,0,23,4489160.181517739,6.358904109589041,4.0
C-000341762,S-0012,-100.0,1,3,女性,60,11,12,0.25,7378,2,16,4444678.825084195,7.994520547945205,5.0
C-002065231,S-0074,-40.702733565175976,0,3,男性,49,3,12,0.4166666666666667,0,0,14,4614054.39694187,8.308219178082192,6.0
C-000736153,S-0014,-88.77622627998568,1,3,男性,49,9,12,0.3333333333333333,21959,2,21,4730192.353344672,7.336986301369863,4.0
C-001833269,S-0089,-100.0,1,3,女性,48,4,12,0.5,0,0,19,4721110.949352573,10.142465753424657,7.0
C-000282579,S-0036,-32.288593204312264,0,3,女性,67,11,12,0.4166666666666667,0,0,19,4397834.424680548,11.123287671232877,9.0
C-002032582,S-0036,-20.282552389922298,0,3,男性,70,3,12,0.3333333333333333,0,0,19,4397834.424680548,11.123287671232877,9.0
C-002602079,S-0019,-12.50924340157178,0,3,女性,53,1,12,0.3333333333333333,0,0,19,4327199.920883598,4.090410958904109,1.0
C-002068775,S-0018,-100.0,1,3,男性,62,3,12,0.1666666666666666,7528,1,16,4493108.581950108,7.550684931506849,5.0
C-002045305,S-0012,-100.0,1,3,男性,55,3,12,0.0,2048,1,16,4444678.825084195,7.994520547945205,5.0
C-000425300,S-0063,-18.963937175224967,0,3,女性,45,11,12,0.4166666666666667,15942,1,18,4564012.176421695,5.749315068493151,3.0
C-002338122,S-0074,-23.294973556060313,0,3,女性,51,2,12,0.25,4762,1,14,4614054.39694187,8.308219178082192,6.0
C-002143359,S-0089,-95.55817878501117,1,3,女性,61,3,12,0.5,4209,1,19,4721110.949352573,10.142465753424657,7.0
C-002156511,S-0020,-83.52307133341408,1,3,女性,19,3,12,0.1666666666666666,0,0,16,4280702.057267675,6.986301369863014,3.5
C-000528509,S-0050,-31.309289758382487,0,3,女性,46,10,12,0.25,115638,2,20,4615411.181286601,9.2013698630137,6.0
C-001549777,S-0096,-38.01874506506424,0,3,男性,47,6,12,0.25,17304,1,16,4644856.458098179,8.302739726027397,5.0
C-001801046,S-0074,-43.039452733384444,0,3,男性,53,4,12,0.0833333333333333,17984,1,14,4614054.39694187,8.308219178082192,6.0
C-000180058,S-0115,-43.49605562287634,0,3,女性,47,12,12,0.25,16736,1,14,4553643.099564746,10.51095890410959,7.0
C-000394055,S-0115,-32.883506641322704,0,3,女性,55,11,12,0.5,6341,2,14,4553643.099564746,10.51095890410959,7.0
C-000806193,S-0002,-100.0,1,3,女性,24,9,12,0.4166666666666667,0,0,15,4455566.655169959,5.663013698630137,2.0
C-000160923,S-0020,-45.91829741634426,0,3,女性,41,12,12,0.5833333333333334,26976,1,16,4280702.057267675,6.986301369863014,3.5
C-002580247,S-0004,-30.25926955939776,0,3,女性,42,1,12,0.0833333333333333,6045,1,22,4423576.351309,11.806849315068494,9.0
C-002270788,S-0050,-100.0,1,3,男性,50,2,12,0.4166666666666667,0,0,20,4615411.181286601,9.2013698630137,6.0
C-000278726,S-0089,-37.04369374222553,0,3,女性,57,11,12,0.4166666666666667,20958,2,19,4721110.949352573,10.142465753424657,7.0
C-000525332,S-0040,-97.48827998706757,1,3,女性,60,10,12,0.25,30124,2,20,4550116.0180538,8.163013698630138,4.0
C-002078627,S-0080,-95.1942116715229,1,3,男性,62,3,12,0.3333333333333333,0,0,17,4457429.264950683,11.673972602739726,9.0
C-000634929,S-0117,-100.0,1,3,女性,39,10,12,0.1666666666666666,0,0,20,4500859.737076383,9.593150684931507,7.0
C-002009108,S-0041,-100.0,1,3,男性,47,4,12,0.25,57434,1,17,4828489.286769263,10.389041095890411,7.0
C-002580944,S-0018,-16.125786623737742,0,3,女性,55,1,12,0.75,0,0,16,4493108.581950108,7.550684931506849,5.0
C-000060303,S-0002,-17.05356462216661,0,3,女性,41,12,12,0.1666666666666666,1291,2,15,4455566.655169959,5.663013698630137,2.0
C-001116850,S-0002,-100.0,1,3,女性,55,8,12,0.0,6029,2,15,4455566.655169959,5.663013698630137,2.0
C-001034435,S-0121,-17.34141270004765,0,3,女性,41,8,12,0.0833333333333333,40859,2,14,4716268.25678644,9.856164383561644,7.0
C-001057172,S-0097,-77.50445068042606,1,3,男性,52,8,12,0.5833333333333334,111805,1,21,4592508.716501317,10.09041095890411,7.0
C-000811482,S-0017,-100.0,1,3,男性,36,9,12,0.25,0,0,20,4640207.03550726,5.608219178082192,2.5
C-002022993,S-0008,-54.12161252431646,1,3,女性,52,4,12,0.0833333333333333,2449,2,22,4498453.308937302,10.772602739726027,7.0
C-000760381,S-0080,-48.682360110630185,0,3,男性,44,9,12,0.0833333333333333,19402,2,17,4457429.264950683,11.673972602739726,9.0
C-000420241,S-0005,-18.42465803875929,0,3,男性,41,11,12,0.25,1146,1,21,4733942.970761149,4.69041095890411,2.0
C-000678478,S-0113,-100.0,1,3,男性,53,9,12,0.0,0,0,16,4336633.961311346,5.77945205479452,2.5
C-000714794,S-0080,-84.52149340513829,1,3,女性,24,9,12,0.25,44658,2,17,4457429.264950683,11.673972602739726,9.0
C-001725445,S-0056,-32.49898035144362,0,3,女性,34,5,12,0.3333333333333333,58827,1,15,4406070.585753419,7.528767123287671,4.0
C-001723530,S-0041,-70.49170724563395,1,3,女性,45,5,12,0.1666666666666666,0,0,17,4828489.286769263,10.389041095890411,7.0
C-001875175,S-0018,-43.885370066882224,0,3,女性,33,4,12,0.3333333333333333,10092,2,16,4493108.581950108,7.550684931506849,5.0
C-000209850,S-0040,-100.0,1,3,男性,48,12,12,0.5,48369,2,20,4550116.0180538,8.163013698630138,4.0
C-001238903,S-0036,-21.093205250392288,0,3,男性,60,7,12,0.4166666666666667,8466,1,19,4397834.424680548,11.123287671232877,9.0
C-002072580,S-0004,-13.106912827261569,0,3,男性,37,3,12,0.8333333333333334,0,0,22,4423576.351309,11.806849315068494,9.0
C-002031257,S-0099,-42.727724722184554,0,3,男性,69,3,12,0.3333333333333333,39388,2,13,4464126.154078853,8.147945205479452,5.0
C-000582876,S-0056,-74.77099080694586,1,3,女性,48,10,12,0.25,49086,1,15,4406070.585753419,7.528767123287671,4.0
C-001682549,S-0020,-32.17674508150131,0,3,女性,24,5,12,0.3333333333333333,11746,1,16,4280702.057267675,6.986301369863014,3.5
C-001647414,S-0099,-49.631959059562654,1,3,男性,44,5,12,0.1666666666666666,4810,1,13,4464126.154078853,8.147945205479452,5.0
C-000412702,S-0041,-25.5863648385468,0,3,男性,47,11,12,0.25,0,0,17,4828489.286769263,10.389041095890411,7.0
C-000873602,S-0050,-85.113031401898,1,3,女性,52,9,12,0.0,0,0,20,4615411.181286601,9.2013698630137,6.0
C-002314884,S-0099,-70.99521634356006,1,3,女性,36,2,12,0.3333333333333333,4418,1,13,4464126.154078853,8.147945205479452,5.0
C-002568294,S-0080,-96.03892202406249,1,3,男性,46,1,12,0.25,6425,1,17,4457429.264950683,11.673972602739726,9.0
C-000674469,S-0008,-40.17162695346705,0,3,男性,78,10,12,0.3333333333333333,14397,2,22,4498453.308937302,10.772602739726027,7.0
C-002337486,S-0075,-100.0,1,3,女性,47,2,12,0.25,14118,1,19,4506647.2743158825,4.526027397260274,1.0
C-000755078,S-0020,-26.97452752670501,0,3,女性,44,9,12,0.3333333333333333,561,2,16,4280702.057267675,6.986301369863014,3.5
C-002003250,S-0115,-100.0,1,3,女性,42,4,12,0.75,5210,2,14,4553643.099564746,10.51095890410959,7.0
C-001353562,S-0017,-92.61740825744675,1,3,女性,34,6,12,0.1666666666666666,129521,1,20,4640207.03550726,5.608219178082192,2.5
C-000816226,S-0085,-25.191023855699758,0,3,女性,57,9,12,0.0833333333333333,1994,2,15,4606655.398026554,4.928767123287671,2.0
C-000212864,S-0056,-100.0,1,3,女性,48,12,12,0.75,11306,2,15,4406070.585753419,7.528767123287671,4.0
C-002591522,S-0079,-52.25362757709383,1,3,女性,62,1,12,0.25,19584,2,13,4256656.371085242,8.479452054794521,6.0
C-001293492,S-0002,-100.0,1,3,男性,38,7,12,0.5,42706,1,15,4455566.655169959,5.663013698630137,2.0
C-002481140,S-0113,-27.74508483833589,0,3,男性,76,1,12,0.3333333333333333,4123,2,16,4336633.961311346,5.77945205479452,2.5
C-001217882,S-0117,-100.0,1,3,男性,35,7,12,0.6666666666666666,34640,1,20,4500859.737076383,9.593150684931507,7.0
C-001399107,S-0115,-100.0,1,3,女性,53,6,12,0.6666666666666666,3258,1,14,4553643.099564746,10.51095890410959,7.0
C-000348826,S-0111,-33.892737666950914,0,3,男性,49,11,12,0.4166666666666667,0,0,19,4489501.980758176,6.397260273972603,4.0
C-002166613,S-0018,-100.0,1,3,女性,26,3,12,0.0833333333333333,0,0,16,4493108.581950108,7.550684931506849,5.0
C-001448140,S-0121,-74.08093005553344,1,3,男性,44,6,12,0.4166666666666667,0,0,14,4716268.25678644,9.856164383561644,7.0
C-001074899,S-0117,-69.47726696679662,1,3,男性,54,8,12,0.25,7785,2,20,4500859.737076383,9.593150684931507,7.0
C-000685378,S-0111,-19.15910470589163,0,3,女性,66,9,12,0.3333333333333333,41505,2,19,4489501.980758176,6.397260273972603,4.0
C-000032454,S-0059,-100.0,1,3,女性,41,12,12,0.3333333333333333,3992,1,14,4713188.969095345,6.8123287671232875,3.0
C-001971599,S-0007,-100.0,1,3,女性,45,4,12,0.0833333333333333,12524,1,21,4487075.727367008,3.7260273972602738,1.0
C-002391875,S-0063,-38.64639467860314,0,3,男性,49,2,12,0.4166666666666667,36065,1,18,4564012.176421695,5.749315068493151,3.0
C-001968156,S-0117,-100.0,1,3,男性,50,4,12,0.75,0,0,20,4500859.737076383,9.593150684931507,7.0
C-002211092,S-0115,-100.0,1,3,男性,45,3,12,0.0833333333333333,52864,1,14,4553643.099564746,10.51095890410959,7.0
C-002232088,S-0056,-45.56723141618199,0,3,男性,38,3,12,0.0833333333333333,0,0,15,4406070.585753419,7.528767123287671,4.0
C-000161633,S-0111,-34.16617398589486,0,3,女性,34,12,12,0.1666666666666666,3295,1,19,4489501.980758176,6.397260273972603,4.0
C-002384640,S-0096,-28.430592143799053,0,3,女性,71,2,12,0.3333333333333333,0,0,16,4644856.458098179,8.302739726027397,5.0
C-002159688,S-0040,-77.55590108100104,1,3,女性,44,3,12,0.25,0,0,20,4550116.0180538,8.163013698630138,4.0
C-001541672,S-0004,-43.543186831834376,0,3,女性,66,6,12,0.25,43176,2,22,4423576.351309,11.806849315068494,9.0
C-001899055,S-0039,-18.347720358732424,0,3,女性,68,4,12,0.0833333333333333,9304,1,16,4591288.568998441,8.193150684931506,5.0
C-000405673,S-0111,-51.922802420018954,1,3,男性,37,11,12,0.1666666666666666,47293,2,19,4489501.980758176,6.397260273972603,4.0
C-000439358,S-0002,-61.83867908908924,1,3,男性,50,11,12,0.0,7134,1,15,4455566.655169959,5.663013698630137,2.0
C-001980042,S-0020,-51.47373643022824,1,3,女性,34,4,12,0.0833333333333333,8098,2,16,4280702.057267675,6.986301369863014,3.5
C-000216954,S-0017,-39.32548413014259,0,3,女性,60,12,12,0.1666666666666666,10962,2,20,4640207.03550726,5.608219178082192,2.5
C-000740264,S-0097,-100.0,1,3,男性,83,9,12,0.0833333333333333,3737,1,21,4592508.716501317,10.09041095890411,7.0
C-001371831,S-0099,-100.0,1,3,男性,32,6,12,0.5833333333333334,0,0,13,4464126.154078853,8.147945205479452,5.0
C-002586712,S-0074,-69.87436757432778,1,3,男性,58,1,12,0.0833333333333333,32028,2,14,4614054.39694187,8.308219178082192,6.0
C-001476572,S-0048,-63.23716821937072,1,3,女性,71,6,12,0.5,6412,1,15,4502249.082895545,3.671232876712329,1.0
C-002526238,S-0036,-20.52877792909339,0,3,男性,49,1,12,0.25,19639,1,19,4397834.424680548,11.123287671232877,9.0
C-001174974,S-0097,-100.0,1,3,女性,49,7,12,0.0833333333333333,4303,2,21,4592508.716501317,10.09041095890411,7.0
C-001797476,S-0002,-75.91709623425382,1,3,女性,42,5,12,0.1666666666666666,5482,2,15,4455566.655169959,5.663013698630137,2.0
C-001145952,S-0113,-73.02854543386785,1,3,女性,39,7,12,0.0833333333333333,99799,1,16,4336633.961311346,5.77945205479452,2.5
C-001191221,S-0117,-80.88986676445423,1,3,男性,48,7,12,0.5,1883,2,20,4500859.737076383,9.593150684931507,7.0
C-001713333,S-0056,-25.938157563811785,0,3,女性,52,5,12,0.0833333333333333,3322,1,15,4406070.585753419,7.528767123287671,4.0
C-001821815,S-0080,-31.5067444232845,0,3,男性,18,4,12,0.1666666666666666,0,0,17,4457429.264950683,11.673972602739726,9.0
C-002525765,S-0014,-84.59016178428325,1,3,女性,46,1,12,0.3333333333333333,39762,2,21,4730192.353344672,7.336986301369863,4.0
C-000693491,S-0072,-39.111527557541685,0,3,女性,66,9,12,0.0833333333333333,1343,1,12,4406797.312641796,9.01917808219178,6.0
C-001985148,S-0039,-62.94644995067381,1,3,女性,42,4,12,0.6666666666666666,12654,2,16,4591288.568998441,8.193150684931506,5.0
C-001315717,S-0040,-100.0,1,3,女性,44,7,12,0.3333333333333333,0,0,20,4550116.0180538,8.163013698630138,4.0
C-001102115,S-0036,-29.755221555177624,0,3,男性,77,8,12,0.1666666666666666,7164,1,19,4397834.424680548,11.123287671232877,9.0
C-000909233,S-0096,-44.90778376758149,0,3,男性,35,8,12,0.1666666666666666,0,0,16,4644856.458098179,8.302739726027397,5.0
C-001397903,S-0036,-88.54221841080872,1,3,女性,53,6,12,0.1666666666666666,50599,2,19,4397834.424680548,11.123287671232877,9.0
C-002344877,S-0050,-100.0,1,3,女性,44,2,12,0.3333333333333333,21246,2,20,4615411.181286601,9.2013698630137,6.0
C-000204294,S-0030,-76.7267856288571,1,3,男性,63,12,12,0.0833333333333333,37028,1,22,4426478.045479023,9.236986301369862,5.5
C-002629590,S-0018,-100.0,1,3,女性,47,1,12,0.1666666666666666,33408,1,16,4493108.581950108,7.550684931506849,5.0
C-002321793,S-0039,-13.371339896799938,0,3,女性,37,2,12,0.5,8551,1,16,4591288.568998441,8.193150684931506,5.0
C-001329313,S-0056,-40.513533107781534,0,3,男性,44,7,12,0.5,5273,1,15,4406070.585753419,7.528767123287671,4.0
C-000180613,S-0115,-32.860997548922434,0,3,男性,53,12,12,0.1666666666666666,0,0,14,4553643.099564746,10.51095890410959,7.0
C-001004613,S-0036,-32.770525854302726,0,3,男性,60,8,12,0.4166666666666667,12282,1,19,4397834.424680548,11.123287671232877,9.0
C-002032267,S-0115,-89.54582084260065,1,3,女性,48,3,12,0.0,23161,2,14,4553643.099564746,10.51095890410959,7.0
C-000542797,S-0082,-100.0,1,3,女性,32,10,12,0.1666666666666666,1855,1,17,4607261.71451126,4.758904109589041,2.0
C-002517287,S-0100,-23.739930955120826,0,3,女性,50,1,12,0.5,0,0,17,4535925.154217558,4.720547945205479,2.0
C-001806472,S-0097,-100.0,1,3,男性,22,4,12,0.25,118286,1,21,4592508.716501317,10.09041095890411,7.0
C-001900514,S-0080,-100.0,1,3,男性,58,4,12,0.1666666666666666,7392,1,17,4457429.264950683,11.673972602739726,9.0
C-002197541,S-0050,-39.334158055595985,0,3,男性,46,3,12,0.5833333333333334,3209,2,20,4615411.181286601,9.2013698630137,6.0
C-000639673,S-0012,-23.73388931776415,0,3,女性,36,10,12,0.4166666666666667,15112,1,16,4444678.825084195,7.994520547945205,5.0
C-000907794,S-0004,-88.58919418536257,1,3,女性,70,8,12,0.25,15000,1,22,4423576.351309,11.806849315068494,9.0
C-002215231,S-0018,-41.41766807405002,0,3,男性,67,3,12,0.25,0,0,16,4493108.581950108,7.550684931506849,5.0
C-001922183,S-0036,-22.210374826915142,0,3,女性,39,4,12,0.25,1367,1,19,4397834.424680548,11.123287671232877,9.0
C-002371892,S-0056,-11.618281458484617,0,3,男性,23,2,12,0.6666666666666666,84447,2,15,4406070.585753419,7.528767123287671,4.0
C-000901811,S-0030,-23.10494756205356,0,3,女性,75,8,12,0.0833333333333333,57510,1,22,4426478.045479023,9.236986301369862,5.5
C-001554597,S-0072,-76.35412800254521,1,3,男性,64,6,12,0.5,0,0,12,4406797.312641796,9.01917808219178,6.0
C-002165188,S-0111,-100.0,1,3,女性,87,3,12,0.1666666666666666,0,0,19,4489501.980758176,6.397260273972603,4.0
C-001575728,S-0097,-51.977667721756845,1,3,女性,88,6,12,0.3333333333333333,5612,1,21,4592508.716501317,10.09041095890411,7.0
C-002070837,S-0085,-95.6013414185961,1,3,女性,80,3,12,0.1666666666666666,0,0,15,4606655.398026554,4.928767123287671,2.0
C-000433499,S-0017,-100.0,1,3,男性,51,11,12,0.0833333333333333,97391,2,20,4640207.03550726,5.608219178082192,2.5
C-001091560,S-0080,-44.44929342655938,0,3,女性,41,8,12,0.3333333333333333,0,0,17,4457429.264950683,11.673972602739726,9.0
C-000855365,S-0072,-100.0,1,3,女性,36,9,12,0.1666666666666666,38817,2,12,4406797.312641796,9.01917808219178,6.0
C-001587179,S-0111,-17.465401603140847,0,3,男性,84,5,12,0.5833333333333334,0,0,19,4489501.980758176,6.397260273972603,4.0
C-001364780,S-0004,-31.294742191238793,0,3,男性,57,6,12,0.25,16257,1,22,4423576.351309,11.806849315068494,9.0
C-000684896,S-0019,-100.0,1,3,男性,52,9,12,0.25,4497,1,19,4327199.920883598,4.090410958904109,1.0
C-000304495,S-0014,-100.0,1,3,男性,57,11,12,0.5833333333333334,0,0,21,4730192.353344672,7.336986301369863,4.0
C-002440968,S-0099,-34.981437084381305,0,3,女性,19,2,12,0.1666666666666666,25434,1,13,4464126.154078853,8.147945205479452,5.0
C-001092944,S-0041,-28.736780682463444,0,3,女性,59,8,12,0.1666666666666666,31326,2,17,4828489.286769263,10.389041095890411,7.0
C-000498676,S-0079,-100.0,1,3,女性,43,10,12,0.0833333333333333,0,0,13,4256656.371085242,8.479452054794521,6.0
C-001634511,S-0056,-34.00821224545283,0,3,女性,31,5,12,0.1666666666666666,0,0,15,4406070.585753419,7.528767123287671,4.0
C-000265812,S-0106,-43.57955972210597,0,3,女性,33,11,12,0.0,4011,1,20,4462729.145118021,6.171232876712329,3.5
C-001090558,S-0111,-27.658624173381245,0,3,男性,74,8,12,0.25,54329,1,19,4489501.980758176,6.397260273972603,4.0
C-001296236,S-0012,-18.33470763157553,0,3,女性,53,7,12,0.0833333333333333,1970,1,16,4444678.825084195,7.994520547945205,5.0
C-000636651,S-0040,-48.174828076308515,0,3,女性,51,10,12,0.1666666666666666,18567,1,20,4550116.0180538,8.163013698630138,4.0
C-000943639,S-0040,-100.0,1,3,男性,50,8,12,0.4166666666666667,0,0,20,4550116.0180538,8.163013698630138,4.0
C-000963101,S-0074,-25.133334283176843,0,3,女性,69,8,12,0.3333333333333333,0,0,14,4614054.39694187,8.308219178082192,6.0
C-000979155,S-0113,-100.0,1,3,女性,42,8,12,0.25,0,0,16,4336633.961311346,5.77945205479452,2.5
C-001124320,S-0039,-100.0,1,3,女性,80,8,12,0.0833333333333333,0,0,16,4591288.568998441,8.193150684931506,5.0
C-002330347,S-0072,-100.0,1,3,男性,54,2,12,0.1666666666666666,0,0,12,4406797.312641796,9.01917808219178,6.0
C-002385545,S-0115,-83.8582322758195,1,3,男性,49,2,12,0.0833333333333333,1073,2,14,4553643.099564746,10.51095890410959,7.0
C-002131275,S-0018,-93.31325651044907,1,3,男性,68,3,12,0.4166666666666667,0,0,16,4493108.581950108,7.550684931506849,5.0
C-000374520,S-0018,-100.0,1,3,女性,61,11,12,0.1666666666666666,4793,1,16,4493108.581950108,7.550684931506849,5.0
C-001129406,S-0117,-62.44595819113782,1,3,女性,44,7,12,0.3333333333333333,2573,2,20,4500859.737076383,9.593150684931507,7.0
C-002005963,S-0099,-100.0,1,3,女性,32,4,12,0.1666666666666666,21534,2,13,4464126.154078853,8.147945205479452,5.0
C-001082317,S-0039,-64.47981001064346,1,3,男性,48,8,12,0.0,0,0,16,4591288.568998441,8.193150684931506,5.0
C-001870681,S-0014,-57.276295864309766,1,3,女性,60,4,12,0.4166666666666667,12735,2,21,4730192.353344672,7.336986301369863,4.0
C-001811158,S-0002,-100.0,1,3,女性,50,4,12,0.0833333333333333,33321,2,15,4455566.655169959,5.663013698630137,2.0
C-001120643,S-0012,-34.03817589988307,0,3,男性,19,8,12,0.75,0,0,16,4444678.825084195,7.994520547945205,5.0
C-002639294,S-0097,-100.0,1,3,男性,54,1,12,0.3333333333333333,0,0,21,4592508.716501317,10.09041095890411,7.0
C-001780027,S-0074,-100.0,1,3,女性,63,5,12,0.25,7748,1,14,4614054.39694187,8.308219178082192,6.0
C-001919284,S-0036,-56.66815967750966,1,3,女性,50,4,12,0.0833333333333333,8564,2,19,4397834.424680548,11.123287671232877,9.0
C-000964253,S-0036,-38.42219338221383,0,3,男性,39,8,12,0.1666666666666666,0,0,19,4397834.424680548,11.123287671232877,9.0
C-001098484,S-0040,-50.27226124323333,1,3,女性,48,8,12,0.25,0,0,20,4550116.0180538,8.163013698630138,4.0
C-002224445,S-0002,-99.61454057557393,1,3,女性,53,3,12,0.5833333333333334,0,0,15,4455566.655169959,5.663013698630137,2.0
C-000015185,S-0075,-34.967243624606446,0,3,男性,57,12,12,0.6666666666666666,0,0,19,4506647.2743158825,4.526027397260274,1.0
C-001087660,S-0004,-34.19762043400145,0,3,女性,76,8,12,0.3333333333333333,0,0,22,4423576.351309,11.806849315068494,9.0
C-001679268,S-0059,-100.0,1,3,女性,43,5,12,0.25,0,0,14,4713188.969095345,6.8123287671232875,3.0
C-001407569,S-0106,-49.073211223267215,1,3,女性,43,6,12,0.1666666666666666,3483,2,20,4462729.145118021,6.171232876712329,3.5
C-002271878,S-0017,-27.305356636312588,0,3,女性,40,2,12,0.6666666666666666,992,1,20,4640207.03550726,5.608219178082192,2.5
C-002482939,S-0096,-56.20595965110522,1,3,男性,59,1,12,0.5833333333333334,21073,2,16,4644856.458098179,8.302739726027397,5.0
C-001968922,S-0054,-25.07094947828128,0,3,男性,54,4,12,0.9166666666666666,54946,1,23,4489160.181517739,6.358904109589041,4.0
C-002041163,S-0004,-78.19473653464189,1,3,女性,36,3,12,0.0,121454,2,22,4423576.351309,11.806849315068494,9.0
C-000086200,S-0054,-26.684983820657088,0,3,男性,47,12,12,0.5833333333333334,0,0,23,4489160.181517739,6.358904109589041,4.0
C-000816917,S-0096,-94.52036659877801,1,3,女性,46,9,12,0.5833333333333334,14940,1,16,4644856.458098179,8.302739726027397,5.0
C-000633963,S-0097,-92.72990033471362,1,3,男性,46,10,12,0.1666666666666666,0,0,21,4592508.716501317,10.09041095890411,7.0
C-002038790,S-0014,-100.0,1,3,女性,35,3,12,0.0833333333333333,0,0,21,4730192.353344672,7.336986301369863,4.0
C-002166943,S-0048,-35.91445663648869,0,3,女性,56,3,12,0.8333333333333334,921,1,15,4502249.082895545,3.671232876712329,1.0
C-001781570,S-0018,-100.0,1,3,女性,33,5,12,0.1666666666666666,0,0,16,4493108.581950108,7.550684931506849,5.0
C-002466792,S-0106,-34.37707193598432,0,3,男性,42,2,12,0.25,9133,1,20,4462729.145118021,6.171232876712329,3.5
C-002080870,S-0099,-18.81633425478367,0,3,男性,41,3,12,0.25,4040,2,13,4464126.154078853,8.147945205479452,5.0
C-001900143,S-0036,-96.17083311767853,1,3,女性,65,4,12,0.0833333333333333,14132,1,19,4397834.424680548,11.123287671232877,9.0
C-001090204,S-0080,-37.199402662669726,0,3,女性,53,8,12,0.0833333333333333,7438,1,17,4457429.264950683,11.673972602739726,9.0
C-001757340,S-0089,-21.258886699387794,0,3,男性,57,5,12,0.1666666666666666,20158,1,19,4721110.949352573,10.142465753424657,7.0
C-000468537,S-0048,-73.15185083499458,1,3,女性,44,10,12,0.1666666666666666,0,0,15,4502249.082895545,3.671232876712329,1.0
C-001770777,S-0089,-39.11297658341347,0,3,女性,48,5,12,0.0833333333333333,0,0,19,4721110.949352573,10.142465753424657,7.0
C-000026311,S-0079,-11.05015105903153,0,3,男性,63,12,12,0.1666666666666666,0,0,13,4256656.371085242,8.479452054794521,6.0
C-000459459,S-0004,-57.733421488241454,1,3,女性,64,10,12,0.0,13932,1,22,4423576.351309,11.806849315068494,9.0
C-002256657,S-0004,-80.77427487330974,1,3,男性,58,2,12,0.1666666666666666,3659,1,22,4423576.351309,11.806849315068494,9.0
C-000597272,S-0018,-70.65754769060909,1,3,男性,77,10,12,0.1666666666666666,4093,1,16,4493108.581950108,7.550684931506849,5.0
C-000157748,S-0115,-98.99030079387917,1,3,男性,45,12,12,0.4166666666666667,6968,1,14,4553643.099564746,10.51095890410959,7.0
C-001437074,S-0008,-34.92572387164753,0,3,女性,76,6,12,0.8333333333333334,12443,1,22,4498453.308937302,10.772602739726027,7.0
C-000214290,S-0111,-65.26704459665353,1,3,男性,37,12,12,0.3333333333333333,7517,2,19,4489501.980758176,6.397260273972603,4.0
C-000833207,S-0012,-34.57861268794008,0,3,男性,37,9,12,0.4166666666666667,28728,1,16,4444678.825084195,7.994520547945205,5.0
C-001844353,S-0018,-100.0,1,3,女性,62,4,12,0.1666666666666666,0,0,16,4493108.581950108,7.550684931506849,5.0
C-001300762,S-0111,-64.61788466173715,1,3,女性,50,7,12,0.0833333333333333,5390,1,19,4489501.980758176,6.397260273972603,4.0
C-000844577,S-0115,-100.0,1,3,女性,24,9,12,0.25,2560,1,14,4553643.099564746,10.51095890410959,7.0
C-001452903,S-0036,-30.52673066532452,0,3,女性,43,6,12,0.0833333333333333,39712,1,19,4397834.424680548,11.123287671232877,9.0
C-002515837,S-0099,-52.145940663107694,1,3,男性,43,1,12,0.3333333333333333,8011,1,13,4464126.154078853,8.147945205479452,5.0
C-000074616,S-0080,-100.0,1,3,女性,59,12,12,0.3333333333333333,28257,1,17,4457429.264950683,11.673972602739726,9.0
C-000472948,S-0080,-100.0,1,3,男性,46,10,12,0.4166666666666667,0,0,17,4457429.264950683,11.673972602739726,9.0
C-000864708,S-0080,-69.77600027862105,1,3,男性,80,9,12,0.5,0,0,17,4457429.264950683,11.673972602739726,9.0
C-000185420,S-0115,-88.61637584684226,1,3,男性,19,12,12,0.5833333333333334,0,0,14,4553643.099564746,10.51095890410959,7.0
C-001976691,S-0059,-40.492667592437165,0,3,男性,77,4,12,0.5833333333333334,0,0,14,4713188.969095345,6.8123287671232875,3.0
C-000256512,S-0102,-44.18528286727333,0,3,女性,71,11,12,0.75,13138,1,16,4383474.364435211,10.484931506849314,7.5
C-001227194,S-0056,-100.0,1,3,男性,54,7,12,0.1666666666666666,0,0,15,4406070.585753419,7.528767123287671,4.0
C-002129090,S-0111,-26.93369651928427,0,3,男性,43,3,12,0.6666666666666666,16663,1,19,4489501.980758176,6.397260273972603,4.0
C-001583171,S-0111,-21.775602368912086,0,3,男性,52,5,12,0.8333333333333334,0,0,19,4489501.980758176,6.397260273972603,4.0
C-000638497,S-0019,-23.69683317874652,0,3,女性,33,10,12,0.8333333333333334,0,0,19,4327199.920883598,4.090410958904109,1.0
C-001110591,S-0115,-100.0,1,3,男性,55,8,12,0.25,24016,1,14,4553643.099564746,10.51095890410959,7.0
C-001602193,S-0062,-24.685890785177854,0,3,女性,45,5,12,0.25,59652,1,15,4713869.782113416,4.575342465753424,1.0
C-001069784,S-0097,-100.0,1,3,男性,35,8,12,0.1666666666666666,0,0,21,4592508.716501317,10.09041095890411,7.0
C-000322837,S-0018,-54.20864245153535,1,3,男性,45,11,12,0.0,4006,2,16,4493108.581950108,7.550684931506849,5.0
C-001778098,S-0018,-100.0,1,3,女性,34,5,12,0.25,0,0,16,4493108.581950108,7.550684931506849,5.0
C-001919329,S-0012,-100.0,1,3,男性,37,4,12,0.0,0,0,16,4444678.825084195,7.994520547945205,5.0
C-000358023,S-0121,-42.3461900793507,0,3,女性,73,11,12,0.1666666666666666,0,0,14,4716268.25678644,9.856164383561644,7.0
C-000239496,S-0097,-59.136017154138834,1,3,男性,57,11,12,0.4166666666666667,4850,2,21,4592508.716501317,10.09041095890411,7.0
C-001998738,S-0080,-100.0,1,3,女性,40,4,12,0.1666666666666666,0,0,17,4457429.264950683,11.673972602739726,9.0
C-000949859,S-0096,-100.0,1,3,女性,38,8,12,0.1666666666666666,0,0,16,4644856.458098179,8.302739726027397,5.0
C-001944768,S-0002,-38.518805771705686,0,3,男性,56,4,12,0.3333333333333333,0,0,15,4455566.655169959,5.663013698630137,2.0
C-002196884,S-0020,-100.0,1,3,女性,36,3,12,0.1666666666666666,4376,2,16,4280702.057267675,6.986301369863014,3.5
C-001322032,S-0039,-20.617661824482987,0,3,女性,44,7,12,0.25,0,0,16,4591288.568998441,8.193150684931506,5.0
C-000792995,S-0007,-55.17186097216879,1,3,男性,45,9,12,0.5833333333333334,6776,1,21,4487075.727367008,3.7260273972602738,1.0
C-001481910,S-0121,-100.0,1,3,男性,44,6,12,0.6666666666666666,0,0,14,4716268.25678644,9.856164383561644,7.0
C-001240065,S-0020,-100.0,1,3,女性,58,7,12,0.1666666666666666,0,0,16,4280702.057267675,6.986301369863014,3.5
C-002243765,S-0056,-17.21517084443606,0,3,女性,52,3,12,0.4166666666666667,11427,2,15,4406070.585753419,7.528767123287671,4.0
C-001403939,S-0020,-27.76214306741242,0,3,女性,66,6,12,0.25,3944,2,16,4280702.057267675,6.986301369863014,3.5
C-000094132,S-0050,-61.909444419612925,1,3,男性,56,12,12,0.0833333333333333,16546,2,20,4615411.181286601,9.2013698630137,6.0
C-002326885,S-0082,-100.0,1,3,女性,33,2,12,0.25,0,0,17,4607261.71451126,4.758904109589041,2.0
C-000620574,S-0121,-94.29656762990096,1,3,女性,34,10,12,0.25,0,0,14,4716268.25678644,9.856164383561644,7.0
C-000119246,S-0039,-81.20738477588584,1,3,女性,42,12,12,0.25,0,0,16,4591288.568998441,8.193150684931506,5.0
C-002671104,S-0100,-86.45659324126626,1,3,男性,65,1,12,0.1666666666666666,0,0,17,4535925.154217558,4.720547945205479,2.0
C-000594541,S-0036,-70.84998565828474,1,3,男性,47,10,12,0.1666666666666666,15653,1,19,4397834.424680548,11.123287671232877,9.0
C-000950222,S-0099,-19.948966610923517,0,3,女性,58,8,12,0.25,11854,1,13,4464126.154078853,8.147945205479452,5.0
C-000566445,S-0036,-60.87070431171438,1,3,女性,47,10,12,0.0833333333333333,0,0,19,4397834.424680548,11.123287671232877,9.0
C-000546465,S-0072,-77.2493768618153,1,3,男性,56,10,12,0.4166666666666667,79190,2,12,4406797.312641796,9.01917808219178,6.0
C-002325279,S-0008,-100.0,1,3,女性,40,2,12,0.5833333333333334,0,0,22,4498453.308937302,10.772602739726027,7.0
C-001408287,S-0100,-52.61052210442089,1,3,男性,55,6,12,0.25,0,0,17,4535925.154217558,4.720547945205479,2.0
C-001967556,S-0056,-96.55115583120094,1,3,男性,51,4,12,0.1666666666666666,12258,2,15,4406070.585753419,7.528767123287671,4.0
C-001704924,S-0089,-100.0,1,3,女性,58,5,12,0.1666666666666666,65378,1,19,4721110.949352573,10.142465753424657,7.0
C-002223696,S-0040,-46.34636224886383,0,3,女性,66,3,12,0.5,0,0,20,4550116.0180538,8.163013698630138,4.0
C-001171068,S-0014,-100.0,1,3,女性,68,7,12,0.1666666666666666,0,0,21,4730192.353344672,7.336986301369863,4.0
C-000111794,S-0041,-74.5668427997101,1,3,男性,54,12,12,0.5,4699,1,17,4828489.286769263,10.389041095890411,7.0
C-002228503,S-0097,-100.0,1,3,男性,32,3,12,0.25,20936,1,21,4592508.716501317,10.09041095890411,7.0
C-002581010,S-0099,-56.10320023487962,1,3,男性,41,1,12,0.0833333333333333,13074,1,13,4464126.154078853,8.147945205479452,5.0
C-001211975,S-0074,-86.8419713292052,1,3,女性,52,7,12,0.1666666666666666,14922,1,14,4614054.39694187,8.308219178082192,6.0
C-001167258,S-0048,-13.613210202546474,0,3,女性,42,7,12,0.1666666666666666,5706,1,15,4502249.082895545,3.671232876712329,1.0
C-000377339,S-0056,-48.37089836454446,0,3,男性,42,11,12,0.25,42283,1,15,4406070.585753419,7.528767123287671,4.0
C-002343380,S-0080,-74.75701943844493,1,3,女性,49,2,12,0.25,0,0,17,4457429.264950683,11.673972602739726,9.0
C-002501973,S-0007,-61.48650117381097,1,3,女性,61,1,12,0.0833333333333333,8605,1,21,4487075.727367008,3.7260273972602738,1.0
C-000314523,S-0012,-100.0,1,3,女性,51,11,12,0.0833333333333333,0,0,16,4444678.825084195,7.994520547945205,5.0
C-000202242,S-0117,-100.0,1,3,女性,47,12,12,0.1666666666666666,0,0,20,4500859.737076383,9.593150684931507,7.0
C-001902508,S-0040,-45.549001471969596,0,3,女性,39,4,12,0.1666666666666666,4431,1,20,4550116.0180538,8.163013698630138,4.0
C-002213022,S-0074,-16.92293285460434,0,3,男性,52,3,12,0.0833333333333333,0,0,14,4614054.39694187,8.308219178082192,6.0
C-000751790,S-0126,-100.0,1,3,女性,62,9,12,0.3333333333333333,58633,1,17,4493168.352495564,5.53972602739726,3.0
C-001107781,S-0017,-27.546588160061773,0,3,男性,54,8,12,0.5,2605,2,20,4640207.03550726,5.608219178082192,2.5
C-001265513,S-0018,-58.005219562010666,1,3,女性,59,7,12,0.1666666666666666,8739,1,16,4493108.581950108,7.550684931506849,5.0
C-000872296,S-0097,-100.0,1,3,女性,41,9,12,0.5,0,0,21,4592508.716501317,10.09041095890411,7.0
C-000484563,S-0050,-12.492033142128744,0,3,女性,50,10,12,0.25,0,0,20,4615411.181286601,9.2013698630137,6.0
C-000122390,S-0111,-37.53386279259394,0,3,男性,56,12,12,0.1666666666666666,2640,1,19,4489501.980758176,6.397260273972603,4.0
C-001118990,S-0018,-12.583625797018042,0,3,女性,46,8,12,0.1666666666666666,55553,1,16,4493108.581950108,7.550684931506849,5.0
C-001011384,S-0072,-100.0,1,3,女性,42,8,12,0.0833333333333333,48244,1,12,4406797.312641796,9.01917808219178,6.0
C-001053994,S-0039,-11.36510751049666,0,3,女性,41,8,12,0.0833333333333333,0,0,16,4591288.568998441,8.193150684931506,5.0
C-001671120,S-0113,-100.0,1,3,女性,68,5,12,0.6666666666666666,0,0,16,4336633.961311346,5.77945205479452,2.5
C-000887130,S-0039,-28.078386741117473,0,3,男性,22,9,12,0.1666666666666666,0,0,16,4591288.568998441,8.193150684931506,5.0
C-001285772,S-0030,-100.0,1,3,女性,60,7,12,0.75,0,0,22,4426478.045479023,9.236986301369862,5.5
C-001825158,S-0072,-100.0,1,3,女性,54,4,12,0.5833333333333334,13443,2,12,4406797.312641796,9.01917808219178,6.0
C-001364963,S-0121,-28.419184752117832,0,3,男性,60,6,12,0.5,0,0,14,4716268.25678644,9.856164383561644,7.0
C-000121422,S-0089,-47.03484014090304,0,3,女性,63,12,12,0.1666666666666666,0,0,19,4721110.949352573,10.142465753424657,7.0
C-001834723,S-0019,-14.15163351782584,0,3,女性,60,4,12,0.75,0,0,19,4327199.920883598,4.090410958904109,1.0
C-000255276,S-0008,-100.0,1,3,男性,59,11,12,0.0833333333333333,10147,1,22,4498453.308937302,10.772602739726027,7.0
C-000555898,S-0113,-43.97737840404006,0,3,女性,36,10,12,0.4166666666666667,76195,1,16,4336633.961311346,5.77945205479452,2.5
C-000496243,S-0041,-39.06410642347317,0,3,女性,41,10,12,0.0833333333333333,11124,2,17,4828489.286769263,10.389041095890411,7.0
C-002034980,S-0072,-31.06128190000633,0,3,男性,21,3,12,0.25,1405,2,12,4406797.312641796,9.01917808219178,6.0
C-002486569,S-0002,-100.0,1,3,女性,42,1,12,0.1666666666666666,27295,2,15,4455566.655169959,5.663013698630137,2.0
C-000373837,S-0113,-24.964727824684964,0,3,男性,35,11,12,0.5833333333333334,8335,1,16,4336633.961311346,5.77945205479452,2.5
C-001584986,S-0102,-33.92366712211707,0,3,男性,58,5,12,0.1666666666666666,11704,2,16,4383474.364435211,10.484931506849314,7.5
C-000007229,S-0048,-17.761448697906378,0,3,男性,42,12,12,0.6666666666666666,47765,1,15,4502249.082895545,3.671232876712329,1.0
C-002081147,S-0074,-59.550096833462995,1,3,女性,49,3,12,0.25,8199,2,14,4614054.39694187,8.308219178082192,6.0
C-000130802,S-0012,-78.91724055571036,1,3,男性,42,12,12,0.1666666666666666,0,0,16,4444678.825084195,7.994520547945205,5.0
C-001328932,S-0017,-12.628538579100123,0,3,女性,68,7,12,0.5,74758,1,20,4640207.03550726,5.608219178082192,2.5
C-000099099,S-0040,-24.575992264566697,0,3,女性,53,12,12,0.1666666666666666,0,0,20,4550116.0180538,8.163013698630138,4.0
C-001514224,S-0036,-100.0,1,3,女性,58,6,12,0.1666666666666666,24408,1,19,4397834.424680548,11.123287671232877,9.0
C-001259674,S-0020,-17.573561141158876,0,3,男性,62,7,12,0.0,0,0,16,4280702.057267675,6.986301369863014,3.5
C-001846354,S-0018,-100.0,1,3,男性,70,4,12,0.3333333333333333,0,0,16,4493108.581950108,7.550684931506849,5.0
C-000223700,S-0002,-6.195141310343623,0,3,男性,47,12,12,0.25,8155,1,15,4455566.655169959,5.663013698630137,2.0
C-002354119,S-0059,-24.891996735729453,0,3,女性,60,2,12,0.75,4925,1,14,4713188.969095345,6.8123287671232875,3.0
C-000379003,S-0113,-66.11338976641359,1,3,男性,80,11,12,0.0,0,0,16,4336633.961311346,5.77945205479452,2.5
C-000283410,S-0111,-23.665560571625193,0,3,男性,51,11,12,0.25,12825,2,19,4489501.980758176,6.397260273972603,4.0
C-002121636,S-0039,-44.93980820240767,0,3,女性,45,3,12,0.1666666666666666,0,0,16,4591288.568998441,8.193150684931506,5.0
C-001610417,S-0121,-34.691601691393934,0,3,女性,78,5,12,0.5,23047,1,14,4716268.25678644,9.856164383561644,7.0
C-001566327,S-0075,-35.32201589546294,0,3,女性,38,6,12,0.25,0,0,19,4506647.2743158825,4.526027397260274,1.0
C-002206793,S-0063,-19.191655671003055,0,3,男性,66,3,12,0.5833333333333334,12292,1,18,4564012.176421695,5.749315068493151,3.0
C-002146046,S-0002,-22.391191901278358,0,3,男性,43,3,12,0.25,0,0,15,4455566.655169959,5.663013698630137,2.0
C-001822718,S-0004,-27.832739007790057,0,3,女性,51,4,12,0.25,3910,1,22,4423576.351309,11.806849315068494,9.0
C-001349550,S-0080,-28.588498071354675,0,3,男性,49,7,12,0.3333333333333333,24460,1,17,4457429.264950683,11.673972602739726,9.0
C-001191635,S-0012,-57.628875549229534,1,3,女性,37,7,12,0.25,49262,1,16,4444678.825084195,7.994520547945205,5.0
C-001227498,S-0113,-57.12449437841182,1,3,男性,48,7,12,0.25,16665,2,16,4336633.961311346,5.77945205479452,2.5
C-000312690,S-0056,-100.0,1,3,男性,60,11,12,0.4166666666666667,6997,1,15,4406070.585753419,7.528767123287671,4.0
C-001688698,S-0080,-41.247082456751286,0,3,女性,32,5,12,0.3333333333333333,58168,2,17,4457429.264950683,11.673972602739726,9.0
C-000220152,S-0097,-29.657271280082405,0,3,女性,75,12,12,0.1666666666666666,0,0,21,4592508.716501317,10.09041095890411,7.0
C-001204541,S-0117,-36.92444027208462,0,3,女性,59,7,12,0.25,1543,2,20,4500859.737076383,9.593150684931507,7.0
C-002649201,S-0079,-10.549632210026965,0,3,女性,31,1,12,0.25,29583,2,13,4256656.371085242,8.479452054794521,6.0
C-001211548,S-0126,-23.265714459799167,0,3,男性,52,7,12,0.25,0,0,17,4493168.352495564,5.53972602739726,3.0
C-000193178,S-0007,-29.01709857053931,0,3,女性,63,12,12,0.1666666666666666,0,0,21,4487075.727367008,3.7260273972602738,1.0
C-001717754,S-0005,-24.07664187570906,0,3,女性,45,5,12,0.5,0,0,21,4733942.970761149,4.69041095890411,2.0
C-000012002,S-0082,-26.75808015203236,0,3,男性,55,12,12,0.3333333333333333,0,0,17,4607261.71451126,4.758904109589041,2.0
C-002597542,S-0075,-9.88664621889301,0,3,女性,60,1,12,0.1666666666666666,8090,2,19,4506647.2743158825,4.526027397260274,1.0
C-000785051,S-0048,-31.240195028002866,0,3,女性,63,9,12,0.0833333333333333,0,0,15,4502249.082895545,3.671232876712329,1.0
C-001640073,S-0005,-100.0,1,3,女性,56,5,12,0.3333333333333333,0,0,21,4733942.970761149,4.69041095890411,2.0
C-000848161,S-0080,-59.2534902247006,1,3,女性,51,9,12,0.4166666666666667,58,2,17,4457429.264950683,11.673972602739726,9.0
C-002429895,S-0007,-30.51491384776483,0,3,女性,42,2,12,0.3333333333333333,12054,1,21,4487075.727367008,3.7260273972602738,1.0
C-001423737,S-0050,-18.03521534749672,0,3,男性,55,6,12,0.4166666666666667,0,0,20,4615411.181286601,9.2013698630137,6.0
C-001581824,S-0099,-73.62984666180823,1,3,女性,47,5,12,0.6666666666666666,10200,1,13,4464126.154078853,8.147945205479452,5.0
C-000243523,S-0018,-88.87531773016869,1,3,女性,41,11,12,0.1666666666666666,17019,1,16,4493108.581950108,7.550684931506849,5.0
C-000173281,S-0056,-35.37238562805627,0,3,女性,53,12,12,0.25,44623,1,15,4406070.585753419,7.528767123287671,4.0
C-002503944,S-0121,-29.882268997502674,0,3,男性,44,1,12,0.25,0,0,14,4716268.25678644,9.856164383561644,7.0
C-001106616,S-0018,-100.0,1,3,男性,50,8,12,0.1666666666666666,0,0,16,4493108.581950108,7.550684931506849,5.0
C-000594112,S-0007,-100.0,1,3,男性,43,10,12,0.25,0,0,21,4487075.727367008,3.7260273972602738,1.0
C-001466724,S-0036,-25.590381388559564,0,3,女性,37,6,12,0.0833333333333333,0,0,19,4397834.424680548,11.123287671232877,9.0
C-000885469,S-0056,-62.54089007227083,1,3,女性,33,9,12,0.0833333333333333,0,0,15,4406070.585753419,7.528767123287671,4.0
C-001739605,S-0102,-53.27183381728836,1,3,女性,53,5,12,0.4166666666666667,0,0,16,4383474.364435211,10.484931506849314,7.5
C-001771476,S-0008,-12.40721320679145,0,3,女性,37,5,12,0.0833333333333333,49273,1,22,4498453.308937302,10.772602739726027,7.0
C-000355654,S-0096,-75.46261515233296,1,3,女性,47,11,12,0.25,10391,1,16,4644856.458098179,8.302739726027397,5.0
C-000830014,S-0096,-88.22421821327701,1,3,女性,58,9,12,0.1666666666666666,0,0,16,4644856.458098179,8.302739726027397,5.0
C-001495526,S-0080,-100.0,1,3,女性,44,6,12,0.0833333333333333,65597,2,17,4457429.264950683,11.673972602739726,9.0
C-002662858,S-0048,-23.118956058685765,0,3,女性,70,1,12,0.0833333333333333,1930,2,15,4502249.082895545,3.671232876712329,1.0
C-001727225,S-0036,-55.76341157080854,1,3,女性,46,5,12,0.0833333333333333,0,0,19,4397834.424680548,11.123287671232877,9.0
C-001486853,S-0050,-39.88051000764939,0,3,女性,41,6,12,0.1666666666666666,1534,2,20,4615411.181286601,9.2013698630137,6.0
C-000243852,S-0075,-34.58700721135286,0,3,女性,44,11,12,0.1666666666666666,10997,2,19,4506647.2743158825,4.526027397260274,1.0
C-000534416,S-0111,-100.0,1,3,女性,31,10,12,0.9166666666666666,0,0,19,4489501.980758176,6.397260273972603,4.0
C-000452519,S-0004,-16.065832132564843,0,3,男性,60,10,12,0.0833333333333333,12973,2,22,4423576.351309,11.806849315068494,9.0
C-001053068,S-0117,-48.74821945007986,0,3,女性,50,8,12,0.5833333333333334,25506,2,20,4500859.737076383,9.593150684931507,7.0
C-000151614,S-0056,-100.0,1,3,男性,79,12,12,0.0,6681,2,15,4406070.585753419,7.528767123287671,4.0
C-001317616,S-0079,-34.184326837313826,0,3,女性,48,7,12,0.0833333333333333,2576,1,13,4256656.371085242,8.479452054794521,6.0
C-000217524,S-0062,-27.880994555786227,0,3,女性,31,12,12,0.4166666666666667,31072,2,15,4713869.782113416,4.575342465753424,1.0
C-002402379,S-0131,-31.067647982614748,0,3,男性,42,2,12,0.75,0,0,17,4569023.5643747775,5.13972602739726,2.0
C-000097296,S-0008,-100.0,1,3,女性,43,12,12,0.0833333333333333,61679,1,22,4498453.308937302,10.772602739726027,7.0
C-002130213,S-0102,-100.0,1,3,男性,37,3,12,0.3333333333333333,34539,2,16,4383474.364435211,10.484931506849314,7.5
C-002512439,S-0126,-40.494715264389185,0,3,男性,60,1,12,0.4166666666666667,1179,1,17,4493168.352495564,5.53972602739726,3.0
C-000627576,S-0075,-39.47518182245357,0,3,男性,62,10,12,0.3333333333333333,0,0,19,4506647.2743158825,4.526027397260274,1.0
C-000796070,S-0040,-58.79293412245109,1,3,女性,48,9,12,0.5,3168,2,20,4550116.0180538,8.163013698630138,4.0
C-001891224,S-0004,-39.68947962326408,0,3,女性,35,4,12,0.5833333333333334,5983,1,22,4423576.351309,11.806849315068494,9.0
C-000690494,S-0089,-37.36378686917774,0,3,女性,45,9,12,0.25,0,0,19,4721110.949352573,10.142465753424657,7.0
C-001628716,S-0017,-11.756817997348556,0,3,女性,56,5,12,0.25,14916,1,20,4640207.03550726,5.608219178082192,2.5
C-001590650,S-0100,-100.0,1,3,男性,36,5,12,0.9166666666666666,0,0,17,4535925.154217558,4.720547945205479,2.0
C-001568568,S-0017,-100.0,1,3,女性,58,6,12,0.5,10225,1,20,4640207.03550726,5.608219178082192,2.5
C-002387836,S-0080,-100.0,1,3,女性,43,2,12,0.0833333333333333,0,0,17,4457429.264950683,11.673972602739726,9.0
C-000485317,S-0115,-72.00660045455962,1,3,女性,20,10,12,0.25,0,0,14,4553643.099564746,10.51095890410959,7.0
C-000734029,S-0039,-57.260789349925844,1,3,女性,59,9,12,0.0833333333333333,0,0,16,4591288.568998441,8.193150684931506,5.0
C-000068720,S-0002,-100.0,1,3,男性,66,12,12,0.0833333333333333,1295,2,15,4455566.655169959,5.663013698630137,2.0
C-001067672,S-0074,-80.43752989811436,1,3,男性,20,8,12,0.25,13179,1,14,4614054.39694187,8.308219178082192,6.0
C-001880670,S-0007,-50.193457093096896,1,3,男性,78,4,12,0.4166666666666667,68672,1,21,4487075.727367008,3.7260273972602738,1.0
C-002326404,S-0075,-37.67303675449863,0,3,男性,58,2,12,0.3333333333333333,0,0,19,4506647.2743158825,4.526027397260274,1.0
C-001128494,S-0014,-50.99414838129094,1,3,女性,41,7,12,0.25,58845,2,21,4730192.353344672,7.336986301369863,4.0
C-001120781,S-0036,-100.0,1,3,男性,53,8,12,0.25,0,0,19,4397834.424680548,11.123287671232877,9.0
C-000323000,S-0100,-63.36220830886767,1,3,女性,77,11,12,0.3333333333333333,128166,1,17,4535925.154217558,4.720547945205479,2.0
C-001146552,S-0007,-32.394294055881375,0,3,男性,22,7,12,0.5,38894,1,21,4487075.727367008,3.7260273972602738,1.0
C-000634034,S-0079,-81.14146381782865,1,3,女性,49,10,12,0.3333333333333333,0,0,13,4256656.371085242,8.479452054794521,6.0
C-001759936,S-0020,-28.185603690960274,0,3,女性,48,5,12,0.1666666666666666,3108,1,16,4280702.057267675,6.986301369863014,3.5
C-001437831,S-0056,-49.36480376032509,1,3,男性,47,6,12,0.0833333333333333,56204,1,15,4406070.585753419,7.528767123287671,4.0
C-001941929,S-0048,-28.325997552205674,0,3,女性,52,4,12,0.5833333333333334,4109,2,15,4502249.082895545,3.671232876712329,1.0
C-000672439,S-0048,-41.67017701975921,0,3,女性,43,10,12,0.3333333333333333,0,0,15,4502249.082895545,3.671232876712329,1.0
C-002123508,S-0100,-100.0,1,3,女性,34,3,12,0.0833333333333333,4443,2,17,4535925.154217558,4.720547945205479,2.0
C-001802244,S-0131,-39.859428383559695,0,3,男性,66,4,12,0.1666666666666666,0,0,17,4569023.5643747775,5.13972602739726,2.0
C-001488054,S-0079,-51.79445268942281,1,3,女性,58,6,12,0.4166666666666667,2873,2,13,4256656.371085242,8.479452054794521,6.0
C-002326574,S-0007,-29.213768464926492,0,3,男性,66,2,12,0.25,3723,1,21,4487075.727367008,3.7260273972602738,1.0
C-001411303,S-0063,-60.31736818888863,1,3,女性,43,6,12,0.5833333333333334,4313,1,18,4564012.176421695,5.749315068493151,3.0
C-002088305,S-0056,-63.683090689846225,1,3,女性,77,3,12,0.1666666666666666,0,0,15,4406070.585753419,7.528767123287671,4.0
C-000150932,S-0099,-34.50604818946419,0,3,女性,58,12,12,0.1666666666666666,6815,2,13,4464126.154078853,8.147945205479452,5.0
C-001279551,S-0041,-20.974885412047424,0,3,女性,60,7,12,0.5,16690,2,17,4828489.286769263,10.389041095890411,7.0
C-002597552,S-0096,-58.883671126133684,1,3,女性,43,1,12,0.25,28650,1,16,4644856.458098179,8.302739726027397,5.0
C-001478530,S-0017,-100.0,1,3,男性,51,6,12,0.6666666666666666,0,0,20,4640207.03550726,5.608219178082192,2.5
C-001871796,S-0041,-100.0,1,3,女性,32,4,12,0.25,0,0,17,4828489.286769263,10.389041095890411,7.0
C-000979555,S-0079,-63.43561294123423,1,3,男性,44,8,12,0.3333333333333333,36906,2,13,4256656.371085242,8.479452054794521,6.0
C-000818585,S-0018,-61.99156247407153,1,3,女性,67,9,12,0.5833333333333334,15313,1,16,4493108.581950108,7.550684931506849,5.0
C-002205837,S-0048,-55.36748902597856,1,3,女性,69,3,12,0.1666666666666666,0,0,15,4502249.082895545,3.671232876712329,1.0
C-001364666,S-0102,-32.53942924785591,0,3,女性,46,6,12,0.25,0,0,16,4383474.364435211,10.484931506849314,7.5
C-000659711,S-0040,-18.756143424062596,0,3,女性,51,10,12,0.4166666666666667,1658,1,20,4550116.0180538,8.163013698630138,4.0
C-000869856,S-0121,-100.0,1,3,男性,45,9,12,0.0,0,0,14,4716268.25678644,9.856164383561644,7.0
C-000393748,S-0097,-22.432214007597125,0,3,女性,93,11,12,0.1666666666666666,60664,2,21,4592508.716501317,10.09041095890411,7.0
C-002666070,S-0111,-45.24417000482024,0,3,男性,42,1,12,0.0,31688,1,19,4489501.980758176,6.397260273972603,4.0
C-000556498,S-0074,-100.0,1,3,女性,39,10,12,0.5,10048,2,14,4614054.39694187,8.308219178082192,6.0
C-000603324,S-0115,-50.99359027171316,1,3,女性,54,10,12,0.0,2582,1,14,4553643.099564746,10.51095890410959,7.0
C-002545758,S-0012,-20.943057808887534,0,3,女性,89,1,12,0.3333333333333333,846,1,16,4444678.825084195,7.994520547945205,5.0
C-000556781,S-0017,-32.43365954749585,0,3,女性,45,10,12,0.8333333333333334,0,0,20,4640207.03550726,5.608219178082192,2.5
C-001661117,S-0017,-51.34104478137974,1,3,女性,46,5,12,0.1666666666666666,0,0,20,4640207.03550726,5.608219178082192,2.5
C-001276239,S-0096,-100.0,1,3,女性,41,7,12,0.4166666666666667,0,0,16,4644856.458098179,8.302739726027397,5.0
C-001241107,S-0063,-23.817429967319054,0,3,女性,53,7,12,0.1666666666666666,18304,1,18,4564012.176421695,5.749315068493151,3.0
C-000315649,S-0121,-29.7533426325996,0,3,女性,49,11,12,0.3333333333333333,0,0,14,4716268.25678644,9.856164383561644,7.0
C-002446302,S-0002,-47.991965731821665,0,3,女性,42,2,12,0.6666666666666666,0,0,15,4455566.655169959,5.663013698630137,2.0
C-001749490,S-0106,-46.598798499649305,0,3,女性,66,5,12,0.5,60068,1,20,4462729.145118021,6.171232876712329,3.5
C-002308660,S-0100,-21.000252003024038,0,3,女性,46,2,12,0.5833333333333334,0,0,17,4535925.154217558,4.720547945205479,2.0
C-002597541,S-0099,-100.0,1,3,男性,59,1,12,0.1666666666666666,584,1,13,4464126.154078853,8.147945205479452,5.0
C-001203286,S-0080,-63.839496960652276,1,3,女性,64,7,12,0.3333333333333333,134698,2,17,4457429.264950683,11.673972602739726,9.0
C-002239649,S-0063,-100.0,1,3,女性,69,3,12,0.25,87470,2,18,4564012.176421695,5.749315068493151,3.0
C-001563967,S-0002,-18.547499544620322,0,3,女性,51,6,12,0.4166666666666667,0,0,15,4455566.655169959,5.663013698630137,2.0
C-001002662,S-0041,-21.820749671294543,0,3,男性,46,8,12,0.0833333333333333,3709,2,17,4828489.286769263,10.389041095890411,7.0
C-000556450,S-0117,-100.0,1,3,女性,49,10,12,0.0833333333333333,9979,2,20,4500859.737076383,9.593150684931507,7.0
C-002395176,S-0102,-52.378404063424114,1,3,女性,52,2,12,0.4166666666666667,17220,1,16,4383474.364435211,10.484931506849314,7.5
C-000660105,S-0036,-16.21247962613048,0,3,女性,86,10,12,0.0833333333333333,5125,2,19,4397834.424680548,11.123287671232877,9.0
C-000520023,S-0113,-23.781983171270955,0,3,女性,79,10,12,0.4166666666666667,0,0,16,4336633.961311346,5.77945205479452,2.5
C-000510463,S-0036,-100.0,1,3,男性,44,10,12,0.0833333333333333,71233,1,19,4397834.424680548,11.123287671232877,9.0
C-000718375,S-0036,-100.0,1,3,男性,59,9,12,0.0833333333333333,0,0,19,4397834.424680548,11.123287671232877,9.0
C-001482764,S-0082,-100.0,1,3,女性,39,6,12,0.0833333333333333,0,0,17,4607261.71451126,4.758904109589041,2.0
C-002528180,S-0039,-32.12424191241284,0,3,男性,70,1,12,0.25,1460,2,16,4591288.568998441,8.193150684931506,5.0
C-001374478,S-0017,-28.811566452170805,0,3,男性,34,6,12,0.1666666666666666,25561,1,20,4640207.03550726,5.608219178082192,2.5
C-002662356,S-0012,-29.471157531083914,0,3,女性,47,1,12,0.0833333333333333,99197,1,16,4444678.825084195,7.994520547945205,5.0
C-000027493,S-0072,-44.5588832005249,0,3,女性,53,12,12,0.5,9915,1,12,4406797.312641796,9.01917808219178,6.0
C-000515107,S-0072,-100.0,1,3,男性,31,10,12,0.25,32062,2,12,4406797.312641796,9.01917808219178,6.0
C-002260246,S-0079,-28.572398054360487,0,3,女性,46,2,12,0.1666666666666666,13505,1,13,4256656.371085242,8.479452054794521,6.0
C-001221247,S-0036,-10.800583020205126,0,3,男性,39,7,12,0.1666666666666666,0,0,19,4397834.424680548,11.123287671232877,9.0
C-002251823,S-0018,-74.72034122784974,1,3,女性,45,2,12,0.6666666666666666,0,0,16,4493108.581950108,7.550684931506849,5.0
C-002230587,S-0040,-47.55985504505485,0,3,女性,48,3,12,0.3333333333333333,69464,1,20,4550116.0180538,8.163013698630138,4.0
C-002059603,S-0012,-40.59661819856569,0,3,男性,54,3,12,0.1666666666666666,6138,1,16,4444678.825084195,7.994520547945205,5.0
C-000988437,S-0089,-80.72417381432896,1,3,女性,62,8,12,0.1666666666666666,0,0,19,4721110.949352573,10.142465753424657,7.0
C-002328745,S-0079,-73.51988177093813,1,3,男性,48,2,12,0.1666666666666666,4325,1,13,4256656.371085242,8.479452054794521,6.0
C-002170429,S-0056,-83.31062257751938,1,3,女性,34,3,12,0.1666666666666666,3867,1,15,4406070.585753419,7.528767123287671,4.0
C-001895139,S-0012,-100.0,1,3,女性,54,4,12,0.1666666666666666,11163,1,16,4444678.825084195,7.994520547945205,5.0
C-000763753,S-0117,-20.761416364821663,0,3,女性,60,9,12,0.25,2730,2,20,4500859.737076383,9.593150684931507,7.0
C-000998575,S-0115,-19.762071702096513,0,3,女性,51,8,12,0.3333333333333333,86144,2,14,4553643.099564746,10.51095890410959,7.0
C-002165654,S-0018,-100.0,1,3,女性,51,3,12,0.1666666666666666,24749,1,16,4493108.581950108,7.550684931506849,5.0
C-001607849,S-0059,-8.430012113074234,0,3,女性,70,5,12,0.25,56554,1,14,4713188.969095345,6.8123287671232875,3.0
C-000242966,S-0054,-100.0,1,3,男性,60,11,12,0.25,11470,1,23,4489160.181517739,6.358904109589041,4.0
C-001030735,S-0018,-100.0,1,3,女性,41,8,12,0.1666666666666666,0,0,16,4493108.581950108,7.550684931506849,5.0
C-000182812,S-0017,-27.900024763858916,0,3,女性,37,12,12,0.25,15137,1,20,4640207.03550726,5.608219178082192,2.5
C-002117682,S-0004,-37.11755742747894,0,3,女性,58,3,12,0.4166666666666667,2499,1,22,4423576.351309,11.806849315068494,9.0
C-000839565,S-0097,-21.364912840732128,0,3,女性,40,9,12,0.3333333333333333,0,0,21,4592508.716501317,10.09041095890411,7.0
C-000513200,S-0097,-84.70069671548414,1,3,女性,57,10,12,0.1666666666666666,4798,2,21,4592508.716501317,10.09041095890411,7.0
C-001126587,S-0113,-100.0,1,3,男性,49,7,12,0.4166666666666667,0,0,16,4336633.961311346,5.77945205479452,2.5
C-000414594,S-0050,-15.070416211844345,0,3,女性,50,11,12,0.4166666666666667,23215,1,20,4615411.181286601,9.2013698630137,6.0
C-000251087,S-0002,-46.96937974352264,0,3,女性,54,11,12,0.75,0,0,15,4455566.655169959,5.663013698630137,2.0
C-000309637,S-0012,-21.285733080233804,0,3,女性,58,11,12,0.5,0,0,16,4444678.825084195,7.994520547945205,5.0
C-001147840,S-0096,-19.10792433971477,0,3,男性,54,7,12,0.9166666666666666,0,0,16,4644856.458098179,8.302739726027397,5.0
C-000959501,S-0099,-100.0,1,3,男性,50,8,12,0.1666666666666666,1754,1,13,4464126.154078853,8.147945205479452,5.0
C-001210950,S-0096,-99.06936665230505,1,3,女性,47,7,12,0.0,12970,1,16,4644856.458098179,8.302739726027397,5.0
C-001201601,S-0048,-68.89143619797973,1,3,女性,45,7,12,0.1666666666666666,-725,2,15,4502249.082895545,3.671232876712329,1.0
C-000686144,S-0020,-18.829212680522836,0,3,女性,44,9,12,0.5833333333333334,4040,1,16,4280702.057267675,6.986301369863014,3.5
C-000200723,S-0059,-15.819072238781537,0,3,女性,69,12,12,0.3333333333333333,53759,2,14,4713188.969095345,6.8123287671232875,3.0
C-001001406,S-0115,-20.406708163846737,0,3,男性,49,8,12,0.1666666666666666,14035,1,14,4553643.099564746,10.51095890410959,7.0
C-002478508,S-0075,-29.050284107918245,0,3,女性,65,1,12,0.25,7055,1,19,4506647.2743158825,4.526027397260274,1.0
C-002454855,S-0014,-83.89291882556131,1,3,男性,48,2,12,0.0833333333333333,51501,1,21,4730192.353344672,7.336986301369863,4.0
C-000420084,S-0002,-61.35375923511517,1,3,女性,45,11,12,0.1666666666666666,25047,1,15,4455566.655169959,5.663013698630137,2.0
C-001522291,S-0096,-53.471434257504555,1,3,女性,20,6,12,0.1666666666666666,0,0,16,4644856.458098179,8.302739726027397,5.0
C-001434802,S-0020,-27.612414679472707,0,3,女性,41,6,12,0.4166666666666667,7125,1,16,4280702.057267675,6.986301369863014,3.5
C-001046968,S-0096,-86.28073778648134,1,3,女性,41,8,12,0.1666666666666666,0,0,16,4644856.458098179,8.302739726027397,5.0
C-001839547,S-0014,-100.0,1,3,女性,55,4,12,0.3333333333333333,795,1,21,4730192.353344672,7.336986301369863,4.0
C-000342482,S-0121,-63.404996206725286,1,3,男性,46,11,12,0.25,11585,1,14,4716268.25678644,9.856164383561644,7.0
C-000325370,S-0048,-100.0,1,3,男性,59,11,12,0.3333333333333333,6412,1,15,4502249.082895545,3.671232876712329,1.0
C-000473552,S-0097,-99.07341580169677,1,3,女性,46,10,12,0.25,1778,1,21,4592508.716501317,10.09041095890411,7.0
C-001228235,S-0050,-22.422598698096426,0,3,女性,41,7,12,0.25,4906,1,20,4615411.181286601,9.2013698630137,6.0
C-001422826,S-0056,-100.0,1,3,女性,33,6,12,0.4166666666666667,98982,1,15,4406070.585753419,7.528767123287671,4.0
C-002104800,S-0012,-62.77839187750758,1,3,男性,41,3,12,0.4166666666666667,11210,2,16,4444678.825084195,7.994520547945205,5.0
C-000623927,S-0117,-37.485185378690595,0,3,女性,43,10,12,0.3333333333333333,9380,1,20,4500859.737076383,9.593150684931507,7.0
C-000832695,S-0115,-65.9981484090406,1,3,男性,43,9,12,0.6666666666666666,8165,1,14,4553643.099564746,10.51095890410959,7.0
C-000835874,S-0056,-100.0,1,3,男性,42,9,12,0.6666666666666666,0,0,15,4406070.585753419,7.528767123287671,4.0
C-000670325,S-0075,-77.26056454516264,1,3,女性,37,10,12,0.6666666666666666,145540,1,19,4506647.2743158825,4.526027397260274,1.0
C-000592109,S-0080,-83.21999418773612,1,3,男性,43,10,12,0.1666666666666666,2122,1,17,4457429.264950683,11.673972602739726,9.0
C-001190767,S-0059,-45.85585904509525,0,3,男性,64,7,12,0.1666666666666666,0,0,14,4713188.969095345,6.8123287671232875,3.0
C-002373933,S-0131,-21.228517606144038,0,3,男性,42,2,12,0.0833333333333333,0,0,17,4569023.5643747775,5.13972602739726,2.0
C-000934809,S-0004,-97.1929227628445,1,3,女性,47,8,12,0.5,0,0,22,4423576.351309,11.806849315068494,9.0
C-002154034,S-0063,-100.0,1,3,女性,31,3,12,0.3333333333333333,0,0,18,4564012.176421695,5.749315068493151,3.0
C-002107961,S-0097,-38.25474645719486,0,3,男性,49,3,12,0.3333333333333333,45373,1,21,4592508.716501317,10.09041095890411,7.0
C-002674062,S-0005,-37.0470113540396,0,3,女性,64,1,12,0.1666666666666666,4819,1,21,4733942.970761149,4.69041095890411,2.0
C-000200453,S-0089,-59.420928616229595,1,3,女性,55,12,12,0.4166666666666667,29163,1,19,4721110.949352573,10.142465753424657,7.0
C-002202522,S-0002,-29.03290735918871,0,3,男性,56,3,12,0.6666666666666666,9900,1,15,4455566.655169959,5.663013698630137,2.0
C-000483027,S-0018,-100.0,1,3,女性,60,10,12,0.3333333333333333,10947,1,16,4493108.581950108,7.550684931506849,5.0
C-001649291,S-0106,-15.406338288606728,0,3,男性,56,5,12,0.0,0,0,20,4462729.145118021,6.171232876712329,3.5
C-000092924,S-0036,-28.252609186997272,0,3,女性,48,12,12,0.25,0,0,19,4397834.424680548,11.123287671232877,9.0
C-000320455,S-0048,-75.89979397820636,1,3,女性,35,11,12,0.25,2417,1,15,4502249.082895545,3.671232876712329,1.0
C-000230303,S-0089,-100.0,1,3,女性,52,11,12,0.3333333333333333,7533,1,19,4721110.949352573,10.142465753424657,7.0
C-001578609,S-0002,-100.0,1,3,男性,26,5,12,0.5833333333333334,0,0,15,4455566.655169959,5.663013698630137,2.0
C-002567276,S-0048,-34.88482964452949,0,3,男性,37,1,12,0.1666666666666666,14048,2,15,4502249.082895545,3.671232876712329,1.0
C-001603166,S-0115,-100.0,1,3,男性,48,5,12,0.25,0,0,14,4553643.099564746,10.51095890410959,7.0
C-001719351,S-0012,-42.37595267281352,0,3,女性,46,5,12,0.25,0,0,16,4444678.825084195,7.994520547945205,5.0
C-001604868,S-0056,-17.828290066534606,0,3,女性,63,5,12,0.5,0,0,15,4406070.585753419,7.528767123287671,4.0
C-002282765,S-0126,-19.921229458001626,0,3,女性,46,2,12,0.5,1684,1,17,4493168.352495564,5.53972602739726,3.0
C-000187044,S-0075,-19.10318090674722,0,3,男性,39,12,12,0.3333333333333333,14131,1,19,4506647.2743158825,4.526027397260274,1.0
C-000832990,S-0096,-22.853724321145382,0,3,男性,50,9,12,0.1666666666666666,32647,2,16,4644856.458098179,8.302739726027397,5.0
C-000834226,S-0113,-100.0,1,3,男性,55,9,12,0.25,125894,1,16,4336633.961311346,5.77945205479452,2.5
C-000596916,S-0008,-100.0,1,3,男性,64,10,12,0.0833333333333333,7420,2,22,4498453.308937302,10.772602739726027,7.0
C-000633374,S-0096,-54.76848573451812,1,3,男性,51,10,12,0.3333333333333333,7310,1,16,4644856.458098179,8.302739726027397,5.0
C-002317273,S-0097,-25.42197609844025,0,3,男性,56,2,12,0.25,0,0,21,4592508.716501317,10.09041095890411,7.0
C-001476063,S-0117,-36.48183041722746,0,3,男性,43,6,12,0.3333333333333333,10699,2,20,4500859.737076383,9.593150684931507,7.0
C-001429916,S-0115,-100.0,1,3,女性,59,6,12,0.0833333333333333,36452,1,14,4553643.099564746,10.51095890410959,7.0
C-001196764,S-0079,-36.15232497416347,0,3,女性,64,7,12,0.0,55613,1,13,4256656.371085242,8.479452054794521,6.0
C-001553172,S-0121,-100.0,1,3,男性,34,6,12,0.8333333333333334,0,0,14,4716268.25678644,9.856164383561644,7.0
C-000608449,S-0097,-100.0,1,3,男性,58,10,12,0.1666666666666666,45036,1,21,4592508.716501317,10.09041095890411,7.0
C-000537362,S-0115,-50.19639561168834,1,3,女性,80,10,12,0.0833333333333333,0,0,14,4553643.099564746,10.51095890410959,7.0
C-002452797,S-0074,-23.193567818138963,0,3,女性,53,2,12,0.5833333333333334,29768,2,14,4614054.39694187,8.308219178082192,6.0
C-001540066,S-0097,-4.345024846741334,0,3,男性,56,6,12,0.0833333333333333,20124,1,21,4592508.716501317,10.09041095890411,7.0
C-002651681,S-0117,-38.84823488921864,0,3,女性,51,1,12,0.0,23996,2,20,4500859.737076383,9.593150684931507,7.0
C-001684124,S-0019,-22.351403962560997,0,3,男性,34,5,12,0.5,16073,1,19,4327199.920883598,4.090410958904109,1.0
C-002257181,S-0004,-84.56764431125539,1,3,女性,24,2,12,0.25,0,0,22,4423576.351309,11.806849315068494,9.0
C-002637769,S-0079,-33.49716926707321,0,3,男性,60,1,12,0.3333333333333333,7063,1,13,4256656.371085242,8.479452054794521,6.0
C-000327547,S-0002,-74.49056603773585,1,3,女性,63,11,12,0.5833333333333334,56207,1,15,4455566.655169959,5.663013698630137,2.0
C-001405681,S-0017,-24.307241069869125,0,3,男性,56,6,12,0.3333333333333333,0,0,20,4640207.03550726,5.608219178082192,2.5
C-002153076,S-0117,-21.931841699818335,0,3,女性,32,3,12,0.75,17833,2,20,4500859.737076383,9.593150684931507,7.0
C-001292791,S-0014,-10.532690248895578,0,3,女性,48,7,12,0.0833333333333333,36749,1,21,4730192.353344672,7.336986301369863,4.0
C-001927266,S-0004,-100.0,1,3,女性,41,4,12,0.4166666666666667,0,0,22,4423576.351309,11.806849315068494,9.0
C-000718588,S-0012,-100.0,1,3,女性,35,9,12,0.5,32008,2,16,4444678.825084195,7.994520547945205,5.0
C-001864983,S-0097,-56.07870133753333,1,3,男性,70,4,12,0.0833333333333333,41688,1,21,4592508.716501317,10.09041095890411,7.0
C-000901789,S-0050,-8.475268990470889,0,3,女性,53,8,12,0.6666666666666666,0,0,20,4615411.181286601,9.2013698630137,6.0
C-001485304,S-0115,-100.0,1,3,女性,40,6,12,0.25,0,0,14,4553643.099564746,10.51095890410959,7.0
C-000955647,S-0019,-16.020354420847333,0,3,男性,40,8,12,0.0,13174,1,19,4327199.920883598,4.090410958904109,1.0
C-001272559,S-0082,-18.185980912213576,0,3,女性,52,7,12,0.25,0,0,17,4607261.71451126,4.758904109589041,2.0
C-000610432,S-0012,-51.24440633193369,1,3,女性,47,10,12,0.4166666666666667,7735,2,16,4444678.825084195,7.994520547945205,5.0
C-001093813,S-0097,-69.76896776210907,1,3,女性,51,8,12,0.0,0,0,21,4592508.716501317,10.09041095890411,7.0
C-002265557,S-0072,-100.0,1,3,男性,58,2,12,0.1666666666666666,0,0,12,4406797.312641796,9.01917808219178,6.0
C-001584044,S-0117,-95.48335703150428,1,3,女性,65,5,12,0.1666666666666666,0,0,20,4500859.737076383,9.593150684931507,7.0
C-001770485,S-0096,-69.6211800270922,1,3,男性,32,5,12,0.25,12003,1,16,4644856.458098179,8.302739726027397,5.0
C-002668242,S-0131,-15.943915235314057,0,3,男性,46,1,12,0.1666666666666666,0,0,17,4569023.5643747775,5.13972602739726,2.0
C-002297550,S-0050,-27.129421391547726,0,3,女性,30,2,12,0.5,0,0,20,4615411.181286601,9.2013698630137,6.0
C-002043459,S-0040,-100.0,1,3,男性,50,3,12,0.0833333333333333,0,0,20,4550116.0180538,8.163013698630138,4.0
C-000771181,S-0096,-100.0,1,3,女性,68,9,12,0.25,0,0,16,4644856.458098179,8.302739726027397,5.0
C-002087395,S-0012,-23.557307714389605,0,3,女性,75,3,12,0.25,64734,1,16,4444678.825084195,7.994520547945205,5.0
C-001539947,S-0106,-44.63862266153053,0,3,女性,41,6,12,0.3333333333333333,0,0,20,4462729.145118021,6.171232876712329,3.5
C-000187020,S-0079,-78.70035609480428,1,3,男性,48,12,12,0.1666666666666666,201998,2,13,4256656.371085242,8.479452054794521,6.0
C-002628514,S-0019,-11.446268528407675,0,3,男性,83,1,12,0.3333333333333333,0,0,19,4327199.920883598,4.090410958904109,1.0
C-001225541,S-0005,-100.0,1,3,男性,29,7,12,0.0,26443,1,21,4733942.970761149,4.69041095890411,2.0
C-000439130,S-0079,-62.702959124265966,1,3,男性,56,11,12,0.3333333333333333,2907,1,13,4256656.371085242,8.479452054794521,6.0
C-001535609,S-0048,-100.0,1,3,女性,32,6,12,0.1666666666666666,14460,2,15,4502249.082895545,3.671232876712329,1.0
C-001976885,S-0115,-100.0,1,3,女性,67,4,12,0.0833333333333333,16350,1,14,4553643.099564746,10.51095890410959,7.0
C-001143160,S-0007,-39.5518479067135,0,3,男性,48,7,12,0.25,9811,1,21,4487075.727367008,3.7260273972602738,1.0
C-000609882,S-0099,-23.544229942876967,0,3,女性,46,10,12,0.1666666666666666,19140,1,13,4464126.154078853,8.147945205479452,5.0
C-000573375,S-0018,-35.073765334193105,0,3,男性,70,10,12,0.25,5896,1,16,4493108.581950108,7.550684931506849,5.0
C-001138067,S-0041,-50.23206743189893,1,3,女性,47,7,12,0.0833333333333333,0,0,17,4828489.286769263,10.389041095890411,7.0
C-001870650,S-0004,-100.0,1,3,女性,33,4,12,0.25,0,0,22,4423576.351309,11.806849315068494,9.0
C-000262381,S-0099,-100.0,1,3,男性,37,11,12,0.4166666666666667,0,0,13,4464126.154078853,8.147945205479452,5.0
C-000520820,S-0115,-37.85777449789104,0,3,女性,46,10,12,0.3333333333333333,31738,1,14,4553643.099564746,10.51095890410959,7.0
C-002551406,S-0102,-100.0,1,3,女性,35,1,12,0.25,0,0,16,4383474.364435211,10.484931506849314,7.5
C-001351547,S-0007,-42.75231259381592,0,3,女性,43,6,12,0.0833333333333333,30927,2,21,4487075.727367008,3.7260273972602738,1.0
C-000417875,S-0072,-55.37250518420242,1,3,男性,37,11,12,0.1666666666666666,6810,2,12,4406797.312641796,9.01917808219178,6.0
C-000596711,S-0121,-100.0,1,3,男性,47,10,12,0.3333333333333333,0,0,14,4716268.25678644,9.856164383561644,7.0
C-002385482,S-0039,-47.52974752525309,0,3,男性,56,2,12,0.25,0,0,16,4591288.568998441,8.193150684931506,5.0
C-000937940,S-0074,-26.5965603460874,0,3,女性,24,8,12,0.4166666666666667,14702,1,14,4614054.39694187,8.308219178082192,6.0
C-000633330,S-0040,-69.28396493941737,1,3,男性,53,10,12,0.1666666666666666,0,0,20,4550116.0180538,8.163013698630138,4.0
C-001982127,S-0111,-100.0,1,3,女性,47,4,12,0.3333333333333333,5687,1,19,4489501.980758176,6.397260273972603,4.0
C-002568897,S-0097,-39.94190478947724,0,3,男性,68,1,12,0.0833333333333333,21691,1,21,4592508.716501317,10.09041095890411,7.0
C-000587472,S-0102,-91.70730332327987,1,3,女性,53,10,12,0.0,40712,1,16,4383474.364435211,10.484931506849314,7.5
C-002282606,S-0019,-100.0,1,3,女性,52,2,12,0.1666666666666666,27317,1,19,4327199.920883598,4.090410958904109,1.0
C-000747316,S-0106,-100.0,1,3,女性,43,9,12,0.25,18057,1,20,4462729.145118021,6.171232876712329,3.5
C-000826007,S-0102,-51.712630077970935,1,3,女性,26,9,12,0.1666666666666666,12973,2,16,4383474.364435211,10.484931506849314,7.5
C-001868979,S-0096,-27.586682791365913,0,3,女性,41,4,12,0.1666666666666666,0,0,16,4644856.458098179,8.302739726027397,5.0
C-002165140,S-0041,-30.140819460158397,0,3,男性,48,3,12,0.1666666666666666,819,1,17,4828489.286769263,10.389041095890411,7.0
C-000288614,S-0030,-61.46228347760895,1,3,女性,60,11,12,0.1666666666666666,0,0,22,4426478.045479023,9.236986301369862,5.5
C-000864618,S-0075,-32.263867883104844,0,3,男性,23,9,12,0.3333333333333333,23881,2,19,4506647.2743158825,4.526027397260274,1.0
C-000390045,S-0030,-24.550714546238268,0,3,男性,60,11,12,0.3333333333333333,0,0,22,4426478.045479023,9.236986301369862,5.5
C-001835053,S-0002,-100.0,1,3,女性,45,4,12,0.4166666666666667,0,0,15,4455566.655169959,5.663013698630137,2.0
C-002547884,S-0102,-100.0,1,3,女性,31,1,12,0.0833333333333333,16246,2,16,4383474.364435211,10.484931506849314,7.5
C-001773013,S-0005,-26.501854857407835,0,3,男性,49,5,12,0.5833333333333334,49831,1,21,4733942.970761149,4.69041095890411,2.0
C-000106505,S-0131,-39.41408923548837,0,3,女性,38,12,12,0.1666666666666666,0,0,17,4569023.5643747775,5.13972602739726,2.0
C-000736159,S-0121,-31.602344894968248,0,3,女性,33,9,12,1.0,0,0,14,4716268.25678644,9.856164383561644,7.0
C-000827594,S-0012,-87.53621484535736,1,3,女性,52,9,12,0.5833333333333334,9956,2,16,4444678.825084195,7.994520547945205,5.0
C-001278999,S-0048,-70.62860885847935,1,3,女性,56,7,12,0.4166666666666667,24067,1,15,4502249.082895545,3.671232876712329,1.0
C-000390671,S-0102,-23.967222495892486,0,3,男性,68,11,12,0.0833333333333333,74202,1,16,4383474.364435211,10.484931506849314,7.5
C-001286265,S-0020,-13.594650659385005,0,3,男性,45,7,12,0.5,2598,1,16,4280702.057267675,6.986301369863014,3.5
C-002599896,S-0062,-25.114581978936418,0,3,女性,57,1,12,0.0833333333333333,35840,2,15,4713869.782113416,4.575342465753424,1.0
C-002436196,S-0115,-100.0,1,3,女性,59,2,12,0.25,0,0,14,4553643.099564746,10.51095890410959,7.0
C-001984916,S-0012,-48.596923465681165,0,3,女性,34,4,12,0.1666666666666666,25380,1,16,4444678.825084195,7.994520547945205,5.0
C-002608996,S-0121,-80.228532446491,1,3,女性,44,1,12,0.1666666666666666,1393,1,14,4716268.25678644,9.856164383561644,7.0
C-001872181,S-0036,-14.004440611409802,0,3,女性,70,4,12,0.0,0,0,19,4397834.424680548,11.123287671232877,9.0
C-001928519,S-0082,-62.113417129494294,1,3,男性,77,4,12,0.5,0,0,17,4607261.71451126,4.758904109589041,2.0
C-000029701,S-0117,-12.849096431185982,0,3,女性,52,12,12,0.1666666666666666,19986,2,20,4500859.737076383,9.593150684931507,7.0
C-001062334,S-0111,-100.0,1,3,女性,48,8,12,0.25,0,0,19,4489501.980758176,6.397260273972603,4.0
C-001071780,S-0050,-19.01214670387987,0,3,男性,21,8,12,0.3333333333333333,3945,1,20,4615411.181286601,9.2013698630137,6.0
C-000046513,S-0017,-20.84296167353651,0,3,男性,43,12,12,0.4166666666666667,0,0,20,4640207.03550726,5.608219178082192,2.5
C-000059322,S-0111,-65.83956428271483,1,3,女性,55,12,12,0.3333333333333333,0,0,19,4489501.980758176,6.397260273972603,4.0
C-000906706,S-0074,-46.95049209662988,0,3,女性,74,8,12,0.5,0,0,14,4614054.39694187,8.308219178082192,6.0
C-000037572,S-0079,-39.35062917508156,0,3,女性,45,12,12,0.4166666666666667,68863,1,13,4256656.371085242,8.479452054794521,6.0
C-002287769,S-0008,-70.96057369269477,1,3,男性,46,2,12,0.25,0,0,22,4498453.308937302,10.772602739726027,7.0
C-001490191,S-0056,-100.0,1,3,女性,44,6,12,0.1666666666666666,0,0,15,4406070.585753419,7.528767123287671,4.0
C-002084422,S-0048,-11.840851708522463,0,3,男性,49,3,12,0.25,2444,2,15,4502249.082895545,3.671232876712329,1.0
C-001441169,S-0096,-33.66536611481088,0,3,女性,41,6,12,0.3333333333333333,10158,1,16,4644856.458098179,8.302739726027397,5.0
C-000451783,S-0059,-22.881954048202655,0,3,女性,32,11,12,0.25,0,0,14,4713188.969095345,6.8123287671232875,3.0
C-000949501,S-0085,-100.0,1,3,女性,58,8,12,0.0833333333333333,5592,2,15,4606655.398026554,4.928767123287671,2.0
C-002014129,S-0030,-24.56825563065202,0,3,女性,59,4,12,0.6666666666666666,33788,1,22,4426478.045479023,9.236986301369862,5.5
C-000563492,S-0113,-100.0,1,3,女性,73,10,12,0.1666666666666666,25958,1,16,4336633.961311346,5.77945205479452,2.5
C-001291805,S-0017,-32.80475336149855,0,3,女性,56,7,12,0.1666666666666666,0,0,20,4640207.03550726,5.608219178082192,2.5
C-002686176,S-0036,-100.0,1,3,男性,41,1,12,0.1666666666666666,7036,1,19,4397834.424680548,11.123287671232877,9.0
C-000137645,S-0075,-7.780480192442374,0,3,男性,69,12,12,0.75,11648,1,19,4506647.2743158825,4.526027397260274,1.0
C-000554045,S-0040,-86.48307943609957,1,3,男性,48,10,12,0.1666666666666666,0,0,20,4550116.0180538,8.163013698630138,4.0
C-001751220,S-0121,-35.172811098495124,0,3,男性,40,5,12,0.1666666666666666,1317,2,14,4716268.25678644,9.856164383561644,7.0
C-000976685,S-0036,-74.76696495152872,1,3,女性,40,8,12,0.3333333333333333,32852,1,19,4397834.424680548,11.123287671232877,9.0
C-000145935,S-0117,-62.68789876211327,1,3,女性,49,12,12,0.4166666666666667,1591,1,20,4500859.737076383,9.593150684931507,7.0
C-002570324,S-0014,-23.380386950701705,0,3,女性,61,1,12,0.0,271684,1,21,4730192.353344672,7.336986301369863,4.0
C-000620247,S-0041,-38.9408846112731,0,3,男性,38,10,12,0.25,0,0,17,4828489.286769263,10.389041095890411,7.0
C-000404917,S-0007,-100.0,1,3,男性,56,11,12,0.5,0,0,21,4487075.727367008,3.7260273972602738,1.0
C-001622932,S-0121,-88.36281740505785,1,3,男性,49,5,12,0.0833333333333333,6969,1,14,4716268.25678644,9.856164383561644,7.0
C-002226910,S-0106,-14.54612024629377,0,3,女性,38,3,12,0.4166666666666667,0,0,20,4462729.145118021,6.171232876712329,3.5
C-002354975,S-0048,-100.0,1,3,男性,42,2,12,0.1666666666666666,0,0,15,4502249.082895545,3.671232876712329,1.0
C-000242258,S-0030,-42.97996671869558,0,3,女性,28,11,12,0.25,23141,1,22,4426478.045479023,9.236986301369862,5.5
C-001416134,S-0117,-58.90159438479059,1,3,女性,41,6,12,0.5,0,0,20,4500859.737076383,9.593150684931507,7.0
C-001740626,S-0117,-100.0,1,3,男性,45,5,12,0.4166666666666667,10205,1,20,4500859.737076383,9.593150684931507,7.0
C-001715270,S-0050,-48.60267641210297,0,3,女性,55,5,12,0.1666666666666666,2432,1,20,4615411.181286601,9.2013698630137,6.0
C-001469084,S-0111,-93.45234403106353,1,3,女性,35,6,12,0.4166666666666667,55729,1,19,4489501.980758176,6.397260273972603,4.0
C-002017210,S-0085,-100.0,1,3,男性,68,4,12,0.6666666666666666,1054,1,15,4606655.398026554,4.928767123287671,2.0
C-001286874,S-0099,-16.404596042625162,0,3,女性,50,7,12,0.25,17231,1,13,4464126.154078853,8.147945205479452,5.0
C-000618726,S-0106,-32.36407579665699,0,3,女性,59,10,12,0.3333333333333333,5619,2,20,4462729.145118021,6.171232876712329,3.5
C-002248877,S-0113,-69.84884099994852,1,3,男性,58,2,12,0.1666666666666666,0,0,16,4336633.961311346,5.77945205479452,2.5
C-000891904,S-0099,-22.14513327702249,0,3,女性,32,9,12,0.1666666666666666,30730,1,13,4464126.154078853,8.147945205479452,5.0
C-002599157,S-0082,-58.20615556490376,1,3,男性,21,1,12,0.25,36418,1,17,4607261.71451126,4.758904109589041,2.0
C-001132650,S-0039,-36.50725683985163,0,3,女性,58,7,12,0.4166666666666667,0,0,16,4591288.568998441,8.193150684931506,5.0
C-001412341,S-0020,-31.481554425137297,0,3,男性,48,6,12,0.0833333333333333,4711,1,16,4280702.057267675,6.986301369863014,3.5
C-001469988,S-0012,-42.34199796126401,0,3,男性,36,6,12,0.25,29957,2,16,4444678.825084195,7.994520547945205,5.0
C-000782924,S-0106,-23.523493365321134,0,3,男性,27,9,12,0.0,23641,1,20,4462729.145118021,6.171232876712329,3.5
C-002120983,S-0007,-48.903592272400985,1,3,男性,42,3,12,0.0833333333333333,0,0,21,4487075.727367008,3.7260273972602738,1.0
C-001180410,S-0100,-26.03732635293533,0,3,女性,43,7,12,0.0833333333333333,8688,1,17,4535925.154217558,4.720547945205479,2.0
C-000343742,S-0111,-35.1763358778626,0,3,女性,15,11,12,0.1666666666666666,0,0,19,4489501.980758176,6.397260273972603,4.0
C-000710318,S-0012,-13.041928970186484,0,3,女性,72,9,12,0.25,3552,1,16,4444678.825084195,7.994520547945205,5.0
C-000894845,S-0050,-100.0,1,3,女性,54,9,12,0.6666666666666666,0,0,20,4615411.181286601,9.2013698630137,6.0
C-000973266,S-0096,-76.72798700562838,1,3,男性,34,8,12,0.1666666666666666,17274,1,16,4644856.458098179,8.302739726027397,5.0
C-000056282,S-0040,-34.36607116557189,0,3,男性,60,12,12,0.1666666666666666,0,0,20,4550116.0180538,8.163013698630138,4.0
C-002511223,S-0059,-76.89489584272702,1,3,女性,28,1,12,0.5833333333333334,6279,1,14,4713188.969095345,6.8123287671232875,3.0
C-002318871,S-0096,-52.277538593277995,1,3,女性,52,2,12,0.0833333333333333,8986,1,16,4644856.458098179,8.302739726027397,5.0
C-001701948,S-0005,-32.91390491204184,0,3,女性,66,5,12,0.8333333333333334,0,0,21,4733942.970761149,4.69041095890411,2.0
C-001992463,S-0102,-80.29345653431348,1,3,女性,45,4,12,0.1666666666666666,104423,1,16,4383474.364435211,10.484931506849314,7.5
C-000212242,S-0074,-100.0,1,3,男性,46,12,12,0.3333333333333333,0,0,14,4614054.39694187,8.308219178082192,6.0
C-000422597,S-0121,-43.83586729510663,0,3,男性,68,11,12,0.25,1197,1,14,4716268.25678644,9.856164383561644,7.0
C-000823020,S-0113,-12.191424565628296,0,3,男性,53,9,12,0.3333333333333333,0,0,16,4336633.961311346,5.77945205479452,2.5
C-000308349,S-0131,-73.71911928300065,1,3,女性,53,11,12,0.1666666666666666,40318,1,17,4569023.5643747775,5.13972602739726,2.0
C-002198981,S-0080,-100.0,1,3,女性,57,3,12,0.0833333333333333,32854,2,17,4457429.264950683,11.673972602739726,9.0
C-000947207,S-0096,-26.753949875233335,0,3,女性,57,8,12,0.3333333333333333,20335,1,16,4644856.458098179,8.302739726027397,5.0
C-002506160,S-0079,-89.62077864824901,1,3,女性,35,1,12,0.0833333333333333,121778,1,13,4256656.371085242,8.479452054794521,6.0
C-001828603,S-0080,-100.0,1,3,女性,58,4,12,0.1666666666666666,0,0,17,4457429.264950683,11.673972602739726,9.0
C-000187734,S-0113,-13.968635185214639,0,3,男性,55,12,12,0.3333333333333333,0,0,16,4336633.961311346,5.77945205479452,2.5
C-002635225,S-0117,-100.0,1,3,女性,56,1,12,0.6666666666666666,0,0,20,4500859.737076383,9.593150684931507,7.0
C-002568147,S-0082,-55.42381282839298,1,3,女性,48,1,12,0.0833333333333333,0,0,17,4607261.71451126,4.758904109589041,2.0
C-000611979,S-0048,-11.238907481483928,0,3,男性,53,10,12,0.0833333333333333,19034,2,15,4502249.082895545,3.671232876712329,1.0
C-001466901,S-0002,-57.46438281674823,1,3,女性,36,6,12,0.1666666666666666,7942,1,15,4455566.655169959,5.663013698630137,2.0
C-001394987,S-0117,-20.97814139536992,0,3,女性,75,6,12,0.0833333333333333,0,0,20,4500859.737076383,9.593150684931507,7.0
C-001378650,S-0056,-100.0,1,3,女性,58,6,12,0.0833333333333333,53467,1,15,4406070.585753419,7.528767123287671,4.0
C-002115304,S-0097,-68.15962839503737,1,3,女性,41,3,12,0.1666666666666666,41800,2,21,4592508.716501317,10.09041095890411,7.0
C-000910771,S-0115,-38.39043223883098,0,3,女性,50,8,12,0.3333333333333333,17646,2,14,4553643.099564746,10.51095890410959,7.0
C-000574308,S-0074,-100.0,1,3,男性,46,10,12,0.3333333333333333,5024,2,14,4614054.39694187,8.308219178082192,6.0
C-000798687,S-0018,-100.0,1,3,男性,36,9,12,0.4166666666666667,111061,1,16,4493108.581950108,7.550684931506849,5.0
C-002611308,S-0036,-42.47600085330299,0,3,男性,43,1,12,0.3333333333333333,43575,2,19,4397834.424680548,11.123287671232877,9.0
C-000263624,S-0085,-100.0,1,3,男性,44,11,12,0.25,0,0,15,4606655.398026554,4.928767123287671,2.0
C-000873445,S-0018,-49.24319612590799,1,3,男性,69,9,12,0.3333333333333333,9355,2,16,4493108.581950108,7.550684931506849,5.0
C-000844222,S-0097,-33.79417671331065,0,3,女性,30,9,12,0.5,0,0,21,4592508.716501317,10.09041095890411,7.0
C-002660437,S-0106,-18.90676155278193,0,3,男性,68,1,12,0.1666666666666666,27547,1,20,4462729.145118021,6.171232876712329,3.5
C-001643724,S-0007,-42.93032955123889,0,3,男性,52,5,12,0.5,0,0,21,4487075.727367008,3.7260273972602738,1.0
C-001762839,S-0062,-31.466997235422017,0,3,女性,49,5,12,0.3333333333333333,9021,1,15,4713869.782113416,4.575342465753424,1.0
C-001375961,S-0121,-77.64167619839867,1,3,女性,28,6,12,0.25,3044,1,14,4716268.25678644,9.856164383561644,7.0
C-001834742,S-0040,-100.0,1,3,女性,68,4,12,0.0833333333333333,12845,1,20,4550116.0180538,8.163013698630138,4.0
C-001369774,S-0050,-14.125926396028573,0,3,女性,57,6,12,0.4166666666666667,0,0,20,4615411.181286601,9.2013698630137,6.0
C-002223071,S-0020,-39.11779899121831,0,3,女性,42,3,12,0.1666666666666666,0,0,16,4280702.057267675,6.986301369863014,3.5
C-001201053,S-0089,-30.597816428554868,0,3,男性,61,7,12,0.1666666666666666,0,0,19,4721110.949352573,10.142465753424657,7.0
C-002520524,S-0113,-22.67994183775172,0,3,女性,48,1,12,0.25,5861,2,16,4336633.961311346,5.77945205479452,2.5
C-002653900,S-0063,-34.568738868628614,0,3,男性,60,1,12,0.25,13837,2,18,4564012.176421695,5.749315068493151,3.0
C-001332675,S-0074,-100.0,1,3,男性,61,7,12,0.1666666666666666,56838,1,14,4614054.39694187,8.308219178082192,6.0
C-000729403,S-0115,-54.732856739723445,1,3,女性,44,9,12,0.3333333333333333,0,0,14,4553643.099564746,10.51095890410959,7.0
C-000058952,S-0111,-54.0410965471613,1,3,女性,70,12,12,0.3333333333333333,0,0,19,4489501.980758176,6.397260273972603,4.0
C-001870920,S-0074,-37.969048686663676,0,3,女性,65,4,12,0.0833333333333333,26876,1,14,4614054.39694187,8.308219178082192,6.0
C-001536198,S-0113,-23.219310156945042,0,3,男性,53,6,12,0.4166666666666667,0,0,16,4336633.961311346,5.77945205479452,2.5
C-001280678,S-0089,-41.06501919685847,0,3,女性,53,7,12,0.5,0,0,19,4721110.949352573,10.142465753424657,7.0
C-001874038,S-0089,-77.01132188648123,1,3,男性,64,4,12,0.8333333333333334,0,0,19,4721110.949352573,10.142465753424657,7.0
C-001924776,S-0020,-26.889224843125483,0,3,男性,35,4,12,0.5833333333333334,24058,1,16,4280702.057267675,6.986301369863014,3.5
C-001532118,S-0131,-65.77054213748906,1,3,女性,53,6,12,0.3333333333333333,0,0,17,4569023.5643747775,5.13972602739726,2.0
C-001547804,S-0089,-54.015242679502606,1,3,男性,69,6,12,0.0833333333333333,12813,2,19,4721110.949352573,10.142465753424657,7.0
C-000350594,S-0004,-100.0,1,3,男性,38,11,12,0.1666666666666666,12268,1,22,4423576.351309,11.806849315068494,9.0
C-002381389,S-0048,-27.813933815450554,0,3,女性,60,2,12,0.25,13431,2,15,4502249.082895545,3.671232876712329,1.0
C-000614649,S-0075,-100.0,1,3,男性,39,10,12,0.3333333333333333,11229,1,19,4506647.2743158825,4.526027397260274,1.0
C-002439652,S-0121,-100.0,1,3,男性,63,2,12,0.1666666666666666,0,0,14,4716268.25678644,9.856164383561644,7.0
C-002623660,S-0113,-90.91410318120158,1,3,男性,43,1,12,0.0,0,0,16,4336633.961311346,5.77945205479452,2.5
C-002430307,S-0115,-56.31768091432312,1,3,女性,46,2,12,0.0833333333333333,0,0,14,4553643.099564746,10.51095890410959,7.0
C-001893219,S-0075,-100.0,1,3,女性,56,4,12,0.5,33475,1,19,4506647.2743158825,4.526027397260274,1.0
C-001166223,S-0121,-39.0576641289181,0,3,男性,61,7,12,0.1666666666666666,54759,1,14,4716268.25678644,9.856164383561644,7.0
C-000393707,S-0059,-28.567899310735385,0,3,男性,44,11,12,0.3333333333333333,6733,1,14,4713188.969095345,6.8123287671232875,3.0
C-002010085,S-0113,-33.03040583075696,0,3,女性,53,4,12,0.3333333333333333,3283,2,16,4336633.961311346,5.77945205479452,2.5
C-000156435,S-0014,-27.754848503716616,0,3,女性,43,12,12,0.3333333333333333,5914,1,21,4730192.353344672,7.336986301369863,4.0
C-001400693,S-0126,-36.65291472201426,0,3,男性,38,6,12,0.5,0,0,17,4493168.352495564,5.53972602739726,3.0
C-000907783,S-0075,-97.217132544395,1,3,女性,32,8,12,0.5833333333333334,0,0,19,4506647.2743158825,4.526027397260274,1.0
C-000898147,S-0020,-83.21061437019674,1,3,女性,50,9,12,0.5,61715,1,16,4280702.057267675,6.986301369863014,3.5
C-001044399,S-0097,-100.0,1,3,女性,34,8,12,0.4166666666666667,0,0,21,4592508.716501317,10.09041095890411,7.0
C-001086146,S-0115,-69.21549997276671,1,3,女性,75,8,12,0.0833333333333333,1960,1,14,4553643.099564746,10.51095890410959,7.0
C-002251469,S-0072,-31.911387905626565,0,3,女性,58,2,12,0.0833333333333333,17407,1,12,4406797.312641796,9.01917808219178,6.0
C-002138567,S-0039,-77.80463995363097,1,3,女性,51,3,12,0.1666666666666666,7029,1,16,4591288.568998441,8.193150684931506,5.0
C-001400044,S-0018,-54.499989174911775,1,3,女性,53,6,12,0.0833333333333333,5062,1,16,4493108.581950108,7.550684931506849,5.0
C-001811949,S-0131,-29.529039021819088,0,3,女性,69,4,12,0.4166666666666667,0,0,17,4569023.5643747775,5.13972602739726,2.0
C-001410674,S-0040,-63.974946955500954,1,3,男性,46,6,12,0.3333333333333333,0,0,20,4550116.0180538,8.163013698630138,4.0
C-002128347,S-0036,-35.394680034539,0,3,男性,45,3,12,0.0,15385,1,19,4397834.424680548,11.123287671232877,9.0
C-002090253,S-0106,-33.01308560082652,0,3,女性,30,3,12,0.25,0,0,20,4462729.145118021,6.171232876712329,3.5
C-000179341,S-0115,-4.326368935908722,0,3,女性,44,12,12,0.1666666666666666,7568,1,14,4553643.099564746,10.51095890410959,7.0
C-002074816,S-0082,-34.77478586268838,0,3,女性,48,3,12,0.0833333333333333,7243,1,17,4607261.71451126,4.758904109589041,2.0
C-000162094,S-0036,-100.0,1,3,女性,58,12,12,0.0833333333333333,0,0,19,4397834.424680548,11.123287671232877,9.0
C-000167352,S-0115,-100.0,1,3,女性,50,12,12,0.0,21709,1,14,4553643.099564746,10.51095890410959,7.0
C-001606455,S-0097,-56.8623319491839,1,3,女性,34,5,12,0.3333333333333333,8643,1,21,4592508.716501317,10.09041095890411,7.0
C-001411850,S-0102,-52.650740571446896,1,3,女性,61,6,12,0.25,0,0,16,4383474.364435211,10.484931506849314,7.5
C-000764605,S-0036,-34.82208316553597,0,3,女性,24,9,12,0.25,1580,1,19,4397834.424680548,11.123287671232877,9.0
C-001465211,S-0012,-37.32319898940436,0,3,女性,47,6,12,0.4166666666666667,20106,1,16,4444678.825084195,7.994520547945205,5.0
C-000455653,S-0072,-100.0,1,3,男性,20,10,12,0.25,0,0,12,4406797.312641796,9.01917808219178,6.0
C-000096494,S-0113,-100.0,1,3,男性,65,12,12,0.4166666666666667,0,0,16,4336633.961311346,5.77945205479452,2.5
C-001320725,S-0117,-100.0,1,3,男性,53,7,12,0.1666666666666666,0,0,20,4500859.737076383,9.593150684931507,7.0
C-002440276,S-0007,-49.94429476029694,1,3,男性,38,2,12,0.4166666666666667,0,0,21,4487075.727367008,3.7260273972602738,1.0
C-001615842,S-0100,-52.98668871525021,1,3,女性,41,5,12,0.5833333333333334,1761,2,17,4535925.154217558,4.720547945205479,2.0
C-000149597,S-0080,-93.18546282379428,1,3,男性,41,12,12,0.0833333333333333,11458,1,17,4457429.264950683,11.673972602739726,9.0
C-000667644,S-0117,-82.4130917046132,1,3,女性,53,10,12,0.25,43556,1,20,4500859.737076383,9.593150684931507,7.0
C-000749913,S-0012,-40.165323696707524,0,3,女性,51,9,12,0.3333333333333333,562,2,16,4444678.825084195,7.994520547945205,5.0
C-002046810,S-0004,-100.0,1,3,女性,74,3,12,0.5833333333333334,0,0,22,4423576.351309,11.806849315068494,9.0
C-002190971,S-0102,-45.15570764374052,0,3,女性,65,3,12,0.1666666666666666,15389,1,16,4383474.364435211,10.484931506849314,7.5
C-001847590,S-0097,-100.0,1,3,女性,47,4,12,0.0833333333333333,56752,1,21,4592508.716501317,10.09041095890411,7.0
C-001399629,S-0075,-48.332065151465024,0,3,男性,42,6,12,0.5,0,0,19,4506647.2743158825,4.526027397260274,1.0
C-001387836,S-0059,-100.0,1,3,女性,43,6,12,0.3333333333333333,46123,2,14,4713188.969095345,6.8123287671232875,3.0
C-001516850,S-0020,-12.508664621388135,0,3,女性,38,6,12,0.1666666666666666,0,0,16,4280702.057267675,6.986301369863014,3.5
C-002174329,S-0111,-26.61920300603184,0,3,男性,53,3,12,0.6666666666666666,0,0,19,4489501.980758176,6.397260273972603,4.0
C-000837758,S-0097,-19.819701881784603,0,3,女性,36,9,12,0.9166666666666666,0,0,21,4592508.716501317,10.09041095890411,7.0
C-000826837,S-0008,-84.78114527387939,1,3,女性,51,9,12,0.1666666666666666,34589,2,22,4498453.308937302,10.772602739726027,7.0
C-000553544,S-0097,-96.04921672242894,1,3,女性,46,10,12,0.25,15862,1,21,4592508.716501317,10.09041095890411,7.0
C-000347573,S-0018,-42.06857059753858,0,3,女性,49,11,12,0.3333333333333333,0,0,16,4493108.581950108,7.550684931506849,5.0
C-002398679,S-0050,-100.0,1,3,男性,26,2,12,0.5,0,0,20,4615411.181286601,9.2013698630137,6.0
C-002212025,S-0099,-34.81935092013894,0,3,女性,50,3,12,0.4166666666666667,32103,2,13,4464126.154078853,8.147945205479452,5.0
C-000486654,S-0040,-19.431730362676504,0,3,女性,39,10,12,0.3333333333333333,10121,1,20,4550116.0180538,8.163013698630138,4.0
C-001017473,S-0040,-61.60638425083863,1,3,男性,38,8,12,0.4166666666666667,9071,1,20,4550116.0180538,8.163013698630138,4.0
C-000670048,S-0099,-20.580017765062813,0,3,男性,49,10,12,0.25,0,0,13,4464126.154078853,8.147945205479452,5.0
C-000221352,S-0012,-21.893360627463398,0,3,女性,61,12,12,0.6666666666666666,9539,1,16,4444678.825084195,7.994520547945205,5.0
C-002221342,S-0080,-57.415517896363966,1,3,男性,46,3,12,0.1666666666666666,0,0,17,4457429.264950683,11.673972602739726,9.0
C-001867254,S-0115,-100.0,1,3,男性,38,4,12,0.0,6007,1,14,4553643.099564746,10.51095890410959,7.0
C-001787291,S-0096,-100.0,1,3,女性,45,5,12,0.3333333333333333,4508,2,16,4644856.458098179,8.302739726027397,5.0
C-002287699,S-0072,-60.52935315530389,1,3,女性,59,2,12,0.1666666666666666,5936,1,12,4406797.312641796,9.01917808219178,6.0
C-000106395,S-0102,-63.02203413026771,1,3,男性,56,12,12,0.5,23739,1,16,4383474.364435211,10.484931506849314,7.5
C-002511659,S-0007,-37.976205485222984,0,3,女性,60,1,12,0.5,12348,1,21,4487075.727367008,3.7260273972602738,1.0
C-002078181,S-0121,-100.0,1,3,女性,15,3,12,0.1666666666666666,0,0,14,4716268.25678644,9.856164383561644,7.0
C-001492968,S-0039,-100.0,1,3,女性,56,6,12,0.4166666666666667,0,0,16,4591288.568998441,8.193150684931506,5.0
C-002171016,S-0050,-35.44536809376992,0,3,女性,41,3,12,0.25,6098,1,20,4615411.181286601,9.2013698630137,6.0
C-000544966,S-0012,-82.92825042615839,1,3,女性,39,10,12,0.1666666666666666,0,0,16,4444678.825084195,7.994520547945205,5.0
C-001905585,S-0121,-95.15101365328921,1,3,男性,49,4,12,0.1666666666666666,18113,2,14,4716268.25678644,9.856164383561644,7.0
C-000751380,S-0082,-35.418196114300386,0,3,男性,45,9,12,0.3333333333333333,62953,2,17,4607261.71451126,4.758904109589041,2.0
C-000335906,S-0121,-41.607146749594925,0,3,男性,68,11,12,0.1666666666666666,4980,1,14,4716268.25678644,9.856164383561644,7.0
C-001725749,S-0082,-28.561721227395093,0,3,女性,44,5,12,0.3333333333333333,0,0,17,4607261.71451126,4.758904109589041,2.0
C-001576023,S-0072,-7.9474953801012855,0,3,女性,48,6,12,0.1666666666666666,26703,1,12,4406797.312641796,9.01917808219178,6.0
C-001000578,S-0017,-100.0,1,3,女性,46,8,12,0.5833333333333334,0,0,20,4640207.03550726,5.608219178082192,2.5
C-002435434,S-0056,-22.28578608037998,0,3,女性,33,2,12,0.0833333333333333,2262,1,15,4406070.585753419,7.528767123287671,4.0
C-001236413,S-0131,-58.18709209572154,1,3,女性,72,7,12,0.0833333333333333,0,0,17,4569023.5643747775,5.13972602739726,2.0
C-000838586,S-0056,-62.99070163908825,1,3,男性,54,9,12,0.5,0,0,15,4406070.585753419,7.528767123287671,4.0
C-001589332,S-0062,-48.580363049062306,0,3,女性,53,5,12,0.75,0,0,15,4713869.782113416,4.575342465753424,1.0
C-002181951,S-0099,-38.68750498775908,0,3,女性,41,3,12,0.0833333333333333,1443,1,13,4464126.154078853,8.147945205479452,5.0
C-001361382,S-0113,-75.54981436375246,1,3,男性,57,6,12,0.4166666666666667,104292,1,16,4336633.961311346,5.77945205479452,2.5
C-001235656,S-0079,-13.199210944523266,0,3,女性,53,7,12,0.0833333333333333,85780,1,13,4256656.371085242,8.479452054794521,6.0
C-001093727,S-0113,-82.01596180319585,1,3,女性,64,8,12,0.25,3979,1,16,4336633.961311346,5.77945205479452,2.5
C-002237043,S-0039,-45.29472163728442,0,3,男性,57,3,12,0.5,19966,1,16,4591288.568998441,8.193150684931506,5.0
C-002434160,S-0072,-63.28282774881843,1,3,女性,41,2,12,0.25,0,0,12,4406797.312641796,9.01917808219178,6.0
C-001434849,S-0115,-28.33804173514123,0,3,女性,48,6,12,0.0833333333333333,38375,1,14,4553643.099564746,10.51095890410959,7.0
C-000218998,S-0018,-39.18008812049966,0,3,女性,72,12,12,0.0833333333333333,12747,1,16,4493108.581950108,7.550684931506849,5.0
C-000398393,S-0039,-29.842686008881515,0,3,女性,75,11,12,0.1666666666666666,24504,1,16,4591288.568998441,8.193150684931506,5.0
C-000472546,S-0004,-22.45514233823851,0,3,女性,41,10,12,0.25,11085,1,22,4423576.351309,11.806849315068494,9.0
C-001596862,S-0121,-48.496599017541456,0,3,女性,40,5,12,0.0833333333333333,31432,1,14,4716268.25678644,9.856164383561644,7.0
C-002076215,S-0019,-100.0,1,3,男性,27,3,12,0.25,0,0,19,4327199.920883598,4.090410958904109,1.0
C-001463213,S-0012,-10.605887589793038,0,3,女性,47,6,12,0.25,0,0,16,4444678.825084195,7.994520547945205,5.0
C-000938631,S-0056,-33.431350698463596,0,3,女性,48,8,12,0.1666666666666666,3997,1,15,4406070.585753419,7.528767123287671,4.0
C-001113001,S-0079,-100.0,1,3,男性,43,8,12,0.1666666666666666,0,0,13,4256656.371085242,8.479452054794521,6.0
C-001254914,S-0121,-64.82382472341877,1,3,女性,43,7,12,0.1666666666666666,18805,1,14,4716268.25678644,9.856164383561644,7.0
C-000069264,S-0117,-13.385181030501734,0,3,女性,80,12,12,0.1666666666666666,6217,1,20,4500859.737076383,9.593150684931507,7.0
C-002366043,S-0048,-39.014202828003675,0,3,男性,25,2,12,0.0833333333333333,9149,1,15,4502249.082895545,3.671232876712329,1.0
C-001714610,S-0121,-100.0,1,3,女性,68,5,12,0.3333333333333333,15853,1,14,4716268.25678644,9.856164383561644,7.0
C-002254393,S-0019,-20.38533356796496,0,3,女性,41,2,12,0.3333333333333333,0,0,19,4327199.920883598,4.090410958904109,1.0
C-002511328,S-0048,-30.75861307420495,0,3,女性,52,1,12,0.25,606,2,15,4502249.082895545,3.671232876712329,1.0
C-002064812,S-0036,-44.335340300827234,0,3,男性,41,3,12,0.3333333333333333,7409,1,19,4397834.424680548,11.123287671232877,9.0
C-001964228,S-0100,-21.054291232634224,0,3,男性,30,4,12,0.3333333333333333,0,0,17,4535925.154217558,4.720547945205479,2.0
C-002273280,S-0036,-97.74880726781004,1,3,男性,64,2,12,0.0833333333333333,48177,1,19,4397834.424680548,11.123287671232877,9.0
C-000496913,S-0002,-100.0,1,3,男性,54,10,12,0.25,0,0,15,4455566.655169959,5.663013698630137,2.0
C-002403269,S-0039,-34.43625270953162,0,3,女性,51,2,12,0.1666666666666666,0,0,16,4591288.568998441,8.193150684931506,5.0
C-002234914,S-0017,-100.0,1,3,女性,45,3,12,0.1666666666666666,0,0,20,4640207.03550726,5.608219178082192,2.5
C-001957860,S-0099,-27.550999380410246,0,3,女性,49,4,12,0.3333333333333333,19091,2,13,4464126.154078853,8.147945205479452,5.0
C-001328406,S-0007,-56.49452019031484,1,3,女性,56,7,12,0.3333333333333333,1939,1,21,4487075.727367008,3.7260273972602738,1.0
C-000958046,S-0036,-100.0,1,3,男性,65,8,12,0.3333333333333333,0,0,19,4397834.424680548,11.123287671232877,9.0
C-001059280,S-0089,-44.65521113292428,0,3,男性,59,8,12,0.3333333333333333,9944,1,19,4721110.949352573,10.142465753424657,7.0
C-000924647,S-0117,-100.0,1,3,男性,64,8,12,0.25,0,0,20,4500859.737076383,9.593150684931507,7.0
C-000649468,S-0099,-19.197340458703714,0,3,男性,19,10,12,0.0833333333333333,5216,2,13,4464126.154078853,8.147945205479452,5.0
C-001728607,S-0005,-6.202366191809803,0,3,女性,33,5,12,0.1666666666666666,0,0,21,4733942.970761149,4.69041095890411,2.0
C-001479876,S-0075,-25.829191063310397,0,3,男性,44,6,12,0.25,12420,1,19,4506647.2743158825,4.526027397260274,1.0
C-002324100,S-0089,-58.52769732209615,1,3,男性,56,2,12,0.3333333333333333,0,0,19,4721110.949352573,10.142465753424657,7.0
C-001224921,S-0056,-100.0,1,3,女性,59,7,12,0.1666666666666666,19989,1,15,4406070.585753419,7.528767123287671,4.0
C-000646337,S-0036,-93.11244819891617,1,3,男性,70,10,12,0.3333333333333333,0,0,19,4397834.424680548,11.123287671232877,9.0
C-002465784,S-0005,-100.0,1,3,女性,52,2,12,0.25,0,0,21,4733942.970761149,4.69041095890411,2.0
C-002681250,S-0012,-35.16913194580933,0,3,女性,65,1,12,0.3333333333333333,96703,2,16,4444678.825084195,7.994520547945205,5.0
C-000435250,S-0102,-100.0,1,3,女性,55,11,12,0.1666666666666666,0,0,16,4383474.364435211,10.484931506849314,7.5
C-002377043,S-0012,-47.184881716454804,0,3,男性,42,2,12,0.3333333333333333,0,0,16,4444678.825084195,7.994520547945205,5.0
C-000367112,S-0096,-40.018704272097935,0,3,女性,47,11,12,0.1666666666666666,43950,1,16,4644856.458098179,8.302739726027397,5.0
C-002011728,S-0113,-43.32124712995958,0,3,男性,33,4,12,0.6666666666666666,9856,1,16,4336633.961311346,5.77945205479452,2.5
C-000252314,S-0113,-22.91352610661916,0,3,男性,50,11,12,0.0,25680,2,16,4336633.961311346,5.77945205479452,2.5
C-000276012,S-0074,-66.8888078820769,1,3,女性,38,11,12,0.1666666666666666,5679,1,14,4614054.39694187,8.308219178082192,6.0
C-002582204,S-0080,-30.069784121907627,0,3,男性,42,1,12,0.3333333333333333,19192,1,17,4457429.264950683,11.673972602739726,9.0
C-002187880,S-0018,-85.1724419078679,1,3,男性,53,3,12,0.0,0,0,16,4493108.581950108,7.550684931506849,5.0
C-000163372,S-0089,-80.81933093866269,1,3,男性,21,12,12,0.5833333333333334,0,0,19,4721110.949352573,10.142465753424657,7.0
C-001354553,S-0041,-27.071767323728395,0,3,男性,50,6,12,0.4166666666666667,45642,1,17,4828489.286769263,10.389041095890411,7.0
C-000691471,S-0075,-32.81212941989283,0,3,男性,62,9,12,0.25,0,0,19,4506647.2743158825,4.526027397260274,1.0
C-002257358,S-0004,-78.48442938940224,1,3,女性,50,2,12,0.5,18855,1,22,4423576.351309,11.806849315068494,9.0
C-001386585,S-0041,-36.027173501012,0,3,女性,30,6,12,0.3333333333333333,4060,2,17,4828489.286769263,10.389041095890411,7.0
C-000241065,S-0097,-73.75683099196017,1,3,女性,34,11,12,0.25,9180,1,21,4592508.716501317,10.09041095890411,7.0
C-000813754,S-0111,-60.664438912437305,1,3,女性,52,9,12,0.6666666666666666,4089,2,19,4489501.980758176,6.397260273972603,4.0
C-001277029,S-0111,-35.795185048916395,0,3,女性,39,7,12,0.25,0,0,19,4489501.980758176,6.397260273972603,4.0
C-000891960,S-0036,-34.152912175116974,0,3,女性,51,9,12,0.75,6088,1,19,4397834.424680548,11.123287671232877,9.0
C-001101511,S-0018,-94.32969370261375,1,3,女性,62,8,12,0.1666666666666666,12019,2,16,4493108.581950108,7.550684931506849,5.0
C-001760598,S-0030,-19.120975396072133,0,3,男性,58,5,12,0.0833333333333333,14822,1,22,4426478.045479023,9.236986301369862,5.5
C-001355209,S-0072,-72.76738022844934,1,3,女性,37,6,12,0.3333333333333333,14814,2,12,4406797.312641796,9.01917808219178,6.0
C-001299780,S-0018,-66.48030288637689,1,3,男性,32,7,12,0.0833333333333333,0,0,16,4493108.581950108,7.550684931506849,5.0
C-000326240,S-0074,-23.507510669553234,0,3,男性,50,11,12,0.25,18801,2,14,4614054.39694187,8.308219178082192,6.0
C-000776148,S-0115,-87.2501251577693,1,3,女性,32,9,12,0.25,19046,1,14,4553643.099564746,10.51095890410959,7.0
C-001484834,S-0099,-33.238536440186266,0,3,女性,45,6,12,0.1666666666666666,16416,1,13,4464126.154078853,8.147945205479452,5.0
C-000173223,S-0100,-23.3349053474181,0,3,男性,19,12,12,0.25,6785,1,17,4535925.154217558,4.720547945205479,2.0
C-001431923,S-0036,-25.860340638681915,0,3,女性,77,6,12,0.0833333333333333,0,0,19,4397834.424680548,11.123287671232877,9.0
C-000082088,S-0080,-100.0,1,3,男性,59,12,12,0.0833333333333333,80552,1,17,4457429.264950683,11.673972602739726,9.0
C-000724711,S-0096,-100.0,1,3,女性,55,9,12,0.0833333333333333,0,0,16,4644856.458098179,8.302739726027397,5.0
C-000718585,S-0074,-68.39750928433808,1,3,男性,49,9,12,0.0833333333333333,133820,1,14,4614054.39694187,8.308219178082192,6.0
C-001599747,S-0056,-42.36927691666475,0,3,女性,51,5,12,0.25,68351,1,15,4406070.585753419,7.528767123287671,4.0
C-000495961,S-0117,-44.18992592099032,0,3,男性,67,10,12,0.1666666666666666,19952,1,20,4500859.737076383,9.593150684931507,7.0
C-002102384,S-0080,-41.88893556554895,0,3,男性,45,3,12,0.25,0,0,17,4457429.264950683,11.673972602739726,9.0
C-002272224,S-0059,-43.49605821710127,0,3,男性,57,2,12,0.1666666666666666,0,0,14,4713188.969095345,6.8123287671232875,3.0
C-002155733,S-0075,-24.701115023951463,0,3,女性,43,3,12,0.25,15505,1,19,4506647.2743158825,4.526027397260274,1.0
C-000321834,S-0089,-100.0,1,3,男性,66,11,12,0.25,1614,2,19,4721110.949352573,10.142465753424657,7.0
C-000034491,S-0041,-35.500726198373435,0,3,女性,64,12,12,0.1666666666666666,0,0,17,4828489.286769263,10.389041095890411,7.0
C-001009379,S-0017,-5.987455579422917,0,3,男性,33,8,12,0.4166666666666667,5750,1,20,4640207.03550726,5.608219178082192,2.5
C-001307181,S-0106,-56.56899430084624,1,3,男性,55,7,12,0.75,42115,2,20,4462729.145118021,6.171232876712329,3.5
C-000540913,S-0113,-24.750847961153013,0,3,男性,47,10,12,0.0,30994,1,16,4336633.961311346,5.77945205479452,2.5
C-001611197,S-0113,-34.104625616056055,0,3,女性,66,5,12,0.0833333333333333,0,0,16,4336633.961311346,5.77945205479452,2.5
C-001424530,S-0012,-100.0,1,3,男性,53,6,12,0.5833333333333334,4780,2,16,4444678.825084195,7.994520547945205,5.0
C-001423112,S-0102,-85.0530450467556,1,3,男性,41,6,12,0.25,107795,1,16,4383474.364435211,10.484931506849314,7.5
C-001577238,S-0072,-59.08596356436052,1,3,女性,52,5,12,0.0833333333333333,16378,1,12,4406797.312641796,9.01917808219178,6.0
C-000374093,S-0082,-100.0,1,3,女性,57,11,12,0.1666666666666666,0,0,17,4607261.71451126,4.758904109589041,2.0
C-001517053,S-0117,-50.4141667190649,1,3,女性,60,6,12,0.25,67936,1,20,4500859.737076383,9.593150684931507,7.0
C-002164917,S-0050,-65.7684175924335,1,3,女性,48,3,12,0.0833333333333333,6002,1,20,4615411.181286601,9.2013698630137,6.0
C-001807761,S-0030,-43.66604638070963,0,3,女性,52,4,12,0.4166666666666667,0,0,22,4426478.045479023,9.236986301369862,5.5
C-002561885,S-0080,-100.0,1,3,女性,45,1,12,0.1666666666666666,0,0,17,4457429.264950683,11.673972602739726,9.0
C-000328940,S-0050,-100.0,1,3,女性,54,11,12,0.0,8782,2,20,4615411.181286601,9.2013698630137,6.0
C-001462214,S-0056,-10.374740460805064,0,3,女性,51,6,12,0.75,0,0,15,4406070.585753419,7.528767123287671,4.0
C-000610491,S-0099,-19.468849263644238,0,3,女性,35,10,12,0.25,20685,2,13,4464126.154078853,8.147945205479452,5.0
C-000743225,S-0097,-57.8523153942428,1,3,女性,40,9,12,0.1666666666666666,0,0,21,4592508.716501317,10.09041095890411,7.0
C-001194608,S-0121,-66.0312108660052,1,3,男性,34,7,12,0.0833333333333333,19669,1,14,4716268.25678644,9.856164383561644,7.0
C-000921487,S-0097,-100.0,1,3,女性,42,8,12,0.0833333333333333,33718,1,21,4592508.716501317,10.09041095890411,7.0
C-001367023,S-0115,-100.0,1,3,男性,20,6,12,0.0,23047,2,14,4553643.099564746,10.51095890410959,7.0
C-001394595,S-0111,-49.084141333001455,1,3,女性,54,6,12,0.25,7505,2,19,4489501.980758176,6.397260273972603,4.0
C-002045843,S-0097,-100.0,1,3,女性,42,3,12,0.25,0,0,21,4592508.716501317,10.09041095890411,7.0
C-002404520,S-0014,-100.0,1,3,女性,54,2,12,0.0,5180,1,21,4730192.353344672,7.336986301369863,4.0
C-000446344,S-0004,-79.49670056058086,1,3,女性,51,11,12,0.3333333333333333,89111,2,22,4423576.351309,11.806849315068494,9.0
C-001165799,S-0054,-16.481287010297248,0,3,女性,55,7,12,0.1666666666666666,9651,1,23,4489160.181517739,6.358904109589041,4.0
C-002380734,S-0018,-100.0,1,3,男性,79,2,12,0.0,0,0,16,4493108.581950108,7.550684931506849,5.0
C-001749480,S-0039,-63.199715604242236,1,3,男性,43,5,12,0.1666666666666666,91808,2,16,4591288.568998441,8.193150684931506,5.0
C-001220805,S-0039,-36.87953637540089,0,3,男性,49,7,12,0.3333333333333333,0,0,16,4591288.568998441,8.193150684931506,5.0
C-001407366,S-0012,-100.0,1,3,女性,59,6,12,0.4166666666666667,12342,2,16,4444678.825084195,7.994520547945205,5.0
C-000497429,S-0117,-40.28018412630581,0,3,女性,55,10,12,0.3333333333333333,14619,1,20,4500859.737076383,9.593150684931507,7.0
C-001121349,S-0131,-37.43774900398406,0,3,男性,42,8,12,0.25,2256,1,17,4569023.5643747775,5.13972602739726,2.0
C-000698889,S-0018,-76.9340442944095,1,3,男性,31,9,12,0.0,5968,1,16,4493108.581950108,7.550684931506849,5.0
C-000622032,S-0115,-70.09183432665705,1,3,男性,46,10,12,0.4166666666666667,15688,1,14,4553643.099564746,10.51095890410959,7.0
C-000700117,S-0074,-83.60293340978708,1,3,女性,50,9,12,0.4166666666666667,1972,2,14,4614054.39694187,8.308219178082192,6.0
C-002228265,S-0102,-18.985103120469084,0,3,女性,49,3,12,0.1666666666666666,27023,1,16,4383474.364435211,10.484931506849314,7.5
C-000092404,S-0113,-45.49331615397004,0,3,男性,67,12,12,0.25,10221,1,16,4336633.961311346,5.77945205479452,2.5
C-000491363,S-0048,-33.55916612573352,0,3,女性,43,10,12,0.3333333333333333,2950,2,15,4502249.082895545,3.671232876712329,1.0
C-001430460,S-0018,-100.0,1,3,女性,49,6,12,0.1666666666666666,67817,1,16,4493108.581950108,7.550684931506849,5.0
C-002658087,S-0117,-57.243616871208914,1,3,男性,52,1,12,0.3333333333333333,14385,2,20,4500859.737076383,9.593150684931507,7.0
C-000538170,S-0097,-100.0,1,3,男性,45,10,12,0.5,0,0,21,4592508.716501317,10.09041095890411,7.0
C-000610091,S-0121,-38.08171300712886,0,3,男性,31,10,12,0.5,0,0,14,4716268.25678644,9.856164383561644,7.0
C-001109694,S-0036,-54.258528449430834,1,3,男性,56,8,12,0.25,28855,1,19,4397834.424680548,11.123287671232877,9.0
C-001100003,S-0080,-100.0,1,3,女性,65,8,12,0.5833333333333334,0,0,17,4457429.264950683,11.673972602739726,9.0
C-002195352,S-0014,-40.204500275761916,0,3,女性,14,3,12,0.0833333333333333,3516,1,21,4730192.353344672,7.336986301369863,4.0
C-000713787,S-0019,-100.0,1,3,女性,26,9,12,0.3333333333333333,0,0,19,4327199.920883598,4.090410958904109,1.0
C-002543967,S-0004,-58.14425490978202,1,3,女性,64,1,12,0.3333333333333333,24440,2,22,4423576.351309,11.806849315068494,9.0
C-000789459,S-0036,-43.13237822349571,0,3,男性,56,9,12,0.1666666666666666,24171,1,19,4397834.424680548,11.123287671232877,9.0
C-002312177,S-0074,-29.09281548935681,0,3,男性,32,2,12,0.6666666666666666,0,0,14,4614054.39694187,8.308219178082192,6.0
C-000502302,S-0074,-75.29943587720781,1,3,女性,57,10,12,0.25,2806,2,14,4614054.39694187,8.308219178082192,6.0
C-001837814,S-0005,-31.423749104575744,0,3,女性,51,4,12,0.6666666666666666,0,0,21,4733942.970761149,4.69041095890411,2.0
C-000931929,S-0097,-100.0,1,3,男性,56,8,12,0.1666666666666666,2850,1,21,4592508.716501317,10.09041095890411,7.0
C-001056386,S-0036,-34.19042999203077,0,3,女性,50,8,12,0.25,0,0,19,4397834.424680548,11.123287671232877,9.0
C-000250232,S-0072,-73.07085442095863,1,3,女性,70,11,12,0.0,87769,1,12,4406797.312641796,9.01917808219178,6.0
C-002669406,S-0018,-100.0,1,3,女性,55,1,12,0.6666666666666666,1933,2,16,4493108.581950108,7.550684931506849,5.0
C-000921610,S-0080,-51.62476326672593,1,3,女性,56,8,12,0.0833333333333333,1256,2,17,4457429.264950683,11.673972602739726,9.0
C-001634705,S-0115,-100.0,1,3,女性,47,5,12,0.0833333333333333,0,0,14,4553643.099564746,10.51095890410959,7.0
C-002555041,S-0111,-40.318749688294844,0,3,女性,51,1,12,0.0833333333333333,18407,1,19,4489501.980758176,6.397260273972603,4.0
C-002054104,S-0020,-18.62786248580631,0,3,男性,19,3,12,0.6666666666666666,0,0,16,4280702.057267675,6.986301369863014,3.5
C-000793681,S-0117,-82.36798283201996,1,3,女性,47,9,12,0.3333333333333333,29405,1,20,4500859.737076383,9.593150684931507,7.0
C-002557680,S-0039,-23.045786746476807,0,3,男性,49,1,12,0.25,0,0,16,4591288.568998441,8.193150684931506,5.0
C-001826794,S-0117,-100.0,1,3,男性,40,4,12,0.5,42690,2,20,4500859.737076383,9.593150684931507,7.0
C-000277903,S-0048,-46.7512111134122,0,3,男性,44,11,12,0.0833333333333333,17465,2,15,4502249.082895545,3.671232876712329,1.0
C-000981040,S-0002,-37.63668809801043,0,3,女性,20,8,12,0.3333333333333333,5380,1,15,4455566.655169959,5.663013698630137,2.0
C-000817449,S-0089,-46.5008151857459,0,3,女性,35,9,12,0.3333333333333333,0,0,19,4721110.949352573,10.142465753424657,7.0
C-001688443,S-0063,-44.33414240303858,0,3,女性,65,5,12,0.25,0,0,18,4564012.176421695,5.749315068493151,3.0
C-002636998,S-0097,-32.38385442680916,0,3,女性,45,1,12,0.3333333333333333,59613,1,21,4592508.716501317,10.09041095890411,7.0
C-002523157,S-0131,-100.0,1,3,女性,62,1,12,0.0,0,0,17,4569023.5643747775,5.13972602739726,2.0
C-000763344,S-0012,-47.49790916693939,0,3,女性,66,9,12,0.0833333333333333,13862,2,16,4444678.825084195,7.994520547945205,5.0
C-000272641,S-0008,-40.62984405895853,0,3,女性,49,11,12,0.3333333333333333,0,0,22,4498453.308937302,10.772602739726027,7.0
C-001393059,S-0072,-98.81988967476431,1,3,女性,48,6,12,0.25,445,2,12,4406797.312641796,9.01917808219178,6.0
C-002453594,S-0040,-36.98063004156255,0,3,男性,33,2,12,0.3333333333333333,24630,2,20,4550116.0180538,8.163013698630138,4.0
C-001992164,S-0072,-78.81194200100906,1,3,男性,33,4,12,0.0833333333333333,0,0,12,4406797.312641796,9.01917808219178,6.0
C-001098080,S-0099,-100.0,1,3,女性,32,8,12,0.25,32650,2,13,4464126.154078853,8.147945205479452,5.0
C-001093073,S-0002,-88.62120568293088,1,3,女性,33,8,12,0.4166666666666667,47012,1,15,4455566.655169959,5.663013698630137,2.0
C-000305932,S-0089,-100.0,1,3,女性,51,11,12,0.25,14658,2,19,4721110.949352573,10.142465753424657,7.0
C-001073158,S-0007,-16.910158439958796,0,3,男性,43,8,12,0.3333333333333333,38216,1,21,4487075.727367008,3.7260273972602738,1.0
C-001868395,S-0012,-83.52141090255847,1,3,女性,46,4,12,0.1666666666666666,52021,1,16,4444678.825084195,7.994520547945205,5.0
C-000693829,S-0014,-35.786119415839266,0,3,男性,50,9,12,0.1666666666666666,3380,2,21,4730192.353344672,7.336986301369863,4.0
C-002344157,S-0121,-31.218482900788597,0,3,女性,42,2,12,0.0833333333333333,0,0,14,4716268.25678644,9.856164383561644,7.0
C-002331506,S-0007,-100.0,1,3,女性,51,2,12,0.1666666666666666,0,0,21,4487075.727367008,3.7260273972602738,1.0
C-002111133,S-0117,-100.0,1,3,女性,56,3,12,0.1666666666666666,0,0,20,4500859.737076383,9.593150684931507,7.0
C-001859281,S-0106,-25.38839803480278,0,3,女性,38,4,12,0.3333333333333333,0,0,20,4462729.145118021,6.171232876712329,3.5
C-000313813,S-0050,-23.037321758229744,0,3,女性,53,11,12,0.1666666666666666,27244,2,20,4615411.181286601,9.2013698630137,6.0
C-001993386,S-0008,-100.0,1,3,男性,60,4,12,0.25,11983,1,22,4498453.308937302,10.772602739726027,7.0
C-002304042,S-0096,-69.03223630968438,1,3,女性,52,2,12,0.5,2656,1,16,4644856.458098179,8.302739726027397,5.0
C-001996011,S-0036,-97.86064769381747,1,3,女性,17,4,12,0.0833333333333333,0,0,19,4397834.424680548,11.123287671232877,9.0
C-000581242,S-0079,-26.653088749966088,0,3,男性,65,10,12,0.25,25148,2,13,4256656.371085242,8.479452054794521,6.0
C-002564147,S-0014,-55.44895167555563,1,3,男性,52,1,12,0.0833333333333333,9567,1,21,4730192.353344672,7.336986301369863,4.0
C-000799890,S-0075,-11.332334500257966,0,3,女性,56,9,12,0.1666666666666666,9154,1,19,4506647.2743158825,4.526027397260274,1.0
C-000887996,S-0121,-62.28400074967202,1,3,女性,58,9,12,0.5,39299,2,14,4716268.25678644,9.856164383561644,7.0
C-001968036,S-0096,-100.0,1,3,女性,19,4,12,0.25,0,0,16,4644856.458098179,8.302739726027397,5.0
C-001297910,S-0018,-30.599702928544374,0,3,女性,41,7,12,0.1666666666666666,16571,1,16,4493108.581950108,7.550684931506849,5.0
C-002400319,S-0111,-24.795751917537224,0,3,男性,30,2,12,0.6666666666666666,0,0,19,4489501.980758176,6.397260273972603,4.0
C-001523174,S-0056,-27.335510406914576,0,3,女性,55,6,12,0.25,0,0,15,4406070.585753419,7.528767123287671,4.0
C-002127820,S-0048,-10.46362362197762,0,3,女性,30,3,12,0.5,65524,1,15,4502249.082895545,3.671232876712329,1.0
C-001148937,S-0115,-68.73760383058524,1,3,女性,69,7,12,0.25,2358,1,14,4553643.099564746,10.51095890410959,7.0
C-000461131,S-0115,-76.03826030085023,1,3,女性,46,10,12,0.3333333333333333,0,0,14,4553643.099564746,10.51095890410959,7.0
C-001422248,S-0040,-58.53762827822121,1,3,女性,33,6,12,0.0833333333333333,0,0,20,4550116.0180538,8.163013698630138,4.0
C-000063044,S-0059,-100.0,1,3,女性,42,12,12,0.5833333333333334,0,0,14,4713188.969095345,6.8123287671232875,3.0
C-002024416,S-0096,-61.322664393816204,1,3,男性,38,3,12,0.1666666666666666,0,0,16,4644856.458098179,8.302739726027397,5.0
C-001136637,S-0102,-25.562321959189777,0,3,女性,42,7,12,0.0,9193,2,16,4383474.364435211,10.484931506849314,7.5
C-001595554,S-0018,-90.14617345555133,1,3,女性,42,5,12,0.25,0,0,16,4493108.581950108,7.550684931506849,5.0
C-000592098,S-0039,-79.61243144424131,1,3,女性,31,10,12,0.1666666666666666,8933,1,16,4591288.568998441,8.193150684931506,5.0
C-002515655,S-0041,-40.208401054646586,0,3,男性,79,1,12,0.0833333333333333,45613,1,17,4828489.286769263,10.389041095890411,7.0
C-002175565,S-0111,-20.24873976894129,0,3,女性,55,3,12,0.5,1902,1,19,4489501.980758176,6.397260273972603,4.0
C-002129991,S-0014,-44.30029079271126,0,3,女性,29,3,12,0.1666666666666666,1372,1,21,4730192.353344672,7.336986301369863,4.0
C-001710431,S-0097,-48.44533255241081,0,3,男性,50,5,12,0.1666666666666666,5143,1,21,4592508.716501317,10.09041095890411,7.0
C-000572082,S-0115,-100.0,1,3,女性,87,10,12,0.0833333333333333,22912,1,14,4553643.099564746,10.51095890410959,7.0
C-001717465,S-0041,-94.60770568111715,1,3,女性,29,5,12,0.4166666666666667,9801,2,17,4828489.286769263,10.389041095890411,7.0
C-001401763,S-0131,-23.83100459578668,0,3,女性,21,6,12,0.0833333333333333,5479,1,17,4569023.5643747775,5.13972602739726,2.0
C-000832918,S-0048,-100.0,1,3,女性,40,9,12,0.0833333333333333,3147,1,15,4502249.082895545,3.671232876712329,1.0
C-000405811,S-0121,-46.781722827845776,0,3,女性,47,11,12,0.1666666666666666,9035,1,14,4716268.25678644,9.856164383561644,7.0
C-001150639,S-0079,-29.89836775931104,0,3,女性,60,7,12,0.0833333333333333,0,0,13,4256656.371085242,8.479452054794521,6.0
C-000764932,S-0096,-51.535574910467176,1,3,女性,44,9,12,0.25,4985,2,16,4644856.458098179,8.302739726027397,5.0
C-000939397,S-0019,-13.714487918309572,0,3,女性,33,8,12,0.5833333333333334,21513,1,19,4327199.920883598,4.090410958904109,1.0
C-000106664,S-0008,-100.0,1,3,男性,45,12,12,0.0833333333333333,13930,2,22,4498453.308937302,10.772602739726027,7.0
C-002384294,S-0054,-51.84423911921048,1,3,男性,60,2,12,0.25,0,0,23,4489160.181517739,6.358904109589041,4.0
C-002155413,S-0099,-100.0,1,3,女性,31,3,12,0.3333333333333333,0,0,13,4464126.154078853,8.147945205479452,5.0
C-000258362,S-0040,-100.0,1,3,男性,52,11,12,0.3333333333333333,10858,1,20,4550116.0180538,8.163013698630138,4.0
C-002108840,S-0111,-21.604019935245685,0,3,女性,44,3,12,0.25,0,0,19,4489501.980758176,6.397260273972603,4.0
C-002591597,S-0004,-35.52401230186894,0,3,女性,55,1,12,0.25,0,0,22,4423576.351309,11.806849315068494,9.0
C-001125818,S-0121,-58.34600595922505,1,3,女性,60,7,12,0.1666666666666666,0,0,14,4716268.25678644,9.856164383561644,7.0
C-001318861,S-0089,-100.0,1,3,女性,48,7,12,0.4166666666666667,0,0,19,4721110.949352573,10.142465753424657,7.0
C-002131190,S-0036,-29.07191436651319,0,3,男性,29,3,12,0.1666666666666666,104629,2,19,4397834.424680548,11.123287671232877,9.0
C-000596169,S-0117,-100.0,1,3,男性,77,10,12,0.0833333333333333,2918,2,20,4500859.737076383,9.593150684931507,7.0
C-001171922,S-0126,-14.098824436047023,0,3,女性,47,7,12,0.4166666666666667,24166,1,17,4493168.352495564,5.53972602739726,3.0
C-000151644,S-0106,-30.54056019557057,0,3,女性,61,12,12,0.1666666666666666,0,0,20,4462729.145118021,6.171232876712329,3.5
C-001641446,S-0117,-28.274148927183646,0,3,女性,27,5,12,0.3333333333333333,21000,1,20,4500859.737076383,9.593150684931507,7.0
C-002604073,S-0080,-88.05175825009134,1,3,女性,58,1,12,0.0,0,0,17,4457429.264950683,11.673972602739726,9.0
C-000753045,S-0050,-47.85883216238862,0,3,男性,34,9,12,0.1666666666666666,14879,1,20,4615411.181286601,9.2013698630137,6.0
C-001495118,S-0014,-65.80129782747113,1,3,男性,55,6,12,0.0833333333333333,8971,1,21,4730192.353344672,7.336986301369863,4.0
C-000522340,S-0019,-5.652859788376284,0,3,女性,33,10,12,0.5,30837,1,19,4327199.920883598,4.090410958904109,1.0
C-000385243,S-0111,-26.601782893252086,0,3,女性,49,11,12,0.3333333333333333,30402,1,19,4489501.980758176,6.397260273972603,4.0
C-000857465,S-0002,-37.17181170831228,0,3,女性,58,9,12,0.3333333333333333,11904,2,15,4455566.655169959,5.663013698630137,2.0
C-000417348,S-0115,-100.0,1,3,女性,68,11,12,0.5833333333333334,19401,2,14,4553643.099564746,10.51095890410959,7.0
C-000228758,S-0002,-47.77691735033239,0,3,女性,51,11,12,0.0833333333333333,0,0,15,4455566.655169959,5.663013698630137,2.0
C-001471367,S-0106,-76.46070003529489,1,3,女性,65,6,12,0.1666666666666666,105479,1,20,4462729.145118021,6.171232876712329,3.5
C-001912093,S-0080,-100.0,1,3,女性,53,4,12,0.1666666666666666,13486,2,17,4457429.264950683,11.673972602739726,9.0
C-001906862,S-0099,-19.623181340286653,0,3,女性,52,4,12,0.4166666666666667,6996,1,13,4464126.154078853,8.147945205479452,5.0
C-000689360,S-0048,-39.749929438329104,0,3,女性,60,9,12,0.0833333333333333,0,0,15,4502249.082895545,3.671232876712329,1.0
C-001595400,S-0017,-22.302516775179075,0,3,女性,56,5,12,0.1666666666666666,8437,1,20,4640207.03550726,5.608219178082192,2.5
C-002054045,S-0080,-53.67599580437151,1,3,女性,44,3,12,0.3333333333333333,18340,2,17,4457429.264950683,11.673972602739726,9.0
C-001196902,S-0131,-31.42491845528128,0,3,男性,76,7,12,0.5833333333333334,0,0,17,4569023.5643747775,5.13972602739726,2.0
C-000454869,S-0014,-100.0,1,3,女性,52,10,12,0.4166666666666667,0,0,21,4730192.353344672,7.336986301369863,4.0
C-001439179,S-0018,-100.0,1,3,女性,42,6,12,0.0833333333333333,0,0,16,4493108.581950108,7.550684931506849,5.0
C-001108829,S-0056,-100.0,1,3,女性,53,8,12,0.4166666666666667,1300,1,15,4406070.585753419,7.528767123287671,4.0
C-000009272,S-0054,-51.68130386830603,1,3,男性,51,12,12,0.1666666666666666,26426,1,23,4489160.181517739,6.358904109589041,4.0
C-000852221,S-0072,-51.546427304615136,1,3,男性,54,9,12,0.1666666666666666,448,1,12,4406797.312641796,9.01917808219178,6.0
C-002325118,S-0018,-26.670350396689862,0,3,女性,48,2,12,0.3333333333333333,0,0,16,4493108.581950108,7.550684931506849,5.0
C-001903864,S-0113,-100.0,1,3,男性,51,4,12,0.1666666666666666,0,0,16,4336633.961311346,5.77945205479452,2.5
C-001231592,S-0102,-100.0,1,3,女性,68,7,12,0.5833333333333334,1170,1,16,4383474.364435211,10.484931506849314,7.5
C-000542822,S-0041,-75.812926383208,1,3,女性,48,10,12,0.0833333333333333,0,0,17,4828489.286769263,10.389041095890411,7.0
C-002101537,S-0036,-53.65534691930207,1,3,男性,53,3,12,0.25,12967,2,19,4397834.424680548,11.123287671232877,9.0
C-001825231,S-0008,-50.456112437019364,1,3,女性,57,4,12,0.5833333333333334,9461,1,22,4498453.308937302,10.772602739726027,7.0
C-000358649,S-0012,-16.937250917833442,0,3,女性,47,11,12,0.25,0,0,16,4444678.825084195,7.994520547945205,5.0
C-000373018,S-0017,-18.21866089954205,0,3,男性,52,11,12,0.0833333333333333,1426,1,20,4640207.03550726,5.608219178082192,2.5
C-001511074,S-0102,-56.59287355773436,1,3,女性,33,6,12,0.25,0,0,16,4383474.364435211,10.484931506849314,7.5
C-000425392,S-0036,-100.0,1,3,女性,42,11,12,0.0833333333333333,0,0,19,4397834.424680548,11.123287671232877,9.0
C-002378779,S-0050,-48.93477438478372,1,3,女性,59,2,12,0.1666666666666666,35702,1,20,4615411.181286601,9.2013698630137,6.0
C-002232296,S-0097,-100.0,1,3,男性,68,3,12,0.5,0,0,21,4592508.716501317,10.09041095890411,7.0
C-002292491,S-0054,-29.776666173656015,0,3,女性,56,2,12,0.1666666666666666,10741,1,23,4489160.181517739,6.358904109589041,4.0
C-000750509,S-0113,-24.56212109764771,0,3,女性,46,9,12,0.4166666666666667,3816,1,16,4336633.961311346,5.77945205479452,2.5
C-000669121,S-0063,-43.48547077765566,0,3,男性,37,10,12,0.3333333333333333,15604,1,18,4564012.176421695,5.749315068493151,3.0
C-002028043,S-0048,-30.20177401672541,0,3,女性,77,3,12,0.5,0,0,15,4502249.082895545,3.671232876712329,1.0
C-002335737,S-0040,-100.0,1,3,男性,46,2,12,0.25,0,0,20,4550116.0180538,8.163013698630138,4.0
C-002578573,S-0018,-48.39346097117952,0,3,男性,38,1,12,0.6666666666666666,0,0,16,4493108.581950108,7.550684931506849,5.0
C-002049098,S-0089,-100.0,1,3,男性,45,3,12,0.5,8699,1,19,4721110.949352573,10.142465753424657,7.0
C-002587294,S-0063,-100.0,1,3,女性,65,1,12,0.0833333333333333,2237,2,18,4564012.176421695,5.749315068493151,3.0
C-001165786,S-0018,-52.58377556419753,1,3,男性,41,7,12,0.5833333333333334,0,0,16,4493108.581950108,7.550684931506849,5.0
C-002394671,S-0007,-79.22168752674928,1,3,女性,51,2,12,0.4166666666666667,0,0,21,4487075.727367008,3.7260273972602738,1.0
C-000518970,S-0097,-68.62814195180849,1,3,女性,42,10,12,0.3333333333333333,3105,2,21,4592508.716501317,10.09041095890411,7.0
C-001016304,S-0020,-15.156268887247332,0,3,男性,45,8,12,0.25,13156,1,16,4280702.057267675,6.986301369863014,3.5
C-002073090,S-0056,-39.841609202324676,0,3,男性,58,3,12,0.3333333333333333,18102,2,15,4406070.585753419,7.528767123287671,4.0
C-000218764,S-0115,-25.25356872550487,0,3,女性,59,12,12,0.5833333333333334,0,0,14,4553643.099564746,10.51095890410959,7.0
C-001895115,S-0036,-39.413618064064416,0,3,男性,38,4,12,0.0833333333333333,5375,1,19,4397834.424680548,11.123287671232877,9.0
C-002171491,S-0121,-12.050919245840989,0,3,男性,59,3,12,0.5833333333333334,0,0,14,4716268.25678644,9.856164383561644,7.0
C-000967246,S-0054,-4.851208089007939,0,3,女性,59,8,12,0.25,0,0,23,4489160.181517739,6.358904109589041,4.0
C-001923356,S-0117,-70.28997246071602,1,3,男性,60,4,12,0.1666666666666666,10368,1,20,4500859.737076383,9.593150684931507,7.0
C-000725925,S-0089,-31.57231461118387,0,3,女性,70,9,12,0.3333333333333333,0,0,19,4721110.949352573,10.142465753424657,7.0
C-002110913,S-0079,-96.02987049815673,1,3,女性,48,3,12,0.1666666666666666,7357,1,13,4256656.371085242,8.479452054794521,6.0
C-000521939,S-0063,-14.93227863175115,0,3,女性,48,10,12,0.8333333333333334,0,0,18,4564012.176421695,5.749315068493151,3.0
C-000071648,S-0030,-44.42900559165322,0,3,女性,44,12,12,0.25,6188,2,22,4426478.045479023,9.236986301369862,5.5
C-000679059,S-0082,-73.88945251639552,1,3,女性,66,9,12,0.25,0,0,17,4607261.71451126,4.758904109589041,2.0
C-001808567,S-0054,-24.110741576592627,0,3,女性,44,4,12,0.25,7493,2,23,4489160.181517739,6.358904109589041,4.0
C-002126030,S-0050,-26.40571573671157,0,3,女性,35,3,12,0.25,61588,1,20,4615411.181286601,9.2013698630137,6.0
C-000256904,S-0040,-14.51284533406462,0,3,女性,42,11,12,0.5833333333333334,56990,1,20,4550116.0180538,8.163013698630138,4.0
C-000257370,S-0004,-41.069422601662545,0,3,女性,37,11,12,0.5833333333333334,33278,2,22,4423576.351309,11.806849315068494,9.0
C-000892444,S-0074,-99.58106717624577,1,3,女性,49,9,12,0.25,2102,1,14,4614054.39694187,8.308219178082192,6.0
C-001773047,S-0100,-21.54960726474204,0,3,女性,46,5,12,0.4166666666666667,5926,2,17,4535925.154217558,4.720547945205479,2.0
C-000604233,S-0050,-42.087026453577906,0,3,女性,35,10,12,0.3333333333333333,92172,1,20,4615411.181286601,9.2013698630137,6.0
C-000799446,S-0059,-15.198673640200877,0,3,女性,60,9,12,0.5,0,0,14,4713188.969095345,6.8123287671232875,3.0
C-000568203,S-0056,-42.29929469744909,0,3,男性,46,10,12,0.0833333333333333,18388,2,15,4406070.585753419,7.528767123287671,4.0
C-000906633,S-0002,-45.76658326556183,0,3,男性,64,8,12,0.25,0,0,15,4455566.655169959,5.663013698630137,2.0
C-002599122,S-0113,-100.0,1,3,女性,45,1,12,0.0833333333333333,10414,1,16,4336633.961311346,5.77945205479452,2.5
C-002529284,S-0099,-65.27514868366292,1,3,女性,58,1,12,0.4166666666666667,3458,1,13,4464126.154078853,8.147945205479452,5.0
C-000309661,S-0117,-28.20471740473174,0,3,男性,50,11,12,0.25,29721,1,20,4500859.737076383,9.593150684931507,7.0
C-001639657,S-0059,-15.528092017847014,0,3,女性,43,5,12,0.25,1265,1,14,4713188.969095345,6.8123287671232875,3.0
C-001905971,S-0012,-45.51509521995403,0,3,女性,48,4,12,0.1666666666666666,0,0,16,4444678.825084195,7.994520547945205,5.0
C-000660791,S-0014,-69.24808382652566,1,3,女性,46,10,12,0.0,12508,1,21,4730192.353344672,7.336986301369863,4.0
C-000279826,S-0004,-50.406839382459566,1,3,男性,52,11,12,0.25,1997,1,22,4423576.351309,11.806849315068494,9.0
C-002192433,S-0007,-36.13156801394215,0,3,男性,45,3,12,0.25,12839,2,21,4487075.727367008,3.7260273972602738,1.0
C-001054675,S-0012,-100.0,1,3,女性,70,8,12,0.25,0,0,16,4444678.825084195,7.994520547945205,5.0
C-000811356,S-0050,-28.648360963806503,0,3,女性,23,9,12,0.1666666666666666,0,0,20,4615411.181286601,9.2013698630137,6.0
C-001991728,S-0059,-26.313118542710278,0,3,女性,72,4,12,0.1666666666666666,11765,2,14,4713188.969095345,6.8123287671232875,3.0
C-001431762,S-0089,-100.0,1,3,女性,31,6,12,0.1666666666666666,5037,1,19,4721110.949352573,10.142465753424657,7.0
C-001131486,S-0018,-100.0,1,3,女性,61,7,12,0.0833333333333333,0,0,16,4493108.581950108,7.550684931506849,5.0
C-001673621,S-0072,-54.964365614157295,1,3,男性,32,5,12,0.3333333333333333,5854,2,12,4406797.312641796,9.01917808219178,6.0
C-002179049,S-0072,-47.714072047706324,0,3,女性,50,3,12,0.5,17976,1,12,4406797.312641796,9.01917808219178,6.0
C-000847518,S-0036,-100.0,1,3,女性,60,9,12,0.0833333333333333,0,0,19,4397834.424680548,11.123287671232877,9.0
C-001742496,S-0018,-46.30581299444127,0,3,女性,54,5,12,0.5,60225,1,16,4493108.581950108,7.550684931506849,5.0
C-000583637,S-0056,-97.54199328107502,1,3,女性,45,10,12,0.0833333333333333,0,0,15,4406070.585753419,7.528767123287671,4.0
C-002104993,S-0039,-28.802773517884994,0,3,男性,56,3,12,0.1666666666666666,0,0,16,4591288.568998441,8.193150684931506,5.0
C-000252964,S-0121,-36.042805033041496,0,3,男性,34,11,12,0.4166666666666667,23541,1,14,4716268.25678644,9.856164383561644,7.0
C-002126670,S-0018,-96.22381620666354,1,3,男性,58,3,12,0.0833333333333333,37865,1,16,4493108.581950108,7.550684931506849,5.0
C-000274141,S-0097,-23.274993544167906,0,3,女性,47,11,12,0.0833333333333333,16291,2,21,4592508.716501317,10.09041095890411,7.0
C-001691958,S-0126,-38.923841515460225,0,3,女性,37,5,12,0.6666666666666666,0,0,17,4493168.352495564,5.53972602739726,3.0
C-000026285,S-0117,-59.0625593459205,1,3,男性,58,12,12,0.25,22299,1,20,4500859.737076383,9.593150684931507,7.0
C-001952231,S-0008,-100.0,1,3,女性,55,4,12,0.1666666666666666,7608,2,22,4498453.308937302,10.772602739726027,7.0
C-001740153,S-0018,-65.5216702191616,1,3,女性,65,5,12,0.0833333333333333,11945,2,16,4493108.581950108,7.550684931506849,5.0
C-001411603,S-0131,-100.0,1,3,女性,43,6,12,0.5833333333333334,0,0,17,4569023.5643747775,5.13972602739726,2.0
C-001274595,S-0111,-25.227675232173475,0,3,女性,44,7,12,0.25,36402,1,19,4489501.980758176,6.397260273972603,4.0
C-002072314,S-0079,-100.0,1,3,女性,50,3,12,0.4166666666666667,0,0,13,4256656.371085242,8.479452054794521,6.0
C-001219204,S-0075,-36.4181761466311,0,3,男性,34,7,12,0.0833333333333333,8226,2,19,4506647.2743158825,4.526027397260274,1.0
C-000762584,S-0097,-100.0,1,3,女性,28,9,12,0.0833333333333333,0,0,21,4592508.716501317,10.09041095890411,7.0
C-000770169,S-0072,-100.0,1,3,女性,63,9,12,0.0833333333333333,0,0,12,4406797.312641796,9.01917808219178,6.0
C-000643888,S-0018,-34.435178702776476,0,3,女性,62,10,12,0.1666666666666666,57038,2,16,4493108.581950108,7.550684931506849,5.0
C-000194415,S-0030,-94.42433961037554,1,3,男性,19,12,12,0.5833333333333334,0,0,22,4426478.045479023,9.236986301369862,5.5
C-001815923,S-0117,-23.84628034104556,0,3,男性,57,4,12,0.25,0,0,20,4500859.737076383,9.593150684931507,7.0
C-000904943,S-0131,-5.839640100507049,0,3,女性,75,8,12,0.0833333333333333,0,0,17,4569023.5643747775,5.13972602739726,2.0
C-001045178,S-0004,-100.0,1,3,女性,70,8,12,0.0833333333333333,32058,1,22,4423576.351309,11.806849315068494,9.0
C-001240219,S-0040,-73.24367553451934,1,3,男性,34,7,12,0.1666666666666666,0,0,20,4550116.0180538,8.163013698630138,4.0
C-000446024,S-0005,-13.38533225016886,0,3,女性,49,11,12,0.0,82864,2,21,4733942.970761149,4.69041095890411,2.0
C-000826065,S-0002,-12.509765331247772,0,3,女性,26,9,12,0.0833333333333333,4766,2,15,4455566.655169959,5.663013698630137,2.0
C-001749517,S-0082,-42.6323978127549,0,3,女性,21,5,12,0.25,4474,1,17,4607261.71451126,4.758904109589041,2.0
C-000197636,S-0059,-8.212624075595263,0,3,男性,57,12,12,0.4166666666666667,130924,1,14,4713188.969095345,6.8123287671232875,3.0
C-001816126,S-0036,-100.0,1,3,女性,36,4,12,0.0833333333333333,0,0,19,4397834.424680548,11.123287671232877,9.0
C-001977061,S-0036,-100.0,1,3,女性,59,4,12,0.3333333333333333,0,0,19,4397834.424680548,11.123287671232877,9.0
C-000366469,S-0019,-18.152751573459305,0,3,女性,55,11,12,0.8333333333333334,6820,1,19,4327199.920883598,4.090410958904109,1.0
C-001116028,S-0018,-100.0,1,3,女性,38,8,12,0.1666666666666666,25957,2,16,4493108.581950108,7.550684931506849,5.0
C-002087759,S-0099,-25.380610680521247,0,3,女性,48,3,12,0.9166666666666666,0,0,13,4464126.154078853,8.147945205479452,5.0
C-000329017,S-0072,-100.0,1,3,男性,34,11,12,0.1666666666666666,1698,1,12,4406797.312641796,9.01917808219178,6.0
C-000983965,S-0019,-100.0,1,3,男性,59,8,12,0.0833333333333333,0,0,19,4327199.920883598,4.090410958904109,1.0
C-000254954,S-0002,-34.12773999242077,0,3,女性,34,11,12,0.5,40217,2,15,4455566.655169959,5.663013698630137,2.0
C-002313862,S-0079,-99.88976281507274,1,3,女性,47,2,12,0.4166666666666667,6957,2,13,4256656.371085242,8.479452054794521,6.0
C-000310469,S-0054,-31.86004440424307,0,3,女性,42,11,12,0.3333333333333333,64157,2,23,4489160.181517739,6.358904109589041,4.0
C-000064541,S-0126,-100.0,1,3,女性,54,12,12,0.5,0,0,17,4493168.352495564,5.53972602739726,3.0
C-000948719,S-0079,-62.10197808386325,1,3,女性,38,8,12,0.25,6876,1,13,4256656.371085242,8.479452054794521,6.0
C-000832025,S-0113,-32.091584013489936,0,3,男性,69,9,12,0.25,0,0,16,4336633.961311346,5.77945205479452,2.5
C-000443689,S-0115,-100.0,1,3,女性,58,11,12,0.25,0,0,14,4553643.099564746,10.51095890410959,7.0
C-001932496,S-0121,-100.0,1,3,男性,62,4,12,0.1666666666666666,2863,1,14,4716268.25678644,9.856164383561644,7.0
C-001347267,S-0030,-39.03882706458558,0,3,男性,62,7,12,0.25,6559,1,22,4426478.045479023,9.236986301369862,5.5
C-000493839,S-0079,-100.0,1,3,女性,37,10,12,0.25,0,0,13,4256656.371085242,8.479452054794521,6.0
C-001850124,S-0039,-33.89594682460272,0,3,女性,51,4,12,0.0,0,0,16,4591288.568998441,8.193150684931506,5.0
C-001259917,S-0117,-9.838627860683763,0,3,男性,53,7,12,0.25,2858,1,20,4500859.737076383,9.593150684931507,7.0
C-002692104,S-0048,-100.0,1,3,女性,35,1,12,0.0833333333333333,0,0,15,4502249.082895545,3.671232876712329,1.0
C-002304120,S-0074,-62.410974962399365,1,3,女性,34,2,12,0.1666666666666666,0,0,14,4614054.39694187,8.308219178082192,6.0
C-002313972,S-0097,-100.0,1,3,男性,40,2,12,0.0833333333333333,0,0,21,4592508.716501317,10.09041095890411,7.0
C-001281674,S-0111,-12.58892452832319,0,3,男性,57,7,12,0.25,3055,2,19,4489501.980758176,6.397260273972603,4.0
C-002216904,S-0004,-100.0,1,3,女性,55,3,12,0.0833333333333333,0,0,22,4423576.351309,11.806849315068494,9.0
C-001871016,S-0097,-99.20653355508274,1,3,男性,52,4,12,0.1666666666666666,0,0,21,4592508.716501317,10.09041095890411,7.0
C-002146898,S-0018,-26.21661133295237,0,3,女性,47,3,12,0.5,0,0,16,4493108.581950108,7.550684931506849,5.0
C-001449034,S-0048,-44.62303709638716,0,3,女性,47,6,12,0.25,0,0,15,4502249.082895545,3.671232876712329,1.0
C-001501683,S-0002,-8.050134991613685,0,3,女性,47,6,12,0.0,23958,1,15,4455566.655169959,5.663013698630137,2.0
C-000362476,S-0018,-19.4311176782952,0,3,女性,46,11,12,0.4166666666666667,1843,2,16,4493108.581950108,7.550684931506849,5.0
C-001161379,S-0018,-78.56479474955111,1,3,女性,47,7,12,0.0833333333333333,6546,2,16,4493108.581950108,7.550684931506849,5.0
C-001109521,S-0056,-81.20794755305077,1,3,女性,55,8,12,0.25,2922,1,15,4406070.585753419,7.528767123287671,4.0
C-001488275,S-0030,-39.4849070651393,0,3,男性,62,6,12,0.3333333333333333,1675,2,22,4426478.045479023,9.236986301369862,5.5
C-002430348,S-0056,-34.61081426273372,0,3,女性,35,2,12,0.4166666666666667,0,0,15,4406070.585753419,7.528767123287671,4.0
C-000904285,S-0074,-100.0,1,3,男性,31,8,12,0.0833333333333333,0,0,14,4614054.39694187,8.308219178082192,6.0
C-000911635,S-0017,-35.94578788853475,0,3,女性,55,8,12,0.1666666666666666,0,0,20,4640207.03550726,5.608219178082192,2.5
C-002655475,S-0018,-17.433984823472667,0,3,女性,37,1,12,0.3333333333333333,0,0,16,4493108.581950108,7.550684931506849,5.0
C-001714214,S-0096,-12.618478966258603,0,3,女性,40,5,12,0.25,86778,1,16,4644856.458098179,8.302739726027397,5.0
C-001463659,S-0089,-29.5374610486384,0,3,女性,48,6,12,0.1666666666666666,5170,1,19,4721110.949352573,10.142465753424657,7.0
C-000233335,S-0097,-100.0,1,3,女性,59,11,12,0.1666666666666666,34306,2,21,4592508.716501317,10.09041095890411,7.0
C-002627965,S-0039,-67.24142374803475,1,3,女性,60,1,12,0.0833333333333333,0,0,16,4591288.568998441,8.193150684931506,5.0
C-000753065,S-0030,-52.55707854194679,1,3,男性,38,9,12,0.0,3785,1,22,4426478.045479023,9.236986301369862,5.5
C-001127928,S-0079,-19.927222470062368,0,3,女性,43,7,12,0.1666666666666666,7650,1,13,4256656.371085242,8.479452054794521,6.0
C-000111013,S-0080,-100.0,1,3,男性,32,12,12,0.4166666666666667,22583,2,17,4457429.264950683,11.673972602739726,9.0
C-001910195,S-0054,-61.96268163014801,1,3,男性,61,4,12,0.1666666666666666,17354,2,23,4489160.181517739,6.358904109589041,4.0
C-001857686,S-0014,-100.0,1,3,女性,50,4,12,0.3333333333333333,2016,1,21,4730192.353344672,7.336986301369863,4.0
C-000752988,S-0099,-64.01086113266098,1,3,女性,62,9,12,0.4166666666666667,7523,1,13,4464126.154078853,8.147945205479452,5.0
C-000439312,S-0074,-74.86840659005142,1,3,男性,35,11,12,0.1666666666666666,3592,1,14,4614054.39694187,8.308219178082192,6.0
C-000343576,S-0079,-39.516022708658774,0,3,女性,21,11,12,0.3333333333333333,6175,1,13,4256656.371085242,8.479452054794521,6.0
C-001799059,S-0075,-38.55828248834898,0,3,女性,43,5,12,0.25,0,0,19,4506647.2743158825,4.526027397260274,1.0
C-000437118,S-0041,-32.42796063059093,0,3,女性,49,11,12,0.5833333333333334,17172,1,17,4828489.286769263,10.389041095890411,7.0
C-002382548,S-0089,-100.0,1,3,女性,46,2,12,0.25,0,0,19,4721110.949352573,10.142465753424657,7.0
C-000298344,S-0048,-31.05515811494854,0,3,女性,41,11,12,0.3333333333333333,13761,1,15,4502249.082895545,3.671232876712329,1.0
C-000117473,S-0039,-100.0,1,3,女性,53,12,12,0.5833333333333334,0,0,16,4591288.568998441,8.193150684931506,5.0
C-000766445,S-0012,-100.0,1,3,女性,58,9,12,0.0833333333333333,16858,1,16,4444678.825084195,7.994520547945205,5.0
C-002006100,S-0014,-71.76060767844211,1,3,男性,53,4,12,0.3333333333333333,38293,1,21,4730192.353344672,7.336986301369863,4.0
C-001820296,S-0115,-63.38168798493938,1,3,男性,28,4,12,0.0,1961,2,14,4553643.099564746,10.51095890410959,7.0
C-001325282,S-0117,-100.0,1,3,男性,41,7,12,0.0,2884,1,20,4500859.737076383,9.593150684931507,7.0
C-001021257,S-0126,-57.61189026093759,1,3,女性,62,8,12,0.8333333333333334,0,0,17,4493168.352495564,5.53972602739726,3.0
C-001340379,S-0075,-18.186171260136163,0,3,女性,29,7,12,0.25,22599,2,19,4506647.2743158825,4.526027397260274,1.0
C-000198729,S-0005,-34.21640941888328,0,3,男性,57,12,12,0.5833333333333334,0,0,21,4733942.970761149,4.69041095890411,2.0
C-000631631,S-0121,-35.542594703430375,0,3,男性,65,10,12,0.1666666666666666,0,0,14,4716268.25678644,9.856164383561644,7.0
C-002178709,S-0117,-32.80411656589785,0,3,女性,67,3,12,0.25,0,0,20,4500859.737076383,9.593150684931507,7.0
C-000078752,S-0036,-23.930843910710244,0,3,男性,35,12,12,0.3333333333333333,62420,1,19,4397834.424680548,11.123287671232877,9.0
C-000497106,S-0062,-19.303430485998902,0,3,男性,33,10,12,1.0,0,0,15,4713869.782113416,4.575342465753424,1.0
C-000463346,S-0121,-100.0,1,3,女性,48,10,12,0.25,0,0,14,4716268.25678644,9.856164383561644,7.0
C-000718795,S-0099,-100.0,1,3,女性,52,9,12,0.25,0,0,13,4464126.154078853,8.147945205479452,5.0
C-001371238,S-0036,-28.602384931078745,0,3,女性,52,6,12,0.25,38550,1,19,4397834.424680548,11.123287671232877,9.0
C-000040673,S-0036,-61.408954454403386,1,3,男性,58,12,12,0.4166666666666667,0,0,19,4397834.424680548,11.123287671232877,9.0
C-000886901,S-0080,-10.300560262191413,0,3,女性,56,9,12,0.25,0,0,17,4457429.264950683,11.673972602739726,9.0
C-000516014,S-0020,-68.39589850538755,1,3,男性,60,10,12,0.5,2988,1,16,4280702.057267675,6.986301369863014,3.5
C-000074782,S-0063,-59.03473091364205,1,3,男性,61,12,12,0.0833333333333333,48905,1,18,4564012.176421695,5.749315068493151,3.0
C-000401250,S-0059,-35.09505228222682,0,3,男性,31,11,12,0.6666666666666666,17835,1,14,4713188.969095345,6.8123287671232875,3.0
C-002413968,S-0030,-100.0,1,3,女性,47,2,12,0.1666666666666666,0,0,22,4426478.045479023,9.236986301369862,5.5
C-001429544,S-0050,-6.670240805079669,0,3,女性,39,6,12,0.0833333333333333,13412,1,20,4615411.181286601,9.2013698630137,6.0
C-001908034,S-0004,-41.272302626541084,0,3,女性,41,4,12,0.3333333333333333,6361,1,22,4423576.351309,11.806849315068494,9.0
C-000840010,S-0121,-18.645001198597964,0,3,男性,44,9,12,0.25,28649,1,14,4716268.25678644,9.856164383561644,7.0
C-002177011,S-0102,-100.0,1,3,男性,40,3,12,0.3333333333333333,6087,1,16,4383474.364435211,10.484931506849314,7.5
C-000065039,S-0117,-100.0,1,3,男性,59,12,12,0.1666666666666666,0,0,20,4500859.737076383,9.593150684931507,7.0
C-000185785,S-0007,-26.360674108587112,0,3,男性,63,12,12,0.25,0,0,21,4487075.727367008,3.7260273972602738,1.0
C-000698189,S-0014,-27.87295436315718,0,3,女性,57,9,12,0.25,18268,1,21,4730192.353344672,7.336986301369863,4.0
C-002679591,S-0079,-20.09769348772867,0,3,女性,69,1,12,0.3333333333333333,3709,2,13,4256656.371085242,8.479452054794521,6.0
C-002025932,S-0074,-52.57695759041785,1,3,男性,34,3,12,0.3333333333333333,29492,1,14,4614054.39694187,8.308219178082192,6.0
C-001808530,S-0099,-100.0,1,3,女性,44,4,12,0.1666666666666666,2121,1,13,4464126.154078853,8.147945205479452,5.0
C-001502366,S-0039,-100.0,1,3,女性,53,6,12,0.4166666666666667,50491,1,16,4591288.568998441,8.193150684931506,5.0
C-002427152,S-0072,-100.0,1,3,女性,38,2,12,0.3333333333333333,167062,1,12,4406797.312641796,9.01917808219178,6.0
C-000322221,S-0056,-54.126696608024616,1,3,女性,73,11,12,0.0,0,0,15,4406070.585753419,7.528767123287671,4.0
C-000919075,S-0040,-71.13731328946736,1,3,女性,49,8,12,0.4166666666666667,0,0,20,4550116.0180538,8.163013698630138,4.0
C-001760453,S-0102,-100.0,1,3,男性,64,5,12,0.0833333333333333,0,0,16,4383474.364435211,10.484931506849314,7.5
C-002001532,S-0014,-100.0,1,3,女性,63,4,12,0.0833333333333333,0,0,21,4730192.353344672,7.336986301369863,4.0
C-001637878,S-0018,-31.353005008554526,0,3,女性,37,5,12,0.1666666666666666,0,0,16,4493108.581950108,7.550684931506849,5.0
C-001174321,S-0115,-59.057465970109455,1,3,女性,38,7,12,0.1666666666666666,0,0,14,4553643.099564746,10.51095890410959,7.0
C-001641082,S-0074,-99.2642612376537,1,3,女性,43,5,12,0.3333333333333333,1329,2,14,4614054.39694187,8.308219178082192,6.0
C-001070597,S-0004,-23.32144664524709,0,3,女性,21,8,12,0.3333333333333333,5211,1,22,4423576.351309,11.806849315068494,9.0
C-000317367,S-0018,-87.59619095627791,1,3,男性,49,11,12,0.4166666666666667,0,0,16,4493108.581950108,7.550684931506849,5.0
C-000705293,S-0115,-11.809730899481359,0,3,女性,51,9,12,0.0833333333333333,18520,1,14,4553643.099564746,10.51095890410959,7.0
C-002168017,S-0102,-36.04673744969677,0,3,女性,48,3,12,0.4166666666666667,5990,1,16,4383474.364435211,10.484931506849314,7.5
C-000619085,S-0007,-31.32430172706608,0,3,男性,49,10,12,0.3333333333333333,0,0,21,4487075.727367008,3.7260273972602738,1.0
C-000171193,S-0079,-17.75832131897604,0,3,女性,58,12,12,0.0833333333333333,0,0,13,4256656.371085242,8.479452054794521,6.0
C-001734885,S-0062,-26.029582888470348,0,3,男性,47,5,12,0.25,32668,1,15,4713869.782113416,4.575342465753424,1.0
C-000499747,S-0097,-13.94084342212115,0,3,女性,59,10,12,0.0,0,0,21,4592508.716501317,10.09041095890411,7.0
C-001975326,S-0018,-100.0,1,3,男性,53,4,12,0.1666666666666666,0,0,16,4493108.581950108,7.550684931506849,5.0
C-000970495,S-0121,-38.9291895908226,0,3,女性,56,8,12,0.0833333333333333,7555,1,14,4716268.25678644,9.856164383561644,7.0
C-002139976,S-0115,-77.01788477455108,1,3,男性,90,3,12,0.5,35700,2,14,4553643.099564746,10.51095890410959,7.0
C-001460243,S-0102,-100.0,1,3,男性,49,6,12,0.0833333333333333,66348,2,16,4383474.364435211,10.484931506849314,7.5
C-001384813,S-0072,-48.442132157902954,0,3,男性,54,6,12,0.25,4131,1,12,4406797.312641796,9.01917808219178,6.0
C-001938052,S-0117,-100.0,1,3,男性,45,4,12,0.1666666666666666,38402,1,20,4500859.737076383,9.593150684931507,7.0
C-000407005,S-0002,-78.06608115571632,1,3,女性,40,11,12,0.5,15611,1,15,4455566.655169959,5.663013698630137,2.0
C-002067509,S-0002,-100.0,1,3,女性,45,3,12,0.5,0,0,15,4455566.655169959,5.663013698630137,2.0
C-001390546,S-0004,-31.101399127014712,0,3,女性,30,6,12,0.3333333333333333,724,1,22,4423576.351309,11.806849315068494,9.0
C-000806138,S-0007,-63.11158042942626,1,3,女性,29,9,12,0.3333333333333333,3776,1,21,4487075.727367008,3.7260273972602738,1.0
C-000934469,S-0040,-65.82862577668152,1,3,女性,53,8,12,0.1666666666666666,22018,1,20,4550116.0180538,8.163013698630138,4.0
C-001468089,S-0111,-43.599035475804456,0,3,女性,48,6,12,0.0833333333333333,1078,2,19,4489501.980758176,6.397260273972603,4.0
C-000872552,S-0007,-100.0,1,3,男性,67,9,12,0.3333333333333333,0,0,21,4487075.727367008,3.7260273972602738,1.0
C-000819474,S-0002,-17.55118877154217,0,3,女性,41,9,12,0.3333333333333333,19603,1,15,4455566.655169959,5.663013698630137,2.0
C-000235441,S-0017,-12.441406142669518,0,3,男性,71,11,12,0.3333333333333333,0,0,20,4640207.03550726,5.608219178082192,2.5
C-002403173,S-0102,-71.97432844427595,1,3,男性,51,2,12,0.1666666666666666,2930,1,16,4383474.364435211,10.484931506849314,7.5
C-000266155,S-0089,-26.596274992445117,0,3,男性,55,11,12,0.1666666666666666,0,0,19,4721110.949352573,10.142465753424657,7.0
C-000965493,S-0012,-25.310201471058523,0,3,男性,49,8,12,0.3333333333333333,34837,2,16,4444678.825084195,7.994520547945205,5.0
C-000394444,S-0020,-55.79365543553082,1,3,女性,32,11,12,0.25,30666,1,16,4280702.057267675,6.986301369863014,3.5
C-001746226,S-0014,-100.0,1,3,女性,70,5,12,0.3333333333333333,13260,2,21,4730192.353344672,7.336986301369863,4.0
C-002458277,S-0097,-100.0,1,3,女性,42,2,12,0.0,0,0,21,4592508.716501317,10.09041095890411,7.0
C-002226418,S-0121,-17.712062405233496,0,3,男性,39,3,12,0.5833333333333334,4532,1,14,4716268.25678644,9.856164383561644,7.0
C-001934536,S-0005,-6.267074492240342,0,3,男性,63,4,12,0.6666666666666666,24705,1,21,4733942.970761149,4.69041095890411,2.0
C-002492238,S-0036,-61.23226279301686,1,3,男性,49,1,12,0.25,31955,1,19,4397834.424680548,11.123287671232877,9.0
C-001852141,S-0072,-100.0,1,3,男性,39,4,12,0.25,11930,2,12,4406797.312641796,9.01917808219178,6.0
C-000875961,S-0007,-56.59798387341788,1,3,女性,33,9,12,0.4166666666666667,9359,1,21,4487075.727367008,3.7260273972602738,1.0
C-000960205,S-0041,-35.95138904013267,0,3,女性,57,8,12,0.0833333333333333,9098,2,17,4828489.286769263,10.389041095890411,7.0
C-001386510,S-0050,-64.92292518175908,1,3,女性,49,6,12,0.0833333333333333,10551,1,20,4615411.181286601,9.2013698630137,6.0
C-001282993,S-0117,-100.0,1,3,男性,46,7,12,0.4166666666666667,3761,1,20,4500859.737076383,9.593150684931507,7.0
C-002623539,S-0050,-18.11604962713654,0,3,女性,58,1,12,0.6666666666666666,42000,1,20,4615411.181286601,9.2013698630137,6.0
C-000589596,S-0131,-18.342080388701877,0,3,男性,68,10,12,0.4166666666666667,0,0,17,4569023.5643747775,5.13972602739726,2.0
C-002024846,S-0089,-40.55050065981109,0,3,男性,58,3,12,0.1666666666666666,0,0,19,4721110.949352573,10.142465753424657,7.0
C-001566188,S-0079,-100.0,1,3,女性,50,6,12,0.1666666666666666,118350,1,13,4256656.371085242,8.479452054794521,6.0
C-001384257,S-0004,-43.21551941070162,0,3,女性,57,6,12,0.0,10683,1,22,4423576.351309,11.806849315068494,9.0
C-000503894,S-0079,-62.200608196167394,1,3,女性,42,10,12,0.0833333333333333,5310,1,13,4256656.371085242,8.479452054794521,6.0
C-001891243,S-0008,-20.241669304155174,0,3,男性,46,4,12,0.3333333333333333,0,0,22,4498453.308937302,10.772602739726027,7.0
C-001508980,S-0082,-36.47765454968284,0,3,男性,59,6,12,0.3333333333333333,0,0,17,4607261.71451126,4.758904109589041,2.0
C-001106763,S-0111,-38.63067812827834,0,3,女性,56,8,12,0.4166666666666667,0,0,19,4489501.980758176,6.397260273972603,4.0
C-001491851,S-0102,-100.0,1,3,男性,47,6,12,0.3333333333333333,42670,1,16,4383474.364435211,10.484931506849314,7.5
C-001266130,S-0007,-15.9478731995768,0,3,女性,39,7,12,0.0833333333333333,5251,1,21,4487075.727367008,3.7260273972602738,1.0
C-000794579,S-0131,-44.808588339000124,0,3,女性,61,9,12,0.5833333333333334,41310,1,17,4569023.5643747775,5.13972602739726,2.0
C-001359419,S-0097,-100.0,1,3,女性,42,6,12,0.0,0,0,21,4592508.716501317,10.09041095890411,7.0
C-000880040,S-0017,-100.0,1,3,男性,47,9,12,0.1666666666666666,4342,1,20,4640207.03550726,5.608219178082192,2.5
C-000781783,S-0048,-48.18559288315769,0,3,女性,48,9,12,0.4166666666666667,0,0,15,4502249.082895545,3.671232876712329,1.0
C-000352304,S-0072,-29.73473370140725,0,3,女性,42,11,12,0.3333333333333333,116561,1,12,4406797.312641796,9.01917808219178,6.0
C-001140920,S-0121,-66.17780842821928,1,3,女性,57,7,12,0.4166666666666667,0,0,14,4716268.25678644,9.856164383561644,7.0
C-001870707,S-0080,-100.0,1,3,男性,41,4,12,0.25,13312,1,17,4457429.264950683,11.673972602739726,9.0
C-001349237,S-0020,-41.8834788725017,0,3,女性,52,7,12,0.3333333333333333,18997,1,16,4280702.057267675,6.986301369863014,3.5
C-000916115,S-0036,-52.31145335476137,1,3,男性,44,8,12,0.3333333333333333,0,0,19,4397834.424680548,11.123287671232877,9.0
C-001625911,S-0036,-46.23261471487332,0,3,女性,46,5,12,0.5,5149,1,19,4397834.424680548,11.123287671232877,9.0
C-001336390,S-0056,-37.1849475733321,0,3,女性,47,7,12,0.25,67904,2,15,4406070.585753419,7.528767123287671,4.0
C-001752196,S-0040,-66.02664831240341,1,3,女性,37,5,12,0.0,43685,1,20,4550116.0180538,8.163013698630138,4.0
C-001689974,S-0080,-100.0,1,3,男性,54,5,12,0.3333333333333333,8968,1,17,4457429.264950683,11.673972602739726,9.0
C-001316009,S-0014,-57.77988051504694,1,3,男性,20,7,12,0.0833333333333333,17332,1,21,4730192.353344672,7.336986301369863,4.0
C-000743465,S-0030,-37.42326486341425,0,3,女性,41,9,12,0.25,0,0,22,4426478.045479023,9.236986301369862,5.5
C-001934882,S-0115,-100.0,1,3,女性,49,4,12,0.1666666666666666,10671,1,14,4553643.099564746,10.51095890410959,7.0
C-002406376,S-0014,-42.64603950515134,0,3,女性,47,2,12,0.1666666666666666,53483,2,21,4730192.353344672,7.336986301369863,4.0
C-000713434,S-0097,-97.79038827510786,1,3,女性,49,9,12,0.5833333333333334,14115,1,21,4592508.716501317,10.09041095890411,7.0
C-001431905,S-0117,-84.56264314252479,1,3,男性,41,6,12,0.3333333333333333,30295,1,20,4500859.737076383,9.593150684931507,7.0
C-000423310,S-0102,-64.93175761500336,1,3,女性,70,11,12,0.0833333333333333,0,0,16,4383474.364435211,10.484931506849314,7.5
C-000759415,S-0048,-57.03497827697054,1,3,女性,60,9,12,0.0833333333333333,5523,2,15,4502249.082895545,3.671232876712329,1.0
C-002546693,S-0036,-16.127719041371677,0,3,女性,54,1,12,0.5,2924,1,19,4397834.424680548,11.123287671232877,9.0
C-002310965,S-0036,-98.24179060521278,1,3,女性,37,2,12,0.0833333333333333,7341,1,19,4397834.424680548,11.123287671232877,9.0
C-000426477,S-0004,-96.38689450970526,1,3,男性,74,11,12,0.0,41135,1,22,4423576.351309,11.806849315068494,9.0
C-001776207,S-0096,-99.59009009009009,1,3,女性,42,5,12,0.6666666666666666,8541,2,16,4644856.458098179,8.302739726027397,5.0
C-000123516,S-0102,-56.647494152383146,1,3,男性,58,12,12,0.25,5231,1,16,4383474.364435211,10.484931506849314,7.5
C-002315115,S-0039,-100.0,1,3,女性,26,2,12,0.4166666666666667,0,0,16,4591288.568998441,8.193150684931506,5.0
C-000364882,S-0102,-45.31125426149564,0,3,女性,43,11,12,0.25,0,0,16,4383474.364435211,10.484931506849314,7.5
C-000144822,S-0117,-100.0,1,3,女性,53,12,12,0.3333333333333333,0,0,20,4500859.737076383,9.593150684931507,7.0
C-000522536,S-0096,-82.19426626311606,1,3,女性,36,10,12,0.3333333333333333,13214,2,16,4644856.458098179,8.302739726027397,5.0
C-001839913,S-0056,-37.38621749519078,0,3,男性,70,4,12,0.4166666666666667,4428,2,15,4406070.585753419,7.528767123287671,4.0
C-002024248,S-0096,-46.64648174186677,0,3,女性,40,3,12,0.1666666666666666,25440,2,16,4644856.458098179,8.302739726027397,5.0
C-000254174,S-0074,-35.80406167099455,0,3,女性,55,11,12,0.3333333333333333,101137,2,14,4614054.39694187,8.308219178082192,6.0
C-002483404,S-0080,-9.251516902521306,0,3,男性,60,1,12,0.0,54846,1,17,4457429.264950683,11.673972602739726,9.0
C-000270985,S-0117,-77.78475212473481,1,3,女性,43,11,12,0.1666666666666666,9201,1,20,4500859.737076383,9.593150684931507,7.0
C-001294866,S-0059,-34.89714254029277,0,3,男性,52,7,12,0.0833333333333333,0,0,14,4713188.969095345,6.8123287671232875,3.0
C-001621703,S-0007,-11.552015467133678,0,3,女性,66,5,12,0.3333333333333333,0,0,21,4487075.727367008,3.7260273972602738,1.0
C-001989036,S-0089,-41.303127812258204,0,3,男性,37,4,12,0.3333333333333333,100975,1,19,4721110.949352573,10.142465753424657,7.0
C-002496318,S-0041,-43.07240511159034,0,3,男性,50,1,12,0.0833333333333333,12000,2,17,4828489.286769263,10.389041095890411,7.0
C-001063515,S-0039,-59.561547261989425,1,3,女性,63,8,12,0.25,0,0,16,4591288.568998441,8.193150684931506,5.0
C-001232353,S-0072,-28.422473683018133,0,3,女性,41,7,12,0.25,3543,1,12,4406797.312641796,9.01917808219178,6.0
C-002158434,S-0002,-48.10247408679163,0,3,女性,58,3,12,0.25,18654,1,15,4455566.655169959,5.663013698630137,2.0
C-000623380,S-0056,-57.758394198938575,1,3,女性,57,10,12,0.0833333333333333,27708,1,15,4406070.585753419,7.528767123287671,4.0
C-001098996,S-0113,-45.74947046475623,0,3,男性,46,8,12,0.25,0,0,16,4336633.961311346,5.77945205479452,2.5
C-000126556,S-0085,-13.320881266714776,0,3,男性,40,12,12,0.3333333333333333,0,0,15,4606655.398026554,4.928767123287671,2.0
C-000894710,S-0036,-100.0,1,3,男性,56,9,12,0.25,1624,1,19,4397834.424680548,11.123287671232877,9.0
C-000265391,S-0121,-40.31229738491463,0,3,女性,44,11,12,0.5,26666,1,14,4716268.25678644,9.856164383561644,7.0
C-000373430,S-0040,-100.0,1,3,女性,62,11,12,0.0833333333333333,0,0,20,4550116.0180538,8.163013698630138,4.0
C-001365130,S-0096,-54.321334417424296,1,3,女性,44,6,12,0.3333333333333333,10700,1,16,4644856.458098179,8.302739726027397,5.0
C-001637665,S-0079,-44.84444849922452,0,3,女性,45,5,12,0.1666666666666666,1692,1,13,4256656.371085242,8.479452054794521,6.0
C-001940040,S-0014,-84.3100811095741,1,3,男性,46,4,12,0.4166666666666667,22967,1,21,4730192.353344672,7.336986301369863,4.0
C-000717199,S-0075,-16.632013785076058,0,3,男性,40,9,12,0.5,0,0,19,4506647.2743158825,4.526027397260274,1.0
C-002399621,S-0056,-39.78614237593195,0,3,男性,49,2,12,0.0,31987,1,15,4406070.585753419,7.528767123287671,4.0
C-002059024,S-0039,-40.359312146417295,0,3,女性,61,3,12,0.5,4316,1,16,4591288.568998441,8.193150684931506,5.0
C-002619668,S-0072,-92.53727676926479,1,3,男性,27,1,12,0.0,60884,1,12,4406797.312641796,9.01917808219178,6.0
C-000446992,S-0007,-100.0,1,3,女性,46,11,12,0.0833333333333333,9459,1,21,4487075.727367008,3.7260273972602738,1.0
C-001851450,S-0080,-100.0,1,3,女性,69,4,12,0.3333333333333333,0,0,17,4457429.264950683,11.673972602739726,9.0
C-000607318,S-0097,-100.0,1,3,男性,30,10,12,0.0833333333333333,6879,1,21,4592508.716501317,10.09041095890411,7.0
C-001301332,S-0056,-61.392738712694495,1,3,女性,37,7,12,0.25,0,0,15,4406070.585753419,7.528767123287671,4.0
C-001166566,S-0115,-74.29278409340297,1,3,女性,68,7,12,0.3333333333333333,60182,1,14,4553643.099564746,10.51095890410959,7.0
C-002361154,S-0005,-25.055038437603987,0,3,男性,50,2,12,0.25,25531,1,21,4733942.970761149,4.69041095890411,2.0
C-000061843,S-0117,-93.73135422393256,1,3,女性,63,12,12,0.1666666666666666,0,0,20,4500859.737076383,9.593150684931507,7.0
C-001048574,S-0040,-100.0,1,3,女性,43,8,12,0.5,0,0,20,4550116.0180538,8.163013698630138,4.0
C-001892689,S-0115,-39.69076712020417,0,3,女性,60,4,12,0.25,11770,2,14,4553643.099564746,10.51095890410959,7.0
C-001073392,S-0036,-100.0,1,3,女性,57,8,12,0.25,1417,1,19,4397834.424680548,11.123287671232877,9.0
C-002023507,S-0121,-31.918095971722572,0,3,男性,52,3,12,0.3333333333333333,3023,2,14,4716268.25678644,9.856164383561644,7.0
C-002544935,S-0062,-29.342506764926018,0,3,女性,32,1,12,0.1666666666666666,8481,2,15,4713869.782113416,4.575342465753424,1.0
C-000720196,S-0072,-17.730943916102405,0,3,女性,41,9,12,0.3333333333333333,15221,2,12,4406797.312641796,9.01917808219178,6.0
C-002452745,S-0063,-23.0159803905964,0,3,女性,47,2,12,0.0833333333333333,0,0,18,4564012.176421695,5.749315068493151,3.0
C-000770804,S-0002,-100.0,1,3,男性,44,9,12,0.0,46665,2,15,4455566.655169959,5.663013698630137,2.0
C-002413777,S-0121,-69.60322560144616,1,3,女性,32,2,12,0.25,5145,1,14,4716268.25678644,9.856164383561644,7.0
C-000825026,S-0117,-50.2460116793087,1,3,男性,56,9,12,0.0833333333333333,3493,1,20,4500859.737076383,9.593150684931507,7.0
C-002432619,S-0080,-28.282225794029504,0,3,女性,54,2,12,0.1666666666666666,0,0,17,4457429.264950683,11.673972602739726,9.0
C-001212114,S-0096,-100.0,1,3,女性,70,7,12,0.6666666666666666,10837,1,16,4644856.458098179,8.302739726027397,5.0
C-001034154,S-0131,-11.3970771058375,0,3,男性,57,8,12,0.3333333333333333,204819,1,17,4569023.5643747775,5.13972602739726,2.0
C-000860410,S-0121,-30.225493110457773,0,3,男性,52,9,12,0.3333333333333333,0,0,14,4716268.25678644,9.856164383561644,7.0
C-002441023,S-0018,-4.443210594206255,0,3,男性,22,2,12,0.0833333333333333,0,0,16,4493108.581950108,7.550684931506849,5.0
C-001455585,S-0063,-17.397988212006386,0,3,女性,49,6,12,0.1666666666666666,0,0,18,4564012.176421695,5.749315068493151,3.0
C-001027629,S-0072,-43.69184141274008,0,3,女性,58,8,12,0.3333333333333333,9859,2,12,4406797.312641796,9.01917808219178,6.0
C-001144631,S-0012,-82.69601654416036,1,3,男性,49,7,12,0.1666666666666666,9474,1,16,4444678.825084195,7.994520547945205,5.0
C-000863330,S-0030,-52.85997037745499,1,3,女性,25,9,12,0.25,13526,2,22,4426478.045479023,9.236986301369862,5.5
C-001727388,S-0117,-67.79341442657176,1,3,男性,38,5,12,0.1666666666666666,10517,1,20,4500859.737076383,9.593150684931507,7.0
C-000415030,S-0002,-100.0,1,3,女性,46,11,12,0.3333333333333333,0,0,15,4455566.655169959,5.663013698630137,2.0
C-000684736,S-0050,-27.387199307867366,0,3,女性,28,9,12,0.25,2272,1,20,4615411.181286601,9.2013698630137,6.0
C-001963571,S-0036,-83.88619704311094,1,3,男性,66,4,12,0.5,12801,1,19,4397834.424680548,11.123287671232877,9.0
C-000557372,S-0096,-71.0600662500247,1,3,男性,62,10,12,0.25,0,0,16,4644856.458098179,8.302739726027397,5.0
C-000847639,S-0002,-53.409734741179506,1,3,女性,58,9,12,0.5833333333333334,0,0,15,4455566.655169959,5.663013698630137,2.0
C-000636171,S-0020,-72.08522845506704,1,3,女性,57,10,12,0.3333333333333333,5857,2,16,4280702.057267675,6.986301369863014,3.5
C-001339488,S-0063,-17.529037970727643,0,3,女性,52,7,12,0.4166666666666667,14194,1,18,4564012.176421695,5.749315068493151,3.0
C-001815058,S-0056,-34.14936043569808,0,3,女性,54,4,12,0.4166666666666667,7339,2,15,4406070.585753419,7.528767123287671,4.0
C-000583326,S-0115,-36.16281097505106,0,3,女性,54,10,12,0.1666666666666666,8825,2,14,4553643.099564746,10.51095890410959,7.0
C-000813212,S-0041,-34.08695015140169,0,3,女性,47,9,12,0.3333333333333333,35972,2,17,4828489.286769263,10.389041095890411,7.0
C-000125093,S-0117,-47.82517855341713,0,3,女性,47,12,12,0.1666666666666666,0,0,20,4500859.737076383,9.593150684931507,7.0
C-001778036,S-0111,-99.16385990531596,1,3,男性,57,5,12,0.25,0,0,19,4489501.980758176,6.397260273972603,4.0
C-000848044,S-0111,-36.0111028979167,0,3,女性,73,9,12,0.3333333333333333,47722,1,19,4489501.980758176,6.397260273972603,4.0
C-002519495,S-0054,-21.63459768622839,0,3,女性,43,1,12,0.1666666666666666,44912,2,23,4489160.181517739,6.358904109589041,4.0
C-002433848,S-0004,-71.99270518484073,1,3,女性,36,2,12,0.0833333333333333,38239,1,22,4423576.351309,11.806849315068494,9.0
C-000200075,S-0074,-18.495460631832962,0,3,女性,46,12,12,0.0,57202,2,14,4614054.39694187,8.308219178082192,6.0
C-002390731,S-0089,-100.0,1,3,女性,51,2,12,0.0833333333333333,4701,1,19,4721110.949352573,10.142465753424657,7.0
C-001302806,S-0002,-36.85818865643574,0,3,女性,46,7,12,0.3333333333333333,0,0,15,4455566.655169959,5.663013698630137,2.0
C-000603135,S-0050,-35.12425370816918,0,3,女性,21,10,12,0.1666666666666666,2061,1,20,4615411.181286601,9.2013698630137,6.0
C-002087600,S-0036,-41.595689467125666,0,3,男性,56,3,12,0.25,49113,2,19,4397834.424680548,11.123287671232877,9.0
C-001713835,S-0041,-66.77440516051442,1,3,女性,29,5,12,0.0833333333333333,41575,1,17,4828489.286769263,10.389041095890411,7.0
C-002104703,S-0075,-23.125588327580797,0,3,男性,47,3,12,0.3333333333333333,0,0,19,4506647.2743158825,4.526027397260274,1.0
C-000702604,S-0099,-26.33881426231934,0,3,女性,47,9,12,0.4166666666666667,24242,2,13,4464126.154078853,8.147945205479452,5.0
C-000765808,S-0115,-53.57558931219173,1,3,男性,25,9,12,0.0833333333333333,6308,1,14,4553643.099564746,10.51095890410959,7.0
C-000591384,S-0111,-100.0,1,3,男性,57,10,12,0.1666666666666666,0,0,19,4489501.980758176,6.397260273972603,4.0
C-001185874,S-0020,-100.0,1,3,女性,31,7,12,0.5833333333333334,28229,1,16,4280702.057267675,6.986301369863014,3.5
C-000823066,S-0008,-54.49396380250901,1,3,女性,32,9,12,0.4166666666666667,44474,1,22,4498453.308937302,10.772602739726027,7.0
C-001936209,S-0099,-100.0,1,3,女性,47,4,12,0.0833333333333333,6884,1,13,4464126.154078853,8.147945205479452,5.0
C-000962081,S-0012,-49.10999276280836,1,3,男性,58,8,12,0.1666666666666666,6834,1,16,4444678.825084195,7.994520547945205,5.0
C-001933713,S-0080,-43.71382960034016,0,3,女性,42,4,12,0.25,45847,2,17,4457429.264950683,11.673972602739726,9.0
C-000452850,S-0079,-92.15628854635324,1,3,男性,27,10,12,0.5,6905,1,13,4256656.371085242,8.479452054794521,6.0
C-000560598,S-0111,-100.0,1,3,女性,23,10,12,0.1666666666666666,70764,1,19,4489501.980758176,6.397260273972603,4.0
C-001431478,S-0079,-100.0,1,3,男性,57,6,12,0.3333333333333333,13956,2,13,4256656.371085242,8.479452054794521,6.0
C-000392082,S-0036,-56.3732378290358,1,3,女性,47,11,12,0.0833333333333333,0,0,19,4397834.424680548,11.123287671232877,9.0
C-002431519,S-0080,-81.69682374381672,1,3,男性,68,2,12,0.0,0,0,17,4457429.264950683,11.673972602739726,9.0
C-000206023,S-0007,-71.37431900425499,1,3,男性,33,12,12,0.1666666666666666,5878,1,21,4487075.727367008,3.7260273972602738,1.0
C-000278302,S-0096,-31.598767641860714,0,3,女性,44,11,12,0.1666666666666666,5670,1,16,4644856.458098179,8.302739726027397,5.0
C-001233368,S-0117,-14.33589415096684,0,3,女性,34,7,12,0.0833333333333333,1583,1,20,4500859.737076383,9.593150684931507,7.0
C-000151847,S-0080,-22.440829746396975,0,3,男性,42,12,12,0.0833333333333333,26389,1,17,4457429.264950683,11.673972602739726,9.0
C-002026694,S-0117,-100.0,1,3,女性,41,3,12,0.4166666666666667,5580,2,20,4500859.737076383,9.593150684931507,7.0
C-000835536,S-0074,-33.723831175764396,0,3,女性,52,9,12,0.5,46856,1,14,4614054.39694187,8.308219178082192,6.0
C-000556268,S-0096,-67.0404216829892,1,3,男性,66,10,12,0.1666666666666666,0,0,16,4644856.458098179,8.302739726027397,5.0
C-001902205,S-0002,-20.514379725765494,0,3,女性,36,4,12,0.0,27392,2,15,4455566.655169959,5.663013698630137,2.0
C-001352352,S-0085,-100.0,1,3,男性,48,6,12,0.4166666666666667,0,0,15,4606655.398026554,4.928767123287671,2.0
C-000558907,S-0079,-100.0,1,3,男性,21,10,12,0.3333333333333333,0,0,13,4256656.371085242,8.479452054794521,6.0
C-000424841,S-0121,-30.22445703745089,0,3,女性,50,11,12,0.25,0,0,14,4716268.25678644,9.856164383561644,7.0
C-002050898,S-0017,-33.82933100650707,0,3,男性,65,3,12,0.1666666666666666,8519,1,20,4640207.03550726,5.608219178082192,2.5
C-000019860,S-0039,-100.0,1,3,男性,45,12,12,0.3333333333333333,138328,1,16,4591288.568998441,8.193150684931506,5.0
C-000204520,S-0115,-65.75972217017078,1,3,男性,43,12,12,0.0,0,0,14,4553643.099564746,10.51095890410959,7.0
C-001955018,S-0121,-39.7538481980841,0,3,男性,49,4,12,0.1666666666666666,0,0,14,4716268.25678644,9.856164383561644,7.0
C-000706319,S-0056,-89.23379534330543,1,3,女性,46,9,12,0.3333333333333333,5862,2,15,4406070.585753419,7.528767123287671,4.0
C-002595884,S-0012,-42.19308391535804,0,3,女性,62,1,12,0.1666666666666666,0,0,16,4444678.825084195,7.994520547945205,5.0
C-000889505,S-0111,-76.6332027147584,1,3,女性,45,9,12,0.25,8269,1,19,4489501.980758176,6.397260273972603,4.0
C-001299717,S-0079,-100.0,1,3,男性,52,7,12,0.25,0,0,13,4256656.371085242,8.479452054794521,6.0
C-002616283,S-0099,-100.0,1,3,女性,50,1,12,0.0,57934,2,13,4464126.154078853,8.147945205479452,5.0
C-001528528,S-0117,-25.44925912415099,0,3,男性,59,6,12,0.25,6361,2,20,4500859.737076383,9.593150684931507,7.0
C-000338058,S-0036,-47.126345569969644,0,3,女性,72,11,12,0.0833333333333333,8206,1,19,4397834.424680548,11.123287671232877,9.0
C-001552558,S-0004,-100.0,1,3,男性,50,6,12,0.25,0,0,22,4423576.351309,11.806849315068494,9.0
C-002293459,S-0102,-51.20909207842561,1,3,男性,56,2,12,0.25,0,0,16,4383474.364435211,10.484931506849314,7.5
C-001050991,S-0007,-75.37164821933034,1,3,女性,33,8,12,0.3333333333333333,0,0,21,4487075.727367008,3.7260273972602738,1.0
C-001043123,S-0106,-100.0,1,3,女性,20,8,12,0.0833333333333333,908,1,20,4462729.145118021,6.171232876712329,3.5
C-001691900,S-0012,-100.0,1,3,男性,52,5,12,0.1666666666666666,29283,1,16,4444678.825084195,7.994520547945205,5.0
C-002314625,S-0040,-25.491334695227895,0,3,男性,57,2,12,0.4166666666666667,0,0,20,4550116.0180538,8.163013698630138,4.0
C-002663325,S-0019,-100.0,1,3,女性,78,1,12,0.25,0,0,19,4327199.920883598,4.090410958904109,1.0
C-001786633,S-0131,-100.0,1,3,女性,63,5,12,0.0,0,0,17,4569023.5643747775,5.13972602739726,2.0
C-001552774,S-0017,-69.07295731346814,1,3,女性,58,6,12,0.6666666666666666,0,0,20,4640207.03550726,5.608219178082192,2.5
C-001955327,S-0131,-100.0,1,3,女性,56,4,12,0.0,6865,2,17,4569023.5643747775,5.13972602739726,2.0
C-000803817,S-0111,-42.32270351036323,0,3,女性,54,9,12,0.5833333333333334,0,0,19,4489501.980758176,6.397260273972603,4.0
C-001673266,S-0113,-22.44032907369065,0,3,女性,40,5,12,0.4166666666666667,37670,1,16,4336633.961311346,5.77945205479452,2.5
C-000845455,S-0039,-100.0,1,3,女性,46,9,12,0.6666666666666666,13969,2,16,4591288.568998441,8.193150684931506,5.0
C-000058617,S-0102,-100.0,1,3,女性,41,12,12,0.0833333333333333,0,0,16,4383474.364435211,10.484931506849314,7.5
C-000526024,S-0050,-41.89382351565996,0,3,男性,54,10,12,0.3333333333333333,5152,1,20,4615411.181286601,9.2013698630137,6.0
C-000081526,S-0075,-41.772208067862046,0,3,女性,59,12,12,0.1666666666666666,5048,1,19,4506647.2743158825,4.526027397260274,1.0
C-000379810,S-0117,-100.0,1,3,女性,37,11,12,0.5833333333333334,0,0,20,4500859.737076383,9.593150684931507,7.0
C-002611920,S-0004,-52.0018232545093,1,3,女性,59,1,12,0.1666666666666666,13884,2,22,4423576.351309,11.806849315068494,9.0
C-001181393,S-0036,-100.0,1,3,女性,66,7,12,0.1666666666666666,16998,1,19,4397834.424680548,11.123287671232877,9.0
C-001796590,S-0117,-48.2531258499151,0,3,女性,54,5,12,0.0833333333333333,89023,1,20,4500859.737076383,9.593150684931507,7.0
C-000128476,S-0074,-32.88900474088073,0,3,女性,39,12,12,0.5,0,0,14,4614054.39694187,8.308219178082192,6.0
C-001302892,S-0111,-16.14307985340617,0,3,男性,61,7,12,0.25,0,0,19,4489501.980758176,6.397260273972603,4.0
C-000162438,S-0062,-100.0,1,3,女性,76,12,12,0.5,5111,1,15,4713869.782113416,4.575342465753424,1.0
C-000802700,S-0074,-100.0,1,3,男性,50,9,12,0.3333333333333333,4556,2,14,4614054.39694187,8.308219178082192,6.0
C-001157182,S-0113,-30.82084479397849,0,3,男性,41,7,12,0.75,5082,1,16,4336633.961311346,5.77945205479452,2.5
C-000785621,S-0074,-24.462949600790576,0,3,女性,55,9,12,0.5,32088,2,14,4614054.39694187,8.308219178082192,6.0
C-000615320,S-0089,-30.92219168376122,0,3,男性,76,10,12,0.25,0,0,19,4721110.949352573,10.142465753424657,7.0
C-001477137,S-0018,-45.48437831505346,0,3,女性,58,6,12,0.25,16904,1,16,4493108.581950108,7.550684931506849,5.0
C-002382927,S-0019,-16.735763520231895,0,3,男性,49,2,12,0.25,0,0,19,4327199.920883598,4.090410958904109,1.0
C-000793870,S-0039,-26.816621309736433,0,3,男性,31,9,12,0.3333333333333333,0,0,16,4591288.568998441,8.193150684931506,5.0
C-000594822,S-0115,-22.822343476292186,0,3,女性,56,10,12,0.3333333333333333,0,0,14,4553643.099564746,10.51095890410959,7.0
C-001952872,S-0054,-37.79465827973967,0,3,女性,36,4,12,0.3333333333333333,4768,1,23,4489160.181517739,6.358904109589041,4.0
C-000259003,S-0054,-8.511854750103161,0,3,女性,59,11,12,0.0833333333333333,27281,1,23,4489160.181517739,6.358904109589041,4.0
C-001096356,S-0096,-10.790779767546375,0,3,男性,41,8,12,0.5,43985,1,16,4644856.458098179,8.302739726027397,5.0
C-001068342,S-0004,-57.05377972664314,1,3,女性,58,8,12,0.25,5515,1,22,4423576.351309,11.806849315068494,9.0
C-000768041,S-0017,-100.0,1,3,女性,37,9,12,0.0833333333333333,0,0,20,4640207.03550726,5.608219178082192,2.5
C-002188224,S-0020,-56.17525876796302,1,3,女性,48,3,12,0.8333333333333334,0,0,16,4280702.057267675,6.986301369863014,3.5
C-002174410,S-0111,-84.46295411586316,1,3,男性,40,3,12,0.0833333333333333,0,0,19,4489501.980758176,6.397260273972603,4.0
C-000660845,S-0115,-100.0,1,3,男性,49,10,12,0.1666666666666666,0,0,14,4553643.099564746,10.51095890410959,7.0
C-000600363,S-0050,-28.102698679250203,0,3,女性,56,10,12,0.1666666666666666,24145,1,20,4615411.181286601,9.2013698630137,6.0
C-000245759,S-0002,-16.31841705413958,0,3,女性,60,11,12,0.3333333333333333,0,0,15,4455566.655169959,5.663013698630137,2.0
C-000504791,S-0121,-78.01408267939708,1,3,男性,42,10,12,0.3333333333333333,9153,2,14,4716268.25678644,9.856164383561644,7.0
C-000282265,S-0018,-69.67799735397374,1,3,女性,36,11,12,0.1666666666666666,0,0,16,4493108.581950108,7.550684931506849,5.0
C-000138847,S-0096,-57.88101070256637,1,3,男性,54,12,12,0.25,0,0,16,4644856.458098179,8.302739726027397,5.0
C-001040901,S-0014,-85.01549922822772,1,3,女性,60,8,12,0.1666666666666666,25370,2,21,4730192.353344672,7.336986301369863,4.0
C-001797063,S-0036,-43.332396436178676,0,3,女性,49,5,12,0.25,0,0,19,4397834.424680548,11.123287671232877,9.0
C-000114508,S-0082,-33.123640538266045,0,3,女性,51,12,12,0.3333333333333333,12717,2,17,4607261.71451126,4.758904109589041,2.0
C-002510357,S-0054,-81.32723409790573,1,3,女性,61,1,12,0.4166666666666667,0,0,23,4489160.181517739,6.358904109589041,4.0
C-002025871,S-0007,-100.0,1,3,女性,36,3,12,0.3333333333333333,21169,1,21,4487075.727367008,3.7260273972602738,1.0
C-001055145,S-0014,-57.46032788500217,1,3,女性,44,8,12,0.1666666666666666,13674,1,21,4730192.353344672,7.336986301369863,4.0
C-000510756,S-0059,-41.57047298716232,0,3,男性,77,10,12,0.0833333333333333,16202,1,14,4713188.969095345,6.8123287671232875,3.0
C-000655563,S-0075,-11.730774166179803,0,3,男性,48,10,12,0.75,12208,1,19,4506647.2743158825,4.526027397260274,1.0
C-001361522,S-0056,-73.53980679110926,1,3,女性,31,6,12,0.25,22982,1,15,4406070.585753419,7.528767123287671,4.0
C-001769082,S-0050,-21.455419606620666,0,3,女性,43,5,12,0.4166666666666667,1690,1,20,4615411.181286601,9.2013698630137,6.0
C-001981770,S-0020,-100.0,1,3,男性,51,4,12,0.0833333333333333,7682,1,16,4280702.057267675,6.986301369863014,3.5
C-001565128,S-0131,-34.20925336325537,0,3,男性,67,6,12,0.3333333333333333,0,0,17,4569023.5643747775,5.13972602739726,2.0
C-002032067,S-0036,-100.0,1,3,女性,49,3,12,0.0833333333333333,0,0,19,4397834.424680548,11.123287671232877,9.0
C-000246258,S-0079,-87.87943274485436,1,3,男性,49,11,12,0.25,16487,1,13,4256656.371085242,8.479452054794521,6.0
C-001038346,S-0063,-17.17561758080537,0,3,女性,60,8,12,0.0833333333333333,0,0,18,4564012.176421695,5.749315068493151,3.0
C-000432652,S-0050,-21.71158602805631,0,3,女性,60,11,12,0.1666666666666666,15049,1,20,4615411.181286601,9.2013698630137,6.0
C-001135044,S-0099,-54.6436295713724,1,3,女性,39,7,12,0.25,16878,1,13,4464126.154078853,8.147945205479452,5.0
C-001837392,S-0097,-100.0,1,3,男性,50,4,12,0.25,12570,1,21,4592508.716501317,10.09041095890411,7.0
C-002532180,S-0085,-100.0,1,3,男性,37,1,12,0.1666666666666666,0,0,15,4606655.398026554,4.928767123287671,2.0
C-000477194,S-0117,-22.936791874288186,0,3,女性,53,10,12,0.5833333333333334,9512,2,20,4500859.737076383,9.593150684931507,7.0
C-000061637,S-0036,-100.0,1,3,男性,49,12,12,0.1666666666666666,0,0,19,4397834.424680548,11.123287671232877,9.0
C-001106364,S-0050,-24.683302547262322,0,3,男性,47,8,12,0.6666666666666666,5689,1,20,4615411.181286601,9.2013698630137,6.0
C-000305544,S-0040,-38.492905703967104,0,3,男性,33,11,12,0.25,0,0,20,4550116.0180538,8.163013698630138,4.0
C-002134566,S-0063,-100.0,1,3,女性,71,3,12,0.0833333333333333,11400,1,18,4564012.176421695,5.749315068493151,3.0
C-000601436,S-0126,-100.0,1,3,女性,67,10,12,0.3333333333333333,0,0,17,4493168.352495564,5.53972602739726,3.0
C-002399315,S-0018,-42.911944050591075,0,3,男性,52,2,12,0.1666666666666666,6335,2,16,4493108.581950108,7.550684931506849,5.0
C-000687448,S-0059,-100.0,1,3,男性,43,9,12,0.3333333333333333,0,0,14,4713188.969095345,6.8123287671232875,3.0
C-000132042,S-0117,-63.04374224545286,1,3,女性,23,12,12,0.0833333333333333,40687,1,20,4500859.737076383,9.593150684931507,7.0
C-002116629,S-0085,-2.036550041923927,0,3,男性,42,3,12,0.25,0,0,15,4606655.398026554,4.928767123287671,2.0
C-001133889,S-0074,-100.0,1,3,男性,31,7,12,0.4166666666666667,23928,1,14,4614054.39694187,8.308219178082192,6.0
C-002289326,S-0014,-56.65449860425167,1,3,男性,54,2,12,0.0833333333333333,111568,2,21,4730192.353344672,7.336986301369863,4.0
C-000221594,S-0012,-78.92295878412797,1,3,女性,46,12,12,0.25,24998,1,16,4444678.825084195,7.994520547945205,5.0
C-001269058,S-0050,-100.0,1,3,男性,49,7,12,0.25,13499,1,20,4615411.181286601,9.2013698630137,6.0
C-002312837,S-0004,-39.03918238365359,0,3,女性,38,2,12,0.25,0,0,22,4423576.351309,11.806849315068494,9.0
C-001929747,S-0008,-100.0,1,3,女性,39,4,12,0.4166666666666667,0,0,22,4498453.308937302,10.772602739726027,7.0
C-000373749,S-0007,-30.240582313182397,0,3,女性,44,11,12,0.25,31808,1,21,4487075.727367008,3.7260273972602738,1.0
C-002661829,S-0100,-42.02161152072797,0,3,男性,40,1,12,0.5,463161,1,17,4535925.154217558,4.720547945205479,2.0
C-000044607,S-0074,-49.735629638179134,1,3,女性,67,12,12,0.25,0,0,14,4614054.39694187,8.308219178082192,6.0
C-001464858,S-0115,-100.0,1,3,女性,45,6,12,0.25,0,0,14,4553643.099564746,10.51095890410959,7.0
C-000509416,S-0113,-59.911491542201645,1,3,男性,41,10,12,0.1666666666666666,34834,1,16,4336633.961311346,5.77945205479452,2.5
C-001023546,S-0059,-59.459811315842,1,3,女性,50,8,12,0.3333333333333333,0,0,14,4713188.969095345,6.8123287671232875,3.0
C-001466655,S-0039,-29.430480795547854,0,3,男性,33,6,12,0.5,5840,1,16,4591288.568998441,8.193150684931506,5.0
C-002366816,S-0099,-100.0,1,3,女性,62,2,12,0.5,0,0,13,4464126.154078853,8.147945205479452,5.0
C-001000860,S-0007,-100.0,1,3,女性,70,8,12,0.6666666666666666,0,0,21,4487075.727367008,3.7260273972602738,1.0
C-000602617,S-0041,-62.283837930209906,1,3,男性,54,10,12,0.1666666666666666,8120,1,17,4828489.286769263,10.389041095890411,7.0
C-000100551,S-0012,-59.169912056672025,1,3,女性,58,12,12,0.25,204069,1,16,4444678.825084195,7.994520547945205,5.0
C-001351255,S-0036,-34.06058493930644,0,3,男性,55,6,12,0.1666666666666666,40211,1,19,4397834.424680548,11.123287671232877,9.0
C-002077960,S-0020,-28.893693111216624,0,3,女性,78,3,12,0.1666666666666666,75608,2,16,4280702.057267675,6.986301369863014,3.5
C-000571127,S-0082,-100.0,1,3,女性,50,10,12,0.3333333333333333,11710,1,17,4607261.71451126,4.758904109589041,2.0
C-002362365,S-0005,-27.107190756215825,0,3,女性,46,2,12,0.3333333333333333,0,0,21,4733942.970761149,4.69041095890411,2.0
C-001496993,S-0085,-38.04327775807024,0,3,男性,36,6,12,0.6666666666666666,0,0,15,4606655.398026554,4.928767123287671,2.0
C-002395119,S-0074,-47.7346973305741,0,3,女性,43,2,12,0.25,115173,2,14,4614054.39694187,8.308219178082192,6.0
C-002634357,S-0048,-31.36991337706347,0,3,女性,51,1,12,0.4166666666666667,9548,2,15,4502249.082895545,3.671232876712329,1.0
C-000023824,S-0036,-100.0,1,3,女性,29,12,12,0.1666666666666666,31708,2,19,4397834.424680548,11.123287671232877,9.0
C-000907478,S-0115,-100.0,1,3,男性,61,8,12,0.0833333333333333,4971,2,14,4553643.099564746,10.51095890410959,7.0
C-000347413,S-0096,-43.6109018161033,0,3,男性,40,11,12,0.3333333333333333,0,0,16,4644856.458098179,8.302739726027397,5.0
C-001190822,S-0089,-100.0,1,3,女性,55,7,12,0.25,0,0,19,4721110.949352573,10.142465753424657,7.0
C-002051431,S-0036,-38.32479419722526,0,3,男性,46,3,12,0.25,4914,1,19,4397834.424680548,11.123287671232877,9.0
C-000824870,S-0041,-100.0,1,3,男性,60,9,12,0.25,0,0,17,4828489.286769263,10.389041095890411,7.0
C-001877258,S-0040,-30.672775905290813,0,3,女性,56,4,12,0.75,5344,1,20,4550116.0180538,8.163013698630138,4.0
C-000909004,S-0054,-97.76820731400494,1,3,男性,41,8,12,0.9166666666666666,0,0,23,4489160.181517739,6.358904109589041,4.0
C-001535055,S-0106,-18.539352315431103,0,3,女性,58,6,12,0.25,0,0,20,4462729.145118021,6.171232876712329,3.5
C-001340525,S-0005,-62.93716723091378,1,3,女性,69,7,12,0.6666666666666666,0,0,21,4733942.970761149,4.69041095890411,2.0
C-000624752,S-0040,-44.93826178066022,0,3,女性,56,10,12,0.5,127744,1,20,4550116.0180538,8.163013698630138,4.0
C-001115763,S-0048,-34.60604107758979,0,3,男性,60,8,12,0.4166666666666667,1668,2,15,4502249.082895545,3.671232876712329,1.0
C-001545628,S-0040,-34.19862503106105,0,3,女性,34,6,12,0.1666666666666666,38058,1,20,4550116.0180538,8.163013698630138,4.0
C-000388631,S-0111,-100.0,1,3,男性,46,11,12,0.1666666666666666,4203,1,19,4489501.980758176,6.397260273972603,4.0
C-001429156,S-0099,-82.3820750716624,1,3,女性,44,6,12,0.5833333333333334,15045,2,13,4464126.154078853,8.147945205479452,5.0
C-000634188,S-0074,-100.0,1,3,女性,54,10,12,0.0,1340,1,14,4614054.39694187,8.308219178082192,6.0
C-000177113,S-0097,-100.0,1,3,女性,51,12,12,0.3333333333333333,12222,1,21,4592508.716501317,10.09041095890411,7.0
C-001179340,S-0048,-27.345747352794902,0,3,女性,59,7,12,0.25,11611,2,15,4502249.082895545,3.671232876712329,1.0
C-000487248,S-0121,-76.06056355588804,1,3,女性,58,10,12,0.25,2512,1,14,4716268.25678644,9.856164383561644,7.0
C-000567866,S-0072,-100.0,1,3,男性,41,10,12,0.25,0,0,12,4406797.312641796,9.01917808219178,6.0
C-000382659,S-0014,-12.690971424067884,0,3,女性,47,11,12,0.5,857,2,21,4730192.353344672,7.336986301369863,4.0
C-000334080,S-0126,-100.0,1,3,女性,59,11,12,0.0833333333333333,22486,1,17,4493168.352495564,5.53972602739726,3.0
C-000812878,S-0059,-22.710090586467217,0,3,男性,26,9,12,0.1666666666666666,6613,1,14,4713188.969095345,6.8123287671232875,3.0
C-000575546,S-0089,-22.65821667108159,0,3,女性,69,10,12,0.1666666666666666,26711,2,19,4721110.949352573,10.142465753424657,7.0
C-002359693,S-0002,-9.584256918150524,0,3,女性,33,2,12,0.3333333333333333,0,0,15,4455566.655169959,5.663013698630137,2.0
C-001088806,S-0097,-73.85097084940253,1,3,女性,33,8,12,0.1666666666666666,3220,1,21,4592508.716501317,10.09041095890411,7.0
C-000694462,S-0079,-68.03597992990595,1,3,女性,44,9,12,0.4166666666666667,36603,1,13,4256656.371085242,8.479452054794521,6.0
C-000556868,S-0020,-76.38375682735692,1,3,女性,71,10,12,0.1666666666666666,0,0,16,4280702.057267675,6.986301369863014,3.5
C-001505941,S-0036,-100.0,1,3,女性,24,6,12,0.1666666666666666,0,0,19,4397834.424680548,11.123287671232877,9.0
C-000076841,S-0039,-35.046091557555805,0,3,女性,90,12,12,0.75,0,0,16,4591288.568998441,8.193150684931506,5.0
C-001195216,S-0062,-26.325795064660863,0,3,女性,31,7,12,0.3333333333333333,0,0,15,4713869.782113416,4.575342465753424,1.0
C-000070930,S-0020,-75.32344678655379,1,3,男性,65,12,12,0.5,0,0,16,4280702.057267675,6.986301369863014,3.5
C-000129373,S-0018,-100.0,1,3,男性,43,12,12,0.4166666666666667,11431,2,16,4493108.581950108,7.550684931506849,5.0
C-002603067,S-0018,-95.95842053615624,1,3,女性,43,1,12,0.1666666666666666,17495,1,16,4493108.581950108,7.550684931506849,5.0
C-000409094,S-0079,-100.0,1,3,男性,53,11,12,0.5,14859,2,13,4256656.371085242,8.479452054794521,6.0
C-000642269,S-0048,-57.8754926134328,1,3,女性,32,10,12,0.0833333333333333,0,0,15,4502249.082895545,3.671232876712329,1.0
C-000843711,S-0012,-100.0,1,3,女性,45,9,12,0.25,1200,1,16,4444678.825084195,7.994520547945205,5.0
C-000024857,S-0004,-36.54002479135172,0,3,男性,55,12,12,0.25,18128,1,22,4423576.351309,11.806849315068494,9.0
C-002251675,S-0056,-100.0,1,3,女性,74,2,12,0.4166666666666667,0,0,15,4406070.585753419,7.528767123287671,4.0
C-001049516,S-0097,-57.6918685960556,1,3,女性,39,8,12,0.3333333333333333,20388,2,21,4592508.716501317,10.09041095890411,7.0
C-001942956,S-0096,-36.69483407906995,0,3,男性,50,4,12,0.25,10627,1,16,4644856.458098179,8.302739726027397,5.0
C-001104651,S-0113,-39.75094638876004,0,3,女性,41,8,12,0.0833333333333333,16751,2,16,4336633.961311346,5.77945205479452,2.5
C-000572185,S-0100,-100.0,1,3,男性,51,10,12,0.1666666666666666,0,0,17,4535925.154217558,4.720547945205479,2.0
C-000699857,S-0018,-100.0,1,3,女性,48,9,12,0.6666666666666666,0,0,16,4493108.581950108,7.550684931506849,5.0
C-000669538,S-0008,-100.0,1,3,女性,49,10,12,0.25,0,0,22,4498453.308937302,10.772602739726027,7.0
C-002141932,S-0089,-49.609211668971724,1,3,女性,35,3,12,0.25,20664,1,19,4721110.949352573,10.142465753424657,7.0
C-001233476,S-0121,-99.42387553371937,1,3,女性,41,7,12,0.5,10801,2,14,4716268.25678644,9.856164383561644,7.0
C-000039651,S-0072,-44.706961248621084,0,3,男性,42,12,12,0.1666666666666666,36415,1,12,4406797.312641796,9.01917808219178,6.0
C-001010075,S-0017,-57.0101668443737,1,3,女性,43,8,12,0.1666666666666666,12727,1,20,4640207.03550726,5.608219178082192,2.5
C-001682331,S-0036,-37.42200776511157,0,3,男性,52,5,12,0.5,378811,2,19,4397834.424680548,11.123287671232877,9.0
C-001062636,S-0113,-100.0,1,3,女性,47,8,12,0.0833333333333333,0,0,16,4336633.961311346,5.77945205479452,2.5
C-001451919,S-0074,-42.0222754082141,0,3,女性,66,6,12,0.0,4979,2,14,4614054.39694187,8.308219178082192,6.0
C-000693795,S-0005,-19.52617903079122,0,3,女性,58,9,12,0.0833333333333333,1098,2,21,4733942.970761149,4.69041095890411,2.0
C-002211929,S-0020,-63.674443225494635,1,3,男性,43,3,12,0.5833333333333334,0,0,16,4280702.057267675,6.986301369863014,3.5
C-001766720,S-0007,-100.0,1,3,男性,36,5,12,0.1666666666666666,8612,2,21,4487075.727367008,3.7260273972602738,1.0
C-002006868,S-0036,-100.0,1,3,女性,58,4,12,0.0,10225,1,19,4397834.424680548,11.123287671232877,9.0
C-000875540,S-0096,-43.17779634368566,0,3,男性,55,9,12,0.25,13892,2,16,4644856.458098179,8.302739726027397,5.0
C-001850657,S-0082,-100.0,1,3,男性,36,4,12,0.1666666666666666,5101,1,17,4607261.71451126,4.758904109589041,2.0
C-001088199,S-0074,-74.79475173525194,1,3,女性,45,8,12,0.0833333333333333,7573,1,14,4614054.39694187,8.308219178082192,6.0
C-001495550,S-0054,-87.90920731560001,1,3,女性,40,6,12,1.0,28590,1,23,4489160.181517739,6.358904109589041,4.0
C-000133294,S-0014,-100.0,1,3,女性,48,12,12,0.1666666666666666,2279,1,21,4730192.353344672,7.336986301369863,4.0
C-001740996,S-0036,-100.0,1,3,男性,42,5,12,0.1666666666666666,0,0,19,4397834.424680548,11.123287671232877,9.0
C-000337529,S-0063,-16.058546264187527,0,3,男性,33,11,12,0.25,10367,2,18,4564012.176421695,5.749315068493151,3.0
C-001376657,S-0096,-30.473717568645093,0,3,女性,57,6,12,0.5,0,0,16,4644856.458098179,8.302739726027397,5.0
C-002016292,S-0063,-26.624345085818764,0,3,男性,64,4,12,0.4166666666666667,17018,1,18,4564012.176421695,5.749315068493151,3.0
C-002182423,S-0056,-78.98173390481425,1,3,女性,71,3,12,0.25,0,0,15,4406070.585753419,7.528767123287671,4.0
C-002491139,S-0099,-44.231510338125396,0,3,男性,34,1,12,0.0833333333333333,0,0,13,4464126.154078853,8.147945205479452,5.0
C-001574616,S-0041,-21.01337965884074,0,3,男性,53,6,12,0.25,0,0,17,4828489.286769263,10.389041095890411,7.0
C-001784116,S-0102,-57.966812998702345,1,3,男性,38,5,12,0.1666666666666666,24207,1,16,4383474.364435211,10.484931506849314,7.5
C-001116206,S-0096,-44.28770138404063,0,3,男性,50,8,12,0.3333333333333333,0,0,16,4644856.458098179,8.302739726027397,5.0
C-001132503,S-0048,-60.861831058502766,1,3,女性,45,7,12,0.3333333333333333,0,0,15,4502249.082895545,3.671232876712329,1.0
C-001738348,S-0012,-100.0,1,3,女性,60,5,12,0.0,24170,1,16,4444678.825084195,7.994520547945205,5.0
C-001582597,S-0096,-84.13700307659745,1,3,男性,53,5,12,0.1666666666666666,0,0,16,4644856.458098179,8.302739726027397,5.0
C-002134041,S-0007,-49.20659596912997,1,3,男性,43,3,12,0.25,0,0,21,4487075.727367008,3.7260273972602738,1.0
C-000099106,S-0005,-20.23164969995162,0,3,女性,44,12,12,0.3333333333333333,0,0,21,4733942.970761149,4.69041095890411,2.0
C-002395304,S-0014,-29.393422505600427,0,3,女性,48,2,12,0.25,7663,2,21,4730192.353344672,7.336986301369863,4.0
C-000600740,S-0014,-100.0,1,3,女性,58,10,12,0.5,26357,1,21,4730192.353344672,7.336986301369863,4.0
C-001209717,S-0008,-69.54540209991923,1,3,女性,50,7,12,0.25,15529,1,22,4498453.308937302,10.772602739726027,7.0
C-000053886,S-0111,-11.019816963490598,0,3,女性,56,12,12,0.25,10357,1,19,4489501.980758176,6.397260273972603,4.0
C-001906390,S-0100,-100.0,1,3,女性,51,4,12,0.1666666666666666,62657,2,17,4535925.154217558,4.720547945205479,2.0
C-000465807,S-0059,-20.464914598082064,0,3,女性,48,10,12,0.0833333333333333,16604,1,14,4713188.969095345,6.8123287671232875,3.0
C-001670591,S-0020,-100.0,1,3,男性,57,5,12,0.4166666666666667,11145,1,16,4280702.057267675,6.986301369863014,3.5
C-001830045,S-0097,-100.0,1,3,女性,67,4,12,0.5,11792,1,21,4592508.716501317,10.09041095890411,7.0
C-000427466,S-0074,-42.25028224345008,0,3,男性,58,11,12,0.1666666666666666,4799,1,14,4614054.39694187,8.308219178082192,6.0
C-001760497,S-0050,-70.04094077339556,1,3,女性,49,5,12,0.4166666666666667,10704,2,20,4615411.181286601,9.2013698630137,6.0
C-001105850,S-0117,-41.05453771660081,0,3,男性,43,8,12,0.1666666666666666,8222,1,20,4500859.737076383,9.593150684931507,7.0
C-002563469,S-0041,-11.243909883228016,0,3,男性,42,1,12,0.4166666666666667,39725,2,17,4828489.286769263,10.389041095890411,7.0
C-000025312,S-0014,-20.878432383299998,0,3,男性,43,12,12,0.1666666666666666,3187,2,21,4730192.353344672,7.336986301369863,4.0
C-002295571,S-0080,-90.04067119268075,1,3,女性,36,2,12,0.25,24929,2,17,4457429.264950683,11.673972602739726,9.0
C-000579017,S-0039,-54.34081119053869,1,3,男性,19,10,12,0.8333333333333334,0,0,16,4591288.568998441,8.193150684931506,5.0
C-000353236,S-0117,-100.0,1,3,女性,16,11,12,0.25,18703,1,20,4500859.737076383,9.593150684931507,7.0
C-001825839,S-0072,-34.93598661487722,0,3,男性,65,4,12,0.4166666666666667,35817,1,12,4406797.312641796,9.01917808219178,6.0
C-001335621,S-0059,-18.875713326952937,0,3,男性,46,7,12,0.4166666666666667,0,0,14,4713188.969095345,6.8123287671232875,3.0
C-000190097,S-0002,-30.77721542005091,0,3,女性,80,12,12,0.0833333333333333,4296,1,15,4455566.655169959,5.663013698630137,2.0
C-000006668,S-0117,-37.10229126076646,0,3,男性,34,12,12,0.1666666666666666,0,0,20,4500859.737076383,9.593150684931507,7.0
C-002465456,S-0063,-10.916679941622377,0,3,男性,49,2,12,0.3333333333333333,0,0,18,4564012.176421695,5.749315068493151,3.0
C-001032946,S-0059,-66.4305718846481,1,3,女性,41,8,12,0.4166666666666667,0,0,14,4713188.969095345,6.8123287671232875,3.0
C-000743611,S-0099,-88.88540270211168,1,3,女性,60,9,12,0.1666666666666666,0,0,13,4464126.154078853,8.147945205479452,5.0
C-000069497,S-0102,-60.736899468885696,1,3,女性,41,12,12,0.1666666666666666,29758,2,16,4383474.364435211,10.484931506849314,7.5
C-000128047,S-0014,-30.99325551496847,0,3,男性,72,12,12,0.1666666666666666,0,0,21,4730192.353344672,7.336986301369863,4.0
C-002648909,S-0074,-100.0,1,3,女性,48,1,12,0.0,8608,1,14,4614054.39694187,8.308219178082192,6.0
C-001600921,S-0036,-100.0,1,3,女性,47,5,12,0.25,6860,2,19,4397834.424680548,11.123287671232877,9.0
C-000115623,S-0072,-69.04054370107447,1,3,男性,59,12,12,0.25,0,0,12,4406797.312641796,9.01917808219178,6.0
C-002657637,S-0007,-72.76808785529715,1,3,女性,58,1,12,0.4166666666666667,0,0,21,4487075.727367008,3.7260273972602738,1.0
C-002315543,S-0050,-41.50102425472607,0,3,男性,50,2,12,0.1666666666666666,16305,2,20,4615411.181286601,9.2013698630137,6.0
C-000984559,S-0041,-75.3664139350038,1,3,女性,57,8,12,0.4166666666666667,9455,1,17,4828489.286769263,10.389041095890411,7.0
C-000367274,S-0014,-34.25224577793748,0,3,女性,56,11,12,0.1666666666666666,34021,1,21,4730192.353344672,7.336986301369863,4.0
C-001785913,S-0036,-60.25175761011491,1,3,女性,50,5,12,0.3333333333333333,8723,2,19,4397834.424680548,11.123287671232877,9.0
C-000191197,S-0048,-26.891748391529763,0,3,女性,56,12,12,0.0833333333333333,2847,1,15,4502249.082895545,3.671232876712329,1.0
C-002688894,S-0096,-54.1934246264785,1,3,女性,33,1,12,0.4166666666666667,0,0,16,4644856.458098179,8.302739726027397,5.0
C-001326468,S-0102,-100.0,1,3,女性,68,7,12,0.1666666666666666,24172,2,16,4383474.364435211,10.484931506849314,7.5
C-002286864,S-0008,-29.493834793462664,0,3,男性,42,2,12,0.4166666666666667,10106,2,22,4498453.308937302,10.772602739726027,7.0
C-002622570,S-0048,-25.657662386787116,0,3,女性,60,1,12,0.25,0,0,15,4502249.082895545,3.671232876712329,1.0
C-000601312,S-0041,-100.0,1,3,男性,50,10,12,0.3333333333333333,0,0,17,4828489.286769263,10.389041095890411,7.0
C-002301859,S-0111,-87.53366719973066,1,3,女性,58,2,12,0.3333333333333333,11767,1,19,4489501.980758176,6.397260273972603,4.0
C-001546895,S-0014,-100.0,1,3,男性,57,6,12,0.1666666666666666,9335,1,21,4730192.353344672,7.336986301369863,4.0
C-001846542,S-0115,-100.0,1,3,男性,37,4,12,0.3333333333333333,0,0,14,4553643.099564746,10.51095890410959,7.0
C-000815424,S-0004,-34.029906960047555,0,3,女性,36,9,12,0.1666666666666666,0,0,22,4423576.351309,11.806849315068494,9.0
C-000121125,S-0131,-34.487615170734365,0,3,女性,42,12,12,0.4166666666666667,0,0,17,4569023.5643747775,5.13972602739726,2.0
C-000430338,S-0074,-69.09308052568461,1,3,男性,55,11,12,0.3333333333333333,0,0,14,4614054.39694187,8.308219178082192,6.0
C-001018789,S-0089,-25.058095876554848,0,3,男性,51,8,12,0.4166666666666667,0,0,19,4721110.949352573,10.142465753424657,7.0
C-000112214,S-0050,-100.0,1,3,女性,59,12,12,0.9166666666666666,0,0,20,4615411.181286601,9.2013698630137,6.0
C-000514282,S-0020,-15.22698153047326,0,3,女性,64,10,12,0.1666666666666666,77339,2,16,4280702.057267675,6.986301369863014,3.5
C-002214442,S-0131,-21.398066871702817,0,3,男性,47,3,12,0.25,0,0,17,4569023.5643747775,5.13972602739726,2.0
C-000306447,S-0074,-67.92939082627007,1,3,女性,61,11,12,0.4166666666666667,14291,2,14,4614054.39694187,8.308219178082192,6.0
C-002509869,S-0040,-83.4131336342247,1,3,男性,33,1,12,0.3333333333333333,3278,1,20,4550116.0180538,8.163013698630138,4.0
C-000240653,S-0099,-100.0,1,3,女性,43,11,12,0.0,7085,2,13,4464126.154078853,8.147945205479452,5.0
C-000700952,S-0074,-46.209639908523584,0,3,女性,45,9,12,0.1666666666666666,6485,1,14,4614054.39694187,8.308219178082192,6.0
C-001382894,S-0040,-39.63243219218418,0,3,女性,74,6,12,0.0833333333333333,1598,2,20,4550116.0180538,8.163013698630138,4.0
C-001649208,S-0005,-11.023922486636707,0,3,女性,31,5,12,0.1666666666666666,12470,1,21,4733942.970761149,4.69041095890411,2.0
C-000090480,S-0030,-100.0,1,3,男性,56,12,12,0.1666666666666666,0,0,22,4426478.045479023,9.236986301369862,5.5
C-002487653,S-0004,-44.04200009329585,0,3,女性,31,1,12,0.0833333333333333,7961,1,22,4423576.351309,11.806849315068494,9.0
C-000457194,S-0100,-76.80752571546047,1,3,女性,36,10,12,0.4166666666666667,7781,1,17,4535925.154217558,4.720547945205479,2.0
C-002424348,S-0113,-47.275967198439304,0,3,男性,48,2,12,0.25,0,0,16,4336633.961311346,5.77945205479452,2.5
C-000452686,S-0039,-14.321841267555657,0,3,女性,59,10,12,0.1666666666666666,0,0,16,4591288.568998441,8.193150684931506,5.0
C-000439313,S-0074,-100.0,1,3,女性,46,11,12,0.4166666666666667,0,0,14,4614054.39694187,8.308219178082192,6.0
C-000935473,S-0080,-30.812779743706002,0,3,男性,37,8,12,0.1666666666666666,6212,1,17,4457429.264950683,11.673972602739726,9.0
C-000804430,S-0050,-37.22986559424278,0,3,女性,50,9,12,0.25,2913,2,20,4615411.181286601,9.2013698630137,6.0
C-001804429,S-0002,-100.0,1,3,女性,50,4,12,0.0833333333333333,1777,2,15,4455566.655169959,5.663013698630137,2.0
C-001502855,S-0121,-100.0,1,3,男性,45,6,12,0.4166666666666667,7067,2,14,4716268.25678644,9.856164383561644,7.0
C-002517157,S-0106,-69.25085706506269,1,3,女性,58,1,12,0.0,0,0,20,4462729.145118021,6.171232876712329,3.5
C-001993803,S-0096,-62.355010967570955,1,3,男性,56,4,12,0.4166666666666667,0,0,16,4644856.458098179,8.302739726027397,5.0
C-001397418,S-0117,-100.0,1,3,女性,56,6,12,0.0833333333333333,21312,2,20,4500859.737076383,9.593150684931507,7.0
C-000910917,S-0036,-100.0,1,3,男性,56,8,12,0.75,7608,2,19,4397834.424680548,11.123287671232877,9.0
C-000806907,S-0054,-36.64761011119897,0,3,女性,39,9,12,0.3333333333333333,38228,1,23,4489160.181517739,6.358904109589041,4.0
C-000910979,S-0072,-20.454454806733533,0,3,男性,23,8,12,0.3333333333333333,3588,2,12,4406797.312641796,9.01917808219178,6.0
C-000561985,S-0002,-66.38970432134464,1,3,男性,54,10,12,0.0833333333333333,2144,2,15,4455566.655169959,5.663013698630137,2.0
C-000982341,S-0017,-100.0,1,3,女性,55,8,12,0.0833333333333333,0,0,20,4640207.03550726,5.608219178082192,2.5
C-001722671,S-0059,-100.0,1,3,女性,27,5,12,0.9166666666666666,3997,1,14,4713188.969095345,6.8123287671232875,3.0
C-001984952,S-0072,-71.24777170415628,1,3,男性,58,4,12,0.1666666666666666,3625,1,12,4406797.312641796,9.01917808219178,6.0
C-002019925,S-0072,-25.336927223719673,0,3,女性,70,4,12,0.6666666666666666,9335,1,12,4406797.312641796,9.01917808219178,6.0
C-002060070,S-0080,-99.70493105600636,1,3,女性,44,3,12,0.1666666666666666,16785,1,17,4457429.264950683,11.673972602739726,9.0
C-002689379,S-0036,-25.032157365964707,0,3,男性,76,1,12,0.3333333333333333,0,0,19,4397834.424680548,11.123287671232877,9.0
C-000537679,S-0036,-35.95564921728288,0,3,男性,43,10,12,0.3333333333333333,1407,1,19,4397834.424680548,11.123287671232877,9.0
C-002116481,S-0004,-43.18888762534199,0,3,女性,59,3,12,0.1666666666666666,156718,2,22,4423576.351309,11.806849315068494,9.0
C-000876779,S-0030,-31.60558300941559,0,3,女性,60,9,12,0.4166666666666667,0,0,22,4426478.045479023,9.236986301369862,5.5
C-000714636,S-0097,-14.766109224185902,0,3,女性,47,9,12,0.3333333333333333,4268,1,21,4592508.716501317,10.09041095890411,7.0
C-001279997,S-0096,-100.0,1,3,女性,58,7,12,0.0,0,0,16,4644856.458098179,8.302739726027397,5.0
C-001835137,S-0007,-12.599676094065106,0,3,女性,52,4,12,0.25,0,0,21,4487075.727367008,3.7260273972602738,1.0
C-000180526,S-0002,-100.0,1,3,女性,41,12,12,0.1666666666666666,0,0,15,4455566.655169959,5.663013698630137,2.0
C-000997231,S-0018,-100.0,1,3,男性,60,8,12,0.0833333333333333,15807,1,16,4493108.581950108,7.550684931506849,5.0
C-000049364,S-0079,-32.405725997430096,0,3,女性,36,12,12,0.4166666666666667,0,0,13,4256656.371085242,8.479452054794521,6.0
C-001315790,S-0075,-100.0,1,3,男性,48,7,12,0.3333333333333333,0,0,19,4506647.2743158825,4.526027397260274,1.0
C-002433739,S-0050,-44.8267791566594,0,3,女性,48,2,12,0.5833333333333334,0,0,20,4615411.181286601,9.2013698630137,6.0
C-000460623,S-0040,-28.332540559997945,0,3,男性,49,10,12,0.4166666666666667,14855,1,20,4550116.0180538,8.163013698630138,4.0
C-000909952,S-0089,-50.6198563258474,1,3,男性,43,8,12,0.5833333333333334,1184,1,19,4721110.949352573,10.142465753424657,7.0
C-000554939,S-0017,-31.513755173086228,0,3,女性,51,10,12,0.25,116364,1,20,4640207.03550726,5.608219178082192,2.5
C-001288799,S-0014,-75.77075322681132,1,3,女性,51,7,12,0.1666666666666666,0,0,21,4730192.353344672,7.336986301369863,4.0
C-002411119,S-0018,-57.97195811112381,1,3,男性,43,2,12,0.4166666666666667,0,0,16,4493108.581950108,7.550684931506849,5.0
C-002215644,S-0111,-61.178054737896915,1,3,男性,54,3,12,0.5,3455,1,19,4489501.980758176,6.397260273972603,4.0
C-000857543,S-0017,-21.289783557563442,0,3,男性,53,9,12,0.3333333333333333,19759,2,20,4640207.03550726,5.608219178082192,2.5
C-001962803,S-0072,-100.0,1,3,男性,53,4,12,0.1666666666666666,0,0,12,4406797.312641796,9.01917808219178,6.0
C-001899081,S-0008,-76.1573153951995,1,3,女性,53,4,12,0.3333333333333333,2461,1,22,4498453.308937302,10.772602739726027,7.0
C-001472482,S-0062,-1.8231866290857563,0,3,男性,32,6,12,0.5833333333333334,45503,1,15,4713869.782113416,4.575342465753424,1.0
C-000928724,S-0097,-100.0,1,3,男性,60,8,12,0.1666666666666666,6686,1,21,4592508.716501317,10.09041095890411,7.0
C-001116327,S-0115,-100.0,1,3,男性,50,8,12,0.25,27004,1,14,4553643.099564746,10.51095890410959,7.0
C-002600361,S-0056,-82.90177634065427,1,3,男性,59,1,12,0.3333333333333333,0,0,15,4406070.585753419,7.528767123287671,4.0
C-000455067,S-0080,-27.58833293810766,0,3,女性,64,10,12,0.1666666666666666,0,0,17,4457429.264950683,11.673972602739726,9.0
C-000911569,S-0074,-99.67514572511817,1,3,男性,67,8,12,0.0833333333333333,33328,2,14,4614054.39694187,8.308219178082192,6.0
C-000077503,S-0018,-25.774172538338565,0,3,女性,51,12,12,0.4166666666666667,0,0,16,4493108.581950108,7.550684931506849,5.0
C-000355148,S-0074,-14.451001906483867,0,3,女性,29,11,12,0.4166666666666667,0,0,14,4614054.39694187,8.308219178082192,6.0
C-001910410,S-0040,-100.0,1,3,女性,48,4,12,0.25,22808,1,20,4550116.0180538,8.163013698630138,4.0
C-000222156,S-0014,-80.95847920098846,1,3,女性,51,12,12,0.0833333333333333,0,0,21,4730192.353344672,7.336986301369863,4.0
C-000648232,S-0039,-77.25696650630843,1,3,女性,61,10,12,0.3333333333333333,0,0,16,4591288.568998441,8.193150684931506,5.0
C-002301964,S-0063,-33.96616145668877,0,3,女性,56,2,12,0.1666666666666666,0,0,18,4564012.176421695,5.749315068493151,3.0
C-000736373,S-0039,-100.0,1,3,女性,58,9,12,0.1666666666666666,62259,1,16,4591288.568998441,8.193150684931506,5.0
C-001062783,S-0007,-26.793833219066865,0,3,男性,39,8,12,0.1666666666666666,1683,2,21,4487075.727367008,3.7260273972602738,1.0
C-002445261,S-0036,-38.2332558803147,0,3,男性,62,2,12,0.3333333333333333,6515,2,19,4397834.424680548,11.123287671232877,9.0
C-002441665,S-0005,-24.474304095640942,0,3,女性,54,2,12,0.3333333333333333,86454,1,21,4733942.970761149,4.69041095890411,2.0
C-001811273,S-0048,-100.0,1,3,女性,52,4,12,0.0,26055,2,15,4502249.082895545,3.671232876712329,1.0
C-000823862,S-0054,-67.26463305410674,1,3,女性,57,9,12,0.4166666666666667,31222,1,23,4489160.181517739,6.358904109589041,4.0
C-001541915,S-0014,-100.0,1,3,女性,70,6,12,0.25,0,0,21,4730192.353344672,7.336986301369863,4.0
C-000201590,S-0100,-19.75641984542508,0,3,男性,52,12,12,0.5833333333333334,0,0,17,4535925.154217558,4.720547945205479,2.0
C-002014428,S-0059,-22.0447433018835,0,3,女性,33,4,12,0.4166666666666667,0,0,14,4713188.969095345,6.8123287671232875,3.0
C-002476505,S-0040,-29.818721160184573,0,3,女性,44,1,12,0.25,27758,1,20,4550116.0180538,8.163013698630138,4.0
C-000219352,S-0054,-25.287776488918727,0,3,女性,60,12,12,0.0833333333333333,37918,2,23,4489160.181517739,6.358904109589041,4.0
C-001092597,S-0007,-72.7751209136602,1,3,女性,42,8,12,0.3333333333333333,2781,1,21,4487075.727367008,3.7260273972602738,1.0
C-001816739,S-0048,-100.0,1,3,男性,20,4,12,0.0,0,0,15,4502249.082895545,3.671232876712329,1.0
C-002156322,S-0121,-88.88268156424581,1,3,男性,80,3,12,0.1666666666666666,7948,1,14,4716268.25678644,9.856164383561644,7.0
C-001641940,S-0008,-100.0,1,3,男性,55,5,12,0.1666666666666666,41973,1,22,4498453.308937302,10.772602739726027,7.0
C-000582774,S-0113,-100.0,1,3,男性,54,10,12,0.4166666666666667,38913,2,16,4336633.961311346,5.77945205479452,2.5
C-002275862,S-0080,-49.65059770047423,1,3,女性,57,2,12,0.3333333333333333,8832,1,17,4457429.264950683,11.673972602739726,9.0
C-001272965,S-0063,-19.768066662119608,0,3,女性,43,7,12,0.4166666666666667,36964,1,18,4564012.176421695,5.749315068493151,3.0
C-001016249,S-0080,-42.44113100172518,0,3,女性,39,8,12,0.5,50160,1,17,4457429.264950683,11.673972602739726,9.0
C-000991026,S-0014,-46.989026019263584,0,3,女性,38,8,12,0.3333333333333333,28415,2,21,4730192.353344672,7.336986301369863,4.0
C-000463214,S-0012,-80.693474465299,1,3,男性,57,10,12,0.3333333333333333,73630,2,16,4444678.825084195,7.994520547945205,5.0
C-002358613,S-0039,-100.0,1,3,女性,73,2,12,0.3333333333333333,0,0,16,4591288.568998441,8.193150684931506,5.0
C-000549082,S-0054,-100.0,1,3,女性,50,10,12,0.25,30503,2,23,4489160.181517739,6.358904109589041,4.0
C-001372040,S-0056,-51.478127704907116,1,3,女性,34,6,12,0.1666666666666666,12661,2,15,4406070.585753419,7.528767123287671,4.0
C-000482708,S-0056,-27.579769718927054,0,3,女性,38,10,12,0.25,9280,2,15,4406070.585753419,7.528767123287671,4.0
C-002029541,S-0117,-100.0,1,3,男性,45,3,12,0.4166666666666667,0,0,20,4500859.737076383,9.593150684931507,7.0
C-001087729,S-0100,-100.0,1,3,女性,51,8,12,0.0833333333333333,0,0,17,4535925.154217558,4.720547945205479,2.0
C-002563591,S-0115,-100.0,1,3,男性,20,1,12,0.25,0,0,14,4553643.099564746,10.51095890410959,7.0
C-001273138,S-0054,-100.0,1,3,男性,54,7,12,0.0833333333333333,5646,2,23,4489160.181517739,6.358904109589041,4.0
C-001837734,S-0079,-15.571591282377176,0,3,女性,57,4,12,0.1666666666666666,1123,1,13,4256656.371085242,8.479452054794521,6.0
C-001011482,S-0072,-57.6397615164559,1,3,男性,48,8,12,0.0,38010,2,12,4406797.312641796,9.01917808219178,6.0
C-001606000,S-0121,-56.20157609449332,1,3,女性,40,5,12,0.5833333333333334,65251,1,14,4716268.25678644,9.856164383561644,7.0
C-001798054,S-0019,-100.0,1,3,女性,31,5,12,0.3333333333333333,0,0,19,4327199.920883598,4.090410958904109,1.0
C-002553903,S-0097,-32.4228298303483,0,3,女性,42,1,12,0.1666666666666666,0,0,21,4592508.716501317,10.09041095890411,7.0
C-001388601,S-0100,-100.0,1,3,女性,45,6,12,1.0,33205,1,17,4535925.154217558,4.720547945205479,2.0
C-000358986,S-0050,-23.1417307930314,0,3,男性,60,11,12,0.0833333333333333,1529,2,20,4615411.181286601,9.2013698630137,6.0
C-001841798,S-0030,-72.58649935250881,1,3,男性,37,4,12,0.3333333333333333,0,0,22,4426478.045479023,9.236986301369862,5.5
C-001940819,S-0041,-100.0,1,3,男性,41,4,12,0.4166666666666667,5076,2,17,4828489.286769263,10.389041095890411,7.0
C-001160331,S-0099,-88.92581239674946,1,3,女性,35,7,12,0.75,0,0,13,4464126.154078853,8.147945205479452,5.0
C-001471650,S-0115,-100.0,1,3,男性,45,6,12,0.1666666666666666,3793,1,14,4553643.099564746,10.51095890410959,7.0
C-000470208,S-0121,-100.0,1,3,男性,47,10,12,0.25,0,0,14,4716268.25678644,9.856164383561644,7.0
C-001381655,S-0063,-50.67484599799439,1,3,男性,28,6,12,0.4166666666666667,0,0,18,4564012.176421695,5.749315068493151,3.0
C-001274137,S-0019,-19.021388397718304,0,3,女性,58,7,12,0.1666666666666666,14302,1,19,4327199.920883598,4.090410958904109,1.0
C-002539022,S-0117,-90.73692056998232,1,3,男性,32,1,12,0.1666666666666666,0,0,20,4500859.737076383,9.593150684931507,7.0
C-000777702,S-0111,-21.47225396246057,0,3,男性,51,9,12,0.3333333333333333,30384,2,19,4489501.980758176,6.397260273972603,4.0
C-001420667,S-0115,-51.151539157990044,1,3,男性,56,6,12,0.1666666666666666,47732,1,14,4553643.099564746,10.51095890410959,7.0
C-002408938,S-0082,-30.990989725618533,0,3,女性,58,2,12,0.3333333333333333,12176,1,17,4607261.71451126,4.758904109589041,2.0
C-000324737,S-0080,-100.0,1,3,女性,44,11,12,0.3333333333333333,21145,2,17,4457429.264950683,11.673972602739726,9.0
C-000484736,S-0074,-55.955398951014686,1,3,女性,27,10,12,0.0,32085,1,14,4614054.39694187,8.308219178082192,6.0
C-002418235,S-0017,-100.0,1,3,女性,54,2,12,0.75,0,0,20,4640207.03550726,5.608219178082192,2.5
C-000428425,S-0097,-48.37020463401862,0,3,女性,68,11,12,0.0833333333333333,207772,2,21,4592508.716501317,10.09041095890411,7.0
C-000231882,S-0111,-16.959077438144284,0,3,女性,68,11,12,0.25,0,0,19,4489501.980758176,6.397260273972603,4.0
C-001516697,S-0019,-13.958160677063713,0,3,女性,40,6,12,0.4166666666666667,0,0,19,4327199.920883598,4.090410958904109,1.0
C-001074271,S-0080,-52.95711139851096,1,3,男性,56,8,12,0.25,0,0,17,4457429.264950683,11.673972602739726,9.0
C-002185065,S-0121,-21.05636716034917,0,3,女性,48,3,12,0.0,0,0,14,4716268.25678644,9.856164383561644,7.0
C-002407211,S-0036,-53.39534263155136,1,3,女性,37,2,12,0.5,536,2,19,4397834.424680548,11.123287671232877,9.0
C-000784987,S-0039,-100.0,1,3,男性,43,9,12,0.6666666666666666,0,0,16,4591288.568998441,8.193150684931506,5.0
C-001625893,S-0036,-100.0,1,3,男性,52,5,12,0.0,0,0,19,4397834.424680548,11.123287671232877,9.0
C-001394676,S-0099,-45.743200781723935,0,3,女性,61,6,12,0.1666666666666666,0,0,13,4464126.154078853,8.147945205479452,5.0
C-001885772,S-0096,-100.0,1,3,女性,36,4,12,0.1666666666666666,8594,1,16,4644856.458098179,8.302739726027397,5.0
C-000873402,S-0004,-40.98101690818012,0,3,男性,31,9,12,0.0833333333333333,19051,1,22,4423576.351309,11.806849315068494,9.0
C-000742847,S-0063,-35.136630222286584,0,3,女性,51,9,12,0.5833333333333334,0,0,18,4564012.176421695,5.749315068493151,3.0
C-002348568,S-0074,-45.835975748966284,0,3,男性,25,2,12,0.1666666666666666,0,0,14,4614054.39694187,8.308219178082192,6.0
C-001759902,S-0002,-69.11135688301997,1,3,女性,42,5,12,0.6666666666666666,0,0,15,4455566.655169959,5.663013698630137,2.0
C-001316020,S-0121,-9.065408980375757,0,3,男性,41,7,12,0.25,0,0,14,4716268.25678644,9.856164383561644,7.0
C-002235359,S-0008,-71.90288806127468,1,3,男性,29,3,12,0.4166666666666667,0,0,22,4498453.308937302,10.772602739726027,7.0
C-000156934,S-0072,-100.0,1,3,男性,46,12,12,0.0,16004,2,12,4406797.312641796,9.01917808219178,6.0
C-000557972,S-0002,-30.214491512068175,0,3,女性,53,10,12,0.1666666666666666,61137,1,15,4455566.655169959,5.663013698630137,2.0
C-001410997,S-0080,-64.73196173605307,1,3,女性,63,6,12,0.1666666666666666,22662,2,17,4457429.264950683,11.673972602739726,9.0
C-001189588,S-0040,-96.01688746542438,1,3,男性,70,7,12,0.8333333333333334,0,0,20,4550116.0180538,8.163013698630138,4.0
C-002221453,S-0089,-14.685455501302128,0,3,男性,59,3,12,0.0833333333333333,5649,1,19,4721110.949352573,10.142465753424657,7.0
C-001172874,S-0030,-60.390108562000144,1,3,女性,32,7,12,0.3333333333333333,56324,1,22,4426478.045479023,9.236986301369862,5.5
C-002251027,S-0079,-20.899423274784795,0,3,男性,43,2,12,0.0833333333333333,3820,2,13,4256656.371085242,8.479452054794521,6.0
C-002259908,S-0121,-57.448551137836304,1,3,女性,52,2,12,0.1666666666666666,20536,2,14,4716268.25678644,9.856164383561644,7.0
C-001805118,S-0040,-15.717742906567281,0,3,男性,27,4,12,0.5,0,0,20,4550116.0180538,8.163013698630138,4.0
C-001815522,S-0014,-100.0,1,3,女性,48,4,12,0.25,8028,2,21,4730192.353344672,7.336986301369863,4.0
C-000490044,S-0062,-7.369467653623432,0,3,女性,40,10,12,0.1666666666666666,0,0,15,4713869.782113416,4.575342465753424,1.0
C-001474576,S-0117,-55.13118944055908,1,3,男性,56,6,12,0.25,0,0,20,4500859.737076383,9.593150684931507,7.0
C-002434126,S-0018,-100.0,1,3,女性,38,2,12,0.25,18229,2,16,4493108.581950108,7.550684931506849,5.0
C-000877644,S-0041,-87.18229916619228,1,3,女性,56,9,12,0.1666666666666666,0,0,17,4828489.286769263,10.389041095890411,7.0
C-001119325,S-0062,-34.784309658930226,0,3,男性,46,8,12,0.3333333333333333,0,0,15,4713869.782113416,4.575342465753424,1.0
C-001507556,S-0062,-18.2590150671029,0,3,女性,47,6,12,0.75,0,0,15,4713869.782113416,4.575342465753424,1.0
C-001583364,S-0074,-33.18874493464985,0,3,男性,21,5,12,0.1666666666666666,0,0,14,4614054.39694187,8.308219178082192,6.0
C-002421029,S-0099,-50.60087078366774,1,3,女性,48,2,12,0.1666666666666666,1336,1,13,4464126.154078853,8.147945205479452,5.0
C-001795807,S-0072,-59.033916603422654,1,3,女性,55,5,12,0.0833333333333333,0,0,12,4406797.312641796,9.01917808219178,6.0
C-001541867,S-0050,-71.78763825232063,1,3,男性,55,6,12,0.3333333333333333,49177,1,20,4615411.181286601,9.2013698630137,6.0
C-001691386,S-0097,-39.18234840981622,0,3,女性,46,5,12,0.25,60044,2,21,4592508.716501317,10.09041095890411,7.0
C-001404658,S-0040,-33.90783677168688,0,3,女性,57,6,12,0.4166666666666667,30878,1,20,4550116.0180538,8.163013698630138,4.0
C-002516598,S-0007,-36.810997921658156,0,3,女性,48,1,12,0.1666666666666666,25543,1,21,4487075.727367008,3.7260273972602738,1.0
C-000514712,S-0079,-17.55577854177976,0,3,女性,58,10,12,0.1666666666666666,42220,2,13,4256656.371085242,8.479452054794521,6.0
C-001710911,S-0036,-27.441284773994777,0,3,女性,65,5,12,0.25,6045,1,19,4397834.424680548,11.123287671232877,9.0
C-000162195,S-0036,-36.37313127175916,0,3,男性,46,12,12,0.3333333333333333,30852,1,19,4397834.424680548,11.123287671232877,9.0
C-000528833,S-0054,-32.42068171037474,0,3,女性,56,10,12,0.3333333333333333,11888,1,23,4489160.181517739,6.358904109589041,4.0
C-000768027,S-0113,-37.665704021976474,0,3,男性,41,9,12,0.25,33023,1,16,4336633.961311346,5.77945205479452,2.5
C-000353903,S-0113,-100.0,1,3,女性,69,11,12,0.4166666666666667,43008,1,16,4336633.961311346,5.77945205479452,2.5
C-000714993,S-0096,-63.15266226938151,1,3,女性,34,9,12,0.25,8505,1,16,4644856.458098179,8.302739726027397,5.0
C-001960583,S-0131,-22.753930899318494,0,3,女性,64,4,12,0.4166666666666667,0,0,17,4569023.5643747775,5.13972602739726,2.0
C-001637776,S-0050,-100.0,1,3,女性,42,5,12,1.0,22923,1,20,4615411.181286601,9.2013698630137,6.0
C-001608706,S-0079,-21.66626747513457,0,3,女性,50,5,12,0.1666666666666666,9512,1,13,4256656.371085242,8.479452054794521,6.0
C-000388207,S-0008,-46.6068048078694,0,3,女性,45,11,12,0.3333333333333333,1279,1,22,4498453.308937302,10.772602739726027,7.0
C-001606850,S-0126,-14.265935739923222,0,3,女性,32,5,12,0.0833333333333333,53400,1,17,4493168.352495564,5.53972602739726,3.0
C-001472718,S-0080,-100.0,1,3,女性,54,6,12,0.0833333333333333,0,0,17,4457429.264950683,11.673972602739726,9.0
C-000059280,S-0111,-30.138938667035546,0,3,男性,87,12,12,0.1666666666666666,13845,2,19,4489501.980758176,6.397260273972603,4.0
C-000508558,S-0012,-100.0,1,3,男性,34,10,12,0.0833333333333333,6121,1,16,4444678.825084195,7.994520547945205,5.0
C-002325508,S-0072,-100.0,1,3,男性,43,2,12,0.4166666666666667,8765,1,12,4406797.312641796,9.01917808219178,6.0
C-000315086,S-0039,-100.0,1,3,男性,49,11,12,0.1666666666666666,12227,2,16,4591288.568998441,8.193150684931506,5.0
C-002457006,S-0113,-76.39836203539711,1,3,男性,42,2,12,0.25,13843,1,16,4336633.961311346,5.77945205479452,2.5
C-002481189,S-0050,-44.34504769872124,0,3,女性,53,1,12,0.6666666666666666,22132,2,20,4615411.181286601,9.2013698630137,6.0
C-001135601,S-0113,-15.283416195072833,0,3,男性,46,7,12,0.1666666666666666,17163,2,16,4336633.961311346,5.77945205479452,2.5
C-002127072,S-0039,-42.68690061991134,0,3,女性,66,3,12,0.3333333333333333,16762,1,16,4591288.568998441,8.193150684931506,5.0
C-002591993,S-0056,-67.53886494302576,1,3,男性,34,1,12,0.75,18857,1,15,4406070.585753419,7.528767123287671,4.0
C-000391893,S-0080,-100.0,1,3,男性,51,11,12,0.1666666666666666,5001,1,17,4457429.264950683,11.673972602739726,9.0
C-000374351,S-0039,-28.830146940432773,0,3,女性,41,11,12,0.1666666666666666,3047,1,16,4591288.568998441,8.193150684931506,5.0
C-001039350,S-0102,-100.0,1,3,男性,49,8,12,0.25,0,0,16,4383474.364435211,10.484931506849314,7.5
C-000324910,S-0117,-27.242355267518104,0,3,男性,49,11,12,0.25,53066,2,20,4500859.737076383,9.593150684931507,7.0
C-000219356,S-0040,-67.04288763826897,1,3,女性,38,12,12,0.3333333333333333,0,0,20,4550116.0180538,8.163013698630138,4.0
C-001970404,S-0102,-51.69489759052887,1,3,男性,49,4,12,0.1666666666666666,19587,1,16,4383474.364435211,10.484931506849314,7.5
C-000453941,S-0056,-100.0,1,3,女性,60,10,12,0.25,9929,1,15,4406070.585753419,7.528767123287671,4.0
C-002071830,S-0089,-13.563139617973865,0,3,女性,57,3,12,0.0,15369,1,19,4721110.949352573,10.142465753424657,7.0
C-000720265,S-0012,-36.53942336621556,0,3,女性,60,9,12,0.0,0,0,16,4444678.825084195,7.994520547945205,5.0
C-001944914,S-0040,-100.0,1,3,女性,49,4,12,0.5833333333333334,0,0,20,4550116.0180538,8.163013698630138,4.0
C-002281131,S-0096,-60.15684665276021,1,3,女性,55,2,12,0.1666666666666666,11342,2,16,4644856.458098179,8.302739726027397,5.0
C-000672307,S-0018,-100.0,1,3,女性,47,10,12,0.4166666666666667,0,0,16,4493108.581950108,7.550684931506849,5.0
C-002467319,S-0099,-31.875499689767896,0,3,女性,42,2,12,0.25,0,0,13,4464126.154078853,8.147945205479452,5.0
C-001549722,S-0074,-100.0,1,3,女性,52,6,12,0.25,0,0,14,4614054.39694187,8.308219178082192,6.0
C-000493785,S-0004,-35.07835048184324,0,3,女性,77,10,12,0.1666666666666666,6265,2,22,4423576.351309,11.806849315068494,9.0
C-001338462,S-0097,-29.9253932075258,0,3,女性,24,7,12,0.25,155,1,21,4592508.716501317,10.09041095890411,7.0
C-000200998,S-0059,-76.46356033452808,1,3,男性,60,12,12,0.3333333333333333,0,0,14,4713188.969095345,6.8123287671232875,3.0
C-001264414,S-0012,-21.23540922732859,0,3,女性,61,7,12,0.3333333333333333,32077,2,16,4444678.825084195,7.994520547945205,5.0
C-001804853,S-0039,-65.59192888387187,1,3,女性,56,4,12,0.0833333333333333,0,0,16,4591288.568998441,8.193150684931506,5.0
C-001253123,S-0020,-41.97026352899327,0,3,女性,73,7,12,0.75,23159,1,16,4280702.057267675,6.986301369863014,3.5
C-000776122,S-0089,-100.0,1,3,男性,45,9,12,0.6666666666666666,0,0,19,4721110.949352573,10.142465753424657,7.0
C-000955823,S-0012,-21.07118911087459,0,3,男性,49,8,12,0.3333333333333333,0,0,16,4444678.825084195,7.994520547945205,5.0
C-000427002,S-0121,-100.0,1,3,女性,41,11,12,0.0833333333333333,48437,1,14,4716268.25678644,9.856164383561644,7.0
C-001848875,S-0056,-24.83548194113714,0,3,女性,41,4,12,0.4166666666666667,173942,2,15,4406070.585753419,7.528767123287671,4.0
C-001013363,S-0002,-94.06960606384115,1,3,女性,44,8,12,0.3333333333333333,16052,1,15,4455566.655169959,5.663013698630137,2.0
C-001034334,S-0115,-55.92832815985646,1,3,女性,48,8,12,0.0833333333333333,0,0,14,4553643.099564746,10.51095890410959,7.0
C-000344741,S-0111,-100.0,1,3,女性,63,11,12,0.25,0,0,19,4489501.980758176,6.397260273972603,4.0
C-002052497,S-0102,-100.0,1,3,男性,88,3,12,0.3333333333333333,0,0,16,4383474.364435211,10.484931506849314,7.5
C-001101492,S-0072,-83.71689594570026,1,3,女性,53,8,12,0.1666666666666666,1303,2,12,4406797.312641796,9.01917808219178,6.0
C-000694125,S-0012,-100.0,1,3,男性,58,9,12,0.1666666666666666,666,2,16,4444678.825084195,7.994520547945205,5.0
C-001267835,S-0072,-25.93993921257628,0,3,男性,53,7,12,0.4166666666666667,8546,1,12,4406797.312641796,9.01917808219178,6.0
C-000955534,S-0113,-53.37632284667955,1,3,女性,42,8,12,0.25,89993,2,16,4336633.961311346,5.77945205479452,2.5
C-000068693,S-0050,-100.0,1,3,女性,50,12,12,0.75,5071,1,20,4615411.181286601,9.2013698630137,6.0
C-002477932,S-0074,-100.0,1,3,男性,64,1,12,0.25,3755,1,14,4614054.39694187,8.308219178082192,6.0
C-001268184,S-0096,-19.364983693803644,0,3,男性,42,7,12,0.0833333333333333,0,0,16,4644856.458098179,8.302739726027397,5.0
C-001569680,S-0062,-8.554409129581876,0,3,女性,50,6,12,0.1666666666666666,7120,2,15,4713869.782113416,4.575342465753424,1.0
C-002562576,S-0106,-43.71881583324094,0,3,女性,58,1,12,0.0,6093,1,20,4462729.145118021,6.171232876712329,3.5
C-001700314,S-0048,-22.38686719395834,0,3,女性,73,5,12,0.3333333333333333,1019,2,15,4502249.082895545,3.671232876712329,1.0
C-001891322,S-0126,-3.1424242171359222,0,3,女性,20,4,12,0.5833333333333334,0,0,17,4493168.352495564,5.53972602739726,3.0
C-001300145,S-0115,-49.681600923381986,1,3,女性,54,7,12,0.0833333333333333,3146,1,14,4553643.099564746,10.51095890410959,7.0
C-000825241,S-0056,-22.53460108990583,0,3,男性,38,9,12,0.0833333333333333,4585,1,15,4406070.585753419,7.528767123287671,4.0
C-000563543,S-0102,-100.0,1,3,女性,46,10,12,0.0833333333333333,87919,1,16,4383474.364435211,10.484931506849314,7.5
C-000656058,S-0096,-26.93531109488752,0,3,男性,73,10,12,0.1666666666666666,5557,1,16,4644856.458098179,8.302739726027397,5.0
C-001482792,S-0096,-40.982914996836115,0,3,女性,31,6,12,0.25,7158,2,16,4644856.458098179,8.302739726027397,5.0
C-001826062,S-0115,-93.08333440518605,1,3,女性,61,4,12,0.0833333333333333,0,0,14,4553643.099564746,10.51095890410959,7.0
C-002086976,S-0096,-100.0,1,3,女性,74,3,12,0.0833333333333333,5249,1,16,4644856.458098179,8.302739726027397,5.0
C-000450542,S-0099,-100.0,1,3,男性,34,11,12,0.25,0,0,13,4464126.154078853,8.147945205479452,5.0
C-000597678,S-0079,-14.635467182900076,0,3,女性,55,10,12,0.25,2412,2,13,4256656.371085242,8.479452054794521,6.0
C-001020179,S-0074,-35.67317050013055,0,3,男性,72,8,12,0.25,30736,2,14,4614054.39694187,8.308219178082192,6.0
C-000638770,S-0079,-32.41275768667118,0,3,女性,59,10,12,0.1666666666666666,39577,1,13,4256656.371085242,8.479452054794521,6.0
C-002672535,S-0113,-100.0,1,3,男性,42,1,12,0.0,0,0,16,4336633.961311346,5.77945205479452,2.5
C-002568946,S-0089,-57.60347368145713,1,3,女性,32,1,12,0.0,12916,2,19,4721110.949352573,10.142465753424657,7.0
C-000134136,S-0072,-39.57260316475333,0,3,女性,37,12,12,0.1666666666666666,42198,2,12,4406797.312641796,9.01917808219178,6.0
C-001746461,S-0054,-74.16255433184091,1,3,男性,57,5,12,0.25,72369,1,23,4489160.181517739,6.358904109589041,4.0
C-001288030,S-0020,-53.815880573809316,1,3,女性,70,7,12,0.3333333333333333,17019,1,16,4280702.057267675,6.986301369863014,3.5
C-001494433,S-0017,-27.741622845374252,0,3,女性,31,6,12,0.25,0,0,20,4640207.03550726,5.608219178082192,2.5
C-001502269,S-0072,-47.39151459420037,0,3,男性,54,6,12,0.0833333333333333,79123,1,12,4406797.312641796,9.01917808219178,6.0
C-002032126,S-0036,-100.0,1,3,男性,43,3,12,0.5833333333333334,0,0,19,4397834.424680548,11.123287671232877,9.0
C-002534255,S-0074,-100.0,1,3,男性,23,1,12,0.0833333333333333,0,0,14,4614054.39694187,8.308219178082192,6.0
C-002168789,S-0014,-16.64292629385032,0,3,女性,66,3,12,0.0833333333333333,0,0,21,4730192.353344672,7.336986301369863,4.0
C-001518799,S-0039,-84.575332678396,1,3,女性,53,6,12,0.5,18896,2,16,4591288.568998441,8.193150684931506,5.0
C-000846186,S-0074,-100.0,1,3,男性,41,9,12,0.25,49983,1,14,4614054.39694187,8.308219178082192,6.0
C-000709748,S-0097,-33.701722668754755,0,3,女性,57,9,12,0.25,46994,1,21,4592508.716501317,10.09041095890411,7.0
C-000395197,S-0099,-48.56902667947676,0,3,男性,52,11,12,0.1666666666666666,0,0,13,4464126.154078853,8.147945205479452,5.0
C-002278498,S-0074,-100.0,1,3,男性,81,2,12,0.4166666666666667,22576,1,14,4614054.39694187,8.308219178082192,6.0
C-001946727,S-0115,-77.30859015510315,1,3,男性,80,4,12,0.5,23118,1,14,4553643.099564746,10.51095890410959,7.0
C-000328362,S-0075,-100.0,1,3,女性,48,11,12,0.1666666666666666,15266,1,19,4506647.2743158825,4.526027397260274,1.0
C-000979514,S-0113,-28.5871844151306,0,3,男性,69,8,12,0.3333333333333333,0,0,16,4336633.961311346,5.77945205479452,2.5
C-001069594,S-0054,-30.63556497008262,0,3,男性,52,8,12,0.5833333333333334,0,0,23,4489160.181517739,6.358904109589041,4.0
C-000396263,S-0115,-100.0,1,3,女性,41,11,12,0.4166666666666667,0,0,14,4553643.099564746,10.51095890410959,7.0
C-001945644,S-0002,-64.88702941005859,1,3,男性,46,4,12,0.6666666666666666,0,0,15,4455566.655169959,5.663013698630137,2.0
C-001759550,S-0089,-62.9981165883343,1,3,女性,51,5,12,0.1666666666666666,0,0,19,4721110.949352573,10.142465753424657,7.0
C-002599390,S-0075,-50.797842371627475,1,3,女性,38,1,12,0.3333333333333333,17657,1,19,4506647.2743158825,4.526027397260274,1.0
C-001864075,S-0115,-61.85297955632883,1,3,男性,36,4,12,0.25,0,0,14,4553643.099564746,10.51095890410959,7.0
C-001785271,S-0085,-37.45237508873082,0,3,女性,42,5,12,0.25,0,0,15,4606655.398026554,4.928767123287671,2.0
C-000281779,S-0074,-100.0,1,3,女性,44,11,12,0.0,0,0,14,4614054.39694187,8.308219178082192,6.0
C-000581632,S-0048,-96.93562284053229,1,3,女性,63,10,12,0.1666666666666666,800,1,15,4502249.082895545,3.671232876712329,1.0
C-000858804,S-0030,-76.52940707046525,1,3,女性,57,9,12,0.4166666666666667,0,0,22,4426478.045479023,9.236986301369862,5.5
C-001407528,S-0089,-100.0,1,3,女性,60,6,12,0.1666666666666666,0,0,19,4721110.949352573,10.142465753424657,7.0
C-001443082,S-0115,-100.0,1,3,男性,49,6,12,0.1666666666666666,6295,2,14,4553643.099564746,10.51095890410959,7.0
C-001015842,S-0007,-52.76316805045593,1,3,女性,35,8,12,0.25,0,0,21,4487075.727367008,3.7260273972602738,1.0
C-002335991,S-0113,-100.0,1,3,女性,51,2,12,0.25,2723,2,16,4336633.961311346,5.77945205479452,2.5
C-001818906,S-0050,-100.0,1,3,女性,76,4,12,0.6666666666666666,0,0,20,4615411.181286601,9.2013698630137,6.0
C-002623164,S-0111,-27.617234111188015,0,3,女性,44,1,12,0.5833333333333334,5206,1,19,4489501.980758176,6.397260273972603,4.0
C-000896424,S-0100,-100.0,1,3,男性,19,9,12,0.1666666666666666,4467,1,17,4535925.154217558,4.720547945205479,2.0
C-000792429,S-0100,-28.854417446930057,0,3,男性,76,9,12,0.1666666666666666,0,0,17,4535925.154217558,4.720547945205479,2.0
C-002642801,S-0018,-80.14103573549929,1,3,男性,50,1,12,0.5,30241,2,16,4493108.581950108,7.550684931506849,5.0
C-001046066,S-0089,-100.0,1,3,女性,51,8,12,0.0833333333333333,2579,1,19,4721110.949352573,10.142465753424657,7.0
C-001000101,S-0018,-100.0,1,3,女性,52,8,12,0.3333333333333333,43893,2,16,4493108.581950108,7.550684931506849,5.0
C-001583015,S-0097,-100.0,1,3,男性,60,5,12,0.25,21181,2,21,4592508.716501317,10.09041095890411,7.0
C-000379795,S-0019,-13.434835643364112,0,3,女性,64,11,12,0.3333333333333333,0,0,19,4327199.920883598,4.090410958904109,1.0
C-001999801,S-0126,-100.0,1,3,男性,74,4,12,0.0,2917,1,17,4493168.352495564,5.53972602739726,3.0
C-002250897,S-0117,-84.82391003805424,1,3,女性,31,2,12,0.1666666666666666,45189,2,20,4500859.737076383,9.593150684931507,7.0
C-002556827,S-0121,-100.0,1,3,女性,47,1,12,0.25,0,0,14,4716268.25678644,9.856164383561644,7.0
C-001148743,S-0017,-19.813573220142775,0,3,男性,35,7,12,0.3333333333333333,28299,1,20,4640207.03550726,5.608219178082192,2.5
C-002687673,S-0012,-26.909310457400654,0,3,女性,70,1,12,0.1666666666666666,6660,2,16,4444678.825084195,7.994520547945205,5.0
C-001551757,S-0002,-10.773248138617568,0,3,女性,39,6,12,0.3333333333333333,0,0,15,4455566.655169959,5.663013698630137,2.0
C-001582234,S-0056,-21.478413191315333,0,3,男性,59,5,12,0.25,9110,2,15,4406070.585753419,7.528767123287671,4.0
C-000748527,S-0054,-38.21230406146173,0,3,男性,45,9,12,0.4166666666666667,45835,1,23,4489160.181517739,6.358904109589041,4.0
C-002153814,S-0079,-100.0,1,3,男性,57,3,12,0.25,0,0,13,4256656.371085242,8.479452054794521,6.0
C-001786528,S-0007,-62.04637448063263,1,3,男性,36,5,12,0.1666666666666666,0,0,21,4487075.727367008,3.7260273972602738,1.0
C-001909864,S-0089,-100.0,1,3,男性,41,4,12,0.1666666666666666,9740,1,19,4721110.949352573,10.142465753424657,7.0
C-002213084,S-0036,-20.6240357412207,0,3,女性,55,3,12,0.0,39670,1,19,4397834.424680548,11.123287671232877,9.0
C-002153837,S-0075,-35.28387766509623,0,3,女性,35,3,12,0.1666666666666666,29025,1,19,4506647.2743158825,4.526027397260274,1.0
C-001350932,S-0012,-50.26809344316763,1,3,女性,55,6,12,0.6666666666666666,0,0,16,4444678.825084195,7.994520547945205,5.0
C-001322188,S-0075,-52.72184365668785,1,3,男性,46,7,12,0.1666666666666666,0,0,19,4506647.2743158825,4.526027397260274,1.0
C-000824250,S-0097,-46.170425529849226,0,3,女性,70,9,12,0.5,183818,1,21,4592508.716501317,10.09041095890411,7.0
C-000168861,S-0062,-13.77528727150666,0,3,女性,86,12,12,0.5,25874,2,15,4713869.782113416,4.575342465753424,1.0
C-000236479,S-0072,-38.821121864471905,0,3,男性,48,11,12,0.3333333333333333,17105,1,12,4406797.312641796,9.01917808219178,6.0
C-002310550,S-0117,-18.71372970401388,0,3,女性,57,2,12,0.0833333333333333,0,0,20,4500859.737076383,9.593150684931507,7.0
C-000953653,S-0020,-46.589038680095626,0,3,男性,55,8,12,0.5,0,0,16,4280702.057267675,6.986301369863014,3.5
C-002277664,S-0111,-32.31037054490294,0,3,男性,50,2,12,0.1666666666666666,0,0,19,4489501.980758176,6.397260273972603,4.0
C-002644072,S-0072,-100.0,1,3,女性,24,1,12,0.3333333333333333,0,0,12,4406797.312641796,9.01917808219178,6.0
C-001400614,S-0097,-10.642400999214017,0,3,男性,29,6,12,0.25,23251,2,21,4592508.716501317,10.09041095890411,7.0
C-000934453,S-0096,-34.487865469138164,0,3,女性,53,8,12,0.25,0,0,16,4644856.458098179,8.302739726027397,5.0
C-002045763,S-0062,-100.0,1,3,男性,44,3,12,0.25,23547,1,15,4713869.782113416,4.575342465753424,1.0
C-002375181,S-0030,-44.73520943624037,0,3,女性,47,2,12,0.1666666666666666,4773,2,22,4426478.045479023,9.236986301369862,5.5
C-001926901,S-0041,-25.294214358827492,0,3,女性,50,4,12,0.5833333333333334,3415,1,17,4828489.286769263,10.389041095890411,7.0
C-000289409,S-0008,-23.875229629456467,0,3,女性,50,11,12,0.25,26587,1,22,4498453.308937302,10.772602739726027,7.0
C-002434140,S-0075,-54.320224503974224,1,3,男性,49,2,12,0.5833333333333334,0,0,19,4506647.2743158825,4.526027397260274,1.0
C-002637039,S-0079,-23.000537094410273,0,3,女性,22,1,12,0.0,4862,2,13,4256656.371085242,8.479452054794521,6.0
C-001125781,S-0113,-20.058443068994052,0,3,女性,56,7,12,0.0833333333333333,4684,1,16,4336633.961311346,5.77945205479452,2.5
C-000934983,S-0063,-11.913452402490355,0,3,男性,58,8,12,0.75,4910,2,18,4564012.176421695,5.749315068493151,3.0
C-001637010,S-0062,-100.0,1,3,男性,55,5,12,0.0833333333333333,2280,1,15,4713869.782113416,4.575342465753424,1.0
C-001981304,S-0041,-85.84392404791089,1,3,男性,34,4,12,0.0,18491,1,17,4828489.286769263,10.389041095890411,7.0
C-000541053,S-0072,-100.0,1,3,女性,67,10,12,0.0833333333333333,31804,2,12,4406797.312641796,9.01917808219178,6.0
C-002576580,S-0075,-36.962068247862916,0,3,女性,45,1,12,0.1666666666666666,0,0,19,4506647.2743158825,4.526027397260274,1.0
C-002323939,S-0096,-46.616073924750964,0,3,男性,70,2,12,0.4166666666666667,0,0,16,4644856.458098179,8.302739726027397,5.0
C-002250633,S-0041,-100.0,1,3,女性,38,2,12,0.0833333333333333,1795,1,17,4828489.286769263,10.389041095890411,7.0
C-000192999,S-0089,-100.0,1,3,男性,41,12,12,0.1666666666666666,31919,1,19,4721110.949352573,10.142465753424657,7.0
C-001915664,S-0089,-100.0,1,3,女性,44,4,12,0.4166666666666667,0,0,19,4721110.949352573,10.142465753424657,7.0
C-000509027,S-0075,-47.324995416182816,0,3,女性,47,10,12,0.1666666666666666,0,0,19,4506647.2743158825,4.526027397260274,1.0
C-000949903,S-0008,-28.140661405575372,0,3,男性,29,8,12,0.1666666666666666,0,0,22,4498453.308937302,10.772602739726027,7.0
C-002259622,S-0080,-44.103227196810515,0,3,女性,42,2,12,0.1666666666666666,5185,1,17,4457429.264950683,11.673972602739726,9.0
C-000818747,S-0036,-18.10170917586329,0,3,男性,54,9,12,0.25,76312,2,19,4397834.424680548,11.123287671232877,9.0
C-001465385,S-0036,-44.440710073635,0,3,女性,66,6,12,0.1666666666666666,0,0,19,4397834.424680548,11.123287671232877,9.0
C-000525286,S-0075,-19.717841282394453,0,3,女性,78,10,12,0.1666666666666666,1025,2,19,4506647.2743158825,4.526027397260274,1.0
C-001790776,S-0040,-31.28203599063707,0,3,男性,47,5,12,0.4166666666666667,0,0,20,4550116.0180538,8.163013698630138,4.0
C-002372979,S-0097,-51.485479620637534,1,3,女性,49,2,12,0.3333333333333333,2440,1,21,4592508.716501317,10.09041095890411,7.0
C-002662688,S-0079,-45.605551568921655,0,3,男性,72,1,12,0.0833333333333333,4156,2,13,4256656.371085242,8.479452054794521,6.0
C-001964129,S-0036,-38.7349012397128,0,3,女性,46,4,12,0.4166666666666667,7769,1,19,4397834.424680548,11.123287671232877,9.0
C-000018739,S-0115,-100.0,1,3,女性,47,12,12,0.3333333333333333,88541,2,14,4553643.099564746,10.51095890410959,7.0
C-001303120,S-0079,-100.0,1,3,女性,53,7,12,0.3333333333333333,0,0,13,4256656.371085242,8.479452054794521,6.0
C-000736886,S-0018,-25.65049283886075,0,3,女性,54,9,12,0.3333333333333333,50479,2,16,4493108.581950108,7.550684931506849,5.0
C-001058824,S-0007,-16.59190831123932,0,3,男性,52,8,12,0.3333333333333333,32579,1,21,4487075.727367008,3.7260273972602738,1.0
C-000156764,S-0131,-16.131471171529107,0,3,男性,31,12,12,0.1666666666666666,42937,2,17,4569023.5643747775,5.13972602739726,2.0
C-002288883,S-0007,-100.0,1,3,男性,48,2,12,0.1666666666666666,0,0,21,4487075.727367008,3.7260273972602738,1.0
C-002281342,S-0014,-36.88142772337592,0,3,男性,44,2,12,0.1666666666666666,15306,1,21,4730192.353344672,7.336986301369863,4.0
C-000280944,S-0048,-100.0,1,3,男性,48,11,12,0.3333333333333333,1535,1,15,4502249.082895545,3.671232876712329,1.0
C-001873597,S-0131,-13.346607177922795,0,3,女性,50,4,12,0.25,5110,1,17,4569023.5643747775,5.13972602739726,2.0
C-001838245,S-0020,-71.62037768830952,1,3,女性,35,4,12,0.75,13767,1,16,4280702.057267675,6.986301369863014,3.5
C-000431737,S-0008,-37.961476540141504,0,3,男性,31,11,12,0.3333333333333333,16412,2,22,4498453.308937302,10.772602739726027,7.0
C-002313612,S-0117,-41.343891644338626,0,3,男性,44,2,12,0.0,0,0,20,4500859.737076383,9.593150684931507,7.0
C-002070346,S-0080,-19.34001466634075,0,3,女性,22,3,12,0.1666666666666666,0,0,17,4457429.264950683,11.673972602739726,9.0
C-002574775,S-0054,-100.0,1,3,女性,44,1,12,0.0833333333333333,0,0,23,4489160.181517739,6.358904109589041,4.0
C-000585036,S-0096,-52.69629503357752,1,3,女性,78,10,12,0.3333333333333333,14955,1,16,4644856.458098179,8.302739726027397,5.0
C-002629227,S-0018,-100.0,1,3,男性,36,1,12,0.1666666666666666,18333,1,16,4493108.581950108,7.550684931506849,5.0
C-002213373,S-0063,-76.57264798663945,1,3,男性,62,3,12,0.5,29616,1,18,4564012.176421695,5.749315068493151,3.0
C-001262716,S-0040,4.131193823015564,0,3,女性,39,7,12,0.3333333333333333,0,0,20,4550116.0180538,8.163013698630138,4.0
C-002583681,S-0074,-83.59125927370656,1,3,男性,47,1,12,0.25,21366,1,14,4614054.39694187,8.308219178082192,6.0
C-002647330,S-0007,-81.49039979789048,1,3,女性,39,1,12,0.3333333333333333,15783,1,21,4487075.727367008,3.7260273972602738,1.0
C-001832893,S-0019,-9.628933771723815,0,3,女性,58,4,12,1.0,0,0,19,4327199.920883598,4.090410958904109,1.0
C-000652756,S-0075,-33.223167666665226,0,3,女性,22,10,12,0.3333333333333333,18010,1,19,4506647.2743158825,4.526027397260274,1.0
C-001495569,S-0050,-26.205800026658032,0,3,女性,57,6,12,0.1666666666666666,0,0,20,4615411.181286601,9.2013698630137,6.0
C-001412338,S-0007,-23.57458626824359,0,3,女性,42,6,12,0.1666666666666666,0,0,21,4487075.727367008,3.7260273972602738,1.0
C-001116757,S-0099,-100.0,1,3,女性,47,8,12,0.25,0,0,13,4464126.154078853,8.147945205479452,5.0
C-001782659,S-0115,-100.0,1,3,女性,48,5,12,0.1666666666666666,0,0,14,4553643.099564746,10.51095890410959,7.0
C-002260822,S-0040,-74.44340709713777,1,3,女性,48,2,12,0.5,2317,1,20,4550116.0180538,8.163013698630138,4.0
C-002677138,S-0074,-82.60202213648013,1,3,女性,31,1,12,0.0833333333333333,49321,1,14,4614054.39694187,8.308219178082192,6.0
C-001405888,S-0102,-100.0,1,3,女性,57,6,12,0.6666666666666666,0,0,16,4383474.364435211,10.484931506849314,7.5
C-000141664,S-0039,-26.65517933972536,0,3,男性,60,12,12,0.1666666666666666,0,0,16,4591288.568998441,8.193150684931506,5.0
C-001156192,S-0121,-40.91626274866202,0,3,男性,33,7,12,0.1666666666666666,100656,1,14,4716268.25678644,9.856164383561644,7.0
C-000173340,S-0080,-21.397432301364955,0,3,男性,41,12,12,0.1666666666666666,14973,1,17,4457429.264950683,11.673972602739726,9.0
C-001832626,S-0008,-55.90641844730433,1,3,女性,46,4,12,0.1666666666666666,30878,1,22,4498453.308937302,10.772602739726027,7.0
C-001367323,S-0089,-29.80682957724178,0,3,男性,67,6,12,0.5,0,0,19,4721110.949352573,10.142465753424657,7.0
C-000094542,S-0089,-54.14947734856571,1,3,男性,57,12,12,0.25,154513,1,19,4721110.949352573,10.142465753424657,7.0
C-001822753,S-0089,-100.0,1,3,男性,46,4,12,0.3333333333333333,3253,1,19,4721110.949352573,10.142465753424657,7.0
C-001517341,S-0063,-60.93667823708846,1,3,女性,41,6,12,0.4166666666666667,0,0,18,4564012.176421695,5.749315068493151,3.0
C-002127797,S-0074,-48.28291879586351,0,3,男性,64,3,12,0.0,6646,1,14,4614054.39694187,8.308219178082192,6.0
C-000794204,S-0007,-54.0245720088122,1,3,男性,45,9,12,0.25,38625,1,21,4487075.727367008,3.7260273972602738,1.0
C-001365211,S-0100,-32.17310883695201,0,3,女性,40,6,12,0.25,8460,2,17,4535925.154217558,4.720547945205479,2.0
C-001945400,S-0014,-32.89303118646256,0,3,女性,32,4,12,0.1666666666666666,7780,1,21,4730192.353344672,7.336986301369863,4.0
C-000117787,S-0014,-100.0,1,3,女性,54,12,12,0.5833333333333334,0,0,21,4730192.353344672,7.336986301369863,4.0
C-002352890,S-0002,-19.58792098445596,0,3,男性,29,2,12,0.1666666666666666,16173,2,15,4455566.655169959,5.663013698630137,2.0
C-002079000,S-0036,-47.061982721520565,0,3,女性,43,3,12,0.0833333333333333,2581,1,19,4397834.424680548,11.123287671232877,9.0
C-002057606,S-0054,-11.312859597997459,0,3,女性,40,3,12,0.75,913,1,23,4489160.181517739,6.358904109589041,4.0
C-002484870,S-0072,-82.2081860893348,1,3,女性,47,1,12,0.4166666666666667,15055,1,12,4406797.312641796,9.01917808219178,6.0
C-000445689,S-0106,-43.812812296430735,0,3,男性,44,11,12,0.1666666666666666,0,0,20,4462729.145118021,6.171232876712329,3.5
C-001024753,S-0017,-22.17002784833369,0,3,女性,53,8,12,0.6666666666666666,21454,2,20,4640207.03550726,5.608219178082192,2.5
C-001849487,S-0097,-39.461185931948584,0,3,女性,46,4,12,0.4166666666666667,48616,1,21,4592508.716501317,10.09041095890411,7.0
C-000309556,S-0039,-82.89212668445174,1,3,男性,22,11,12,0.25,10247,1,16,4591288.568998441,8.193150684931506,5.0
C-002004132,S-0099,-4.086531610648466,0,3,女性,42,4,12,0.25,0,0,13,4464126.154078853,8.147945205479452,5.0
C-002121181,S-0056,-58.204309081738046,1,3,男性,51,3,12,0.3333333333333333,5030,1,15,4406070.585753419,7.528767123287671,4.0
C-001600381,S-0089,-56.81656240356833,1,3,男性,43,5,12,0.1666666666666666,0,0,19,4721110.949352573,10.142465753424657,7.0
C-001254514,S-0048,-90.55490626150718,1,3,女性,43,7,12,0.25,18589,2,15,4502249.082895545,3.671232876712329,1.0
C-001067379,S-0072,-51.33151091942678,1,3,女性,50,8,12,0.1666666666666666,0,0,12,4406797.312641796,9.01917808219178,6.0
C-001232045,S-0074,-51.550649163239406,1,3,女性,56,7,12,0.1666666666666666,64096,2,14,4614054.39694187,8.308219178082192,6.0
C-002483928,S-0097,-40.55050125790299,0,3,男性,35,1,12,0.3333333333333333,16191,2,21,4592508.716501317,10.09041095890411,7.0
C-002618707,S-0099,-36.2393671019008,0,3,女性,43,1,12,0.6666666666666666,13747,1,13,4464126.154078853,8.147945205479452,5.0
C-001099979,S-0106,-71.79329102447869,1,3,女性,70,8,12,0.4166666666666667,0,0,20,4462729.145118021,6.171232876712329,3.5
C-001669770,S-0072,-100.0,1,3,女性,55,5,12,0.1666666666666666,5731,1,12,4406797.312641796,9.01917808219178,6.0
C-002175189,S-0054,-35.69753598614669,0,3,男性,45,3,12,0.1666666666666666,34891,1,23,4489160.181517739,6.358904109589041,4.0
C-001060874,S-0014,-22.480513603985834,0,3,男性,37,8,12,0.0,0,0,21,4730192.353344672,7.336986301369863,4.0
C-001382111,S-0121,-93.50760325263012,1,3,男性,60,6,12,0.25,12279,1,14,4716268.25678644,9.856164383561644,7.0
C-001367020,S-0039,-47.30687164897691,0,3,男性,34,6,12,0.5,0,0,16,4591288.568998441,8.193150684931506,5.0
C-000994998,S-0121,-27.984464767208035,0,3,女性,39,8,12,0.25,0,0,14,4716268.25678644,9.856164383561644,7.0
C-001860838,S-0072,-38.39780759654429,0,3,女性,52,4,12,0.1666666666666666,13175,1,12,4406797.312641796,9.01917808219178,6.0
C-000532778,S-0096,-100.0,1,3,男性,40,10,12,0.25,0,0,16,4644856.458098179,8.302739726027397,5.0
C-000698832,S-0007,-100.0,1,3,女性,48,9,12,0.1666666666666666,0,0,21,4487075.727367008,3.7260273972602738,1.0
C-001266445,S-0048,-19.070359271635198,0,3,女性,86,7,12,0.6666666666666666,51691,2,15,4502249.082895545,3.671232876712329,1.0
C-001154768,S-0074,-94.36621992572259,1,3,女性,64,7,12,0.1666666666666666,0,0,14,4614054.39694187,8.308219178082192,6.0
C-002200816,S-0074,-100.0,1,3,女性,36,3,12,0.5833333333333334,0,0,14,4614054.39694187,8.308219178082192,6.0
C-002042041,S-0089,-66.1404616068739,1,3,男性,60,3,12,0.4166666666666667,0,0,19,4721110.949352573,10.142465753424657,7.0
C-000808547,S-0115,-39.834941685525855,0,3,女性,24,9,12,0.25,627,2,14,4553643.099564746,10.51095890410959,7.0
C-001713377,S-0121,-100.0,1,3,女性,53,5,12,0.5,10921,1,14,4716268.25678644,9.856164383561644,7.0
C-002269933,S-0079,-33.843831738594105,0,3,女性,59,2,12,0.3333333333333333,13926,1,13,4256656.371085242,8.479452054794521,6.0
C-001207182,S-0007,-65.13149974973548,1,3,女性,31,7,12,0.0833333333333333,6618,1,21,4487075.727367008,3.7260273972602738,1.0
C-001069998,S-0102,-81.85770853282952,1,3,男性,56,8,12,0.25,11024,1,16,4383474.364435211,10.484931506849314,7.5
C-001488443,S-0121,-26.297535421632194,0,3,男性,60,6,12,0.8333333333333334,67479,2,14,4716268.25678644,9.856164383561644,7.0
C-001832720,S-0014,-100.0,1,3,男性,54,4,12,0.4166666666666667,0,0,21,4730192.353344672,7.336986301369863,4.0
C-001860522,S-0117,-100.0,1,3,男性,37,4,12,0.0,3126,2,20,4500859.737076383,9.593150684931507,7.0
C-001974689,S-0054,-15.84682979307456,0,3,女性,66,4,12,0.1666666666666666,0,0,23,4489160.181517739,6.358904109589041,4.0
C-002316964,S-0040,-37.349436439068775,0,3,女性,58,2,12,0.3333333333333333,4389,1,20,4550116.0180538,8.163013698630138,4.0
C-001523555,S-0100,-8.24573460062997,0,3,女性,50,6,12,0.9166666666666666,32519,2,17,4535925.154217558,4.720547945205479,2.0
C-000703003,S-0017,-51.0373118729097,1,3,女性,52,9,12,0.8333333333333334,0,0,20,4640207.03550726,5.608219178082192,2.5
C-002289290,S-0072,-20.398461935587687,0,3,男性,67,2,12,0.6666666666666666,0,0,12,4406797.312641796,9.01917808219178,6.0
C-000765447,S-0004,-27.69695006976371,0,3,女性,56,9,12,0.6666666666666666,0,0,22,4423576.351309,11.806849315068494,9.0
C-001236600,S-0131,-19.226642546927298,0,3,女性,69,7,12,0.0833333333333333,0,0,17,4569023.5643747775,5.13972602739726,2.0
C-001050881,S-0056,-100.0,1,3,女性,55,8,12,0.6666666666666666,4135,1,15,4406070.585753419,7.528767123287671,4.0
C-002069173,S-0113,-92.49423838241081,1,3,男性,26,3,12,0.0,0,0,16,4336633.961311346,5.77945205479452,2.5
C-000115307,S-0117,-30.511926065191293,0,3,男性,55,12,12,0.1666666666666666,13244,1,20,4500859.737076383,9.593150684931507,7.0
C-000130541,S-0005,-5.700670484760084,0,3,男性,41,12,12,0.3333333333333333,5894,1,21,4733942.970761149,4.69041095890411,2.0
C-001062608,S-0082,-32.59778327379317,0,3,女性,56,8,12,0.3333333333333333,36659,1,17,4607261.71451126,4.758904109589041,2.0
C-001695288,S-0007,-100.0,1,3,男性,36,5,12,0.1666666666666666,0,0,21,4487075.727367008,3.7260273972602738,1.0
C-002614616,S-0004,-22.43429493053774,0,3,男性,55,1,12,0.0833333333333333,8862,1,22,4423576.351309,11.806849315068494,9.0
C-001798849,S-0004,-29.3122562309142,0,3,女性,73,5,12,0.0833333333333333,2905,1,22,4423576.351309,11.806849315068494,9.0
C-001286957,S-0054,-24.385385731058776,0,3,女性,44,7,12,0.25,0,0,23,4489160.181517739,6.358904109589041,4.0
C-000707238,S-0020,-18.25351877172685,0,3,女性,45,9,12,0.0833333333333333,10734,2,16,4280702.057267675,6.986301369863014,3.5
C-002611875,S-0018,-80.71834574676598,1,3,女性,29,1,12,0.0,0,0,16,4493108.581950108,7.550684931506849,5.0
C-000790140,S-0097,-53.19765412273965,1,3,女性,46,9,12,0.25,13011,2,21,4592508.716501317,10.09041095890411,7.0
C-002337789,S-0002,-100.0,1,3,男性,77,2,12,0.9166666666666666,0,0,15,4455566.655169959,5.663013698630137,2.0
C-001795672,S-0020,-16.822536676068765,0,3,男性,57,5,12,0.0,40119,1,16,4280702.057267675,6.986301369863014,3.5
C-002229467,S-0002,-16.207782541170744,0,3,女性,20,3,12,0.5,0,0,15,4455566.655169959,5.663013698630137,2.0
C-000725381,S-0115,-28.10875364476704,0,3,男性,58,9,12,0.4166666666666667,0,0,14,4553643.099564746,10.51095890410959,7.0
C-000021798,S-0020,-91.24794537868252,1,3,女性,57,12,12,0.5,40585,2,16,4280702.057267675,6.986301369863014,3.5
C-000542617,S-0102,-100.0,1,3,女性,40,10,12,0.1666666666666666,0,0,16,4383474.364435211,10.484931506849314,7.5
C-000401126,S-0039,-30.430387153398563,0,3,女性,79,11,12,0.6666666666666666,18966,2,16,4591288.568998441,8.193150684931506,5.0
C-001319948,S-0096,-70.79307528338347,1,3,女性,46,7,12,0.0833333333333333,19682,2,16,4644856.458098179,8.302739726027397,5.0
C-001912429,S-0059,-18.13253542465562,0,3,女性,51,4,12,0.5,45725,1,14,4713188.969095345,6.8123287671232875,3.0
C-000343449,S-0115,-48.628337580596245,0,3,男性,56,11,12,0.5833333333333334,31456,1,14,4553643.099564746,10.51095890410959,7.0
C-002545497,S-0102,-100.0,1,3,男性,53,1,12,0.4166666666666667,24253,1,16,4383474.364435211,10.484931506849314,7.5
C-002003170,S-0080,-98.28636229997059,1,3,女性,62,4,12,0.1666666666666666,1907,2,17,4457429.264950683,11.673972602739726,9.0
C-001899486,S-0018,-23.171282448683595,0,3,女性,41,4,12,0.0833333333333333,3596,1,16,4493108.581950108,7.550684931506849,5.0
C-000837900,S-0074,-94.43207845414369,1,3,女性,65,9,12,0.0833333333333333,0,0,14,4614054.39694187,8.308219178082192,6.0
C-001029566,S-0040,-52.03478297958553,1,3,男性,42,8,12,0.4166666666666667,0,0,20,4550116.0180538,8.163013698630138,4.0
C-001696106,S-0111,-26.7415046797736,0,3,女性,35,5,12,0.5833333333333334,6667,1,19,4489501.980758176,6.397260273972603,4.0
C-001244991,S-0040,-63.36576834513914,1,3,女性,31,7,12,0.3333333333333333,7707,1,20,4550116.0180538,8.163013698630138,4.0
C-001399485,S-0005,-100.0,1,3,女性,46,6,12,0.3333333333333333,32754,2,21,4733942.970761149,4.69041095890411,2.0
C-000249620,S-0017,-43.06002250016544,0,3,男性,51,11,12,0.5833333333333334,7498,1,20,4640207.03550726,5.608219178082192,2.5
C-000913037,S-0048,-18.911803202715483,0,3,女性,42,8,12,0.0833333333333333,38036,1,15,4502249.082895545,3.671232876712329,1.0
C-001841716,S-0056,-62.415949291190195,1,3,男性,41,4,12,0.25,0,0,15,4406070.585753419,7.528767123287671,4.0
C-001510492,S-0020,-100.0,1,3,女性,41,6,12,0.25,4040,2,16,4280702.057267675,6.986301369863014,3.5
C-000078643,S-0002,-100.0,1,3,女性,33,12,12,0.0833333333333333,135927,1,15,4455566.655169959,5.663013698630137,2.0
C-001051681,S-0113,-98.751500825454,1,3,男性,36,8,12,0.25,0,0,16,4336633.961311346,5.77945205479452,2.5
C-001977999,S-0014,-11.212502410842024,0,3,女性,44,4,12,0.4166666666666667,295571,1,21,4730192.353344672,7.336986301369863,4.0
C-000520077,S-0005,-25.42503374957813,0,3,女性,39,10,12,0.75,0,0,21,4733942.970761149,4.69041095890411,2.0
C-000533856,S-0050,-100.0,1,3,女性,55,10,12,0.3333333333333333,24077,1,20,4615411.181286601,9.2013698630137,6.0
C-002195807,S-0097,-24.625858991420305,0,3,女性,47,3,12,0.3333333333333333,2983,1,21,4592508.716501317,10.09041095890411,7.0
C-002162547,S-0018,-30.28353102657079,0,3,男性,35,3,12,0.1666666666666666,18973,2,16,4493108.581950108,7.550684931506849,5.0
C-002449210,S-0111,-100.0,1,3,女性,36,2,12,0.6666666666666666,0,0,19,4489501.980758176,6.397260273972603,4.0
C-002689663,S-0039,-48.29213896052057,0,3,女性,40,1,12,0.6666666666666666,0,0,16,4591288.568998441,8.193150684931506,5.0
C-001712405,S-0040,-26.57384121074347,0,3,女性,42,5,12,0.25,2352,1,20,4550116.0180538,8.163013698630138,4.0
C-000751647,S-0075,-44.067238331558315,0,3,男性,50,9,12,0.25,23400,1,19,4506647.2743158825,4.526027397260274,1.0
C-002353577,S-0131,-100.0,1,3,女性,73,2,12,0.25,4263,2,17,4569023.5643747775,5.13972602739726,2.0
C-002060630,S-0115,-89.34359358807576,1,3,男性,35,3,12,0.25,48559,2,14,4553643.099564746,10.51095890410959,7.0
C-000300663,S-0080,-100.0,1,3,女性,43,11,12,0.4166666666666667,56059,2,17,4457429.264950683,11.673972602739726,9.0
C-000847218,S-0072,-100.0,1,3,男性,36,9,12,0.0,35424,1,12,4406797.312641796,9.01917808219178,6.0
C-001633571,S-0074,-57.66949605524792,1,3,男性,67,5,12,0.1666666666666666,0,0,14,4614054.39694187,8.308219178082192,6.0
C-002504164,S-0082,-100.0,1,3,男性,68,1,12,0.5833333333333334,1927,1,17,4607261.71451126,4.758904109589041,2.0
C-001575822,S-0012,-49.62022385866807,1,3,女性,48,6,12,0.1666666666666666,3017,1,16,4444678.825084195,7.994520547945205,5.0
C-002310481,S-0080,-41.990706178106194,0,3,女性,50,2,12,0.1666666666666666,3057,2,17,4457429.264950683,11.673972602739726,9.0
C-002683159,S-0111,-100.0,1,3,男性,32,1,12,0.0833333333333333,0,0,19,4489501.980758176,6.397260273972603,4.0
C-001219828,S-0072,-38.57086688704111,0,3,女性,51,7,12,0.4166666666666667,4082,1,12,4406797.312641796,9.01917808219178,6.0
C-002393657,S-0039,-22.22401285518762,0,3,男性,31,2,12,0.4166666666666667,15071,2,16,4591288.568998441,8.193150684931506,5.0
C-000914564,S-0002,-56.47404970356713,1,3,女性,50,8,12,0.0833333333333333,0,0,15,4455566.655169959,5.663013698630137,2.0
C-000677750,S-0041,-27.98953323768988,0,3,女性,51,9,12,0.0833333333333333,1934,1,17,4828489.286769263,10.389041095890411,7.0
C-000932087,S-0121,-53.332700003562486,1,3,女性,55,8,12,0.0833333333333333,48923,2,14,4716268.25678644,9.856164383561644,7.0
C-001260698,S-0039,-52.20846514672194,1,3,女性,74,7,12,0.4166666666666667,25857,1,16,4591288.568998441,8.193150684931506,5.0
C-002033352,S-0072,-100.0,1,3,男性,56,3,12,0.3333333333333333,0,0,12,4406797.312641796,9.01917808219178,6.0
C-000880920,S-0072,-100.0,1,3,女性,50,9,12,0.3333333333333333,0,0,12,4406797.312641796,9.01917808219178,6.0
C-000208208,S-0054,-48.1660033865036,0,3,女性,57,12,12,0.3333333333333333,0,0,23,4489160.181517739,6.358904109589041,4.0
C-000332586,S-0012,-62.32397803538743,1,3,女性,64,11,12,0.5833333333333334,0,0,16,4444678.825084195,7.994520547945205,5.0
C-000761944,S-0040,-49.01827865875802,1,3,女性,51,9,12,0.25,55599,1,20,4550116.0180538,8.163013698630138,4.0
C-001498282,S-0041,-24.959193737194177,0,3,女性,64,6,12,0.75,44022,2,17,4828489.286769263,10.389041095890411,7.0
C-001051439,S-0072,-93.1131400821567,1,3,男性,50,8,12,0.0833333333333333,10076,1,12,4406797.312641796,9.01917808219178,6.0
C-000329063,S-0113,-100.0,1,3,女性,39,11,12,0.3333333333333333,16271,2,16,4336633.961311346,5.77945205479452,2.5
C-002657968,S-0012,-100.0,1,3,女性,57,1,12,0.1666666666666666,0,0,16,4444678.825084195,7.994520547945205,5.0
C-001949454,S-0121,-100.0,1,3,男性,52,4,12,0.5833333333333334,4024,1,14,4716268.25678644,9.856164383561644,7.0
C-001992437,S-0074,-44.75318008954832,0,3,女性,49,4,12,0.1666666666666666,17666,2,14,4614054.39694187,8.308219178082192,6.0
C-001052233,S-0050,-26.947979408275845,0,3,女性,46,8,12,0.1666666666666666,8637,2,20,4615411.181286601,9.2013698630137,6.0
C-001488818,S-0089,-100.0,1,3,男性,53,6,12,0.1666666666666666,0,0,19,4721110.949352573,10.142465753424657,7.0
C-000036965,S-0096,-35.31897976171249,0,3,男性,57,12,12,0.1666666666666666,18857,2,16,4644856.458098179,8.302739726027397,5.0
C-000972075,S-0117,-45.95718600884297,0,3,女性,27,8,12,0.3333333333333333,0,0,20,4500859.737076383,9.593150684931507,7.0
C-002031694,S-0079,-61.139317912783945,1,3,女性,53,3,12,0.1666666666666666,22748,1,13,4256656.371085242,8.479452054794521,6.0
C-000635553,S-0036,-18.091227915064174,0,3,男性,77,10,12,0.1666666666666666,0,0,19,4397834.424680548,11.123287671232877,9.0
C-001851904,S-0059,-48.26074155740837,0,3,女性,54,4,12,0.5833333333333334,0,0,14,4713188.969095345,6.8123287671232875,3.0
C-001407565,S-0007,-66.2147596189252,1,3,男性,46,6,12,0.1666666666666666,0,0,21,4487075.727367008,3.7260273972602738,1.0
C-000774134,S-0099,-100.0,1,3,男性,58,9,12,0.5833333333333334,0,0,13,4464126.154078853,8.147945205479452,5.0
C-002490227,S-0117,-100.0,1,3,女性,30,1,12,0.25,0,0,20,4500859.737076383,9.593150684931507,7.0
C-001440511,S-0008,-40.84802269906012,0,3,男性,49,6,12,0.3333333333333333,0,0,22,4498453.308937302,10.772602739726027,7.0
C-000140019,S-0007,-6.336722386915699,0,3,女性,66,12,12,0.3333333333333333,0,0,21,4487075.727367008,3.7260273972602738,1.0
C-001362331,S-0096,-100.0,1,3,男性,79,6,12,0.6666666666666666,0,0,16,4644856.458098179,8.302739726027397,5.0
C-000624350,S-0056,-40.597011971247895,0,3,女性,51,10,12,0.0833333333333333,0,0,15,4406070.585753419,7.528767123287671,4.0
C-001706454,S-0089,-14.637110420576564,0,3,男性,79,5,12,0.3333333333333333,0,0,19,4721110.949352573,10.142465753424657,7.0
C-001242014,S-0080,-38.573746962974084,0,3,男性,59,7,12,0.25,15099,1,17,4457429.264950683,11.673972602739726,9.0
C-002503242,S-0056,-100.0,1,3,男性,42,1,12,0.0,18873,2,15,4406070.585753419,7.528767123287671,4.0
C-000338775,S-0079,-68.36297127399598,1,3,男性,57,11,12,0.6666666666666666,80199,1,13,4256656.371085242,8.479452054794521,6.0
C-000344323,S-0072,-100.0,1,3,女性,31,11,12,0.5833333333333334,0,0,12,4406797.312641796,9.01917808219178,6.0
C-001438886,S-0102,-44.27187645981776,0,3,男性,79,6,12,0.6666666666666666,127112,1,16,4383474.364435211,10.484931506849314,7.5
C-001747272,S-0004,-10.139851753390976,0,3,男性,53,5,12,0.25,12991,1,22,4423576.351309,11.806849315068494,9.0
C-002600710,S-0117,-52.608979974582645,1,3,女性,57,1,12,0.5,0,0,20,4500859.737076383,9.593150684931507,7.0
C-001678087,S-0089,-73.26736363466951,1,3,女性,41,5,12,0.1666666666666666,1385,1,19,4721110.949352573,10.142465753424657,7.0
C-000798999,S-0089,-58.83834841692429,1,3,男性,34,9,12,0.25,0,0,19,4721110.949352573,10.142465753424657,7.0
C-001203363,S-0106,-20.77292627042361,0,3,男性,32,7,12,0.1666666666666666,0,0,20,4462729.145118021,6.171232876712329,3.5
C-002266736,S-0080,-100.0,1,3,男性,51,2,12,0.25,0,0,17,4457429.264950683,11.673972602739726,9.0
C-000488391,S-0072,-26.357471758468588,0,3,女性,41,10,12,0.4166666666666667,1126,1,12,4406797.312641796,9.01917808219178,6.0
C-000061240,S-0036,-100.0,1,3,男性,59,12,12,0.0833333333333333,20835,1,19,4397834.424680548,11.123287671232877,9.0
C-000555052,S-0100,-31.052929110203024,0,3,女性,58,10,12,0.3333333333333333,0,0,17,4535925.154217558,4.720547945205479,2.0
C-001408876,S-0102,-100.0,1,3,女性,30,6,12,0.1666666666666666,2020,1,16,4383474.364435211,10.484931506849314,7.5
C-002505721,S-0079,-100.0,1,3,女性,60,1,12,0.0833333333333333,8882,1,13,4256656.371085242,8.479452054794521,6.0
C-001259387,S-0007,-74.98039017231345,1,3,男性,52,7,12,0.25,20983,1,21,4487075.727367008,3.7260273972602738,1.0
C-001500204,S-0096,-59.21900089993118,1,3,男性,46,6,12,0.6666666666666666,0,0,16,4644856.458098179,8.302739726027397,5.0
C-002429386,S-0111,-39.33000880554682,0,3,女性,49,2,12,0.25,0,0,19,4489501.980758176,6.397260273972603,4.0
C-002008392,S-0113,-97.12696004046535,1,3,女性,58,4,12,0.1666666666666666,61301,2,16,4336633.961311346,5.77945205479452,2.5
C-001340365,S-0041,-100.0,1,3,男性,56,7,12,0.0833333333333333,0,0,17,4828489.286769263,10.389041095890411,7.0
C-000757024,S-0056,-38.75186066246539,0,3,男性,49,9,12,0.5,23777,1,15,4406070.585753419,7.528767123287671,4.0
C-001006716,S-0012,-100.0,1,3,男性,38,8,12,0.5,6273,1,16,4444678.825084195,7.994520547945205,5.0
C-001614232,S-0008,-42.09350995545475,0,3,女性,42,5,12,0.0833333333333333,0,0,22,4498453.308937302,10.772602739726027,7.0
C-002508793,S-0074,-100.0,1,3,女性,69,1,12,0.1666666666666666,14343,1,14,4614054.39694187,8.308219178082192,6.0
C-000853881,S-0096,-16.17020124997214,0,3,男性,60,9,12,0.25,0,0,16,4644856.458098179,8.302739726027397,5.0
C-001359434,S-0041,-57.783576877473564,1,3,男性,50,6,12,0.5,0,0,17,4828489.286769263,10.389041095890411,7.0
C-002667376,S-0041,-61.763334014642915,1,3,男性,40,1,12,0.5,2252,1,17,4828489.286769263,10.389041095890411,7.0
C-000912844,S-0007,-81.5659941347758,1,3,女性,58,8,12,0.4166666666666667,0,0,21,4487075.727367008,3.7260273972602738,1.0
C-002494481,S-0080,-33.59759289923538,0,3,男性,58,1,12,0.25,35067,1,17,4457429.264950683,11.673972602739726,9.0
C-000355867,S-0099,-100.0,1,3,男性,52,11,12,0.3333333333333333,22955,2,13,4464126.154078853,8.147945205479452,5.0
C-000994012,S-0121,-100.0,1,3,男性,46,8,12,0.25,0,0,14,4716268.25678644,9.856164383561644,7.0
C-002365789,S-0111,-45.07325383304941,0,3,女性,55,2,12,0.8333333333333334,4190,1,19,4489501.980758176,6.397260273972603,4.0
C-002080528,S-0097,-42.88736206815888,0,3,男性,48,3,12,0.25,15046,1,21,4592508.716501317,10.09041095890411,7.0
C-000408741,S-0113,-100.0,1,3,男性,49,11,12,0.1666666666666666,0,0,16,4336633.961311346,5.77945205479452,2.5
C-000120445,S-0005,-100.0,1,3,女性,47,12,12,0.0833333333333333,949,1,21,4733942.970761149,4.69041095890411,2.0
C-002692158,S-0014,-29.581852865033696,0,3,女性,69,1,12,0.0,14231,1,21,4730192.353344672,7.336986301369863,4.0
C-000757446,S-0054,-29.876870229364883,0,3,男性,62,9,12,0.5,0,0,23,4489160.181517739,6.358904109589041,4.0
C-000758373,S-0059,-100.0,1,3,男性,56,9,12,0.0,4989,2,14,4713188.969095345,6.8123287671232875,3.0
C-001795778,S-0007,-54.58000955776936,1,3,男性,55,5,12,0.3333333333333333,0,0,21,4487075.727367008,3.7260273972602738,1.0
C-001553801,S-0102,-100.0,1,3,女性,45,6,12,0.6666666666666666,2380,2,16,4383474.364435211,10.484931506849314,7.5
C-002649586,S-0048,-15.5824399268956,0,3,男性,52,1,12,0.0,4368,1,15,4502249.082895545,3.671232876712329,1.0
C-000296240,S-0115,-100.0,1,3,男性,51,11,12,0.25,16062,2,14,4553643.099564746,10.51095890410959,7.0
C-000134319,S-0036,-100.0,1,3,女性,43,12,12,0.0,16919,2,19,4397834.424680548,11.123287671232877,9.0
C-000070559,S-0056,-100.0,1,3,女性,31,12,12,0.0833333333333333,0,0,15,4406070.585753419,7.528767123287671,4.0
C-002228873,S-0020,-23.769102561092982,0,3,女性,35,3,12,0.25,42070,1,16,4280702.057267675,6.986301369863014,3.5
C-002321347,S-0036,-69.84731540237001,1,3,女性,44,2,12,0.4166666666666667,0,0,19,4397834.424680548,11.123287671232877,9.0
C-000988339,S-0056,-53.770901931307606,1,3,男性,28,8,12,0.0833333333333333,0,0,15,4406070.585753419,7.528767123287671,4.0
C-002243287,S-0040,-100.0,1,3,女性,57,3,12,0.0,0,0,20,4550116.0180538,8.163013698630138,4.0
C-000298021,S-0113,-100.0,1,3,男性,37,11,12,0.3333333333333333,4113,2,16,4336633.961311346,5.77945205479452,2.5
C-000314230,S-0041,-52.00085420398865,1,3,女性,61,11,12,0.25,34200,1,17,4828489.286769263,10.389041095890411,7.0
C-001980009,S-0007,-100.0,1,3,男性,66,4,12,0.1666666666666666,4490,2,21,4487075.727367008,3.7260273972602738,1.0
C-001059441,S-0085,-86.65290228157751,1,3,女性,27,8,12,0.5833333333333334,10936,1,15,4606655.398026554,4.928767123287671,2.0
C-000133733,S-0100,-48.94012776402787,1,3,女性,43,12,12,0.6666666666666666,50870,1,17,4535925.154217558,4.720547945205479,2.0
C-001439015,S-0082,-100.0,1,3,男性,43,6,12,0.25,0,0,17,4607261.71451126,4.758904109589041,2.0
C-000590767,S-0131,-38.36746536160243,0,3,女性,19,10,12,0.5833333333333334,0,0,17,4569023.5643747775,5.13972602739726,2.0
C-002474797,S-0063,-47.271388519158336,0,3,女性,69,1,12,0.1666666666666666,1256,1,18,4564012.176421695,5.749315068493151,3.0
C-000945921,S-0111,-58.426331402740495,1,3,男性,50,8,12,0.25,14574,1,19,4489501.980758176,6.397260273972603,4.0
C-001888161,S-0115,-20.804236908767514,0,3,女性,47,4,12,0.1666666666666666,0,0,14,4553643.099564746,10.51095890410959,7.0
C-002683437,S-0040,-27.789615877731187,0,3,男性,54,1,12,0.0833333333333333,0,0,20,4550116.0180538,8.163013698630138,4.0
C-002061831,S-0131,-15.691438256610876,0,3,女性,52,3,12,0.6666666666666666,0,0,17,4569023.5643747775,5.13972602739726,2.0
C-002173796,S-0017,-86.73659764896212,1,3,女性,47,3,12,0.5,0,0,20,4640207.03550726,5.608219178082192,2.5
C-000827519,S-0115,-41.6323258869908,0,3,男性,74,9,12,0.1666666666666666,0,0,14,4553643.099564746,10.51095890410959,7.0
C-002578889,S-0014,-10.989589280914869,0,3,女性,49,1,12,0.3333333333333333,6892,1,21,4730192.353344672,7.336986301369863,4.0
C-000232519,S-0017,-38.66733580985296,0,3,女性,54,11,12,0.1666666666666666,0,0,20,4640207.03550726,5.608219178082192,2.5
C-001815905,S-0014,-100.0,1,3,男性,53,4,12,0.1666666666666666,0,0,21,4730192.353344672,7.336986301369863,4.0
C-000317694,S-0018,-100.0,1,3,女性,53,11,12,0.5833333333333334,46697,1,16,4493108.581950108,7.550684931506849,5.0
C-002052479,S-0074,-49.51820683144722,1,3,女性,59,3,12,0.1666666666666666,0,0,14,4614054.39694187,8.308219178082192,6.0
C-000846017,S-0039,-92.02787846109297,1,3,女性,21,9,12,0.0833333333333333,11824,1,16,4591288.568998441,8.193150684931506,5.0
C-001619572,S-0080,-88.21540956123837,1,3,男性,49,5,12,0.25,32918,1,17,4457429.264950683,11.673972602739726,9.0
C-000634596,S-0072,-74.65110317569138,1,3,男性,68,10,12,0.25,31656,1,12,4406797.312641796,9.01917808219178,6.0
C-001342876,S-0059,-19.314437024652822,0,3,男性,49,7,12,0.1666666666666666,0,0,14,4713188.969095345,6.8123287671232875,3.0
C-000727388,S-0041,-100.0,1,3,男性,45,9,12,0.0833333333333333,9175,1,17,4828489.286769263,10.389041095890411,7.0
C-002501715,S-0007,-17.307254139794555,0,3,男性,42,1,12,0.0833333333333333,8665,2,21,4487075.727367008,3.7260273972602738,1.0
C-002017161,S-0054,-82.04229372673502,1,3,男性,50,4,12,0.5,0,0,23,4489160.181517739,6.358904109589041,4.0
C-000716934,S-0079,-100.0,1,3,男性,54,9,12,0.25,39662,1,13,4256656.371085242,8.479452054794521,6.0
C-000284850,S-0126,-10.478243027269878,0,3,女性,44,11,12,0.4166666666666667,19430,1,17,4493168.352495564,5.53972602739726,3.0
C-001313813,S-0117,-98.46619236023632,1,3,男性,52,7,12,0.0833333333333333,0,0,20,4500859.737076383,9.593150684931507,7.0
C-000030785,S-0075,-50.981924435988034,1,3,女性,32,12,12,0.1666666666666666,0,0,19,4506647.2743158825,4.526027397260274,1.0
C-002448076,S-0018,-40.38248457460676,0,3,男性,60,2,12,0.3333333333333333,0,0,16,4493108.581950108,7.550684931506849,5.0
C-001875003,S-0018,-21.642832376297072,0,3,男性,55,4,12,0.25,22301,2,16,4493108.581950108,7.550684931506849,5.0
C-002107622,S-0115,-100.0,1,3,女性,39,3,12,0.4166666666666667,28159,1,14,4553643.099564746,10.51095890410959,7.0
C-000279790,S-0079,-100.0,1,3,男性,44,11,12,0.5,0,0,13,4256656.371085242,8.479452054794521,6.0
C-000700424,S-0113,-55.52233105066434,1,3,女性,35,9,12,0.25,9883,1,16,4336633.961311346,5.77945205479452,2.5
C-000335828,S-0121,-100.0,1,3,女性,42,11,12,0.25,9505,2,14,4716268.25678644,9.856164383561644,7.0
C-001338611,S-0012,-84.69762456954108,1,3,女性,31,7,12,0.4166666666666667,3561,1,16,4444678.825084195,7.994520547945205,5.0
C-001186526,S-0082,-20.168899313193936,0,3,男性,47,7,12,0.0833333333333333,0,0,17,4607261.71451126,4.758904109589041,2.0
C-002244577,S-0041,-98.56674407710479,1,3,女性,48,3,12,0.0833333333333333,35999,1,17,4828489.286769263,10.389041095890411,7.0
C-002422526,S-0117,-87.39101219352301,1,3,男性,42,2,12,0.3333333333333333,0,0,20,4500859.737076383,9.593150684931507,7.0
C-000166080,S-0008,-65.99106367134169,1,3,女性,43,12,12,0.5,0,0,22,4498453.308937302,10.772602739726027,7.0
C-000406227,S-0039,-100.0,1,3,女性,46,11,12,0.4166666666666667,0,0,16,4591288.568998441,8.193150684931506,5.0
C-002051604,S-0096,-99.39647073240472,1,3,女性,51,3,12,0.1666666666666666,0,0,16,4644856.458098179,8.302739726027397,5.0
C-001536510,S-0121,-100.0,1,3,男性,27,6,12,0.5,2351,1,14,4716268.25678644,9.856164383561644,7.0
C-001609836,S-0002,-9.607774205282572,0,3,男性,46,5,12,0.0,0,0,15,4455566.655169959,5.663013698630137,2.0
C-002545823,S-0007,-87.23224679860303,1,3,男性,28,1,12,0.4166666666666667,0,0,21,4487075.727367008,3.7260273972602738,1.0
C-001515926,S-0050,-8.031999308123067,0,3,女性,59,6,12,0.1666666666666666,36264,2,20,4615411.181286601,9.2013698630137,6.0
C-000679694,S-0096,-23.916919736544397,0,3,女性,70,9,12,0.1666666666666666,0,0,16,4644856.458098179,8.302739726027397,5.0
C-002183216,S-0106,-100.0,1,3,男性,32,3,12,0.25,16057,1,20,4462729.145118021,6.171232876712329,3.5
C-001511972,S-0054,-22.297475117397685,0,3,女性,30,6,12,0.1666666666666666,0,0,23,4489160.181517739,6.358904109589041,4.0
C-001326962,S-0012,-39.33623905231661,0,3,男性,48,7,12,0.25,7296,1,16,4444678.825084195,7.994520547945205,5.0
C-000535594,S-0080,-66.90523248706141,1,3,男性,69,10,12,0.4166666666666667,42388,2,17,4457429.264950683,11.673972602739726,9.0
C-002032686,S-0080,-11.761819392874353,0,3,女性,48,3,12,0.3333333333333333,2361,1,17,4457429.264950683,11.673972602739726,9.0
C-001052131,S-0062,-80.03917013960056,1,3,女性,55,8,12,0.25,19100,1,15,4713869.782113416,4.575342465753424,1.0
C-002037661,S-0121,-61.75346911053043,1,3,女性,43,3,12,0.3333333333333333,10320,2,14,4716268.25678644,9.856164383561644,7.0
C-001281683,S-0017,-11.120030641587027,0,3,女性,65,7,12,0.0833333333333333,54203,1,20,4640207.03550726,5.608219178082192,2.5
C-000785016,S-0041,-23.170218387558194,0,3,女性,52,9,12,0.3333333333333333,4754,1,17,4828489.286769263,10.389041095890411,7.0
C-001105791,S-0004,-100.0,1,3,女性,77,8,12,0.1666666666666666,0,0,22,4423576.351309,11.806849315068494,9.0
C-000508745,S-0082,-100.0,1,3,女性,53,10,12,0.5,0,0,17,4607261.71451126,4.758904109589041,2.0
C-001148872,S-0018,-100.0,1,3,女性,60,7,12,0.25,16534,2,16,4493108.581950108,7.550684931506849,5.0
C-001230108,S-0099,-96.65371230233825,1,3,男性,64,7,12,0.1666666666666666,0,0,13,4464126.154078853,8.147945205479452,5.0
C-001689678,S-0074,-13.025383230083762,0,3,男性,57,5,12,0.25,28590,1,14,4614054.39694187,8.308219178082192,6.0
C-001632965,S-0079,-100.0,1,3,女性,47,5,12,0.5,0,0,13,4256656.371085242,8.479452054794521,6.0
C-000988632,S-0056,-54.79501254629023,1,3,男性,14,8,12,0.1666666666666666,5467,2,15,4406070.585753419,7.528767123287671,4.0
C-000180274,S-0115,-54.5478272859788,1,3,女性,62,12,12,0.25,9634,1,14,4553643.099564746,10.51095890410959,7.0
C-000682007,S-0115,-45.39144953077677,0,3,男性,18,9,12,0.25,7513,1,14,4553643.099564746,10.51095890410959,7.0
C-002113229,S-0050,-38.455379198727954,0,3,女性,57,3,12,0.1666666666666666,36840,1,20,4615411.181286601,9.2013698630137,6.0
C-001470384,S-0126,-21.199219087022037,0,3,女性,36,6,12,0.1666666666666666,7775,1,17,4493168.352495564,5.53972602739726,3.0
C-002108162,S-0020,-44.03895453340013,0,3,女性,63,3,12,0.1666666666666666,66219,2,16,4280702.057267675,6.986301369863014,3.5
C-000106539,S-0008,-35.80096890746772,0,3,男性,54,12,12,0.4166666666666667,1850,1,22,4498453.308937302,10.772602739726027,7.0
C-001385109,S-0008,-100.0,1,3,女性,60,6,12,0.25,32667,1,22,4498453.308937302,10.772602739726027,7.0
C-001864321,S-0039,-84.07268109217017,1,3,女性,59,4,12,0.25,0,0,16,4591288.568998441,8.193150684931506,5.0
C-000466632,S-0102,-32.52432722391726,0,3,女性,64,10,12,0.4166666666666667,14721,1,16,4383474.364435211,10.484931506849314,7.5
C-001928373,S-0115,-36.619893878263326,0,3,女性,36,4,12,0.1666666666666666,1824,1,14,4553643.099564746,10.51095890410959,7.0
C-000164426,S-0014,-100.0,1,3,女性,57,12,12,0.0833333333333333,8480,1,21,4730192.353344672,7.336986301369863,4.0
C-000384608,S-0082,-81.26791971965595,1,3,女性,78,11,12,0.0,0,0,17,4607261.71451126,4.758904109589041,2.0
C-002341041,S-0115,-100.0,1,3,男性,48,2,12,0.0833333333333333,0,0,14,4553643.099564746,10.51095890410959,7.0
C-000083699,S-0115,-88.14011422529458,1,3,女性,57,12,12,0.1666666666666666,6103,1,14,4553643.099564746,10.51095890410959,7.0
C-000760045,S-0012,-34.72133012791103,0,3,男性,46,9,12,0.3333333333333333,14871,1,16,4444678.825084195,7.994520547945205,5.0
C-002093920,S-0099,-46.4433852167433,0,3,女性,47,3,12,0.3333333333333333,18396,1,13,4464126.154078853,8.147945205479452,5.0
C-001626016,S-0102,-77.35656430851358,1,3,男性,45,5,12,0.0833333333333333,3751,1,16,4383474.364435211,10.484931506849314,7.5
C-000215411,S-0121,-35.71465914602799,0,3,男性,39,12,12,0.0833333333333333,42266,1,14,4716268.25678644,9.856164383561644,7.0
C-001273084,S-0100,-59.74214711316876,1,3,女性,43,7,12,0.1666666666666666,0,0,17,4535925.154217558,4.720547945205479,2.0
C-001896382,S-0012,-32.01542518855541,0,3,女性,47,4,12,0.4166666666666667,0,0,16,4444678.825084195,7.994520547945205,5.0
C-000205191,S-0041,-98.40694742739751,1,3,男性,46,12,12,0.3333333333333333,0,0,17,4828489.286769263,10.389041095890411,7.0
C-001563816,S-0074,-100.0,1,3,男性,65,6,12,0.3333333333333333,0,0,14,4614054.39694187,8.308219178082192,6.0
C-000263474,S-0097,-69.4384163710832,1,3,女性,48,11,12,0.3333333333333333,11259,2,21,4592508.716501317,10.09041095890411,7.0
C-001824124,S-0121,-100.0,1,3,女性,47,4,12,0.0833333333333333,41885,1,14,4716268.25678644,9.856164383561644,7.0
C-001657393,S-0096,-49.090505357043725,1,3,男性,34,5,12,0.1666666666666666,0,0,16,4644856.458098179,8.302739726027397,5.0
C-002689679,S-0036,-45.603456570645726,0,3,男性,56,1,12,0.4166666666666667,6548,2,19,4397834.424680548,11.123287671232877,9.0
C-002373203,S-0007,-29.949913265880042,0,3,男性,55,2,12,0.3333333333333333,24508,1,21,4487075.727367008,3.7260273972602738,1.0
C-001135794,S-0089,-93.54254889212982,1,3,女性,31,7,12,0.25,45186,2,19,4721110.949352573,10.142465753424657,7.0
C-000197743,S-0111,-13.72297911219885,0,3,女性,55,12,12,0.1666666666666666,10615,2,19,4489501.980758176,6.397260273972603,4.0
C-002250336,S-0012,-27.7489739628257,0,3,男性,78,2,12,0.3333333333333333,0,0,16,4444678.825084195,7.994520547945205,5.0
C-001362133,S-0036,-32.5267396976689,0,3,女性,52,6,12,0.3333333333333333,31331,1,19,4397834.424680548,11.123287671232877,9.0
C-001122909,S-0012,-100.0,1,3,女性,50,8,12,0.1666666666666666,0,0,16,4444678.825084195,7.994520547945205,5.0
C-002481566,S-0080,-67.15271558341863,1,3,女性,48,1,12,0.25,13610,1,17,4457429.264950683,11.673972602739726,9.0
C-001044297,S-0056,-56.982735795898144,1,3,女性,47,8,12,0.3333333333333333,0,0,15,4406070.585753419,7.528767123287671,4.0
C-001487587,S-0121,-64.97889517630362,1,3,女性,46,6,12,0.0833333333333333,23269,1,14,4716268.25678644,9.856164383561644,7.0
C-001019094,S-0050,-34.41794562023655,0,3,男性,57,8,12,0.3333333333333333,0,0,20,4615411.181286601,9.2013698630137,6.0
C-000621316,S-0097,-33.920722675063345,0,3,女性,52,10,12,0.1666666666666666,9607,1,21,4592508.716501317,10.09041095890411,7.0
C-000280523,S-0096,-40.470059497153095,0,3,男性,31,11,12,0.0833333333333333,0,0,16,4644856.458098179,8.302739726027397,5.0
C-001794038,S-0018,-41.54396550173031,0,3,女性,50,5,12,0.25,0,0,16,4493108.581950108,7.550684931506849,5.0
C-001715585,S-0117,-21.725334332394,0,3,男性,54,5,12,0.0833333333333333,0,0,20,4500859.737076383,9.593150684931507,7.0
C-000555337,S-0097,-100.0,1,3,女性,31,10,12,0.25,7848,1,21,4592508.716501317,10.09041095890411,7.0
C-002088861,S-0012,-4.748977943747788,0,3,男性,47,3,12,0.4166666666666667,0,0,16,4444678.825084195,7.994520547945205,5.0
C-000777781,S-0056,-27.158178891596428,0,3,女性,43,9,12,0.5833333333333334,0,0,15,4406070.585753419,7.528767123287671,4.0
C-000446409,S-0056,-54.02255668831118,1,3,女性,48,11,12,0.5,67071,1,15,4406070.585753419,7.528767123287671,4.0
C-001230238,S-0041,-46.01346718472547,0,3,女性,32,7,12,0.1666666666666666,20557,1,17,4828489.286769263,10.389041095890411,7.0
C-001670329,S-0018,-11.889501811092867,0,3,女性,46,5,12,0.25,19287,1,16,4493108.581950108,7.550684931506849,5.0
C-000372379,S-0097,-26.140237493986252,0,3,女性,61,11,12,0.4166666666666667,56550,1,21,4592508.716501317,10.09041095890411,7.0
C-002492018,S-0048,-100.0,1,3,女性,50,1,12,0.3333333333333333,17642,2,15,4502249.082895545,3.671232876712329,1.0
C-000159233,S-0017,-100.0,1,3,女性,33,12,12,0.25,0,0,20,4640207.03550726,5.608219178082192,2.5
C-001068735,S-0014,-16.377723833922616,0,3,男性,51,8,12,0.1666666666666666,29327,1,21,4730192.353344672,7.336986301369863,4.0
C-001513903,S-0005,-100.0,1,3,男性,68,6,12,0.0833333333333333,22231,2,21,4733942.970761149,4.69041095890411,2.0
C-000542810,S-0002,-100.0,1,3,女性,58,10,12,0.3333333333333333,0,0,15,4455566.655169959,5.663013698630137,2.0
C-002432065,S-0100,-100.0,1,3,女性,68,2,12,0.3333333333333333,1889,2,17,4535925.154217558,4.720547945205479,2.0
C-001487201,S-0050,-51.30745796123174,1,3,男性,20,6,12,1.0,0,0,20,4615411.181286601,9.2013698630137,6.0
C-000256663,S-0020,-28.618953227929417,0,3,女性,46,11,12,0.3333333333333333,25700,2,16,4280702.057267675,6.986301369863014,3.5
C-000385886,S-0018,-39.197541326282725,0,3,男性,59,11,12,0.4166666666666667,1345,2,16,4493108.581950108,7.550684931506849,5.0
C-001321585,S-0040,-100.0,1,3,男性,44,7,12,0.3333333333333333,0,0,20,4550116.0180538,8.163013698630138,4.0
C-002104699,S-0040,-39.89277712711331,0,3,女性,48,3,12,0.1666666666666666,2016,2,20,4550116.0180538,8.163013698630138,4.0
C-000952931,S-0018,-25.8042525502984,0,3,女性,34,8,12,0.25,413,1,16,4493108.581950108,7.550684931506849,5.0
C-002038959,S-0007,-51.324806466117344,1,3,女性,66,3,12,0.1666666666666666,70532,1,21,4487075.727367008,3.7260273972602738,1.0
C-000334804,S-0041,-100.0,1,3,女性,40,11,12,0.0833333333333333,0,0,17,4828489.286769263,10.389041095890411,7.0
C-002432770,S-0036,-29.99552098851891,0,3,男性,76,2,12,0.0833333333333333,14902,1,19,4397834.424680548,11.123287671232877,9.0
C-002051277,S-0040,-16.750713842973433,0,3,女性,46,3,12,0.4166666666666667,0,0,20,4550116.0180538,8.163013698630138,4.0
C-002215285,S-0020,-12.177748621894981,0,3,女性,38,3,12,0.3333333333333333,19654,1,16,4280702.057267675,6.986301369863014,3.5
C-001292428,S-0041,-100.0,1,3,女性,29,7,12,0.25,28387,2,17,4828489.286769263,10.389041095890411,7.0
C-002611100,S-0115,-100.0,1,3,男性,51,1,12,0.1666666666666666,15401,1,14,4553643.099564746,10.51095890410959,7.0
C-002673264,S-0054,-61.8764348999219,1,3,女性,51,1,12,0.9166666666666666,0,0,23,4489160.181517739,6.358904109589041,4.0
C-001659195,S-0115,-67.93227238668263,1,3,女性,27,5,12,0.1666666666666666,19223,2,14,4553643.099564746,10.51095890410959,7.0
C-001399098,S-0121,-51.96828023445911,1,3,女性,35,6,12,0.25,21962,1,14,4716268.25678644,9.856164383561644,7.0
C-001198530,S-0117,-100.0,1,3,男性,40,7,12,0.1666666666666666,6036,2,20,4500859.737076383,9.593150684931507,7.0
C-001083931,S-0097,-26.979397001662896,0,3,男性,74,8,12,0.0,15468,2,21,4592508.716501317,10.09041095890411,7.0
C-000798305,S-0012,-100.0,1,3,男性,20,9,12,0.5,16031,1,16,4444678.825084195,7.994520547945205,5.0
C-000435848,S-0113,-100.0,1,3,女性,34,11,12,0.5,57549,2,16,4336633.961311346,5.77945205479452,2.5
C-000605150,S-0036,-100.0,1,3,女性,60,10,12,0.25,17866,1,19,4397834.424680548,11.123287671232877,9.0
C-002649997,S-0096,-71.1841369849093,1,3,男性,58,1,12,0.1666666666666666,18315,1,16,4644856.458098179,8.302739726027397,5.0
C-002076466,S-0012,-100.0,1,3,女性,18,3,12,0.0833333333333333,0,0,16,4444678.825084195,7.994520547945205,5.0
C-002399990,S-0100,-44.61186544791103,0,3,男性,35,2,12,0.25,0,0,17,4535925.154217558,4.720547945205479,2.0
C-001282249,S-0115,-20.793353996607557,0,3,男性,52,7,12,0.3333333333333333,32041,1,14,4553643.099564746,10.51095890410959,7.0
C-000502473,S-0115,-100.0,1,3,女性,56,10,12,0.5,0,0,14,4553643.099564746,10.51095890410959,7.0
C-001849831,S-0102,-100.0,1,3,女性,35,4,12,0.4166666666666667,0,0,16,4383474.364435211,10.484931506849314,7.5
C-000901871,S-0012,-18.787220402799814,0,3,女性,32,8,12,0.0,0,0,16,4444678.825084195,7.994520547945205,5.0
C-000792744,S-0041,-67.64854523139124,1,3,男性,60,9,12,0.1666666666666666,12423,1,17,4828489.286769263,10.389041095890411,7.0
C-001148889,S-0030,-100.0,1,3,女性,66,7,12,0.0833333333333333,4605,2,22,4426478.045479023,9.236986301369862,5.5
C-002421386,S-0080,-100.0,1,3,女性,74,2,12,0.5,0,0,17,4457429.264950683,11.673972602739726,9.0
C-000774235,S-0100,-46.40643644364336,0,3,女性,60,9,12,0.0833333333333333,0,0,17,4535925.154217558,4.720547945205479,2.0
C-001325289,S-0089,-51.238759696061386,1,3,男性,43,7,12,0.3333333333333333,0,0,19,4721110.949352573,10.142465753424657,7.0
C-000389917,S-0117,-100.0,1,3,女性,73,11,12,0.0,21829,2,20,4500859.737076383,9.593150684931507,7.0
C-001839230,S-0014,-41.269237339462364,0,3,男性,35,4,12,0.25,0,0,21,4730192.353344672,7.336986301369863,4.0
C-000796314,S-0007,-30.76628194689536,0,3,女性,32,9,12,0.4166666666666667,0,0,21,4487075.727367008,3.7260273972602738,1.0
C-001175652,S-0079,-16.60057978741128,0,3,女性,53,7,12,0.1666666666666666,2807,1,13,4256656.371085242,8.479452054794521,6.0
C-001526549,S-0004,-15.840307509827293,0,3,男性,69,6,12,0.1666666666666666,0,0,22,4423576.351309,11.806849315068494,9.0
C-002020317,S-0115,-77.37006737247353,1,3,男性,54,4,12,0.25,4051,2,14,4553643.099564746,10.51095890410959,7.0
C-001982481,S-0005,-17.13553704545503,0,3,男性,49,4,12,0.25,5886,1,21,4733942.970761149,4.69041095890411,2.0
C-001025531,S-0012,-100.0,1,3,女性,35,8,12,0.25,0,0,16,4444678.825084195,7.994520547945205,5.0
C-002240947,S-0115,-17.596844195638305,0,3,男性,41,3,12,0.4166666666666667,2670,2,14,4553643.099564746,10.51095890410959,7.0
C-000871209,S-0115,-20.543545120637017,0,3,女性,49,9,12,0.25,33600,2,14,4553643.099564746,10.51095890410959,7.0
C-001191347,S-0121,-73.5360332702966,1,3,女性,31,7,12,0.1666666666666666,0,0,14,4716268.25678644,9.856164383561644,7.0
C-001193859,S-0007,-56.74861657244619,1,3,女性,32,7,12,0.1666666666666666,52583,2,21,4487075.727367008,3.7260273972602738,1.0
C-000108020,S-0096,-100.0,1,3,女性,54,12,12,0.5833333333333334,0,0,16,4644856.458098179,8.302739726027397,5.0
C-000717201,S-0056,-100.0,1,3,男性,73,9,12,0.5,0,0,15,4406070.585753419,7.528767123287671,4.0
C-001438867,S-0080,-75.92264864348599,1,3,女性,32,6,12,0.1666666666666666,8550,2,17,4457429.264950683,11.673972602739726,9.0
C-000439385,S-0050,-18.703686035047546,0,3,女性,55,11,12,0.3333333333333333,54886,2,20,4615411.181286601,9.2013698630137,6.0
C-001833420,S-0074,-100.0,1,3,男性,60,4,12,0.3333333333333333,0,0,14,4614054.39694187,8.308219178082192,6.0
C-000706815,S-0002,-71.803336328476,1,3,男性,35,9,12,0.0,3840,2,15,4455566.655169959,5.663013698630137,2.0
C-000098892,S-0059,-100.0,1,3,男性,37,12,12,0.4166666666666667,0,0,14,4713188.969095345,6.8123287671232875,3.0
C-000181573,S-0014,-100.0,1,3,男性,44,12,12,0.25,7568,1,21,4730192.353344672,7.336986301369863,4.0
C-000103576,S-0048,-100.0,1,3,女性,44,12,12,0.5,0,0,15,4502249.082895545,3.671232876712329,1.0
C-001457237,S-0041,-18.492959309038465,0,3,女性,41,6,12,0.6666666666666666,157247,2,17,4828489.286769263,10.389041095890411,7.0
C-001196887,S-0020,-19.275190834284494,0,3,男性,52,7,12,0.1666666666666666,5538,2,16,4280702.057267675,6.986301369863014,3.5
C-000711262,S-0075,-58.60022839400204,1,3,男性,31,9,12,0.0,0,0,19,4506647.2743158825,4.526027397260274,1.0
C-002191069,S-0040,-79.28686128381439,1,3,女性,48,3,12,0.1666666666666666,0,0,20,4550116.0180538,8.163013698630138,4.0
C-002515777,S-0115,-100.0,1,3,女性,23,1,12,0.4166666666666667,0,0,14,4553643.099564746,10.51095890410959,7.0
C-000255613,S-0080,-36.910516813074665,0,3,女性,66,11,12,0.1666666666666666,5164,2,17,4457429.264950683,11.673972602739726,9.0
C-000058929,S-0036,-20.79447125318685,0,3,男性,42,12,12,0.5,9120,2,19,4397834.424680548,11.123287671232877,9.0
C-001292946,S-0008,-90.02177708893292,1,3,男性,59,7,12,0.4166666666666667,2155,1,22,4498453.308937302,10.772602739726027,7.0
C-002651620,S-0117,-100.0,1,3,男性,51,1,12,0.1666666666666666,14918,1,20,4500859.737076383,9.593150684931507,7.0
C-000120813,S-0017,-43.41061792336155,0,3,女性,38,12,12,0.4166666666666667,28788,1,20,4640207.03550726,5.608219178082192,2.5
C-000513912,S-0089,-56.736479739317815,1,3,女性,67,10,12,0.75,13463,1,19,4721110.949352573,10.142465753424657,7.0
C-002105016,S-0008,-63.37782139352306,1,3,男性,50,3,12,0.0833333333333333,46157,1,22,4498453.308937302,10.772602739726027,7.0
C-001694855,S-0017,-30.333846777462504,0,3,男性,41,5,12,0.25,51034,2,20,4640207.03550726,5.608219178082192,2.5
C-002549756,S-0018,-33.90964222106996,0,3,女性,34,1,12,0.0833333333333333,14818,2,16,4493108.581950108,7.550684931506849,5.0
C-000273502,S-0111,-47.74721423219163,0,3,女性,47,11,12,0.3333333333333333,22331,2,19,4489501.980758176,6.397260273972603,4.0
C-000913941,S-0050,-45.79323618366786,0,3,女性,34,8,12,0.25,1505,2,20,4615411.181286601,9.2013698630137,6.0
C-002659479,S-0048,-80.34441805225653,1,3,女性,57,1,12,0.3333333333333333,4576,1,15,4502249.082895545,3.671232876712329,1.0
C-002072983,S-0099,-100.0,1,3,男性,24,3,12,0.4166666666666667,30000,2,13,4464126.154078853,8.147945205479452,5.0
C-001716527,S-0039,-44.8067317040464,0,3,女性,32,5,12,0.4166666666666667,13439,1,16,4591288.568998441,8.193150684931506,5.0
C-001822080,S-0115,-41.08873412024258,0,3,女性,50,4,12,0.3333333333333333,0,0,14,4553643.099564746,10.51095890410959,7.0
C-001643626,S-0056,-100.0,1,3,男性,52,5,12,0.1666666666666666,4261,2,15,4406070.585753419,7.528767123287671,4.0
C-002478365,S-0004,-29.87183127832252,0,3,男性,51,1,12,0.25,12621,1,22,4423576.351309,11.806849315068494,9.0
C-002289286,S-0117,-49.58746554979276,1,3,男性,81,2,12,0.0,0,0,20,4500859.737076383,9.593150684931507,7.0
C-000315230,S-0117,-100.0,1,3,男性,53,11,12,0.25,0,0,20,4500859.737076383,9.593150684931507,7.0
C-001712817,S-0030,-78.28716682140636,1,3,男性,45,5,12,0.1666666666666666,0,0,22,4426478.045479023,9.236986301369862,5.5
C-001925610,S-0002,-22.45617129232366,0,3,女性,40,4,12,0.3333333333333333,0,0,15,4455566.655169959,5.663013698630137,2.0
C-000610630,S-0115,-38.8634436826441,0,3,男性,54,10,12,0.25,4009,2,14,4553643.099564746,10.51095890410959,7.0
C-000932835,S-0036,-34.446652603954085,0,3,女性,42,8,12,0.5,39781,2,19,4397834.424680548,11.123287671232877,9.0
C-002147161,S-0018,-23.858724435845964,0,3,女性,32,3,12,0.3333333333333333,31170,1,16,4493108.581950108,7.550684931506849,5.0
C-002297572,S-0017,-57.47754548808002,1,3,男性,47,2,12,0.5833333333333334,62265,1,20,4640207.03550726,5.608219178082192,2.5
C-000478236,S-0097,-22.63627803694605,0,3,男性,35,10,12,0.25,0,0,21,4592508.716501317,10.09041095890411,7.0
C-002318593,S-0113,-100.0,1,3,男性,62,2,12,0.25,0,0,16,4336633.961311346,5.77945205479452,2.5
C-001678962,S-0050,-35.14102266755524,0,3,女性,48,5,12,0.4166666666666667,9244,2,20,4615411.181286601,9.2013698630137,6.0
C-002007551,S-0115,-62.6319387317661,1,3,女性,60,4,12,0.1666666666666666,0,0,14,4553643.099564746,10.51095890410959,7.0
C-000710398,S-0012,-17.961907815164015,0,3,女性,44,9,12,0.0,35733,2,16,4444678.825084195,7.994520547945205,5.0
C-002427494,S-0079,-67.19895255925505,1,3,女性,41,2,12,0.25,2420,1,13,4256656.371085242,8.479452054794521,6.0
C-000499202,S-0041,-32.009370313573754,0,3,女性,41,10,12,0.0833333333333333,78352,2,17,4828489.286769263,10.389041095890411,7.0
C-000127367,S-0014,-50.44895324527684,1,3,男性,20,12,12,0.1666666666666666,0,0,21,4730192.353344672,7.336986301369863,4.0
C-002022202,S-0056,-24.092983497736036,0,3,女性,55,4,12,0.0,0,0,15,4406070.585753419,7.528767123287671,4.0
C-000180987,S-0096,-100.0,1,3,女性,50,12,12,0.1666666666666666,0,0,16,4644856.458098179,8.302739726027397,5.0
C-002418885,S-0074,-91.04212405035301,1,3,男性,42,2,12,0.0833333333333333,0,0,14,4614054.39694187,8.308219178082192,6.0
C-002058060,S-0002,-21.605287143785876,0,3,女性,40,3,12,0.5833333333333334,0,0,15,4455566.655169959,5.663013698630137,2.0
C-000952962,S-0102,-52.23787869318913,1,3,男性,53,8,12,0.1666666666666666,4365,2,16,4383474.364435211,10.484931506849314,7.5
C-000148514,S-0036,-100.0,1,3,女性,72,12,12,0.1666666666666666,7435,1,19,4397834.424680548,11.123287671232877,9.0
C-000383049,S-0111,-62.468145646702,1,3,男性,34,11,12,0.5833333333333334,0,0,19,4489501.980758176,6.397260273972603,4.0
C-000069321,S-0100,-100.0,1,3,男性,34,12,12,0.4166666666666667,17056,2,17,4535925.154217558,4.720547945205479,2.0
C-001935739,S-0007,-53.31754623364907,1,3,女性,22,4,12,0.5833333333333334,13370,2,21,4487075.727367008,3.7260273972602738,1.0
C-001128648,S-0113,-100.0,1,3,男性,69,7,12,0.1666666666666666,0,0,16,4336633.961311346,5.77945205479452,2.5
C-002107301,S-0007,-95.54713161319643,1,3,女性,40,3,12,0.0,0,0,21,4487075.727367008,3.7260273972602738,1.0
C-001634975,S-0080,-35.460352860835215,0,3,女性,53,5,12,0.6666666666666666,0,0,17,4457429.264950683,11.673972602739726,9.0
C-002371134,S-0005,-16.32800364030064,0,3,女性,20,2,12,0.9166666666666666,0,0,21,4733942.970761149,4.69041095890411,2.0
C-000422836,S-0040,-82.93675213675213,1,3,女性,57,11,12,0.25,3673,1,20,4550116.0180538,8.163013698630138,4.0
C-001485834,S-0074,-100.0,1,3,女性,33,6,12,0.5,826,2,14,4614054.39694187,8.308219178082192,6.0
C-001728028,S-0004,-43.80928291387378,0,3,女性,46,5,12,0.1666666666666666,0,0,22,4423576.351309,11.806849315068494,9.0
C-002209317,S-0079,-36.73159079050352,0,3,男性,44,3,12,0.1666666666666666,25105,1,13,4256656.371085242,8.479452054794521,6.0
C-000532762,S-0075,-42.527510254232695,0,3,男性,53,10,12,0.1666666666666666,8157,2,19,4506647.2743158825,4.526027397260274,1.0
C-002687088,S-0075,-55.68527420778966,1,3,女性,48,1,12,0.0833333333333333,21695,1,19,4506647.2743158825,4.526027397260274,1.0
C-001917509,S-0056,-100.0,1,3,女性,44,4,12,0.75,24583,2,15,4406070.585753419,7.528767123287671,4.0
C-002106622,S-0102,-53.89825213476666,1,3,男性,48,3,12,0.3333333333333333,0,0,16,4383474.364435211,10.484931506849314,7.5
C-001585513,S-0050,-48.41113419390732,0,3,男性,35,5,12,0.4166666666666667,4315,2,20,4615411.181286601,9.2013698630137,6.0
C-001742927,S-0007,-34.500383981065326,0,3,男性,22,5,12,0.1666666666666666,154916,1,21,4487075.727367008,3.7260273972602738,1.0
C-001717806,S-0036,-88.119813030621,1,3,女性,58,5,12,0.1666666666666666,0,0,19,4397834.424680548,11.123287671232877,9.0
C-002270844,S-0111,-100.0,1,3,男性,32,2,12,0.1666666666666666,0,0,19,4489501.980758176,6.397260273972603,4.0
C-001451728,S-0075,-19.56241658149897,0,3,女性,47,6,12,0.25,29414,1,19,4506647.2743158825,4.526027397260274,1.0
C-001907136,S-0012,-14.509535780371111,0,3,女性,54,4,12,0.1666666666666666,8812,2,16,4444678.825084195,7.994520547945205,5.0
C-000146686,S-0080,2.9893555334658712,0,3,女性,22,12,12,0.8333333333333334,0,0,17,4457429.264950683,11.673972602739726,9.0
C-000689998,S-0121,-20.03545853006209,0,3,男性,58,9,12,0.0833333333333333,11491,2,14,4716268.25678644,9.856164383561644,7.0
C-001923965,S-0008,-41.47100293553383,0,3,女性,53,4,12,0.1666666666666666,12216,1,22,4498453.308937302,10.772602739726027,7.0
C-001467299,S-0089,-20.401542050943167,0,3,男性,78,6,12,0.25,0,0,19,4721110.949352573,10.142465753424657,7.0
C-001105320,S-0113,-58.195075711542664,1,3,男性,44,8,12,0.0,21978,1,16,4336633.961311346,5.77945205479452,2.5
C-002472971,S-0096,-62.51811969351833,1,3,女性,50,1,12,0.0833333333333333,0,0,16,4644856.458098179,8.302739726027397,5.0
C-000288903,S-0062,-53.27960541378566,1,3,女性,26,11,12,0.3333333333333333,0,0,15,4713869.782113416,4.575342465753424,1.0
C-002100608,S-0115,-100.0,1,3,女性,46,3,12,0.0833333333333333,0,0,14,4553643.099564746,10.51095890410959,7.0
C-001645427,S-0079,-51.49880120081397,1,3,女性,56,5,12,0.25,0,0,13,4256656.371085242,8.479452054794521,6.0
C-000796721,S-0097,-100.0,1,3,男性,75,9,12,0.0,25219,1,21,4592508.716501317,10.09041095890411,7.0
C-000883448,S-0012,-46.25561323281012,0,3,男性,61,9,12,0.4166666666666667,0,0,16,4444678.825084195,7.994520547945205,5.0
C-001703975,S-0072,-100.0,1,3,女性,31,5,12,0.25,11403,1,12,4406797.312641796,9.01917808219178,6.0
C-000817955,S-0117,-78.6433069811068,1,3,女性,62,9,12,0.0,17739,1,20,4500859.737076383,9.593150684931507,7.0
C-001118557,S-0002,-87.50261149055845,1,3,男性,46,8,12,0.3333333333333333,0,0,15,4455566.655169959,5.663013698630137,2.0
C-001174653,S-0096,-54.98449224612306,1,3,女性,56,7,12,0.25,0,0,16,4644856.458098179,8.302739726027397,5.0
C-000236406,S-0115,-100.0,1,3,女性,41,11,12,0.3333333333333333,0,0,14,4553643.099564746,10.51095890410959,7.0
C-000020872,S-0050,-100.0,1,3,女性,60,12,12,0.3333333333333333,0,0,20,4615411.181286601,9.2013698630137,6.0
C-002211743,S-0113,-98.72147073641383,1,3,女性,35,3,12,0.6666666666666666,14799,1,16,4336633.961311346,5.77945205479452,2.5
C-001814412,S-0008,-13.400346348323556,0,3,男性,33,4,12,0.0,0,0,22,4498453.308937302,10.772602739726027,7.0
C-001479722,S-0056,-30.562785569775635,0,3,女性,49,6,12,0.3333333333333333,0,0,15,4406070.585753419,7.528767123287671,4.0
C-001728462,S-0080,-32.14131093601178,0,3,女性,43,5,12,0.0,0,0,17,4457429.264950683,11.673972602739726,9.0
C-001030280,S-0036,-67.91457824839416,1,3,女性,41,8,12,0.0833333333333333,20183,2,19,4397834.424680548,11.123287671232877,9.0
C-001654075,S-0059,-100.0,1,3,男性,49,5,12,0.4166666666666667,29463,1,14,4713188.969095345,6.8123287671232875,3.0
C-001671905,S-0020,-64.63707449747143,1,3,女性,45,5,12,0.4166666666666667,1643,1,16,4280702.057267675,6.986301369863014,3.5
C-001827243,S-0089,-53.77202833177538,1,3,女性,43,4,12,0.9166666666666666,15683,1,19,4721110.949352573,10.142465753424657,7.0
C-001884639,S-0072,-100.0,1,3,男性,44,4,12,0.1666666666666666,0,0,12,4406797.312641796,9.01917808219178,6.0
C-002179837,S-0056,-29.250362254339073,0,3,男性,20,3,12,0.3333333333333333,73838,2,15,4406070.585753419,7.528767123287671,4.0
C-000157749,S-0012,-100.0,1,3,男性,58,12,12,0.1666666666666666,60785,1,16,4444678.825084195,7.994520547945205,5.0
C-002550184,S-0012,-100.0,1,3,男性,65,1,12,0.0,0,0,16,4444678.825084195,7.994520547945205,5.0
C-001819143,S-0002,-27.95297566058205,0,3,男性,47,4,12,0.5833333333333334,0,0,15,4455566.655169959,5.663013698630137,2.0
C-000523899,S-0113,-93.70668664543922,1,3,女性,44,10,12,0.1666666666666666,20762,2,16,4336633.961311346,5.77945205479452,2.5
C-001898193,S-0056,-67.18152632485942,1,3,男性,36,4,12,0.1666666666666666,7180,1,15,4406070.585753419,7.528767123287671,4.0
C-002541835,S-0014,-100.0,1,3,男性,53,1,12,0.8333333333333334,47515,1,21,4730192.353344672,7.336986301369863,4.0
C-002179210,S-0014,-82.83733045152889,1,3,男性,37,3,12,0.25,23682,1,21,4730192.353344672,7.336986301369863,4.0
C-000674994,S-0085,-77.34826921311175,1,3,男性,63,10,12,0.3333333333333333,5114,1,15,4606655.398026554,4.928767123287671,2.0
C-002583251,S-0048,-86.30665073675826,1,3,男性,43,1,12,0.25,22253,1,15,4502249.082895545,3.671232876712329,1.0
C-001793629,S-0085,-19.168267113186786,0,3,男性,55,5,12,0.3333333333333333,0,0,15,4606655.398026554,4.928767123287671,2.0
C-001165555,S-0099,-77.59067663722253,1,3,男性,32,7,12,0.6666666666666666,0,0,13,4464126.154078853,8.147945205479452,5.0
C-002488536,S-0040,-100.0,1,3,女性,59,1,12,0.0833333333333333,4143,1,20,4550116.0180538,8.163013698630138,4.0
C-002161178,S-0117,-22.3234585885238,0,3,男性,52,3,12,0.1666666666666666,1472,2,20,4500859.737076383,9.593150684931507,7.0
C-002150470,S-0018,-31.238076732848157,0,3,女性,64,3,12,0.1666666666666666,0,0,16,4493108.581950108,7.550684931506849,5.0
C-002194683,S-0039,-26.320601301488804,0,3,男性,64,3,12,0.1666666666666666,23448,1,16,4591288.568998441,8.193150684931506,5.0
C-000942973,S-0012,-65.9211149309344,1,3,女性,55,8,12,0.0833333333333333,7239,1,16,4444678.825084195,7.994520547945205,5.0
C-000829090,S-0005,-51.42672013301384,1,3,男性,50,9,12,1.0,0,0,21,4733942.970761149,4.69041095890411,2.0
C-002057059,S-0019,0.8884379231964591,0,3,女性,50,3,12,0.4166666666666667,0,0,19,4327199.920883598,4.090410958904109,1.0
C-002138911,S-0012,-32.93922683804924,0,3,男性,57,3,12,0.0833333333333333,5526,2,16,4444678.825084195,7.994520547945205,5.0
C-000012763,S-0012,-58.349640428550465,1,3,女性,52,12,12,0.25,13105,2,16,4444678.825084195,7.994520547945205,5.0
C-001952459,S-0121,-39.186789447668566,0,3,男性,41,4,12,0.25,86114,2,14,4716268.25678644,9.856164383561644,7.0
C-001033773,S-0018,-26.14761504664216,0,3,女性,50,8,12,0.0833333333333333,0,0,16,4493108.581950108,7.550684931506849,5.0
C-002237528,S-0113,-30.34996868997446,0,3,男性,85,3,12,0.1666666666666666,37627,1,16,4336633.961311346,5.77945205479452,2.5
C-000301127,S-0111,-43.17811574729182,0,3,女性,24,11,12,0.5833333333333334,0,0,19,4489501.980758176,6.397260273972603,4.0
C-001364343,S-0102,-100.0,1,3,女性,33,6,12,0.5,0,0,16,4383474.364435211,10.484931506849314,7.5
C-002165390,S-0036,-33.98885212577311,0,3,女性,50,3,12,0.1666666666666666,63345,2,19,4397834.424680548,11.123287671232877,9.0
C-001825526,S-0040,-100.0,1,3,女性,66,4,12,0.3333333333333333,5225,2,20,4550116.0180538,8.163013698630138,4.0
C-002259834,S-0074,-100.0,1,3,男性,44,2,12,0.3333333333333333,22122,1,14,4614054.39694187,8.308219178082192,6.0
C-001136348,S-0082,-12.899549280103583,0,3,女性,65,7,12,0.4166666666666667,0,0,17,4607261.71451126,4.758904109589041,2.0
C-000954456,S-0018,-100.0,1,3,男性,32,8,12,0.1666666666666666,23865,2,16,4493108.581950108,7.550684931506849,5.0
C-001009341,S-0131,-100.0,1,3,男性,39,8,12,0.0,53785,1,17,4569023.5643747775,5.13972602739726,2.0
C-002144517,S-0040,-45.37472819046182,0,3,女性,57,3,12,0.1666666666666666,0,0,20,4550116.0180538,8.163013698630138,4.0
C-000685024,S-0050,-80.18563580724846,1,3,女性,33,9,12,0.6666666666666666,0,0,20,4615411.181286601,9.2013698630137,6.0
C-000657666,S-0096,-41.976155078592974,0,3,女性,89,10,12,0.4166666666666667,4997,1,16,4644856.458098179,8.302739726027397,5.0
C-000119938,S-0018,-100.0,1,3,女性,56,12,12,0.0833333333333333,59716,2,16,4493108.581950108,7.550684931506849,5.0
C-001060092,S-0020,-20.37579151919965,0,3,女性,50,8,12,0.25,8029,2,16,4280702.057267675,6.986301369863014,3.5
C-001605952,S-0018,-72.95102297438382,1,3,女性,53,5,12,0.0833333333333333,18242,1,16,4493108.581950108,7.550684931506849,5.0
C-002038143,S-0036,-100.0,1,3,男性,80,3,12,0.25,0,0,19,4397834.424680548,11.123287671232877,9.0
C-002112985,S-0102,-29.281154525065674,0,3,男性,62,3,12,0.1666666666666666,37937,1,16,4383474.364435211,10.484931506849314,7.5
C-000938136,S-0063,-32.855936095792075,0,3,女性,45,8,12,0.1666666666666666,0,0,18,4564012.176421695,5.749315068493151,3.0
C-001743094,S-0012,-89.08345847438214,1,3,女性,37,5,12,0.5,-127,1,16,4444678.825084195,7.994520547945205,5.0
C-001107301,S-0002,-92.29909208319678,1,3,女性,60,8,12,0.25,4181,2,15,4455566.655169959,5.663013698630137,2.0
C-002395234,S-0036,-23.542497432682946,0,3,女性,60,2,12,0.1666666666666666,0,0,19,4397834.424680548,11.123287671232877,9.0
C-000745062,S-0102,-60.80733689988189,1,3,男性,44,9,12,0.25,0,0,16,4383474.364435211,10.484931506849314,7.5
C-001732708,S-0030,-24.629973515901185,0,3,男性,44,5,12,0.25,2985,1,22,4426478.045479023,9.236986301369862,5.5
C-001204778,S-0074,-21.388652503446252,0,3,女性,34,7,12,0.25,29713,2,14,4614054.39694187,8.308219178082192,6.0
C-002153659,S-0082,-47.36734191749365,0,3,男性,77,3,12,0.1666666666666666,8740,1,17,4607261.71451126,4.758904109589041,2.0
C-001355851,S-0097,-100.0,1,3,女性,20,6,12,0.1666666666666666,43166,1,21,4592508.716501317,10.09041095890411,7.0
C-001055083,S-0096,-17.863928310935766,0,3,男性,42,8,12,0.0833333333333333,10892,1,16,4644856.458098179,8.302739726027397,5.0
C-000887120,S-0102,-65.47339294615517,1,3,男性,32,9,12,0.9166666666666666,2402,1,16,4383474.364435211,10.484931506849314,7.5
C-002442262,S-0019,5.050109614782337,0,3,女性,59,2,12,0.5833333333333334,0,0,19,4327199.920883598,4.090410958904109,1.0
C-001561418,S-0117,-21.777856235687562,0,3,男性,58,6,12,0.0833333333333333,35227,1,20,4500859.737076383,9.593150684931507,7.0
C-001507423,S-0085,-15.923450930550453,0,3,女性,58,6,12,0.3333333333333333,8944,1,15,4606655.398026554,4.928767123287671,2.0
C-002496819,S-0096,-76.22827377261211,1,3,女性,35,1,12,0.5833333333333334,173,1,16,4644856.458098179,8.302739726027397,5.0
C-001388988,S-0131,-51.322496947496944,1,3,男性,51,6,12,0.4166666666666667,51336,1,17,4569023.5643747775,5.13972602739726,2.0
C-001892314,S-0097,-30.689773831166654,0,3,男性,72,4,12,0.0833333333333333,15318,1,21,4592508.716501317,10.09041095890411,7.0
C-002106583,S-0004,-100.0,1,3,女性,68,3,12,0.4166666666666667,2185,1,22,4423576.351309,11.806849315068494,9.0
C-002682820,S-0030,-21.56945132907863,0,3,女性,67,1,12,0.0833333333333333,0,0,22,4426478.045479023,9.236986301369862,5.5
C-002541626,S-0115,-100.0,1,3,女性,57,1,12,0.0833333333333333,5516,1,14,4553643.099564746,10.51095890410959,7.0
C-002335858,S-0074,-100.0,1,3,男性,34,2,12,0.1666666666666666,0,0,14,4614054.39694187,8.308219178082192,6.0
C-001027855,S-0096,-62.069927356076505,1,3,男性,44,8,12,0.0833333333333333,0,0,16,4644856.458098179,8.302739726027397,5.0
C-002568190,S-0100,-100.0,1,3,女性,36,1,12,0.0833333333333333,1576,1,17,4535925.154217558,4.720547945205479,2.0
C-002425614,S-0075,-26.007885239936197,0,3,女性,38,2,12,0.5833333333333334,0,0,19,4506647.2743158825,4.526027397260274,1.0
C-000393220,S-0041,-100.0,1,3,男性,38,11,12,0.4166666666666667,26756,2,17,4828489.286769263,10.389041095890411,7.0
C-000423128,S-0102,-50.378732928522574,1,3,男性,48,11,12,0.5833333333333334,78757,2,16,4383474.364435211,10.484931506849314,7.5
C-002423312,S-0074,-100.0,1,3,女性,44,2,12,0.5,0,0,14,4614054.39694187,8.308219178082192,6.0
C-001534037,S-0002,-32.621642770845675,0,3,女性,35,6,12,0.3333333333333333,10162,1,15,4455566.655169959,5.663013698630137,2.0
C-001014039,S-0050,-46.08534531162268,0,3,女性,54,8,12,0.9166666666666666,9201,2,20,4615411.181286601,9.2013698630137,6.0
C-000180738,S-0111,-33.63468413189628,0,3,女性,41,12,12,0.3333333333333333,14858,1,19,4489501.980758176,6.397260273972603,4.0
C-001164209,S-0074,-69.54752851711027,1,3,女性,38,7,12,0.25,9651,1,14,4614054.39694187,8.308219178082192,6.0
C-000591989,S-0012,-10.714441701873486,0,3,女性,63,10,12,0.0833333333333333,0,0,16,4444678.825084195,7.994520547945205,5.0
C-000495263,S-0075,-41.36617715387973,0,3,女性,59,10,12,0.5833333333333334,0,0,19,4506647.2743158825,4.526027397260274,1.0
C-001640420,S-0074,-10.973430073113379,0,3,女性,59,5,12,0.1666666666666666,0,0,14,4614054.39694187,8.308219178082192,6.0
C-002243131,S-0056,-86.24659845000716,1,3,男性,58,3,12,0.25,30470,1,15,4406070.585753419,7.528767123287671,4.0
C-000721168,S-0115,-22.612813045525183,0,3,女性,59,9,12,0.25,1380,1,14,4553643.099564746,10.51095890410959,7.0
C-000775157,S-0017,-100.0,1,3,男性,47,9,12,0.0833333333333333,0,0,20,4640207.03550726,5.608219178082192,2.5
C-000335915,S-0074,-100.0,1,3,女性,50,11,12,0.0833333333333333,0,0,14,4614054.39694187,8.308219178082192,6.0
C-002141258,S-0004,-14.435313331264087,0,3,男性,55,3,12,0.25,12975,2,22,4423576.351309,11.806849315068494,9.0
C-001156925,S-0075,-21.554998819746533,0,3,男性,43,7,12,0.25,12715,1,19,4506647.2743158825,4.526027397260274,1.0
C-000728434,S-0121,-64.52690465649776,1,3,女性,60,9,12,0.1666666666666666,10978,1,14,4716268.25678644,9.856164383561644,7.0
C-000933125,S-0117,-79.05415364660102,1,3,女性,49,8,12,0.0833333333333333,0,0,20,4500859.737076383,9.593150684931507,7.0
C-002008268,S-0040,-97.78544200399347,1,3,女性,31,4,12,0.1666666666666666,0,0,20,4550116.0180538,8.163013698630138,4.0
C-001876955,S-0012,-37.229771463866584,0,3,男性,47,4,12,0.3333333333333333,17177,1,16,4444678.825084195,7.994520547945205,5.0
C-001587191,S-0117,-44.71574844217519,0,3,女性,74,5,12,0.25,0,0,20,4500859.737076383,9.593150684931507,7.0
C-000967195,S-0097,-100.0,1,3,男性,42,8,12,0.1666666666666666,19978,1,21,4592508.716501317,10.09041095890411,7.0
C-000718992,S-0014,-86.88886079860673,1,3,女性,26,9,12,0.0833333333333333,37831,2,21,4730192.353344672,7.336986301369863,4.0
C-002630569,S-0002,-84.97862517099864,1,3,女性,48,1,12,0.1666666666666666,19116,1,15,4455566.655169959,5.663013698630137,2.0
C-001305812,S-0017,-37.150278293135436,0,3,男性,19,7,12,0.8333333333333334,0,0,20,4640207.03550726,5.608219178082192,2.5
C-000765989,S-0097,-46.02788754853023,0,3,女性,56,9,12,0.4166666666666667,14809,1,21,4592508.716501317,10.09041095890411,7.0
C-000537089,S-0115,-37.80795513107962,0,3,女性,43,10,12,0.25,0,0,14,4553643.099564746,10.51095890410959,7.0
C-000566385,S-0054,-20.64047111085133,0,3,男性,47,10,12,0.25,22590,2,23,4489160.181517739,6.358904109589041,4.0
C-002299171,S-0117,-55.09009791992584,1,3,女性,47,2,12,0.3333333333333333,13839,2,20,4500859.737076383,9.593150684931507,7.0
C-002580581,S-0115,-76.49363317323494,1,3,男性,54,1,12,0.0,2720,1,14,4553643.099564746,10.51095890410959,7.0
C-000443333,S-0012,-29.250756548053847,0,3,女性,47,11,12,0.1666666666666666,0,0,16,4444678.825084195,7.994520547945205,5.0
C-000806392,S-0012,-100.0,1,3,女性,65,9,12,0.0833333333333333,17799,1,16,4444678.825084195,7.994520547945205,5.0
C-000659288,S-0100,-41.93656407555121,0,3,女性,35,10,12,0.3333333333333333,7732,1,17,4535925.154217558,4.720547945205479,2.0
C-000392998,S-0080,-23.389198824046854,0,3,女性,56,11,12,0.4166666666666667,5136,1,17,4457429.264950683,11.673972602739726,9.0
C-002341321,S-0117,-49.21516145413725,1,3,女性,45,2,12,0.0833333333333333,0,0,20,4500859.737076383,9.593150684931507,7.0
C-002016795,S-0074,-100.0,1,3,男性,60,4,12,0.5833333333333334,77331,1,14,4614054.39694187,8.308219178082192,6.0
C-000148952,S-0096,-52.6644153734935,1,3,男性,51,12,12,0.25,2860,1,16,4644856.458098179,8.302739726027397,5.0
C-000179978,S-0040,-62.35167139126497,1,3,男性,44,12,12,0.1666666666666666,0,0,20,4550116.0180538,8.163013698630138,4.0
C-000739066,S-0048,-81.98692199244792,1,3,女性,46,9,12,0.25,0,0,15,4502249.082895545,3.671232876712329,1.0
C-001857213,S-0096,-100.0,1,3,女性,53,4,12,0.3333333333333333,0,0,16,4644856.458098179,8.302739726027397,5.0
C-002376948,S-0020,-23.2060649143885,0,3,男性,28,2,12,0.3333333333333333,60986,2,16,4280702.057267675,6.986301369863014,3.5
C-001726309,S-0056,-100.0,1,3,女性,64,5,12,0.25,2839,1,15,4406070.585753419,7.528767123287671,4.0
C-002063861,S-0102,-79.02799647708773,1,3,女性,41,3,12,0.3333333333333333,0,0,16,4383474.364435211,10.484931506849314,7.5
C-002082779,S-0007,-38.36406011143504,0,3,女性,41,3,12,0.1666666666666666,30185,1,21,4487075.727367008,3.7260273972602738,1.0
C-001322461,S-0117,-17.327982785364608,0,3,女性,40,7,12,0.3333333333333333,5191,1,20,4500859.737076383,9.593150684931507,7.0
C-001748204,S-0080,-35.780926361268186,0,3,女性,52,5,12,0.1666666666666666,0,0,17,4457429.264950683,11.673972602739726,9.0
C-001008297,S-0056,-47.53561334181151,0,3,女性,65,8,12,0.3333333333333333,11573,1,15,4406070.585753419,7.528767123287671,4.0
C-000196268,S-0002,-100.0,1,3,女性,45,12,12,0.1666666666666666,0,0,15,4455566.655169959,5.663013698630137,2.0
C-001345415,S-0080,-46.07842209670145,0,3,女性,68,7,12,0.0833333333333333,0,0,17,4457429.264950683,11.673972602739726,9.0
C-001348236,S-0014,-69.82097186700767,1,3,男性,41,7,12,0.1666666666666666,54896,2,21,4730192.353344672,7.336986301369863,4.0
C-001438132,S-0054,-93.62989806357776,1,3,男性,54,6,12,0.3333333333333333,0,0,23,4489160.181517739,6.358904109589041,4.0
C-002510709,S-0117,-55.919413436947764,1,3,女性,41,1,12,0.25,21375,1,20,4500859.737076383,9.593150684931507,7.0
C-001556481,S-0007,-70.23303194337042,1,3,男性,31,6,12,0.5,0,0,21,4487075.727367008,3.7260273972602738,1.0
C-002474383,S-0039,-22.323471363496058,0,3,女性,57,1,12,0.1666666666666666,3747,1,16,4591288.568998441,8.193150684931506,5.0
C-000176579,S-0079,-81.26226772388866,1,3,男性,56,12,12,0.9166666666666666,18386,2,13,4256656.371085242,8.479452054794521,6.0
C-001154012,S-0008,-56.81025468038455,1,3,男性,38,7,12,0.5,0,0,22,4498453.308937302,10.772602739726027,7.0
C-000831220,S-0040,-100.0,1,3,女性,41,9,12,0.1666666666666666,5534,2,20,4550116.0180538,8.163013698630138,4.0
C-002057285,S-0039,-83.35246951653461,1,3,女性,77,3,12,0.0833333333333333,29672,1,16,4591288.568998441,8.193150684931506,5.0
C-000002386,S-0113,-24.085898508106943,0,3,女性,49,12,12,0.25,0,0,16,4336633.961311346,5.77945205479452,2.5
C-000537473,S-0117,-100.0,1,3,女性,50,10,12,0.0,13095,1,20,4500859.737076383,9.593150684931507,7.0
C-001806495,S-0054,-47.9504327147217,0,3,男性,30,4,12,0.25,0,0,23,4489160.181517739,6.358904109589041,4.0
C-001684154,S-0054,-44.230568363251116,0,3,男性,43,5,12,0.25,16623,2,23,4489160.181517739,6.358904109589041,4.0
C-001442467,S-0075,-27.75054159214379,0,3,女性,39,6,12,0.4166666666666667,0,0,19,4506647.2743158825,4.526027397260274,1.0
C-000998785,S-0041,-100.0,1,3,女性,76,8,12,0.0833333333333333,3555,2,17,4828489.286769263,10.389041095890411,7.0
C-001042372,S-0099,-64.8401652712841,1,3,女性,37,8,12,0.25,113652,2,13,4464126.154078853,8.147945205479452,5.0
C-000665855,S-0096,-53.33896719555678,1,3,女性,55,10,12,0.3333333333333333,72409,2,16,4644856.458098179,8.302739726027397,5.0
C-002424471,S-0059,-58.89730990255684,1,3,女性,50,2,12,1.0,0,0,14,4713188.969095345,6.8123287671232875,3.0
C-000438868,S-0117,-100.0,1,3,男性,44,11,12,0.1666666666666666,0,0,20,4500859.737076383,9.593150684931507,7.0
C-002185223,S-0059,-17.421411485651802,0,3,男性,31,3,12,0.1666666666666666,39205,1,14,4713188.969095345,6.8123287671232875,3.0
C-002469937,S-0102,-71.33724309187932,1,3,男性,55,2,12,0.25,0,0,16,4383474.364435211,10.484931506849314,7.5
C-002120182,S-0099,-18.782033670288858,0,3,女性,66,3,12,0.25,0,0,13,4464126.154078853,8.147945205479452,5.0
C-001100769,S-0018,-36.11734105041944,0,3,男性,47,8,12,0.1666666666666666,0,0,16,4493108.581950108,7.550684931506849,5.0
C-001683270,S-0079,-100.0,1,3,女性,58,5,12,0.25,11687,1,13,4256656.371085242,8.479452054794521,6.0
C-001607004,S-0099,-63.86525960998315,1,3,男性,52,5,12,0.3333333333333333,1649,1,13,4464126.154078853,8.147945205479452,5.0
C-002001533,S-0054,-68.19443201145823,1,3,女性,25,4,12,0.4166666666666667,0,0,23,4489160.181517739,6.358904109589041,4.0
C-000755992,S-0012,-73.50007419253788,1,3,女性,49,9,12,0.3333333333333333,24126,1,16,4444678.825084195,7.994520547945205,5.0
C-001475247,S-0121,-100.0,1,3,女性,36,6,12,0.5,49951,2,14,4716268.25678644,9.856164383561644,7.0
C-002440114,S-0002,-70.27942004504504,1,3,女性,59,2,12,0.3333333333333333,60132,1,15,4455566.655169959,5.663013698630137,2.0
C-001391125,S-0075,-24.046648504339156,0,3,男性,32,6,12,0.4166666666666667,0,0,19,4506647.2743158825,4.526027397260274,1.0
C-001122004,S-0113,-15.8844404658189,0,3,男性,42,8,12,0.5,0,0,16,4336633.961311346,5.77945205479452,2.5
C-001326821,S-0017,-100.0,1,3,男性,62,7,12,0.25,4435,1,20,4640207.03550726,5.608219178082192,2.5
C-000188325,S-0089,-47.6694288737161,0,3,女性,45,12,12,0.0,4746,2,19,4721110.949352573,10.142465753424657,7.0
C-001231342,S-0113,-100.0,1,3,女性,68,7,12,0.4166666666666667,0,0,16,4336633.961311346,5.77945205479452,2.5
C-002565411,S-0099,-43.21936227429888,0,3,女性,56,1,12,0.25,0,0,13,4464126.154078853,8.147945205479452,5.0
C-000016954,S-0082,-26.159882830766897,0,3,女性,50,12,12,0.1666666666666666,19674,1,17,4607261.71451126,4.758904109589041,2.0
C-001359374,S-0063,-14.012576699054316,0,3,男性,64,6,12,0.25,0,0,18,4564012.176421695,5.749315068493151,3.0
C-002339432,S-0007,-51.54398893148131,1,3,男性,38,2,12,0.0833333333333333,0,0,21,4487075.727367008,3.7260273972602738,1.0
C-001535323,S-0036,-25.78809055431733,0,3,男性,57,6,12,0.1666666666666666,23170,2,19,4397834.424680548,11.123287671232877,9.0
C-002067037,S-0014,-100.0,1,3,女性,58,3,12,0.0833333333333333,9545,1,21,4730192.353344672,7.336986301369863,4.0
C-002220099,S-0097,-100.0,1,3,女性,41,3,12,0.3333333333333333,0,0,21,4592508.716501317,10.09041095890411,7.0
C-000351439,S-0002,-59.179136132929635,1,3,男性,68,11,12,0.0,23600,1,15,4455566.655169959,5.663013698630137,2.0
C-002363136,S-0102,-52.34789758509869,1,3,女性,60,2,12,0.0833333333333333,29220,1,16,4383474.364435211,10.484931506849314,7.5
C-001184391,S-0079,-41.80835175525298,0,3,女性,30,7,12,0.25,8782,2,13,4256656.371085242,8.479452054794521,6.0
C-002657151,S-0050,-70.33968311662564,1,3,男性,51,1,12,0.5833333333333334,0,0,20,4615411.181286601,9.2013698630137,6.0
C-002471776,S-0074,-55.67613004130537,1,3,女性,41,1,12,0.1666666666666666,0,0,14,4614054.39694187,8.308219178082192,6.0
C-001062306,S-0075,-17.224857696847494,0,3,女性,46,8,12,0.25,2655,1,19,4506647.2743158825,4.526027397260274,1.0
C-001301419,S-0062,-56.14807649883758,1,3,女性,25,7,12,0.5833333333333334,7116,1,15,4713869.782113416,4.575342465753424,1.0
C-000112853,S-0012,-49.509474922734015,1,3,男性,56,12,12,0.3333333333333333,89243,1,16,4444678.825084195,7.994520547945205,5.0
C-001097378,S-0111,-9.453924667265927,0,3,女性,46,8,12,0.4166666666666667,0,0,19,4489501.980758176,6.397260273972603,4.0
C-000275165,S-0063,-100.0,1,3,女性,42,11,12,0.5,13346,1,18,4564012.176421695,5.749315068493151,3.0
C-000074706,S-0048,-23.82923989938049,0,3,女性,48,12,12,0.0,21296,1,15,4502249.082895545,3.671232876712329,1.0
C-001463072,S-0056,-58.93769369388525,1,3,男性,48,6,12,0.5833333333333334,6265,1,15,4406070.585753419,7.528767123287671,4.0
C-001109724,S-0102,-66.4966175365208,1,3,男性,51,8,12,0.3333333333333333,11757,2,16,4383474.364435211,10.484931506849314,7.5
C-001029028,S-0020,-78.79728248959019,1,3,男性,26,8,12,0.5,0,0,16,4280702.057267675,6.986301369863014,3.5
C-001720219,S-0089,-100.0,1,3,女性,44,5,12,0.25,0,0,19,4721110.949352573,10.142465753424657,7.0
C-002270800,S-0030,-100.0,1,3,男性,54,2,12,0.25,17787,2,22,4426478.045479023,9.236986301369862,5.5
C-001202601,S-0008,-44.06638364133149,0,3,女性,44,7,12,0.4166666666666667,9293,1,22,4498453.308937302,10.772602739726027,7.0
C-002401783,S-0074,-100.0,1,3,男性,44,2,12,0.4166666666666667,4566,1,14,4614054.39694187,8.308219178082192,6.0
C-000577987,S-0100,-27.754682376479746,0,3,女性,53,10,12,0.1666666666666666,11551,1,17,4535925.154217558,4.720547945205479,2.0
C-000220414,S-0080,-68.37714799638232,1,3,女性,44,12,12,0.25,0,0,17,4457429.264950683,11.673972602739726,9.0
C-000127506,S-0017,-34.369277551911274,0,3,女性,50,12,12,0.25,22442,1,20,4640207.03550726,5.608219178082192,2.5
C-002140933,S-0005,-21.551268717085172,0,3,女性,70,3,12,0.75,53423,1,21,4733942.970761149,4.69041095890411,2.0
C-001924369,S-0018,-55.090009581994,1,3,女性,33,4,12,0.1666666666666666,6014,1,16,4493108.581950108,7.550684931506849,5.0
C-001636004,S-0056,-62.42467229113559,1,3,男性,57,5,12,0.25,71278,2,15,4406070.585753419,7.528767123287671,4.0
C-001156368,S-0080,-40.933762024595836,0,3,女性,42,7,12,0.25,5036,1,17,4457429.264950683,11.673972602739726,9.0
C-002440764,S-0048,-53.46398337392547,1,3,男性,48,2,12,0.4166666666666667,0,0,15,4502249.082895545,3.671232876712329,1.0
C-000555373,S-0002,-17.53946686825143,0,3,女性,35,10,12,0.25,12410,1,15,4455566.655169959,5.663013698630137,2.0
C-002095873,S-0111,-100.0,1,3,女性,76,3,12,0.4166666666666667,0,0,19,4489501.980758176,6.397260273972603,4.0
C-000841563,S-0017,-60.6075952697281,1,3,女性,47,9,12,0.8333333333333334,7399,2,20,4640207.03550726,5.608219178082192,2.5
C-000070466,S-0054,-7.997103387809393,0,3,女性,44,12,12,0.9166666666666666,0,0,23,4489160.181517739,6.358904109589041,4.0
C-000648669,S-0117,-100.0,1,3,女性,63,10,12,0.25,0,0,20,4500859.737076383,9.593150684931507,7.0
C-000900695,S-0012,-45.83307365628255,0,3,男性,39,9,12,0.3333333333333333,39415,1,16,4444678.825084195,7.994520547945205,5.0
C-002188422,S-0117,-61.95077037831286,1,3,女性,60,3,12,0.1666666666666666,12120,1,20,4500859.737076383,9.593150684931507,7.0
C-002606170,S-0100,-100.0,1,3,男性,46,1,12,0.25,12361,2,17,4535925.154217558,4.720547945205479,2.0
C-000117929,S-0113,-56.76802125822995,1,3,男性,55,12,12,0.25,26148,1,16,4336633.961311346,5.77945205479452,2.5
C-000294305,S-0039,-56.42565528666943,1,3,男性,64,11,12,0.5,0,0,16,4591288.568998441,8.193150684931506,5.0
C-000266164,S-0074,-70.727538632319,1,3,女性,51,11,12,0.0833333333333333,24697,2,14,4614054.39694187,8.308219178082192,6.0
C-001061138,S-0008,-75.32480057313697,1,3,女性,48,8,12,0.0833333333333333,0,0,22,4498453.308937302,10.772602739726027,7.0
C-002265136,S-0014,-19.717956748348566,0,3,女性,52,2,12,0.1666666666666666,4630,1,21,4730192.353344672,7.336986301369863,4.0
C-002475704,S-0005,4.985642711448205,0,3,男性,31,1,12,0.4166666666666667,0,0,21,4733942.970761149,4.69041095890411,2.0
C-000118971,S-0113,-59.962799469452044,1,3,男性,48,12,12,0.3333333333333333,25343,2,16,4336633.961311346,5.77945205479452,2.5
C-002072977,S-0014,-73.32571278556544,1,3,女性,59,3,12,0.1666666666666666,11317,2,21,4730192.353344672,7.336986301369863,4.0
C-002063086,S-0030,-27.674409830949102,0,3,男性,51,3,12,0.6666666666666666,78457,1,22,4426478.045479023,9.236986301369862,5.5
C-000492684,S-0059,-100.0,1,3,男性,40,10,12,0.4166666666666667,0,0,14,4713188.969095345,6.8123287671232875,3.0
C-002684029,S-0072,-60.37202043847064,1,3,女性,56,1,12,0.4166666666666667,0,0,12,4406797.312641796,9.01917808219178,6.0
C-000803272,S-0063,-17.95286067287588,0,3,男性,30,9,12,0.25,0,0,18,4564012.176421695,5.749315068493151,3.0
C-002500347,S-0036,-100.0,1,3,女性,73,1,12,0.0833333333333333,0,0,19,4397834.424680548,11.123287671232877,9.0
C-001342663,S-0111,-46.5900710321003,0,3,女性,39,7,12,0.25,0,0,19,4489501.980758176,6.397260273972603,4.0
C-000108235,S-0079,-100.0,1,3,女性,30,12,12,0.0833333333333333,0,0,13,4256656.371085242,8.479452054794521,6.0
C-000193871,S-0018,-20.23642516395611,0,3,男性,55,12,12,0.1666666666666666,53037,1,16,4493108.581950108,7.550684931506849,5.0
C-000582072,S-0019,-100.0,1,3,男性,56,10,12,0.25,17831,1,19,4327199.920883598,4.090410958904109,1.0
C-000686551,S-0018,-52.14518491942476,1,3,女性,45,9,12,0.9166666666666666,2678,2,16,4493108.581950108,7.550684931506849,5.0
C-002334012,S-0040,-63.78148851542623,1,3,男性,32,2,12,0.4166666666666667,0,0,20,4550116.0180538,8.163013698630138,4.0
C-002233620,S-0121,-70.12758639818051,1,3,男性,50,3,12,0.4166666666666667,23203,1,14,4716268.25678644,9.856164383561644,7.0
C-002181739,S-0002,-100.0,1,3,女性,51,3,12,0.0833333333333333,44316,1,15,4455566.655169959,5.663013698630137,2.0
C-002113321,S-0074,-100.0,1,3,男性,50,3,12,0.1666666666666666,11788,2,14,4614054.39694187,8.308219178082192,6.0
C-001102710,S-0082,-31.694706295165297,0,3,女性,31,8,12,0.5,8861,1,17,4607261.71451126,4.758904109589041,2.0
C-000360565,S-0041,-18.065845514906965,0,3,男性,47,11,12,0.1666666666666666,655,1,17,4828489.286769263,10.389041095890411,7.0
C-001625577,S-0018,-74.33352683057755,1,3,女性,59,5,12,0.1666666666666666,0,0,16,4493108.581950108,7.550684931506849,5.0
C-001699252,S-0005,-51.760683396531896,1,3,男性,59,5,12,0.5,0,0,21,4733942.970761149,4.69041095890411,2.0
C-001142627,S-0004,-27.56566129775874,0,3,男性,46,7,12,0.1666666666666666,9043,2,22,4423576.351309,11.806849315068494,9.0
C-000623588,S-0014,-100.0,1,3,女性,58,10,12,0.0833333333333333,0,0,21,4730192.353344672,7.336986301369863,4.0
C-001207219,S-0012,-82.42233665372277,1,3,女性,50,7,12,0.1666666666666666,0,0,16,4444678.825084195,7.994520547945205,5.0
C-001605148,S-0007,-10.201418393536379,0,3,男性,37,5,12,0.5,0,0,21,4487075.727367008,3.7260273972602738,1.0
C-002556348,S-0121,-79.38696172248804,1,3,女性,77,1,12,0.0,15860,1,14,4716268.25678644,9.856164383561644,7.0
C-000631450,S-0074,-23.409648684622855,0,3,女性,44,10,12,0.1666666666666666,7083,1,14,4614054.39694187,8.308219178082192,6.0
C-000396535,S-0080,-67.75378818597514,1,3,女性,44,11,12,0.25,10763,2,17,4457429.264950683,11.673972602739726,9.0
C-001373388,S-0041,-66.7694696659262,1,3,女性,53,6,12,0.4166666666666667,21149,2,17,4828489.286769263,10.389041095890411,7.0
C-000862344,S-0111,-52.44597839135654,1,3,女性,35,9,12,0.25,19553,1,19,4489501.980758176,6.397260273972603,4.0
C-000156795,S-0050,-100.0,1,3,女性,52,12,12,0.25,0,0,20,4615411.181286601,9.2013698630137,6.0
C-000024449,S-0056,-88.21597929091229,1,3,女性,49,12,12,0.6666666666666666,0,0,15,4406070.585753419,7.528767123287671,4.0
C-000369629,S-0018,-37.32387378448105,0,3,女性,55,11,12,0.0833333333333333,17493,1,16,4493108.581950108,7.550684931506849,5.0
C-000738794,S-0050,-35.246922119241944,0,3,女性,37,9,12,0.4166666666666667,0,0,20,4615411.181286601,9.2013698630137,6.0
C-001745890,S-0018,-46.60637808585747,0,3,女性,58,5,12,0.0833333333333333,8223,1,16,4493108.581950108,7.550684931506849,5.0
C-000850722,S-0100,-29.982775313534326,0,3,女性,31,9,12,0.25,0,0,17,4535925.154217558,4.720547945205479,2.0
C-002591052,S-0075,-100.0,1,3,女性,44,1,12,0.0833333333333333,21000,2,19,4506647.2743158825,4.526027397260274,1.0
C-000246712,S-0117,-34.05465773823118,0,3,女性,48,11,12,0.3333333333333333,0,0,20,4500859.737076383,9.593150684931507,7.0
C-001334010,S-0079,-91.34005348693684,1,3,女性,79,7,12,0.25,0,0,13,4256656.371085242,8.479452054794521,6.0
C-001486291,S-0014,-95.32733497395449,1,3,女性,41,6,12,0.1666666666666666,0,0,21,4730192.353344672,7.336986301369863,4.0
C-000248033,S-0121,-57.282825870414925,1,3,女性,53,11,12,0.3333333333333333,4477,1,14,4716268.25678644,9.856164383561644,7.0
C-000790468,S-0121,-66.49649467372501,1,3,女性,43,9,12,0.5,11906,1,14,4716268.25678644,9.856164383561644,7.0
C-001913256,S-0040,-81.8318884281945,1,3,女性,36,4,12,0.5,19413,1,20,4550116.0180538,8.163013698630138,4.0
C-002332984,S-0072,-100.0,1,3,男性,37,2,12,0.4166666666666667,0,0,12,4406797.312641796,9.01917808219178,6.0
C-000643808,S-0039,-46.7339772702098,0,3,女性,22,10,12,0.6666666666666666,0,0,16,4591288.568998441,8.193150684931506,5.0
C-002503154,S-0036,-55.80017550037169,1,3,女性,52,1,12,0.1666666666666666,0,0,19,4397834.424680548,11.123287671232877,9.0
C-000352780,S-0074,-100.0,1,3,男性,48,11,12,0.1666666666666666,12351,2,14,4614054.39694187,8.308219178082192,6.0
C-002381266,S-0056,-42.63347120343076,0,3,男性,59,2,12,0.1666666666666666,1765,2,15,4406070.585753419,7.528767123287671,4.0
C-001643737,S-0002,-19.344606130992105,0,3,女性,23,5,12,0.1666666666666666,54730,2,15,4455566.655169959,5.663013698630137,2.0
C-002215243,S-0040,-38.69199297469061,0,3,男性,32,3,12,0.25,764,1,20,4550116.0180538,8.163013698630138,4.0
C-001842470,S-0074,-63.052448060438756,1,3,女性,60,4,12,0.1666666666666666,5722,2,14,4614054.39694187,8.308219178082192,6.0
C-001595359,S-0020,-20.4122027491345,0,3,女性,61,5,12,0.1666666666666666,15573,1,16,4280702.057267675,6.986301369863014,3.5
C-001121340,S-0080,-24.877038888174297,0,3,女性,33,8,12,0.0833333333333333,0,0,17,4457429.264950683,11.673972602739726,9.0
C-000379703,S-0099,-23.007605305944757,0,3,男性,58,11,12,0.5833333333333334,24628,1,13,4464126.154078853,8.147945205479452,5.0
C-001367447,S-0121,-43.98303135621374,0,3,女性,88,6,12,0.1666666666666666,6566,1,14,4716268.25678644,9.856164383561644,7.0
C-002458914,S-0056,-37.104660518660644,0,3,女性,45,2,12,0.3333333333333333,15853,1,15,4406070.585753419,7.528767123287671,4.0
C-001698928,S-0117,-100.0,1,3,女性,45,5,12,0.1666666666666666,136965,2,20,4500859.737076383,9.593150684931507,7.0
C-002167594,S-0113,-100.0,1,3,女性,64,3,12,0.5833333333333334,0,0,16,4336633.961311346,5.77945205479452,2.5
C-001930288,S-0097,-41.919631229513435,0,3,女性,49,4,12,0.3333333333333333,0,0,21,4592508.716501317,10.09041095890411,7.0
C-001000879,S-0012,-100.0,1,3,男性,50,8,12,0.1666666666666666,50739,1,16,4444678.825084195,7.994520547945205,5.0
C-000699270,S-0126,-43.872755426367114,0,3,女性,62,9,12,0.3333333333333333,14412,1,17,4493168.352495564,5.53972602739726,3.0
C-002213492,S-0111,-39.91952850921594,0,3,男性,55,3,12,0.25,29731,1,19,4489501.980758176,6.397260273972603,4.0
C-001852612,S-0036,-100.0,1,3,女性,62,4,12,0.25,105620,1,19,4397834.424680548,11.123287671232877,9.0
C-001671223,S-0020,-100.0,1,3,女性,61,5,12,0.5,5342,1,16,4280702.057267675,6.986301369863014,3.5
C-000718907,S-0056,-100.0,1,3,女性,40,9,12,0.4166666666666667,21023,1,15,4406070.585753419,7.528767123287671,4.0
C-002616059,S-0012,-53.19241515137636,1,3,男性,48,1,12,0.0833333333333333,0,0,16,4444678.825084195,7.994520547945205,5.0
C-001833889,S-0097,-100.0,1,3,女性,50,4,12,0.0833333333333333,0,0,21,4592508.716501317,10.09041095890411,7.0
C-001344451,S-0020,-86.16196856957609,1,3,男性,77,7,12,0.4166666666666667,3014,1,16,4280702.057267675,6.986301369863014,3.5
C-002258173,S-0014,-95.19769860725526,1,3,女性,57,2,12,0.25,0,0,21,4730192.353344672,7.336986301369863,4.0
C-002253263,S-0072,-38.58719807348865,0,3,女性,41,2,12,0.3333333333333333,40984,1,12,4406797.312641796,9.01917808219178,6.0
C-001396687,S-0036,-66.16643623601324,1,3,女性,58,6,12,0.4166666666666667,16399,1,19,4397834.424680548,11.123287671232877,9.0
C-000955260,S-0117,-100.0,1,3,男性,63,8,12,0.25,0,0,20,4500859.737076383,9.593150684931507,7.0
C-000539418,S-0100,-65.42055271414449,1,3,女性,62,10,12,0.75,0,0,17,4535925.154217558,4.720547945205479,2.0
C-000293176,S-0117,-20.590869809309336,0,3,男性,53,11,12,0.25,1378,2,20,4500859.737076383,9.593150684931507,7.0
C-002337697,S-0004,-100.0,1,3,女性,49,2,12,0.3333333333333333,0,0,22,4423576.351309,11.806849315068494,9.0
C-002390050,S-0074,-21.384636255896876,0,3,男性,17,2,12,0.1666666666666666,7800,1,14,4614054.39694187,8.308219178082192,6.0
C-002139472,S-0039,-26.07894809671557,0,3,男性,34,3,12,0.3333333333333333,47441,2,16,4591288.568998441,8.193150684931506,5.0
C-001549993,S-0036,-58.845300185602326,1,3,男性,56,6,12,0.1666666666666666,0,0,19,4397834.424680548,11.123287671232877,9.0
C-000156246,S-0012,-44.46028533543364,0,3,男性,48,12,12,0.1666666666666666,108925,2,16,4444678.825084195,7.994520547945205,5.0
C-002425447,S-0041,-51.249675201186975,1,3,女性,46,2,12,0.1666666666666666,0,0,17,4828489.286769263,10.389041095890411,7.0
C-002501548,S-0004,-50.065637412202946,1,3,女性,56,1,12,0.3333333333333333,0,0,22,4423576.351309,11.806849315068494,9.0
C-000398518,S-0050,-35.894203601223815,0,3,男性,44,11,12,0.3333333333333333,0,0,20,4615411.181286601,9.2013698630137,6.0
C-001165338,S-0100,-6.995871400776784,0,3,女性,42,7,12,0.3333333333333333,50645,2,17,4535925.154217558,4.720547945205479,2.0
C-001794514,S-0121,-100.0,1,3,男性,65,5,12,0.25,7891,2,14,4716268.25678644,9.856164383561644,7.0
C-002298641,S-0056,-20.579981443730073,0,3,女性,44,2,12,0.0,62726,1,15,4406070.585753419,7.528767123287671,4.0
C-001514627,S-0117,-100.0,1,3,女性,34,6,12,0.25,2606,1,20,4500859.737076383,9.593150684931507,7.0
C-000769779,S-0080,-25.029298902984067,0,3,男性,56,9,12,0.3333333333333333,2482,1,17,4457429.264950683,11.673972602739726,9.0
C-000506911,S-0111,-47.63179134276369,0,3,女性,53,10,12,0.3333333333333333,0,0,19,4489501.980758176,6.397260273972603,4.0
C-002307160,S-0008,-43.104460980267774,0,3,女性,67,2,12,0.0833333333333333,0,0,22,4498453.308937302,10.772602739726027,7.0
C-002560810,S-0085,-74.36395668169335,1,3,女性,49,1,12,0.8333333333333334,5733,1,15,4606655.398026554,4.928767123287671,2.0
C-000630128,S-0126,-100.0,1,3,女性,46,10,12,0.25,0,0,17,4493168.352495564,5.53972602739726,3.0
C-001408078,S-0050,-100.0,1,3,女性,49,6,12,0.6666666666666666,4148,1,20,4615411.181286601,9.2013698630137,6.0
C-000570250,S-0111,-69.41422892914098,1,3,男性,59,10,12,0.25,0,0,19,4489501.980758176,6.397260273972603,4.0
C-000070094,S-0036,-44.24731120886207,0,3,女性,49,12,12,0.1666666666666666,1377,2,19,4397834.424680548,11.123287671232877,9.0
C-000369866,S-0030,-2.1379419807748903,0,3,男性,45,11,12,0.1666666666666666,24352,1,22,4426478.045479023,9.236986301369862,5.5
C-002193915,S-0115,-100.0,1,3,女性,60,3,12,0.1666666666666666,25136,2,14,4553643.099564746,10.51095890410959,7.0
C-000957563,S-0017,-10.699789618954519,0,3,女性,30,8,12,0.1666666666666666,8921,2,20,4640207.03550726,5.608219178082192,2.5
C-002523592,S-0012,-100.0,1,3,女性,44,1,12,0.1666666666666666,1417,1,16,4444678.825084195,7.994520547945205,5.0
C-001077366,S-0075,-11.346527155778388,0,3,男性,33,8,12,0.0833333333333333,7250,1,19,4506647.2743158825,4.526027397260274,1.0
C-000443314,S-0040,-54.06560949037647,1,3,男性,43,11,12,0.3333333333333333,3632,1,20,4550116.0180538,8.163013698630138,4.0
C-001076465,S-0102,-31.84704847604823,0,3,男性,48,8,12,0.3333333333333333,3222,1,16,4383474.364435211,10.484931506849314,7.5
C-002664888,S-0072,-44.300135042806325,0,3,男性,41,1,12,0.0,0,0,12,4406797.312641796,9.01917808219178,6.0
C-000264254,S-0004,-34.64195590121209,0,3,男性,42,11,12,0.3333333333333333,-32,2,22,4423576.351309,11.806849315068494,9.0
C-000665960,S-0115,-35.98247717584396,0,3,女性,56,10,12,0.3333333333333333,15469,1,14,4553643.099564746,10.51095890410959,7.0
C-000990170,S-0115,-41.987576157913416,0,3,女性,39,8,12,0.25,869,2,14,4553643.099564746,10.51095890410959,7.0
C-000636718,S-0115,-69.59238471637093,1,3,女性,57,10,12,0.25,155634,1,14,4553643.099564746,10.51095890410959,7.0
C-000366088,S-0063,-38.942509441879984,0,3,男性,28,11,12,0.1666666666666666,0,0,18,4564012.176421695,5.749315068493151,3.0
C-001730881,S-0072,-24.822968321612773,0,3,男性,54,5,12,0.4166666666666667,13906,1,12,4406797.312641796,9.01917808219178,6.0
C-000999729,S-0054,-33.06780806946019,0,3,女性,51,8,12,0.6666666666666666,0,0,23,4489160.181517739,6.358904109589041,4.0
C-002506740,S-0002,-41.35956266655994,0,3,男性,59,1,12,0.25,0,0,15,4455566.655169959,5.663013698630137,2.0
C-001952692,S-0004,-59.68120072631991,1,3,女性,40,4,12,0.25,0,0,22,4423576.351309,11.806849315068494,9.0
C-000804670,S-0089,-61.59842616500676,1,3,男性,57,9,12,0.5,93138,1,19,4721110.949352573,10.142465753424657,7.0
C-001282025,S-0080,-30.195706026095735,0,3,男性,46,7,12,0.25,0,0,17,4457429.264950683,11.673972602739726,9.0
C-002672388,S-0040,-59.87271916744808,1,3,女性,38,1,12,0.0,9193,2,20,4550116.0180538,8.163013698630138,4.0
C-002528998,S-0036,-51.397242308883264,1,3,女性,42,1,12,0.1666666666666666,126650,1,19,4397834.424680548,11.123287671232877,9.0
C-002605498,S-0096,-14.12336422384918,0,3,男性,26,1,12,0.0,8031,1,16,4644856.458098179,8.302739726027397,5.0
C-001022370,S-0030,-39.85799757969653,0,3,女性,55,8,12,0.4166666666666667,19701,1,22,4426478.045479023,9.236986301369862,5.5
C-001938454,S-0054,-6.310249854281154,0,3,男性,60,4,12,0.1666666666666666,8867,2,23,4489160.181517739,6.358904109589041,4.0
C-001512010,S-0018,-100.0,1,3,女性,50,6,12,0.0833333333333333,15413,1,16,4493108.581950108,7.550684931506849,5.0
C-000381556,S-0089,-60.04164976335362,1,3,男性,41,11,12,0.0,0,0,19,4721110.949352573,10.142465753424657,7.0
C-000509905,S-0039,-71.78535833633447,1,3,女性,31,10,12,0.5,0,0,16,4591288.568998441,8.193150684931506,5.0
C-001672465,S-0007,-25.971343458390088,0,3,男性,75,5,12,0.25,0,0,21,4487075.727367008,3.7260273972602738,1.0
C-002505964,S-0014,-100.0,1,3,女性,50,1,12,0.0,0,0,21,4730192.353344672,7.336986301369863,4.0
C-002670006,S-0096,-36.63518264203907,0,3,男性,43,1,12,0.0,0,0,16,4644856.458098179,8.302739726027397,5.0
C-000848035,S-0017,-27.188185334652694,0,3,女性,38,9,12,0.3333333333333333,173950,1,20,4640207.03550726,5.608219178082192,2.5
C-002630241,S-0056,-58.875005335918964,1,3,女性,44,1,12,0.4166666666666667,40746,2,15,4406070.585753419,7.528767123287671,4.0
C-000547525,S-0117,-35.55056472047324,0,3,男性,58,10,12,0.3333333333333333,18052,2,20,4500859.737076383,9.593150684931507,7.0
C-002506140,S-0115,-100.0,1,3,女性,44,1,12,0.0833333333333333,27735,1,14,4553643.099564746,10.51095890410959,7.0
C-000649437,S-0056,-37.157182251190775,0,3,男性,50,10,12,0.5833333333333334,7369,1,15,4406070.585753419,7.528767123287671,4.0
C-001537499,S-0007,-27.476408060032686,0,3,男性,33,6,12,0.3333333333333333,31082,2,21,4487075.727367008,3.7260273972602738,1.0
C-001733692,S-0131,-36.81757359500446,0,3,男性,44,5,12,0.25,0,0,17,4569023.5643747775,5.13972602739726,2.0
C-002014803,S-0102,-100.0,1,3,男性,44,4,12,0.3333333333333333,13550,2,16,4383474.364435211,10.484931506849314,7.5
C-002188780,S-0005,-14.714141338777614,0,3,女性,72,3,12,0.25,0,0,21,4733942.970761149,4.69041095890411,2.0
C-000645644,S-0080,-60.383896572194985,1,3,女性,56,10,12,0.1666666666666666,0,0,17,4457429.264950683,11.673972602739726,9.0
C-002432786,S-0020,-25.720631797857024,0,3,女性,34,2,12,0.3333333333333333,76439,1,16,4280702.057267675,6.986301369863014,3.5
C-002111036,S-0097,-32.13117754728493,0,3,女性,65,3,12,0.4166666666666667,0,0,21,4592508.716501317,10.09041095890411,7.0
C-000468518,S-0008,-35.06505931879067,0,3,女性,45,10,12,0.3333333333333333,14602,2,22,4498453.308937302,10.772602739726027,7.0
C-001823951,S-0113,-45.96279518886019,0,3,男性,57,4,12,0.25,2836,2,16,4336633.961311346,5.77945205479452,2.5
C-001805318,S-0004,-16.964030810543424,0,3,女性,45,4,12,0.3333333333333333,56290,2,22,4423576.351309,11.806849315068494,9.0
C-002396337,S-0036,-24.107443789352338,0,3,女性,45,2,12,0.3333333333333333,95339,1,19,4397834.424680548,11.123287671232877,9.0
C-001376789,S-0004,-51.485423020324596,1,3,女性,25,6,12,0.0,0,0,22,4423576.351309,11.806849315068494,9.0
C-002290787,S-0111,-24.249696877429738,0,3,女性,52,2,12,0.3333333333333333,14378,2,19,4489501.980758176,6.397260273972603,4.0
C-000062749,S-0019,-100.0,1,3,男性,47,12,12,0.5833333333333334,31728,1,19,4327199.920883598,4.090410958904109,1.0
C-001429377,S-0115,-81.69694476168857,1,3,男性,31,6,12,0.0833333333333333,0,0,14,4553643.099564746,10.51095890410959,7.0
C-000241191,S-0018,-41.963550337334624,0,3,男性,44,11,12,0.0833333333333333,0,0,16,4493108.581950108,7.550684931506849,5.0
C-000855183,S-0012,-86.68830135853139,1,3,男性,53,9,12,0.25,2286,1,16,4444678.825084195,7.994520547945205,5.0
C-000159803,S-0007,-95.25575570754262,1,3,男性,46,12,12,0.3333333333333333,33631,1,21,4487075.727367008,3.7260273972602738,1.0
C-001136413,S-0111,-100.0,1,3,女性,69,7,12,0.25,0,0,19,4489501.980758176,6.397260273972603,4.0
C-000594591,S-0039,-30.733019225383433,0,3,女性,57,10,12,0.1666666666666666,0,0,16,4591288.568998441,8.193150684931506,5.0
C-001139674,S-0072,-26.1399911641764,0,3,女性,57,7,12,0.1666666666666666,4585,1,12,4406797.312641796,9.01917808219178,6.0
C-000637316,S-0102,-100.0,1,3,女性,60,10,12,0.8333333333333334,0,0,16,4383474.364435211,10.484931506849314,7.5
C-000218345,S-0048,-100.0,1,3,女性,61,12,12,0.5833333333333334,0,0,15,4502249.082895545,3.671232876712329,1.0
C-000877602,S-0075,-100.0,1,3,女性,56,9,12,0.4166666666666667,0,0,19,4506647.2743158825,4.526027397260274,1.0
C-000933154,S-0048,-20.717960892451963,0,3,女性,18,8,12,0.0,48712,2,15,4502249.082895545,3.671232876712329,1.0
C-000287843,S-0054,-100.0,1,3,女性,44,11,12,0.1666666666666666,26699,1,23,4489160.181517739,6.358904109589041,4.0
C-000543263,S-0020,-29.521281402494125,0,3,男性,32,10,12,0.25,0,0,16,4280702.057267675,6.986301369863014,3.5
C-002480019,S-0056,-49.97856921745895,1,3,女性,54,1,12,0.1666666666666666,0,0,15,4406070.585753419,7.528767123287671,4.0
C-001345222,S-0036,-86.18055497704951,1,3,男性,68,7,12,0.3333333333333333,1638,1,19,4397834.424680548,11.123287671232877,9.0
C-000844755,S-0040,-53.72087413171356,1,3,女性,51,9,12,0.5,0,0,20,4550116.0180538,8.163013698630138,4.0
C-000271148,S-0111,-19.510997736065665,0,3,女性,66,11,12,0.0833333333333333,2691,1,19,4489501.980758176,6.397260273972603,4.0
C-000716828,S-0099,-13.235649791978016,0,3,男性,33,9,12,0.1666666666666666,5074,1,13,4464126.154078853,8.147945205479452,5.0
C-002632337,S-0018,-21.970812394863096,0,3,男性,88,1,12,0.0,20446,2,16,4493108.581950108,7.550684931506849,5.0
C-000109071,S-0036,-100.0,1,3,女性,27,12,12,0.6666666666666666,0,0,19,4397834.424680548,11.123287671232877,9.0
C-001724533,S-0056,-100.0,1,3,女性,42,5,12,0.25,0,0,15,4406070.585753419,7.528767123287671,4.0
C-000105466,S-0020,-19.917867026550397,0,3,男性,32,12,12,0.25,0,0,16,4280702.057267675,6.986301369863014,3.5
C-002514286,S-0085,-16.86980505502868,0,3,女性,39,1,12,0.3333333333333333,0,0,15,4606655.398026554,4.928767123287671,2.0
C-000954209,S-0059,-30.26322625531117,0,3,男性,46,8,12,0.0833333333333333,0,0,14,4713188.969095345,6.8123287671232875,3.0
C-002452576,S-0111,-13.532209517894861,0,3,女性,55,2,12,0.25,10289,1,19,4489501.980758176,6.397260273972603,4.0
C-001116422,S-0113,-90.28995890049394,1,3,男性,50,8,12,0.25,0,0,16,4336633.961311346,5.77945205479452,2.5
C-001417465,S-0040,-64.347468720509,1,3,男性,44,6,12,0.0833333333333333,9140,1,20,4550116.0180538,8.163013698630138,4.0
C-000829929,S-0074,-67.49103109221366,1,3,男性,41,9,12,0.0833333333333333,29823,1,14,4614054.39694187,8.308219178082192,6.0
C-002453325,S-0113,-17.157951268490304,0,3,男性,48,2,12,0.0,2210,2,16,4336633.961311346,5.77945205479452,2.5
C-000711690,S-0075,-41.34313589888178,0,3,女性,41,9,12,0.8333333333333334,0,0,19,4506647.2743158825,4.526027397260274,1.0
C-001954035,S-0089,-49.597614607537125,1,3,男性,31,4,12,0.25,5175,1,19,4721110.949352573,10.142465753424657,7.0
C-000376886,S-0020,-70.33015913892905,1,3,男性,76,11,12,0.0833333333333333,0,0,16,4280702.057267675,6.986301369863014,3.5
C-001907063,S-0048,-100.0,1,3,男性,32,4,12,0.1666666666666666,25164,1,15,4502249.082895545,3.671232876712329,1.0
C-000834107,S-0089,-100.0,1,3,男性,49,9,12,0.25,5288,2,19,4721110.949352573,10.142465753424657,7.0
C-001173198,S-0012,-54.85908698011941,1,3,女性,48,7,12,0.4166666666666667,1891,1,16,4444678.825084195,7.994520547945205,5.0
C-001466862,S-0048,-33.91106449666522,0,3,女性,32,6,12,0.25,0,0,15,4502249.082895545,3.671232876712329,1.0
C-000128642,S-0041,-21.338771008470715,0,3,男性,59,12,12,0.25,13499,2,17,4828489.286769263,10.389041095890411,7.0
C-001097550,S-0111,-41.626602993086564,0,3,男性,40,8,12,0.5833333333333334,0,0,19,4489501.980758176,6.397260273972603,4.0
C-002327027,S-0002,-28.349168557160294,0,3,女性,60,2,12,0.0833333333333333,0,0,15,4455566.655169959,5.663013698630137,2.0
C-000386760,S-0117,-100.0,1,3,女性,37,11,12,0.1666666666666666,0,0,20,4500859.737076383,9.593150684931507,7.0
C-002158983,S-0072,-63.094320497523995,1,3,男性,42,3,12,0.1666666666666666,1710,2,12,4406797.312641796,9.01917808219178,6.0
C-002139616,S-0079,-61.841558671506306,1,3,男性,75,3,12,0.0833333333333333,23544,1,13,4256656.371085242,8.479452054794521,6.0
C-002557270,S-0018,-100.0,1,3,男性,51,1,12,0.1666666666666666,10993,1,16,4493108.581950108,7.550684931506849,5.0
C-001875278,S-0041,-100.0,1,3,女性,27,4,12,0.3333333333333333,0,0,17,4828489.286769263,10.389041095890411,7.0
C-001433086,S-0100,-11.530327003002947,0,3,女性,56,6,12,0.1666666666666666,49744,2,17,4535925.154217558,4.720547945205479,2.0
C-001757073,S-0054,-57.61078998073218,1,3,女性,48,5,12,0.0833333333333333,0,0,23,4489160.181517739,6.358904109589041,4.0
C-000501574,S-0117,-82.85536805052283,1,3,女性,48,10,12,0.3333333333333333,0,0,20,4500859.737076383,9.593150684931507,7.0
C-000365331,S-0113,-40.7452883612865,0,3,女性,37,11,12,0.1666666666666666,10002,1,16,4336633.961311346,5.77945205479452,2.5
C-001963420,S-0089,-100.0,1,3,男性,55,4,12,0.25,9854,2,19,4721110.949352573,10.142465753424657,7.0
C-000428700,S-0004,-100.0,1,3,女性,42,11,12,0.1666666666666666,11668,1,22,4423576.351309,11.806849315068494,9.0
C-001648412,S-0117,-100.0,1,3,女性,56,5,12,0.0833333333333333,0,0,20,4500859.737076383,9.593150684931507,7.0
C-000067971,S-0097,-26.34532218837416,0,3,女性,37,12,12,0.5833333333333334,72506,1,21,4592508.716501317,10.09041095890411,7.0
C-001620703,S-0113,-41.57912978564573,0,3,女性,47,5,12,0.5833333333333334,1635,1,16,4336633.961311346,5.77945205479452,2.5
C-001448334,S-0048,-44.78619580103445,0,3,女性,56,6,12,0.1666666666666666,22563,1,15,4502249.082895545,3.671232876712329,1.0
C-002654244,S-0074,-17.1073493186367,0,3,男性,48,1,12,0.25,22122,1,14,4614054.39694187,8.308219178082192,6.0
C-000302423,S-0072,-26.847563984596718,0,3,男性,71,11,12,0.8333333333333334,4452,2,12,4406797.312641796,9.01917808219178,6.0
C-001076762,S-0074,-87.38827580809266,1,3,女性,52,8,12,0.3333333333333333,11042,1,14,4614054.39694187,8.308219178082192,6.0
C-000291176,S-0018,-79.81408157784978,1,3,男性,47,11,12,0.0833333333333333,27591,1,16,4493108.581950108,7.550684931506849,5.0
C-001107613,S-0036,-33.11450003343469,0,3,女性,27,8,12,0.3333333333333333,0,0,19,4397834.424680548,11.123287671232877,9.0
C-001359449,S-0072,-29.147073190291845,0,3,女性,59,6,12,0.1666666666666666,0,0,12,4406797.312641796,9.01917808219178,6.0
C-000408708,S-0100,-63.00926871095505,1,3,男性,47,11,12,0.0833333333333333,0,0,17,4535925.154217558,4.720547945205479,2.0
C-002548293,S-0074,-100.0,1,3,女性,65,1,12,0.25,0,0,14,4614054.39694187,8.308219178082192,6.0
C-000539307,S-0048,-100.0,1,3,男性,43,10,12,0.25,0,0,15,4502249.082895545,3.671232876712329,1.0
C-000086799,S-0056,-100.0,1,3,女性,21,12,12,0.1666666666666666,0,0,15,4406070.585753419,7.528767123287671,4.0
C-001468458,S-0072,-32.428946027564095,0,3,女性,51,6,12,0.0833333333333333,0,0,12,4406797.312641796,9.01917808219178,6.0
C-002006256,S-0100,-29.808448760607703,0,3,女性,60,4,12,0.1666666666666666,0,0,17,4535925.154217558,4.720547945205479,2.0
C-002022276,S-0079,-65.25079858413191,1,3,女性,59,4,12,0.4166666666666667,0,0,13,4256656.371085242,8.479452054794521,6.0
C-000146078,S-0126,-37.35518709708114,0,3,女性,48,12,12,0.5833333333333334,10589,1,17,4493168.352495564,5.53972602739726,3.0
C-001967884,S-0096,-52.44403510118454,1,3,男性,32,4,12,0.25,47206,1,16,4644856.458098179,8.302739726027397,5.0
C-002334719,S-0113,-22.33840757021286,0,3,男性,46,2,12,0.4166666666666667,0,0,16,4336633.961311346,5.77945205479452,2.5
C-001423368,S-0080,-62.77059698027846,1,3,男性,39,6,12,0.25,0,0,17,4457429.264950683,11.673972602739726,9.0
C-000328399,S-0030,-27.14981675009181,0,3,男性,55,11,12,0.0,0,0,22,4426478.045479023,9.236986301369862,5.5
C-001931015,S-0004,-39.49913700459179,0,3,男性,39,4,12,0.0833333333333333,5786,1,22,4423576.351309,11.806849315068494,9.0
C-002141446,S-0106,-100.0,1,3,男性,34,3,12,0.5,19091,1,20,4462729.145118021,6.171232876712329,3.5
C-001376087,S-0040,-100.0,1,3,男性,54,6,12,0.1666666666666666,47628,2,20,4550116.0180538,8.163013698630138,4.0
C-001922066,S-0079,-100.0,1,3,男性,44,4,12,0.3333333333333333,0,0,13,4256656.371085242,8.479452054794521,6.0
C-002403061,S-0115,-85.35752638400295,1,3,女性,59,2,12,0.1666666666666666,27490,2,14,4553643.099564746,10.51095890410959,7.0
C-001474775,S-0102,-81.74482267710668,1,3,男性,63,6,12,0.5833333333333334,28078,1,16,4383474.364435211,10.484931506849314,7.5
C-000836903,S-0074,-39.56982953290121,0,3,女性,26,9,12,0.1666666666666666,1836,1,14,4614054.39694187,8.308219178082192,6.0
C-002180577,S-0082,-32.48122412631942,0,3,男性,55,3,12,0.25,15012,1,17,4607261.71451126,4.758904109589041,2.0
C-000415092,S-0117,-98.01182160128963,1,3,女性,42,11,12,0.3333333333333333,9082,1,20,4500859.737076383,9.593150684931507,7.0
C-001922126,S-0056,-100.0,1,3,女性,42,4,12,0.3333333333333333,1875,1,15,4406070.585753419,7.528767123287671,4.0
C-000441886,S-0017,-52.413687480855906,1,3,女性,41,11,12,0.1666666666666666,62718,2,20,4640207.03550726,5.608219178082192,2.5
C-001383056,S-0099,-39.617540389053744,0,3,男性,59,6,12,0.3333333333333333,13078,2,13,4464126.154078853,8.147945205479452,5.0
C-000591175,S-0089,-46.703736820535745,0,3,女性,41,10,12,0.0833333333333333,6000,1,19,4721110.949352573,10.142465753424657,7.0
C-002012566,S-0096,-47.290082016952965,0,3,男性,48,4,12,0.0833333333333333,42508,1,16,4644856.458098179,8.302739726027397,5.0
C-000719649,S-0074,-100.0,1,3,女性,67,9,12,0.25,3154,1,14,4614054.39694187,8.308219178082192,6.0
C-000943614,S-0115,-22.223294500668253,0,3,女性,60,8,12,0.0833333333333333,0,0,14,4553643.099564746,10.51095890410959,7.0
C-002396578,S-0020,-47.19071218795888,0,3,男性,51,2,12,0.0,36819,1,16,4280702.057267675,6.986301369863014,3.5
C-001862034,S-0040,-26.53395085116721,0,3,女性,83,4,12,0.3333333333333333,64750,1,20,4550116.0180538,8.163013698630138,4.0
C-000414576,S-0020,-96.007100710071,1,3,男性,50,11,12,0.75,0,0,16,4280702.057267675,6.986301369863014,3.5
C-001351294,S-0040,-76.92996713258931,1,3,男性,54,6,12,0.25,0,0,20,4550116.0180538,8.163013698630138,4.0
C-001997062,S-0036,-82.27014647645403,1,3,女性,60,4,12,0.25,847,1,19,4397834.424680548,11.123287671232877,9.0
C-000443025,S-0121,-54.80608511820403,1,3,女性,42,11,12,0.0833333333333333,19011,1,14,4716268.25678644,9.856164383561644,7.0
C-000654621,S-0059,-38.05687982903173,0,3,女性,45,10,12,0.6666666666666666,0,0,14,4713188.969095345,6.8123287671232875,3.0
C-001616280,S-0102,-37.88233991495632,0,3,男性,41,5,12,0.25,0,0,16,4383474.364435211,10.484931506849314,7.5
C-000299891,S-0004,-100.0,1,3,女性,32,11,12,0.25,1764,1,22,4423576.351309,11.806849315068494,9.0
C-001485606,S-0012,-0.7246655908056248,0,3,女性,36,6,12,0.4166666666666667,0,0,16,4444678.825084195,7.994520547945205,5.0
C-000387686,S-0004,-98.08672132178727,1,3,女性,71,11,12,0.4166666666666667,0,0,22,4423576.351309,11.806849315068494,9.0
C-000485858,S-0089,-37.90531233254104,0,3,男性,59,10,12,0.4166666666666667,54072,1,19,4721110.949352573,10.142465753424657,7.0
C-001622228,S-0080,-44.442927009319924,0,3,女性,66,5,12,0.0833333333333333,7616,1,17,4457429.264950683,11.673972602739726,9.0
C-000303364,S-0079,-88.47992305842752,1,3,男性,57,11,12,0.3333333333333333,8405,1,13,4256656.371085242,8.479452054794521,6.0
C-001268761,S-0005,-74.69769880930347,1,3,男性,45,7,12,0.1666666666666666,0,0,21,4733942.970761149,4.69041095890411,2.0
C-000581442,S-0099,-58.54644417235645,1,3,女性,37,10,12,0.25,0,0,13,4464126.154078853,8.147945205479452,5.0
C-000011124,S-0097,-46.27183408570259,0,3,女性,43,12,12,0.25,11715,2,21,4592508.716501317,10.09041095890411,7.0
C-002293950,S-0096,-24.742874173620898,0,3,女性,38,2,12,0.1666666666666666,0,0,16,4644856.458098179,8.302739726027397,5.0
C-002578898,S-0039,-7.992545444119502,0,3,女性,47,1,12,0.9166666666666666,0,0,16,4591288.568998441,8.193150684931506,5.0
C-001458747,S-0040,-28.26898347081517,0,3,女性,61,6,12,0.1666666666666666,7840,1,20,4550116.0180538,8.163013698630138,4.0
C-002424878,S-0004,-13.038372741023805,0,3,男性,58,2,12,0.4166666666666667,0,0,22,4423576.351309,11.806849315068494,9.0
C-000267457,S-0111,-23.385068383037204,0,3,女性,23,11,12,0.4166666666666667,12393,1,19,4489501.980758176,6.397260273972603,4.0
C-000334535,S-0041,-100.0,1,3,男性,14,11,12,0.0833333333333333,13561,1,17,4828489.286769263,10.389041095890411,7.0
C-001066920,S-0082,-36.42306289185452,0,3,女性,46,8,12,0.1666666666666666,0,0,17,4607261.71451126,4.758904109589041,2.0
C-002495413,S-0014,-44.05825571147518,0,3,女性,45,1,12,0.1666666666666666,14036,1,21,4730192.353344672,7.336986301369863,4.0
C-000108936,S-0062,-45.21909220457637,0,3,男性,47,12,12,0.0833333333333333,7888,1,15,4713869.782113416,4.575342465753424,1.0
C-001694923,S-0079,-63.60240402051707,1,3,女性,37,5,12,0.25,20756,1,13,4256656.371085242,8.479452054794521,6.0
C-001887476,S-0014,-75.52859724902736,1,3,女性,54,4,12,0.0833333333333333,12498,2,21,4730192.353344672,7.336986301369863,4.0
C-001113569,S-0075,-100.0,1,3,男性,46,8,12,0.1666666666666666,66880,1,19,4506647.2743158825,4.526027397260274,1.0
C-000660178,S-0080,-24.44682159312012,0,3,女性,62,10,12,0.25,26325,1,17,4457429.264950683,11.673972602739726,9.0
C-001755190,S-0111,-100.0,1,3,女性,41,5,12,0.4166666666666667,19394,1,19,4489501.980758176,6.397260273972603,4.0
C-002607127,S-0050,-68.56837035054856,1,3,女性,43,1,12,0.1666666666666666,0,0,20,4615411.181286601,9.2013698630137,6.0
C-001205731,S-0079,-100.0,1,3,男性,34,7,12,0.0,0,0,13,4256656.371085242,8.479452054794521,6.0
C-000244051,S-0056,-53.14448265950382,1,3,女性,57,11,12,0.0833333333333333,0,0,15,4406070.585753419,7.528767123287671,4.0
C-000333667,S-0089,-100.0,1,3,男性,59,11,12,0.0833333333333333,4989,2,19,4721110.949352573,10.142465753424657,7.0
C-001608860,S-0008,-17.716771382394985,0,3,男性,44,5,12,0.0833333333333333,53407,1,22,4498453.308937302,10.772602739726027,7.0
C-002023789,S-0054,-100.0,1,3,女性,43,3,12,0.0833333333333333,0,0,23,4489160.181517739,6.358904109589041,4.0
C-000234472,S-0113,-100.0,1,3,女性,61,11,12,0.0833333333333333,0,0,16,4336633.961311346,5.77945205479452,2.5
C-000473900,S-0115,-38.4410745352676,0,3,女性,37,10,12,0.1666666666666666,0,0,14,4553643.099564746,10.51095890410959,7.0
C-000489020,S-0048,-50.207155419681534,1,3,女性,24,10,12,0.1666666666666666,0,0,15,4502249.082895545,3.671232876712329,1.0
C-001746980,S-0074,-100.0,1,3,男性,37,5,12,0.6666666666666666,3691,2,14,4614054.39694187,8.308219178082192,6.0
C-000578767,S-0007,-57.75159429953678,1,3,女性,25,10,12,0.8333333333333334,90093,1,21,4487075.727367008,3.7260273972602738,1.0
C-000801709,S-0036,-11.613793241582021,0,3,女性,55,9,12,0.0,23244,1,19,4397834.424680548,11.123287671232877,9.0
C-001900804,S-0054,-28.89681668496158,0,3,女性,41,4,12,0.25,9898,1,23,4489160.181517739,6.358904109589041,4.0
C-000134631,S-0115,-65.64628791591002,1,3,女性,38,12,12,0.8333333333333334,5058,1,14,4553643.099564746,10.51095890410959,7.0
C-001532000,S-0030,-23.86677788617751,0,3,男性,42,6,12,0.25,0,0,22,4426478.045479023,9.236986301369862,5.5
C-000911730,S-0074,-49.191264259632064,1,3,女性,45,8,12,0.1666666666666666,3328,1,14,4614054.39694187,8.308219178082192,6.0
C-001727326,S-0014,-100.0,1,3,女性,48,5,12,0.5,7461,1,21,4730192.353344672,7.336986301369863,4.0
C-002669524,S-0072,-88.27915220244797,1,3,男性,31,1,12,0.1666666666666666,7128,2,12,4406797.312641796,9.01917808219178,6.0
C-001654327,S-0117,-98.79523094880773,1,3,女性,73,5,12,0.5833333333333334,4410,1,20,4500859.737076383,9.593150684931507,7.0
C-002029981,S-0005,-42.99596995786774,0,3,男性,74,3,12,0.4166666666666667,0,0,21,4733942.970761149,4.69041095890411,2.0
C-000542933,S-0002,-84.99556081680971,1,3,女性,46,10,12,0.0833333333333333,0,0,15,4455566.655169959,5.663013698630137,2.0
C-000265658,S-0041,-59.730746818139735,1,3,女性,57,11,12,0.0,141910,1,17,4828489.286769263,10.389041095890411,7.0
C-002413593,S-0074,-77.99229281174195,1,3,女性,29,2,12,0.25,12018,2,14,4614054.39694187,8.308219178082192,6.0
C-001131407,S-0115,-64.05094115338896,1,3,女性,44,7,12,0.25,1741,2,14,4553643.099564746,10.51095890410959,7.0
C-001890903,S-0096,-80.8444452061838,1,3,女性,67,4,12,0.4166666666666667,13132,2,16,4644856.458098179,8.302739726027397,5.0
C-002016638,S-0004,-100.0,1,3,女性,40,4,12,0.1666666666666666,0,0,22,4423576.351309,11.806849315068494,9.0
C-001927474,S-0002,-16.291439805859557,0,3,女性,50,4,12,0.1666666666666666,5258,1,15,4455566.655169959,5.663013698630137,2.0
C-000669478,S-0048,-86.5120592347874,1,3,女性,59,10,12,0.1666666666666666,15095,1,15,4502249.082895545,3.671232876712329,1.0
C-000950361,S-0012,-100.0,1,3,女性,55,8,12,0.1666666666666666,0,0,16,4444678.825084195,7.994520547945205,5.0
C-000993426,S-0117,-28.830288725957132,0,3,男性,44,8,12,0.5,24611,1,20,4500859.737076383,9.593150684931507,7.0
C-002624630,S-0111,-41.83636953052968,0,3,男性,58,1,12,0.3333333333333333,0,0,19,4489501.980758176,6.397260273972603,4.0
C-000805732,S-0062,-12.786008099905889,0,3,女性,35,9,12,0.8333333333333334,40081,1,15,4713869.782113416,4.575342465753424,1.0
C-000299428,S-0040,-100.0,1,3,男性,35,11,12,0.0,1958,1,20,4550116.0180538,8.163013698630138,4.0
C-001873870,S-0072,-60.41446381954276,1,3,男性,52,4,12,0.5,0,0,12,4406797.312641796,9.01917808219178,6.0
C-001989256,S-0080,-100.0,1,3,男性,69,4,12,0.1666666666666666,0,0,17,4457429.264950683,11.673972602739726,9.0
C-001056099,S-0040,-51.158014382336056,1,3,男性,67,8,12,0.3333333333333333,20477,1,20,4550116.0180538,8.163013698630138,4.0
C-001939843,S-0040,-97.79039385826263,1,3,女性,33,4,12,0.5,2757,2,20,4550116.0180538,8.163013698630138,4.0
C-000360253,S-0080,-59.535437824783834,1,3,男性,42,11,12,0.1666666666666666,9585,1,17,4457429.264950683,11.673972602739726,9.0
C-001585982,S-0039,-45.99621303037576,0,3,女性,36,5,12,0.3333333333333333,22231,2,16,4591288.568998441,8.193150684931506,5.0
C-000286236,S-0048,-100.0,1,3,女性,51,11,12,0.5,0,0,15,4502249.082895545,3.671232876712329,1.0
C-000451507,S-0131,-27.619859920929578,0,3,男性,36,11,12,0.3333333333333333,18851,1,17,4569023.5643747775,5.13972602739726,2.0
C-002630794,S-0106,-100.0,1,3,男性,37,1,12,0.0,49028,2,20,4462729.145118021,6.171232876712329,3.5
C-000990109,S-0050,-66.52277608859383,1,3,女性,37,8,12,0.1666666666666666,119760,1,20,4615411.181286601,9.2013698630137,6.0
C-000067731,S-0102,-56.72409767941355,1,3,女性,26,12,12,0.5833333333333334,10454,2,16,4383474.364435211,10.484931506849314,7.5
C-000993728,S-0115,-40.98703604760272,0,3,女性,49,8,12,0.25,0,0,14,4553643.099564746,10.51095890410959,7.0
C-001193701,S-0040,-37.48440492716442,0,3,女性,59,7,12,0.1666666666666666,0,0,20,4550116.0180538,8.163013698630138,4.0
C-001158380,S-0014,-100.0,1,3,女性,53,7,12,0.1666666666666666,0,0,21,4730192.353344672,7.336986301369863,4.0
C-001869039,S-0004,-100.0,1,3,女性,69,4,12,0.0,0,0,22,4423576.351309,11.806849315068494,9.0
C-002125339,S-0099,-56.32396080700845,1,3,男性,43,3,12,0.5833333333333334,34489,1,13,4464126.154078853,8.147945205479452,5.0
C-002314652,S-0089,-18.89286755611795,0,3,男性,52,2,12,0.25,44614,2,19,4721110.949352573,10.142465753424657,7.0
C-000562074,S-0080,-14.929671484532689,0,3,女性,40,10,12,0.1666666666666666,903,1,17,4457429.264950683,11.673972602739726,9.0
C-000942844,S-0115,-21.986162402020174,0,3,女性,47,8,12,0.25,99908,2,14,4553643.099564746,10.51095890410959,7.0
C-000468366,S-0099,-19.75417567082256,0,3,男性,63,10,12,0.1666666666666666,32134,2,13,4464126.154078853,8.147945205479452,5.0
C-000611878,S-0097,-31.501796030273777,0,3,女性,59,10,12,0.4166666666666667,14066,1,21,4592508.716501317,10.09041095890411,7.0
C-001202261,S-0050,-17.266215111605554,0,3,男性,39,7,12,0.1666666666666666,0,0,20,4615411.181286601,9.2013698630137,6.0
C-002381262,S-0074,-63.48176557745895,1,3,女性,40,2,12,0.4166666666666667,17840,2,14,4614054.39694187,8.308219178082192,6.0
C-002431355,S-0082,-85.46523243220508,1,3,女性,36,2,12,0.4166666666666667,0,0,17,4607261.71451126,4.758904109589041,2.0
C-000253038,S-0097,-18.937960073109732,0,3,男性,42,11,12,0.3333333333333333,0,0,21,4592508.716501317,10.09041095890411,7.0
C-002035566,S-0072,-79.55006841251154,1,3,男性,60,3,12,0.1666666666666666,4364,2,12,4406797.312641796,9.01917808219178,6.0
C-001468137,S-0079,-36.75344340159355,0,3,男性,56,6,12,0.25,21302,1,13,4256656.371085242,8.479452054794521,6.0
C-001898995,S-0099,-54.37850358605828,1,3,女性,65,4,12,0.0,23057,1,13,4464126.154078853,8.147945205479452,5.0
C-000026070,S-0040,-34.04723472175881,0,3,男性,57,12,12,0.25,0,0,20,4550116.0180538,8.163013698630138,4.0
C-001530096,S-0080,-62.19321848074887,1,3,男性,18,6,12,0.25,14403,1,17,4457429.264950683,11.673972602739726,9.0
C-000474249,S-0097,-43.9257577361835,0,3,女性,62,10,12,0.25,0,0,21,4592508.716501317,10.09041095890411,7.0
C-001766641,S-0097,-80.2778463963487,1,3,男性,79,5,12,0.3333333333333333,40102,1,21,4592508.716501317,10.09041095890411,7.0
C-001606329,S-0113,-100.0,1,3,男性,60,5,12,0.3333333333333333,0,0,16,4336633.961311346,5.77945205479452,2.5
C-002244828,S-0036,-100.0,1,3,女性,54,3,12,0.4166666666666667,1508,2,19,4397834.424680548,11.123287671232877,9.0
C-001510267,S-0004,-42.04257110215862,0,3,女性,67,6,12,0.25,49021,1,22,4423576.351309,11.806849315068494,9.0
C-000644233,S-0004,-99.51094853935962,1,3,女性,69,10,12,0.0,22200,2,22,4423576.351309,11.806849315068494,9.0
C-001210956,S-0089,-52.81773366850576,1,3,女性,27,7,12,0.5,0,0,19,4721110.949352573,10.142465753424657,7.0
C-001206901,S-0072,-54.041201197271796,1,3,女性,54,7,12,0.1666666666666666,3234,2,12,4406797.312641796,9.01917808219178,6.0
C-001376007,S-0079,-71.60629197539325,1,3,男性,52,6,12,0.0,0,0,13,4256656.371085242,8.479452054794521,6.0
C-002516924,S-0115,-99.05517995472256,1,3,女性,20,1,12,0.0833333333333333,0,0,14,4553643.099564746,10.51095890410959,7.0
C-001449957,S-0072,-100.0,1,3,女性,52,6,12,0.25,0,0,12,4406797.312641796,9.01917808219178,6.0
C-000069686,S-0048,-78.54144761744543,1,3,女性,42,12,12,0.0833333333333333,0,0,15,4502249.082895545,3.671232876712329,1.0
C-000858570,S-0117,-43.94967297654235,0,3,女性,64,9,12,0.0833333333333333,5251,1,20,4500859.737076383,9.593150684931507,7.0
C-000053503,S-0074,-72.6835091398959,1,3,女性,60,12,12,0.1666666666666666,8047,2,14,4614054.39694187,8.308219178082192,6.0
C-001592110,S-0020,-2.2668355393892505,0,3,女性,34,5,12,0.25,0,0,16,4280702.057267675,6.986301369863014,3.5
C-001232854,S-0039,-18.52989261099535,0,3,女性,36,7,12,0.4166666666666667,57498,1,16,4591288.568998441,8.193150684931506,5.0
C-002032334,S-0050,-38.696791768247316,0,3,女性,38,3,12,0.4166666666666667,0,0,20,4615411.181286601,9.2013698630137,6.0
C-001540342,S-0102,-33.690841786353154,0,3,女性,47,6,12,0.3333333333333333,34730,1,16,4383474.364435211,10.484931506849314,7.5
C-000759839,S-0040,-56.51166879892317,1,3,女性,32,9,12,0.1666666666666666,1749,1,20,4550116.0180538,8.163013698630138,4.0
C-000085650,S-0080,-18.905405610541017,0,3,女性,53,12,12,0.1666666666666666,0,0,17,4457429.264950683,11.673972602739726,9.0
C-002439209,S-0054,-100.0,1,3,女性,22,2,12,0.3333333333333333,0,0,23,4489160.181517739,6.358904109589041,4.0
C-001561233,S-0005,-100.0,1,3,女性,49,6,12,0.0833333333333333,5521,1,21,4733942.970761149,4.69041095890411,2.0
C-001665691,S-0040,-56.416202844774276,1,3,女性,32,5,12,0.0833333333333333,43469,1,20,4550116.0180538,8.163013698630138,4.0
C-001613075,S-0004,-100.0,1,3,女性,59,5,12,0.3333333333333333,0,0,22,4423576.351309,11.806849315068494,9.0
C-002224084,S-0018,-24.587299159754583,0,3,女性,59,3,12,0.0833333333333333,3773,2,16,4493108.581950108,7.550684931506849,5.0
C-001514917,S-0040,-21.49051669921552,0,3,女性,53,6,12,0.0833333333333333,0,0,20,4550116.0180538,8.163013698630138,4.0
C-001080063,S-0080,-53.14076511045028,1,3,女性,44,8,12,0.1666666666666666,0,0,17,4457429.264950683,11.673972602739726,9.0
C-000805058,S-0082,-18.83822735509022,0,3,女性,77,9,12,0.1666666666666666,17441,1,17,4607261.71451126,4.758904109589041,2.0
C-000683351,S-0004,-18.321390848885937,0,3,女性,60,9,12,0.0833333333333333,218202,1,22,4423576.351309,11.806849315068494,9.0
C-002032989,S-0007,-81.72071396941104,1,3,男性,47,3,12,0.5833333333333334,0,0,21,4487075.727367008,3.7260273972602738,1.0
C-000711865,S-0117,-100.0,1,3,女性,35,9,12,0.0,0,0,20,4500859.737076383,9.593150684931507,7.0
C-002266055,S-0040,-76.30983805129425,1,3,男性,41,2,12,0.0,59145,1,20,4550116.0180538,8.163013698630138,4.0
C-001759955,S-0050,-10.400851365732528,0,3,女性,52,5,12,0.25,2906,2,20,4615411.181286601,9.2013698630137,6.0
C-000019583,S-0019,-10.790857329664641,0,3,女性,58,12,12,0.3333333333333333,52260,2,19,4327199.920883598,4.090410958904109,1.0
C-000533186,S-0097,-86.75481378734321,1,3,男性,39,10,12,0.0833333333333333,0,0,21,4592508.716501317,10.09041095890411,7.0
C-001810732,S-0111,-100.0,1,3,女性,31,4,12,0.3333333333333333,3948,1,19,4489501.980758176,6.397260273972603,4.0
C-000888352,S-0002,-100.0,1,3,男性,52,9,12,0.0833333333333333,44659,1,15,4455566.655169959,5.663013698630137,2.0
C-001730475,S-0113,-100.0,1,3,男性,54,5,12,0.3333333333333333,0,0,16,4336633.961311346,5.77945205479452,2.5
C-002158025,S-0121,-100.0,1,3,女性,43,3,12,0.1666666666666666,0,0,14,4716268.25678644,9.856164383561644,7.0
C-001367940,S-0007,-82.83909362123089,1,3,女性,58,6,12,0.0833333333333333,36408,2,21,4487075.727367008,3.7260273972602738,1.0
C-002265842,S-0074,-28.507764791000938,0,3,女性,46,2,12,0.25,26321,2,14,4614054.39694187,8.308219178082192,6.0
C-000021366,S-0096,-100.0,1,3,男性,47,12,12,0.5833333333333334,0,0,16,4644856.458098179,8.302739726027397,5.0
C-000916891,S-0113,-42.43022750479636,0,3,女性,41,8,12,0.3333333333333333,0,0,16,4336633.961311346,5.77945205479452,2.5
C-001600699,S-0036,-43.977723673868454,0,3,男性,60,5,12,0.4166666666666667,29254,2,19,4397834.424680548,11.123287671232877,9.0
C-002151971,S-0072,-54.03478863608689,1,3,男性,32,3,12,0.0,47642,2,12,4406797.312641796,9.01917808219178,6.0
C-001184469,S-0096,-100.0,1,3,男性,22,7,12,0.0833333333333333,0,0,16,4644856.458098179,8.302739726027397,5.0
C-000159579,S-0099,-18.180838892445834,0,3,女性,41,12,12,0.3333333333333333,21158,2,13,4464126.154078853,8.147945205479452,5.0
C-001454247,S-0036,-48.659715327753744,0,3,男性,54,6,12,0.1666666666666666,3935,1,19,4397834.424680548,11.123287671232877,9.0
C-001915090,S-0039,-31.79248088107613,0,3,男性,60,4,12,0.3333333333333333,69737,1,16,4591288.568998441,8.193150684931506,5.0
C-001781633,S-0117,-22.358639368087687,0,3,男性,41,5,12,0.5,37772,2,20,4500859.737076383,9.593150684931507,7.0
C-000222720,S-0039,-100.0,1,3,女性,49,12,12,0.3333333333333333,12724,2,16,4591288.568998441,8.193150684931506,5.0
C-002280735,S-0059,-27.418830487856034,0,3,女性,57,2,12,0.4166666666666667,2175,1,14,4713188.969095345,6.8123287671232875,3.0
C-001648005,S-0082,-29.16721270851849,0,3,女性,72,5,12,0.0833333333333333,7367,1,17,4607261.71451126,4.758904109589041,2.0
C-000633834,S-0056,-21.024227399246417,0,3,男性,34,10,12,0.3333333333333333,48636,1,15,4406070.585753419,7.528767123287671,4.0
C-001862116,S-0017,-100.0,1,3,女性,42,4,12,0.4166666666666667,0,0,20,4640207.03550726,5.608219178082192,2.5
C-001990778,S-0097,-34.60961976243605,0,3,女性,53,4,12,0.25,0,0,21,4592508.716501317,10.09041095890411,7.0
C-001776357,S-0002,-31.01609143725731,0,3,女性,42,5,12,0.5,0,0,15,4455566.655169959,5.663013698630137,2.0
C-001836187,S-0121,-27.89671483802922,0,3,女性,51,4,12,0.75,0,0,14,4716268.25678644,9.856164383561644,7.0
C-000893617,S-0041,-19.524567293020013,0,3,男性,51,9,12,0.3333333333333333,15155,1,17,4828489.286769263,10.389041095890411,7.0
C-000505307,S-0080,-39.474508858623594,0,3,女性,42,10,12,0.3333333333333333,6423,2,17,4457429.264950683,11.673972602739726,9.0
C-002581629,S-0079,-100.0,1,3,女性,79,1,12,0.1666666666666666,0,0,13,4256656.371085242,8.479452054794521,6.0
C-001320661,S-0039,-100.0,1,3,男性,42,7,12,0.25,6256,2,16,4591288.568998441,8.193150684931506,5.0
C-001435522,S-0072,-100.0,1,3,女性,45,6,12,0.0,766,1,12,4406797.312641796,9.01917808219178,6.0
C-000058630,S-0018,-35.7976888374225,0,3,女性,55,12,12,0.1666666666666666,41311,1,16,4493108.581950108,7.550684931506849,5.0
C-000165154,S-0017,-100.0,1,3,女性,32,12,12,0.25,0,0,20,4640207.03550726,5.608219178082192,2.5
C-000373316,S-0036,-99.39012137287999,1,3,男性,45,11,12,0.25,0,0,19,4397834.424680548,11.123287671232877,9.0
C-002608145,S-0019,-18.57095709570957,0,3,女性,40,1,12,0.6666666666666666,11736,1,19,4327199.920883598,4.090410958904109,1.0
C-002097352,S-0041,-100.0,1,3,女性,76,3,12,0.1666666666666666,0,0,17,4828489.286769263,10.389041095890411,7.0
C-002655716,S-0097,-80.24074414396584,1,3,女性,47,1,12,0.3333333333333333,1203,1,21,4592508.716501317,10.09041095890411,7.0
C-000679393,S-0048,-100.0,1,3,男性,60,9,12,0.25,0,0,15,4502249.082895545,3.671232876712329,1.0
C-002304846,S-0075,-29.4169590224577,0,3,男性,56,2,12,0.4166666666666667,0,0,19,4506647.2743158825,4.526027397260274,1.0
C-002094563,S-0131,-27.366488881089197,0,3,女性,66,3,12,0.1666666666666666,0,0,17,4569023.5643747775,5.13972602739726,2.0
C-002140319,S-0004,-100.0,1,3,女性,44,3,12,0.0833333333333333,11722,2,22,4423576.351309,11.806849315068494,9.0
C-000023485,S-0074,-44.12468898173795,0,3,女性,46,12,12,0.1666666666666666,0,0,14,4614054.39694187,8.308219178082192,6.0
C-001663681,S-0099,-100.0,1,3,男性,32,5,12,0.0833333333333333,2418,1,13,4464126.154078853,8.147945205479452,5.0
C-001370427,S-0117,-85.39546342706652,1,3,女性,40,6,12,0.25,0,0,20,4500859.737076383,9.593150684931507,7.0
C-001006710,S-0089,-44.453043857004054,0,3,女性,34,8,12,0.4166666666666667,15810,2,19,4721110.949352573,10.142465753424657,7.0
C-001088096,S-0075,-26.639904871026022,0,3,女性,54,8,12,0.1666666666666666,53293,2,19,4506647.2743158825,4.526027397260274,1.0
C-000420221,S-0050,-46.30200580295193,0,3,男性,43,11,12,0.1666666666666666,3192,2,20,4615411.181286601,9.2013698630137,6.0
C-002551543,S-0017,-61.819682928413066,1,3,男性,24,1,12,0.6666666666666666,0,0,20,4640207.03550726,5.608219178082192,2.5
C-001081503,S-0096,-100.0,1,3,男性,32,8,12,0.6666666666666666,0,0,16,4644856.458098179,8.302739726027397,5.0
C-001774341,S-0012,-100.0,1,3,女性,47,5,12,0.0833333333333333,0,0,16,4444678.825084195,7.994520547945205,5.0
C-001920676,S-0020,-13.98369136808357,0,3,男性,54,4,12,0.5,7410,1,16,4280702.057267675,6.986301369863014,3.5
C-002480848,S-0014,-100.0,1,3,女性,47,1,12,0.5,3172,2,21,4730192.353344672,7.336986301369863,4.0
C-000393651,S-0079,-44.5497588738377,0,3,女性,46,11,12,0.3333333333333333,0,0,13,4256656.371085242,8.479452054794521,6.0
C-000168649,S-0040,-100.0,1,3,男性,52,12,12,0.5,0,0,20,4550116.0180538,8.163013698630138,4.0
C-001191519,S-0030,-28.984505683691285,0,3,男性,43,7,12,0.3333333333333333,0,0,22,4426478.045479023,9.236986301369862,5.5
C-000153448,S-0079,-93.91689079409956,1,3,女性,46,12,12,0.3333333333333333,4522,1,13,4256656.371085242,8.479452054794521,6.0
C-001523474,S-0056,-100.0,1,3,女性,54,6,12,0.0833333333333333,6812,2,15,4406070.585753419,7.528767123287671,4.0
C-001163649,S-0089,-90.61219004099186,1,3,男性,54,7,12,0.3333333333333333,0,0,19,4721110.949352573,10.142465753424657,7.0
C-001878714,S-0096,-100.0,1,3,女性,38,4,12,0.4166666666666667,0,0,16,4644856.458098179,8.302739726027397,5.0
C-002560195,S-0113,-42.780047283693804,0,3,男性,46,1,12,0.0833333333333333,1995,2,16,4336633.961311346,5.77945205479452,2.5
C-001404891,S-0080,-100.0,1,3,女性,64,6,12,0.0833333333333333,0,0,17,4457429.264950683,11.673972602739726,9.0
C-000198559,S-0002,-57.02245609205183,1,3,男性,80,12,12,0.75,0,0,15,4455566.655169959,5.663013698630137,2.0
C-002347583,S-0102,-100.0,1,3,男性,38,2,12,0.1666666666666666,0,0,16,4383474.364435211,10.484931506849314,7.5
C-000600796,S-0099,-48.52159694781306,0,3,女性,40,10,12,0.1666666666666666,0,0,13,4464126.154078853,8.147945205479452,5.0
C-001085442,S-0097,-69.49610173824131,1,3,女性,45,8,12,0.1666666666666666,3941,2,21,4592508.716501317,10.09041095890411,7.0
C-001860950,S-0111,-9.809196500030264,0,3,女性,68,4,12,0.25,0,0,19,4489501.980758176,6.397260273972603,4.0
C-001454787,S-0040,-28.356453842201624,0,3,女性,38,6,12,0.4166666666666667,9100,2,20,4550116.0180538,8.163013698630138,4.0
C-001135177,S-0115,-61.16461849487768,1,3,男性,48,7,12,0.0833333333333333,38554,1,14,4553643.099564746,10.51095890410959,7.0
C-000250764,S-0089,-100.0,1,3,女性,73,11,12,0.25,0,0,19,4721110.949352573,10.142465753424657,7.0
C-001386707,S-0097,-36.50220178099619,0,3,男性,66,6,12,0.1666666666666666,18048,1,21,4592508.716501317,10.09041095890411,7.0
C-002565656,S-0048,-100.0,1,3,女性,43,1,12,0.0833333333333333,45025,1,15,4502249.082895545,3.671232876712329,1.0
C-000526109,S-0018,-94.1720638587517,1,3,女性,62,10,12,0.25,42045,1,16,4493108.581950108,7.550684931506849,5.0
C-000857649,S-0012,-69.84983912890151,1,3,女性,42,9,12,0.1666666666666666,11215,2,16,4444678.825084195,7.994520547945205,5.0
C-000618352,S-0036,-64.87901626338754,1,3,女性,45,10,12,0.0,8790,2,19,4397834.424680548,11.123287671232877,9.0
C-001398890,S-0102,-38.554717017847125,0,3,女性,36,6,12,0.3333333333333333,1718,2,16,4383474.364435211,10.484931506849314,7.5
C-001032980,S-0106,-30.50683766276255,0,3,男性,45,8,12,0.1666666666666666,20293,1,20,4462729.145118021,6.171232876712329,3.5
C-002578458,S-0008,-100.0,1,3,女性,41,1,12,0.5,0,0,22,4498453.308937302,10.772602739726027,7.0
C-002109623,S-0126,-100.0,1,3,女性,68,3,12,0.0833333333333333,25839,1,17,4493168.352495564,5.53972602739726,3.0
C-000884279,S-0113,-28.477130861399687,0,3,男性,54,9,12,0.4166666666666667,10543,2,16,4336633.961311346,5.77945205479452,2.5
C-000111514,S-0099,-92.08261968844303,1,3,女性,35,12,12,0.0833333333333333,0,0,13,4464126.154078853,8.147945205479452,5.0
C-001680596,S-0113,-63.1402570645739,1,3,女性,44,5,12,0.4166666666666667,20294,1,16,4336633.961311346,5.77945205479452,2.5
C-002426178,S-0018,-100.0,1,3,女性,31,2,12,0.25,0,0,16,4493108.581950108,7.550684931506849,5.0
C-000167649,S-0099,-100.0,1,3,男性,37,12,12,0.5,0,0,13,4464126.154078853,8.147945205479452,5.0
C-000905460,S-0097,-100.0,1,3,女性,62,8,12,0.1666666666666666,15013,2,21,4592508.716501317,10.09041095890411,7.0
C-000374422,S-0121,-100.0,1,3,女性,55,11,12,0.3333333333333333,0,0,14,4716268.25678644,9.856164383561644,7.0
C-001270900,S-0040,-100.0,1,3,女性,58,7,12,0.1666666666666666,0,0,20,4550116.0180538,8.163013698630138,4.0
C-000247024,S-0004,-100.0,1,3,女性,35,11,12,0.4166666666666667,0,0,22,4423576.351309,11.806849315068494,9.0
C-000967731,S-0059,-35.472787622757444,0,3,男性,54,8,12,0.25,40244,1,14,4713188.969095345,6.8123287671232875,3.0
C-000814265,S-0126,-53.49648079046092,1,3,男性,36,9,12,0.1666666666666666,0,0,17,4493168.352495564,5.53972602739726,3.0
C-000397414,S-0007,-96.3580501330136,1,3,女性,75,11,12,0.6666666666666666,0,0,21,4487075.727367008,3.7260273972602738,1.0
C-002512203,S-0113,-40.557043145075454,0,3,男性,72,1,12,0.0,6341,1,16,4336633.961311346,5.77945205479452,2.5
C-001260771,S-0074,-62.588705971901845,1,3,女性,54,7,12,0.25,26677,1,14,4614054.39694187,8.308219178082192,6.0
C-000130972,S-0072,-51.95188806031014,1,3,女性,37,12,12,0.0833333333333333,5194,1,12,4406797.312641796,9.01917808219178,6.0
C-001509676,S-0106,-99.03317820147124,1,3,女性,43,6,12,0.25,33372,1,20,4462729.145118021,6.171232876712329,3.5
C-000577905,S-0074,-100.0,1,3,男性,54,10,12,0.0833333333333333,64390,1,14,4614054.39694187,8.308219178082192,6.0
C-002359764,S-0102,-24.887244498841564,0,3,男性,43,2,12,0.25,19356,2,16,4383474.364435211,10.484931506849314,7.5
C-000273115,S-0096,-79.66331044115935,1,3,男性,51,11,12,0.25,198305,1,16,4644856.458098179,8.302739726027397,5.0
C-000098914,S-0102,-100.0,1,3,女性,43,12,12,0.25,27817,2,16,4383474.364435211,10.484931506849314,7.5
C-001756133,S-0007,-24.246459622827818,0,3,男性,36,5,12,0.0,0,0,21,4487075.727367008,3.7260273972602738,1.0
C-001097101,S-0117,-78.5720309680031,1,3,女性,52,8,12,0.25,14357,2,20,4500859.737076383,9.593150684931507,7.0
C-000632749,S-0080,-100.0,1,3,男性,65,10,12,0.25,0,0,17,4457429.264950683,11.673972602739726,9.0
C-000260114,S-0113,-100.0,1,3,男性,36,11,12,0.5,9474,1,16,4336633.961311346,5.77945205479452,2.5
C-002387686,S-0085,-22.22998536720408,0,3,女性,51,2,12,0.0833333333333333,17873,1,15,4606655.398026554,4.928767123287671,2.0
C-001431226,S-0106,-56.38875368153581,1,3,女性,34,6,12,0.0833333333333333,18317,1,20,4462729.145118021,6.171232876712329,3.5
C-000100016,S-0056,-26.125914219559704,0,3,女性,20,12,12,0.4166666666666667,4878,1,15,4406070.585753419,7.528767123287671,4.0
C-001162333,S-0039,-36.99149268133973,0,3,女性,47,7,12,0.3333333333333333,10331,1,16,4591288.568998441,8.193150684931506,5.0
C-002692920,S-0080,-100.0,1,3,男性,35,1,12,0.0,1655,2,17,4457429.264950683,11.673972602739726,9.0
C-001204680,S-0099,-50.931043315547484,1,3,女性,49,7,12,0.1666666666666666,0,0,13,4464126.154078853,8.147945205479452,5.0
C-000957798,S-0099,-100.0,1,3,女性,43,8,12,0.1666666666666666,0,0,13,4464126.154078853,8.147945205479452,5.0
C-002364063,S-0117,-100.0,1,3,女性,64,2,12,0.1666666666666666,0,0,20,4500859.737076383,9.593150684931507,7.0
C-001368423,S-0121,-100.0,1,3,女性,40,6,12,0.25,40334,1,14,4716268.25678644,9.856164383561644,7.0
C-002065520,S-0131,-19.785879465657676,0,3,男性,41,3,12,0.1666666666666666,0,0,17,4569023.5643747775,5.13972602739726,2.0
C-000507156,S-0056,-38.55381820541102,0,3,男性,30,10,12,0.6666666666666666,0,0,15,4406070.585753419,7.528767123287671,4.0
C-000567693,S-0072,-53.301173741358156,1,3,女性,42,10,12,0.1666666666666666,5986,2,12,4406797.312641796,9.01917808219178,6.0
C-001484094,S-0030,-18.690186112152418,0,3,女性,47,6,12,0.4166666666666667,18021,2,22,4426478.045479023,9.236986301369862,5.5
C-000504515,S-0099,-50.886224818847445,1,3,男性,51,10,12,0.1666666666666666,4909,2,13,4464126.154078853,8.147945205479452,5.0
C-001704289,S-0020,-76.46997363358675,1,3,女性,51,5,12,0.0833333333333333,0,0,16,4280702.057267675,6.986301369863014,3.5
C-000203288,S-0018,-16.923963816098397,0,3,男性,35,12,12,0.1666666666666666,0,0,16,4493108.581950108,7.550684931506849,5.0
C-000705563,S-0074,-100.0,1,3,女性,56,9,12,0.0,12391,1,14,4614054.39694187,8.308219178082192,6.0
C-001677463,S-0050,-33.795532511063975,0,3,女性,42,5,12,0.75,7318,2,20,4615411.181286601,9.2013698630137,6.0
C-001358973,S-0056,-52.32454396890597,1,3,男性,47,6,12,0.1666666666666666,15810,2,15,4406070.585753419,7.528767123287671,4.0
C-000651551,S-0002,-35.41801329701279,0,3,女性,61,10,12,0.25,64538,2,15,4455566.655169959,5.663013698630137,2.0
C-001402859,S-0117,-59.5804169081541,1,3,女性,51,6,12,0.3333333333333333,78656,1,20,4500859.737076383,9.593150684931507,7.0
C-002071348,S-0115,-47.84529771477421,0,3,男性,60,3,12,0.3333333333333333,4848,1,14,4553643.099564746,10.51095890410959,7.0
C-002412336,S-0017,-34.04748572467981,0,3,女性,32,2,12,0.0833333333333333,22827,2,20,4640207.03550726,5.608219178082192,2.5
C-001507484,S-0072,-37.62104567185433,0,3,男性,26,6,12,0.1666666666666666,27758,2,12,4406797.312641796,9.01917808219178,6.0
C-000537631,S-0075,-56.76249472872952,1,3,女性,22,10,12,0.4166666666666667,0,0,19,4506647.2743158825,4.526027397260274,1.0
C-001435328,S-0050,-38.24170972533496,0,3,女性,32,6,12,0.1666666666666666,45676,1,20,4615411.181286601,9.2013698630137,6.0
C-001057175,S-0121,-7.843839130015919,0,3,女性,18,8,12,0.25,0,0,14,4716268.25678644,9.856164383561644,7.0
C-001632843,S-0039,-84.50829264355755,1,3,女性,32,5,12,0.1666666666666666,45579,1,16,4591288.568998441,8.193150684931506,5.0
C-000782720,S-0012,-98.43206627259782,1,3,女性,84,9,12,0.0833333333333333,19179,1,16,4444678.825084195,7.994520547945205,5.0
C-002179389,S-0007,-47.92099666732329,0,3,男性,45,3,12,0.25,0,0,21,4487075.727367008,3.7260273972602738,1.0
C-002360867,S-0117,-65.71883520364365,1,3,女性,43,2,12,0.3333333333333333,0,0,20,4500859.737076383,9.593150684931507,7.0
C-002131046,S-0075,-30.12456023256251,0,3,女性,52,3,12,0.1666666666666666,17392,2,19,4506647.2743158825,4.526027397260274,1.0
C-001794997,S-0036,-15.757250723700345,0,3,男性,58,5,12,0.1666666666666666,0,0,19,4397834.424680548,11.123287671232877,9.0
C-000159787,S-0050,-25.614830087366684,0,3,男性,54,12,12,0.5833333333333334,12904,1,20,4615411.181286601,9.2013698630137,6.0
C-001098297,S-0012,-100.0,1,3,男性,34,8,12,0.1666666666666666,0,0,16,4444678.825084195,7.994520547945205,5.0
C-000882416,S-0099,-47.20132463061504,0,3,男性,50,9,12,0.25,0,0,13,4464126.154078853,8.147945205479452,5.0
C-001457758,S-0072,-60.257118128096465,1,3,女性,48,6,12,0.3333333333333333,0,0,12,4406797.312641796,9.01917808219178,6.0
C-001925477,S-0040,-98.5939646889883,1,3,男性,48,4,12,0.25,11758,1,20,4550116.0180538,8.163013698630138,4.0
C-002041367,S-0048,-92.01582967103298,1,3,女性,42,3,12,0.75,29094,1,15,4502249.082895545,3.671232876712329,1.0
C-000399845,S-0085,-6.423646585138056,0,3,女性,58,11,12,0.6666666666666666,0,0,15,4606655.398026554,4.928767123287671,2.0
C-000629088,S-0111,-62.297362250025486,1,3,男性,59,10,12,0.25,45064,1,19,4489501.980758176,6.397260273972603,4.0
C-000224425,S-0126,-27.16187318023673,0,3,女性,57,12,12,0.1666666666666666,22207,2,17,4493168.352495564,5.53972602739726,3.0
C-001050068,S-0017,-69.0207398052998,1,3,女性,31,8,12,0.3333333333333333,1646,1,20,4640207.03550726,5.608219178082192,2.5
C-001258126,S-0080,-100.0,1,3,男性,22,7,12,0.0833333333333333,0,0,17,4457429.264950683,11.673972602739726,9.0
C-001210285,S-0113,-20.6337496568762,0,3,女性,34,7,12,0.0833333333333333,6437,2,16,4336633.961311346,5.77945205479452,2.5
C-000761870,S-0007,-29.46409768999879,0,3,女性,53,9,12,0.1666666666666666,4536,1,21,4487075.727367008,3.7260273972602738,1.0
C-002533981,S-0113,-96.16095732114427,1,3,男性,27,1,12,0.1666666666666666,11353,1,16,4336633.961311346,5.77945205479452,2.5
C-001955552,S-0002,-45.04061142760449,0,3,女性,56,4,12,0.5833333333333334,47738,2,15,4455566.655169959,5.663013698630137,2.0
C-002026101,S-0056,-81.10471353980402,1,3,男性,29,3,12,0.1666666666666666,24661,1,15,4406070.585753419,7.528767123287671,4.0
C-000966261,S-0018,-100.0,1,3,女性,26,8,12,0.25,0,0,16,4493108.581950108,7.550684931506849,5.0
C-000884030,S-0004,-89.22119701629724,1,3,女性,26,9,12,0.1666666666666666,0,0,22,4423576.351309,11.806849315068494,9.0
C-001143334,S-0102,-100.0,1,3,男性,69,7,12,0.1666666666666666,0,0,16,4383474.364435211,10.484931506849314,7.5
C-002433126,S-0041,-32.5603082632735,0,3,男性,48,2,12,0.3333333333333333,0,0,17,4828489.286769263,10.389041095890411,7.0
C-002522801,S-0096,-63.12956919885659,1,3,女性,56,1,12,0.0833333333333333,36530,1,16,4644856.458098179,8.302739726027397,5.0
C-001745917,S-0020,-62.692249018819254,1,3,男性,43,5,12,0.1666666666666666,12086,1,16,4280702.057267675,6.986301369863014,3.5
C-001308426,S-0012,-56.075806470914394,1,3,女性,53,7,12,0.1666666666666666,19309,2,16,4444678.825084195,7.994520547945205,5.0
C-001273253,S-0121,-11.664512252389631,0,3,女性,55,7,12,0.0,21411,1,14,4716268.25678644,9.856164383561644,7.0
C-001411714,S-0012,-100.0,1,3,女性,42,6,12,0.3333333333333333,10719,1,16,4444678.825084195,7.994520547945205,5.0
C-002557388,S-0005,-13.417553158976942,0,3,女性,73,1,12,0.8333333333333334,0,0,21,4733942.970761149,4.69041095890411,2.0
C-002122190,S-0019,-25.511955621430747,0,3,女性,31,3,12,0.3333333333333333,0,0,19,4327199.920883598,4.090410958904109,1.0
C-001677696,S-0004,-30.180051209476204,0,3,男性,59,5,12,0.3333333333333333,29508,1,22,4423576.351309,11.806849315068494,9.0
C-000936413,S-0036,-100.0,1,3,男性,52,8,12,0.1666666666666666,20173,1,19,4397834.424680548,11.123287671232877,9.0
C-000881095,S-0062,-21.44251334693227,0,3,男性,65,9,12,0.5833333333333334,6490,1,15,4713869.782113416,4.575342465753424,1.0
C-001889548,S-0100,-58.696045333976365,1,3,女性,59,4,12,0.5,13596,2,17,4535925.154217558,4.720547945205479,2.0
C-000767508,S-0002,-61.92845915451728,1,3,男性,55,9,12,0.25,7317,2,15,4455566.655169959,5.663013698630137,2.0
C-001697251,S-0115,-40.60438001970561,0,3,女性,80,5,12,0.3333333333333333,0,0,14,4553643.099564746,10.51095890410959,7.0
C-001287526,S-0041,-55.29917828545307,1,3,女性,37,7,12,0.25,57741,2,17,4828489.286769263,10.389041095890411,7.0
C-002613169,S-0117,-49.996661324786324,1,3,女性,57,1,12,0.3333333333333333,0,0,20,4500859.737076383,9.593150684931507,7.0
C-002094175,S-0017,-47.789299198821254,0,3,女性,58,3,12,0.0833333333333333,13537,1,20,4640207.03550726,5.608219178082192,2.5
C-000457981,S-0056,-40.53796508857799,0,3,女性,54,10,12,0.25,0,0,15,4406070.585753419,7.528767123287671,4.0
C-000724225,S-0082,-100.0,1,3,男性,23,9,12,0.0833333333333333,0,0,17,4607261.71451126,4.758904109589041,2.0
C-001088563,S-0079,-66.3538967049241,1,3,男性,56,8,12,0.1666666666666666,2896,1,13,4256656.371085242,8.479452054794521,6.0
C-001502947,S-0020,-33.56684049860086,0,3,女性,51,6,12,0.1666666666666666,0,0,16,4280702.057267675,6.986301369863014,3.5
C-000492326,S-0059,-36.86211296423529,0,3,女性,41,10,12,0.5833333333333334,4055,1,14,4713188.969095345,6.8123287671232875,3.0
C-000745383,S-0072,-85.3388345260698,1,3,男性,88,9,12,0.3333333333333333,3467,1,12,4406797.312641796,9.01917808219178,6.0
C-000047115,S-0020,-40.69606007301065,0,3,女性,18,12,12,0.25,0,0,16,4280702.057267675,6.986301369863014,3.5
C-001560202,S-0056,-61.87156804986531,1,3,女性,62,6,12,0.3333333333333333,7921,2,15,4406070.585753419,7.528767123287671,4.0
C-001476550,S-0080,-55.82603112974292,1,3,男性,47,6,12,0.3333333333333333,14020,2,17,4457429.264950683,11.673972602739726,9.0
C-002400406,S-0113,-100.0,1,3,男性,57,2,12,0.25,0,0,16,4336633.961311346,5.77945205479452,2.5
C-002082011,S-0099,-91.50733965478669,1,3,女性,26,3,12,0.4166666666666667,0,0,13,4464126.154078853,8.147945205479452,5.0
C-001798921,S-0014,-34.9338233028258,0,3,女性,54,5,12,0.1666666666666666,21919,1,21,4730192.353344672,7.336986301369863,4.0
C-001234975,S-0018,-68.06590990191634,1,3,女性,44,7,12,0.0833333333333333,0,0,16,4493108.581950108,7.550684931506849,5.0
C-001822233,S-0079,-59.805194420237015,1,3,女性,48,4,12,0.0833333333333333,0,0,13,4256656.371085242,8.479452054794521,6.0
C-001365959,S-0099,-46.564681166884995,0,3,女性,45,6,12,0.1666666666666666,6945,2,13,4464126.154078853,8.147945205479452,5.0
C-000154227,S-0115,-32.014278754433654,0,3,男性,43,12,12,0.25,7647,2,14,4553643.099564746,10.51095890410959,7.0
C-000672831,S-0115,-75.27249319781248,1,3,女性,44,10,12,0.1666666666666666,108067,1,14,4553643.099564746,10.51095890410959,7.0
C-002552734,S-0036,-98.71302412406664,1,3,女性,59,1,12,0.1666666666666666,0,0,19,4397834.424680548,11.123287671232877,9.0
C-000887981,S-0054,-7.9590740727935705,0,3,男性,42,9,12,0.5,0,0,23,4489160.181517739,6.358904109589041,4.0
C-002437267,S-0030,-30.76760051985776,0,3,男性,52,2,12,0.3333333333333333,3418,2,22,4426478.045479023,9.236986301369862,5.5
C-001170558,S-0056,-31.168278398256604,0,3,女性,27,7,12,0.25,0,0,15,4406070.585753419,7.528767123287671,4.0
C-000999628,S-0097,-18.968326354628747,0,3,男性,67,8,12,0.0833333333333333,0,0,21,4592508.716501317,10.09041095890411,7.0
C-000211106,S-0121,-17.41263007071875,0,3,男性,48,12,12,0.0833333333333333,14867,1,14,4716268.25678644,9.856164383561644,7.0
C-001686162,S-0099,-100.0,1,3,女性,63,5,12,0.1666666666666666,0,0,13,4464126.154078853,8.147945205479452,5.0
C-000407384,S-0012,-45.99931318681318,0,3,女性,60,11,12,0.25,71681,2,16,4444678.825084195,7.994520547945205,5.0
C-002509005,S-0012,-52.92624649276741,1,3,女性,76,1,12,0.5,610,1,16,4444678.825084195,7.994520547945205,5.0
C-001466009,S-0121,-100.0,1,3,女性,43,6,12,0.0,16872,1,14,4716268.25678644,9.856164383561644,7.0
C-000027634,S-0012,-100.0,1,3,女性,40,12,12,0.0833333333333333,0,0,16,4444678.825084195,7.994520547945205,5.0
C-000039285,S-0079,-30.556338531828338,0,3,女性,58,12,12,0.3333333333333333,2301,2,13,4256656.371085242,8.479452054794521,6.0
C-000692724,S-0079,-100.0,1,3,男性,62,9,12,0.25,0,0,13,4256656.371085242,8.479452054794521,6.0
C-001952784,S-0040,-100.0,1,3,男性,47,4,12,0.0833333333333333,0,0,20,4550116.0180538,8.163013698630138,4.0
C-002311790,S-0002,-20.859045858392403,0,3,女性,33,2,12,0.4166666666666667,8520,1,15,4455566.655169959,5.663013698630137,2.0
C-000704272,S-0117,-69.60160501099362,1,3,男性,54,9,12,0.25,6012,1,20,4500859.737076383,9.593150684931507,7.0
C-002418464,S-0117,-62.01786640405111,1,3,男性,51,2,12,0.0,18148,1,20,4500859.737076383,9.593150684931507,7.0
C-002498806,S-0039,-16.421870875473275,0,3,女性,51,1,12,0.1666666666666666,0,0,16,4591288.568998441,8.193150684931506,5.0
C-000494192,S-0115,-37.399762180301884,0,3,女性,44,10,12,0.1666666666666666,0,0,14,4553643.099564746,10.51095890410959,7.0
C-002193208,S-0004,-30.28043363234769,0,3,男性,43,3,12,0.5,23013,2,22,4423576.351309,11.806849315068494,9.0
C-002049683,S-0002,-11.767315678021253,0,3,男性,47,3,12,0.25,29520,2,15,4455566.655169959,5.663013698630137,2.0
C-001508882,S-0054,-36.1824071766758,0,3,男性,45,6,12,0.0,0,0,23,4489160.181517739,6.358904109589041,4.0
C-000056906,S-0121,-57.458036798651804,1,3,女性,42,12,12,0.3333333333333333,0,0,14,4716268.25678644,9.856164383561644,7.0
C-001573144,S-0096,-86.32496927894717,1,3,女性,52,6,12,0.25,0,0,16,4644856.458098179,8.302739726027397,5.0
C-000666300,S-0014,-83.61946297562508,1,3,女性,37,10,12,0.0,0,0,21,4730192.353344672,7.336986301369863,4.0
C-000841217,S-0097,-21.146773470358948,0,3,男性,37,9,12,0.0,0,0,21,4592508.716501317,10.09041095890411,7.0
C-000009885,S-0117,-100.0,1,3,男性,52,12,12,0.4166666666666667,11721,1,20,4500859.737076383,9.593150684931507,7.0
C-001372958,S-0056,-49.24411358221484,1,3,女性,43,6,12,0.0833333333333333,24550,2,15,4406070.585753419,7.528767123287671,4.0
C-002238391,S-0018,-23.20715572494883,0,3,男性,55,3,12,0.25,5769,1,16,4493108.581950108,7.550684931506849,5.0
C-001037012,S-0041,-30.511283351342367,0,3,女性,36,8,12,0.25,5343,1,17,4828489.286769263,10.389041095890411,7.0
C-002414871,S-0080,-67.34488677118557,1,3,女性,33,2,12,0.25,104852,1,17,4457429.264950683,11.673972602739726,9.0
C-002664748,S-0056,-81.58444480154266,1,3,男性,29,1,12,0.0,0,0,15,4406070.585753419,7.528767123287671,4.0
C-001212687,S-0062,-25.50436386453956,0,3,女性,36,7,12,0.25,14330,1,15,4713869.782113416,4.575342465753424,1.0
C-002644081,S-0113,-55.654899542675096,1,3,男性,52,1,12,0.1666666666666666,7558,1,16,4336633.961311346,5.77945205479452,2.5
C-000419060,S-0040,-47.20658630568293,0,3,男性,57,11,12,0.25,0,0,20,4550116.0180538,8.163013698630138,4.0
C-001626507,S-0007,-29.834133513181737,0,3,男性,36,5,12,0.5833333333333334,106127,2,21,4487075.727367008,3.7260273972602738,1.0
C-000806564,S-0020,-100.0,1,3,男性,48,9,12,0.6666666666666666,0,0,16,4280702.057267675,6.986301369863014,3.5
C-000915674,S-0121,-25.162792857474543,0,3,男性,41,8,12,0.25,0,0,14,4716268.25678644,9.856164383561644,7.0
C-001902212,S-0056,-18.741371163163002,0,3,女性,57,4,12,0.1666666666666666,7857,1,15,4406070.585753419,7.528767123287671,4.0
C-002389595,S-0012,-81.23107541403085,1,3,男性,67,2,12,0.0833333333333333,0,0,16,4444678.825084195,7.994520547945205,5.0
C-001366233,S-0111,-56.30316011671944,1,3,女性,78,6,12,0.6666666666666666,25001,2,19,4489501.980758176,6.397260273972603,4.0
C-000260146,S-0020,-29.74792604060102,0,3,男性,34,11,12,0.3333333333333333,27673,1,16,4280702.057267675,6.986301369863014,3.5
C-002104866,S-0072,-100.0,1,3,男性,50,3,12,0.1666666666666666,0,0,12,4406797.312641796,9.01917808219178,6.0
C-002049368,S-0096,-22.03701467476309,0,3,女性,47,3,12,0.1666666666666666,0,0,16,4644856.458098179,8.302739726027397,5.0
C-002461641,S-0039,-27.402031250215348,0,3,女性,31,2,12,0.1666666666666666,26834,1,16,4591288.568998441,8.193150684931506,5.0
C-000323872,S-0102,-100.0,1,3,男性,49,11,12,0.0833333333333333,0,0,16,4383474.364435211,10.484931506849314,7.5
C-002454722,S-0050,-55.5816921498461,1,3,男性,53,2,12,0.1666666666666666,0,0,20,4615411.181286601,9.2013698630137,6.0
C-002075006,S-0079,-100.0,1,3,女性,61,3,12,0.25,106861,1,13,4256656.371085242,8.479452054794521,6.0
C-002019388,S-0082,-17.053076789307628,0,3,女性,51,4,12,0.0,0,0,17,4607261.71451126,4.758904109589041,2.0
C-000296079,S-0106,-68.63795703886338,1,3,女性,37,11,12,0.5833333333333334,0,0,20,4462729.145118021,6.171232876712329,3.5
C-002101253,S-0020,-21.64078678817874,0,3,男性,52,3,12,0.3333333333333333,37876,1,16,4280702.057267675,6.986301369863014,3.5
C-001478295,S-0017,-100.0,1,3,女性,51,6,12,0.5833333333333334,0,0,20,4640207.03550726,5.608219178082192,2.5
C-001080706,S-0097,-28.468542419983173,0,3,男性,49,8,12,0.0833333333333333,5674,2,21,4592508.716501317,10.09041095890411,7.0
C-002628066,S-0085,-18.983851957762944,0,3,女性,36,1,12,0.0833333333333333,6374,1,15,4606655.398026554,4.928767123287671,2.0
C-000344976,S-0115,-63.11842481377895,1,3,女性,47,11,12,0.1666666666666666,20655,1,14,4553643.099564746,10.51095890410959,7.0
C-000461582,S-0039,-100.0,1,3,女性,35,10,12,0.1666666666666666,0,0,16,4591288.568998441,8.193150684931506,5.0
C-001446730,S-0004,-75.63125354917659,1,3,女性,42,6,12,0.0833333333333333,0,0,22,4423576.351309,11.806849315068494,9.0
C-002420471,S-0096,-71.34018861865346,1,3,男性,47,2,12,0.5,0,0,16,4644856.458098179,8.302739726027397,5.0
C-002290560,S-0072,-86.07704004054739,1,3,女性,45,2,12,0.25,35324,1,12,4406797.312641796,9.01917808219178,6.0
C-001674608,S-0004,-56.98577637536345,1,3,男性,35,5,12,0.25,0,0,22,4423576.351309,11.806849315068494,9.0
C-001970701,S-0012,-48.71278393897874,0,3,女性,44,4,12,0.25,18188,1,16,4444678.825084195,7.994520547945205,5.0
C-002589500,S-0072,-43.985392357709095,0,3,女性,31,1,12,0.0833333333333333,5110,1,12,4406797.312641796,9.01917808219178,6.0
C-000493825,S-0040,-100.0,1,3,女性,49,10,12,0.5833333333333334,0,0,20,4550116.0180538,8.163013698630138,4.0
C-002031314,S-0050,-47.82114001106807,0,3,女性,48,3,12,0.1666666666666666,0,0,20,4615411.181286601,9.2013698630137,6.0
C-001288970,S-0117,-89.8633019632076,1,3,女性,43,7,12,0.1666666666666666,11059,1,20,4500859.737076383,9.593150684931507,7.0
C-001295582,S-0018,-55.534105759562195,1,3,女性,59,7,12,0.1666666666666666,0,0,16,4493108.581950108,7.550684931506849,5.0
C-001357233,S-0008,-100.0,1,3,男性,34,6,12,0.4166666666666667,0,0,22,4498453.308937302,10.772602739726027,7.0
C-000832611,S-0030,-18.21581604911741,0,3,女性,69,9,12,0.0833333333333333,0,0,22,4426478.045479023,9.236986301369862,5.5
C-001526881,S-0050,-30.005146237110182,0,3,女性,56,6,12,0.1666666666666666,11240,1,20,4615411.181286601,9.2013698630137,6.0
C-000767529,S-0007,-54.13582252007363,1,3,男性,35,9,12,0.6666666666666666,20126,1,21,4487075.727367008,3.7260273972602738,1.0
C-000437075,S-0113,-30.901548050886422,0,3,男性,42,11,12,0.1666666666666666,127265,2,16,4336633.961311346,5.77945205479452,2.5
C-001231426,S-0106,-100.0,1,3,女性,52,7,12,0.5,0,0,20,4462729.145118021,6.171232876712329,3.5
C-002601791,S-0113,-17.299800452980154,0,3,男性,55,1,12,0.1666666666666666,0,0,16,4336633.961311346,5.77945205479452,2.5
C-000220402,S-0096,-22.5204196264116,0,3,男性,63,12,12,0.0833333333333333,25540,2,16,4644856.458098179,8.302739726027397,5.0
C-002601681,S-0096,-26.716128670445556,0,3,女性,43,1,12,0.1666666666666666,13656,2,16,4644856.458098179,8.302739726027397,5.0
C-000802406,S-0075,-12.964268667464976,0,3,女性,39,9,12,0.5,21449,1,19,4506647.2743158825,4.526027397260274,1.0
C-001250541,S-0017,-7.2421245463116986,0,3,男性,34,7,12,0.0833333333333333,4099,2,20,4640207.03550726,5.608219178082192,2.5
C-002688734,S-0036,-36.97523412782945,0,3,男性,35,1,12,0.0,0,0,19,4397834.424680548,11.123287671232877,9.0
C-000091547,S-0018,-100.0,1,3,男性,43,12,12,0.25,1256,1,16,4493108.581950108,7.550684931506849,5.0
C-001773847,S-0089,-72.39251255430797,1,3,女性,39,5,12,0.3333333333333333,9742,2,19,4721110.949352573,10.142465753424657,7.0
C-001299845,S-0082,-42.38546765463013,0,3,男性,52,7,12,0.3333333333333333,12883,1,17,4607261.71451126,4.758904109589041,2.0
C-001779480,S-0111,-100.0,1,3,女性,31,5,12,0.4166666666666667,15733,2,19,4489501.980758176,6.397260273972603,4.0
C-000759823,S-0039,-100.0,1,3,男性,53,9,12,0.0833333333333333,0,0,16,4591288.568998441,8.193150684931506,5.0
C-002114607,S-0014,-100.0,1,3,女性,60,3,12,0.0833333333333333,8224,1,21,4730192.353344672,7.336986301369863,4.0
C-001180241,S-0072,-23.662507845790817,0,3,女性,49,7,12,0.0833333333333333,69557,1,12,4406797.312641796,9.01917808219178,6.0
C-000696521,S-0036,-23.74043870010974,0,3,女性,73,9,12,0.3333333333333333,31186,1,19,4397834.424680548,11.123287671232877,9.0
C-001645426,S-0063,-12.484560373855304,0,3,男性,25,5,12,0.0,19254,2,18,4564012.176421695,5.749315068493151,3.0
C-000990750,S-0056,-48.42057009501583,0,3,男性,39,8,12,0.25,0,0,15,4406070.585753419,7.528767123287671,4.0
C-002081538,S-0082,-39.185201817831064,0,3,女性,54,3,12,0.1666666666666666,5715,1,17,4607261.71451126,4.758904109589041,2.0
C-000595722,S-0099,-23.315716272600834,0,3,女性,41,10,12,0.3333333333333333,12800,1,13,4464126.154078853,8.147945205479452,5.0
C-002134170,S-0115,-100.0,1,3,女性,21,3,12,0.0833333333333333,12609,1,14,4553643.099564746,10.51095890410959,7.0
C-001925703,S-0039,-100.0,1,3,女性,68,4,12,0.1666666666666666,0,0,16,4591288.568998441,8.193150684931506,5.0
C-000338863,S-0056,-54.228424332746236,1,3,男性,57,11,12,0.3333333333333333,36349,1,15,4406070.585753419,7.528767123287671,4.0
C-002196078,S-0079,-100.0,1,3,女性,50,3,12,0.1666666666666666,53675,2,13,4256656.371085242,8.479452054794521,6.0
C-000816211,S-0007,-37.337996670341084,0,3,男性,24,9,12,0.6666666666666666,0,0,21,4487075.727367008,3.7260273972602738,1.0
C-002443069,S-0050,-23.840602090411092,0,3,女性,69,2,12,0.0833333333333333,66871,1,20,4615411.181286601,9.2013698630137,6.0
C-002141018,S-0117,-100.0,1,3,女性,38,3,12,0.3333333333333333,0,0,20,4500859.737076383,9.593150684931507,7.0
C-001338746,S-0074,-100.0,1,3,女性,41,7,12,0.0833333333333333,11973,1,14,4614054.39694187,8.308219178082192,6.0
C-000141669,S-0099,-19.631350565318442,0,3,女性,46,12,12,0.1666666666666666,21991,1,13,4464126.154078853,8.147945205479452,5.0
C-002009211,S-0097,-30.50428576039395,0,3,女性,68,4,12,0.0833333333333333,19289,2,21,4592508.716501317,10.09041095890411,7.0
C-002030180,S-0020,-29.48647040474761,0,3,男性,46,3,12,0.5833333333333334,0,0,16,4280702.057267675,6.986301369863014,3.5
C-000575672,S-0050,-100.0,1,3,女性,41,10,12,0.1666666666666666,0,0,20,4615411.181286601,9.2013698630137,6.0
C-002333188,S-0012,-100.0,1,3,女性,48,2,12,0.25,9099,1,16,4444678.825084195,7.994520547945205,5.0
C-001213706,S-0018,-46.823576123880535,0,3,女性,32,7,12,0.5,2606,2,16,4493108.581950108,7.550684931506849,5.0
C-002129058,S-0063,-72.45011244271114,1,3,女性,50,3,12,0.5,13244,1,18,4564012.176421695,5.749315068493151,3.0
C-002273306,S-0036,-41.59800209970413,0,3,女性,41,2,12,0.25,11224,2,19,4397834.424680548,11.123287671232877,9.0
C-000559482,S-0096,-92.35534574131351,1,3,女性,84,10,12,0.0,25668,1,16,4644856.458098179,8.302739726027397,5.0
C-001288981,S-0039,-22.330536809306782,0,3,女性,62,7,12,0.6666666666666666,0,0,16,4591288.568998441,8.193150684931506,5.0
C-002659384,S-0121,-100.0,1,3,女性,38,1,12,0.25,0,0,14,4716268.25678644,9.856164383561644,7.0
C-000371158,S-0074,-100.0,1,3,女性,48,11,12,0.25,22763,2,14,4614054.39694187,8.308219178082192,6.0
C-001137402,S-0121,-20.643984325147493,0,3,男性,20,7,12,0.4166666666666667,7269,2,14,4716268.25678644,9.856164383561644,7.0
C-000355346,S-0017,-14.518658676086535,0,3,男性,40,11,12,0.5833333333333334,6256,2,20,4640207.03550726,5.608219178082192,2.5
C-002021332,S-0072,-100.0,1,3,男性,37,4,12,0.1666666666666666,0,0,12,4406797.312641796,9.01917808219178,6.0
C-002464638,S-0113,-14.101089796562913,0,3,女性,18,2,12,0.0,0,0,16,4336633.961311346,5.77945205479452,2.5
C-001622079,S-0117,-26.244732899912183,0,3,女性,50,5,12,0.3333333333333333,0,0,20,4500859.737076383,9.593150684931507,7.0
C-002449884,S-0117,-100.0,1,3,男性,55,2,12,0.0,0,0,20,4500859.737076383,9.593150684931507,7.0
C-001304113,S-0050,-27.325919809405203,0,3,男性,66,7,12,0.0833333333333333,25054,1,20,4615411.181286601,9.2013698630137,6.0
C-000251377,S-0056,-100.0,1,3,男性,46,11,12,0.3333333333333333,0,0,15,4406070.585753419,7.528767123287671,4.0
C-001027602,S-0020,-100.0,1,3,女性,60,8,12,0.0833333333333333,0,0,16,4280702.057267675,6.986301369863014,3.5
C-000391507,S-0072,-40.71219203905288,0,3,女性,50,11,12,0.1666666666666666,29831,2,12,4406797.312641796,9.01917808219178,6.0
C-000530695,S-0121,-53.53134716129308,1,3,男性,36,10,12,0.6666666666666666,2793,1,14,4716268.25678644,9.856164383561644,7.0
C-000239766,S-0014,-37.067451424002854,0,3,男性,25,11,12,0.25,0,0,21,4730192.353344672,7.336986301369863,4.0
C-002595584,S-0113,-61.29959153335008,1,3,男性,70,1,12,0.0833333333333333,25814,1,16,4336633.961311346,5.77945205479452,2.5
C-002353596,S-0074,-95.37901747956019,1,3,男性,66,2,12,0.25,0,0,14,4614054.39694187,8.308219178082192,6.0
C-001090188,S-0121,-28.299619467254157,0,3,男性,48,8,12,0.6666666666666666,0,0,14,4716268.25678644,9.856164383561644,7.0
C-002561815,S-0014,-100.0,1,3,女性,49,1,12,0.0833333333333333,5954,1,21,4730192.353344672,7.336986301369863,4.0
C-002395654,S-0100,-47.0466801042983,0,3,女性,60,2,12,0.3333333333333333,2826,1,17,4535925.154217558,4.720547945205479,2.0
C-001648969,S-0036,-60.99598868698819,1,3,女性,71,5,12,0.1666666666666666,10824,2,19,4397834.424680548,11.123287671232877,9.0
C-001155255,S-0017,-45.647792230678576,0,3,女性,66,7,12,0.25,0,0,20,4640207.03550726,5.608219178082192,2.5
C-000012217,S-0074,-44.25185875058208,0,3,男性,36,12,12,0.4166666666666667,0,0,14,4614054.39694187,8.308219178082192,6.0
C-000362742,S-0097,-37.84406272740018,0,3,男性,25,11,12,0.25,0,0,21,4592508.716501317,10.09041095890411,7.0
C-002358700,S-0056,-12.650119858543185,0,3,男性,38,2,12,0.8333333333333334,0,0,15,4406070.585753419,7.528767123287671,4.0
C-001905468,S-0111,-46.80502584554624,0,3,男性,52,4,12,0.0833333333333333,62313,1,19,4489501.980758176,6.397260273972603,4.0
C-000927272,S-0115,-100.0,1,3,女性,45,8,12,0.25,0,0,14,4553643.099564746,10.51095890410959,7.0
C-002587365,S-0106,-100.0,1,3,女性,42,1,12,0.1666666666666666,0,0,20,4462729.145118021,6.171232876712329,3.5
C-001707133,S-0111,-36.27353303318827,0,3,女性,42,5,12,0.1666666666666666,0,0,19,4489501.980758176,6.397260273972603,4.0
C-000786743,S-0054,-100.0,1,3,女性,58,9,12,0.3333333333333333,5363,1,23,4489160.181517739,6.358904109589041,4.0
C-001196036,S-0080,-73.71191577604084,1,3,女性,45,7,12,0.4166666666666667,17740,1,17,4457429.264950683,11.673972602739726,9.0
C-002571106,S-0102,-23.354590722460035,0,3,男性,43,1,12,0.25,2866,2,16,4383474.364435211,10.484931506849314,7.5
C-000748136,S-0113,-25.00105628744539,0,3,男性,53,9,12,0.3333333333333333,0,0,16,4336633.961311346,5.77945205479452,2.5
C-000504775,S-0012,-64.21569403753267,1,3,女性,40,10,12,0.25,0,0,16,4444678.825084195,7.994520547945205,5.0
C-000561665,S-0004,-45.72040954627358,0,3,女性,54,10,12,0.6666666666666666,41357,1,22,4423576.351309,11.806849315068494,9.0
C-001239171,S-0097,-46.45724508050089,0,3,女性,41,7,12,0.25,0,0,21,4592508.716501317,10.09041095890411,7.0
C-001763941,S-0099,-10.71652533587925,0,3,女性,71,5,12,0.1666666666666666,21356,2,13,4464126.154078853,8.147945205479452,5.0
C-001116713,S-0115,-67.39503230720094,1,3,男性,74,8,12,0.1666666666666666,10448,2,14,4553643.099564746,10.51095890410959,7.0
C-001188104,S-0018,-44.60303545848007,0,3,女性,37,7,12,0.1666666666666666,1873,1,16,4493108.581950108,7.550684931506849,5.0
C-000143447,S-0074,-53.028571428571425,1,3,女性,39,12,12,0.1666666666666666,1210,2,14,4614054.39694187,8.308219178082192,6.0
C-000293615,S-0099,-100.0,1,3,男性,36,11,12,0.1666666666666666,9237,2,13,4464126.154078853,8.147945205479452,5.0
C-001511294,S-0056,-100.0,1,3,男性,32,6,12,0.1666666666666666,30381,1,15,4406070.585753419,7.528767123287671,4.0
C-001349525,S-0020,-11.053377145598079,0,3,女性,36,7,12,0.5,38591,1,16,4280702.057267675,6.986301369863014,3.5
C-000067554,S-0079,-20.689171614362454,0,3,女性,43,12,12,0.4166666666666667,9180,2,13,4256656.371085242,8.479452054794521,6.0
C-001094471,S-0096,-100.0,1,3,女性,59,8,12,0.3333333333333333,0,0,16,4644856.458098179,8.302739726027397,5.0
C-002148876,S-0007,-22.04810843291395,0,3,女性,53,3,12,0.0833333333333333,13786,1,21,4487075.727367008,3.7260273972602738,1.0
C-000296548,S-0079,-100.0,1,3,女性,45,11,12,0.3333333333333333,12712,2,13,4256656.371085242,8.479452054794521,6.0
C-001408092,S-0008,-93.0131550427664,1,3,男性,49,6,12,0.4166666666666667,0,0,22,4498453.308937302,10.772602739726027,7.0
C-000838253,S-0017,-50.59191541700175,1,3,女性,59,9,12,0.1666666666666666,26485,2,20,4640207.03550726,5.608219178082192,2.5
C-001930734,S-0062,-4.768974879534281,0,3,女性,58,4,12,0.6666666666666666,0,0,15,4713869.782113416,4.575342465753424,1.0
C-001828540,S-0008,-100.0,1,3,男性,57,4,12,0.25,64833,1,22,4498453.308937302,10.772602739726027,7.0
C-001717271,S-0075,-31.061901362859185,0,3,男性,39,5,12,0.25,11930,1,19,4506647.2743158825,4.526027397260274,1.0
C-000175141,S-0089,-38.67139308107012,0,3,女性,41,12,12,0.3333333333333333,0,0,19,4721110.949352573,10.142465753424657,7.0
C-000183848,S-0106,-39.060748743850944,0,3,女性,77,12,12,0.0833333333333333,70466,1,20,4462729.145118021,6.171232876712329,3.5
C-002163283,S-0017,-27.975614170672074,0,3,女性,34,3,12,0.3333333333333333,4269,1,20,4640207.03550726,5.608219178082192,2.5
C-002619367,S-0131,-63.9529981611876,1,3,男性,52,1,12,0.5833333333333334,9442,1,17,4569023.5643747775,5.13972602739726,2.0
C-000778551,S-0102,-44.05307397937869,0,3,女性,79,9,12,0.1666666666666666,0,0,16,4383474.364435211,10.484931506849314,7.5
C-002546497,S-0062,-100.0,1,3,女性,53,1,12,0.0833333333333333,0,0,15,4713869.782113416,4.575342465753424,1.0
C-000939070,S-0072,-74.86928014164776,1,3,男性,50,8,12,0.3333333333333333,8273,2,12,4406797.312641796,9.01917808219178,6.0
C-001866694,S-0002,-100.0,1,3,男性,68,4,12,0.25,0,0,15,4455566.655169959,5.663013698630137,2.0
C-002387977,S-0056,-84.76077640067756,1,3,女性,28,2,12,0.25,3420,2,15,4406070.585753419,7.528767123287671,4.0
C-002269477,S-0048,-79.0847142635899,1,3,男性,68,2,12,0.3333333333333333,0,0,15,4502249.082895545,3.671232876712329,1.0
C-000000964,S-0007,-100.0,1,3,女性,38,13,12,0.25,25137,1,21,4487075.727367008,3.7260273972602738,1.0
C-001404819,S-0117,-100.0,1,3,男性,48,6,12,0.6666666666666666,31499,1,20,4500859.737076383,9.593150684931507,7.0
C-001777435,S-0008,-32.45896113923133,0,3,女性,45,5,12,0.25,189741,2,22,4498453.308937302,10.772602739726027,7.0
C-002119616,S-0014,-70.19882969892082,1,3,男性,17,3,12,0.4166666666666667,8679,2,21,4730192.353344672,7.336986301369863,4.0
C-002167959,S-0099,-23.615665759154165,0,3,女性,52,3,12,0.1666666666666666,0,0,13,4464126.154078853,8.147945205479452,5.0
C-001369730,S-0096,-100.0,1,3,女性,50,6,12,0.3333333333333333,0,0,16,4644856.458098179,8.302739726027397,5.0
C-000974039,S-0020,-100.0,1,3,女性,70,8,12,0.0833333333333333,0,0,16,4280702.057267675,6.986301369863014,3.5
C-000062831,S-0002,-100.0,1,3,女性,47,12,12,0.0833333333333333,0,0,15,4455566.655169959,5.663013698630137,2.0
C-001384037,S-0080,-100.0,1,3,男性,39,6,12,0.5,0,0,17,4457429.264950683,11.673972602739726,9.0
C-001478542,S-0012,-72.42437441895238,1,3,女性,31,6,12,0.1666666666666666,0,0,16,4444678.825084195,7.994520547945205,5.0
C-002422059,S-0111,-100.0,1,3,女性,49,2,12,0.0833333333333333,6416,1,19,4489501.980758176,6.397260273972603,4.0
C-000267205,S-0041,-21.217006234583486,0,3,女性,55,11,12,0.3333333333333333,58560,1,17,4828489.286769263,10.389041095890411,7.0
C-001599949,S-0012,-76.76264480144921,1,3,男性,33,5,12,0.4166666666666667,12972,2,16,4444678.825084195,7.994520547945205,5.0
C-000752701,S-0036,-100.0,1,3,男性,66,9,12,0.5833333333333334,0,0,19,4397834.424680548,11.123287671232877,9.0
C-002070893,S-0121,-100.0,1,3,男性,21,3,12,0.4166666666666667,5209,2,14,4716268.25678644,9.856164383561644,7.0
C-001375975,S-0113,-74.37093313636524,1,3,女性,70,6,12,0.0833333333333333,0,0,16,4336633.961311346,5.77945205479452,2.5
C-000215029,S-0007,-20.612637602928867,0,3,女性,60,12,12,0.1666666666666666,7462,2,21,4487075.727367008,3.7260273972602738,1.0
C-002586268,S-0030,-100.0,1,3,女性,34,1,12,0.3333333333333333,0,0,22,4426478.045479023,9.236986301369862,5.5
C-002167855,S-0039,-31.80983758998285,0,3,男性,91,3,12,0.6666666666666666,0,0,16,4591288.568998441,8.193150684931506,5.0
C-002021583,S-0040,-100.0,1,3,男性,29,4,12,0.4166666666666667,1475,2,20,4550116.0180538,8.163013698630138,4.0
C-000507154,S-0017,-46.246393537218694,0,3,女性,35,10,12,0.5833333333333334,22277,1,20,4640207.03550726,5.608219178082192,2.5
C-001803854,S-0041,-75.61208433079028,1,3,女性,36,4,12,0.1666666666666666,14446,2,17,4828489.286769263,10.389041095890411,7.0
C-000606044,S-0041,-38.360663437758,0,3,男性,28,10,12,0.1666666666666666,64496,1,17,4828489.286769263,10.389041095890411,7.0
C-002171352,S-0079,-37.60661558869963,0,3,女性,67,3,12,0.1666666666666666,2239,2,13,4256656.371085242,8.479452054794521,6.0
C-000329979,S-0048,-100.0,1,3,女性,50,11,12,0.5,0,0,15,4502249.082895545,3.671232876712329,1.0
C-001770957,S-0020,-61.6722252642408,1,3,女性,64,5,12,0.5833333333333334,38508,1,16,4280702.057267675,6.986301369863014,3.5
C-001802836,S-0018,-100.0,1,3,女性,37,4,12,0.1666666666666666,38432,2,16,4493108.581950108,7.550684931506849,5.0
C-001765003,S-0121,-55.52733134678326,1,3,男性,49,5,12,0.4166666666666667,0,0,14,4716268.25678644,9.856164383561644,7.0
C-002373876,S-0099,-100.0,1,3,女性,60,2,12,0.25,9694,1,13,4464126.154078853,8.147945205479452,5.0
C-001577220,S-0126,-32.13970979004514,0,3,女性,20,5,12,0.25,0,0,17,4493168.352495564,5.53972602739726,3.0
C-001392799,S-0074,-66.24077634587404,1,3,女性,56,6,12,0.25,0,0,14,4614054.39694187,8.308219178082192,6.0
C-001542488,S-0050,-57.48363515361379,1,3,女性,52,6,12,0.4166666666666667,38771,1,20,4615411.181286601,9.2013698630137,6.0
C-000350422,S-0115,-90.59733115265955,1,3,女性,48,11,12,0.25,7511,2,14,4553643.099564746,10.51095890410959,7.0
C-001695272,S-0036,-100.0,1,3,男性,69,5,12,0.0833333333333333,0,0,19,4397834.424680548,11.123287671232877,9.0
C-002298608,S-0115,-26.68036921452344,0,3,女性,36,2,12,0.1666666666666666,0,0,14,4553643.099564746,10.51095890410959,7.0
C-000925246,S-0002,-63.649609592861125,1,3,女性,36,8,12,0.1666666666666666,28476,2,15,4455566.655169959,5.663013698630137,2.0
C-002010973,S-0040,-45.9971146249585,0,3,女性,73,4,12,0.5833333333333334,31731,1,20,4550116.0180538,8.163013698630138,4.0
C-002543216,S-0050,-100.0,1,3,女性,19,1,12,0.5833333333333334,7689,2,20,4615411.181286601,9.2013698630137,6.0
C-000385022,S-0063,-33.19203345846666,0,3,女性,52,11,12,0.25,33511,1,18,4564012.176421695,5.749315068493151,3.0
C-001734611,S-0117,-100.0,1,3,男性,49,5,12,0.6666666666666666,0,0,20,4500859.737076383,9.593150684931507,7.0
C-001631531,S-0014,-100.0,1,3,男性,56,5,12,0.1666666666666666,4492,1,21,4730192.353344672,7.336986301369863,4.0
C-001005415,S-0074,-100.0,1,3,男性,28,8,12,0.0833333333333333,0,0,14,4614054.39694187,8.308219178082192,6.0
C-001170915,S-0014,-100.0,1,3,女性,31,7,12,0.1666666666666666,5799,2,21,4730192.353344672,7.336986301369863,4.0
C-000152042,S-0008,-16.634103715660117,0,3,女性,45,12,12,0.4166666666666667,30794,1,22,4498453.308937302,10.772602739726027,7.0
C-001605234,S-0036,-50.2618731298382,1,3,男性,46,5,12,0.1666666666666666,4061,2,19,4397834.424680548,11.123287671232877,9.0
C-002133218,S-0117,-22.84376355428945,0,3,女性,29,3,12,0.3333333333333333,0,0,20,4500859.737076383,9.593150684931507,7.0
C-000116959,S-0096,-87.07986290263139,1,3,女性,76,12,12,0.6666666666666666,34828,2,16,4644856.458098179,8.302739726027397,5.0
C-000348286,S-0041,-59.43799605022916,1,3,男性,22,11,12,0.1666666666666666,0,0,17,4828489.286769263,10.389041095890411,7.0
C-000786355,S-0007,-100.0,1,3,女性,52,9,12,0.25,33149,2,21,4487075.727367008,3.7260273972602738,1.0
C-001448325,S-0050,-99.19542397385128,1,3,男性,53,6,12,0.4166666666666667,0,0,20,4615411.181286601,9.2013698630137,6.0
C-001492332,S-0072,-100.0,1,3,男性,47,6,12,0.1666666666666666,7524,1,12,4406797.312641796,9.01917808219178,6.0
C-001883585,S-0054,-33.76802630521457,0,3,女性,42,4,12,0.25,0,0,23,4489160.181517739,6.358904109589041,4.0
C-002567566,S-0062,-99.14821416329609,1,3,女性,30,1,12,0.75,11839,1,15,4713869.782113416,4.575342465753424,1.0
C-000989623,S-0040,-78.62333266971929,1,3,男性,46,8,12,0.5833333333333334,0,0,20,4550116.0180538,8.163013698630138,4.0
C-000133211,S-0007,-57.92407702115383,1,3,女性,38,12,12,0.75,0,0,21,4487075.727367008,3.7260273972602738,1.0
C-002163085,S-0002,-54.86305322501887,1,3,女性,56,3,12,0.25,0,0,15,4455566.655169959,5.663013698630137,2.0
C-000040993,S-0079,-20.09054895302773,0,3,男性,37,12,12,0.5,0,0,13,4256656.371085242,8.479452054794521,6.0
C-002041120,S-0030,-4.253513654541028,0,3,女性,51,3,12,0.0833333333333333,87097,1,22,4426478.045479023,9.236986301369862,5.5
C-000337763,S-0111,-34.91084489779781,0,3,女性,44,11,12,0.25,0,0,19,4489501.980758176,6.397260273972603,4.0
C-000591536,S-0111,-21.07087402217987,0,3,女性,37,10,12,0.25,36414,2,19,4489501.980758176,6.397260273972603,4.0
C-000836179,S-0007,-42.74617001290741,0,3,男性,43,9,12,0.5,65018,1,21,4487075.727367008,3.7260273972602738,1.0
C-000130956,S-0121,-30.887637425697122,0,3,男性,56,12,12,0.3333333333333333,0,0,14,4716268.25678644,9.856164383561644,7.0
C-001849536,S-0097,-100.0,1,3,女性,41,4,12,0.0833333333333333,0,0,21,4592508.716501317,10.09041095890411,7.0
C-001031704,S-0012,-27.597269175144678,0,3,男性,78,8,12,0.4166666666666667,0,0,16,4444678.825084195,7.994520547945205,5.0
C-000058271,S-0080,-100.0,1,3,女性,56,12,12,0.0833333333333333,0,0,17,4457429.264950683,11.673972602739726,9.0
C-002545074,S-0097,-67.18866324423355,1,3,女性,48,1,12,0.5,39720,1,21,4592508.716501317,10.09041095890411,7.0
C-001030082,S-0059,-100.0,1,3,男性,19,8,12,0.25,110228,1,14,4713188.969095345,6.8123287671232875,3.0
C-000798837,S-0074,-99.08464465699886,1,3,男性,34,9,12,0.0,0,0,14,4614054.39694187,8.308219178082192,6.0
C-001100774,S-0018,-100.0,1,3,男性,38,8,12,0.25,0,0,16,4493108.581950108,7.550684931506849,5.0
C-000118402,S-0097,-83.18033208172123,1,3,男性,59,12,12,0.0,39738,1,21,4592508.716501317,10.09041095890411,7.0
C-000733395,S-0036,-95.24716850706322,1,3,男性,48,9,12,0.1666666666666666,0,0,19,4397834.424680548,11.123287671232877,9.0
C-001468097,S-0036,-27.448683551778586,0,3,女性,58,6,12,0.1666666666666666,0,0,19,4397834.424680548,11.123287671232877,9.0
C-001529338,S-0054,-13.594823251431611,0,3,女性,46,6,12,0.9166666666666666,0,0,23,4489160.181517739,6.358904109589041,4.0
C-000464840,S-0007,-100.0,1,3,男性,39,10,12,0.3333333333333333,10685,1,21,4487075.727367008,3.7260273972602738,1.0
C-000929331,S-0040,-32.18550544696506,0,3,男性,48,8,12,0.4166666666666667,13549,1,20,4550116.0180538,8.163013698630138,4.0
C-002017273,S-0079,-49.328901567163044,1,3,男性,69,4,12,0.1666666666666666,15212,1,13,4256656.371085242,8.479452054794521,6.0
C-001957619,S-0111,-31.691744169712454,0,3,女性,55,4,12,0.0833333333333333,22045,1,19,4489501.980758176,6.397260273972603,4.0
C-001289558,S-0074,-100.0,1,3,女性,52,7,12,0.0833333333333333,0,0,14,4614054.39694187,8.308219178082192,6.0
C-000001262,S-0019,-12.926861676885403,0,3,女性,57,13,12,0.5,0,0,19,4327199.920883598,4.090410958904109,1.0
C-000121795,S-0002,-100.0,1,3,女性,29,12,12,0.3333333333333333,106219,1,15,4455566.655169959,5.663013698630137,2.0
C-002486105,S-0102,-20.391015673404777,0,3,女性,57,1,12,0.0833333333333333,3767,1,16,4383474.364435211,10.484931506849314,7.5
C-001351456,S-0075,-32.61677734778777,0,3,女性,54,6,12,0.0,0,0,19,4506647.2743158825,4.526027397260274,1.0
C-000316725,S-0048,-51.301611148526135,1,3,女性,24,11,12,0.25,51343,1,15,4502249.082895545,3.671232876712329,1.0
C-001590170,S-0008,-50.8681209292268,1,3,女性,38,5,12,0.1666666666666666,14698,1,22,4498453.308937302,10.772602739726027,7.0
C-000511091,S-0040,-14.717664390371343,0,3,女性,50,10,12,0.5,101393,1,20,4550116.0180538,8.163013698630138,4.0
C-002215025,S-0039,-25.88602568489834,0,3,女性,47,3,12,0.6666666666666666,4147,1,16,4591288.568998441,8.193150684931506,5.0
C-002679526,S-0072,-100.0,1,3,男性,33,1,12,0.4166666666666667,14818,2,12,4406797.312641796,9.01917808219178,6.0
C-002664344,S-0096,-31.00325979743547,0,3,女性,53,1,12,0.25,0,0,16,4644856.458098179,8.302739726027397,5.0
C-000453283,S-0113,-21.573944033576606,0,3,男性,54,10,12,0.5,0,0,16,4336633.961311346,5.77945205479452,2.5
C-000973450,S-0020,-58.46653292780258,1,3,男性,44,8,12,0.0833333333333333,24970,1,16,4280702.057267675,6.986301369863014,3.5
C-000406904,S-0080,-100.0,1,3,男性,40,11,12,0.0833333333333333,15401,2,17,4457429.264950683,11.673972602739726,9.0
C-002451214,S-0062,-55.342481626166986,1,3,女性,54,2,12,0.3333333333333333,55317,2,15,4713869.782113416,4.575342465753424,1.0
C-000905671,S-0017,-14.628665797779448,0,3,女性,57,8,12,0.5,2262,1,20,4640207.03550726,5.608219178082192,2.5
C-001625581,S-0089,-100.0,1,3,女性,32,5,12,0.5,0,0,19,4721110.949352573,10.142465753424657,7.0
C-002503699,S-0115,-19.159308050718433,0,3,女性,53,1,12,0.5,88491,1,14,4553643.099564746,10.51095890410959,7.0
C-001534379,S-0050,-47.088438963836346,0,3,女性,57,6,12,0.4166666666666667,0,0,20,4615411.181286601,9.2013698630137,6.0
C-001422217,S-0041,-100.0,1,3,女性,56,6,12,0.5,0,0,17,4828489.286769263,10.389041095890411,7.0
C-000499193,S-0040,-91.09901544865124,1,3,男性,68,10,12,0.1666666666666666,0,0,20,4550116.0180538,8.163013698630138,4.0
C-002545376,S-0097,-100.0,1,3,女性,36,1,12,0.1666666666666666,0,0,21,4592508.716501317,10.09041095890411,7.0
C-000851388,S-0012,-100.0,1,3,女性,42,9,12,0.3333333333333333,7962,1,16,4444678.825084195,7.994520547945205,5.0
C-000634524,S-0036,-100.0,1,3,女性,53,10,12,0.5833333333333334,0,0,19,4397834.424680548,11.123287671232877,9.0
C-001133228,S-0089,-21.902705757868517,0,3,男性,32,7,12,0.1666666666666666,1224,1,19,4721110.949352573,10.142465753424657,7.0
C-000180545,S-0030,-100.0,1,3,男性,19,12,12,0.4166666666666667,0,0,22,4426478.045479023,9.236986301369862,5.5
C-001132080,S-0099,-19.77506247465786,0,3,男性,54,7,12,0.1666666666666666,0,0,13,4464126.154078853,8.147945205479452,5.0
C-001089463,S-0048,-67.02297340767747,1,3,男性,54,8,12,0.3333333333333333,1662,1,15,4502249.082895545,3.671232876712329,1.0
C-000986405,S-0102,-63.408374647523914,1,3,男性,19,8,12,0.0833333333333333,9148,1,16,4383474.364435211,10.484931506849314,7.5
C-001023490,S-0106,-25.0108939494198,0,3,男性,32,8,12,0.25,23383,1,20,4462729.145118021,6.171232876712329,3.5
C-001358830,S-0018,-19.64279834788748,0,3,女性,59,6,12,0.5,43182,1,16,4493108.581950108,7.550684931506849,5.0
C-001309949,S-0018,-100.0,1,3,男性,64,7,12,0.0833333333333333,0,0,16,4493108.581950108,7.550684931506849,5.0
C-001527358,S-0018,-21.06992672592352,0,3,女性,39,6,12,0.0833333333333333,0,0,16,4493108.581950108,7.550684931506849,5.0
C-002032865,S-0115,-100.0,1,3,男性,35,3,12,0.3333333333333333,15489,2,14,4553643.099564746,10.51095890410959,7.0
C-001251911,S-0048,-100.0,1,3,女性,60,7,12,0.5833333333333334,12020,1,15,4502249.082895545,3.671232876712329,1.0
C-002433580,S-0072,-100.0,1,3,女性,52,2,12,0.1666666666666666,1316,1,12,4406797.312641796,9.01917808219178,6.0
C-000815363,S-0041,-49.646086118456125,1,3,女性,55,9,12,0.1666666666666666,0,0,17,4828489.286769263,10.389041095890411,7.0
C-002162381,S-0004,-75.05368343417334,1,3,女性,73,3,12,0.0833333333333333,69559,1,22,4423576.351309,11.806849315068494,9.0
C-002656653,S-0096,-81.67775448828944,1,3,女性,56,1,12,0.0833333333333333,0,0,16,4644856.458098179,8.302739726027397,5.0
C-000820930,S-0099,-20.87117317518462,0,3,女性,34,9,12,0.75,22359,1,13,4464126.154078853,8.147945205479452,5.0
C-000406430,S-0072,-53.95000199354093,1,3,女性,30,11,12,0.25,0,0,12,4406797.312641796,9.01917808219178,6.0
C-000635456,S-0089,-71.91968773490069,1,3,女性,43,10,12,0.0833333333333333,0,0,19,4721110.949352573,10.142465753424657,7.0
C-000273555,S-0111,-86.13258275920013,1,3,女性,68,11,12,0.5,0,0,19,4489501.980758176,6.397260273972603,4.0
C-000672341,S-0089,-84.43798105249375,1,3,男性,37,10,12,0.0833333333333333,0,0,19,4721110.949352573,10.142465753424657,7.0
C-000635951,S-0099,-100.0,1,3,女性,70,10,12,0.5,0,0,13,4464126.154078853,8.147945205479452,5.0
C-001871747,S-0099,-100.0,1,3,男性,40,4,12,0.25,1905,1,13,4464126.154078853,8.147945205479452,5.0
C-001899126,S-0096,-35.73401836757852,0,3,女性,58,4,12,0.5,3324,1,16,4644856.458098179,8.302739726027397,5.0
C-001007866,S-0080,-100.0,1,3,男性,49,8,12,0.0833333333333333,17066,2,17,4457429.264950683,11.673972602739726,9.0
C-000280972,S-0008,-94.52954446223258,1,3,男性,42,11,12,0.25,2988,1,22,4498453.308937302,10.772602739726027,7.0
C-001715211,S-0039,-46.90694169293852,0,3,女性,53,5,12,0.3333333333333333,12208,1,16,4591288.568998441,8.193150684931506,5.0
C-002486291,S-0131,-56.29713243983742,1,3,女性,24,1,12,0.25,0,0,17,4569023.5643747775,5.13972602739726,2.0
C-000941877,S-0106,-13.80315019453996,0,3,女性,89,8,12,0.3333333333333333,0,0,20,4462729.145118021,6.171232876712329,3.5
C-001592196,S-0059,-30.818151041340137,0,3,男性,51,5,12,0.25,277355,1,14,4713188.969095345,6.8123287671232875,3.0
C-002612438,S-0040,-43.71997515622426,0,3,男性,74,1,12,0.5,6648,2,20,4550116.0180538,8.163013698630138,4.0
C-000894024,S-0004,-76.24109019942877,1,3,女性,52,9,12,0.5833333333333334,21310,1,22,4423576.351309,11.806849315068494,9.0
C-000422415,S-0113,-62.953930047714636,1,3,男性,48,11,12,0.25,0,0,16,4336633.961311346,5.77945205479452,2.5
C-002637719,S-0115,-100.0,1,3,男性,52,1,12,0.0,11810,1,14,4553643.099564746,10.51095890410959,7.0
C-000488442,S-0079,-33.633002022608544,0,3,男性,59,10,12,0.3333333333333333,0,0,13,4256656.371085242,8.479452054794521,6.0
C-001744904,S-0126,-19.89928295997289,0,3,男性,76,5,12,0.75,0,0,17,4493168.352495564,5.53972602739726,3.0
C-001266308,S-0012,-100.0,1,3,女性,41,7,12,0.3333333333333333,0,0,16,4444678.825084195,7.994520547945205,5.0
C-000502166,S-0072,-11.028312246928389,0,3,男性,47,10,12,0.1666666666666666,0,0,12,4406797.312641796,9.01917808219178,6.0
C-000979863,S-0012,-70.22816114384126,1,3,男性,33,8,12,0.25,19072,2,16,4444678.825084195,7.994520547945205,5.0
C-002425757,S-0059,-100.0,1,3,女性,54,2,12,0.5,0,0,14,4713188.969095345,6.8123287671232875,3.0
C-000975713,S-0072,-100.0,1,3,男性,58,8,12,0.5,0,0,12,4406797.312641796,9.01917808219178,6.0
C-001314459,S-0017,-88.86077534915763,1,3,女性,58,7,12,0.3333333333333333,0,0,20,4640207.03550726,5.608219178082192,2.5
C-001411026,S-0097,-100.0,1,3,女性,41,6,12,0.3333333333333333,2682,2,21,4592508.716501317,10.09041095890411,7.0
C-002337516,S-0040,-100.0,1,3,女性,44,2,12,0.3333333333333333,30588,2,20,4550116.0180538,8.163013698630138,4.0
C-000374547,S-0002,-26.067727339074587,0,3,女性,31,11,12,0.5,0,0,15,4455566.655169959,5.663013698630137,2.0
C-001720080,S-0040,-100.0,1,3,女性,52,5,12,0.1666666666666666,25155,1,20,4550116.0180538,8.163013698630138,4.0
C-002209974,S-0115,-7.869996817231679,0,3,女性,68,3,12,0.0,59667,1,14,4553643.099564746,10.51095890410959,7.0
C-000734293,S-0059,-56.99999196096244,1,3,女性,45,9,12,0.4166666666666667,0,0,14,4713188.969095345,6.8123287671232875,3.0
C-001468774,S-0040,-71.12055126083628,1,3,女性,52,6,12,0.75,0,0,20,4550116.0180538,8.163013698630138,4.0
C-001739339,S-0012,-100.0,1,3,女性,43,5,12,0.3333333333333333,18772,2,16,4444678.825084195,7.994520547945205,5.0
C-002549562,S-0102,-100.0,1,3,女性,41,1,12,0.5,34550,2,16,4383474.364435211,10.484931506849314,7.5
C-000320637,S-0115,-39.72114339742811,0,3,男性,46,11,12,0.3333333333333333,1335,2,14,4553643.099564746,10.51095890410959,7.0
C-002337578,S-0004,-67.97433155080213,1,3,女性,25,2,12,0.3333333333333333,0,0,22,4423576.351309,11.806849315068494,9.0
C-000115541,S-0050,-38.82807043644644,0,3,女性,20,12,12,0.5833333333333334,9367,1,20,4615411.181286601,9.2013698630137,6.0
C-001972679,S-0004,-20.639177340853585,0,3,女性,68,4,12,0.0,0,0,22,4423576.351309,11.806849315068494,9.0
C-000680004,S-0017,-19.929674352135937,0,3,男性,47,9,12,0.5833333333333334,44002,2,20,4640207.03550726,5.608219178082192,2.5
C-000889527,S-0008,-100.0,1,3,女性,42,9,12,0.1666666666666666,0,0,22,4498453.308937302,10.772602739726027,7.0
C-002369113,S-0106,-34.547542588664164,0,3,女性,48,2,12,0.25,0,0,20,4462729.145118021,6.171232876712329,3.5
C-000484242,S-0062,-42.37794078259592,0,3,女性,44,10,12,0.1666666666666666,4282,2,15,4713869.782113416,4.575342465753424,1.0
C-001259116,S-0111,-41.59671690633605,0,3,女性,54,7,12,0.1666666666666666,87438,2,19,4489501.980758176,6.397260273972603,4.0
C-000677598,S-0097,-68.74736470239655,1,3,女性,21,9,12,0.0833333333333333,2325,2,21,4592508.716501317,10.09041095890411,7.0
C-001201737,S-0018,-79.6198279195669,1,3,男性,38,7,12,0.0833333333333333,10188,2,16,4493108.581950108,7.550684931506849,5.0
C-001236629,S-0054,-20.037967296910665,0,3,女性,53,7,12,0.3333333333333333,0,0,23,4489160.181517739,6.358904109589041,4.0
C-002337128,S-0018,-11.712669776474662,0,3,女性,36,2,12,0.1666666666666666,12922,1,16,4493108.581950108,7.550684931506849,5.0
C-001649262,S-0121,-100.0,1,3,男性,38,5,12,0.25,0,0,14,4716268.25678644,9.856164383561644,7.0
C-001215696,S-0019,-52.02408832385414,1,3,男性,40,7,12,0.9166666666666666,0,0,19,4327199.920883598,4.090410958904109,1.0
C-000237028,S-0117,-8.064055455186343,0,3,男性,34,11,12,0.5833333333333334,3546,1,20,4500859.737076383,9.593150684931507,7.0
C-000525689,S-0096,-70.48988413279702,1,3,女性,60,10,12,0.4166666666666667,10378,1,16,4644856.458098179,8.302739726027397,5.0
C-000487959,S-0036,-100.0,1,3,女性,49,10,12,0.4166666666666667,0,0,19,4397834.424680548,11.123287671232877,9.0
C-001201812,S-0005,-100.0,1,3,女性,49,7,12,0.0833333333333333,21335,1,21,4733942.970761149,4.69041095890411,2.0
C-000277879,S-0056,-55.567569826419906,1,3,女性,44,11,12,0.3333333333333333,0,0,15,4406070.585753419,7.528767123287671,4.0
C-002236253,S-0017,-37.965383366073226,0,3,女性,54,3,12,0.0833333333333333,47446,1,20,4640207.03550726,5.608219178082192,2.5
C-001853885,S-0074,-100.0,1,3,女性,78,4,12,0.0,7048,1,14,4614054.39694187,8.308219178082192,6.0
C-001709985,S-0075,-16.16891240127811,0,3,男性,42,5,12,0.75,7064,1,19,4506647.2743158825,4.526027397260274,1.0
C-001826772,S-0131,-100.0,1,3,男性,39,4,12,0.1666666666666666,0,0,17,4569023.5643747775,5.13972602739726,2.0
C-002670859,S-0059,-36.602307239280805,0,3,女性,44,1,12,0.75,0,0,14,4713188.969095345,6.8123287671232875,3.0
C-001631864,S-0036,-100.0,1,3,男性,52,5,12,0.4166666666666667,0,0,19,4397834.424680548,11.123287671232877,9.0
C-001620862,S-0002,-38.91684611562034,0,3,女性,39,5,12,0.1666666666666666,1177,2,15,4455566.655169959,5.663013698630137,2.0
C-001461676,S-0131,-79.6743239313754,1,3,女性,47,6,12,0.75,0,0,17,4569023.5643747775,5.13972602739726,2.0
C-001997031,S-0063,-28.27924684581264,0,3,男性,47,4,12,0.1666666666666666,0,0,18,4564012.176421695,5.749315068493151,3.0
C-001098016,S-0059,-31.178413537273236,0,3,女性,34,8,12,0.0833333333333333,0,0,14,4713188.969095345,6.8123287671232875,3.0
C-001434494,S-0097,-35.48926310563118,0,3,男性,59,6,12,0.3333333333333333,9711,2,21,4592508.716501317,10.09041095890411,7.0
C-001094726,S-0096,-19.499486276236606,0,3,男性,47,8,12,0.25,7641,1,16,4644856.458098179,8.302739726027397,5.0
C-002475240,S-0079,-100.0,1,3,男性,53,1,12,0.4166666666666667,5140,1,13,4256656.371085242,8.479452054794521,6.0
C-002149800,S-0121,-52.61550155585644,1,3,女性,57,3,12,0.25,3444,1,14,4716268.25678644,9.856164383561644,7.0
C-001531163,S-0072,-32.788395939946405,0,3,女性,54,6,12,0.5833333333333334,51701,1,12,4406797.312641796,9.01917808219178,6.0
C-001709334,S-0054,-24.287525271566544,0,3,女性,42,5,12,0.3333333333333333,17270,2,23,4489160.181517739,6.358904109589041,4.0
C-000188731,S-0050,-80.9178692923701,1,3,女性,43,12,12,0.6666666666666666,0,0,20,4615411.181286601,9.2013698630137,6.0
C-000495091,S-0036,-37.63548490711207,0,3,女性,38,10,12,0.1666666666666666,0,0,19,4397834.424680548,11.123287671232877,9.0
C-000506033,S-0117,-100.0,1,3,女性,33,10,12,0.25,0,0,20,4500859.737076383,9.593150684931507,7.0
C-001981035,S-0074,-53.91366722406499,1,3,女性,59,4,12,0.25,30147,1,14,4614054.39694187,8.308219178082192,6.0
C-002097171,S-0121,-71.06252799350973,1,3,男性,44,3,12,0.6666666666666666,7002,1,14,4716268.25678644,9.856164383561644,7.0
C-000644824,S-0014,-77.1485796261773,1,3,男性,38,10,12,0.1666666666666666,114511,1,21,4730192.353344672,7.336986301369863,4.0
C-001248852,S-0017,-81.51891671495096,1,3,男性,52,7,12,0.25,6110,1,20,4640207.03550726,5.608219178082192,2.5
C-001301935,S-0100,-22.810634893469054,0,3,男性,60,7,12,0.3333333333333333,7648,1,17,4535925.154217558,4.720547945205479,2.0
C-002535024,S-0002,-64.23483928785424,1,3,女性,80,1,12,0.0,45760,1,15,4455566.655169959,5.663013698630137,2.0
C-000943336,S-0113,-92.92964875362695,1,3,女性,62,8,12,0.0833333333333333,125218,1,16,4336633.961311346,5.77945205479452,2.5
C-000456709,S-0096,-100.0,1,3,女性,60,10,12,0.4166666666666667,11140,2,16,4644856.458098179,8.302739726027397,5.0
C-000713316,S-0085,-17.346846046487023,0,3,男性,48,9,12,0.3333333333333333,53431,2,15,4606655.398026554,4.928767123287671,2.0
C-001683616,S-0121,-34.57614090100753,0,3,男性,51,5,12,0.0833333333333333,0,0,14,4716268.25678644,9.856164383561644,7.0
C-002363708,S-0117,-16.518992955543833,0,3,女性,60,2,12,0.3333333333333333,0,0,20,4500859.737076383,9.593150684931507,7.0
C-002314621,S-0040,-82.0212226745802,1,3,女性,64,2,12,0.5,0,0,20,4550116.0180538,8.163013698630138,4.0
C-000169693,S-0012,-31.720647863377206,0,3,女性,37,12,12,0.0833333333333333,0,0,16,4444678.825084195,7.994520547945205,5.0
C-001214773,S-0079,-98.48079377495986,1,3,女性,33,7,12,0.6666666666666666,918,2,13,4256656.371085242,8.479452054794521,6.0
C-000956176,S-0089,-80.72399908835372,1,3,男性,42,8,12,0.25,0,0,19,4721110.949352573,10.142465753424657,7.0
C-000292564,S-0056,-48.94070367541561,1,3,男性,51,11,12,0.4166666666666667,31851,2,15,4406070.585753419,7.528767123287671,4.0
C-002121239,S-0004,-78.29673511939237,1,3,女性,50,3,12,0.1666666666666666,0,0,22,4423576.351309,11.806849315068494,9.0
C-001051459,S-0041,-47.266595595525004,0,3,男性,58,8,12,0.1666666666666666,0,0,17,4828489.286769263,10.389041095890411,7.0
C-000114718,S-0039,-19.818119529579384,0,3,女性,59,12,12,0.3333333333333333,54466,1,16,4591288.568998441,8.193150684931506,5.0
C-000009963,S-0079,-100.0,1,3,女性,59,12,12,0.3333333333333333,0,0,13,4256656.371085242,8.479452054794521,6.0
C-001139538,S-0017,-48.84723745617997,1,3,女性,52,7,12,0.0833333333333333,16121,1,20,4640207.03550726,5.608219178082192,2.5
C-001541175,S-0072,-75.03771443828849,1,3,女性,70,6,12,0.1666666666666666,0,0,12,4406797.312641796,9.01917808219178,6.0
C-000145751,S-0115,-19.99679533824617,0,3,男性,44,12,12,0.25,7290,2,14,4553643.099564746,10.51095890410959,7.0
C-001738500,S-0040,-97.72901886830105,1,3,女性,28,5,12,0.3333333333333333,129718,2,20,4550116.0180538,8.163013698630138,4.0
C-000893694,S-0040,-67.13093359680298,1,3,女性,50,9,12,0.8333333333333334,25384,2,20,4550116.0180538,8.163013698630138,4.0
C-000304264,S-0096,-87.4519025224455,1,3,男性,42,11,12,0.0833333333333333,0,0,16,4644856.458098179,8.302739726027397,5.0
C-000276981,S-0004,-38.21770038098297,0,3,女性,60,11,12,0.1666666666666666,916,2,22,4423576.351309,11.806849315068494,9.0
C-000197521,S-0019,-11.068312308058495,0,3,女性,53,12,12,0.8333333333333334,0,0,19,4327199.920883598,4.090410958904109,1.0
C-001144689,S-0072,-100.0,1,3,女性,58,7,12,0.3333333333333333,20314,2,12,4406797.312641796,9.01917808219178,6.0
C-002631774,S-0121,-88.44673833374054,1,3,男性,45,1,12,0.0,3797,2,14,4716268.25678644,9.856164383561644,7.0
C-001583605,S-0048,-57.40091850592467,1,3,男性,54,5,12,0.4166666666666667,85912,1,15,4502249.082895545,3.671232876712329,1.0
C-001131011,S-0002,-35.90828245926068,0,3,男性,51,7,12,0.1666666666666666,173143,1,15,4455566.655169959,5.663013698630137,2.0
C-002528909,S-0012,-19.15570262190761,0,3,女性,66,1,12,0.0833333333333333,36706,2,16,4444678.825084195,7.994520547945205,5.0
C-000904443,S-0036,-100.0,1,3,女性,34,8,12,0.0833333333333333,0,0,19,4397834.424680548,11.123287671232877,9.0
C-000978767,S-0096,-73.16368187371495,1,3,女性,48,8,12,0.0,0,0,16,4644856.458098179,8.302739726027397,5.0
C-001379439,S-0099,-94.53582647083793,1,3,男性,42,6,12,0.1666666666666666,26016,1,13,4464126.154078853,8.147945205479452,5.0
C-002260542,S-0005,-100.0,1,3,女性,20,2,12,0.25,7696,1,21,4733942.970761149,4.69041095890411,2.0
C-001893862,S-0117,-47.02109015005317,0,3,男性,62,4,12,0.5833333333333334,13454,2,20,4500859.737076383,9.593150684931507,7.0
C-002044069,S-0004,-36.48579851171695,0,3,女性,51,3,12,0.0833333333333333,0,0,22,4423576.351309,11.806849315068494,9.0
C-002442399,S-0113,-94.25925925925925,1,3,女性,58,2,12,0.0833333333333333,0,0,16,4336633.961311346,5.77945205479452,2.5
C-001876574,S-0056,-100.0,1,3,男性,66,4,12,0.5,0,0,15,4406070.585753419,7.528767123287671,4.0
C-001762883,S-0004,-54.21058883683936,1,3,男性,53,5,12,0.3333333333333333,1530,1,22,4423576.351309,11.806849315068494,9.0
C-002532353,S-0074,-7.5833119411673255,0,3,男性,43,1,12,0.4166666666666667,7896,1,14,4614054.39694187,8.308219178082192,6.0
C-002026073,S-0054,-4.554216089822766,0,3,男性,60,3,12,0.4166666666666667,0,0,23,4489160.181517739,6.358904109589041,4.0
C-001675430,S-0056,-100.0,1,3,男性,50,5,12,0.3333333333333333,19229,1,15,4406070.585753419,7.528767123287671,4.0
C-001490170,S-0075,-23.896460948239458,0,3,男性,49,6,12,0.4166666666666667,3746,1,19,4506647.2743158825,4.526027397260274,1.0
C-000289314,S-0004,-17.360424245472274,0,3,女性,43,11,12,0.0,0,0,22,4423576.351309,11.806849315068494,9.0
C-001759362,S-0004,-100.0,1,3,女性,51,5,12,0.3333333333333333,0,0,22,4423576.351309,11.806849315068494,9.0
C-000455045,S-0113,-100.0,1,3,男性,56,10,12,0.1666666666666666,15603,1,16,4336633.961311346,5.77945205479452,2.5
C-002533642,S-0002,-77.34626162600787,1,3,男性,45,1,12,0.1666666666666666,0,0,15,4455566.655169959,5.663013698630137,2.0
C-002629322,S-0039,-42.9697981203449,0,3,男性,72,1,12,0.3333333333333333,22247,2,16,4591288.568998441,8.193150684931506,5.0
C-000274672,S-0012,-100.0,1,3,女性,54,11,12,0.5,21659,1,16,4444678.825084195,7.994520547945205,5.0
C-000675705,S-0074,-92.00628686002189,1,3,男性,64,10,12,0.0833333333333333,13414,1,14,4614054.39694187,8.308219178082192,6.0
C-000339233,S-0039,-100.0,1,3,女性,53,11,12,0.5,9776,1,16,4591288.568998441,8.193150684931506,5.0
C-000051564,S-0012,-13.759289580240551,0,3,女性,31,12,12,0.1666666666666666,65738,2,16,4444678.825084195,7.994520547945205,5.0
C-001439341,S-0004,-33.27418898309739,0,3,女性,60,6,12,0.3333333333333333,5512,2,22,4423576.351309,11.806849315068494,9.0
C-001597609,S-0117,-28.81390646064503,0,3,女性,73,5,12,0.1666666666666666,111646,2,20,4500859.737076383,9.593150684931507,7.0
C-001834504,S-0039,-36.03398823222646,0,3,女性,44,4,12,0.25,1608,2,16,4591288.568998441,8.193150684931506,5.0
C-001011093,S-0012,-34.9215793442691,0,3,男性,59,8,12,0.3333333333333333,14363,2,16,4444678.825084195,7.994520547945205,5.0
C-002252850,S-0007,-39.94823835759991,0,3,男性,50,2,12,0.3333333333333333,6135,1,21,4487075.727367008,3.7260273972602738,1.0
C-001099868,S-0072,-62.5732885082668,1,3,女性,44,8,12,0.1666666666666666,2652,2,12,4406797.312641796,9.01917808219178,6.0
C-001117040,S-0074,-52.33214409297553,1,3,男性,39,8,12,0.1666666666666666,0,0,14,4614054.39694187,8.308219178082192,6.0
C-001323710,S-0036,-37.221132510499935,0,3,男性,50,7,12,0.0833333333333333,3788,2,19,4397834.424680548,11.123287671232877,9.0
C-001477154,S-0054,-57.3959909730519,1,3,男性,29,6,12,0.5,4023,2,23,4489160.181517739,6.358904109589041,4.0
C-000472923,S-0117,-33.16863453690146,0,3,男性,43,10,12,0.25,9085,1,20,4500859.737076383,9.593150684931507,7.0
C-002299625,S-0131,-29.73422109119628,0,3,女性,32,2,12,0.5833333333333334,0,0,17,4569023.5643747775,5.13972602739726,2.0
C-001146323,S-0072,-35.81592301464926,0,3,男性,53,7,12,0.3333333333333333,15580,1,12,4406797.312641796,9.01917808219178,6.0
C-002240422,S-0121,-69.12898215175404,1,3,男性,47,3,12,0.25,0,0,14,4716268.25678644,9.856164383561644,7.0
C-001498637,S-0080,-99.54463860125959,1,3,女性,59,6,12,0.5,0,0,17,4457429.264950683,11.673972602739726,9.0
C-001654365,S-0048,-21.866039853461235,0,3,女性,37,5,12,0.5833333333333334,0,0,15,4502249.082895545,3.671232876712329,1.0
C-000006732,S-0004,-63.86483407321768,1,3,男性,42,12,12,0.1666666666666666,0,0,22,4423576.351309,11.806849315068494,9.0
C-001950208,S-0075,-54.96405210544716,1,3,女性,45,4,12,0.0833333333333333,25665,1,19,4506647.2743158825,4.526027397260274,1.0
C-000064371,S-0111,-31.66331022255018,0,3,男性,42,12,12,0.5,32901,1,19,4489501.980758176,6.397260273972603,4.0
C-001820628,S-0097,-100.0,1,3,男性,42,4,12,0.5,0,0,21,4592508.716501317,10.09041095890411,7.0
C-001261628,S-0079,-25.255295983781195,0,3,女性,37,7,12,0.1666666666666666,0,0,13,4256656.371085242,8.479452054794521,6.0
C-002432527,S-0074,-77.33361021700757,1,3,女性,69,2,12,0.5,174006,1,14,4614054.39694187,8.308219178082192,6.0
C-001356144,S-0117,-14.50056130999895,0,3,女性,69,6,12,0.5833333333333334,0,0,20,4500859.737076383,9.593150684931507,7.0
C-000371961,S-0017,-26.31736239339958,0,3,女性,38,11,12,0.1666666666666666,0,0,20,4640207.03550726,5.608219178082192,2.5
C-002653319,S-0020,-27.90187639507883,0,3,女性,74,1,12,0.75,19466,1,16,4280702.057267675,6.986301369863014,3.5
C-000580945,S-0074,-62.175896310733016,1,3,女性,51,10,12,0.5,17384,1,14,4614054.39694187,8.308219178082192,6.0
C-002480819,S-0121,-34.161809992878,0,3,女性,41,1,12,0.3333333333333333,0,0,14,4716268.25678644,9.856164383561644,7.0
C-001199646,S-0059,-51.242580707426534,1,3,男性,42,7,12,0.5,0,0,14,4713188.969095345,6.8123287671232875,3.0
C-001032537,S-0096,-41.82841895903909,0,3,女性,65,8,12,0.1666666666666666,38126,2,16,4644856.458098179,8.302739726027397,5.0
C-000012454,S-0056,-100.0,1,3,女性,44,12,12,0.3333333333333333,0,0,15,4406070.585753419,7.528767123287671,4.0
C-000931365,S-0017,-28.56260817467714,0,3,女性,54,8,12,0.1666666666666666,154911,1,20,4640207.03550726,5.608219178082192,2.5
C-001454256,S-0126,-56.83437398712077,1,3,女性,27,6,12,0.25,1660,2,17,4493168.352495564,5.53972602739726,3.0
C-001344295,S-0074,-100.0,1,3,女性,36,7,12,0.5,0,0,14,4614054.39694187,8.308219178082192,6.0
C-000432698,S-0113,-100.0,1,3,男性,17,11,12,0.5833333333333334,0,0,16,4336633.961311346,5.77945205479452,2.5
C-001088862,S-0102,-6.3150396346598265,0,3,男性,59,8,12,0.25,0,0,16,4383474.364435211,10.484931506849314,7.5
C-001192033,S-0014,-59.750197693973185,1,3,男性,36,7,12,0.0833333333333333,4721,1,21,4730192.353344672,7.336986301369863,4.0
C-001145913,S-0099,-41.98657047768054,0,3,男性,24,7,12,0.1666666666666666,23158,1,13,4464126.154078853,8.147945205479452,5.0
C-001513417,S-0014,-49.53582299920644,1,3,女性,46,6,12,0.1666666666666666,0,0,21,4730192.353344672,7.336986301369863,4.0
C-001106159,S-0097,-20.038310490396913,0,3,女性,45,8,12,0.0833333333333333,17608,2,21,4592508.716501317,10.09041095890411,7.0
C-001764772,S-0017,-26.96130164112271,0,3,女性,65,5,12,0.0833333333333333,3310,1,20,4640207.03550726,5.608219178082192,2.5
C-000341543,S-0115,-34.55290032031969,0,3,男性,43,11,12,0.0833333333333333,0,0,14,4553643.099564746,10.51095890410959,7.0
C-001165199,S-0030,-36.5099409708966,0,3,女性,53,7,12,0.5833333333333334,4499,2,22,4426478.045479023,9.236986301369862,5.5
C-000759925,S-0007,-11.776331255636412,0,3,男性,54,9,12,0.3333333333333333,0,0,21,4487075.727367008,3.7260273972602738,1.0
C-001789829,S-0050,-26.472346056263678,0,3,女性,53,5,12,0.3333333333333333,4019,2,20,4615411.181286601,9.2013698630137,6.0
C-001494467,S-0131,-30.10376194923261,0,3,女性,43,6,12,0.1666666666666666,12512,1,17,4569023.5643747775,5.13972602739726,2.0
C-000039522,S-0106,-64.49822984749454,1,3,男性,80,12,12,0.0833333333333333,26944,1,20,4462729.145118021,6.171232876712329,3.5
C-001959056,S-0007,-24.15292203838057,0,3,女性,53,4,12,0.25,9210,1,21,4487075.727367008,3.7260273972602738,1.0
C-002576999,S-0097,-20.334579653729325,0,3,男性,43,1,12,0.3333333333333333,0,0,21,4592508.716501317,10.09041095890411,7.0
C-002469526,S-0097,-52.767186450983615,1,3,女性,34,2,12,0.25,0,0,21,4592508.716501317,10.09041095890411,7.0
C-000564122,S-0063,-23.15520640549437,0,3,女性,45,10,12,0.4166666666666667,0,0,18,4564012.176421695,5.749315068493151,3.0
C-001693640,S-0097,-41.682669831337435,0,3,女性,79,5,12,0.5,22878,2,21,4592508.716501317,10.09041095890411,7.0
C-002121754,S-0007,-71.95140872708023,1,3,女性,55,3,12,0.75,0,0,21,4487075.727367008,3.7260273972602738,1.0
C-001488108,S-0014,-100.0,1,3,女性,50,6,12,0.3333333333333333,0,0,21,4730192.353344672,7.336986301369863,4.0
C-001043701,S-0074,-56.71424650013724,1,3,女性,44,8,12,0.0833333333333333,0,0,14,4614054.39694187,8.308219178082192,6.0
C-002219762,S-0115,-70.07682112549544,1,3,男性,31,3,12,0.25,24680,1,14,4553643.099564746,10.51095890410959,7.0
C-001132123,S-0048,-100.0,1,3,女性,20,7,12,0.0,0,0,15,4502249.082895545,3.671232876712329,1.0
C-000663697,S-0102,-82.02957285877656,1,3,男性,35,10,12,0.0,33208,1,16,4383474.364435211,10.484931506849314,7.5
C-000000650,S-0085,-14.233155420733082,0,3,女性,49,13,12,0.1666666666666666,11083,1,15,4606655.398026554,4.928767123287671,2.0
C-000980920,S-0115,-19.345982451995535,0,3,男性,59,8,12,0.5,24270,1,14,4553643.099564746,10.51095890410959,7.0
C-000078090,S-0121,-56.82654408725718,1,3,女性,58,12,12,0.1666666666666666,14290,1,14,4716268.25678644,9.856164383561644,7.0
C-002496371,S-0012,-45.18048535684841,0,3,男性,34,1,12,0.4166666666666667,42650,1,16,4444678.825084195,7.994520547945205,5.0
C-001929930,S-0117,-100.0,1,3,男性,29,4,12,0.25,0,0,20,4500859.737076383,9.593150684931507,7.0
C-000976561,S-0036,-29.315030405983883,0,3,男性,51,8,12,0.4166666666666667,9761,1,19,4397834.424680548,11.123287671232877,9.0
C-001506203,S-0062,-100.0,1,3,男性,58,6,12,0.3333333333333333,93733,1,15,4713869.782113416,4.575342465753424,1.0
C-001417923,S-0039,-75.42370400725932,1,3,女性,36,6,12,0.5,0,0,16,4591288.568998441,8.193150684931506,5.0
C-002488557,S-0048,-100.0,1,3,女性,62,1,12,0.5,41359,1,15,4502249.082895545,3.671232876712329,1.0
C-000897703,S-0012,-36.63816208512276,0,3,女性,57,9,12,0.4166666666666667,664,1,16,4444678.825084195,7.994520547945205,5.0
C-001942472,S-0097,-37.93171341873017,0,3,女性,33,4,12,0.0833333333333333,6398,2,21,4592508.716501317,10.09041095890411,7.0
C-000961744,S-0074,-100.0,1,3,女性,48,8,12,0.25,15523,2,14,4614054.39694187,8.308219178082192,6.0
C-002376748,S-0096,-74.4689152360765,1,3,女性,49,2,12,0.25,387,1,16,4644856.458098179,8.302739726027397,5.0
C-001696003,S-0080,-100.0,1,3,女性,55,5,12,0.0,0,0,17,4457429.264950683,11.673972602739726,9.0
C-002012767,S-0041,-21.602637190156067,0,3,女性,53,4,12,0.25,5668,2,17,4828489.286769263,10.389041095890411,7.0
C-001086955,S-0005,-15.760274123693904,0,3,女性,65,8,12,0.8333333333333334,21461,1,21,4733942.970761149,4.69041095890411,2.0
C-001104805,S-0100,-50.513826197467026,1,3,女性,69,8,12,0.3333333333333333,0,0,17,4535925.154217558,4.720547945205479,2.0
C-001377082,S-0117,-40.76659372268475,0,3,男性,45,6,12,0.1666666666666666,0,0,20,4500859.737076383,9.593150684931507,7.0
C-001002270,S-0050,-63.148476887026916,1,3,女性,47,8,12,0.3333333333333333,43700,1,20,4615411.181286601,9.2013698630137,6.0
C-000987827,S-0012,-88.032545277744,1,3,男性,53,8,12,0.0833333333333333,0,0,16,4444678.825084195,7.994520547945205,5.0
C-001218038,S-0102,-81.70978540104315,1,3,女性,39,7,12,0.3333333333333333,57156,2,16,4383474.364435211,10.484931506849314,7.5
C-001485056,S-0004,-39.25302276101333,0,3,女性,50,6,12,0.0833333333333333,67859,1,22,4423576.351309,11.806849315068494,9.0
C-001822819,S-0018,-35.84022330577344,0,3,女性,24,4,12,0.6666666666666666,13555,1,16,4493108.581950108,7.550684931506849,5.0
C-001351738,S-0080,-100.0,1,3,男性,37,6,12,0.1666666666666666,0,0,17,4457429.264950683,11.673972602739726,9.0
C-001225281,S-0048,-100.0,1,3,男性,55,7,12,0.3333333333333333,0,0,15,4502249.082895545,3.671232876712329,1.0
C-001540912,S-0004,-32.06717573638775,0,3,男性,53,6,12,0.3333333333333333,1143,1,22,4423576.351309,11.806849315068494,9.0
C-001344962,S-0018,-100.0,1,3,女性,42,7,12,0.25,0,0,16,4493108.581950108,7.550684931506849,5.0
C-001892375,S-0039,-17.386930139180258,0,3,男性,46,4,12,0.3333333333333333,22182,1,16,4591288.568998441,8.193150684931506,5.0
C-001992196,S-0063,-100.0,1,3,女性,43,4,12,0.5833333333333334,18399,1,18,4564012.176421695,5.749315068493151,3.0
C-001945863,S-0054,-43.204354111744195,0,3,男性,73,4,12,0.25,5214,1,23,4489160.181517739,6.358904109589041,4.0
C-001219721,S-0018,-100.0,1,3,女性,39,7,12,0.0833333333333333,0,0,16,4493108.581950108,7.550684931506849,5.0
C-002328951,S-0117,-24.085148139691917,0,3,男性,59,2,12,0.1666666666666666,2630,2,20,4500859.737076383,9.593150684931507,7.0
C-001105470,S-0102,-100.0,1,3,男性,40,8,12,0.0,0,0,16,4383474.364435211,10.484931506849314,7.5
C-002101872,S-0074,-100.0,1,3,男性,59,3,12,0.5,4888,1,14,4614054.39694187,8.308219178082192,6.0
C-000858612,S-0075,-7.9631190107585885,0,3,女性,22,9,12,0.0833333333333333,15844,1,19,4506647.2743158825,4.526027397260274,1.0
C-000270333,S-0054,-46.66836510179031,0,3,女性,49,11,12,0.5,22218,1,23,4489160.181517739,6.358904109589041,4.0
C-000130543,S-0121,-47.195753112708125,0,3,女性,46,12,12,0.1666666666666666,1244,2,14,4716268.25678644,9.856164383561644,7.0
C-001869232,S-0072,-14.94380313817654,0,3,男性,60,4,12,0.1666666666666666,0,0,12,4406797.312641796,9.01917808219178,6.0
C-000156832,S-0048,-100.0,1,3,男性,43,12,12,0.0833333333333333,0,0,15,4502249.082895545,3.671232876712329,1.0
C-002013726,S-0050,-41.24059174669089,0,3,女性,66,4,12,0.25,0,0,20,4615411.181286601,9.2013698630137,6.0
C-002657115,S-0041,-53.82109076762225,1,3,女性,39,1,12,0.1666666666666666,70992,1,17,4828489.286769263,10.389041095890411,7.0
C-001032828,S-0102,-100.0,1,3,男性,85,8,12,0.0,56746,2,16,4383474.364435211,10.484931506849314,7.5
C-002676756,S-0111,-48.57652463451853,0,3,女性,59,1,12,0.1666666666666666,55183,2,19,4489501.980758176,6.397260273972603,4.0
C-002085194,S-0096,-95.53117347899793,1,3,男性,58,3,12,0.0833333333333333,0,0,16,4644856.458098179,8.302739726027397,5.0
C-001917845,S-0008,-41.726306454836134,0,3,男性,39,4,12,0.25,12030,1,22,4498453.308937302,10.772602739726027,7.0
C-002393358,S-0007,-26.287195063037437,0,3,女性,52,2,12,0.1666666666666666,4618,1,21,4487075.727367008,3.7260273972602738,1.0
C-001261029,S-0020,-48.98110331027733,1,3,男性,32,7,12,0.4166666666666667,3208,2,16,4280702.057267675,6.986301369863014,3.5
C-001714314,S-0096,-84.78929905268726,1,3,男性,45,5,12,0.25,12493,2,16,4644856.458098179,8.302739726027397,5.0
C-002251307,S-0113,-82.35014158912976,1,3,男性,51,2,12,0.1666666666666666,29626,1,16,4336633.961311346,5.77945205479452,2.5
C-002409510,S-0113,-100.0,1,3,女性,53,2,12,0.25,0,0,16,4336633.961311346,5.77945205479452,2.5
C-001497702,S-0004,-25.060242446366278,0,3,男性,34,6,12,0.1666666666666666,3016,1,22,4423576.351309,11.806849315068494,9.0
C-002371287,S-0041,-100.0,1,3,女性,62,2,12,0.4166666666666667,0,0,17,4828489.286769263,10.389041095890411,7.0
C-001559479,S-0089,-23.30845809899201,0,3,男性,55,6,12,0.1666666666666666,33861,2,19,4721110.949352573,10.142465753424657,7.0
C-001414241,S-0115,-39.77527864310594,0,3,女性,49,6,12,0.1666666666666666,9753,1,14,4553643.099564746,10.51095890410959,7.0
C-000995260,S-0041,-30.076063908476748,0,3,男性,38,8,12,0.3333333333333333,71736,1,17,4828489.286769263,10.389041095890411,7.0
C-000118409,S-0056,-71.55842052411649,1,3,女性,67,12,12,0.4166666666666667,0,0,15,4406070.585753419,7.528767123287671,4.0
C-001362135,S-0050,-100.0,1,3,男性,64,6,12,0.25,0,0,20,4615411.181286601,9.2013698630137,6.0
C-000208513,S-0079,-100.0,1,3,女性,54,12,12,0.0833333333333333,1432,2,13,4256656.371085242,8.479452054794521,6.0
C-002665953,S-0113,-57.065201056269984,1,3,男性,31,1,12,0.1666666666666666,7526,1,16,4336633.961311346,5.77945205479452,2.5
C-000834371,S-0115,-43.101626679891204,0,3,男性,48,9,12,0.25,7730,1,14,4553643.099564746,10.51095890410959,7.0
C-002312876,S-0097,-100.0,1,3,女性,46,2,12,0.0833333333333333,0,0,21,4592508.716501317,10.09041095890411,7.0
C-002457868,S-0048,-51.55037058027643,1,3,女性,59,2,12,0.0833333333333333,12704,1,15,4502249.082895545,3.671232876712329,1.0
C-002389920,S-0113,-34.220099085944824,0,3,女性,41,2,12,0.3333333333333333,135095,1,16,4336633.961311346,5.77945205479452,2.5
C-002491554,S-0059,-21.992992839295933,0,3,女性,47,1,12,0.3333333333333333,0,0,14,4713188.969095345,6.8123287671232875,3.0
C-000826851,S-0106,-96.47969918080487,1,3,女性,58,9,12,0.1666666666666666,5211,2,20,4462729.145118021,6.171232876712329,3.5
C-000880607,S-0117,-17.758402235181364,0,3,女性,60,9,12,0.25,44468,1,20,4500859.737076383,9.593150684931507,7.0
C-002500323,S-0115,-70.03060884322817,1,3,男性,42,1,12,0.1666666666666666,4053,1,14,4553643.099564746,10.51095890410959,7.0
C-001526578,S-0117,-88.15443788225899,1,3,女性,45,6,12,0.0,1628,2,20,4500859.737076383,9.593150684931507,7.0
C-000839918,S-0079,-81.29687055026422,1,3,女性,40,9,12,0.3333333333333333,11219,1,13,4256656.371085242,8.479452054794521,6.0
C-001206251,S-0097,-20.85411329069775,0,3,女性,43,7,12,0.25,18509,2,21,4592508.716501317,10.09041095890411,7.0
C-000434806,S-0080,-43.35029535264394,0,3,女性,54,11,12,0.1666666666666666,12626,2,17,4457429.264950683,11.673972602739726,9.0
C-000276237,S-0096,-27.347471092293425,0,3,男性,45,11,12,0.5,32390,1,16,4644856.458098179,8.302739726027397,5.0
C-001707622,S-0099,-21.092971954210082,0,3,女性,22,5,12,0.1666666666666666,0,0,13,4464126.154078853,8.147945205479452,5.0
C-000171718,S-0089,-100.0,1,3,女性,38,12,12,0.0833333333333333,663,2,19,4721110.949352573,10.142465753424657,7.0
C-001416233,S-0019,-14.981934613718728,0,3,男性,62,6,12,0.8333333333333334,5945,1,19,4327199.920883598,4.090410958904109,1.0
C-002000419,S-0019,-100.0,1,3,男性,52,4,12,0.0833333333333333,92158,1,19,4327199.920883598,4.090410958904109,1.0
C-001409115,S-0039,-65.38912350254245,1,3,女性,46,6,12,0.4166666666666667,0,0,16,4591288.568998441,8.193150684931506,5.0
C-001975933,S-0036,-46.51755285709559,0,3,女性,45,4,12,0.0,7507,1,19,4397834.424680548,11.123287671232877,9.0
C-001770667,S-0072,-100.0,1,3,男性,62,5,12,0.0,0,0,12,4406797.312641796,9.01917808219178,6.0
C-002140500,S-0020,-48.38791998468828,0,3,男性,54,3,12,0.3333333333333333,25103,1,16,4280702.057267675,6.986301369863014,3.5
C-000201496,S-0054,-100.0,1,3,男性,51,12,12,0.5833333333333334,0,0,23,4489160.181517739,6.358904109589041,4.0
C-001575043,S-0012,-32.352053536281325,0,3,女性,42,6,12,0.4166666666666667,18266,2,16,4444678.825084195,7.994520547945205,5.0
C-002487348,S-0111,-64.91641366104385,1,3,男性,55,1,12,0.0833333333333333,5497,1,19,4489501.980758176,6.397260273972603,4.0
C-002234886,S-0012,-41.5261326470742,0,3,男性,52,3,12,0.3333333333333333,19051,2,16,4444678.825084195,7.994520547945205,5.0
C-001320366,S-0048,-39.634215571465184,0,3,女性,45,7,12,0.0833333333333333,12474,2,15,4502249.082895545,3.671232876712329,1.0
C-002504191,S-0008,-51.771320605220254,1,3,女性,43,1,12,0.5,11389,1,22,4498453.308937302,10.772602739726027,7.0
C-000901040,S-0005,-75.07679345631988,1,3,男性,37,8,12,0.6666666666666666,0,0,21,4733942.970761149,4.69041095890411,2.0
C-000140664,S-0102,-97.84306311342003,1,3,女性,48,12,12,0.0833333333333333,47796,2,16,4383474.364435211,10.484931506849314,7.5
C-000155807,S-0019,-15.24288579754956,0,3,女性,64,12,12,0.0,7466,1,19,4327199.920883598,4.090410958904109,1.0
C-000520140,S-0040,-100.0,1,3,女性,41,10,12,0.3333333333333333,5742,1,20,4550116.0180538,8.163013698630138,4.0
C-000445205,S-0131,-16.93864011965,0,3,男性,43,11,12,0.75,15281,1,17,4569023.5643747775,5.13972602739726,2.0
C-000863516,S-0089,-100.0,1,3,男性,31,9,12,0.5,70034,1,19,4721110.949352573,10.142465753424657,7.0
C-000343653,S-0012,-28.82048348851128,0,3,女性,58,11,12,0.25,35588,1,16,4444678.825084195,7.994520547945205,5.0
C-001191981,S-0007,-65.39095364066091,1,3,女性,42,7,12,0.0833333333333333,0,0,21,4487075.727367008,3.7260273972602738,1.0
C-000740691,S-0080,-100.0,1,3,女性,32,9,12,0.0833333333333333,13952,1,17,4457429.264950683,11.673972602739726,9.0
C-002060951,S-0131,-39.68228613416183,0,3,女性,25,3,12,0.25,0,0,17,4569023.5643747775,5.13972602739726,2.0
C-002636323,S-0113,-31.945950261802107,0,3,女性,16,1,12,0.25,0,0,16,4336633.961311346,5.77945205479452,2.5
C-000470824,S-0054,-37.62443094754885,0,3,女性,58,10,12,0.0833333333333333,0,0,23,4489160.181517739,6.358904109589041,4.0
C-002402026,S-0115,-65.9236762757425,1,3,女性,60,2,12,0.1666666666666666,1816,1,14,4553643.099564746,10.51095890410959,7.0
C-001717888,S-0040,-31.13874345549738,0,3,女性,80,5,12,0.25,12301,1,20,4550116.0180538,8.163013698630138,4.0
C-002388860,S-0074,-74.66273932253313,1,3,女性,44,2,12,0.8333333333333334,7030,2,14,4614054.39694187,8.308219178082192,6.0
C-001416689,S-0020,-100.0,1,3,男性,42,6,12,0.25,33371,1,16,4280702.057267675,6.986301369863014,3.5
C-002352652,S-0115,-31.880906407716836,0,3,女性,63,2,12,0.4166666666666667,6386,1,14,4553643.099564746,10.51095890410959,7.0
C-001635392,S-0054,-16.686374136430956,0,3,男性,44,5,12,0.4166666666666667,81698,1,23,4489160.181517739,6.358904109589041,4.0
C-000499478,S-0102,-100.0,1,3,女性,45,10,12,0.1666666666666666,0,0,16,4383474.364435211,10.484931506849314,7.5
C-002264637,S-0040,-28.234321393611662,0,3,男性,42,2,12,0.0833333333333333,0,0,20,4550116.0180538,8.163013698630138,4.0
C-001233788,S-0113,-100.0,1,3,男性,70,7,12,0.6666666666666666,4727,1,16,4336633.961311346,5.77945205479452,2.5
C-001513100,S-0121,-94.16871603231142,1,3,男性,52,6,12,0.25,4164,1,14,4716268.25678644,9.856164383561644,7.0
C-002172886,S-0079,-38.332823370514255,0,3,女性,36,3,12,0.1666666666666666,3350,2,13,4256656.371085242,8.479452054794521,6.0
C-002690193,S-0102,-32.972249194441176,0,3,女性,33,1,12,0.0833333333333333,18303,1,16,4383474.364435211,10.484931506849314,7.5
C-001552264,S-0121,-100.0,1,3,男性,37,6,12,0.1666666666666666,0,0,14,4716268.25678644,9.856164383561644,7.0
C-000154407,S-0115,-100.0,1,3,男性,46,12,12,0.3333333333333333,0,0,14,4553643.099564746,10.51095890410959,7.0
C-000155570,S-0040,-100.0,1,3,男性,31,12,12,0.0833333333333333,11583,1,20,4550116.0180538,8.163013698630138,4.0
C-002178948,S-0131,-40.50636874540151,0,3,男性,49,3,12,0.5833333333333334,0,0,17,4569023.5643747775,5.13972602739726,2.0
C-001549670,S-0100,-32.55847678384403,0,3,男性,51,6,12,0.3333333333333333,28301,2,17,4535925.154217558,4.720547945205479,2.0
C-001964718,S-0096,-56.4065883295946,1,3,男性,59,4,12,0.4166666666666667,11430,1,16,4644856.458098179,8.302739726027397,5.0
C-002395653,S-0004,-71.33108992335015,1,3,男性,64,2,12,0.25,0,0,22,4423576.351309,11.806849315068494,9.0
C-000749617,S-0080,-37.49678142123404,0,3,女性,37,9,12,0.25,7879,1,17,4457429.264950683,11.673972602739726,9.0
C-002684339,S-0074,-69.62167082906613,1,3,女性,31,1,12,0.25,25551,1,14,4614054.39694187,8.308219178082192,6.0
C-001217161,S-0017,-23.675129719952103,0,3,女性,70,7,12,0.1666666666666666,37627,1,20,4640207.03550726,5.608219178082192,2.5
C-000530709,S-0048,-86.39321278354963,1,3,女性,32,10,12,0.5,4224,1,15,4502249.082895545,3.671232876712329,1.0
C-000466300,S-0117,-100.0,1,3,男性,57,10,12,0.25,0,0,20,4500859.737076383,9.593150684931507,7.0
C-002364073,S-0097,-100.0,1,3,女性,54,2,12,0.1666666666666666,0,0,21,4592508.716501317,10.09041095890411,7.0
C-002007562,S-0007,-100.0,1,3,女性,41,4,12,0.3333333333333333,0,0,21,4487075.727367008,3.7260273972602738,1.0
C-001349119,S-0102,-46.87172369871696,0,3,女性,34,7,12,0.1666666666666666,0,0,16,4383474.364435211,10.484931506849314,7.5
C-001856403,S-0040,-26.970325229731824,0,3,女性,57,4,12,0.0833333333333333,4970,1,20,4550116.0180538,8.163013698630138,4.0
C-001981602,S-0080,-46.074016974267764,0,3,女性,41,4,12,0.4166666666666667,0,0,17,4457429.264950683,11.673972602739726,9.0
C-001273419,S-0079,-44.78840011614402,0,3,女性,74,7,12,0.1666666666666666,99137,1,13,4256656.371085242,8.479452054794521,6.0
C-000098128,S-0102,-3.6387777594570903,0,3,男性,22,12,12,1.0,0,0,16,4383474.364435211,10.484931506849314,7.5
C-000324606,S-0059,-60.60620616773945,1,3,男性,34,11,12,0.5,0,0,14,4713188.969095345,6.8123287671232875,3.0
C-001561044,S-0117,-41.80179090029041,0,3,女性,41,6,12,0.3333333333333333,0,0,20,4500859.737076383,9.593150684931507,7.0
C-002536220,S-0115,-73.94479063928988,1,3,男性,38,1,12,0.0,0,0,14,4553643.099564746,10.51095890410959,7.0
C-002542814,S-0012,-60.8619920454869,1,3,男性,47,1,12,0.25,3736,1,16,4444678.825084195,7.994520547945205,5.0
C-000053411,S-0121,-58.38691469519976,1,3,男性,35,12,12,0.3333333333333333,1641,1,14,4716268.25678644,9.856164383561644,7.0
C-002109403,S-0039,-53.27670138282811,1,3,男性,33,3,12,0.3333333333333333,47320,1,16,4591288.568998441,8.193150684931506,5.0
C-000400711,S-0113,-100.0,1,3,男性,50,11,12,0.1666666666666666,0,0,16,4336633.961311346,5.77945205479452,2.5
C-000780287,S-0040,-19.239923942236224,0,3,女性,33,9,12,0.0,74274,2,20,4550116.0180538,8.163013698630138,4.0
C-001492462,S-0102,-43.94988015821089,0,3,男性,52,6,12,0.25,0,0,16,4383474.364435211,10.484931506849314,7.5
C-002061236,S-0111,-26.6423469450264,0,3,女性,58,3,12,0.0,21080,1,19,4489501.980758176,6.397260273972603,4.0
C-000052126,S-0059,-44.402245376087144,0,3,女性,63,12,12,0.5,0,0,14,4713188.969095345,6.8123287671232875,3.0
C-000186073,S-0002,-100.0,1,3,男性,36,12,12,0.5833333333333334,0,0,15,4455566.655169959,5.663013698630137,2.0
C-001639447,S-0007,-37.99547150599222,0,3,男性,45,5,12,0.3333333333333333,0,0,21,4487075.727367008,3.7260273972602738,1.0
C-000301223,S-0007,-87.19090370031313,1,3,女性,54,11,12,0.25,2938,1,21,4487075.727367008,3.7260273972602738,1.0
C-001924831,S-0085,-22.033207739003018,0,3,男性,47,4,12,0.3333333333333333,0,0,15,4606655.398026554,4.928767123287671,2.0
C-001377777,S-0089,-67.82187558965973,1,3,女性,69,6,12,0.25,0,0,19,4721110.949352573,10.142465753424657,7.0
C-000750111,S-0017,-85.88819143316914,1,3,女性,52,9,12,0.8333333333333334,0,0,20,4640207.03550726,5.608219178082192,2.5
C-000853566,S-0117,-100.0,1,3,女性,57,9,12,0.0833333333333333,13746,1,20,4500859.737076383,9.593150684931507,7.0
C-002328012,S-0030,-22.268610763332376,0,3,男性,46,2,12,0.3333333333333333,14322,1,22,4426478.045479023,9.236986301369862,5.5
C-001364903,S-0041,-100.0,1,3,男性,66,6,12,0.3333333333333333,8761,1,17,4828489.286769263,10.389041095890411,7.0
C-000837991,S-0075,-69.59899321038485,1,3,女性,70,9,12,0.25,0,0,19,4506647.2743158825,4.526027397260274,1.0
C-002539631,S-0075,-34.43380989676672,0,3,男性,69,1,12,0.1666666666666666,0,0,19,4506647.2743158825,4.526027397260274,1.0
C-001118995,S-0054,-36.696645166678685,0,3,女性,41,8,12,0.0833333333333333,3901,1,23,4489160.181517739,6.358904109589041,4.0
C-002410644,S-0080,-98.84646111677633,1,3,女性,76,2,12,0.0833333333333333,40813,2,17,4457429.264950683,11.673972602739726,9.0
C-001683632,S-0117,-21.765298319151796,0,3,男性,52,5,12,0.6666666666666666,35544,1,20,4500859.737076383,9.593150684931507,7.0
C-001266267,S-0002,-100.0,1,3,女性,40,7,12,0.25,55704,1,15,4455566.655169959,5.663013698630137,2.0
C-001867307,S-0096,-76.27897826015673,1,3,男性,43,4,12,0.0,8165,1,16,4644856.458098179,8.302739726027397,5.0
C-002050803,S-0054,-100.0,1,3,女性,60,3,12,0.3333333333333333,5592,2,23,4489160.181517739,6.358904109589041,4.0
C-002547402,S-0017,-100.0,1,3,男性,69,1,12,0.25,10657,2,20,4640207.03550726,5.608219178082192,2.5
C-001983841,S-0074,-100.0,1,3,男性,68,4,12,0.25,8309,2,14,4614054.39694187,8.308219178082192,6.0
C-001187782,S-0121,-31.69448720879315,0,3,女性,53,7,12,0.1666666666666666,7031,1,14,4716268.25678644,9.856164383561644,7.0
C-000164162,S-0089,-100.0,1,3,男性,80,12,12,0.1666666666666666,7943,2,19,4721110.949352573,10.142465753424657,7.0
C-001302539,S-0099,-25.552290585235145,0,3,男性,50,7,12,0.3333333333333333,0,0,13,4464126.154078853,8.147945205479452,5.0
C-000763524,S-0074,-95.49417850284587,1,3,女性,41,9,12,0.1666666666666666,44685,2,14,4614054.39694187,8.308219178082192,6.0
C-001311114,S-0056,-20.225544260331933,0,3,男性,23,7,12,0.1666666666666666,2769,1,15,4406070.585753419,7.528767123287671,4.0
C-002426572,S-0089,-41.18299204382418,0,3,男性,48,2,12,0.3333333333333333,119133,2,19,4721110.949352573,10.142465753424657,7.0
C-002691790,S-0117,-100.0,1,3,男性,49,1,12,0.1666666666666666,0,0,20,4500859.737076383,9.593150684931507,7.0
C-000475119,S-0036,-17.807509596185433,0,3,男性,31,10,12,0.0833333333333333,0,0,19,4397834.424680548,11.123287671232877,9.0
C-001298400,S-0036,-40.41577092706279,0,3,男性,13,7,12,0.0833333333333333,0,0,19,4397834.424680548,11.123287671232877,9.0
C-001397639,S-0115,-100.0,1,3,女性,37,6,12,0.3333333333333333,1318,2,14,4553643.099564746,10.51095890410959,7.0
C-000943417,S-0115,-100.0,1,3,女性,51,8,12,0.4166666666666667,5639,1,14,4553643.099564746,10.51095890410959,7.0
C-001468464,S-0115,-51.4987557099425,1,3,女性,56,6,12,0.3333333333333333,15790,2,14,4553643.099564746,10.51095890410959,7.0
C-002083243,S-0113,-33.91076078640565,0,3,男性,43,3,12,0.25,32039,2,16,4336633.961311346,5.77945205479452,2.5
C-001873483,S-0074,-81.36050209676058,1,3,男性,47,4,12,0.0833333333333333,13729,1,14,4614054.39694187,8.308219178082192,6.0
C-001248733,S-0036,-100.0,1,3,女性,52,7,12,0.1666666666666666,0,0,19,4397834.424680548,11.123287671232877,9.0
C-001585228,S-0082,-100.0,1,3,女性,78,5,12,0.25,0,0,17,4607261.71451126,4.758904109589041,2.0
C-000925491,S-0096,-73.07596112619694,1,3,女性,63,8,12,0.3333333333333333,0,0,16,4644856.458098179,8.302739726027397,5.0
C-001988952,S-0036,-64.45738744107926,1,3,女性,60,4,12,0.0833333333333333,50109,1,19,4397834.424680548,11.123287671232877,9.0
C-002073521,S-0072,-100.0,1,3,女性,36,3,12,0.25,2208,1,12,4406797.312641796,9.01917808219178,6.0
C-002192550,S-0004,-59.70542923284158,1,3,男性,56,3,12,0.3333333333333333,182268,2,22,4423576.351309,11.806849315068494,9.0
C-002619587,S-0102,-100.0,1,3,男性,34,1,12,0.5,58041,1,16,4383474.364435211,10.484931506849314,7.5
C-001772516,S-0040,-86.2589991290521,1,3,男性,50,5,12,0.4166666666666667,1373,1,20,4550116.0180538,8.163013698630138,4.0
C-001722845,S-0019,-11.866804022731303,0,3,男性,39,5,12,0.5,0,0,19,4327199.920883598,4.090410958904109,1.0
C-001439407,S-0096,-63.26490336734179,1,3,女性,57,6,12,0.1666666666666666,10742,2,16,4644856.458098179,8.302739726027397,5.0
C-001024648,S-0050,-4.951816931538535,0,3,女性,49,8,12,0.9166666666666666,17556,1,20,4615411.181286601,9.2013698630137,6.0
C-001973463,S-0014,-31.75970480440799,0,3,男性,60,4,12,0.4166666666666667,19800,1,21,4730192.353344672,7.336986301369863,4.0
C-002197946,S-0018,-50.359735545760955,1,3,女性,43,3,12,0.1666666666666666,0,0,16,4493108.581950108,7.550684931506849,5.0
C-001112812,S-0005,0.15637986520607086,0,3,男性,37,8,12,0.5833333333333334,0,0,21,4733942.970761149,4.69041095890411,2.0
C-002152645,S-0063,-32.123694758930924,0,3,男性,56,3,12,0.75,15640,1,18,4564012.176421695,5.749315068493151,3.0
C-001413318,S-0002,-38.5390873717722,0,3,女性,53,6,12,0.5833333333333334,0,0,15,4455566.655169959,5.663013698630137,2.0
C-002137293,S-0074,-100.0,1,3,男性,37,3,12,0.1666666666666666,0,0,14,4614054.39694187,8.308219178082192,6.0
C-001693262,S-0063,-77.39204064352244,1,3,女性,50,5,12,0.1666666666666666,4594,2,18,4564012.176421695,5.749315068493151,3.0
C-000443288,S-0005,-100.0,1,3,男性,54,11,12,0.25,0,0,21,4733942.970761149,4.69041095890411,2.0
C-001729046,S-0096,-100.0,1,3,女性,55,5,12,0.25,5950,1,16,4644856.458098179,8.302739726027397,5.0
C-000331196,S-0074,-34.058944384318,0,3,女性,56,11,12,0.3333333333333333,0,0,14,4614054.39694187,8.308219178082192,6.0
C-001444981,S-0041,-77.67459023955226,1,3,女性,56,6,12,0.3333333333333333,21252,1,17,4828489.286769263,10.389041095890411,7.0
C-000382536,S-0085,-21.72437178010863,0,3,男性,35,11,12,0.1666666666666666,3777,1,15,4606655.398026554,4.928767123287671,2.0
C-001379430,S-0039,-83.93526024487058,1,3,男性,44,6,12,0.25,0,0,16,4591288.568998441,8.193150684931506,5.0
C-000929357,S-0100,-85.9766167473633,1,3,男性,36,8,12,0.25,0,0,17,4535925.154217558,4.720547945205479,2.0
C-000197470,S-0115,-16.9706793393135,0,3,男性,48,12,12,0.25,17375,2,14,4553643.099564746,10.51095890410959,7.0
C-000508782,S-0050,-16.899265847197896,0,3,男性,41,10,12,0.1666666666666666,3536,1,20,4615411.181286601,9.2013698630137,6.0
C-000722953,S-0074,-100.0,1,3,女性,27,9,12,0.1666666666666666,0,0,14,4614054.39694187,8.308219178082192,6.0
C-001142148,S-0117,-50.40554589803057,1,3,男性,35,7,12,0.75,0,0,20,4500859.737076383,9.593150684931507,7.0
C-000007959,S-0080,-35.62496224249381,0,3,男性,52,12,12,0.4166666666666667,7713,2,17,4457429.264950683,11.673972602739726,9.0
C-000799419,S-0040,-88.21033727118449,1,3,女性,57,9,12,0.25,49852,1,20,4550116.0180538,8.163013698630138,4.0
C-002652356,S-0115,-100.0,1,3,男性,69,1,12,0.0,70505,1,14,4553643.099564746,10.51095890410959,7.0
C-000822739,S-0007,-61.926880654356175,1,3,女性,54,9,12,0.3333333333333333,4887,2,21,4487075.727367008,3.7260273972602738,1.0
C-001632737,S-0097,-100.0,1,3,女性,57,5,12,0.25,30109,1,21,4592508.716501317,10.09041095890411,7.0
C-001990111,S-0004,-100.0,1,3,女性,50,4,12,0.4166666666666667,8349,1,22,4423576.351309,11.806849315068494,9.0
C-001490956,S-0004,-47.881657256582685,0,3,女性,24,6,12,0.1666666666666666,0,0,22,4423576.351309,11.806849315068494,9.0
C-002322289,S-0121,-30.898733812119637,0,3,女性,42,2,12,0.25,3237,2,14,4716268.25678644,9.856164383561644,7.0
C-000451017,S-0113,-100.0,1,3,男性,40,11,12,0.0833333333333333,0,0,16,4336633.961311346,5.77945205479452,2.5
C-000850686,S-0012,-79.92606561506464,1,3,男性,57,9,12,0.3333333333333333,4922,1,16,4444678.825084195,7.994520547945205,5.0
C-000303882,S-0097,-100.0,1,3,女性,56,11,12,0.4166666666666667,0,0,21,4592508.716501317,10.09041095890411,7.0
C-000698119,S-0097,-38.10570553113154,0,3,女性,21,9,12,0.1666666666666666,5772,1,21,4592508.716501317,10.09041095890411,7.0
C-000566954,S-0012,-43.70820373613326,0,3,女性,50,10,12,0.1666666666666666,2433,2,16,4444678.825084195,7.994520547945205,5.0
C-001064134,S-0018,-34.24594991745632,0,3,女性,37,8,12,0.3333333333333333,0,0,16,4493108.581950108,7.550684931506849,5.0
C-001439115,S-0131,-15.15048561519128,0,3,女性,36,6,12,0.1666666666666666,3373,2,17,4569023.5643747775,5.13972602739726,2.0
C-000610434,S-0096,-76.41534242458394,1,3,女性,46,10,12,0.4166666666666667,1921,2,16,4644856.458098179,8.302739726027397,5.0
C-000871456,S-0002,-24.642330146917303,0,3,女性,53,9,12,0.0833333333333333,2133,2,15,4455566.655169959,5.663013698630137,2.0
C-000957505,S-0074,-34.0494603368536,0,3,男性,43,8,12,0.1666666666666666,2273,1,14,4614054.39694187,8.308219178082192,6.0
C-002635881,S-0012,-85.16356322420685,1,3,女性,52,1,12,0.0833333333333333,44312,2,16,4444678.825084195,7.994520547945205,5.0
C-000712573,S-0048,-72.30024987998375,1,3,女性,42,9,12,0.0833333333333333,0,0,15,4502249.082895545,3.671232876712329,1.0
C-002426870,S-0097,-100.0,1,3,男性,58,2,12,0.1666666666666666,0,0,21,4592508.716501317,10.09041095890411,7.0
C-001708049,S-0063,-40.967496774421605,0,3,女性,43,5,12,0.0833333333333333,4684,1,18,4564012.176421695,5.749315068493151,3.0
C-002663850,S-0030,-37.166850766137024,0,3,女性,52,1,12,0.8333333333333334,28709,1,22,4426478.045479023,9.236986301369862,5.5
C-001685337,S-0018,-40.831969498048664,0,3,男性,41,5,12,0.1666666666666666,1605,2,16,4493108.581950108,7.550684931506849,5.0
C-002083954,S-0018,-100.0,1,3,女性,61,3,12,0.3333333333333333,0,0,16,4493108.581950108,7.550684931506849,5.0
C-001448560,S-0036,-52.90604129401084,1,3,女性,37,6,12,0.0833333333333333,7651,2,19,4397834.424680548,11.123287671232877,9.0
C-000872445,S-0004,-39.190581432061016,0,3,女性,66,9,12,0.4166666666666667,0,0,22,4423576.351309,11.806849315068494,9.0
C-000821194,S-0082,-35.10179588857201,0,3,女性,47,9,12,0.3333333333333333,6766,1,17,4607261.71451126,4.758904109589041,2.0
C-002077863,S-0030,-46.83026029140681,0,3,男性,58,3,12,0.0833333333333333,0,0,22,4426478.045479023,9.236986301369862,5.5
C-001534575,S-0036,-78.13080296585058,1,3,女性,47,6,12,0.3333333333333333,41545,1,19,4397834.424680548,11.123287671232877,9.0
C-001532142,S-0115,-100.0,1,3,女性,58,6,12,0.1666666666666666,16977,2,14,4553643.099564746,10.51095890410959,7.0
C-000065688,S-0012,-52.3967624883665,1,3,女性,44,12,12,0.3333333333333333,0,0,16,4444678.825084195,7.994520547945205,5.0
C-000536999,S-0019,-100.0,1,3,男性,54,10,12,0.25,8289,1,19,4327199.920883598,4.090410958904109,1.0
C-000229569,S-0007,-42.858276464053326,0,3,男性,31,11,12,0.0,0,0,21,4487075.727367008,3.7260273972602738,1.0
C-000285975,S-0017,-18.484631108857812,0,3,男性,55,11,12,0.1666666666666666,0,0,20,4640207.03550726,5.608219178082192,2.5
C-001019649,S-0036,-39.72245811122821,0,3,男性,52,8,12,0.1666666666666666,33438,2,19,4397834.424680548,11.123287671232877,9.0
C-002171730,S-0096,-64.38558914987938,1,3,女性,46,3,12,0.5,0,0,16,4644856.458098179,8.302739726027397,5.0
C-000350817,S-0113,-56.66510647025722,1,3,男性,50,11,12,0.1666666666666666,107786,1,16,4336633.961311346,5.77945205479452,2.5
C-002549693,S-0082,-8.10169446451287,0,3,女性,43,1,12,0.3333333333333333,6197,1,17,4607261.71451126,4.758904109589041,2.0
C-001777028,S-0012,-37.645357973474134,0,3,男性,60,5,12,0.4166666666666667,13055,1,16,4444678.825084195,7.994520547945205,5.0
C-001544952,S-0080,-96.37894547255617,1,3,男性,46,6,12,0.3333333333333333,1656,2,17,4457429.264950683,11.673972602739726,9.0
C-002258665,S-0121,-63.43167920646997,1,3,男性,36,2,12,0.25,77323,1,14,4716268.25678644,9.856164383561644,7.0
C-000796019,S-0004,-32.12491859064873,0,3,女性,51,9,12,0.4166666666666667,7869,1,22,4423576.351309,11.806849315068494,9.0
C-002503980,S-0012,-96.53049208702498,1,3,女性,58,1,12,0.1666666666666666,0,0,16,4444678.825084195,7.994520547945205,5.0
C-000236030,S-0080,-26.743472273214735,0,3,女性,47,11,12,0.1666666666666666,35356,2,17,4457429.264950683,11.673972602739726,9.0
C-002627684,S-0089,-27.257759142257715,0,3,男性,47,1,12,0.1666666666666666,78579,1,19,4721110.949352573,10.142465753424657,7.0
C-001623157,S-0007,-75.291499613786,1,3,女性,34,5,12,0.5833333333333334,0,0,21,4487075.727367008,3.7260273972602738,1.0
C-001625939,S-0050,-61.75104558128258,1,3,女性,50,5,12,0.1666666666666666,3667,1,20,4615411.181286601,9.2013698630137,6.0
C-001844445,S-0017,-100.0,1,3,女性,22,4,12,0.3333333333333333,15860,2,20,4640207.03550726,5.608219178082192,2.5
C-000884003,S-0079,-98.56847463018929,1,3,男性,55,9,12,0.4166666666666667,3600,2,13,4256656.371085242,8.479452054794521,6.0
C-000197725,S-0036,-17.190605569976793,0,3,女性,48,12,12,0.1666666666666666,20046,1,19,4397834.424680548,11.123287671232877,9.0
